1.2183
1.1427
1.1573
1.2422
1.392
1.5854
1.8371
2.1384
2.4727
2.7352
2.8358
2.7515
2.4908
2.0768
1.5822
1.0763
0.64868
0.35854
0.19246
0.12914
0.17838
0.30189
0.48463
0.73583
1.0118
1.2655
1.4611
1.5656
1.541
1.4079
1.199
0.95769
0.74287
0.57673
0.47371
0.4193
0.42899
0.5168
0.67701
0.89646
1.1362
1.3574
1.5151
1.6062
1.638
1.6096
1.5383
1.4511
1.3636
1.2798
1.2134
1.173
1.1548
1.1416
1.1284
1.0824
0.99149
0.8725
0.74416
0.62221
0.51601
0.45046
0.41225
0.42277
0.4937
0.63328
0.82888
1.0401
1.2398
1.3753
1.4374
1.4284
1.3797
1.3066
1.2229
1.1643
1.1235
1.1141
1.1434
1.2163
1.3078
1.4077
1.5103
1.5851
1.6197
1.601
1.5229
1.3716
1.1633
0.93584
0.71801
0.53348
0.40097
0.33148
0.3213
0.37777
0.48804
0.62166
0.75043
0.85454
0.9251
0.9426
0.92277
0.8781
0.81747
0.73773
0.66127
0.6186
0.61366
0.67643
0.78797
0.91125
1.0296
1.1483
1.2598
1.3441
1.4065
1.4313
1.4243
1.4016
1.3807
1.3665
1.3649
1.3907
1.44
1.5037
1.5714
1.6517
1.7313
1.7963
1.8224
1.7778
1.6453
1.4341
1.1841
0.91589
0.66232
0.45292
0.30765
0.2313
0.21511
0.26502
0.34531
0.44871
0.56217
0.68782
0.79358
0.86464
0.89972
0.86183
0.78255
0.6812
0.5957
0.51157
0.43344
0.35734
0.2948
0.26908
0.2733
0.33566
0.44889
0.62018
0.84525
1.0768
1.2539
1.3382
1.3254
1.2651
1.1395
0.96286
0.74657
0.57199
0.48781
0.49079
0.54731
0.60203
0.68092
0.79802
0.96673
1.1357
1.2647
1.3402
1.3646
1.312
1.2219
1.1454
1.0751
1.0027
0.92459
0.84273
0.76876
0.80349
0.90957
1.0604
1.2535
1.4845
1.7335
1.9908
2.2177
2.2979
2.2349
2.0187
1.7624
1.5115
1.2851
1.0927
0.94994
0.85748
0.80525
0.8082
0.86581
0.97256
1.1336
1.337
1.5636
1.7822
1.9621
2.071
2.045
1.8862
1.6254
1.3085
1.035
0.85736
0.78015
0.77585
0.79579
0.80771
0.86865
1.0139
1.161
1.2806
1.3627
1.4022
1.4053
1.3954
1.3577
1.2827
1.1742
1.0421
0.91535
0.80979
0.72623
0.76717
0.86605
0.98
1.1009
1.2155
1.3127
1.4061
1.5122
1.5396
1.5182
1.4714
1.4214
1.3987
1.4081
1.4404
1.4798
1.5247
1.5532
1.564
1.5681
1.5665
1.5593
1.533
1.4906
1.4148
1.313
1.2004
1.0815
0.97027
0.8738
0.82972
0.82164
0.84105
0.87242
0.90417
0.93007
0.94474
0.92748
0.8514
0.74355
0.62701
0.53019
0.44131
0.3648
0.29843
0.25956
0.27279
0.33726
0.46788
0.65023
0.88699
1.1467
1.3847
1.5559
1.6349
1.6133
1.4763
1.2608
1.0032
0.75549
0.55175
0.41981
0.34315
0.30887
0.2962
0.39004
0.58699
0.84742
1.1375
1.4094
1.6302
1.7853
1.8816
1.8252
1.6318
1.4159
1.2047
1.015
0.84462
0.69341
0.59172
0.56837
0.62987
0.69249
0.76738
0.86646
1.0088
1.1825
1.3339
1.4361
1.4552
1.3924
1.2489
1.0512
0.84983
0.67394
0.53473
0.41755
0.36541
0.39541
0.51159
0.68846
0.88128
1.0761
1.2624
1.44
1.5701
1.6444
1.6446
1.5847
1.4769
1.3185
1.1251
0.93897
0.77293
0.6165
0.51818
0.50709
0.58743
0.75549
1.0042
1.2819
1.5358
1.7569
1.8938
1.9011
1.7743
1.5523
1.3322
1.1305
0.94553
0.76654
0.60108
0.4728
0.39771
0.37531
0.35055
0.34809
0.40073
0.5148
0.66034
0.8002
0.89772
0.9273
0.88738
0.78349
0.63361
0.47966
0.37031
0.3051
0.29326
0.33882
0.4347
0.5713
0.73313
0.88767
0.99031
1.0455
1.0676
1.0685
1.0611
1.0465
1.0401
1.0279
1.0003
0.95226
0.88302
0.80234
0.71626
0.64263
0.58164
0.54545
0.55424
0.62139
0.74123
0.89617
1.0705
1.228
1.3567
1.457
1.5252
1.528
1.4677
1.3608
1.221
1.077
0.94014
0.82574
0.73638
0.71042
0.75433
0.85624
0.99191
1.1501
1.3214
1.4681
1.5869
1.6469
1.632
1.5379
1.3905
1.2166
1.0314
0.87677
0.77227
0.73376
0.77259
0.91338
1.1483
1.4426
1.7564
2.0301
2.2115
2.2774
2.2218
2.0297
1.7203
1.3609
1.034
0.76128
0.57298
0.509
0.53762
0.64875
0.84111
1.0899
1.3445
1.597
1.8209
1.9503
1.9831
1.9108
1.7437
1.4889
1.221
0.97192
0.73555
0.57637
0.50157
0.5159
0.61076
0.78322
0.97485
1.1548
1.3078
1.356
1.3004
1.2081
1.1117
1.0075
0.89751
0.80312
0.73041
0.67537
0.70744
0.78918
0.89904
1.0391
1.208
1.3906
1.5773
1.7474
1.8162
1.7503
1.6083
1.4974
1.4268
1.3842
1.3543
1.3336
1.301
1.2773
1.32
1.3417
1.3398
1.3287
1.3391
1.403
1.5261
1.667
1.6954
1.6058
1.4379
1.2481
1.0223
0.76272
0.51777
0.33994
0.22827
0.18048
0.17664
0.19149
0.25639
0.39332
0.59426
0.81415
1.0252
1.1729
1.2226
1.1638
1.0502
0.87949
0.67503
0.48204
0.32055
0.23292
0.21784
0.26878
0.33015
0.42259
0.54297
0.6721
0.81306
0.92008
0.9834
0.98675
0.94032
0.86254
0.7847
0.74622
0.73124
0.74614
0.77843
0.83032
0.88611
0.94577
0.98243
0.99366
1.0087
1.051
1.1403
1.2483
1.3596
1.4389
1.4678
1.4407
1.3596
1.2438
1.1154
1.0307
1.005
1.0444
1.1535
1.3171
1.5161
1.71
1.8927
2.0171
2.0581
1.9914
1.8199
1.6393
1.4524
1.2294
0.97984
0.77581
0.6394
0.60055
0.67402
0.7698
0.90543
1.1143
1.3509
1.5309
1.6346
1.6455
1.5516
1.3858
1.1678
0.94021
0.74327
0.59664
0.50899
0.48859
0.55306
0.6746
0.82594
0.98643
1.1352
1.2536
1.3342
1.3734
1.3607
1.3035
1.2247
1.1536
1.0974
1.0845
1.1164
1.1755
1.2467
1.3139
1.3624
1.3492
1.2709
1.1197
0.91844
0.72818
0.56585
0.44178
0.35786
0.30026
0.29394
0.36928
0.51044
0.69575
0.91887
1.1545
1.3664
1.5461
1.6341
1.5845
1.4153
1.1688
0.8821
0.60673
0.38597
0.23361
0.1421
0.14551
0.232
0.37625
0.59047
0.8746
1.1896
1.4722
1.6925
1.7877
1.7392
1.5535
1.329
1.0775
0.81262
0.62306
0.50532
0.47349
0.53831
0.71246
0.90805
1.1224
1.3434
1.483
1.5203
1.4588
1.3336
1.1582
0.98967
0.84552
0.73153
0.64393
0.59192
0.57086
0.54782
0.52007
0.48161
0.44083
0.40257
0.37734
0.35305
0.31131
0.28575
0.27312
0.25341
0.25012
0.26592
0.29972
0.35425
0.44084
0.53381
0.61209
0.67094
0.69787
0.71324
0.73
0.76364
0.81363
0.85701
0.87732
0.87985
0.84196
0.77241
0.69685
0.64042
0.61516
0.63416
0.72515
0.87573
1.0837
1.306
1.4943
1.5984
1.593
1.5062
1.3356
1.117
0.92208
0.76574
0.63859
0.53256
0.4803
0.50772
0.61767
0.77903
0.92958
1.0557
1.1653
1.2598
1.3018
1.2309
1.0881
0.93196
0.78225
0.64668
0.52045
0.41614
0.37317
0.40022
0.4811
0.572
0.67478
0.79091
0.91356
1.0144
1.0487
1.0115
0.91434
0.81492
0.70883
0.60614
0.51528
0.43557
0.43401
0.51376
0.66082
0.84347
1.0642
1.2996
1.5274
1.7278
1.8192
1.7982
1.6703
1.4479
1.1534
0.87085
0.63767
0.46417
0.39217
0.41686
0.50282
0.62585
0.7831
0.91049
0.98512
1.0041
0.9329
0.79305
0.62615
0.49275
0.39817
0.35593
0.36749
0.43734
0.56467
0.74179
0.97392
1.2177
1.4469
1.6295
1.7562
1.8151
1.8144
1.7632
1.649
1.4865
1.2995
1.1213
0.9545
0.82051
0.7309
0.69597
0.71233
0.78275
0.89831
1.0289
1.1658
1.2778
1.3369
1.3174
1.2278
1.0794
0.88412
0.69364
0.53786
0.43351
0.36736
0.33346
0.32498
0.33755
0.40278
0.50837
0.65883
0.8402
1.056
1.2759
1.448
1.5346
1.5146
1.3972
1.2057
0.96732
0.71698
0.5009
0.35916
0.30677
0.3413
0.43554
0.57228
0.74504
0.92202
1.065
1.1573
1.1885
1.1423
1.0401
0.87961
0.7259
0.58383
0.4967
0.48221
0.54082
0.67687
0.87101
1.1087
1.3161
1.4971
1.5957
1.5892
1.4852
1.3011
1.0676
0.84319
0.66598
0.53843
0.45301
0.39432
0.34686
0.33068
0.38634
0.49754
0.63581
0.79422
0.96673
1.1424
1.2985
1.4019
1.4161
1.337
1.2122
1.0694
0.94731
0.86228
0.84712
0.89915
1.0128
1.1858
1.3931
1.5974
1.7566
1.85
1.8397
1.7153
1.4929
1.2541
1.0047
0.76023
0.58928
0.51422
0.54044
0.67462
0.90284
1.1431
1.3804
1.6098
1.7461
1.7503
1.6291
1.4481
1.2811
1.1484
1.0531
0.97042
0.89791
0.82999
0.90914
1.0728
1.2588
1.4466
1.6206
1.779
1.9364
2.0926
2.0961
1.947
1.6723
1.3363
1.0268
0.76249
0.57249
0.48317
0.50071
0.61823
0.81263
1.0321
1.2221
1.3766
1.441
1.3821
1.2134
1.0052
0.79715
0.6201
0.47879
0.3699
0.32611
0.37077
0.49049
0.63263
0.79662
0.97509
1.1517
1.3054
1.3859
1.3565
1.215
1.0219
0.81258
0.62034
0.45369
0.34825
0.34672
0.46029
0.70187
1.0268
1.3774
1.6974
1.9482
2.0717
2.0263
1.8347
1.5696
1.285
1.0179
0.7982
0.63787
0.53312
0.48059
0.52264
0.59263
0.68099
0.81191
0.9778
1.1759
1.3822
1.553
1.5915
1.4921
1.3561
1.1754
0.95632
0.72494
0.56078
0.48213
0.49604
0.60079
0.69457
0.79953
0.9377
1.0993
1.204
1.2513
1.2417
1.1568
1.0583
0.97272
0.88377
0.78687
0.68913
0.59204
0.52069
0.56849
0.67906
0.81915
0.99036
1.2007
1.4354
1.6801
1.8925
1.998
1.9945
1.8774
1.6743
1.3891
1.1027
0.843
0.63279
0.51684
0.4897
0.56203
0.71942
0.96699
1.252
1.5529
1.83
1.9953
2.0376
1.9444
1.7425
1.5164
1.2909
1.067
0.8584
0.67689
0.52795
0.46076
0.47804
0.5232
0.58207
0.67305
0.80591
0.97879
1.1606
1.2785
1.2948
1.2841
1.2912
1.2846
1.2419
1.1766
1.1103
1.0617
1.0539
0.99722
0.95945
0.97089
1.0452
1.1572
1.2928
1.421
1.5276
1.5991
1.5372
1.3434
1.086
0.83188
0.6133
0.44778
0.38849
0.43035
0.54261
0.71552
0.896
1.0437
1.1462
1.2236
1.2337
1.2049
1.1792
1.1675
1.1692
1.1854
1.2101
1.2353
1.2525
1.28
1.3111
1.3677
1.4551
1.5532
1.6277
1.6499
1.6112
1.4954
1.3342
1.165
1.0422
1.0131
1.0914
1.2826
1.5455
1.8296
2.085
2.2749
2.3506
2.3074
2.1714
1.9646
1.7165
1.4776
1.2623
1.0714
0.92909
0.82075
0.7549
0.72992
0.74846
0.77664
0.7817
0.76117
0.69961
0.62749
0.54895
0.47675
0.45956
0.51746
0.67963
0.91448
1.1837
1.4097
1.5486
1.5833
1.4981
1.3247
1.087
0.84002
0.67341
0.60899
0.62655
0.68564
0.746
0.77085
0.76522
0.79131
0.82995
0.89931
1.0177
1.1927
1.418
1.6793
1.9364
2.1081
2.135
2.0044
1.837
1.697
1.5855
1.4786
1.347
1.1815
1.1415
1.2052
1.2523
1.2442
1.2077
1.1924
1.2469
1.3627
1.3878
1.3307
1.2447
1.1862
1.1307
1.0531
0.94768
0.81664
0.77651
0.83196
0.91366
0.95467
0.97116
0.98906
1.0374
1.134
1.152
1.1058
1.0017
0.9309
0.93855
0.99818
1.0518
1.0597
1.0167
1.0481
1.2132
1.421
1.6236
1.826
2.0486
2.3084
2.6114
2.7899
2.7676
2.572
2.2484
1.9298
1.6391
1.3779
1.1505
0.96592
0.81297
0.81297
0.92978
1.0445
1.1533
1.2795
1.4373
1.6541
1.9411
2.1225
2.1785
2.1067
1.9144
1.6403
1.3401
1.0367
0.78173
0.60822
0.55607
0.61009
0.76414
0.95107
1.1017
1.1843
1.2081
1.2086
1.182
1.1542
1.132
1.1221
1.1292
1.1541
1.1695
1.1389
1.0449
0.88812
0.68988
0.50835
0.36772
0.31306
0.32404
0.38708
0.4899
0.6305
0.79899
0.97625
1.1476
1.2445
1.2757
1.2392
1.1754
1.0782
0.95905
0.8031
0.63281
0.50039
0.42889
0.462
0.56858
0.7537
0.96549
1.1758
1.3553
1.4676
1.48
1.3513
1.1395
0.87314
0.63869
0.48284
0.402
0.36764
0.35639
0.37627
0.39196
0.44377
0.5367
0.69196
0.89147
1.1128
1.3455
1.5565
1.7163
1.7852
1.7584
1.6169
1.4138
1.2177
1.0433
0.88355
0.72657
0.64676
0.61526
0.57203
0.50421
0.47381
0.47082
0.51447
0.64298
0.76405
0.9053
1.1059
1.3492
1.5238
1.6393
1.6951
1.6684
1.5885
1.4483
1.2664
1.0364
0.84257
0.7259
0.69799
0.7377
0.78897
0.80318
0.77119
0.85058
0.9799
1.1031
1.1907
1.2618
1.3477
1.4769
1.6649
1.7558
1.7438
1.6495
1.507
1.3217
1.0938
0.87898
0.70064
0.56522
0.45694
0.35372
0.32348
0.37205
0.50641
0.6676
0.79318
0.86792
0.92254
0.97998
0.96693
0.91042
0.8144
0.69762
0.58823
0.52345
0.4848
0.48675
0.52944
0.61171
0.71818
0.85833
1.0272
1.1938
1.3551
1.4806
1.5488
1.5176
1.4144
1.2566
1.0848
0.95995
0.90404
0.92346
1.0085
1.1664
1.3848
1.6165
1.8322
1.9674
1.9846
1.8776
1.6874
1.4726
1.2623
1.1086
1.0141
0.97015
0.96324
1.0175
1.1247
1.271
1.4484
1.6211
1.7618
1.8533
1.9274
1.9708
1.9966
1.9945
1.9544
1.8696
1.7389
1.6207
1.5077
1.4012
1.2888
1.1806
1.0769
0.99134
0.95399
0.91693
0.87737
0.83367
0.78479
0.71225
0.61767
0.50952
0.37914
0.2857
0.23325
0.21821
0.23455
0.26231
0.28422
0.28186
0.325
0.40126
0.50245
0.60225
0.69677
0.80503
0.94494
1.1133
1.2384
1.3043
1.295
1.2435
1.1587
1.0503
0.92728
0.83422
0.77067
0.7135
0.70018
0.71965
0.76827
0.8214
0.87561
0.90757
0.92025
0.95364
0.97865
0.97796
0.91895
0.8262
0.71997
0.62178
0.52325
0.40199
0.28415
0.19916
0.18557
0.21687
0.27048
0.33327
0.43669
0.57035
0.70873
0.82781
0.86578
0.83899
0.85936
0.88097
0.84549
0.76393
0.63822
0.51539
0.45016
0.42872
0.38915
0.38162
0.45261
0.58671
0.76837
0.93394
1.0443
1.0937
1.097
1.0893
1.0421
0.9464
0.81
0.68746
0.69868
0.82697
0.9996
1.158
1.3079
1.4595
1.6217
1.768
1.7921
1.7507
1.6456
1.4816
1.2431
1.0655
0.9831
0.95736
0.94652
0.87493
0.83603
0.92485
1.176
1.4393
1.6574
1.8533
2.0569
2.2911
2.439
2.4308
2.2957
2.0921
1.8894
1.6989
1.5246
1.3341
1.1632
1.0076
0.88653
0.83225
0.84645
0.93074
1.0672
1.2837
1.5298
1.7898
2.0242
2.2035
2.3034
2.321
2.2943
2.2175
2.0982
1.9205
1.6879
1.5213
1.404
1.2828
1.1074
0.89342
0.86382
1.0384
1.3791
1.7195
2.0282
2.3178
2.614
2.9083
2.9982
2.8537
2.5191
2.2557
2.0772
1.9868
1.9323
1.8518
1.7038
1.71
1.9616
2.1672
2.3057
2.3886
2.4866
2.6629
2.9672
3.1807
3.1625
2.9402
2.5721
2.2035
1.8791
1.5804
1.2613
0.931
0.765
0.78128
0.90807
0.97848
0.93866
0.83344
0.75034
0.74862
0.72139
0.67276
0.63859
0.63632
0.68436
0.75655
0.81934
0.86976
0.86475
0.83215
0.78924
0.77206
0.74754
0.72011
0.68568
0.62098
0.55484
0.49718
0.49135
0.51385
0.59309
0.72634
0.87305
1.0061
1.1104
1.1934
1.2253
1.219
1.1454
0.99754
0.82583
0.74091
0.68934
0.61745
0.55613
0.54864
0.62672
0.78324
0.98069
1.1246
1.2437
1.3767
1.4924
1.543
1.5178
1.4317
1.2976
1.1236
0.95767
0.80678
0.67872
0.56998
0.50062
0.48349
0.54158
0.67256
0.83491
0.98116
1.0594
1.0813
1.022
0.90276
0.76372
0.59862
0.44518
0.31628
0.24555
0.19592
0.18366
0.18706
0.19511
0.2481
0.34698
0.52029
0.72982
0.94577
1.1181
1.2335
1.2639
1.2211
1.1124
0.91643
0.72596
0.60628
0.59524
0.68119
0.83281
0.98889
1.0966
1.1481
1.1186
1.0496
0.91001
0.73377
0.54436
0.38592
0.27409
0.22533
0.21386
0.16768
0.13729
0.10503
0.090332
0.077241
0.077369
0.099265
0.12288
0.18195
0.26511
0.37181
0.462
0.52976
0.54975
0.5209
0.48124
0.41943
0.34061
0.25257
0.20417
0.22913
0.35227
0.54331
0.77005
1.0154
1.251
1.4707
1.614
1.6567
1.5948
1.4539
1.2356
1.0781
0.99811
0.99547
1.0801
1.2061
1.3179
1.3686
1.3983
1.4491
1.4904
1.486
1.4291
1.3444
1.2779
1.2869
1.3502
1.2945
1.1307
0.93581
0.7873
0.6705
0.54404
0.5124
0.5492
0.61902
0.7212
0.82145
0.86383
0.90819
1.0132
1.0727
1.1067
1.1696
1.2827
1.408
1.5144
1.5522
1.5252
1.4459
1.3507
1.2527
1.1498
1.0745
1.0565
1.1084
1.2094
1.3413
1.4492
1.4873
1.4769
1.4284
1.3713
1.2897
1.219
1.1527
1.125
1.1655
1.2593
1.3766
1.4865
1.6217
1.7509
1.8608
1.9221
1.9093
1.7982
1.6066
1.3841
1.1539
0.96175
0.83419
0.76514
0.74628
0.79271
0.93059
1.1248
1.3457
1.5492
1.7275
1.8821
2.0472
2.2105
2.3191
2.3239
2.2069
1.9922
1.7063
1.3935
1.0843
0.83763
0.67015
0.63379
0.75204
0.99845
1.3391
1.7153
2.0517
2.2768
2.3835
2.355
2.1698
1.8959
1.6246
1.3804
1.1894
1.0125
0.81843
0.81598
1.0128
1.304
1.5747
1.7946
1.9697
2.1485
2.3613
2.3896
2.2207
1.9098
1.5702
1.2401
0.9348
0.74662
0.67897
0.72003
0.84336
1.0258
1.1982
1.3685
1.5172
1.5572
1.4647
1.2624
1.1251
1.047
1.0167
1.0045
0.97732
0.90234
0.89889
1.0341
1.163
1.285
1.3727
1.4373
1.5009
1.5826
1.5741
1.4308
1.2464
1.0395
0.83144
0.61549
0.46265
0.42305
0.51138
0.68617
0.84962
1.0003
1.1559
1.3222
1.4519
1.5063
1.4913
1.409
1.3072
1.1982
1.0627
0.92489
0.78369
0.67414
0.61769
0.65664
0.76403
0.91428
1.0937
1.2679
1.3927
1.4201
1.3517
1.2233
1.0323
0.79847
0.56129
0.37858
0.26992
0.26116
0.32499
0.42478
0.5953
0.86222
1.1955
1.5197
1.8057
1.9967
2.0589
1.9473
1.8216
1.7116
1.6071
1.4703
1.2736
1.1275
1.1761
1.434
1.6859
1.8812
2.0336
2.1942
2.3784
2.499
2.4493
2.2209
1.8896
1.5449
1.2658
1.0749
0.96816
0.89166
0.79036
0.85599
1.1275
1.5355
1.9948
2.4448
2.8498
3.1887
3.474
3.5351
3.3215
2.8895
2.4441
2.0532
1.7723
1.6272
1.5799
1.5677
1.54
1.6513
1.7962
1.9168
1.9773
1.9649
1.911
1.8593
1.8862
1.809
1.5618
1.2217
0.87011
0.5896
0.40111
0.32074
0.28458
0.28385
0.34403
0.47009
0.64251
0.82809
1.0079
1.139
1.2129
1.2333
1.2093
1.1416
1.0507
0.95287
0.85498
0.78227
0.7703
0.79725
0.84298
0.89744
0.93765
0.95034
0.93977
0.90906
0.86367
0.82278
0.80306
0.80774
0.83062
0.86754
0.91147
0.96678
1.0074
1.0387
1.0408
1.0207
0.99338
0.99637
1.0419
1.1008
1.1696
1.2322
1.2929
1.3381
1.3747
1.379
1.3488
1.3002
1.2456
1.1783
1.0885
0.99812
0.89015
0.78677
0.70729
0.66997
0.68822
0.75686
0.87933
1.003
1.1166
1.1966
1.2287
1.1974
1.0789
0.90911
0.7052
0.54365
0.42825
0.34135
0.27769
0.26568
0.33295
0.44715
0.59947
0.73847
0.85883
0.9546
1.0192
1.0231
0.95844
0.86471
0.76761
0.70055
0.6705
0.69036
0.74587
0.81058
0.85754
0.8757
0.87036
0.83449
0.79005
0.72826
0.65079
0.56777
0.51668
0.50308
0.49905
0.50764
0.51795
0.54841
0.60335
0.67838
0.74014
0.75372
0.73361
0.67437
0.59241
0.49947
0.39264
0.31157
0.28924
0.35969
0.50314
0.69554
0.87635
1.0127
1.0945
1.0926
0.99661
0.84642
0.68088
0.53803
0.44667
0.40849
0.41982
0.45764
0.49777
0.52668
0.59939
0.71769
0.87469
1.0433
1.2034
1.3453
1.4589
1.5163
1.4693
1.3187
1.1767
1.0822
1.0407
1.0536
1.1134
1.1853
1.233
1.2877
1.3692
1.4728
1.5823
1.7
1.8306
1.9748
2.111
2.1802
2.077
1.8272
1.4985
1.1403
0.82091
0.59469
0.47829
0.44871
0.47207
0.49874
0.54459
0.61951
0.67309
0.67677
0.63968
0.57414
0.51584
0.49819
0.48254
0.44735
0.40282
0.34448
0.27303
0.23408
0.20413
0.1879
0.18569
0.2127
0.27929
0.40347
0.59035
0.81441
1.0623
1.2986
1.5039
1.6345
1.6822
1.6386
1.5257
1.354
1.1414
0.90857
0.67086
0.482
0.35624
0.27786
0.24531
0.27329
0.36838
0.51948
0.72101
0.93377
1.1551
1.3788
1.5698
1.6789
1.6877
1.5997
1.4431
1.241
1.0024
0.77309
0.55779
0.41477
0.34783
0.36666
0.47011
0.64249
0.89286
1.1862
1.501
1.7444
1.8914
1.9267
1.849
1.7029
1.507
1.2894
1.0728
0.89294
0.75969
0.67247
0.65101
0.68809
0.77882
0.90371
1.058
1.2076
1.3283
1.4051
1.4159
1.3605
1.2449
1.1177
1.0019
0.91645
0.89039
0.93628
1.0422
1.1928
1.3687
1.5213
1.6193
1.6592
1.6323
1.5427
1.4072
1.2494
1.0907
0.9579
0.87331
0.86375
0.9309
1.0665
1.2437
1.4189
1.5566
1.6381
1.6664
1.6243
1.5137
1.3538
1.1705
1.0063
0.88172
0.81307
0.78263
0.78588
0.82745
0.89349
0.99178
1.1103
1.2398
1.3316
1.3738
1.3664
1.3147
1.2261
1.1175
1.0083
0.89441
0.80946
0.74806
0.72651
0.7321
0.77301
0.81884
0.84702
0.87831
0.91515
0.96842
1.0016
1.0229
1.0116
0.9713
0.91488
0.84485
0.765
0.67423
0.60987
0.55928
0.54118
0.5571
0.5926
0.63105
0.65996
0.6951
0.71454
0.72156
0.72
0.72746
0.74764
0.78399
0.837
0.88765
0.92914
0.96425
0.99065
0.99043
0.97434
0.94656
0.91028
0.85336
0.79427
0.73441
0.66178
0.60759
0.58629
0.60687
0.66297
0.75893
0.87803
0.99506
1.1126
1.1916
1.2087
1.1491
1.041
0.91701
0.79225
0.69525
0.62801
0.60084
0.61673
0.68685
0.7999
0.93187
1.0764
1.2181
1.3403
1.4204
1.4486
1.4071
1.2896
1.1118
0.90471
0.71513
0.55179
0.44955
0.42701
0.49653
0.6693
0.94219
1.2744
1.5924
1.8704
2.0452
2.0754
1.9611
1.7159
1.4327
1.1662
0.94087
0.75967
0.62485
0.51986
0.526
0.63816
0.79583
0.97289
1.1656
1.3486
1.4992
1.6325
1.6548
1.5896
1.4609
1.2863
1.0735
0.83796
0.68024
0.58698
0.51811
0.52628
0.62276
0.80593
1.0755
1.4151
1.6991
1.8922
2.0175
2.0016
1.8194
1.5159
1.1593
0.81465
0.54184
0.36308
0.26308
0.21815
0.21008
0.26269
0.34842
0.44814
0.55887
0.67275
0.77791
0.88246
0.98573
1.042
1.0628
1.0632
1.0423
0.99023
0.92692
0.8347
0.72304
0.61543
0.52211
0.45332
0.40361
0.39465
0.39928
0.41745
0.43865
0.45117
0.45581
0.46637
0.50196
0.53671
0.57636
0.6213
0.69613
0.771
0.8249
0.83316
0.77693
0.67378
0.55506
0.44749
0.34871
0.26877
0.19644
0.14698
0.136
0.16011
0.21414
0.25182
0.27304
0.27441
0.28936
0.3241
0.35454
0.36981
0.3491
0.33622
0.395
0.51741
0.66225
0.79737
0.93587
1.087
1.2479
1.3849
1.414
1.3213
1.1595
1.0046
0.86881
0.73042
0.56691
0.49841
0.54572
0.72144
0.9417
1.1138
1.2108
1.2646
1.3134
1.2655
1.1237
0.90934
0.67625
0.50262
0.4005
0.34002
0.29636
0.29035
0.34568
0.47076
0.64678
0.82825
0.97945
1.0893
1.1621
1.1515
1.0389
0.86333
0.66969
0.48602
0.33188
0.23089
0.21253
0.28624
0.44655
0.6634
0.91804
1.1975
1.5014
1.7879
1.9984
2.1129
2.1263
2.0289
1.844
1.5767
1.2913
1.0368
0.81313
0.61057
0.52934
0.60164
0.80788
1.109
1.4122
1.6735
1.9005
2.1021
2.1958
2.1606
2.0245
1.8331
1.6403
1.453
1.2664
1.1093
0.96984
0.88525
0.85781
0.91662
1.0449
1.2333
1.4711
1.7098
1.9205
2.0433
2.0775
1.9907
1.8073
1.5629
1.2949
1.0338
0.80666
0.6594
0.58115
0.57161
0.61425
0.71223
0.84616
0.99507
1.1307
1.2006
1.1943
1.1291
1.0333
0.88774
0.71738
0.58858
0.51052
0.49118
0.50334
0.49397
0.53495
0.69296
0.94426
1.2051
1.4248
1.5844
1.6843
1.7367
1.6684
1.5095
1.2798
1.0134
0.75656
0.53281
0.37322
0.32165
0.37395
0.44344
0.5212
0.61326
0.71235
0.81929
0.9155
0.96968
0.94687
0.85843
0.72989
0.5775
0.45884
0.35846
0.32849
0.38364
0.52933
0.77698
1.108
1.4973
1.8865
2.2609
2.5257
2.6193
2.5414
2.2811
2.0033
1.7343
1.4548
1.1636
0.88616
0.7027
0.67809
0.82408
1.013
1.243
1.5234
1.8491
2.1948
2.4724
2.5916
2.545
2.3434
2.0143
1.6286
1.2514
0.92816
0.7027
0.60234
0.63184
0.75804
0.98073
1.2662
1.5681
1.8479
2.0651
2.1957
2.2036
2.1208
1.9421
1.6903
1.4063
1.1221
0.87671
0.69224
0.6058
0.62637
0.75381
0.95352
1.1908
1.4279
1.6168
1.7301
1.7493
1.6536
1.4492
1.2035
0.9514
0.7299
0.57962
0.52913
0.59407
0.76915
1.042
1.3313
1.5694
1.7145
1.7547
1.6694
1.4679
1.1887
0.86779
0.57673
0.37356
0.27903
0.26888
0.32795
0.44327
0.581
0.72814
0.87139
0.9969
1.0772
1.1122
1.1008
1.0118
0.9012
0.83208
0.77314
0.70454
0.61266
0.56054
0.59248
0.70023
0.82546
0.90641
0.95624
1.0094
1.0876
1.1132
1.053
0.93904
0.79969
0.64127
0.5052
0.39535
0.33499
0.31598
0.33472
0.38819
0.47043
0.59187
0.71953
0.81795
0.8591
0.87078
0.85346
0.80194
0.72038
0.62148
0.52468
0.45485
0.42078
0.40006
0.3765
0.34927
0.30891
0.30562
0.31845
0.30282
0.29073
0.3077
0.36826
0.48943
0.66472
0.82529
0.97814
1.1338
1.2175
1.2064
1.1104
0.93467
0.73827
0.54607
0.38577
0.27223
0.23387
0.27785
0.3641
0.50615
0.66982
0.84662
0.99871
1.1239
1.2266
1.2863
1.3386
1.3499
1.3108
1.212
1.0675
0.9171
0.76751
0.6089
0.45377
0.35336
0.32569
0.38032
0.51324
0.67588
0.86008
1.0842
1.314
1.4808
1.582
1.6115
1.5621
1.4315
1.2702
1.1328
1.0162
0.90818
0.78541
0.65632
0.63623
0.74742
0.93078
1.1137
1.3004
1.4922
1.6786
1.8467
1.8952
1.8227
1.6281
1.3534
1.0706
0.82702
0.61938
0.52681
0.54948
0.65556
0.82676
1.0271
1.1994
1.3211
1.4136
1.3962
1.2712
1.0739
0.84503
0.63273
0.44936
0.3186
0.2419
0.19418
0.20337
0.2678
0.3757
0.52585
0.70885
0.87168
0.98447
1.0666
1.0977
1.0826
1.0421
0.97615
0.8825
0.79481
0.72332
0.66609
0.60623
0.55881
0.52457
0.52554
0.57431
0.67068
0.80004
0.94647
1.1094
1.2589
1.3858
1.4705
1.5131
1.5016
1.4297
1.3116
1.1379
0.94805
0.76926
0.62715
0.56446
0.57799
0.67601
0.84516
1.0815
1.3457
1.6011
1.7987
1.8723
1.8195
1.6487
1.3969
1.115
0.84284
0.60901
0.4383
0.34394
0.31573
0.33945
0.38887
0.458
0.52482
0.57909
0.61126
0.59734
0.54003
0.45529
0.37886
0.30777
0.26278
0.24679
0.2639
0.32206
0.42765
0.5852
0.75576
0.94048
1.0969
1.2053
1.2379
1.2043
1.121
0.98177
0.83114
0.6825
0.56115
0.46617
0.40606
0.35966
0.31429
0.28899
0.27316
0.2515
0.21888
0.18819
0.15158
0.14235
0.15601
0.16691
0.17273
0.20514
0.27631
0.36275
0.46001
0.54619
0.60911
0.6774
0.74738
0.80039
0.82517
0.82699
0.8051
0.76847
0.72765
0.68238
0.66691
0.66533
0.67751
0.69776
0.74405
0.79559
0.84519
0.87668
0.86195
0.82981
0.8069
0.82042
0.8439
0.87529
0.92284
0.99346
1.0878
1.1759
1.2247
1.1902
1.0934
0.95282
0.80361
0.66159
0.52788
0.40304
0.29087
0.23575
0.24358
0.30935
0.40085
0.51118
0.63578
0.76
0.878
0.95345
0.95473
0.87357
0.79064
0.71048
0.63407
0.55851
0.4908
0.49062
0.56872
0.73649
0.91755
1.1118
1.3161
1.5384
1.7372
1.8288
1.8204
1.712
1.5201
1.2757
1.0531
0.86495
0.72392
0.61669
0.51792
0.51336
0.60674
0.76373
0.90524
0.9991
1.0521
1.0803
1.0968
1.0336
0.94453
0.85034
0.76334
0.69264
0.62333
0.57553
0.6041
0.69372
0.78266
0.87389
0.97635
1.1032
1.2629
1.4335
1.5532
1.5821
1.5185
1.359
1.1994
1.0551
0.90816
0.74281
0.60842
0.56473
0.61725
0.75993
0.89416
1.0131
1.1342
1.2752
1.3988
1.4636
1.469
1.4037
1.2944
1.133
0.99399
0.87983
0.76483
0.657
0.55897
0.49673
0.54205
0.70771
0.90751
1.129
1.371
1.6175
1.8629
2.0689
2.138
2.064
1.8715
1.6201
1.3837
1.1632
0.96355
0.80399
0.67965
0.62038
0.70802
0.89713
1.1247
1.379
1.6326
1.865
2.0877
2.2517
2.2718
2.1517
1.9087
1.6173
1.3592
1.1474
0.98026
0.84817
0.7223
0.72897
0.87987
1.1266
1.4012
1.6703
1.9077
2.1119
2.297
2.3425
2.2447
2.0156
1.707
1.4558
1.2754
1.1449
1.0375
0.93286
0.96778
1.1291
1.3802
1.614
1.8204
2.0013
2.1716
2.3336
2.337
2.209
1.9636
1.6258
1.2727
0.96849
0.71934
0.53731
0.45535
0.45783
0.54279
0.70695
0.91829
1.1492
1.3993
1.6376
1.8073
1.8882
1.87
1.7685
1.5783
1.3409
1.0804
0.84306
0.64961
0.53285
0.50743
0.549
0.64549
0.76334
0.90617
1.0451
1.1685
1.2427
1.2514
1.1973
1.1079
1.0087
0.87938
0.74167
0.62905
0.53312
0.44035
0.39205
0.42673
0.51972
0.68183
0.88252
1.0734
1.2492
1.4289
1.5717
1.6234
1.6036
1.5212
1.3902
1.2269
1.0602
0.89846
0.77452
0.72808
0.76418
0.87115
1.0309
1.241
1.4676
1.6824
1.8452
1.926
1.9148
1.8198
1.6678
1.4591
1.2164
0.97383
0.76058
0.57538
0.43727
0.36442
0.34248
0.37205
0.4537
0.57921
0.71961
0.86988
1.0098
1.1085
1.1702
1.1917
1.1838
1.1284
1.0596
0.99626
0.93275
0.86532
0.79918
0.75306
0.72333
0.73148
0.76575
0.80761
0.84422
0.88941
0.96156
1.0524
1.176
1.306
1.4138
1.4773
1.5292
1.5817
1.5873
1.5284
1.3738
1.1648
0.95574
0.81889
0.75331
0.74002
0.79146
0.91447
1.105
1.3321
1.5701
1.7564
1.8596
1.8603
1.7551
1.5604
1.3129
1.0811
0.88894
0.76169
0.72321
0.76715
0.86765
0.97898
1.0958
1.1668
1.1882
1.1758
1.1269
1.0541
0.95481
0.83834
0.79034
0.84777
0.89449
0.82949
0.80897
0.81959
0.87509
0.97522
1.0309
0.99652
0.98299
1.0723
1.0957
1.0882
1.0503
1.0004
0.93553
0.90323
0.89987
0.93453
0.98849
1.0288
1.0654
1.1196
1.1904
1.2185
1.1824
1.0471
0.93574
0.87729
0.85454
0.80901
0.71849
0.71888
0.86756
1.158
1.4435
1.6982
1.9261
2.142
2.3364
2.3827
2.2122
2.009
1.8202
1.6589
1.5281
1.4068
1.2774
1.18
1.2855
1.4128
1.5316
1.6477
1.7787
1.9592
2.1818
2.351
2.299
2.1369
2.0017
1.8548
1.6497
1.3641
1.0764
1.001
1.1094
1.269
1.3458
1.3956
1.4513
1.5543
1.6635
1.6099
1.4253
1.199
0.96363
0.71619
0.51577
0.37792
0.29606
0.28204
0.34506
0.43888
0.55131
0.68213
0.7746
0.78995
0.73821
0.69251
0.6321
0.56471
0.48739
0.38452
0.32343
0.37692
0.56838
0.80845
1.0621
1.2891
1.4835
1.6593
1.7866
1.8382
1.7989
1.6812
1.5395
1.4051
1.3086
1.241
1.1919
1.1319
1.0472
0.96124
0.87698
0.80023
0.6967
0.60132
0.55509
0.5753
0.66439
0.76721
0.84663
0.85992
0.91411
1.0766
1.2714
1.4635
1.6299
1.7778
1.9264
2.1048
2.1938
2.0728
1.8541
1.6227
1.3806
1.1334
0.89071
0.67337
0.525
0.49926
0.54837
0.63633
0.81307
1.0835
1.3963
1.6629
1.8218
1.8467
1.8184
1.7671
1.6653
1.5368
1.4392
1.4112
1.4446
1.5074
1.4587
1.3753
1.277
1.1509
1.0171
0.91287
0.88406
0.93511
1.0478
1.089
1.0459
0.96683
0.89058
0.86569
0.84819
0.79082
0.68695
0.6603
0.76887
0.96443
1.1826
1.3383
1.4329
1.5022
1.5914
1.6068
1.5208
1.3644
1.174
1.0105
0.92105
0.92029
0.98396
1.0616
1.1352
1.2164
1.3035
1.3671
1.3916
1.3781
1.3473
1.3371
1.3611
1.4117
1.4479
1.4682
1.4754
1.472
1.4477
1.4015
1.3239
1.2052
1.0839
0.97325
0.89075
0.82941
0.79801
0.81485
0.85895
0.95284
1.0631
1.1699
1.248
1.3212
1.3955
1.4178
1.3934
1.2865
1.136
0.95867
0.77626
0.61938
0.47293
0.34208
0.32447
0.43036
0.61256
0.85104
1.1084
1.3172
1.4813
1.6245
1.6658
1.6008
1.4762
1.3171
1.1673
1.0592
0.99021
0.95113
0.91434
0.90642
0.92075
0.96277
1.0243
1.11
1.2049
1.2962
1.3891
1.43
1.4123
1.3468
1.283
1.2163
1.1622
1.1252
1.1051
1.1268
1.1955
1.2912
1.3559
1.3724
1.3465
1.2679
1.157
1.0342
0.91561
0.80457
0.73362
0.70722
0.71909
0.783
0.89877
1.0684
1.24
1.4019
1.5127
1.5557
1.4996
1.3485
1.2302
1.1207
1.0048
0.85106
0.70949
0.69343
0.81887
1.0491
1.217
1.3322
1.454
1.6281
1.8047
1.8618
1.7854
1.6079
1.3871
1.1505
0.90848
0.65359
0.42504
0.24845
0.14637
0.13411
0.20406
0.31954
0.45221
0.60407
0.71718
0.77961
0.78711
0.75438
0.68382
0.60017
0.54009
0.49991
0.52305
0.60334
0.72601
0.82114
0.86099
0.86498
0.85045
0.83682
0.81221
0.77628
0.73918
0.73324
0.78528
0.87356
0.94766
1.0001
1.0481
1.0879
1.1307
1.1891
1.2323
1.2384
1.2172
1.1951
1.164
1.1454
1.1199
1.07
1.0039
0.95219
0.92908
0.91599
0.89767
0.85969
0.78565
0.67904
0.5853
0.49601
0.40312
0.33045
0.29245
0.2845
0.32483
0.43367
0.57686
0.74641
0.93187
1.0942
1.2003
1.2343
1.2035
1.0922
0.92526
0.75462
0.589
0.44031
0.35136
0.34861
0.41844
0.56873
0.77942
1.0139
1.2512
1.4653
1.602
1.6223
1.5285
1.3675
1.2098
1.0616
0.92804
0.79619
0.66639
0.59436
0.61789
0.70477
0.79354
0.88191
0.97366
1.0653
1.1475
1.1721
1.117
0.9787
0.83696
0.71611
0.63584
0.61006
0.63145
0.67412
0.72244
0.75936
0.75133
0.74394
0.73634
0.74137
0.76198
0.81092
0.87049
0.94444
0.99185
0.95041
0.87699
0.77949
0.67078
0.55242
0.43401
0.39536
0.42564
0.53095
0.64853
0.77059
0.91055
1.074
1.2556
1.357
1.3897
1.3347
1.2008
1.0488
0.87481
0.69538
0.53244
0.38655
0.30889
0.32439
0.41329
0.51715
0.63389
0.76537
0.90171
1.0458
1.1226
1.1169
1.0707
0.99783
0.91714
0.83623
0.74735
0.66595
0.61513
0.61466
0.6362
0.68632
0.77384
0.88805
1.0344
1.1853
1.3122
1.3617
1.3345
1.2198
1.0583
0.88091
0.68899
0.51588
0.40611
0.40187
0.51734
0.7737
1.1148
1.508
1.9253
2.3028
2.583
2.7363
2.7456
2.5906
2.2878
2.0302
1.8461
1.7214
1.6215
1.515
1.386
1.3998
1.6363
1.8921
2.1219
2.3275
2.5063
2.6788
2.861
2.8972
2.7203
2.374
1.9789
1.6276
1.3544
1.1589
1.024
0.92446
0.86785
1.0128
1.2647
1.531
1.7713
1.9536
2.0737
2.1624
2.2364
2.1379
1.904
1.5997
1.378
1.2856
1.3069
1.3848
1.4555
1.4826
1.5502
1.7762
2.032
2.2672
2.4545
2.5931
2.7107
2.8418
2.8983
2.7491
2.4213
2.0794
1.8148
1.6558
1.5851
1.5568
1.5249
1.5486
1.7804
2.0701
2.3456
2.5844
2.7761
2.9332
3.0835
3.1546
2.9884
2.6373
2.2481
1.8702
1.5493
1.3125
1.1546
1.054
1.067
1.3047
1.6483
2.047
2.4539
2.8155
3.0999
3.303
3.351
3.1274
2.81
2.4616
2.1249
1.8487
1.6357
1.4695
1.344
1.4241
1.55
1.7033
1.8849
2.0866
2.3263
2.5947
2.8724
2.9505
2.809
2.5242
2.1874
1.7938
1.3716
0.97885
0.7228
0.6341
0.71164
0.89833
1.1314
1.4313
1.7989
2.2071
2.5303
2.6955
2.6784
2.4803
2.225
1.9237
1.5574
1.1815
0.89307
0.72457
0.68425
0.75849
0.85338
0.99811
1.224
1.4845
1.7129
1.9064
2.0631
2.1784
2.2289
2.2175
2.1591
2.0982
2.0304
1.957
1.8819
1.8062
1.7283
1.6242
1.5119
1.3694
1.2363
1.1528
1.1483
1.2264
1.3745
1.5987
1.8418
2.0771
2.2548
2.34
2.2996
2.143
1.8984
1.5972
1.2879
1.0142
0.81018
0.67668
0.62178
0.64239
0.7265
0.86305
1.0292
1.1977
1.3163
1.3656
1.3302
1.2187
1.0503
0.84923
0.65432
0.48094
0.36389
0.32047
0.35759
0.46115
0.61635
0.79679
0.98139
1.1598
1.3096
1.398
1.4035
1.3294
1.206
1.0676
0.95434
0.87214
0.81259
0.75668
0.72814
0.72538
0.7351
0.76302
0.79481
0.83314
0.87491
0.94586
1.0051
1.0368
1.0291
0.98805
0.90988
0.80876
0.71384
0.61643
0.52544
0.46378
0.45192
0.47808
0.52428
0.5772
0.60587
0.61355
0.63014
0.65591
0.68058
0.70213
0.73197
0.7644
0.79901
0.83061
0.85364
0.8599
0.8634
0.86792
0.87463
0.86494
0.8369
0.78157
0.69824
0.62626
0.54275
0.47851
0.45406
0.49087
0.60437
0.78815
1.0249
1.2578
1.4781
1.6192
1.6505
1.5628
1.379
1.1664
0.96829
0.80476
0.68079
0.61048
0.59974
0.66076
0.78451
0.93685
1.0831
1.193
1.2581
1.2687
1.2289
1.1538
1.0581
0.95706
0.86323
0.79722
0.76221
0.76274
0.78564
0.81687
0.84407
0.86469
0.88147
0.893
0.9022
0.91043
0.91986
0.93071
0.94375
0.9556
0.96413
0.9675
0.96346
0.95092
0.93006
0.90099
0.86446
0.82181
0.77482
0.72562
0.67641
0.62933
0.58623
0.54864
0.51767
0.49409
0.47842
0.47097
0.47201
0.48178
0.50048
0.52831
0.56533
0.61136
0.66588
0.7279
0.79592
