0.62483
0.62322
0.62162
0.62003
0.61845
0.61689
0.61533
0.61379
0.61225
0.61073
0.60922
0.60771
0.60622
0.60475
0.60328
0.60182
0.60037
0.59894
0.59752
0.5961
0.5947
0.59331
0.59194
0.59057
0.58921
0.58787
0.58654
0.58522
0.58391
0.58261
0.58132
0.58005
0.57878
0.57753
0.57629
0.57506
0.57384
0.57264
0.57144
0.57026
0.56909
0.56793
0.56678
0.56565
0.56452
0.56341
0.56231
0.56122
0.56014
0.55908
0.55802
0.55698
0.55595
0.55493
0.55393
0.55293
0.55195
0.55098
0.55002
0.54907
0.54814
0.54721
0.5463
0.5454
0.54451
0.54364
0.54278
0.54192
0.54108
0.54026
0.53944
0.53863
0.53784
0.53706
0.53629
0.53554
0.53479
0.53406
0.53334
0.53263
0.53194
0.53125
0.53058
0.52992
0.52927
0.52863
0.52801
0.5274
0.5268
0.52621
0.52563
0.52507
0.52451
0.52397
0.52344
0.52293
0.52242
0.52193
0.52145
0.52098
0.52053
0.52008
0.51965
0.51923
0.51882
0.51843
0.51804
0.51767
0.51731
0.51696
0.51663
0.5163
0.51599
0.51569
0.51541
0.51513
0.51487
0.51462
0.51438
0.51415
0.51393
0.51373
0.51354
0.51336
0.5132
0.51304
0.5129
0.51277
0.51265
0.51254
0.51245
0.51237
0.5123
0.51224
0.5122
0.51216
0.51214
0.51213
0.51213
0.51215
0.51218
0.51222
0.51227
0.51233
0.51241
0.5125
0.5126
0.51271
0.51283
0.51297
0.51312
0.51328
0.51345
0.51364
0.51384
0.51405
0.51427
0.5145
0.51475
0.51501
0.51528
0.51556
0.51586
0.51617
0.51649
0.51682
0.51716
0.51752
0.51789
0.51827
0.51866
0.51907
0.51949
0.51992
0.52036
0.52082
0.52128
0.52176
0.52226
0.52276
0.52328
0.52381
0.52435
0.5249
0.52547
0.52605
0.52664
0.52724
0.52786
0.52849
0.52913
0.52978
0.53044
0.53112
0.53181
0.53251
0.53323
0.53396
0.5347
0.53545
0.53621
0.53699
0.53778
0.53858
0.5394
0.54022
0.54106
0.54191
0.54278
0.54365
0.54454
0.54544
0.54636
0.54729
0.54822
0.54918
0.55014
0.55112
0.55211
0.55311
0.55412
0.55515
0.55619
0.55724
0.5583
0.55938
0.56047
0.56157
0.56268
0.56381
0.56495
0.5661
0.56726
0.56844
0.56963
0.57083
0.57204
0.57327
0.5745
0.57575
0.57702
0.57829
0.57958
0.58088
0.58219
0.58352
0.58486
0.58621
0.58757
0.58894
0.59033
0.59173
0.59314
0.59456
0.596
0.59745
0.59891
0.60038
0.60186
0.60336
0.60487
0.60639
0.60792
0.60947
0.61103
0.6126
0.61418
0.61577
0.61738
0.619
0.62062
0.62227
0.62392
0.62558
0.62726
0.62895
0.63065
0.63236
0.63409
0.63582
0.63757
0.63933
0.6411
0.64288
0.64468
0.64648
0.6483
0.65013
0.65196
0.65381
0.65568
0.65755
0.65943
0.66133
0.66324
0.66515
0.66708
0.66902
0.67097
0.67293
0.6749
0.67689
0.67888
0.68088
0.6829
0.68492
0.68696
0.689
0.69106
0.69313
0.6952
0.69729
0.69939
0.70149
0.70361
0.70574
0.70787
0.71002
0.71217
0.71434
0.71651
0.7187
0.72089
0.7231
0.72531
0.72753
0.72976
0.732
0.73425
0.7365
0.73877
0.74104
0.74333
0.74562
0.74792
0.75022
0.75254
0.75486
0.7572
0.75954
0.76188
0.76424
0.7666
0.76897
0.77135
0.77374
0.77613
0.77853
0.78094
0.78335
0.78577
0.7882
0.79063
0.79307
0.79551
0.79797
0.80042
0.80289
0.80536
0.80783
0.81032
0.8128
0.8153
0.81779
0.8203
0.8228
0.82532
0.82783
0.83035
0.83288
0.83541
0.83795
0.84049
0.84303
0.84557
0.84813
0.85068
0.85324
0.8558
0.85836
0.86093
0.8635
0.86607
0.86864
0.87122
0.8738
0.87638
0.87897
0.88155
0.88414
0.88673
0.88932
0.89191
0.8945
0.8971
0.89969
0.90229
0.90488
0.90748
0.91007
0.91267
0.91527
0.91786
0.92046
0.92305
0.92564
0.92824
0.93083
0.93342
0.93601
0.9386
0.94118
0.94377
0.94635
0.94893
0.95151
0.95408
0.95665
0.95922
0.96179
0.96435
0.96691
0.96947
0.97202
0.97457
0.97712
0.97966
0.9822
0.98473
0.98726
0.98978
0.9923
0.99481
0.99732
0.99982
1.0023
1.0048
1.0073
1.0098
1.0122
1.0147
1.0172
1.0196
1.0221
1.0245
1.0269
1.0294
1.0318
1.0342
1.0366
1.039
1.0414
1.0437
1.0461
1.0485
1.0508
1.0531
1.0555
1.0578
1.0601
1.0624
1.0647
1.067
1.0693
1.0715
1.0738
1.076
1.0782
1.0805
1.0827
1.0849
1.0871
1.0892
1.0914
1.0936
1.0957
1.0978
1.0999
1.102
1.1041
1.1062
1.1083
1.1103
1.1124
1.1144
1.1164
1.1184
1.1204
1.1224
1.1243
1.1263
1.1282
1.1301
1.132
1.1339
1.1358
1.1376
1.1395
1.1413
1.1431
1.1449
1.1467
1.1484
1.1502
1.1519
1.1537
1.1554
1.157
1.1587
1.1604
1.162
1.1636
1.1652
1.1668
1.1684
1.17
1.1715
1.173
1.1745
1.176
1.1775
1.1789
1.1804
1.1818
1.1832
1.1846
1.1859
1.1873
1.1886
1.1899
1.1912
1.1925
1.1938
1.195
1.1962
1.1974
1.1986
1.1998
1.2009
1.2021
1.2032
1.2043
1.2053
1.2064
1.2074
1.2084
1.2094
1.2104
1.2114
1.2123
1.2132
1.2141
1.215
1.2159
1.2167
1.2175
1.2184
1.2191
1.2199
1.2207
1.2214
1.2221
1.2228
1.2235
1.2241
1.2247
1.2253
1.2259
1.2265
1.2271
1.2276
1.2281
1.2286
1.2291
1.2295
1.23
1.2304
1.2308
1.2312
1.2315
1.2319
1.2322
1.2325
1.2328
1.233
1.2333
1.2335
1.2337
1.2339
1.2341
1.2342
1.2343
1.2344
1.2345
1.2346
1.2347
1.2347
1.2347
1.2347
1.2347
1.2346
1.2346
1.2345
1.2344
1.2343
1.2341
1.234
1.2338
1.2336
1.2334
1.2332
1.2329
1.2327
1.2324
1.2321
1.2318
1.2315
1.2311
1.2307
1.2304
1.2299
1.2295
1.2291
1.2286
1.2282
1.2277
1.2272
1.2266
1.2261
1.2255
1.225
1.2244
1.2238
1.2232
1.2225
1.2219
1.2212
1.2205
1.2198
1.2191
1.2184
1.2176
1.2169
1.2161
1.2153
1.2145
1.2137
1.2128
1.212
1.2111
1.2102
1.2093
1.2084
1.2075
1.2065
1.2056
1.2046
1.2037
1.2027
1.2017
1.2006
1.1996
1.1986
1.1975
1.1964
1.1954
1.1943
1.1931
1.192
1.1909
1.1898
1.1886
1.1874
1.1863
1.1851
1.1839
1.1826
1.1814
1.1802
1.1789
1.1777
1.1764
1.1751
1.1739
1.1726
1.1713
1.1699
1.1686
1.1673
1.1659
1.1646
1.1632
1.1618
1.1605
1.1591
1.1577
1.1563
1.1549
1.1534
1.152
1.1506
1.1491
1.1477
1.1462
1.1447
1.1433
1.1418
1.1403
1.1388
1.1373
1.1358
1.1343
1.1328
1.1312
1.1297
1.1282
1.1266
1.1251
1.1235
1.122
1.1204
1.1188
1.1173
1.1157
1.1141
1.1125
1.1109
1.1093
1.1077
1.1061
1.1045
1.1029
1.1013
1.0997
1.0981
1.0964
1.0948
1.0932
1.0916
1.0899
1.0883
1.0867
1.085
1.0834
1.0817
1.0801
1.0785
1.0768
1.0752
1.0735
1.0719
1.0702
1.0686
1.0669
1.0653
1.0636
1.062
1.0603
1.0587
1.057
1.0554
1.0537
1.0521
1.0504
1.0488
1.0471
1.0455
1.0438
1.0422
1.0405
1.0389
1.0373
1.0356
1.034
1.0323
1.0307
1.0291
1.0275
1.0258
1.0242
1.0226
1.021
1.0194
1.0177
1.0161
1.0145
1.0129
1.0113
1.0097
1.0081
1.0066
1.005
1.0034
1.0018
1.0002
0.99868
0.99711
0.99555
0.994
0.99245
0.9909
0.98936
0.98782
0.98629
0.98476
0.98324
0.98172
0.98021
0.9787
0.9772
0.9757
0.97421
0.97273
0.97125
0.96977
0.9683
0.96684
0.96539
0.96394
0.96249
0.96105
0.95962
0.95819
0.95678
0.95536
0.95396
0.95256
0.95116
0.94977
0.94839
0.94702
0.94565
0.9443
0.94294
0.9416
0.94026
0.93893
0.9376
0.93629
0.93498
0.93367
0.93238
0.93109
0.92981
0.92854
0.92727
0.92602
0.92477
0.92353
0.92229
0.92107
0.91985
0.91864
0.91744
0.91624
0.91506
0.91388
0.91271
0.91155
0.91039
0.90925
0.90811
0.90698
0.90586
0.90475
0.90364
0.90255
0.90146
0.90038
0.89931
0.89825
0.8972
0.89615
0.89512
0.89409
0.89307
0.89206
0.89106
0.89007
0.88908
0.88811
0.88714
0.88619
0.88524
0.8843
0.88337
0.88245
0.88153
0.88063
0.87973
0.87885
0.87797
0.8771
0.87624
0.87539
0.87455
0.87372
0.8729
0.87208
0.87128
0.87048
0.86969
0.86891
0.86814
0.86738
0.86663
0.86589
0.86516
0.86443
0.86372
0.86301
0.86232
0.86163
0.86095
0.86028
0.85962
0.85897
0.85832
0.85769
0.85707
0.85645
0.85584
0.85525
0.85466
0.85408
0.85351
0.85295
0.85239
0.85185
0.85132
0.85079
0.85027
0.84977
0.84927
0.84878
0.84829
0.84782
0.84736
0.8469
0.84646
0.84602
0.84559
0.84517
0.84476
0.84436
0.84397
0.84358
0.84321
0.84284
0.84248
0.84213
0.84179
0.84145
0.84113
0.84081
0.84051
0.84021
0.83992
0.83963
0.83936
0.8391
0.83884
0.83859
0.83835
0.83812
0.83789
0.83768
0.83747
0.83727
0.83708
0.8369
0.83672
0.83655
0.8364
0.83624
0.8361
0.83597
0.83584
0.83572
0.83561
0.8355
0.83541
0.83532
0.83524
0.83517
0.8351
0.83504
0.83499
0.83495
0.83491
0.83489
0.83487
0.83485
0.83485
0.83485
0.83486
0.83487
0.8349
0.83493
0.83496
0.83501
0.83506
0.83512
0.83518
0.83526
0.83533
0.83542
0.83551
0.83561
0.83572
0.83583
0.83595
0.83608
0.83621
0.83635
0.83649
0.83664
0.8368
0.83696
0.83713
0.83731
0.83749
0.83768
0.83788
0.83808
0.83828
0.8385
0.83872
0.83894
0.83917
0.83941
0.83965
0.83989
0.84015
0.8404
0.84067
0.84094
0.84121
0.84149
0.84178
0.84207
0.84236
0.84266
0.84297
0.84328
0.84359
0.84391
0.84424
0.84457
0.8449
0.84524
0.84559
0.84593
0.84629
0.84664
0.84701
0.84737
0.84774
0.84812
0.8485
0.84888
0.84927
0.84966
0.85005
0.85045
0.85086
0.85126
0.85168
0.85209
0.85251
0.85293
0.85336
0.85378
0.85422
0.85465
0.85509
0.85553
0.85598
0.85643
0.85688
0.85733
0.85779
0.85825
0.85872
0.85918
0.85965
0.86012
0.8606
0.86107
0.86155
0.86204
0.86252
0.86301
0.8635
0.86399
0.86448
0.86498
0.86547
0.86597
0.86647
0.86698
0.86748
0.86799
0.8685
0.86901
0.86952
0.87003
0.87055
0.87107
0.87158
0.8721
0.87262
0.87315
0.87367
0.87419
0.87472
0.87524
0.87577
0.8763
0.87683
0.87736
0.87789
0.87842
0.87895
0.87948
0.88001
0.88054
0.88108
0.88161
0.88214
0.88268
0.88321
0.88374
0.88428
0.88481
0.88535
0.88588
0.88641
0.88695
0.88748
0.88801
0.88854
0.88908
0.88961
0.89014
0.89067
0.8912
0.89173
0.89225
0.89278
0.89331
0.89383
0.89436
0.89488
0.8954
0.89593
0.89645
0.89696
0.89748
0.898
0.89851
0.89903
0.89954
0.90005
0.90056
0.90107
0.90157
0.90208
0.90258
0.90308
0.90358
0.90408
0.90457
0.90506
0.90555
0.90604
0.90653
0.90702
0.9075
0.90798
0.90846
0.90893
0.90941
0.90988
0.91035
0.91081
0.91128
0.91174
0.9122
0.91265
0.91311
0.91356
0.91401
0.91445
0.91489
0.91533
0.91577
0.91621
0.91664
0.91706
0.91749
0.91791
0.91833
0.91875
0.91916
0.91957
0.91998
0.92038
0.92078
0.92118
0.92157
0.92196
0.92235
0.92273
0.92311
0.92349
0.92386
0.92423
0.9246
0.92496
0.92532
0.92568
0.92603
0.92638
0.92672
0.92707
0.9274
0.92774
0.92807
0.92839
0.92872
0.92904
0.92935
0.92966
0.92997
0.93028
0.93058
0.93087
0.93116
0.93145
0.93174
0.93202
0.9323
0.93257
0.93284
0.9331
0.93336
0.93362
0.93387
0.93412
0.93437
0.93461
0.93485
0.93508
0.93531
0.93553
0.93576
0.93597
0.93619
0.93639
0.9366
0.9368
0.937
0.93719
0.93738
0.93756
0.93774
0.93792
0.93809
0.93826
0.93843
0.93859
0.93875
0.9389
0.93905
0.93919
0.93933
0.93947
0.9396
0.93973
0.93985
0.93998
0.94009
0.94021
0.94031
0.94042
0.94052
0.94062
0.94071
0.9408
0.94089
0.94097
0.94105
0.94112
0.94119
0.94126
0.94132
0.94138
0.94143
0.94148
0.94153
0.94158
0.94162
0.94165
0.94169
0.94172
0.94174
0.94176
0.94178
0.9418
0.94181
0.94182
0.94182
0.94182
0.94182
0.94182
0.94181
0.94179
0.94178
0.94176
0.94174
0.94171
0.94168
0.94165
0.94162
0.94158
0.94154
0.94149
0.94144
0.94139
0.94134
0.94128
0.94122
0.94116
0.9411
0.94103
0.94096
0.94088
0.94081
0.94073
0.94064
0.94056
0.94047
0.94038
0.94029
0.94019
0.9401
0.93999
0.93989
0.93979
0.93968
0.93957
0.93946
0.93934
0.93922
0.93911
0.93898
0.93886
0.93873
0.93861
0.93848
0.93834
0.93821
0.93808
0.93794
0.9378
0.93766
0.93751
0.93737
0.93722
0.93707
0.93692
0.93677
0.93662
0.93646
0.93631
0.93615
0.93599
0.93583
0.93566
0.9355
0.93534
0.93517
0.935
0.93483
0.93466
0.93449
0.93432
0.93415
0.93398
0.9338
0.93362
0.93345
0.93327
0.93309
0.93291
0.93273
0.93255
0.93237
0.93219
0.93201
0.93182
0.93164
0.93146
0.93127
0.93109
0.9309
0.93071
0.93053
0.93034
0.93016
0.92997
0.92978
0.9296
0.92941
0.92922
0.92903
0.92885
0.92866
0.92847
0.92829
0.9281
0.92791
0.92773
0.92754
0.92736
0.92717
0.92698
0.9268
0.92662
0.92643
0.92625
0.92607
0.92588
0.9257
0.92552
0.92534
0.92516
0.92498
0.92481
0.92463
0.92445
0.92428
0.9241
0.92393
0.92375
0.92358
0.92341
0.92324
0.92307
0.92291
0.92274
0.92257
0.92241
0.92225
0.92208
0.92192
0.92176
0.92161
0.92145
0.9213
0.92114
0.92099
0.92084
0.92069
0.92054
0.92039
0.92025
0.92011
0.91996
0.91982
0.91969
0.91955
0.91941
0.91928
0.91915
0.91902
0.91889
0.91876
0.91864
0.91852
0.9184
0.91828
0.91816
0.91804
0.91793
0.91782
0.91771
0.9176
0.9175
0.91739
0.91729
0.91719
0.9171
0.917
0.91691
0.91682
0.91673
0.91664
0.91656
0.91648
0.9164
0.91632
0.91624
0.91617
0.9161
0.91603
0.91596
0.9159
0.91584
0.91578
0.91572
0.91567
0.91561
0.91556
0.91551
0.91547
0.91543
0.91538
0.91535
0.91531
0.91528
0.91524
0.91521
0.91519
0.91516
0.91514
0.91512
0.91511
0.91509
0.91508
0.91507
0.91506
0.91506
0.91505
0.91505
0.91506
0.91506
0.91507
0.91508
0.91509
0.9151
0.91512
0.91514
0.91516
0.91519
0.91521
0.91524
0.91527
0.91531
0.91534
0.91538
0.91542
0.91547
0.91551
0.91556
0.91561
0.91566
0.91572
0.91578
0.91584
0.9159
0.91596
0.91603
0.9161
0.91617
0.91624
0.91632
0.9164
0.91648
0.91656
0.91665
0.91673
0.91682
0.91691
0.91701
0.9171
0.9172
0.9173
0.9174
0.91751
0.91761
0.91772
0.91783
0.91795
0.91806
0.91818
0.9183
0.91842
0.91854
0.91866
0.91879
0.91892
0.91905
0.91918
0.91931
0.91945
0.91959
0.91973
0.91987
0.92001
0.92015
0.9203
0.92045
0.9206
0.92075
0.9209
0.92105
0.92121
0.92137
0.92153
0.92169
0.92185
0.92201
0.92218
0.92234
0.92251
0.92268
0.92285
0.92302
0.92319
0.92337
0.92354
0.92372
0.92389
0.92407
0.92425
0.92443
0.92461
0.9248
0.92498
0.92517
0.92535
0.92554
0.92572
0.92591
0.9261
0.92629
0.92648
0.92667
0.92686
0.92706
0.92725
0.92744
0.92764
0.92783
0.92803
0.92822
0.92842
0.92862
0.92881
0.92901
0.92921
0.92941
0.92961
0.9298
0.93
0.9302
0.9304
0.9306
0.9308
0.931
0.9312
0.9314
0.93159
0.93179
0.93199
0.93219
0.93239
0.93259
0.93278
0.93298
0.93318
0.93338
0.93357
0.93377
0.93396
0.93416
0.93435
0.93455
0.93474
0.93493
0.93512
0.93532
0.93551
0.9357
0.93588
0.93607
0.93626
0.93644
0.93663
0.93681
0.937
0.93718
0.93736
0.93754
0.93772
0.9379
0.93807
0.93825
0.93842
0.93859
0.93877
0.93894
0.9391
0.93927
0.93944
0.9396
0.93976
0.93992
0.94008
0.94024
0.9404
0.94055
0.9407
0.94085
0.941
0.94115
0.94129
0.94144
0.94158
0.94172
0.94186
0.94199
0.94213
0.94226
0.94239
0.94251
0.94264
0.94276
0.94288
0.943
0.94311
0.94323
0.94334
0.94345
0.94356
0.94366
0.94376
0.94386
0.94396
0.94405
0.94414
0.94423
0.94432
0.9444
0.94448
0.94456
0.94464
0.94471
0.94478
0.94485
0.94491
0.94497
0.94503
0.94509
0.94514
0.94519
0.94524
0.94528
0.94533
0.94536
0.9454
0.94543
0.94546
0.94549
0.94551
0.94553
0.94555
0.94556
0.94557
0.94558
0.94558
0.94558
0.94558
0.94558
0.94557
0.94555
0.94554
0.94552
0.9455
0.94547
0.94544
0.94541
0.94537
0.94533
0.94529
0.94525
0.9452
0.94514
0.94509
0.94503
0.94496
0.94489
0.94482
0.94475
0.94467
0.94459
0.94451
0.94442
0.94433
0.94423
0.94413
0.94403
0.94392
0.94381
0.9437
0.94358
0.94346
0.94333
0.94321
0.94307
0.94294
0.9428
0.94266
0.94251
0.94236
0.94221
0.94205
0.94189
0.94172
0.94155
0.94138
0.94121
0.94103
0.94084
0.94066
0.94047
0.94027
0.94008
0.93987
0.93967
0.93946
0.93925
0.93903
0.93881
0.93859
0.93836
0.93813
0.9379
0.93766
0.93742
0.93718
0.93693
0.93668
0.93642
0.93616
0.9359
0.93563
0.93536
0.93509
0.93481
0.93453
0.93425
0.93396
0.93367
0.93338
0.93308
0.93278
0.93248
0.93217
0.93186
0.93154
0.93123
0.93091
0.93058
0.93026
0.92992
0.92959
0.92925
0.92891
0.92857
0.92822
0.92787
0.92752
0.92716
0.9268
0.92644
0.92608
0.92571
0.92534
0.92496
0.92458
0.9242
0.92382
0.92343
0.92304
0.92265
0.92226
0.92186
0.92146
0.92106
0.92065
0.92024
0.91983
0.91941
0.919
0.91858
0.91816
0.91773
0.9173
0.91687
0.91644
0.916
0.91557
0.91513
0.91468
0.91424
0.91379
0.91334
0.91289
0.91244
0.91198
0.91152
0.91106
0.9106
0.91013
0.90967
0.9092
0.90873
0.90825
0.90778
0.9073
0.90682
0.90634
0.90586
0.90537
0.90488
0.90439
0.9039
0.90341
0.90292
0.90242
0.90193
0.90143
0.90093
0.90043
0.89992
0.89942
0.89891
0.8984
0.89789
0.89738
0.89687
0.89636
0.89584
0.89533
0.89481
0.89429
0.89377
0.89325
0.89273
0.89221
0.89169
0.89116
0.89064
0.89011
0.88958
0.88906
0.88853
0.888
0.88747
0.88693
0.8864
0.88587
0.88534
0.8848
0.88427
0.88373
0.8832
0.88266
0.88213
0.88159
0.88105
0.88052
0.87998
0.87944
0.8789
0.87836
0.87782
0.87728
0.87675
0.87621
0.87567
0.87513
0.87459
0.87405
0.87351
0.87297
0.87243
0.87189
0.87135
0.87082
0.87028
0.86974
0.8692
0.86867
0.86813
0.86759
0.86706
0.86652
0.86598
0.86545
0.86492
0.86438
0.86385
0.86332
0.86278
0.86225
0.86172
0.86119
0.86066
0.86014
0.85961
0.85908
0.85856
0.85803
0.85751
0.85698
0.85646
0.85594
0.85542
0.8549
0.85438
0.85387
0.85335
0.85284
0.85232
0.85181
0.8513
0.85079
0.85028
0.84977
0.84927
0.84876
0.84826
0.84776
0.84726
0.84676
0.84626
0.84577
0.84527
0.84478
0.84429
0.8438
0.84331
0.84282
0.84234
0.84186
0.84137
0.84089
0.84042
0.83994
0.83946
0.83899
0.83852
0.83805
0.83758
0.83712
0.83665
0.83619
0.83573
0.83527
0.83482
0.83436
0.83391
0.83346
0.83301
0.83257
0.83212
0.83168
0.83124
0.8308
0.83036
0.82993
0.8295
0.82907
0.82864
0.82822
0.82779
0.82737
0.82695
0.82654
0.82612
0.82571
0.8253
0.82489
0.82449
0.82409
0.82368
0.82329
0.82289
0.8225
0.82211
0.82172
0.82133
0.82095
0.82056
0.82018
0.81981
0.81943
0.81906
0.81869
0.81832
0.81796
0.81759
0.81723
0.81688
0.81652
0.81617
0.81582
0.81547
0.81513
0.81478
0.81444
0.8141
0.81377
0.81344
0.81311
0.81278
0.81245
0.81213
0.81181
0.81149
0.81118
0.81086
0.81055
0.81025
0.80994
0.80964
0.80934
0.80904
0.80875
0.80845
0.80816
0.80788
0.80759
0.80731
0.80703
0.80675
0.80648
0.80621
0.80594
0.80567
0.80541
0.80515
0.80489
0.80463
0.80437
0.80412
0.80387
0.80363
0.80338
0.80314
0.8029
0.80267
0.80243
0.8022
0.80197
0.80174
0.80152
0.8013
0.80108
0.80086
0.80065
0.80044
0.80023
0.80002
0.79982
0.79961
0.79941
0.79922
0.79902
0.79883
0.79864
0.79845
0.79827
0.79808
0.7979
0.79772
0.79755
0.79738
0.7972
0.79704
0.79687
0.7967
0.79654
0.79638
0.79623
0.79607
0.79592
0.79577
0.79562
0.79547
0.79533
0.79519
0.79505
0.79491
0.79477
0.79464
0.79451
0.79438
0.79425
0.79413
0.79401
0.79389
0.79377
0.79365
0.79354
0.79342
0.79331
0.7932
0.7931
0.79299
0.79289
0.79279
0.79269
0.7926
0.7925
0.79241
0.79232
0.79223
0.79214
0.79206
0.79197
0.79189
0.79181
0.79173
0.79166
0.79158
0.79151
0.79144
0.79137
0.7913
0.79124
0.79117
0.79111
0.79105
0.79099
0.79093
0.79088
0.79082
0.79077
0.79072
0.79067
0.79062
0.79058
0.79053
0.79049
0.79044
0.7904
0.79037
0.79033
0.79029
0.79026
0.79022
0.79019
0.79016
0.79013
0.7901
0.79008
0.79005
0.79003
0.79
0.78998
0.78996
0.78994
0.78992
0.78991
0.78989
0.78988
0.78986
0.78985
0.78984
0.78983
0.78982
0.78981
0.78981
0.7898
0.7898
0.78979
0.78979
0.78979
0.78979
0.78979
0.78979
0.78979
0.7898
0.7898
0.78981
0.78981
0.78982
0.78983
0.78984
0.78985
0.78986
0.78987
0.78988
0.78989
0.78991
0.78992
0.78994
0.78995
0.78997
0.78999
0.79
0.79002
0.79004
0.79006
0.79008
0.7901
0.79013
0.79015
0.79017
0.7902
0.79022
0.79025
0.79027
0.7903
0.79032
0.79035
0.79038
0.79041
0.79044
0.79047
0.7905
0.79053
0.79056
0.79059
0.79062
0.79066
0.79069
0.79072
0.79076
0.79079
0.79082
0.79086
0.7909
0.79093
0.79097
0.791
0.79104
0.79108
0.79112
0.79116
0.79119
0.79123
0.79127
0.79131
0.79135
0.79139
0.79144
0.79148
0.79152
0.79156
0.7916
0.79165
0.79169
0.79173
0.79178
0.79182
0.79186
0.79191
0.79195
0.792
0.79204
0.79209
0.79214
0.79218
0.79223
0.79228
0.79233
0.79237
0.79242
0.79247
0.79252
0.79257
0.79262
0.79267
0.79272
0.79277
0.79282
0.79287
0.79292
0.79297
0.79303
0.79308
0.79313
0.79319
0.79324
0.79329
0.79335
0.7934
0.79346
0.79351
0.79357
0.79363
0.79369
0.79374
0.7938
0.79386
0.79392
0.79398
0.79404
0.7941
0.79416
0.79422
0.79428
0.79434
0.79441
0.79447
0.79453
0.7946
0.79466
0.79473
0.7948
0.79486
0.79493
0.795
0.79507
0.79514
0.79521
0.79528
0.79535
0.79542
0.7955
0.79557
0.79564
0.79572
0.79579
0.79587
0.79595
0.79603
0.79611
0.79619
0.79627
0.79635
0.79643
0.79652
0.7966
0.79669
0.79677
0.79686
0.79695
0.79704
0.79713
0.79722
0.79732
0.79741
0.79751
0.7976
0.7977
0.7978
0.7979
0.798
0.7981
0.79821
0.79831
0.79842
0.79853
0.79863
0.79874
0.79886
0.79897
0.79908
0.7992
0.79932
0.79944
0.79956
0.79968
0.7998
0.79993
0.80006
0.80019
0.80032
0.80045
0.80058
0.80072
0.80085
0.80099
0.80113
0.80128
0.80142
0.80157
0.80172
0.80187
0.80202
0.80217
0.80233
0.80249
0.80265
0.80281
0.80298
0.80315
0.80331
0.80349
0.80366
0.80384
0.80401
0.80419
0.80438
0.80456
0.80475
0.80494
0.80513
0.80533
0.80553
0.80573
0.80593
0.80614
0.80634
0.80655
0.80677
0.80698
0.8072
0.80742
0.80765
0.80788
0.80811
0.80834
0.80858
0.80881
0.80906
0.8093
0.80955
0.8098
0.81006
0.81031
0.81057
0.81084
0.8111
0.81137
0.81165
0.81193
0.81221
0.81249
0.81278
0.81307
0.81336
0.81366
0.81396
0.81426
0.81457
0.81488
0.8152
0.81552
0.81584
0.81617
0.8165
0.81683
0.81717
0.81751
0.81786
0.81821
0.81856
0.81892
0.81928
0.81964
0.82001
0.82039
0.82077
0.82115
0.82153
0.82192
0.82232
0.82272
0.82312
0.82353
0.82394
0.82436
0.82478
0.8252
0.82563
0.82607
0.82651
0.82695
0.8274
0.82785
0.82831
0.82877
0.82923
0.8297
0.83018
0.83066
0.83115
0.83164
0.83213
0.83263
0.83314
0.83365
0.83416
0.83468
0.83521
0.83574
0.83627
0.83681
0.83736
0.83791
0.83846
0.83902
0.83959
0.84016
0.84074
0.84132
0.84191
0.8425
0.8431
0.8437
0.84431
0.84492
0.84554
0.84617
0.8468
0.84743
0.84807
0.84872
0.84937
0.85003
0.8507
0.85137
0.85204
0.85272
0.85341
0.8541
0.8548
0.8555
0.85621
0.85693
0.85765
0.85838
0.85911
0.85985
0.86059
0.86134
0.8621
0.86286
0.86363
0.86441
0.86519
0.86597
0.86676
0.86756
0.86837
0.86918
0.86999
0.87082
0.87165
0.87248
0.87332
0.87417
0.87502
0.87588
0.87675
0.87762
0.8785
0.87938
0.88027
0.88117
0.88207
0.88298
0.88389
0.88481
0.88574
0.88668
0.88762
0.88856
0.88952
0.89047
0.89144
0.89241
0.89339
0.89437
0.89536
0.89636
0.89736
0.89837
0.89939
0.90041
0.90144
0.90247
0.90351
0.90456
0.90561
0.90667
0.90774
0.90881
0.90989
0.91097
0.91206
0.91316
0.91426
0.91537
0.91649
0.91761
0.91874
0.91987
0.92101
0.92216
0.92331
0.92447
0.92564
0.92681
0.92798
0.92917
0.93036
0.93155
0.93276
0.93396
0.93518
0.9364
0.93762
0.93886
0.94009
0.94134
0.94259
0.94384
0.94511
0.94637
0.94765
0.94893
0.95021
0.9515
0.9528
0.9541
0.95541
0.95672
0.95804
0.95937
0.9607
0.96203
0.96338
0.96472
0.96608
0.96744
0.9688
0.97017
0.97154
0.97292
0.97431
0.9757
0.9771
0.9785
0.9799
0.98131
0.98273
0.98415
0.98558
0.98701
0.98845
0.98989
0.99133
0.99279
0.99424
0.9957
0.99717
0.99864
1.0001
1.0016
1.0031
1.0046
1.0061
1.0076
1.0091
1.0106
1.0121
1.0136
1.0151
1.0166
1.0181
1.0197
1.0212
1.0228
1.0243
1.0258
1.0274
1.0289
1.0305
1.0321
1.0336
1.0352
1.0368
1.0383
1.0399
1.0415
1.0431
1.0447
1.0462
1.0478
1.0494
1.051
1.0526
1.0542
1.0558
1.0574
1.0591
1.0607
1.0623
1.0639
1.0655
1.0671
1.0688
1.0704
1.072
1.0737
1.0753
1.0769
1.0786
1.0802
1.0818
1.0835
1.0851
1.0867
1.0884
1.09
1.0917
1.0933
1.095
1.0966
1.0983
1.0999
1.1016
1.1032
1.1049
1.1065
1.1082
1.1098
1.1115
1.1131
1.1148
1.1164
1.1181
1.1197
1.1214
1.123
1.1246
1.1263
1.1279
1.1296
1.1312
1.1329
1.1345
1.1361
1.1378
1.1394
1.1411
1.1427
1.1443
1.146
1.1476
1.1492
1.1508
1.1524
1.1541
1.1557
1.1573
1.1589
1.1605
1.1621
1.1637
1.1653
1.1669
1.1685
1.1701
1.1717
1.1733
1.1748
1.1764
1.178
1.1796
1.1811
1.1827
1.1842
1.1858
1.1873
1.1889
1.1904
1.1919
1.1935
1.195
1.1965
1.198
1.1995
1.201
1.2025
1.204
1.2055
1.207
1.2085
1.2099
1.2114
1.2128
1.2143
1.2157
1.2172
1.2186
1.22
1.2214
1.2229
1.2243
1.2257
1.227
1.2284
1.2298
1.2312
1.2325
1.2339
1.2352
1.2366
1.2379
1.2392
1.2405
1.2418
1.2431
1.2444
1.2457
1.247
1.2482
1.2495
1.2507
1.252
1.2532
1.2544
1.2556
1.2568
1.258
1.2592
1.2604
1.2615
1.2627
1.2638
1.2649
1.2661
1.2672
1.2683
1.2694
1.2705
1.2715
1.2726
1.2736
1.2747
1.2757
1.2767
1.2777
1.2787
1.2797
1.2807
1.2816
1.2826
1.2835
1.2845
1.2854
1.2863
1.2872
1.288
1.2889
1.2898
1.2906
1.2914
1.2923
1.2931
1.2939
1.2947
1.2954
1.2962
1.2969
1.2977
1.2984
1.2991
1.2998
1.3005
1.3011
1.3018
1.3024
1.3031
1.3037
1.3043
1.3049
1.3054
1.306
1.3066
1.3071
1.3076
1.3081
1.3086
1.3091
1.3096
1.31
1.3105
1.3109
1.3113
1.3117
1.3121
1.3124
1.3128
1.3131
1.3135
1.3138
1.3141
1.3144
1.3146
1.3149
1.3151
1.3154
1.3156
1.3158
1.3159
1.3161
1.3163
1.3164
1.3165
1.3166
1.3167
1.3168
1.3169
1.3169
1.317
1.317
1.317
1.317
1.317
1.3169
1.3169
1.3168
1.3167
1.3166
1.3165
1.3164
1.3162
1.3161
1.3159
1.3157
1.3155
1.3153
1.315
1.3148
1.3145
1.3143
1.314
1.3136
1.3133
1.313
1.3126
1.3123
1.3119
1.3115
1.3111
1.3106
1.3102
1.3097
1.3093
1.3088
1.3083
1.3078
1.3072
1.3067
1.3061
1.3056
1.305
1.3044
1.3038
1.3031
1.3025
1.3018
1.3011
1.3004
1.2997
1.299
1.2983
1.2975
1.2968
1.296
1.2952
1.2944
1.2936
1.2928
1.2919
1.2911
1.2902
1.2893
1.2884
1.2875
1.2866
1.2856
1.2847
1.2837
1.2827
1.2817
1.2807
1.2797
1.2787
1.2776
1.2766
1.2755
1.2744
1.2733
1.2722
1.2711
1.2699
1.2688
1.2676
1.2665
1.2653
1.2641
1.2629
1.2616
1.2604
1.2592
1.2579
1.2566
1.2554
1.2541
1.2528
1.2515
1.2501
1.2488
1.2474
1.2461
1.2447
1.2433
1.2419
1.2405
1.2391
1.2377
1.2363
1.2348
1.2334
1.2319
1.2304
1.229
1.2275
1.226
1.2244
1.2229
1.2214
1.2199
1.2183
1.2167
1.2152
1.2136
1.212
1.2104
1.2088
1.2072
1.2056
1.204
1.2023
1.2007
1.199
1.1974
1.1957
1.194
1.1923
1.1906
1.1889
1.1872
1.1855
1.1838
1.1821
1.1803
1.1786
1.1769
1.1751
1.1733
1.1716
1.1698
1.168
1.1663
1.1645
1.1627
1.1609
1.1591
1.1573
1.1554
1.1536
1.1518
1.15
1.1481
1.1463
1.1444
1.1426
1.1407
1.1389
1.137
1.1352
1.1333
1.1314
1.1295
1.1277
1.1258
1.1239
1.122
1.1201
1.1182
1.1163
1.1144
1.1125
1.1106
1.1087
1.1068
1.1049
1.103
1.101
1.0991
1.0972
1.0953
1.0934
1.0914
1.0895
1.0876
1.0857
1.0837
1.0818
1.0799
1.0779
1.076
1.0741
1.0722
1.0702
1.0683
1.0664
1.0644
1.0625
1.0606
1.0587
1.0567
1.0548
1.0529
1.051
1.049
1.0471
1.0452
1.0433
1.0414
1.0394
1.0375
1.0356
1.0337
1.0318
1.0299
1.028
1.0261
1.0242
1.0223
1.0204
1.0185
1.0166
1.0147
1.0129
1.011
1.0091
1.0072
1.0054
1.0035
1.0016
0.99979
0.99794
0.99609
0.99424
0.9924
0.99057
0.98873
0.98691
0.98508
0.98326
0.98145
0.97964
0.97784
0.97604
0.97424
0.97245
0.97067
0.96889
0.96712
0.96535
0.96358
0.96183
0.96008
0.95833
0.95659
0.95486
0.95313
0.9514
0.94969
0.94798
0.94627
0.94458
0.94289
0.9412
0.93952
0.93785
0.93619
0.93453
0.93288
0.93123
0.9296
0.92797
0.92634
0.92473
0.92312
0.92151
0.91992
0.91833
0.91675
0.91518
0.91362
0.91206
0.91051
0.90897
0.90743
0.90591
0.90439
0.90288
0.90138
0.89988
0.8984
0.89692
0.89545
0.89399
0.89253
0.89109
0.88965
0.88822
0.8868
0.88539
0.88399
0.88259
0.88121
0.87983
0.87846
0.8771
0.87575
0.87441
0.87308
0.87175
0.87044
0.86913
0.86784
0.86655
0.86527
0.864
0.86274
0.86149
0.86024
0.85901
0.85779
0.85657
0.85537
0.85417
0.85299
0.85181
0.85064
0.84948
0.84833
0.8472
0.84607
0.84495
0.84384
0.84274
0.84164
0.84056
0.83949
0.83843
0.83738
0.83633
0.8353
0.83428
0.83326
0.83226
0.83127
0.83028
0.82931
0.82834
0.82739
0.82644
0.82551
0.82458
0.82367
0.82276
0.82187
0.82098
0.82011
0.81924
0.81839
0.81754
0.81671
0.81588
0.81506
0.81426
0.81346
0.81268
0.8119
0.81113
0.81038
0.80963
0.8089
0.80817
0.80745
0.80675
0.80605
0.80537
0.80469
0.80402
0.80337
0.80272
0.80209
0.80146
0.80084
0.80024
0.79964
0.79905
0.79848
0.79791
0.79735
0.7968
0.79627
0.79574
0.79522
0.79472
0.79422
0.79373
0.79325
0.79278
0.79232
0.79188
0.79144
0.79101
0.79059
0.79018
0.78978
0.78939
0.78901
0.78863
0.78827
0.78792
0.78758
0.78724
0.78692
0.78661
0.7863
0.78601
0.78572
0.78545
0.78518
0.78492
0.78468
0.78444
0.78421
0.78399
0.78378
0.78358
0.78339
0.7832
0.78303
0.78286
0.78271
0.78256
0.78243
0.7823
0.78218
0.78207
0.78197
0.78188
0.78179
0.78172
0.78165
0.7816
0.78155
0.78151
0.78148
0.78146
0.78144
0.78144
0.78144
0.78146
0.78148
0.78151
0.78154
0.78159
0.78165
0.78171
0.78178
0.78186
0.78195
0.78204
0.78215
0.78226
0.78238
0.78251
0.78265
0.78279
0.78294
0.7831
0.78327
0.78345
0.78363
0.78382
0.78402
0.78423
0.78444
0.78466
0.78489
0.78513
0.78537
0.78563
0.78588
0.78615
0.78642
0.7867
0.78699
0.78729
0.78759
0.7879
0.78821
0.78853
0.78886
0.7892
0.78954
0.78989
0.79025
0.79061
0.79098
0.79135
0.79174
0.79213
0.79252
0.79292
0.79333
0.79374
0.79416
0.79459
0.79502
0.79546
0.7959
0.79635
0.7968
0.79726
0.79773
0.7982
0.79868
0.79916
0.79965
0.80015
0.80065
0.80115
0.80166
0.80218
0.8027
0.80322
0.80375
0.80429
0.80483
0.80537
0.80592
0.80647
0.80703
0.8076
0.80816
0.80873
0.80931
0.80989
0.81048
0.81107
0.81166
0.81226
0.81286
0.81346
0.81407
0.81469
0.8153
0.81592
0.81655
0.81717
0.8178
0.81844
0.81908
0.81972
0.82036
0.82101
0.82166
0.82231
0.82297
0.82363
0.82429
0.82495
0.82562
0.82629
0.82696
0.82764
0.82831
0.82899
0.82967
0.83036
0.83104
0.83173
0.83242
0.83312
0.83381
0.8345
0.8352
0.8359
0.8366
0.8373
0.83801
0.83871
0.83942
0.84012
0.84083
0.84154
0.84225
0.84296
0.84368
0.84439
0.8451
0.84582
0.84653
0.84725
0.84797
0.84868
0.8494
0.85012
0.85083
0.85155
0.85227
0.85298
0.8537
0.85442
0.85514
0.85585
0.85657
0.85728
0.858
0.85871
0.85943
0.86014
0.86085
0.86156
0.86228
0.86298
0.86369
0.8644
0.86511
0.86581
0.86652
0.86722
0.86792
0.86862
0.86932
0.87001
0.87071
0.8714
0.87209
0.87278
0.87346
0.87415
0.87483
0.87551
0.87619
0.87687
0.87754
0.87821
0.87888
0.87955
0.88021
0.88087
0.88153
0.88218
0.88284
0.88349
0.88413
0.88478
0.88542
0.88605
0.88669
0.88732
0.88795
0.88857
0.88919
0.88981
0.89042
0.89103
0.89164
0.89224
0.89284
0.89344
0.89403
0.89462
0.8952
0.89578
0.89635
0.89693
0.89749
0.89806
0.89862
0.89917
0.89972
0.90027
0.90081
0.90134
0.90188
0.9024
0.90293
0.90345
0.90396
0.90447
0.90497
0.90547
0.90597
0.90646
0.90694
0.90742
0.9079
0.90837
0.90883
0.90929
0.90975
0.91019
0.91064
0.91108
0.91151
0.91194
0.91236
0.91278
0.91319
0.9136
0.914
0.91439
0.91478
0.91517
0.91555
0.91592
0.91629
0.91665
0.917
0.91735
0.9177
0.91804
0.91837
0.9187
0.91902
0.91934
0.91965
0.91995
0.92025
0.92054
0.92083
0.92111
0.92138
0.92165
0.92191
0.92217
0.92242
0.92266
0.9229
0.92313
0.92336
0.92358
0.92379
0.924
0.9242
0.9244
0.92459
0.92477
0.92495
0.92512
0.92529
0.92545
0.9256
0.92575
0.92589
0.92603
0.92615
0.92628
0.92639
0.92651
0.92661
0.92671
0.9268
0.92689
0.92697
0.92704
0.92711
0.92718
0.92723
0.92728
0.92733
0.92737
0.9274
0.92743
0.92745
0.92746
0.92747
0.92748
0.92747
0.92747
0.92745
0.92743
0.92741
0.92738
0.92734
0.9273
0.92725
0.92719
0.92713
0.92707
0.927
0.92692
0.92684
0.92675
0.92666
0.92656
0.92646
0.92635
0.92623
0.92611
0.92599
0.92586
0.92572
0.92558
0.92544
0.92529
0.92513
0.92497
0.9248
0.92463
0.92446
0.92428
0.92409
0.9239
0.9237
0.9235
0.9233
0.92309
0.92287
0.92266
0.92243
0.9222
0.92197
0.92174
0.92149
0.92125
0.921
0.92074
0.92049
0.92022
0.91996
0.91969
0.91941
0.91913
0.91885
0.91856
0.91827
0.91798
0.91768
0.91738
0.91707
0.91677
0.91645
0.91614
0.91582
0.9155
0.91517
0.91484
0.91451
0.91417
0.91383
0.91349
0.91315
0.9128
0.91245
0.91209
0.91174
0.91138
0.91101
0.91065
0.91028
0.90991
0.90954
0.90917
0.90879
0.90841
0.90803
0.90764
0.90726
0.90687
0.90648
0.90609
0.90569
0.90529
0.9049
0.9045
0.9041
0.90369
0.90329
0.90288
0.90247
0.90206
0.90165
0.90124
0.90083
0.90041
0.9
0.89958
0.89916
0.89875
0.89833
0.89791
0.89749
0.89706
0.89664
0.89622
0.89579
0.89537
0.89495
0.89452
0.8941
0.89367
0.89324
0.89282
0.89239
0.89197
0.89154
0.89112
0.89069
0.89026
0.88984
0.88941
0.88899
0.88857
0.88814
0.88772
0.8873
0.88687
0.88645
0.88603
0.88561
0.88519
0.88478
0.88436
0.88394
0.88353
0.88312
0.8827
0.88229
0.88188
0.88147
0.88107
0.88066
0.88026
0.87986
0.87946
0.87906
0.87866
0.87826
0.87787
0.87748
0.87709
0.8767
0.87632
0.87593
0.87555
0.87517
0.8748
0.87442
0.87405
0.87368
0.87331
0.87295
0.87259
0.87223
0.87187
0.87152
0.87117
0.87082
0.87047
0.87013
0.86979
0.86946
0.86912
0.86879
0.86847
0.86814
0.86782
0.86751
0.86719
0.86688
0.86657
0.86627
0.86597
0.86567
0.86538
0.86509
0.86481
0.86453
0.86425
0.86397
0.8637
0.86344
0.86317
0.86292
0.86266
0.86241
0.86217
0.86192
0.86169
0.86145
0.86122
0.861
0.86078
0.86056
0.86035
0.86014
0.85994
0.85974
0.85955
0.85936
0.85918
0.859
0.85882
0.85865
0.85849
0.85833
0.85817
0.85802
0.85787
0.85773
0.8576
0.85747
0.85734
0.85722
0.8571
0.85699
0.85689
0.85679
0.85669
0.8566
0.85652
0.85644
0.85637
0.8563
0.85623
0.85618
0.85612
0.85608
0.85604
0.856
0.85597
0.85595
0.85593
0.85591
0.85591
0.8559
0.85591
0.85592
0.85593
0.85595
0.85598
0.85601
0.85605
0.85609
0.85614
0.8562
0.85626
0.85633
0.8564
0.85648
0.85657
0.85666
0.85675
0.85686
0.85697
0.85708
0.8572
0.85733
0.85746
0.8576
0.85775
0.8579
0.85806
0.85822
0.85839
0.85857
0.85875
0.85894
0.85914
0.85934
0.85954
0.85976
0.85998
0.8602
0.86044
0.86067
0.86092
0.86117
0.86143
0.86169
0.86196
0.86224
