2.1981
2.1098
1.8962
1.4021
0.84794
0.50743
0.38057
0.42063
0.4874
0.54749
0.64764
0.74779
0.79452
0.64096
0.58755
0.70773
0.95476
1.302
1.4288
1.2352
0.86797
0.67434
0.68102
1.0149
1.6224
2.1699
2.6373
2.8776
2.7374
2.2634
1.5356
0.84794
0.38725
0.16024
0.17359
0.14689
0.15356
0.25371
0.30713
0.46069
0.56084
0.50075
0.43398
0.34051
0.27374
0.24704
0.22701
0.24704
0.36054
0.58087
0.83458
1.0349
1.095
1.0149
0.84794
0.76114
0.82791
1.135
1.6158
2.0698
2.2767
2.1966
1.8962
1.4956
1.1818
0.98147
0.95476
0.98147
0.99482
0.95476
0.78785
0.62093
0.5141
0.54749
0.64764
0.74779
0.77449
0.64764
0.44066
0.24036
0.15356
0.14689
0.25371
0.43398
0.64764
0.93473
1.1951
1.3754
1.4221
1.4021
1.4288
1.6024
1.9162
2.3502
2.7641
2.9911
3.0045
2.7575
2.3235
1.7159
1.135
0.64096
0.27374
0.18027
0.26039
0.46069
0.70105
0.90803
0.98147
0.92138
0.75446
0.56752
0.44734
0.43398
0.56084
0.69437
0.74111
0.66099
0.47404
0.34719
0.38057
0.44734
0.46737
0.44734
0.45401
0.61425
0.87464
1.1083
1.1684
1.0282
0.74111
0.52746
0.38057
0.33383
0.4006
0.40728
0.44734
0.55416
0.66767
0.68102
0.56752
0.38725
0.32716
0.42063
0.58755
0.7144
0.70773
0.55416
0.37389
0.28042
0.2871
0.39392
0.46069
0.38725
0.30713
0.32048
0.4874
0.79452
0.98815
0.98815
0.83458
0.58755
0.42731
0.44066
0.60758
0.83458
1.0416
1.0683
0.86129
0.66099
0.5141
0.44734
0.5141
0.46737
0.34051
0.26707
0.20698
0.21365
0.24779
0.36924
0.54264
0.76627
0.95427
0.97865
0.90658
0.7391
0.50753
0.37818
0.31325
0.27418
0.26802
0.22826
0.18788
0.30164
0.6052
0.96506
1.3358
1.5762
1.655
1.5323
1.3071
1.0733
0.84308
0.67467
0.56306
0.52282
0.52851
0.68104
0.93473
1.1551
1.2485
1.1484
0.90803
0.60758
0.45401
0.42063
0.45401
0.45401
0.36722
0.36054
0.4874
0.80788
1.2285
1.5089
1.6091
1.4889
1.2152
0.93473
0.64096
0.44066
0.35386
0.33383
0.36054
0.44734
0.54749
0.62761
0.67434
0.62761
0.58087
0.53413
0.61425
0.8012
0.92138
0.89467
0.69437
0.50743
0.42731
0.47404
0.58755
0.60758
0.57419
0.58087
0.64764
0.77449
0.82123
0.73443
0.54081
0.3138
0.16024
0.093473
0.1135
0.18695
0.30713
0.46737
0.57419
0.62761
0.59422
0.50075
0.42063
0.34719
0.25371
0.36054
0.62093
0.94141
1.2953
1.4088
1.2819
1.0215
0.73443
0.47404
0.29377
0.18027
0.093473
0.073443
0.10015
0.12686
0.23368
0.32716
0.4006
0.50075
0.52746
0.50743
0.42063
0.28042
0.17359
0.10683
0.10015
0.19362
0.26707
0.35386
0.43398
0.46069
0.45401
0.35386
0.2871
0.36054
0.54749
0.90135
1.2752
1.5223
1.6224
1.549
1.4088
1.2152
1.095
1.0816
1.1551
1.2352
1.2285
1.1083
0.78785
0.52746
0.39392
0.29377
0.28042
0.26707
0.24704
0.32048
0.42731
0.4874
0.56752
0.68102
0.90135
1.2085
1.4155
1.4355
1.1884
0.79452
0.58755
0.52746
0.56752
0.54081
0.38725
0.26039
0.22701
0.33383
0.47404
0.67434
1.0282
1.4889
1.9696
2.3435
2.4503
2.2901
1.9496
1.5356
1.1736
0.90607
0.64817
0.49728
0.49814
0.58375
0.82303
1.0842
1.203
1.1884
0.98525
0.68137
0.45123
0.30148
0.2552
0.27516
0.22153
0.1532
0.13896
0.089498
0.10996
0.25851
0.40266
0.54526
0.59026
0.4456
0.41815
0.54924
0.87214
1.4064
1.776
1.8895
1.7226
1.3086
0.84794
0.58755
0.50743
0.58755
0.80788
1.0015
1.1551
1.2485
1.2085
1.0082
0.74111
0.47404
0.37389
0.42731
0.50075
0.56752
0.44734
0.27374
0.2003
0.26039
0.40728
0.61425
0.75446
0.75446
0.62761
0.44734
0.46069
0.66099
1.0015
1.2752
1.2886
1.115
0.84126
0.59422
0.42731
0.32048
0.26707
0.19362
0.22033
0.32048
0.4006
0.40728
0.4874
0.68102
1.1284
1.8361
2.3702
2.684
2.6573
2.3569
1.9763
1.5623
1.1751
0.76782
0.56084
0.53413
0.72776
1.1017
1.3554
1.4555
1.3687
1.1417
0.90135
0.65431
0.46069
0.33383
0.30045
0.38725
0.55416
0.7144
0.74779
0.66099
0.57419
0.52746
0.56752
0.6877
0.76782
0.888
1.0549
1.342
1.7493
2.21
2.6039
2.7508
2.6239
2.3168
1.9095
1.3821
0.96144
0.82791
0.86129
1.1617
1.4555
1.5156
1.4355
1.1818
0.82791
0.64764
0.56752
0.56752
0.62093
0.45401
0.2871
0.15356
0.093473
0.13353
0.14021
0.16692
0.23368
0.2871
0.26039
0.27374
0.2871
0.36722
0.54081
0.61425
0.63428
0.59422
0.52746
0.44066
0.35386
0.25371
0.19362
0.16692
0.16692
0.26039
0.35386
0.48072
0.57419
0.55416
0.49407
0.49407
0.49407
0.48072
0.42731
0.30045
0.24704
0.24036
0.25371
0.30713
0.34051
0.34051
0.37389
0.34051
0.2745
0.22927
0.22408
0.27227
0.34006
0.43348
0.51925
0.61043
0.65567
0.6941
0.68135
0.60497
0.47059
0.3475
0.30824
0.32798
0.38016
0.41239
0.45087
0.5214
0.65577
0.74529
0.70699
0.57771
0.4597
0.47189
0.62871
0.87849
1.1833
1.4463
1.6224
1.7293
1.7226
1.6091
1.3954
1.1684
0.88132
0.56752
0.44734
0.43398
0.57419
0.77449
0.76782
0.62093
0.38725
0.19362
0.093473
0.046737
0.06009
0.12018
0.18027
0.19362
0.28042
0.33383
0.49407
0.70773
0.78117
0.74111
0.54081
0.32716
0.21365
0.16024
0.14689
0.15356
0.14689
0.16692
0.21365
0.20698
0.16024
0.13353
0.073443
0.093473
0.073443
0.053413
0.14021
0.33383
0.65431
0.98147
1.2152
1.2953
1.1951
0.96812
0.69437
0.47404
0.48072
0.69437
0.97479
1.1951
1.2419
1.1284
0.98815
0.84794
0.6877
0.48072
0.38725
0.40728
0.52078
0.76114
0.92138
0.98147
1.0683
1.1484
1.302
1.5023
1.6091
1.6358
1.5356
1.2953
0.89467
0.68102
0.59422
0.58087
0.75446
0.81455
0.82123
0.89467
0.96144
0.96144
0.86129
0.68102
0.42731
0.26707
0.24704
0.33383
0.58755
0.84126
1.0215
1.1617
1.1484
0.97479
0.69437
0.48072
0.41395
0.6009
0.96812
1.2886
1.5423
1.6291
1.5356
1.2552
0.87464
0.48072
0.22033
0.093473
0.10683
0.29377
0.50075
0.69437
0.75446
0.58087
0.49407
0.4874
0.49407
0.57419
0.53413
0.43398
0.44734
0.5141
0.58087
0.58755
0.52746
0.42063
0.2871
0.18027
0.12018
0.10683
0.086797
0.21365
0.42731
0.70773
1.0416
1.2485
1.2953
1.1818
1.0683
0.96812
0.9147
0.94809
0.9473
0.873
0.73379
0.58933
0.48502
0.4597
0.45406
0.39611
0.31159
0.2327
0.17268
0.13896
0.11152
0.11881
0.20145
0.4063
0.61157
0.71306
0.67501
0.5214
0.43034
0.48162
0.62333
0.77798
0.86246
0.86338
0.85781
0.91136
1.0248
1.127
1.2085
1.1684
1.0149
0.82123
0.61425
0.44734
0.30713
0.24704
0.24704
0.23368
0.2871
0.36054
0.47404
0.6877
0.93473
1.1417
1.2886
1.3554
1.2552
1.095
0.86129
0.58755
0.55416
0.72108
1.0015
1.362
1.5156
1.4956
1.4622
1.4822
1.569
1.6491
1.6825
1.5423
1.2285
0.84794
0.54081
0.32048
0.22701
0.24704
0.32716
0.50075
0.74779
1.0149
1.1417
1.1751
1.2085
1.2152
1.2752
1.3687
1.5423
1.7359
1.9296
2.0698
2.0764
2.0431
1.9563
1.8761
1.6625
1.362
0.99482
0.6009
0.34719
0.22701
0.2871
0.36054
0.40728
0.44734
0.45401
0.46069
0.46737
0.37389
0.30713
0.35386
0.49407
0.69437
0.82123
0.8012
0.68102
0.58087
0.44734
0.32048
0.25371
0.17359
0.15356
0.14689
0.1135
0.086797
0.026707
0.033383
0.06009
0.08012
0.18027
0.33383
0.52746
0.76782
0.96144
1.0749
1.135
1.0883
0.96812
0.82791
0.67434
0.52078
0.36722
0.3138
0.34051
0.46737
0.64764
0.66099
0.55416
0.36054
0.18027
0.10683
0.15356
0.2871
0.35386
0.36722
0.27374
0.16024
0.1135
0.22033
0.52078
0.88132
1.3153
1.6425
1.796
1.8027
1.6825
1.4956
1.2352
1.0282
0.87464
0.84126
0.93473
1.115
1.2352
1.2886
1.3287
1.322
1.342
1.322
1.2686
1.095
0.88132
0.73443
0.63428
0.66099
0.69436
0.65459
0.47656
0.29224
0.16647
0.092646
0.16216
0.31718
0.53985
0.87853
1.2119
1.4234
1.5031
1.4583
1.3704
1.2644
1.1899
1.0278
0.77644
0.57277
0.43684
0.44264
0.57815
0.65541
0.59026
0.4456
0.41155
0.58883
0.95819
1.4597
1.8962
2.1566
2.2367
2.1632
2.0564
1.9629
1.9429
1.9162
1.7293
1.4088
1.0416
0.81455
0.74111
0.82123
0.92806
0.9147
0.74779
0.50075
0.29377
0.18695
0.16024
0.16692
0.14689
0.10015
0.073443
0.12686
0.2871
0.46069
0.63428
0.66099
0.50075
0.38057
0.32048
0.4006
0.55416
0.54081
0.46737
0.4006
0.41395
0.52746
0.69437
0.89467
1.1017
1.302
1.3687
1.2552
0.92138
0.64096
0.57419
0.61425
0.76782
0.78785
0.6009
0.40728
0.21365
0.10683
0.18695
0.26707
0.36722
0.44734
0.37389
0.3138
0.35386
0.39392
0.45401
0.39392
0.41395
0.54749
0.82123
1.2419
1.5423
1.6358
1.529
1.302
1.0215
0.84126
0.73443
0.65431
0.5141
0.46069
0.53413
0.67434
0.92806
1.1217
1.2352
1.3821
1.5356
1.6491
1.7026
1.6558
1.4555
1.1751
0.83458
0.49407
0.30713
0.18027
0.16024
0.16692
0.14689
0.27374
0.52078
0.88132
1.2218
1.4288
1.549
1.5957
1.6625
1.7426
1.796
1.8161
1.776
1.7159
1.5757
1.4088
1.2953
1.2686
1.3353
1.3821
1.3821
1.2285
1.0149
0.82123
0.70105
0.68102
0.76114
0.99482
1.2552
1.4889
1.5957
1.549
1.3821
1.2218
1.1083
0.96812
0.78785
0.56752
0.38725
0.27374
0.26039
0.32716
0.35386
0.33383
0.29377
0.25371
0.16024
0.14689
0.15356
0.12018
0.14089
0.16906
0.25748
0.39172
0.55056
0.63578
0.57122
0.47443
0.44264
0.5403
0.81467
1.1038
1.2844
1.321
1.2894
1.2956
1.4271
1.6656
1.887
1.9471
1.7559
1.3424
0.89279
0.62954
0.49896
0.49158
0.43796
0.37721
0.42871
0.48788
0.56752
0.52078
0.40728
0.35386
0.42731
0.56084
0.59422
0.49407
0.46069
0.56084
0.88132
1.362
1.7092
1.9029
1.9229
1.8027
1.6024
1.3754
1.1217
0.86797
0.59422
0.46069
0.53413
0.78117
1.115
1.3821
1.5089
1.5557
1.5957
1.6425
1.6491
1.5957
1.4956
1.2352
0.94809
0.74111
0.72776
0.93473
1.1951
1.3287
1.1217
0.85461
0.72776
0.66099
0.69437
0.62761
0.63428
0.78117
1.095
1.4088
1.4488
1.2152
0.80788
0.54749
0.39392
0.47404
0.67434
0.76782
0.85461
0.89467
0.92138
0.90803
0.76114
0.58087
0.55416
0.68102
0.99482
1.3821
1.6091
1.6091
1.3887
0.95476
0.76114
0.84126
1.0816
1.4488
1.569
1.4755
1.3487
1.3287
1.3954
1.4889
1.4488
1.1818
0.83458
0.6009
0.46737
0.38725
0.33383
0.24036
0.15356
0.26039
0.46069
0.64764
0.77449
0.67434
0.59422
0.68102
0.97479
1.4755
1.8895
2.0631
2.003
1.7827
1.4822
1.2485
1.2018
1.3086
1.4221
1.3687
1.1217
0.75446
0.50075
0.46069
0.52746
0.60758
0.63428
0.58755
0.52078
0.41395
0.32716
0.34719
0.44066
0.6009
0.7144
0.67434
0.4874
0.33383
0.16024
0.16692
0.37389
0.66099
0.9147
0.92138
0.7144
0.43398
0.24036
0.18695
0.22701
0.22033
0.21365
0.17359
0.18027
0.43398
0.80788
1.1684
1.3887
1.2218
0.82084
0.56181
0.50961
0.70736
1.058
1.3136
1.3998
1.3008
1.0508
0.67494
0.52783
0.65594
0.99016
1.5082
1.863
1.9379
1.7515
1.3156
0.89636
0.68135
0.51452
0.44264
0.4092
0.31606
0.25503
0.32018
0.51045
0.70087
0.89935
0.8874
0.76782
0.78785
0.97479
1.3754
1.7293
1.7693
1.5824
1.3153
1.0749
0.98815
0.96812
0.92138
0.72108
0.68102
0.78785
1.0215
1.3821
1.5089
1.4221
1.1284
0.72776
0.50075
0.39392
0.38725
0.42063
0.29377
0.2003
0.18027
0.16024
0.16692
0.17359
0.17359
0.18695
0.2003
0.2003
0.12686
0.14689
0.17359
0.20698
0.34051
0.46737
0.58087
0.62761
0.57419
0.44066
0.41395
0.50743
0.70773
0.99482
1.2018
1.2886
1.2552
1.0282
0.6877
0.42063
0.23368
0.16024
0.18027
0.13353
0.18027
0.34051
0.54081
0.73443
0.7144
0.62761
0.66099
0.79452
1.0282
1.2285
1.2018
0.96812
0.70105
0.41395
0.22701
0.14689
0.12686
0.14689
0.28042
0.50075
0.81455
1.1684
1.3687
1.3554
1.0616
0.76782
0.66099
0.85461
1.3086
1.7626
2.0764
2.2033
2.21
2.1299
1.9429
1.6558
1.2218
0.78785
0.4874
0.24704
0.26707
0.41395
0.46069
0.50743
0.46069
0.30713
0.32048
0.61425
1.135
1.8361
2.437
2.8109
2.7908
2.4971
2.0764
1.6024
1.1951
0.84126
0.53413
0.36722
0.42731
0.68102
1.0349
1.2886
1.2018
0.94141
0.76114
0.68102
0.87464
1.1284
1.1818
1.095
0.89467
0.58755
0.38057
0.30045
0.37389
0.52746
0.6009
0.50743
0.4006
0.30045
0.17359
0.24704
0.32716
0.54749
0.9147
1.1751
1.2819
1.1736
0.83992
0.61521
0.55648
0.62247
0.78488
0.77798
0.61688
0.44915
0.4043
0.52783
0.75746
1.0341
1.3147
1.5948
1.8006
1.8889
1.8469
1.6113
1.2496
0.84046
0.5721
0.52637
0.62954
0.70068
0.60941
0.51703
0.51622
0.69384
0.97392
1.1818
1.3353
1.4755
1.6224
1.796
1.9429
1.9429
1.7693
1.3887
0.87464
0.62093
0.59422
0.75446
1.0549
1.2018
1.2619
1.2953
1.322
1.2419
1.0883
0.84794
0.60758
0.50743
0.50075
0.57419
0.55416
0.43398
0.2871
0.22033
0.32048
0.47404
0.57419
0.56752
0.48072
0.48072
0.66099
0.95476
1.2819
1.5557
1.8027
1.9696
2.0631
2.0497
1.9229
1.7426
1.549
1.3754
1.1217
0.77449
0.62093
0.56752
0.64764
0.81455
0.78785
0.64764
0.49407
0.4006
0.32716
0.35386
0.36722
0.33383
0.30713
0.3138
0.34051
0.34719
0.4006
0.56752
0.82791
1.1751
1.4822
1.5423
1.4288
1.2552
1.0883
1.0349
1.1484
1.3887
1.6224
1.6892
1.549
1.2152
0.87464
0.64764
0.54081
0.45401
0.36054
0.26707
0.14021
0.16024
0.24704
0.23368
0.34719
0.56084
0.84794
1.1484
1.1284
0.92138
0.75446
0.74779
0.89467
0.94141
0.72776
0.42731
0.20698
0.15356
0.28042
0.42731
0.46069
0.41395
0.32048
0.29377
0.41395
0.59422
0.82123
1.0683
1.2752
1.3353
1.1684
0.89467
0.74779
0.78785
0.94141
1.0149
0.9147
0.72776
0.60758
0.58087
0.52746
0.43398
0.46069
0.56752
0.7144
0.79452
0.67434
0.6877
0.87464
1.3954
2.1566
2.8109
3.3717
3.7056
3.7656
3.5119
3.0179
2.3902
1.7293
1.1617
0.70105
0.36122
0.23595
0.23745
0.40494
0.6551
0.76546
0.67479
0.69414
0.74529
0.85315
1.0357
0.87746
0.63057
0.42561
0.37379
0.43221
0.41914
0.36028
0.34018
0.46981
0.67494
0.86012
0.87361
0.69417
0.4597
0.23364
0.11783
0.069138
0.10182
0.10074
0.20698
0.44066
0.67434
0.85461
0.78785
0.62093
0.52078
0.6009
0.86797
1.1684
1.2686
1.0749
0.83458
0.64764
0.55416
0.58087
0.49407
0.37389
0.25371
0.2003
0.2003
0.14689
0.10683
0.2003
0.46069
0.84794
1.2285
1.362
1.1818
0.86129
0.70773
0.82791
1.1617
1.4155
1.342
1.0616
0.76114
0.54749
0.59422
0.69437
0.7144
0.60758
0.48072
0.43398
0.52078
0.68102
0.7144
0.66099
0.52746
0.34719
0.25371
0.21365
0.19362
0.2003
0.24036
0.30045
0.28042
0.30045
0.34051
0.34719
0.38057
0.36054
0.38057
0.42063
0.61425
0.93473
1.1751
1.4555
1.7626
2.0631
2.2167
2.1098
1.6425
1.135
0.89467
0.888
1.1684
1.4755
1.6224
1.7092
1.6692
1.5023
1.1617
0.72776
0.44734
0.4006
0.58755
0.90803
1.135
1.2285
1.1551
0.96144
0.67434
0.43398
0.37389
0.36722
0.42063
0.38725
0.28042
0.32048
0.45401
0.56752
0.57419
0.44066
0.34719
0.2871
0.24704
0.22701
0.18027
0.23368
0.44066
0.7144
0.94809
1.1551
1.3353
1.5356
1.7226
1.8361
1.8828
1.8361
1.7159
1.529
1.3353
1.1217
1.0082
0.99482
0.96144
0.888
0.76114
0.66099
0.61425
0.6877
0.888
1.1818
1.5156
1.7493
1.7827
1.529
1.1083
0.6877
0.34051
0.14689
0.086797
0.10683
0.22033
0.36722
0.46737
0.47404
0.4079
0.30933
0.33072
0.44456
0.52437
0.54466
0.44099
0.37644
0.33797
0.36509
0.3527
0.30067
0.36682
0.51579
0.68139
0.76981
0.69405
0.49634
0.30067
0.17268
0.15143
0.23847
0.35016
0.40825
0.35452
0.28033
0.28559
0.33737
0.46881
0.64109
0.75446
0.77449
0.65431
0.52078
0.4874
0.56752
0.75446
0.87464
0.96144
1.0349
1.0883
1.0616
0.80788
0.63428
0.64096
0.76114
1.0149
1.1217
0.98815
0.77449
0.58087
0.43398
0.34719
0.25371
0.26039
0.34719
0.44066
0.49407
0.46069
0.35386
0.32716
0.42063
0.53413
0.68102
0.75446
0.69437
0.62093
0.61425
0.66767
0.76114
0.73443
0.52746
0.34719
0.18695
0.12686
0.14689
0.12018
0.12686
0.22033
0.42731
0.67434
0.94809
1.0683
0.92138
0.66099
0.38057
0.22033
0.22033
0.37389
0.53413
0.63428
0.6877
0.63428
0.54081
0.43398
0.34051
0.21365
0.14021
0.1135
0.086797
0.13353
0.19362
0.20698
0.19362
0.14689
0.13353
0.18695
0.23368
0.30045
0.36722
0.52746
0.8012
1.0616
1.1884
1.0616
0.82123
0.65431
0.66099
0.87464
1.1818
1.4689
1.6091
1.5757
1.3554
0.92138
0.66767
0.56084
0.6009
0.75446
0.67434
0.47404
0.32048
0.15356
0.14021
0.22701
0.25371
0.26039
0.36722
0.62093
1.0482
1.6959
2.1899
2.4103
2.2834
1.9229
1.4555
1.0349
0.80788
0.70105
0.75446
0.92806
1.1284
1.2085
1.1017
0.85461
0.53413
0.32716
0.26707
0.34051
0.45401
0.5141
0.49407
0.37389
0.29377
0.19362
0.28042
0.49407
0.76114
1.1551
1.4822
1.776
1.9896
2.1165
2.0431
1.8027
1.4622
1.0482
0.65431
0.44123
0.33597
0.34401
0.41815
0.34006
0.3347
0.37542
0.49393
0.66208
0.70686
0.72587
0.80173
1.0152
1.3023
1.6136
1.8755
1.9951
2.0346
1.9623
1.815
1.6172
1.4563
1.3453
1.2782
1.2878
1.2848
1.3015
1.2725
1.2564
1.2201
1.1551
1.1484
1.1884
1.2352
1.2085
1.1083
0.86129
0.58087
0.35386
0.22033
0.16692
0.16024
0.20698
0.3138
0.54749
0.88132
1.2686
1.4822
1.529
1.4622
1.2886
1.1617
1.0082
0.78117
0.57419
0.52078
0.64764
0.98147
1.4155
1.7626
1.9229
1.8895
1.6425
1.2419
0.83458
0.46737
0.21365
0.14021
0.15356
0.21365
0.3138
0.36054
0.32048
0.34719
0.52078
0.89467
1.4288
1.8294
1.9229
1.6892
1.2352
0.74779
0.48072
0.44734
0.62761
0.95476
1.2018
1.4221
1.569
1.5757
1.4088
1.0482
0.63428
0.37389
0.21365
0.17359
0.22033
0.13353
0.16024
0.22033
0.24704
0.26039
0.36722
0.54081
0.78117
1.1083
1.2218
1.135
0.96812
0.78785
0.64096
0.53413
0.46069
0.30045
0.26707
0.38725
0.58087
0.83458
0.86797
0.74111
0.6009
0.54081
0.61425
0.76114
0.87464
0.99482
1.1217
1.1818
1.135
0.96812
0.70773
0.44734
0.28042
0.16692
0.10683
0.18027
0.40728
0.82791
1.3487
1.7893
1.9429
1.7293
1.2619
0.8012
0.52078
0.49407
0.52746
0.4874
0.35386
0.18027
0.16024
0.23368
0.41395
0.54749
0.58087
0.49407
0.50075
0.65431
0.92806
1.2285
1.2953
1.1284
0.80788
0.56084
0.40728
0.39392
0.42063
0.4006
0.38725
0.54749
0.97479
1.4755
1.8695
1.8895
1.549
1.1017
0.64764
0.38057
0.28784
0.41578
0.72063
1.0015
1.1553
1.0109
0.69417
0.39611
0.23847
0.37164
0.68135
1.0033
1.2656
1.3335
1.227
1.1271
1.0836
1.0967
1.1101
1.0231
0.83411
0.58498
0.383
0.20943
0.16774
0.20014
0.21216
0.22408
0.15576
0.087343
0.073443
0.15356
0.25371
0.30045
0.30045
0.28042
0.41395
0.72108
1.0482
1.1884
0.98815
0.74779
0.57419
0.53413
0.66099
0.74779
0.87464
1.095
1.4355
1.7092
1.8027
1.7359
1.5356
1.2886
1.0282
0.72776
0.50075
0.40728
0.50743
0.76114
1.0883
1.3821
1.4889
1.4422
1.1684
0.84794
0.52746
0.29377
0.24036
0.29377
0.48072
0.65431
0.67434
0.5141
0.45401
0.5141
0.67434
0.85461
0.84126
0.6877
0.48072
0.3138
0.18027
0.20698
0.33383
0.48072
0.60758
0.59422
0.46069
0.33383
0.2003
0.17359
0.26707
0.38057
0.57419
0.83458
1.1818
1.569
1.8561
1.9296
1.6558
1.1484
0.8012
0.70773
0.96144
1.4822
1.9563
2.2834
2.3769
2.1899
1.7626
1.2085
0.66767
0.34051
0.29377
0.38725
0.56752
0.73443
0.88132
1.0282
1.1884
1.3821
1.5023
1.5023
1.4021
1.1951
0.85461
0.56084
0.38057
0.22701
0.16692
0.22033
0.35386
0.52078
0.74111
0.86797
0.86797
0.90135
0.96812
1.1684
1.4221
1.6224
1.6758
1.4622
1.0349
0.62761
0.32048
0.20698
0.26039
0.30713
0.34719
0.36722
0.33383
0.27374
0.30713
0.36054
0.4874
0.60758
0.58755
0.55416
0.54081
0.62761
0.85461
1.115
1.342
1.4355
1.4021
1.2218
0.97479
0.76782
0.59422
0.5141
0.4874
0.50075
0.46737
0.35386
0.24036
0.14689
0.1342
0.26266
0.3971
0.56306
0.75284
0.90121
0.99
0.96944
0.86649
0.6941
0.54711
0.4638
0.37987
0.28825
0.20821
0.12594
0.11881
0.14631
0.14587
0.19984
0.19906
0.23847
0.35016
0.42135
0.54466
0.67467
0.75972
0.79301
0.78705
0.74096
0.70773
0.72108
0.80788
0.93473
1.0349
1.1083
1.0349
0.81455
0.55416
0.33383
0.22033
0.24704
0.32048
0.32048
0.38725
0.53413
0.75446
1.0349
1.1484
1.0616
0.90803
0.79452
0.80788
0.94141
1.1484
1.322
1.4221
1.4622
1.4088
1.2886
1.1684
1.1551
1.2619
1.4956
1.7626
1.9162
1.8294
1.5023
1.0749
0.68102
0.46069
0.42731
0.52746
0.61425
0.61425
0.4874
0.42063
0.45401
0.52746
0.55416
0.46737
0.36722
0.27374
0.27374
0.26039
0.20698
0.18027
0.23368
0.24704
0.2871
0.46737
0.62093
0.79452
0.82791
0.62761
0.5141
0.49407
0.56752
0.76114
0.90803
1.0883
1.3687
1.6425
1.8161
1.8027
1.6158
1.342
1.0816
0.9147
0.75446
0.54749
0.40728
0.30713
0.41395
0.72776
1.115
1.4822
1.6491
1.5757
1.2218
0.76114
0.35386
0.14689
0.22033
0.48072
0.73443
0.83458
0.75446
0.50075
0.29377
0.18695
0.29377
0.56084
0.82123
1.0349
1.0015
0.74779
0.52078
0.2871
0.14689
0.16024
0.1135
0.086797
0.18695
0.30713
0.38057
0.47404
0.4006
0.25371
0.23368
0.2871
0.41395
0.6009
0.68102
0.70773
0.78117
0.89467
1.0816
1.2686
1.3687
1.3287
1.1951
1.0215
0.84126
0.62761
0.42731
0.26707
0.20698
0.35386
0.60758
0.84126
0.97479
0.90135
0.6877
0.50743
0.45401
0.58087
0.84126
1.087
1.1044
0.9245
0.6746
0.52437
0.53813
0.61659
0.56522
0.44264
0.4043
0.50853
0.82068
1.103
1.2835
1.3268
1.2145
1.0524
0.90225
0.86485
0.87794
0.93556
0.94919
0.86082
0.73932
0.54466
0.38632
0.37849
0.43685
0.55509
0.6544
0.65431
0.62093
0.55416
0.54081
0.55416
0.69437
0.92806
1.0683
1.0616
0.9147
0.7144
0.56752
0.62093
0.78117
0.98147
1.115
1.095
0.94141
0.70773
0.52746
0.46737
0.6009
0.83458
1.1818
1.5156
1.6892
1.7293
1.589
1.3821
1.1751
1.1284
1.1551
1.1684
1.1484
0.94809
0.6877
0.40728
0.2003
0.093473
0.1135
0.34051
0.72108
1.1217
1.3754
1.4422
1.3153
1.1284
1.0215
0.96812
0.96144
0.97479
0.95476
0.81455
0.57419
0.36722
0.17359
0.12018
0.22701
0.34051
0.46069
0.4874
0.38725
0.25371
0.21365
0.24036
0.26039
0.26039
0.16692
0.10683
0.12686
0.20698
0.26039
0.23368
0.24036
0.19362
0.18695
0.28042
0.36722
0.56084
0.79452
0.94809
0.96812
0.85461
0.62761
0.37389
0.2871
0.25371
0.27374
0.34051
0.27374
0.18695
0.10683
0.06009
0.12686
0.26039
0.4006
0.53413
0.62761
0.58087
0.45401
0.37389
0.30713
0.33383
0.41395
0.42731
0.39392
0.30045
0.22701
0.21365
0.26039
0.42731
0.66099
0.86129
1.0215
1.0883
0.94809
0.70773
0.56084
0.4874
0.58755
0.75446
0.76114
0.72776
0.68102
0.63428
0.7144
0.87464
1.0549
1.1884
1.2352
1.115
0.92806
0.76782
0.62093
0.5141
0.37389
0.24704
0.14689
0.13353
0.20698
0.26707
0.33383
0.40728
0.45401
0.52746
0.61425
0.61425
0.53413
0.39456
0.276
0.25748
0.30554
0.34006
0.35452
0.29619
0.21731
0.27847
0.47575
0.78933
1.1415
1.3406
1.3397
1.1521
0.95825
0.90825
0.95251
1.1164
1.3438
1.573
1.7159
1.8098
1.7964
1.6868
1.5762
1.5035
1.5153
1.5273
1.5262
1.4221
1.1818
0.86129
0.53413
0.33383
0.30045
0.42731
0.57419
0.63428
0.64764
0.61425
0.64764
0.6877
0.66767
0.53413
0.38725
0.28042
0.26039
0.33383
0.32716
0.30713
0.27374
0.24704
0.22701
0.22701
0.19362
0.14021
0.25371
0.44734
0.72776
1.0616
1.2218
1.2085
1.0883
0.95476
0.888
0.94141
1.0215
1.0816
1.1217
1.1217
1.1017
1.0549
1.0149
0.9147
0.76782
0.64764
0.55416
0.50075
0.42731
0.34051
0.24704
0.16024
0.22701
0.41395
0.6877
1.0616
1.4488
1.7493
1.8494
1.7426
1.5023
1.2619
1.1884
1.2886
1.4288
1.4822
1.3487
1.0616
0.66099
0.38057
0.24036
0.22033
0.34051
0.43398
0.42063
0.34051
0.22033
0.093473
0.04006
0.093473
0.28042
0.55416
0.96144
1.2886
1.4021
1.3487
1.2018
1.1551
1.2352
1.3754
1.3687
1.095
0.80788
0.67434
0.79452
1.1551
1.5089
1.7626
1.9496
2.1299
2.2701
2.3368
2.2367
1.9362
1.5223
1.0149
0.57419
0.26707
0.16024
0.20698
0.33383
0.52078
0.74111
1.0149
1.2686
1.5557
1.7893
1.9563
2.0898
2.1432
2.1432
2.1365
2.1499
2.0965
1.9429
1.6224
1.1884
0.76114
0.50075
0.36722
0.29377
0.42063
0.64096
1.0683
1.6024
2.023
2.2767
2.3035
2.1499
1.8695
1.5757
1.2352
0.92138
0.61425
0.41395
0.38057
0.43398
0.54118
0.57507
0.53603
0.45116
0.35329
0.23499
0.18248
0.28407
0.45565
0.66217
0.83367
0.95303
1.0717
1.2398
1.3642
1.333
1.1399
0.76996
0.4896
0.45688
0.59814
0.86649
1.0077
0.90658
0.65526
0.38632
0.21885
0.15032
0.18915
0.24112
0.37389
0.66767
1.0349
1.3687
1.4956
1.3687
1.0683
0.74779
0.55416
0.4874
0.5141
0.58087
0.58087
0.52746
0.4874
0.4874
0.52746
0.63428
0.80788
0.97479
1.0883
1.1083
1.0816
0.98815
1.0082
1.1684
1.3887
1.6491
1.8161
1.9029
1.8494
1.8027
1.7893
1.8227
1.9429
2.0831
2.2167
2.1899
2.0431
1.756
1.3687
0.98147
0.64096
0.36054
0.21365
0.2003
0.24704
0.24036
0.20698
0.24704
0.30045
0.43398
0.46069
0.34719
0.27374
0.35386
0.58087
0.90135
1.2352
1.4422
1.5156
1.4622
1.342
1.1818
1.0683
0.96144
0.74779
0.53413
0.45401
0.53413
0.82123
1.135
1.2285
1.0883
0.75446
0.44066
0.2871
0.29377
0.47404
0.70773
0.92806
1.0816
1.1017
0.99482
0.76114
0.5141
0.32048
0.20698
0.21365
0.24704
0.22701
0.16692
0.10683
0.12686
0.22033
0.30045
0.36722
0.36054
0.30045
0.27374
0.26707
0.26707
0.22033
0.17359
0.1135
0.1135
0.22701
0.36054
0.40728
0.35386
0.26039
0.16024
0.14021
0.20698
0.26707
0.33383
0.30713
0.30713
0.34051
0.32048
0.30713
0.23368
0.18027
0.17359
0.21365
0.21365
0.16024
0.12686
0.20698
0.44734
0.72108
0.93473
1.0015
0.94809
0.84126
0.67434
0.53413
0.37389
0.23368
0.2003
0.21365
0.20698
0.18027
0.12018
0.053413
0.033383
0.086797
0.17359
0.36122
0.54854
0.68112
0.77935
0.77887
0.72661
0.57122
0.40266
0.31819
0.41082
0.72587
1.1101
1.3719
1.477
1.4016
1.2582
1.1649
1.0842
0.95932
0.72587
0.64298
0.77723
1.1289
1.6173
1.8735
1.887
1.686
1.4103
1.1971
1.0205
0.86797
0.64096
0.49407
0.40728
0.36054
0.36054
0.30713
0.28042
0.36054
0.63428
0.89467
1.0616
1.115
1.0215
0.88132
0.73443
0.59422
0.42731
0.37389
0.40728
0.47404
0.64096
0.70105
0.68102
0.63428
0.46069
0.52746
0.81455
1.2552
1.8628
2.2233
2.23
1.8428
1.3153
1.0883
1.2352
1.6892
2.2167
2.457
2.4036
2.1899
1.8027
1.322
0.81455
0.44066
0.33383
0.53413
1.0149
1.5757
1.8895
1.776
1.322
1.0482
1.0482
1.2686
1.6224
1.6358
1.3887
1.0349
0.65431
0.37389
0.30713
0.45401
0.83458
1.4221
2.0764
2.6573
2.9845
2.9244
2.3902
1.6224
1.1751
1.0282
1.2485
1.6892
1.8027
1.7226
1.4422
1.0082
0.68102
0.44734
0.45401
0.67434
0.88132
1.0482
1.1083
0.98147
0.72776
0.66767
0.78117
1.1083
1.5356
1.6758
1.5089
1.1217
0.70105
0.42063
0.32716
0.34051
0.36054
0.34051
0.26707
0.18027
0.16692
0.28042
0.54749
0.88132
1.2352
1.5089
1.6024
1.6091
1.4956
1.2352
0.84794
0.6877
0.76782
1.095
1.6291
1.9162
1.9296
1.7426
1.4088
1.0015
0.62761
0.3138
0.18695
0.34051
0.67434
1.115
1.4822
1.5957
1.3821
1.0082
0.84794
0.92806
1.1484
1.3086
1.1617
0.78117
0.52746
0.4874
0.56752
0.74111
0.75446
0.58755
0.40728
0.26039
0.23368
0.36122
0.5817
0.97049
1.51
1.9907
2.2019
2.0333
1.5362
0.91104
0.44334
0.15902
0.039252
0.1394
0.27499
0.46449
0.70037
0.88313
1.0215
1.0536
0.96633
0.73236
0.47513
0.25078
0.093589
0.12013
0.22026
0.27893
0.27748
0.3291
0.46122
0.72108
1.0549
1.2552
1.3287
1.2619
1.0816
0.77449
0.50743
0.40728
0.42731
0.6009
0.74111
0.73443
0.57419
0.62761
0.84126
1.1884
1.6425
1.796
1.7226
1.4755
1.1551
0.79452
0.50075
0.32048
0.3138
0.46069
0.6877
0.94141
1.1884
1.4755
1.6892
1.7827
1.7026
1.4956
1.2819
1.1217
1.0883
1.1017
1.0883
1.0416
0.94141
0.73443
0.53413
0.44734
0.52078
0.75446
1.0082
1.1417
1.0482
0.88132
0.76782
0.72776
0.76114
0.82791
0.90135
0.97479
1.0749
1.1684
1.1484
1.0683
0.92806
0.8012
0.76782
0.81455
0.92138
0.92806
0.78785
0.57419
0.46737
0.52078
0.62093
0.63428
0.52746
0.38725
0.34719
0.46069
0.56752
0.58755
0.52078
0.37389
0.26039
0.18695
0.14021
0.17359
0.23368
0.42063
0.75446
1.1617
1.4755
1.569
1.4822
1.2419
0.97479
0.7144
0.44734
0.23368
0.14689
0.21365
0.38057
0.5141
0.61425
0.65431
0.62761
0.58755
0.50075
0.37389
0.23368
0.14021
0.073443
0.08012
0.2003
0.38057
0.58087
0.73443
0.76114
0.74779
0.79452
0.89467
1.0082
0.96812
0.75446
0.46069
0.22701
0.14689
0.13353
0.28042
0.49407
0.66767
0.85461
0.85461
0.64096
0.5141
0.57419
0.84126
1.3153
1.7092
1.8962
1.8962
1.8027
1.6158
1.3954
1.0749
0.74779
0.74111
0.96144
1.4088
1.9162
2.125
2.122
1.9943
1.7381
1.4532
1.0947
0.71353
0.6491
0.83463
1.2136
1.5825
1.6677
1.4969
1.1711
0.8013
0.56703
0.61157
0.86451
1.2104
1.4129
1.3776
1.1396
0.89919
0.73288
0.59676
0.47846
0.48411
0.61521
0.84601
1.1536
1.342
1.4221
1.5356
1.6558
1.8094
1.983
2.1365
2.3168
2.4971
2.6506
2.6907
2.6707
2.6373
2.5438
2.4036
2.1833
1.8895
1.6091
1.4555
1.4021
1.322
1.0749
0.78117
0.54749
0.34719
0.34051
0.52078
0.76782
1.0616
1.322
1.322
1.0616
0.70105
0.41395
0.20698
0.18027
0.2871
0.48072
0.78785
1.115
1.4488
1.7293
1.9162
1.9763
1.8628
1.4956
1.0616
0.69437
0.56084
0.66099
0.76114
0.8012
0.64096
0.43398
0.37389
0.34719
0.35386
0.33383
0.33383
0.43398
0.62761
0.74779
0.70773
0.58755
0.46737
0.50075
0.64764
0.84794
1.0015
1.1417
1.2686
1.3821
1.5156
1.5089
1.2886
0.90803
0.62761
0.52746
0.62761
0.81455
0.8012
0.58755
0.34051
0.13353
0.02003
0.10015
0.21365
0.35386
0.54749
0.63428
0.57419
0.48072
0.46069
0.61425
1.0015
1.3954
1.589
1.5223
1.1884
0.78117
0.54081
0.32048
0.26707
0.38057
0.41395
0.42731
0.48072
0.48072
0.39392
0.36722
0.43398
0.53413
0.7144
0.86129
0.76782
0.54081
0.32716
0.20698
0.14021
0.16692
0.24036
0.37389
0.55416
0.64096
0.63428
0.56752
0.52078
0.55416
0.72108
0.9147
1.0215
1.0282
0.87464
0.66099
0.41395
0.26039
0.26039
0.35386
0.54749
0.69437
0.76782
0.81455
0.74779
0.58755
0.54749
0.57419
0.7144
0.86129
0.7343
0.50211
0.23745
0.083773
0.10535
0.19474
0.44752
0.76476
1.0318
1.1884
1.1553
1.0473
0.90225
0.80137
0.66239
0.51588
0.56696
0.71306
0.93415
1.1238
1.0241
0.75168
0.44838
0.19597
0.19474
0.42587
0.73355
1.0493
1.1773
1.0604
0.78785
0.45401
0.34051
0.44066
0.7144
1.0683
1.2886
1.362
1.362
1.302
1.1684
0.9147
0.6877
0.58087
0.60758
0.81455
0.94141
0.92806
0.84794
0.6877
0.47404
0.36722
0.3138
0.36722
0.4874
0.43398
0.38057
0.29377
0.18695
0.2003
0.2871
0.40728
0.6009
0.75446
0.74111
0.53413
0.45401
0.43398
0.46737
0.62093
0.64096
0.6009
0.6009
0.61425
0.58755
0.55416
0.45401
0.35386
0.25371
0.18027
0.14021
0.073443
0.06009
0.073443
0.13353
0.24036
0.4006
0.55416
0.6877
0.84794
0.96144
1.0349
1.0015
0.89467
0.72776
0.55416
0.46737
0.42731
0.40728
0.36722
0.27374
0.21365
0.21365
0.28042
0.4006
0.56084
0.76782
1.0149
1.2619
1.4155
1.4088
1.2018
0.888
0.58755
0.47404
0.56084
0.69437
0.77449
0.78117
0.77449
0.86797
0.98147
0.96144
0.77449
0.50743
0.26707
0.1135
0.08012
0.066767
0.086797
0.16692
0.36722
0.64764
0.90803
1.115
1.1818
1.1083
0.86797
0.6009
0.42063
0.32048
0.32716
0.33383
0.29377
0.32716
0.43398
0.56084
0.58755
0.46069
0.46069
0.6009
0.888
1.2953
1.5089
1.5023
1.2953
0.96812
0.61425
0.39392
0.42063
0.64096
1.0149
1.362
1.5356
1.5156
1.302
0.99482
0.80788
0.82123
1.0883
1.4956
1.8695
2.0164
1.8628
1.4689
0.92138
0.56084
0.46069
0.53452
0.73405
0.83905
0.85127
0.88286
0.90767
0.86161
0.6491
0.53339
0.50161
0.57277
0.81436
0.88339
0.79507
0.62432
0.39331
0.22826
0.11853
0.13204
0.12454
0.21255
0.44915
0.71984
1.0926
1.3522
1.4014
1.3275
1.2069
1.111
1.1336
1.2419
1.3821
1.4822
1.589
1.5824
1.4755
1.3554
1.1951
1.0482
0.86797
0.64096
0.40728
0.24036
0.15356
0.12018
0.12018
0.12686
0.14689
0.24036
0.38725
0.50743
0.52078
0.47404
0.52078
0.70773
1.0683
1.4822
1.7626
1.9563
2.0564
2.0831
1.9563
1.6358
1.1884
0.73443
0.44066
0.37389
0.54749
0.8012
1.0616
1.2686
1.4155
1.4622
1.342
0.99482
0.89467
1.0482
1.3754
1.8962
2.1499
2.1966
2.1833
2.1365
2.0631
1.9496
1.8294
1.6558
1.4221
1.1484
0.87464
0.70773
0.73443
1.0749
1.5757
2.0297
2.2567
2.1299
1.7359
1.2152
0.76114
0.41395
0.20698
0.10683
0.1135
0.15356
0.12686
0.16692
0.16024
0.10683
0.19362
0.38725
0.62761
0.94809
1.1951
1.302
1.3287
1.342
1.4555
1.6491
1.9362
2.1699
2.1232
1.756
1.1684
0.68102
0.38725
0.27374
0.29377
0.25371
0.2003
0.41395
0.78117
1.2018
1.4689
1.2886
1.0015
0.73443
0.64096
0.78117
0.84126
0.79452
0.70773
0.61425
0.50743
0.39392
0.26039
0.13353
0.08012
0.046737
0.053413
0.18695
0.38057
0.65431
0.97479
1.1617
1.1884
1.0683
0.86797
0.6009
0.39392
0.44066
0.68102
1.1484
1.6959
2.0097
2.1098
1.9029
1.4221
1.0549
0.93473
1.1083
1.529
1.7426
1.569
1.1217
0.86797
0.96812
1.4155
2.1184
2.6641
2.9796
3.0629
2.8729
2.4921
1.9117
1.2244
0.81551
0.66217
0.83367
1.2104
1.3406
1.1836
0.93318
0.83275
0.98349
1.3844
1.8808
2.3248
2.6723
2.9223
3.0286
2.9121
2.6017
2.1138
1.5491
0.94421
0.47595
0.22108
0.086797
0.08012
0.18695
0.36722
0.66767
1.0482
1.3821
1.6358
1.7693
1.9095
2.0164
2.0364
1.9629
1.7293
1.3754
0.97479
0.63428
0.34719
0.18695
0.20698
0.39392
0.76782
1.2085
1.6491
1.9162
1.9162
1.6558
1.1884
0.76114
0.54749
0.52746
0.62761
0.7144
0.74111
0.82791
1.0149
1.2152
1.2152
0.94141
0.76114
0.7144
0.93473
1.3887
1.7693
2.1032
2.3302
2.437
2.25
1.8161
1.1684
0.70105
0.42731
0.29377
0.35386
0.36722
0.50075
0.80788
1.135
1.2419
1.0149
0.82791
0.74111
0.88132
1.1884
1.2819
1.2285
1.0349
0.75446
0.5141
0.34719
0.26039
0.25371
0.22701
0.24704
0.38725
0.58755
0.8012
0.88132
0.82791
0.7144
0.55416
0.41395
0.29377
0.26707
0.30713
0.37389
0.44734
0.41395
0.30045
0.23368
0.21365
0.22033
0.22701
0.22033
0.12686
0.16692
0.2871
0.41395
0.53413
0.50075
0.37389
0.24704
0.22701
0.30045
0.43398
0.48072
0.42063
0.32716
0.19362
0.1135
0.10683
0.14689
0.24704
0.35386
0.45401
0.47404
0.4874
0.55416
0.63428
0.72108
0.7144
0.60758
0.47404
0.43398
0.49407
0.57419
0.57419
0.46069
0.30713
0.16024
0.14689
0.24704
0.44066
0.63428
0.74779
0.74779
0.64764
0.59422
0.62093
0.78117
0.94809
1.0149
0.90135
0.59422
0.38057
0.22033
0.20698
0.34719
0.46122
0.5442
0.64179
