0.88668
0.88632
0.88595
0.88558
0.88521
0.88483
0.88445
0.88406
0.88367
0.88328
0.88288
0.88248
0.88208
0.88167
0.88125
0.88083
0.88041
0.87998
0.87955
0.87911
0.87866
0.87821
0.87776
0.8773
0.87683
0.87636
0.87589
0.8754
0.87491
0.87442
0.87392
0.87341
0.8729
0.87238
0.87185
0.87132
0.87078
0.87023
0.86968
0.86912
0.86855
0.86798
0.8674
0.86681
0.86621
0.86561
0.865
0.86438
0.86375
0.86312
0.86248
0.86183
0.86117
0.86051
0.85984
0.85915
0.85847
0.85777
0.85706
0.85635
0.85563
0.8549
0.85416
0.85341
0.85266
0.85189
0.85112
0.85034
0.84955
0.84875
0.84794
0.84712
0.8463
0.84547
0.84462
0.84377
0.84291
0.84204
0.84116
0.84028
0.83938
0.83848
0.83756
0.83664
0.83571
0.83477
0.83382
0.83286
0.83189
0.83091
0.82993
0.82893
0.82793
0.82692
0.8259
0.82487
0.82383
0.82278
0.82172
0.82066
0.81959
0.8185
0.81741
0.81631
0.8152
0.81409
0.81296
0.81183
0.81069
0.80954
0.80838
0.80721
0.80604
0.80485
0.80366
0.80246
0.80126
0.80004
0.79882
0.79759
0.79635
0.79511
0.79385
0.79259
0.79133
0.79005
0.78877
0.78748
0.78619
0.78489
0.78358
0.78226
0.78094
0.77961
0.77828
0.77693
0.77559
0.77423
0.77287
0.77151
0.77014
0.76876
0.76738
0.766
0.7646
0.76321
0.7618
0.7604
0.75899
0.75757
0.75615
0.75473
0.7533
0.75186
0.75043
0.74899
0.74754
0.7461
0.74465
0.74319
0.74174
0.74028
0.73881
0.73735
0.73588
0.73441
0.73294
0.73147
0.72999
0.72851
0.72704
0.72556
0.72407
0.72259
0.72111
0.71963
0.71814
0.71666
0.71517
0.71369
0.7122
0.71072
0.70924
0.70775
0.70627
0.70479
0.70331
0.70183
0.70035
0.69888
0.6974
0.69593
0.69446
0.69299
0.69153
0.69006
0.6886
0.68715
0.68569
0.68424
0.6828
0.68135
0.67992
0.67848
0.67705
0.67562
0.6742
0.67278
0.67137
0.66996
0.66856
0.66716
0.66577
0.66439
0.66301
0.66163
0.66027
0.65891
0.65755
0.6562
0.65486
0.65353
0.6522
0.65088
0.64957
0.64827
0.64697
0.64568
0.6444
0.64313
0.64187
0.64062
0.63937
0.63814
0.63691
0.63569
0.63448
0.63328
0.63209
0.63092
0.62975
0.62859
0.62744
0.6263
0.62518
0.62406
0.62295
0.62186
0.62078
0.61971
0.61865
0.6176
0.61656
0.61554
0.61453
0.61353
0.61254
0.61157
0.61061
0.60966
0.60872
0.6078
0.60689
0.60599
0.60511
0.60424
0.60339
0.60254
0.60172
0.6009
0.6001
0.59932
0.59855
0.59779
0.59705
0.59633
0.59562
0.59492
0.59424
0.59358
0.59293
0.59229
0.59168
0.59107
0.59049
0.58992
0.58936
0.58883
0.5883
0.5878
0.58731
0.58684
0.58639
0.58595
0.58553
0.58512
0.58474
0.58437
0.58402
0.58368
0.58337
0.58307
0.58279
0.58252
0.58228
0.58205
0.58184
0.58165
0.58148
0.58133
0.58119
0.58108
0.58098
0.5809
0.58084
0.5808
0.58078
0.58078
0.58079
0.58083
0.58088
0.58096
0.58105
0.58117
0.5813
0.58146
0.58163
0.58182
0.58204
0.58227
0.58253
0.5828
0.5831
0.58341
0.58375
0.58411
0.58448
0.58488
0.5853
0.58574
0.5862
0.58668
0.58718
0.58771
0.58825
0.58882
0.5894
0.59001
0.59064
0.59129
0.59197
0.59266
0.59338
0.59411
0.59487
0.59565
0.59646
0.59728
0.59813
0.599
0.59989
0.6008
0.60174
0.60269
0.60367
0.60467
0.6057
0.60674
0.60781
0.6089
0.61001
0.61115
0.61231
0.61349
0.61469
0.61591
0.61716
0.61843
0.61973
0.62104
0.62238
0.62374
0.62512
0.62653
0.62796
0.62941
0.63088
0.63238
0.6339
0.63544
0.637
0.63859
0.6402
0.64183
0.64348
0.64516
0.64686
0.64858
0.65033
0.65209
0.65388
0.6557
0.65753
0.65939
0.66127
0.66317
0.66509
0.66704
0.66901
0.671
0.67301
0.67504
0.6771
0.67918
0.68128
0.6834
0.68554
0.6877
0.68989
0.6921
0.69433
0.69658
0.69885
0.70114
0.70345
0.70579
0.70814
0.71052
0.71292
0.71533
0.71777
0.72023
0.7227
0.7252
0.72772
0.73026
0.73281
0.73539
0.73798
0.7406
0.74323
0.74588
0.74855
0.75124
0.75395
0.75668
0.75942
0.76218
0.76496
0.76776
0.77057
0.7734
0.77625
0.77912
0.782
0.7849
0.78781
0.79074
0.79369
0.79665
0.79962
0.80261
0.80562
0.80864
0.81168
0.81472
0.81779
0.82086
0.82395
0.82706
0.83017
0.8333
0.83644
0.8396
0.84276
0.84594
0.84912
0.85232
0.85553
0.85875
0.86198
0.86522
0.86847
0.87173
0.875
0.87827
0.88156
0.88485
0.88815
0.89146
0.89477
0.8981
0.90143
0.90476
0.9081
0.91145
0.9148
0.91816
0.92152
0.92488
0.92825
0.93163
0.935
0.93838
0.94177
0.94515
0.94854
0.95193
0.95532
0.95871
0.9621
0.96549
0.96888
0.97227
0.97566
0.97905
0.98244
0.98583
0.98921
0.99259
0.99597
0.99935
1.0027
1.0061
1.0095
1.0128
1.0162
1.0195
1.0229
1.0262
1.0295
1.0329
1.0362
1.0395
1.0428
1.0461
1.0494
1.0526
1.0559
1.0592
1.0624
1.0657
1.0689
1.0721
1.0753
1.0785
1.0817
1.0849
1.088
1.0912
1.0943
1.0975
1.1006
1.1037
1.1067
1.1098
1.1129
1.1159
1.1189
1.1219
1.1249
1.1279
1.1308
1.1338
1.1367
1.1396
1.1425
1.1454
1.1482
1.1511
1.1539
1.1567
1.1595
1.1622
1.1649
1.1677
1.1704
1.173
1.1757
1.1783
1.1809
1.1835
1.1861
1.1887
1.1912
1.1937
1.1962
1.1986
1.2011
1.2035
1.2059
1.2082
1.2106
1.2129
1.2152
1.2175
1.2197
1.2219
1.2241
1.2263
1.2285
1.2306
1.2327
1.2347
1.2368
1.2388
1.2408
1.2428
1.2447
1.2466
1.2485
1.2504
1.2522
1.254
1.2558
1.2576
1.2593
1.261
1.2627
1.2643
1.2659
1.2675
1.2691
1.2706
1.2721
1.2736
1.275
1.2765
1.2779
1.2792
1.2806
1.2819
1.2832
1.2844
1.2856
1.2868
1.288
1.2892
1.2903
1.2913
1.2924
1.2934
1.2944
1.2954
1.2963
1.2973
1.2981
1.299
1.2998
1.3006
1.3014
1.3022
1.3029
1.3036
1.3042
1.3048
1.3055
1.306
1.3066
1.3071
1.3076
1.308
1.3085
1.3089
1.3093
1.3096
1.3099
1.3102
1.3105
1.3108
1.311
1.3112
1.3113
1.3114
1.3116
1.3116
1.3117
1.3117
1.3117
1.3117
1.3116
1.3116
1.3114
1.3113
1.3112
1.311
1.3108
1.3105
1.3103
1.31
1.3097
1.3093
1.309
1.3086
1.3082
1.3077
1.3073
1.3068
1.3063
1.3057
1.3052
1.3046
1.304
1.3033
1.3027
1.302
1.3013
1.3006
1.2998
1.2991
1.2983
1.2975
1.2966
1.2958
1.2949
1.294
1.2931
1.2921
1.2911
1.2901
1.2891
1.2881
1.2871
1.286
1.2849
1.2838
1.2826
1.2815
1.2803
1.2791
1.2779
1.2767
1.2754
1.2741
1.2729
1.2716
1.2702
1.2689
1.2675
1.2661
1.2647
1.2633
1.2619
1.2604
1.259
1.2575
1.256
1.2545
1.2529
1.2514
1.2498
1.2482
1.2466
1.245
1.2434
1.2417
1.2401
1.2384
1.2367
1.235
1.2333
1.2316
1.2298
1.2281
1.2263
1.2245
1.2227
1.2209
1.2191
1.2172
1.2154
1.2135
1.2116
1.2097
1.2078
1.2059
1.204
1.2021
1.2001
1.1982
1.1962
1.1942
1.1923
1.1903
1.1883
1.1862
1.1842
1.1822
1.1801
1.1781
1.176
1.174
1.1719
1.1698
1.1677
1.1656
1.1635
1.1614
1.1592
1.1571
1.155
1.1528
1.1507
1.1485
1.1463
1.1442
1.142
1.1398
1.1376
1.1354
1.1332
1.131
1.1288
1.1266
1.1243
1.1221
1.1199
1.1177
1.1154
1.1132
1.1109
1.1087
1.1064
1.1042
1.1019
1.0996
1.0974
1.0951
1.0928
1.0906
1.0883
1.086
1.0837
1.0815
1.0792
1.0769
1.0746
1.0723
1.0701
1.0678
1.0655
1.0632
1.0609
1.0586
1.0563
1.0541
1.0518
1.0495
1.0472
1.0449
1.0426
1.0404
1.0381
1.0358
1.0335
1.0313
1.029
1.0267
1.0245
1.0222
1.0199
1.0177
1.0154
1.0132
1.0109
1.0087
1.0064
1.0042
1.0019
0.99971
0.99748
0.99526
0.99303
0.99082
0.98861
0.9864
0.9842
0.982
0.97981
0.97762
0.97544
0.97326
0.97109
0.96893
0.96677
0.96461
0.96247
0.96033
0.95819
0.95606
0.95394
0.95182
0.94972
0.94761
0.94552
0.94343
0.94135
0.93928
0.93721
0.93515
0.9331
0.93106
0.92902
0.92699
0.92498
0.92296
0.92096
0.91897
0.91698
0.91501
0.91304
0.91108
0.90913
0.90718
0.90525
0.90333
0.90142
0.89951
0.89762
0.89573
0.89385
0.89199
0.89013
0.88829
0.88645
0.88462
0.88281
0.881
0.87921
0.87742
0.87565
0.87389
0.87214
0.87039
0.86866
0.86694
0.86524
0.86354
0.86185
0.86018
0.85851
0.85686
0.85522
0.85359
0.85198
0.85037
0.84878
0.8472
0.84563
0.84407
0.84253
0.84099
0.83947
0.83796
0.83647
0.83499
0.83351
0.83206
0.83061
0.82918
0.82776
0.82635
0.82496
0.82358
0.82221
0.82085
0.81951
0.81818
0.81687
0.81556
0.81428
0.813
0.81174
0.81049
0.80925
0.80803
0.80683
0.80563
0.80445
0.80329
0.80213
0.801
0.79987
0.79876
0.79766
0.79658
0.79551
0.79446
0.79342
0.79239
0.79138
0.79039
0.7894
0.78843
0.78748
0.78654
0.78562
0.78471
0.78381
0.78293
0.78206
0.78121
0.78038
0.77955
0.77875
0.77795
0.77718
0.77641
0.77566
0.77493
0.77421
0.77351
0.77282
0.77215
0.77149
0.77085
0.77022
0.76961
0.76901
0.76843
0.76786
0.76731
0.76677
0.76625
0.76574
0.76525
0.76477
0.76431
0.76387
0.76344
0.76302
0.76262
0.76224
0.76187
0.76152
0.76118
0.76086
0.76055
0.76026
0.75998
0.75972
0.75947
0.75924
0.75903
0.75883
0.75864
0.75847
0.75832
0.75818
0.75806
0.75795
0.75786
0.75778
0.75772
0.75768
0.75765
0.75763
0.75763
0.75765
0.75768
0.75773
0.75779
0.75786
0.75796
0.75806
0.75819
0.75833
0.75848
0.75865
0.75883
0.75903
0.75924
0.75947
0.75972
0.75998
0.76025
0.76054
0.76084
0.76116
0.7615
0.76185
0.76221
0.76259
0.76298
0.76339
0.76381
0.76425
0.7647
0.76517
0.76565
0.76615
0.76666
0.76718
0.76772
0.76827
0.76884
0.76942
0.77002
0.77063
0.77126
0.77189
0.77255
0.77321
0.77389
0.77459
0.77529
0.77602
0.77675
0.7775
0.77826
0.77904
0.77983
0.78063
0.78144
0.78227
0.78311
0.78397
0.78483
0.78571
0.78661
0.78751
0.78843
0.78936
0.7903
0.79126
0.79223
0.79321
0.7942
0.7952
0.79622
0.79724
0.79828
0.79933
0.80039
0.80147
0.80255
0.80365
0.80475
0.80587
0.807
0.80814
0.80929
0.81045
0.81162
0.8128
0.81399
0.81519
0.8164
0.81762
0.81885
0.82008
0.82133
0.82259
0.82386
0.82513
0.82642
0.82771
0.82901
0.83032
0.83164
0.83297
0.8343
0.83564
0.83699
0.83835
0.83971
0.84108
0.84246
0.84385
0.84524
0.84664
0.84804
0.84946
0.85087
0.8523
0.85373
0.85516
0.8566
0.85805
0.8595
0.86095
0.86241
0.86388
0.86535
0.86682
0.8683
0.86978
0.87126
0.87275
0.87424
0.87574
0.87724
0.87874
0.88024
0.88175
0.88325
0.88476
0.88627
0.88779
0.8893
0.89082
0.89234
0.89385
0.89537
0.89689
0.89841
0.89993
0.90145
0.90297
0.90449
0.906
0.90752
0.90904
0.91055
0.91206
0.91358
0.91509
0.91659
0.9181
0.9196
0.9211
0.9226
0.92409
0.92558
0.92707
0.92856
0.93004
0.93151
0.93298
0.93445
0.93591
0.93737
0.93882
0.94027
0.94171
0.94315
0.94458
0.94601
0.94743
0.94884
0.95024
0.95164
0.95304
0.95442
0.9558
0.95717
0.95853
0.95989
0.96123
0.96257
0.9639
0.96523
0.96654
0.96784
0.96914
0.97042
0.9717
0.97297
0.97423
0.97547
0.97671
0.97794
0.97916
0.98036
0.98156
0.98274
0.98392
0.98508
0.98623
0.98737
0.9885
0.98962
0.99073
0.99182
0.9929
0.99397
0.99503
0.99607
0.9971
0.99812
0.99913
1.0001
1.0011
1.0021
1.003
1.004
1.0049
1.0058
1.0067
1.0076
1.0085
1.0093
1.0102
1.011
1.0118
1.0126
1.0134
1.0142
1.0149
1.0157
1.0164
1.0171
1.0178
1.0185
1.0192
1.0199
1.0205
1.0211
1.0217
1.0223
1.0229
1.0235
1.024
1.0246
1.0251
1.0256
1.0261
1.0266
1.027
1.0275
1.0279
1.0283
1.0287
1.0291
1.0295
1.0299
1.0302
1.0305
1.0308
1.0311
1.0314
1.0317
1.0319
1.0322
1.0324
1.0326
1.0328
1.033
1.0331
1.0333
1.0334
1.0335
1.0337
1.0337
1.0338
1.0339
1.0339
1.034
1.034
1.034
1.034
1.034
1.034
1.0339
1.0339
1.0338
1.0337
1.0336
1.0335
1.0334
1.0333
1.0331
1.033
1.0328
1.0326
1.0324
1.0322
1.032
1.0318
1.0316
1.0313
1.031
1.0308
1.0305
1.0302
1.0299
1.0296
1.0293
1.0289
1.0286
1.0282
1.0279
1.0275
1.0271
1.0268
1.0264
1.026
1.0255
1.0251
1.0247
1.0243
1.0238
1.0234
1.0229
1.0224
1.022
1.0215
1.021
1.0205
1.02
1.0195
1.019
1.0185
1.018
1.0175
1.0169
1.0164
1.0159
1.0153
1.0148
1.0142
1.0137
1.0131
1.0125
1.012
1.0114
1.0108
1.0103
1.0097
1.0091
1.0085
1.008
1.0074
1.0068
1.0062
1.0056
1.005
1.0044
1.0039
1.0033
1.0027
1.0021
1.0015
1.0009
1.0003
0.99975
0.99916
0.99858
0.998
0.99742
0.99684
0.99626
0.99569
0.99512
0.99455
0.99398
0.99342
0.99286
0.9923
0.99175
0.9912
0.99066
0.99011
0.98958
0.98904
0.98851
0.98799
0.98747
0.98696
0.98645
0.98594
0.98544
0.98495
0.98446
0.98398
0.98351
0.98304
0.98257
0.98212
0.98167
0.98122
0.98078
0.98036
0.97993
0.97952
0.97911
0.97871
0.97831
0.97793
0.97755
0.97718
0.97682
0.97647
0.97612
0.97578
0.97545
0.97513
0.97482
0.97452
0.97423
0.97394
0.97366
0.9734
0.97314
0.97289
0.97265
0.97242
0.9722
0.97199
0.97179
0.9716
0.97142
0.97124
0.97108
0.97093
0.97079
0.97065
0.97053
0.97042
0.97032
0.97022
0.97014
0.97007
0.97001
0.96996
0.96991
0.96988
0.96986
0.96985
0.96985
0.96986
0.96988
0.96991
0.96995
0.97
0.97006
0.97014
0.97022
0.97031
0.97041
0.97052
0.97065
0.97078
0.97092
0.97107
0.97124
0.97141
0.97159
0.97178
0.97199
0.9722
0.97242
0.97265
0.97289
0.97314
0.9734
0.97367
0.97395
0.97424
0.97453
0.97484
0.97515
0.97548
0.97581
0.97615
0.9765
0.97686
0.97723
0.9776
0.97798
0.97837
0.97877
0.97918
0.97959
0.98001
0.98044
0.98088
0.98132
0.98177
0.98223
0.98269
0.98316
0.98364
0.98412
0.98461
0.98511
0.98561
0.98612
0.98663
0.98714
0.98767
0.98819
0.98873
0.98926
0.9898
0.99035
0.9909
0.99145
0.99201
0.99257
0.99313
0.9937
0.99427
0.99484
0.99542
0.996
0.99658
0.99716
0.99774
0.99832
0.99891
0.9995
1.0001
1.0007
1.0013
1.0018
1.0024
1.003
1.0036
1.0042
1.0048
1.0054
1.006
1.0065
1.0071
1.0077
1.0083
1.0088
1.0094
1.01
1.0105
1.0111
1.0117
1.0122
1.0127
1.0133
1.0138
1.0144
1.0149
1.0154
1.0159
1.0164
1.0169
1.0174
1.0179
1.0184
1.0189
1.0193
1.0198
1.0203
1.0207
1.0211
1.0216
1.022
1.0224
1.0228
1.0232
1.0235
1.0239
1.0243
1.0246
1.0249
1.0253
1.0256
1.0259
1.0261
1.0264
1.0267
1.0269
1.0272
1.0274
1.0276
1.0278
1.028
1.0281
1.0283
1.0284
1.0285
1.0286
1.0287
1.0288
1.0289
1.0289
1.0289
1.0289
1.0289
1.0289
1.0289
1.0288
1.0287
1.0286
1.0285
1.0284
1.0282
1.0281
1.0279
1.0277
1.0275
1.0272
1.027
1.0267
1.0264
1.0261
1.0257
1.0253
1.025
1.0246
1.0241
1.0237
1.0232
1.0227
1.0222
1.0217
1.0212
1.0206
1.02
1.0194
1.0187
1.0181
1.0174
1.0167
1.016
1.0152
1.0144
1.0137
1.0128
1.012
1.0111
1.0103
1.0093
1.0084
1.0075
1.0065
1.0055
1.0045
1.0034
1.0024
1.0013
1.0002
0.99902
0.99786
0.99668
0.99547
0.99424
0.99299
0.99172
0.99042
0.9891
0.98775
0.98639
0.985
0.98359
0.98215
0.98069
0.97921
0.97771
0.97619
0.97464
0.97307
0.97148
0.96986
0.96823
0.96657
0.96489
0.96319
0.96147
0.95972
0.95796
0.95617
0.95436
0.95253
0.95068
0.94881
0.94692
0.94501
0.94308
0.94113
0.93916
0.93717
0.93516
0.93313
0.93108
0.92901
0.92693
0.92482
0.9227
0.92056
0.9184
0.91622
0.91403
0.91182
0.90959
0.90734
0.90508
0.9028
0.90051
0.8982
0.89587
0.89353
0.89118
0.88881
0.88642
0.88402
0.88161
0.87918
0.87674
0.87429
0.87182
0.86934
0.86685
0.86434
0.86183
0.8593
0.85676
0.85421
0.85165
0.84908
0.84649
0.8439
0.8413
0.83869
0.83607
0.83345
0.83081
0.82816
0.82551
0.82285
0.82019
0.81751
0.81483
0.81215
0.80946
0.80676
0.80406
0.80135
0.79864
0.79592
0.7932
0.79047
0.78775
0.78502
0.78228
0.77955
0.77681
0.77407
0.77132
0.76858
0.76584
0.76309
0.76035
0.7576
0.75486
0.75212
0.74937
0.74663
0.74389
0.74115
0.73842
0.73568
0.73295
0.73022
0.7275
0.72478
0.72206
0.71934
0.71663
0.71393
0.71123
0.70854
0.70585
0.70317
0.70049
0.69782
0.69516
0.6925
0.68985
0.68721
0.68457
0.68195
0.67933
0.67672
0.67412
0.67152
0.66894
0.66637
0.6638
0.66125
0.6587
0.65617
0.65365
0.65113
0.64863
0.64614
0.64366
0.6412
0.63874
0.6363
0.63387
0.63145
0.62904
0.62665
0.62427
0.6219
0.61955
0.61721
0.61488
0.61257
0.61027
0.60799
0.60572
0.60347
0.60123
0.599
0.59679
0.5946
0.59242
0.59026
0.58811
0.58598
0.58386
0.58176
0.57968
0.57761
0.57556
0.57352
0.5715
0.5695
0.56752
0.56555
0.5636
0.56167
0.55975
0.55786
0.55598
0.55411
0.55227
0.55044
0.54863
0.54684
0.54507
0.54331
0.54158
0.53986
0.53816
0.53648
0.53482
0.53317
0.53155
0.52994
0.52835
0.52678
0.52523
0.5237
0.52219
0.5207
0.51922
0.51777
0.51633
0.51492
0.51352
0.51214
0.51078
0.50945
0.50813
0.50683
0.50555
0.50429
0.50304
0.50182
0.50062
0.49944
0.49828
0.49713
0.49601
0.49491
0.49382
0.49276
0.49172
0.49069
0.48969
0.4887
0.48774
0.4868
0.48587
0.48497
0.48408
0.48322
0.48237
0.48155
0.48075
0.47996
0.4792
0.47845
0.47773
0.47702
0.47634
0.47567
0.47503
0.47441
0.4738
0.47322
0.47265
0.47211
0.47159
0.47108
0.4706
0.47014
0.46969
0.46927
0.46887
0.46848
0.46812
0.46778
0.46746
0.46715
0.46687
0.46661
0.46637
0.46614
0.46594
0.46576
0.4656
0.46546
0.46534
0.46524
0.46516
0.4651
0.46506
0.46504
0.46504
0.46506
0.4651
0.46516
0.46524
0.46534
0.46546
0.4656
0.46576
0.46595
0.46615
0.46637
0.46661
0.46688
0.46716
0.46746
0.46779
0.46813
0.4685
0.46888
0.46929
0.46971
0.47016
0.47063
0.47111
0.47162
0.47215
0.4727
0.47327
0.47386
0.47447
0.4751
0.47575
0.47642
0.47711
0.47782
0.47855
0.47931
0.48008
0.48087
0.48169
0.48253
0.48338
0.48426
0.48516
0.48607
0.48701
0.48797
0.48895
0.48995
0.49097
0.49202
0.49308
0.49416
0.49527
0.49639
0.49754
0.4987
0.49989
0.5011
0.50233
0.50358
0.50485
0.50614
0.50745
0.50879
0.51014
0.51152
0.51291
0.51433
0.51577
0.51722
0.5187
0.5202
0.52173
0.52327
0.52483
0.52642
0.52802
0.52965
0.53129
0.53296
0.53465
0.53636
0.53809
0.53984
0.54161
0.5434
0.54522
0.54705
0.54891
0.55078
0.55268
0.5546
0.55654
0.5585
0.56048
0.56248
0.5645
0.56654
0.5686
0.57069
0.57279
0.57491
0.57706
0.57922
0.58141
0.58361
0.58584
0.58809
0.59035
0.59264
0.59495
0.59727
0.59962
0.60199
0.60437
0.60678
0.60921
0.61165
0.61412
0.61661
0.61911
0.62164
0.62418
0.62675
0.62933
0.63193
0.63455
0.63719
0.63985
0.64253
0.64523
0.64794
0.65068
0.65343
0.6562
0.65899
0.6618
0.66462
0.66746
0.67033
0.6732
0.6761
0.67901
0.68195
0.68489
0.68786
0.69084
0.69384
0.69686
0.69989
0.70294
0.706
0.70909
0.71218
0.7153
0.71843
0.72157
0.72473
0.7279
0.73109
0.7343
0.73752
0.74075
0.744
0.74726
0.75054
0.75383
0.75713
0.76045
0.76378
0.76712
0.77047
0.77384
0.77722
0.78062
0.78402
0.78744
0.79086
0.7943
0.79775
0.80121
0.80469
0.80817
0.81166
0.81516
0.81867
0.82219
0.82572
0.82926
0.83281
0.83637
0.83993
0.84351
0.84709
0.85067
0.85427
0.85787
0.86148
0.86509
0.86871
0.87234
0.87597
0.87961
0.88325
0.8869
0.89055
0.89421
0.89787
0.90153
0.9052
0.90887
0.91254
0.91621
0.91989
0.92357
0.92725
0.93093
0.93461
0.9383
0.94198
0.94566
0.94935
0.95303
0.95671
0.96039
0.96407
0.96774
0.97142
0.97509
0.97876
0.98243
0.98609
0.98975
0.9934
0.99705
1.0007
1.0043
1.008
1.0116
1.0152
1.0188
1.0225
1.0261
1.0297
1.0332
1.0368
1.0404
1.044
1.0475
1.0511
1.0546
1.0581
1.0616
1.0651
1.0686
1.0721
1.0756
1.079
1.0825
1.0859
1.0893
1.0928
1.0962
1.0995
1.1029
1.1063
1.1096
1.1129
1.1162
1.1195
1.1228
1.126
1.1293
1.1325
1.1357
1.1389
1.1421
1.1452
1.1484
1.1515
1.1546
1.1577
1.1607
1.1638
1.1668
1.1698
1.1728
1.1757
1.1787
1.1816
1.1845
1.1873
1.1902
1.193
1.1958
1.1986
1.2013
1.204
1.2068
1.2094
1.2121
1.2147
1.2173
1.2199
1.2225
1.225
1.2275
1.23
1.2324
1.2348
1.2372
1.2396
1.2419
1.2442
1.2465
1.2488
1.251
1.2532
1.2554
1.2575
1.2596
1.2617
1.2637
1.2657
1.2677
1.2697
1.2716
1.2735
1.2754
1.2772
1.279
1.2808
1.2825
1.2842
1.2859
1.2876
1.2892
1.2907
1.2923
1.2938
1.2953
1.2967
1.2981
1.2995
1.3009
1.3022
1.3035
1.3047
1.3059
1.3071
1.3083
1.3094
1.3104
1.3115
1.3125
1.3135
1.3144
1.3153
1.3162
1.317
1.3178
1.3186
1.3193
1.32
1.3206
1.3213
1.3219
1.3224
1.3229
1.3234
1.3239
1.3243
1.3246
1.325
1.3253
1.3256
1.3258
1.326
1.3262
1.3263
1.3264
1.3264
1.3265
1.3264
1.3264
1.3263
1.3262
1.326
1.3259
1.3256
1.3254
1.3251
1.3248
1.3244
1.324
1.3236
1.3231
1.3226
1.3221
1.3215
1.3209
1.3203
1.3196
1.3189
1.3181
1.3174
1.3166
1.3157
1.3149
1.314
1.313
1.3121
1.3111
1.31
1.309
1.3079
1.3067
1.3056
1.3044
1.3031
1.3019
1.3006
1.2993
1.2979
1.2966
1.2951
1.2937
1.2922
1.2907
1.2892
1.2876
1.2861
1.2844
1.2828
1.2811
1.2794
1.2777
1.2759
1.2742
1.2723
1.2705
1.2686
1.2668
1.2648
1.2629
1.2609
1.2589
1.2569
1.2549
1.2528
1.2507
1.2486
1.2464
1.2443
1.2421
1.2399
1.2377
1.2354
1.2331
1.2308
1.2285
1.2262
1.2238
1.2214
1.219
1.2166
1.2141
1.2117
1.2092
1.2067
1.2042
1.2016
1.1991
1.1965
1.1939
1.1913
1.1887
1.1861
1.1834
1.1807
1.178
1.1753
1.1726
1.1699
1.1671
1.1644
1.1616
1.1588
1.156
1.1532
1.1504
1.1476
1.1447
1.1419
1.139
1.1361
1.1333
1.1304
1.1275
1.1245
1.1216
1.1187
1.1157
1.1128
1.1099
1.1069
1.1039
1.1009
1.098
1.095
1.092
1.089
1.086
1.083
1.08
1.077
1.074
1.0709
1.0679
1.0649
1.0619
1.0588
1.0558
1.0528
1.0497
1.0467
1.0437
1.0406
1.0376
1.0346
1.0316
1.0285
1.0255
1.0225
1.0194
1.0164
1.0134
1.0104
1.0074
1.0044
1.0014
0.99835
0.99535
0.99236
0.98937
0.98639
0.98341
0.98044
0.97747
0.97451
0.97156
0.96861
0.96567
0.96274
0.95982
0.9569
0.95399
0.95109
0.94819
0.94531
0.94243
0.93957
0.93671
0.93386
0.93103
0.9282
0.92538
0.92257
0.91977
0.91699
0.91421
0.91145
0.9087
0.90596
0.90323
0.90051
0.8978
0.89511
0.89243
0.88976
0.88711
0.88447
0.88184
0.87922
0.87662
0.87403
0.87146
0.86889
0.86635
0.86382
0.8613
0.85879
0.8563
0.85383
0.85137
0.84893
0.8465
0.84408
0.84169
0.8393
0.83693
0.83458
0.83225
0.82993
0.82762
0.82534
0.82306
0.82081
0.81857
0.81635
0.81414
0.81195
0.80978
0.80763
0.80549
0.80337
0.80126
0.79918
0.79711
0.79505
0.79302
0.791
0.789
0.78702
0.78505
0.7831
0.78117
0.77926
0.77737
0.77549
0.77363
0.77179
0.76997
0.76816
0.76637
0.7646
0.76285
0.76112
0.7594
0.75771
0.75603
0.75437
0.75272
0.7511
0.74949
0.7479
0.74633
0.74478
0.74324
0.74173
0.74023
0.73875
0.73729
0.73585
0.73442
0.73301
0.73162
0.73025
0.7289
0.72757
0.72625
0.72495
0.72367
0.72241
0.72117
0.71994
0.71873
0.71754
0.71637
0.71521
0.71408
0.71296
0.71186
0.71077
0.70971
0.70866
0.70763
0.70662
0.70562
0.70465
0.70369
0.70275
0.70182
0.70091
0.70002
0.69915
0.6983
0.69746
0.69664
0.69583
0.69505
0.69428
0.69353
0.69279
0.69207
0.69137
0.69069
0.69002
0.68937
0.68873
0.68812
0.68752
0.68693
0.68636
0.68581
0.68528
0.68476
0.68425
0.68377
0.6833
0.68284
0.6824
0.68198
0.68157
0.68118
0.68081
0.68045
0.68011
0.67978
0.67947
0.67917
0.67889
0.67862
0.67837
0.67813
0.67791
0.67771
0.67752
0.67734
0.67718
0.67704
0.67691
0.67679
0.67669
0.6766
0.67653
0.67647
0.67643
0.6764
0.67638
0.67638
0.6764
0.67642
0.67646
0.67652
0.67659
0.67667
0.67677
0.67688
0.677
0.67714
0.67729
0.67745
0.67763
0.67782
0.67803
0.67824
0.67847
0.67872
0.67897
0.67924
0.67952
0.67981
0.68012
0.68044
0.68077
0.68112
0.68147
0.68184
0.68222
0.68262
0.68302
0.68344
0.68387
0.68431
0.68476
0.68523
0.6857
0.68619
0.68669
0.6872
0.68772
0.68826
0.6888
0.68936
0.68992
0.6905
0.69109
0.69169
0.6923
0.69292
0.69356
0.6942
0.69485
0.69552
0.69619
0.69688
0.69757
0.69828
0.69899
0.69972
0.70045
0.7012
0.70196
0.70272
0.7035
0.70428
0.70508
0.70588
0.7067
0.70752
0.70835
0.70919
0.71005
0.71091
0.71178
0.71265
0.71354
0.71444
0.71535
0.71626
0.71718
0.71812
0.71906
0.72001
0.72096
0.72193
0.72291
0.72389
0.72488
0.72588
0.72689
0.7279
0.72893
0.72996
0.731
0.73205
0.73311
0.73417
0.73524
0.73632
0.73741
0.7385
0.7396
0.74071
0.74183
0.74295
0.74408
0.74522
0.74636
0.74752
0.74868
0.74984
0.75101
0.75219
0.75338
0.75458
0.75578
0.75698
0.7582
0.75942
0.76064
0.76188
0.76312
0.76436
0.76561
0.76687
0.76814
0.76941
0.77068
0.77197
0.77325
0.77455
0.77585
0.77716
0.77847
0.77979
0.78111
0.78244
0.78377
0.78511
0.78646
0.78781
0.78917
0.79053
0.7919
0.79327
0.79465
0.79603
0.79742
0.79881
0.80021
0.80161
0.80302
0.80443
0.80585
0.80727
0.80869
0.81013
0.81156
0.813
0.81445
0.8159
0.81735
0.81881
0.82027
0.82174
0.82321
0.82469
0.82617
0.82765
0.82914
0.83063
0.83213
0.83363
0.83513
0.83664
0.83815
0.83966
0.84118
0.8427
0.84423
0.84576
0.84729
0.84883
0.85037
0.85191
0.85346
0.85501
0.85656
0.85812
0.85968
0.86124
0.8628
0.86437
0.86594
0.86752
0.8691
0.87068
0.87226
0.87384
0.87543
0.87702
0.87862
0.88021
0.88181
0.88341
0.88501
0.88662
0.88822
0.88983
0.89145
0.89306
0.89467
0.89629
0.89791
0.89953
0.90116
0.90278
0.90441
0.90604
0.90767
0.9093
0.91093
0.91257
0.9142
0.91584
0.91748
0.91912
0.92076
0.9224
0.92404
0.92569
0.92733
0.92898
0.93063
0.93227
0.93392
0.93557
0.93722
0.93887
0.94052
0.94217
0.94382
0.94547
0.94713
0.94878
0.95043
0.95208
0.95373
0.95538
0.95704
0.95869
0.96034
0.96199
0.96364
0.96529
0.96694
0.96859
0.97023
0.97188
0.97353
0.97517
0.97682
0.97846
0.9801
0.98174
0.98338
0.98502
0.98666
0.9883
0.98993
0.99156
0.99319
0.99482
0.99645
0.99808
0.9997
1.0013
1.0029
1.0046
1.0062
1.0078
1.0094
1.011
1.0126
1.0142
1.0158
1.0174
1.019
1.0206
1.0222
1.0238
1.0254
1.0269
1.0285
1.0301
1.0316
1.0332
1.0348
1.0363
1.0379
1.0394
1.041
1.0425
1.0441
1.0456
1.0471
1.0487
1.0502
1.0517
1.0532
1.0547
1.0562
1.0577
1.0592
1.0607
1.0622
1.0637
1.0651
1.0666
1.0681
1.0695
1.071
1.0724
1.0739
1.0753
1.0767
1.0782
1.0796
1.081
1.0824
1.0838
1.0852
1.0866
1.0879
1.0893
1.0907
1.0921
1.0934
1.0948
1.0961
1.0974
1.0988
1.1001
1.1014
1.1027
1.104
1.1053
1.1066
1.1079
1.1091
1.1104
1.1116
1.1129
1.1141
1.1154
1.1166
1.1178
1.119
1.1202
1.1214
1.1226
1.1238
1.1249
1.1261
1.1272
1.1284
1.1295
1.1306
1.1318
1.1329
1.134
1.1351
1.1361
1.1372
1.1383
1.1393
1.1404
1.1414
1.1424
1.1435
1.1445
1.1455
1.1465
1.1474
1.1484
1.1494
1.1503
1.1513
1.1522
1.1531
1.154
1.155
1.1559
1.1567
1.1576
1.1585
1.1593
1.1602
1.161
1.1618
1.1627
1.1635
1.1643
1.1651
1.1658
1.1666
1.1674
1.1681
1.1688
1.1696
1.1703
1.171
1.1717
1.1724
1.173
1.1737
1.1744
1.175
1.1756
1.1763
1.1769
1.1775
1.1781
1.1787
1.1792
1.1798
1.1804
1.1809
1.1814
1.1819
1.1825
1.183
1.1834
1.1839
1.1844
1.1849
1.1853
1.1857
1.1862
1.1866
1.187
1.1874
1.1878
1.1882
1.1885
1.1889
1.1892
1.1896
1.1899
1.1902
1.1905
1.1908
1.1911
1.1914
1.1916
1.1919
1.1921
1.1924
1.1926
1.1928
1.193
1.1932
1.1934
1.1936
1.1937
1.1939
1.194
1.1942
1.1943
1.1944
1.1945
1.1946
1.1947
1.1948
1.1948
1.1949
1.195
1.195
1.195
1.1951
1.1951
1.1951
1.1951
1.1951
1.195
1.195
1.195
1.1949
1.1948
1.1948
1.1947
1.1946
1.1945
1.1944
1.1943
1.1942
1.1941
1.1939
1.1938
1.1936
1.1935
1.1933
1.1931
1.193
1.1928
1.1926
1.1924
1.1921
1.1919
1.1917
1.1914
1.1912
1.191
1.1907
1.1904
1.1902
1.1899
1.1896
1.1893
1.189
1.1887
1.1884
1.188
1.1877
1.1874
1.187
1.1867
1.1863
1.186
1.1856
1.1852
1.1848
1.1845
1.1841
1.1837
1.1833
1.1829
1.1824
1.182
1.1816
1.1812
1.1807
1.1803
1.1798
1.1794
1.1789
1.1785
1.178
1.1775
1.1771
1.1766
1.1761
1.1756
1.1751
1.1746
1.1741
1.1736
1.1731
1.1726
1.1721
1.1716
1.171
1.1705
1.17
1.1695
1.1689
1.1684
1.1678
1.1673
1.1667
1.1662
1.1656
1.1651
1.1645
1.164
1.1634
1.1628
1.1623
1.1617
1.1611
1.1606
1.16
1.1594
1.1588
1.1582
1.1577
1.1571
1.1565
1.1559
1.1553
1.1547
1.1542
1.1536
1.153
1.1524
1.1518
1.1512
1.1506
1.15
1.1494
1.1488
1.1483
1.1477
1.1471
1.1465
1.1459
1.1453
1.1447
1.1441
1.1435
1.143
1.1424
1.1418
1.1412
1.1406
1.14
1.1395
1.1389
1.1383
1.1377
1.1372
1.1366
1.136
1.1355
1.1349
1.1343
1.1338
1.1332
1.1327
1.1321
1.1316
1.131
1.1305
1.1299
1.1294
1.1289
1.1283
1.1278
1.1273
1.1268
1.1262
1.1257
1.1252
1.1247
1.1242
1.1237
1.1232
1.1227
1.1222
1.1217
1.1213
1.1208
1.1203
1.1198
1.1194
1.1189
1.1185
1.118
1.1176
1.1171
1.1167
1.1163
1.1159
1.1154
1.115
1.1146
1.1142
1.1138
1.1134
1.113
1.1126
1.1123
1.1119
1.1115
1.1112
1.1108
1.1104
1.1101
1.1098
1.1094
1.1091
1.1088
1.1085
1.1082
1.1079
1.1076
1.1073
1.107
1.1067
1.1064
1.1062
1.1059
1.1056
1.1054
1.1051
1.1049
1.1047
1.1044
1.1042
1.104
1.1038
1.1036
1.1034
1.1032
1.103
1.1029
1.1027
1.1025
1.1024
1.1022
1.1021
1.1019
1.1018
1.1017
1.1016
1.1014
1.1013
1.1012
1.1011
1.1011
1.101
1.1009
1.1008
1.1008
1.1007
1.1006
1.1006
1.1005
1.1005
1.1005
1.1004
1.1004
1.1004
1.1004
1.1004
1.1004
1.1004
1.1004
1.1004
1.1004
1.1005
1.1005
1.1005
1.1006
1.1006
1.1007
1.1007
1.1008
1.1008
1.1009
1.101
1.1011
1.1011
1.1012
1.1013
1.1014
1.1015
1.1016
1.1017
1.1018
1.1019
1.102
1.1021
1.1022
1.1024
1.1025
1.1026
1.1027
1.1029
1.103
1.1031
1.1033
1.1034
1.1035
1.1037
1.1038
1.104
1.1041
1.1043
1.1044
1.1045
1.1047
1.1048
1.105
1.1051
1.1053
1.1054
1.1056
1.1057
1.1059
1.106
1.1061
1.1063
1.1064
1.1066
1.1067
1.1068
1.107
1.1071
1.1072
1.1074
1.1075
1.1076
1.1077
1.1078
1.1079
1.108
1.1082
1.1082
1.1083
1.1084
1.1085
1.1086
1.1087
1.1087
1.1088
1.1089
1.1089
1.109
1.109
1.1091
1.1091
1.1091
1.1091
1.1091
1.1091
1.1091
1.1091
1.1091
1.1091
1.109
1.109
1.1089
1.1089
1.1088
1.1087
1.1086
1.1086
1.1084
1.1083
1.1082
1.1081
1.1079
1.1078
1.1076
1.1074
1.1072
1.107
1.1068
1.1066
1.1063
1.1061
1.1058
1.1056
1.1053
1.105
1.1047
1.1043
1.104
1.1037
1.1033
1.1029
1.1025
1.1021
1.1017
1.1013
1.1008
1.1004
1.0999
1.0994
1.0989
1.0984
1.0978
1.0973
1.0967
1.0961
1.0955
1.0949
1.0943
1.0936
1.093
1.0923
1.0916
1.0909
1.0901
1.0894
1.0886
1.0878
1.087
1.0862
1.0854
1.0845
1.0837
1.0828
1.0819
1.081
1.08
1.0791
1.0781
1.0771
1.0761
1.0751
1.074
1.0729
1.0719
1.0708
1.0696
1.0685
1.0673
1.0662
1.065
1.0638
1.0625
1.0613
1.06
1.0587
1.0574
1.0561
1.0547
1.0534
1.052
1.0506
1.0492
1.0477
1.0463
1.0448
1.0433
1.0418
1.0403
1.0387
1.0372
1.0356
1.034
1.0324
1.0307
1.0291
1.0274
1.0257
1.024
1.0223
1.0205
1.0188
1.017
1.0152
1.0134
1.0116
1.0097
1.0079
1.006
1.0041
1.0022
1.0003
0.99831
0.99635
0.99437
0.99238
0.99038
0.98835
0.98632
0.98426
0.9822
0.98012
0.97802
0.97591
0.97378
0.97164
0.96949
0.96733
0.96515
0.96295
0.96075
0.95853
0.9563
0.95405
0.9518
0.94953
0.94725
0.94496
0.94265
0.94034
0.93801
0.93568
0.93333
0.93098
0.92861
0.92623
0.92385
0.92145
0.91905
0.91663
0.91421
0.91178
0.90934
0.9069
0.90444
0.90198
0.89951
0.89704
0.89456
0.89207
0.88957
0.88707
0.88457
0.88206
0.87954
0.87702
0.8745
0.87197
0.86943
0.86689
0.86435
0.86181
0.85926
0.85671
0.85416
0.85161
0.84905
0.84649
0.84393
0.84137
0.83881
0.83625
0.83369
0.83113
0.82857
0.826
0.82344
0.82089
0.81833
0.81577
0.81322
0.81066
0.80811
0.80557
0.80302
0.80048
0.79794
0.79541
0.79288
0.79035
0.78783
0.78531
0.7828
0.78029
0.77779
0.77529
0.7728
0.77032
0.76784
0.76537
0.76291
0.76045
0.758
0.75556
0.75312
0.75069
0.74828
0.74587
0.74346
0.74107
0.73869
0.73631
0.73395
0.73159
0.72925
0.72691
0.72459
0.72227
0.71997
0.71768
0.7154
0.71313
0.71087
0.70862
0.70638
0.70416
0.70195
0.69975
0.69756
0.69539
0.69323
0.69108
0.68895
0.68683
0.68472
0.68263
0.68055
0.67848
0.67643
0.67439
0.67237
0.67036
0.66837
0.66639
0.66442
0.66247
0.66054
0.65862
0.65672
0.65483
0.65296
0.6511
0.64927
0.64744
0.64563
0.64384
0.64207
0.64031
0.63857
0.63684
0.63513
0.63344
0.63177
0.63011
0.62847
0.62684
0.62524
0.62365
0.62208
0.62052
0.61899
0.61747
0.61597
0.61448
0.61302
0.61157
0.61014
0.60873
0.60734
0.60596
0.6046
0.60326
0.60194
0.60064
0.59936
0.59809
0.59684
0.59562
0.5944
0.59321
0.59204
0.59089
0.58975
0.58863
0.58753
0.58645
0.58539
0.58435
0.58333
0.58232
0.58134
0.58037
0.57942
0.57849
0.57758
0.57669
0.57582
0.57496
0.57413
0.57331
0.57252
0.57174
0.57098
0.57024
0.56952
0.56882
0.56814
0.56747
0.56683
0.5662
0.5656
0.56501
0.56444
0.56389
0.56336
0.56285
0.56235
0.56188
0.56143
0.56099
0.56057
0.56017
0.55979
0.55943
0.55909
0.55877
0.55847
0.55818
0.55791
0.55767
0.55744
0.55723
0.55704
0.55686
0.55671
0.55657
0.55646
0.55636
0.55628
0.55622
0.55618
0.55615
0.55615
0.55616
0.55619
0.55624
0.55631
0.5564
0.5565
0.55662
0.55677
0.55693
0.5571
0.5573
0.55751
0.55775
0.558
0.55826
0.55855
0.55886
0.55918
0.55952
0.55988
0.56025
0.56065
0.56106
0.56149
0.56193
0.5624
0.56288
0.56338
0.5639
0.56443
0.56498
0.56555
0.56614
0.56674
0.56736
0.568
0.56866
0.56933
0.57002
0.57072
0.57145
0.57219
0.57295
0.57372
0.57451
0.57532
0.57614
0.57698
0.57784
0.57871
0.5796
0.58051
0.58143
0.58237
0.58332
0.58429
0.58528
0.58628
0.5873
0.58834
0.58939
0.59046
0.59154
0.59263
0.59375
0.59488
0.59602
0.59718
0.59835
0.59954
0.60075
0.60197
0.6032
0.60445
0.60571
0.60699
0.60829
0.60959
0.61092
0.61225
0.6136
0.61497
0.61635
0.61774
0.61915
0.62057
0.622
0.62345
0.62491
0.62639
0.62788
0.62938
0.63089
0.63242
0.63396
0.63551
0.63708
0.63866
0.64025
0.64186
0.64347
0.6451
0.64674
0.64839
0.65006
0.65174
0.65342
0.65512
0.65683
0.65856
0.66029
0.66203
0.66379
0.66555
0.66733
0.66912
0.67092
0.67273
0.67454
0.67637
0.67821
0.68006
0.68192
0.68378
0.68566
0.68755
0.68944
0.69134
0.69326
0.69518
0.69711
