0.5539
0.48562
0.42586
0.37592
0.33619
0.30637
0.28579
0.27366
0.26916
0.27158
0.28022
0.29437
0.3132
0.33569
0.36065
0.38672
0.4125
0.4366
0.45772
0.47477
0.48689
0.49347
0.49431
0.48959
0.47992
0.46631
0.45001
0.43235
0.41456
0.39763
0.38224
0.36875
0.35727
0.34772
0.33996
0.33382
0.32913
0.32581
0.32378
0.323
0.32343
0.32502
0.32774
0.33158
0.33659
0.34284
0.35048
0.35971
0.37073
0.38376
0.39895
0.4164
0.43611
0.45793
0.48155
0.50649
0.53211
0.55765
0.58234
0.60547
0.62656
0.64537
0.66199
0.67677
0.69023
0.70292
0.71531
0.7277
0.74015
0.75248
0.7643
0.77509
0.78422
0.79111
0.79528
0.79647
0.79478
0.79072
0.78525
0.77969
0.77565
0.77484
0.77889
0.78914
0.8065
0.83136
0.8634
0.90159
0.94418
0.98875
1.0324
1.072
1.1044
1.127
1.1377
1.1352
1.1193
1.0909
1.0517
1.0043
0.95183
0.89748
0.84433
0.79504
0.7517
0.71585
0.68849
0.67023
0.66133
0.66178
0.67127
0.68916
0.71436
0.74531
0.77994
0.81582
0.85034
0.88101
0.90575
0.92303
0.93196
0.93228
0.92418
0.90826
0.88542
0.85687
0.8241
0.78888
0.75308
0.71856
0.68697
0.65955
0.63706
0.6197
0.60721
0.59894
0.59403
0.59157
0.59077
0.59109
0.59233
0.59466
0.5985
0.60447
0.61327
0.62554
0.64181
0.66245
0.68759
0.71708
0.75045
0.78685
0.82503
0.86334
0.89981
0.93225
0.95843
0.97624
0.98389
0.9801
0.96419
0.93622
0.89706
0.84841
0.79271
0.73298
0.6725
0.61446
0.56159
0.51595
0.47884
0.45091
0.43235
0.42304
0.42278
0.4313
0.44887
0.47571
0.51108
0.55351
0.60096
0.65079
0.7
0.74561
0.78501
0.81636
0.83872
0.85214
0.85737
0.85568
0.84852
0.83736
0.8235
0.80807
0.79197
0.77588
0.76023
0.74515
0.73051
0.71594
0.70103
0.68545
0.66921
0.65279
0.63716
0.62372
0.61408
0.6095
0.61051
0.61755
0.63088
0.65036
0.67537
0.70478
0.73699
0.77011
0.80215
0.83135
0.85649
0.87704
0.89324
0.90594
0.91635
0.92571
0.935
0.94475
0.95496
0.96511
0.97435
0.98164
0.98602
0.9868
0.98368
0.97684
0.9669
0.9548
0.94168
0.92865
0.91668
0.90644
0.89824
0.892
0.88726
0.88324
0.87886
0.87286
0.8639
0.85074
0.83245
0.80861
0.77955
0.7464
0.711
0.67569
0.64293
0.61497
0.59356
0.57985
0.57437
0.57712
0.58764
0.60517
0.62874
0.65734
0.69008
0.72627
0.76557
0.8079
0.85336
0.90204
0.95381
1.008
1.0635
1.1184
1.1703
1.2169
1.2559
1.2858
1.306
1.3169
1.3197
1.3157
1.3063
1.2922
1.2738
1.2508
1.223
1.1901
1.153
1.1129
1.0722
1.0335
0.99965
0.97297
0.95522
0.94725
0.94901
0.95956
0.97722
0.99971
1.0244
1.0486
1.0698
1.086
1.0957
1.0981
1.0931
1.0812
1.063
1.0398
1.013
0.98394
0.95412
0.92486
0.8973
0.87227
0.85021
0.83122
0.81502
0.80106
0.78863
0.77699
0.76554
0.75402
0.74258
0.73187
0.72299
0.71737
0.71653
0.72188
0.73438
0.75433
0.78112
0.8131
0.84763
0.88139
0.91087
0.93309
0.94625
0.9501
0.94591
0.93612
0.92372
0.91153
0.90173
0.8955
0.89297
0.89334
0.89515
0.89667
0.89628
0.89287
0.8855
0.87436
0.86073
0.8462
0.83263
0.82173
0.81482
0.81271
0.81569
0.82359
0.83591
0.8518
0.87013
0.88944
0.90802
0.92401
0.93564
0.94147
0.94061
0.93289
0.91878
0.89928
0.87564
0.84927
0.82156
0.79391
0.76773
0.74446
0.72555
0.71244
0.70643
0.70798
0.71715
0.73421
0.75901
0.79098
0.82913
0.87213
0.91833
0.96588
1.0128
1.0572
1.0967
1.1292
1.1524
1.164
1.1622
1.146
1.1153
1.0717
1.0178
0.95736
0.8945
0.83323
0.77681
0.72749
0.68647
0.65403
0.6298
0.613
0.60273
0.59805
0.59808
0.60202
0.60907
0.61833
0.62882
0.63944
0.64907
0.65676
0.6619
0.66441
0.66477
0.66392
0.66307
0.66341
0.66581
0.67061
0.67753
0.68566
0.69364
0.69987
0.70288
0.70164
0.69573
0.68547
0.6718
0.65609
0.63986
0.62454
0.61136
0.60126
0.59492
0.59287
0.59554
0.60334
0.61663
0.6357
0.66057
0.6909
0.72579
0.76371
0.80258
0.83998
0.87359
0.90162
0.92319
0.93853
0.94885
0.95603
0.9621
0.96877
0.97708
0.98722
0.99858
1.0099
1.0199
1.0272
1.0312
1.0319
1.03
1.0268
1.024
1.0231
1.0254
1.0317
1.0427
1.0584
1.0789
1.104
1.1335
1.1672
1.2046
1.245
1.2872
1.329
1.368
1.4008
1.4246
1.4367
1.4357
1.4216
1.3961
1.362
1.3231
1.2831
1.2453
1.2118
1.1835
1.1605
1.1416
1.1257
1.1114
1.0978
1.0846
1.0721
1.061
1.0524
1.047
1.0454
1.0473
1.0522
1.0591
1.0667
1.0738
1.0795
1.0831
1.0844
1.0833
1.0801
1.0745
1.0666
1.056
1.0425
1.0262
1.0078
0.98746
0.96695
0.94914
0.93598
0.92878
0.92784
0.93233
0.94031
0.94903
0.9554
0.95652
0.95031
0.93578
0.91316
0.88368
0.84914
0.81149
0.77251
0.73358
0.69572
0.65962
0.6258
0.59474
0.56693
0.54295
0.5235
0.50938
0.50142
0.50047
0.50726
0.52226
0.54535
0.575
0.60913
0.64546
0.68146
0.71474
0.74346
0.76661
0.78418
0.79698
0.80641
0.81405
0.82144
0.82975
0.83975
0.85179
0.86586
0.88167
0.89881
0.9168
0.93515
0.95338
0.971
0.9875
1.0023
1.0148
1.0245
1.0308
1.0335
1.0328
1.0289
1.0225
1.0143
1.0048
0.99439
0.98298
0.9704
0.95641
0.94095
0.92431
0.90726
0.891
0.87691
0.86642
0.86068
0.86044
0.86596
0.87696
0.89268
0.91198
0.93342
0.95547
0.97658
0.99531
1.0104
1.0208
1.0255
1.024
1.0157
1.0006
0.97923
0.95243
0.92168
0.88875
0.85548
0.82354
0.79422
0.7683
0.74609
0.72754
0.71237
0.70035
0.69133
0.68536
0.68265
0.68339
0.68768
0.6953
0.70563
0.71758
0.72967
0.74014
0.74722
0.74933
0.74539
0.73494
0.71819
0.69603
0.66986
0.6414
0.61251
0.58493
0.56019
0.53947
0.52358
0.51302
0.50799
0.50844
0.51412
0.52457
0.53908
0.55668
0.57612
0.5959
0.61428
0.62945
0.63961
0.64314
0.63879
0.62582
0.60419
0.57463
0.53865
0.49842
0.45649
0.41545
0.37759
0.34469
0.31793
0.29798
0.28512
0.27948
0.28113
0.2902
0.30687
0.33127
0.36338
0.40274
0.44826
0.49799
0.54919
0.59844
0.64213
0.67698
0.7005
0.71142
0.7097
0.69648
0.67377
0.64414
0.61041
0.57535
0.54156
0.5113
0.48647
0.46903
0.46038
0.46098
0.4712
0.49116
0.52057
0.55877
0.60466
0.65679
0.7135
0.77311
0.83403
0.89478
0.95397
1.0101
1.0617
1.1071
1.1446
1.1729
1.1912
1.1995
1.1983
1.1892
1.174
1.1553
1.1354
1.1168
1.1013
1.0904
1.0848
1.0845
1.0871
1.0908
1.0943
1.0953
1.0914
1.0806
1.0621
1.0358
1.0026
0.96441
0.92315
0.88086
0.83928
0.79968
0.7629
0.72948
0.69982
0.67427
0.65321
0.63702
0.62605
0.62054
0.62054
0.62591
0.6363
0.65121
0.67001
0.69202
0.71653
0.74277
0.76995
0.79715
0.82335
0.84742
0.86826
0.8849
0.89672
0.90357
0.90586
0.90447
0.90064
0.8957
0.89085
0.88703
0.88482
0.88452
0.88615
0.88964
0.89487
0.9017
0.90992
0.91923
0.92914
0.93901
0.94814
0.95589
0.96194
0.96637
0.96975
0.97305
0.97743
0.98408
0.99392
1.0075
1.0249
1.0457
1.0695
1.0955
1.1231
1.1517
1.181
1.2107
1.2401
1.2685
1.2947
1.3169
1.3333
1.3419
1.341
1.3294
1.307
1.2745
1.2334
1.186
1.1352
1.0837
1.0343
0.98943
0.95089
0.91993
0.89705
0.88208
0.87412
0.87162
0.87256
0.87462
0.87548
0.87313
0.8661
0.85359
0.83545
0.81207
0.78422
0.75285
0.71902
0.68381
0.64833
0.61371
0.58106
0.55145
0.52585
0.50508
0.48977
0.48035
0.47711
0.48016
0.48947
0.50491
0.5262
0.55288
0.58429
0.61949
0.6572
0.69568
0.73282
0.76608
0.79275
0.81018
0.81618
0.80938
0.78958
0.75788
0.71666
0.6692
0.61924
0.57041
0.52571
0.48725
0.45619
0.43281
0.41671
0.40702
0.40254
0.40189
0.40364
0.40706
0.4115
0.41577
0.41912
0.42127
0.42232
0.42269
0.42299
0.42398
0.42653
0.43158
0.44012
0.45311
0.47143
0.49583
0.52692
0.56515
0.61076
0.66371
0.72343
0.78858
0.85665
0.92385
0.98527
1.0355
1.0697
1.0843
1.0781
1.0523
1.0098
0.95503
0.89121
0.82229
0.75267
0.68559
0.62385
0.56971
0.52479
0.49009
0.46599
0.45242
0.44901
0.45516
0.47005
0.49261
0.5214
0.55459
0.58998
0.62521
0.65811
0.68702
0.71115
0.73054
0.7459
0.75819
0.76815
0.77595
0.78115
0.78289
0.78031
0.77306
0.76171
0.74777
0.73341
0.721
0.71255
0.70924
0.71132
0.71806
0.72804
0.73955
0.75099
0.76127
0.76993
0.77703
0.78287
0.78756
0.7907
0.79121
0.78742
0.77745
0.75967
0.73332
0.69888
0.65818
0.61415
0.57019
0.52963
0.49514
0.4685
0.45066
0.44189
0.44202
0.45064
0.46727
0.49137
0.52236
0.55952
0.60176
0.64749
0.69439
0.73944
0.77917
0.81014
0.82954
0.83572
0.82856
0.80937
0.78058
0.74524
0.70648
0.66716
0.62967
0.59589
0.56725
0.54482
0.52934
0.52131
0.52092
0.5281
0.54249
0.56336
0.58963
0.61983
0.65224
0.68498
0.71626
0.74459
0.76897
0.78898
0.80471
0.81665
0.82538
0.83137
0.83484
0.83572
0.83377
0.82876
0.82073
0.81005
0.79747
0.78404
0.7709
0.75906
0.74931
0.74206
0.73738
0.73501
0.73454
0.73555
0.73776
0.74122
0.74639
0.75409
0.76543
0.78156
0.80344
0.83153
0.86562
0.90475
0.94733
0.99136
1.0349
1.0762
1.1142
1.1483
1.1781
1.2029
1.2217
1.2333
1.236
1.2285
1.2105
1.1825
1.1464
1.1049
1.0602
1.0151
0.97294
0.93562
0.90403
0.87846
0.85878
0.84454
0.83504
0.82929
0.82604
0.82382
0.82115
0.81674
0.80973
0.79977
0.78705
0.77217
0.75591
0.7391
0.72242
0.70634
0.69113
0.67693
0.66383
0.65196
0.64149
0.6326
0.62544
0.61994
0.61586
0.61246
0.6085
0.60305
0.59584
0.58719
0.57806
0.56983
0.56395
0.56166
0.56373
0.57044
0.58163
0.59684
0.6156
0.6375
0.66231
0.68982
0.71965
0.751
0.78253
0.81246
0.83885
0.86005
0.87507
0.88387
0.88724
0.88653
0.8833
0.87894
0.8745
0.8706
0.86762
0.86574
0.86511
0.86589
0.86822
0.87225
0.87805
0.88569
0.89525
0.90686
0.92073
0.93709
0.95611
0.9778
1.0019
1.0278
1.0545
1.0806
1.1046
1.1249
1.14
1.1487
1.1502
1.1444
1.132
1.1142
1.0925
1.0688
1.0446
1.0208
0.99775
0.97526
0.95259
0.92886
0.90326
0.87517
0.84413
0.80981
0.77194
0.73038
0.68532
0.63757
0.58864
0.54072
0.4963
0.4578
0.42716
0.40573
0.39429
0.39324
0.40276
0.42293
0.45367
0.49462
0.54499
0.60329
0.66725
0.73376
0.799
0.85872
0.90871
0.94533
0.96615
0.97039
0.95923
0.93565
0.90401
0.8693
0.83643
0.80961
0.79208
0.78603
0.79276
0.81289
0.84653
0.89343
0.95293
1.024
1.1051
1.194
1.2874
1.3812
1.4705
1.5499
1.6145
1.6602
1.6848
1.6881
1.6716
1.6384
1.5923
1.5371
1.4761
1.4122
1.3471
1.2824
1.2194
1.1594
1.1037
1.0535
1.0098
0.9727
0.94189
0.91637
0.89471
0.87543
0.85729
0.83949
0.82174
0.80403
0.78634
0.76836
0.74938
0.72836
0.70421
0.67677
0.64632
0.61345
0.57935
0.54545
0.51309
0.4833
0.4568
0.4341
0.41562
0.40183
0.39321
0.3902
0.39308
0.40187
0.4162
0.43525
0.45772
0.48191
0.50587
0.52765
0.54556
0.55837
0.5655
0.56706
0.56386
0.55724
0.54885
0.54042
0.53346
0.52885
0.52637
0.52534
0.52505
0.52449
0.52258
0.51832
0.51104
0.5005
0.48705
0.47158
0.45541
0.44015
0.42756
0.41936
0.41722
0.42271
0.43729
0.4623
0.49889
0.54768
0.60847
0.67976
0.75836
0.83939
0.91663
0.98326
1.0329
1.0604
1.0632
1.0411
0.99662
0.93477
0.86193
0.78499
0.71025
0.64264
0.58538
0.54008
0.50711
0.48605
0.476
0.47584
0.48421
0.49951
0.51979
0.54278
0.56599
0.58693
0.60344
0.61402
0.61803
0.61576
0.60831
0.59732
0.58473
0.57244
0.5621
0.55503
0.55218
0.55412
0.56116
0.57332
0.59043
0.61207
0.63756
0.66587
0.69559
0.72495
0.75195
0.77447
0.7906
0.7989
0.79858
0.78964
0.77285
0.74964
0.72183
0.69144
0.66043
0.63051
0.60303
0.57903
0.55917
0.54388
0.53341
0.52785
0.52717
0.53116
0.53943
0.55136
0.56608
0.58252
0.59951
0.61589
0.63064
0.643
0.65253
0.65907
0.66277
0.66392
0.66293
0.66024
0.65619
0.65105
0.64495
0.63794
0.63001
0.6211
0.61126
0.60062
0.58947
0.57828
0.5677
0.5585
0.5515
0.54755
0.54743
0.5518
0.56115
0.5758
0.59581
0.62096
0.65076
0.68435
0.72057
0.75796
0.79486
0.8295
0.86014
0.88528
0.90372
0.91479
0.91835
0.91485
0.90524
0.89086
0.8732
0.85378
0.83393
0.81466
0.79667
0.78032
0.76566
0.75255
0.74056
0.72987
0.72058
0.71229
0.70494
0.69888
0.69481
0.69366
0.69648
0.70415
0.71729
0.73609
0.76024
0.78892
0.82092
0.85472
0.88871
0.92142
0.95171
0.97884
1.0025
1.0228
1.04
1.0545
1.0668
1.0772
1.086
1.0933
1.0994
1.1045
1.1087
1.1113
1.1131
1.115
1.1164
1.1167
1.115
1.1109
1.104
1.0949
1.0843
1.0734
1.0634
1.0552
1.0495
1.0466
1.046
1.0472
1.0493
1.0514
1.0529
1.0534
1.0527
1.0508
1.048
1.0445
1.0403
1.0355
1.03
1.0238
1.017
1.0097
1.0024
0.99539
0.9891
0.98374
0.97924
0.97523
0.97105
0.96585
0.95877
0.94914
0.93663
0.92143
0.90423
0.88618
0.86879
0.85366
0.84235
0.83619
0.83612
0.84263
0.85567
0.87466
0.89844
0.92539
0.95349
0.98055
1.0044
1.0231
1.0352
1.0397
1.036
1.0243
1.0052
0.97959
0.94903
0.91531
0.88058
0.8471
0.81711
0.7926
0.77522
0.76608
0.76574
0.77416
0.79065
0.81388
0.84191
0.87231
0.90242
0.92962
0.95169
0.96707
0.97503
0.97566
0.96973
0.9585
0.94345
0.92614
0.90806
0.89055
0.87479
0.86179
0.85244
0.84745
0.8474
0.85266
0.86337
0.87935
0.90009
0.92468
0.95183
0.98002
1.0076
1.0332
1.0554
1.0737
1.0878
1.0977
1.1035
1.1051
1.1024
1.0948
1.0816
1.0623
1.037
1.0063
0.97163
0.93514
0.89934
0.86683
0.83995
0.82066
0.81043
0.81026
0.82071
0.84188
0.87339
0.91422
0.9626
1.0159
1.0705
1.1224
1.1671
1.2004
1.2186
1.2193
1.2014
1.1654
1.1134
1.0487
0.97552
0.89869
0.8229
0.75224
0.68983
0.6379
0.59738
0.56835
0.55032
0.54234
0.54317
0.55132
0.56503
0.58233
0.60114
0.61934
0.63503
0.64666
0.65319
0.65426
0.65022
0.6421
0.63157
0.62061
0.61133
0.60556
0.60464
0.60921
0.61911
0.63343
0.65062
0.66871
0.68565
0.6996
0.70929
0.71375
0.71238
0.70552
0.69409
0.67954
0.66376
0.64887
0.63704
0.63031
0.63041
0.63865
0.65579
0.68185
0.71606
0.7567
0.80125
0.84662
0.8896
0.92739
0.95803
0.98061
0.9952
1.0026
1.0039
1.0004
0.99283
0.98207
0.96855
0.95267
0.93479
0.91524
0.89429
0.87201
0.84828
0.82281
0.7953
0.76569
0.73435
0.70228
0.67105
0.64259
0.61896
0.60204
0.59337
0.59411
0.60506
0.62668
0.65917
0.70233
0.75544
0.81704
0.88472
0.9551
1.024
1.0868
1.1393
1.1781
1.2015
1.2094
1.2032
1.1854
1.1591
1.1272
1.0926
1.0574
1.0231
0.99104
0.9619
0.93628
0.9146
0.89711
0.88396
0.87517
0.87071
0.8705
0.87446
0.88255
0.89481
0.9113
0.93213
0.95737
0.987
1.0208
1.0583
1.0986
1.1406
1.1827
1.2231
1.26
1.2916
1.3162
1.3326
1.34
1.338
1.3269
1.3072
1.2802
1.2473
1.2101
1.1704
1.1296
1.0891
1.0496
1.0115
0.97511
0.94029
0.90713
0.87585
0.84691
0.82095
0.79873
0.78096
0.76813
0.76041
0.75761
0.75918
0.76428
0.77197
0.78125
0.79132
0.80162
0.81191
0.82224
0.83288
0.84425
0.85681
0.87102
0.8873
0.90605
0.92763
0.95235
0.98044
1.0119
1.0465
1.0834
1.1213
1.1582
1.1913
1.2176
1.2335
1.236
1.2226
1.1919
1.1438
1.0798
1.002
0.91482
0.82398
0.73465
0.65131
0.57732
0.51474
0.46446
0.42645
0.40013
0.38466
0.37921
0.38303
0.3955
0.41609
0.44427
0.47942
0.52077
0.56737
0.61809
0.67175
0.72724
0.78362
0.84019
0.89638
0.95165
1.0052
1.0557
1.1016
1.1406
1.1709
1.1896
1.1965
1.1937
1.1827
1.1654
1.1439
1.1204
1.0964
1.073
1.051
1.0302
1.0103
0.99092
0.97134
0.95115
0.93014
0.9084
0.88635
0.86468
0.84434
0.82641
0.81197
0.802
0.79721
0.79797
0.80422
0.81543
0.83067
0.8487
0.86817
0.88777
0.90646
0.92354
0.93871
0.95199
0.96365
0.97405
0.98357
0.99248
1.0009
1.0088
1.0161
1.0225
1.0278
1.0318
1.0347
1.0366
1.0379
1.0392
1.041
1.0438
1.0479
1.0534
1.0601
1.0673
1.074
1.0789
1.0802
1.0762
1.0654
1.0467
1.02
0.98626
0.94743
0.90625
0.86584
0.82923
0.79898
0.7769
0.76405
0.76078
0.76685
0.78161
0.80407
0.83303
0.86709
0.90471
0.9442
0.98372
1.0214
1.0551
1.0832
1.1039
1.116
1.1187
1.1119
1.096
1.0719
1.0408
1.0046
0.96531
0.92514
0.88646
0.85163
0.82283
0.80195
0.79045
0.7893
0.79884
0.81869
0.8477
0.88382
0.92422
0.96545
1.0038
1.0357
1.0583
1.0695
1.0686
1.0562
1.0337
1.0037
0.96921
0.93346
0.89944
0.86963
0.84577
0.82882
0.81898
0.81581
0.8184
0.82558
0.83611
0.84885
0.86294
0.8778
0.89312
0.90869
0.92426
0.93935
0.95318
0.96469
0.97266
0.97592
0.97357
0.9651
0.95049
0.93017
0.90493
0.87587
0.84429
0.81165
0.7796
0.74987
0.7242
0.70421
0.69165
0.68766
0.69237
0.70538
0.72576
0.75218
0.78313
0.81717
0.85315
0.89033
0.92835
0.967
1.0061
1.0452
1.0836
1.1203
1.1542
1.1844
1.2103
1.2314
1.2479
1.2601
1.2685
1.2738
1.2767
1.2777
1.2778
1.2774
1.2776
1.2789
1.281
1.2853
1.294
1.3072
1.3247
1.3455
1.369
1.3938
1.4188
1.4426
1.4639
1.4814
1.4938
1.5
1.4994
1.4916
1.4768
1.4561
1.4307
1.4026
1.3737
1.3457
1.32
1.2976
1.2787
1.2633
1.2511
1.2415
1.2342
1.2288
1.2252
1.2234
1.2234
1.2254
1.2292
1.2346
1.2409
1.2475
1.2537
1.259
1.263
1.2656
1.2671
1.2679
1.2686
1.2699
1.2721
1.2754
1.2797
1.2843
1.2885
1.2914
1.2919
1.289
1.2822
1.2708
1.2547
1.2342
1.2094
1.1812
1.1502
1.1175
1.084
1.0509
1.0195
0.9907
0.96561
0.94488
0.92884
0.91737
0.90991
0.90543
0.90262
0.9
0.89621
0.89024
0.88167
0.87071
0.85815
0.84516
0.83302
0.82288
0.81555
0.81147
0.81072
0.81312
0.81841
0.82634
0.83673
0.8495
0.86457
0.88177
0.90081
0.92116
0.94216
0.96296
0.98272
1.0005
1.0156
1.0272
1.0346
1.0373
1.0348
1.0268
1.0137
0.99576
0.97413
0.95009
0.92523
0.9012
0.87951
0.86135
0.8475
0.83824
0.83342
0.83251
0.83467
0.83897
0.84445
0.85036
0.85619
0.86181
0.86745
0.87362
0.88105
0.89058
0.90298
0.91894
0.93896
0.96328
0.99181
1.0241
1.0592
1.0955
1.1311
1.1635
1.1899
1.2077
1.2149
1.2104
1.194
1.1671
1.1317
1.0904
1.046
1.0001
0.9548
0.91226
0.87305
0.8372
0.80449
0.77463
0.74735
0.72246
0.69978
0.67908
0.66006
0.64231
0.62542
0.60912
0.59337
0.5785
0.56529
0.55484
0.54855
0.54793
0.55448
0.56958
0.59449
0.63024
0.67753
0.7366
0.80689
0.88681
0.97349
1.0627
1.1486
1.2259
1.291
1.3403
1.3716
1.3841
1.3788
1.3579
1.3246
1.2827
1.2361
1.1885
1.1433
1.1033
1.0707
1.047
1.0329
1.0284
1.0327
1.0443
1.0609
1.0801
1.0986
1.1132
1.1211
1.1194
1.1065
1.0813
1.0441
0.99624
0.93994
0.87825
0.81452
0.75199
0.6935
0.64121
0.5966
0.56049
0.53323
0.5148
0.50493
0.50316
0.50879
0.52087
0.53813
0.559
0.58164
0.60413
0.62467
0.64178
0.65442
0.66205
0.66456
0.66223
0.65561
0.64549
0.63284
0.61874
0.6043
0.59055
0.57831
0.5681
0.5601
0.55416
0.54988
0.54671
0.54409
0.54153
0.53875
0.53567
0.53247
0.52949
0.52728
0.52655
0.52814
0.53302
0.54229
0.55713
0.57875
0.60835
0.64697
0.69542
0.75408
0.82268
0.90016
0.98444
1.0724
1.1599
1.2422
1.3143
1.3713
1.4093
1.4258
1.4198
1.3924
1.3463
1.2856
1.2154
1.141
1.0675
0.99913
0.93926
0.89008
0.85281
0.8279
0.81519
0.81407
0.82358
0.84234
0.86858
0.90003
0.93393
0.96717
0.99641
1.0184
1.0304
1.0302
1.0167
0.98969
0.94989
0.8989
0.83895
0.77272
0.70317
0.63334
0.56604
0.50375
0.44833
0.401
0.36233
0.33231
0.31058
0.29649
0.28931
0.2882
0.29227
0.30056
0.31198
0.32534
0.33938
0.35286
0.36465
0.37389
0.38011
0.38337
0.38489
0.38643
0.38938
0.39548
0.40674
0.42525
0.45304
0.49188
0.54296
0.60653
0.68144
0.76489
0.85253
0.93907
1.0192
1.0886
1.1446
1.1862
1.2143
1.2309
1.2381
1.2382
1.2329
1.2232
1.2095
1.1923
1.1717
1.1481
1.1221
1.0945
1.0661
1.0374
1.0094
0.98317
0.95818
0.93383
0.90946
0.88444
0.85828
0.83078
0.80209
0.77282
0.74389
0.7165
0.69187
0.67112
0.65511
0.64437
0.63914
0.63932
0.64453
0.65415
0.6673
0.68294
0.69989
0.71692
0.73287
0.74679
0.75804
0.76637
0.77193
0.77512
0.77648
0.77649
0.77544
0.7734
0.77023
0.76572
0.75977
0.75245
0.74417
0.73557
0.72743
0.72051
0.71537
0.71227
0.7111
0.71148
0.71286
0.71471
0.71675
0.71902
0.72198
0.72642
0.73325
0.74335
0.75731
0.77526
0.79684
0.82117
0.84701
0.8729
0.8974
0.91927
0.93757
0.95173
0.96149
0.96687
0.96813
0.96571
0.96024
0.95246
0.94323
0.93343
0.92391
0.91546
0.90876
0.90438
0.90287
0.90479
0.91073
0.92132
0.9372
0.95883
0.98641
1.0196
1.0576
1.0985
1.1402
1.1799
1.2146
1.2418
1.2597
1.2678
1.2665
1.2576
1.2436
1.2273
1.2116
1.1987
1.1898
1.1857
1.1858
1.1894
1.195
1.2013
1.2074
1.2125
1.2166
1.2198
1.2222
1.2237
1.2239
1.2218
1.2161
1.2054
1.1888
1.166
1.1378
1.1055
1.0712
1.0371
1.0054
0.9776
0.95459
0.93677
0.92398
0.91574
0.91129
0.90972
0.90994
0.91069
0.91055
0.90804
0.90164
0.89004
0.87227
0.84781
0.81674
0.77964
0.73759
0.69198
0.6444
0.59648
0.54979
0.50574
0.46593
0.43081
0.39979
0.3731
0.35287
0.33985
0.32892
0.31764
0.30652
0.29629
0.28934
0.28681
0.29239
0.29809
0.32022
0.35335
0.39244
0.43295
0.46603
0.47966
0.45354
0.41344
0.37647
0.35408
0.35985
0.3844
0.40078
0.37745
0.37337
0.40918
0.46684
0.54773
0.63898
0.72961
0.76012
0.7248
0.63863
0.51561
0.39542
0.30953
0.25002
0.19703
0.20027
0.2824
0.41393
0.57126
0.73093
0.86557
0.92692
0.89746
0.79835
0.6398
0.45008
0.28636
0.16388
0.092339
0.066722
0.081734
0.13447
0.25574
0.45993
0.71651
0.92966
1.0469
1.052
0.93978
0.80431
0.69318
0.62838
0.60052
0.59276
0.59385
0.56876
0.55172
0.55865
0.61111
0.71975
0.851
0.92295
0.86051
0.76861
0.67208
0.60035
0.59892
0.66115
0.76961
0.7818
0.70699
0.62704
0.5726
0.59537
0.72237
0.95267
1.217
1.3685
1.3587
1.1895
1.0027
0.90252
0.93332
1.0831
1.2768
1.4508
1.4648
1.2979
1.0514
0.86777
0.81835
0.91173
1.0972
1.2983
1.3924
1.2976
1.2021
1.1581
1.2098
1.3741
1.6177
1.8714
1.909
1.7205
1.3901
1.1059
0.94923
0.92669
0.99843
1.1109
1.1953
1.1306
0.93381
0.67667
0.50006
0.41799
0.42074
0.48076
0.57692
0.67113
0.67521
0.62205
0.59122
0.59286
0.62148
0.67873
0.74236
0.77135
0.76251
0.76223
0.79992
0.88084
0.99707
1.1199
1.1546
1.0376
0.77946
0.48157
0.25364
0.12624
0.070686
0.073663
0.10963
0.15923
0.20333
0.22348
0.22216
0.18817
0.14471
0.10664
0.089236
0.093478
0.09822
0.14096
0.2232
0.32929
0.45043
0.57037
0.66383
0.67292
0.59065
0.46736
0.34536
0.25128
0.19064
0.16197
0.23281
0.36885
0.52215
0.64254
0.69054
0.67099
0.61806
0.54866
0.48579
0.44238
0.42591
0.44187
0.45082
0.46767
0.48784
0.49888
0.48918
0.45789
0.41446
0.36963
0.32963
0.29693
0.27136
0.2526
0.24128
0.23758
0.24084
0.25115
0.26862
0.29336
0.32529
0.36398
0.40852
0.45745
0.50869
0.5597
0.60762
0.64956
0.68288
0.70562
0.71685
0.71694
0.70761
0.69175
0.67293
0.65481
0.64064
0.63294
0.63331
0.64248
0.66035
0.68616
0.71854
0.75568
0.79551
0.83588
0.87477
0.91038
0.94122
0.96618
0.98444
0.9956
0.99966
0.9971
0.989
0.97698
0.96316
0.94997
0.93985
0.93495
0.93679
0.94608
0.96253
0.98488
1.0111
1.0386
1.0648
1.0876
1.1053
1.1173
1.1235
1.1245
1.1212
1.1144
1.1052
1.0942
1.0821
1.0693
1.0562
1.0427
1.0292
1.0159
1.0035
0.9928
0.98456
0.97943
0.97753
0.97823
0.98013
0.98128
0.97957
0.97328
0.96156
0.9447
0.92404
0.90158
0.87942
0.8593
0.84218
0.82824
0.81698
0.80756
0.7992
0.79149
0.78459
0.77915
0.77614
0.77648
0.78069
0.7886
0.79927
0.81091
0.8212
0.82762
0.82801
0.82099
0.80627
0.78472
0.7581
0.72866
0.69868
0.67005
0.64402
0.62116
0.60147
0.58452
0.56979
0.55691
0.5458
0.53684
0.53072
0.52833
0.53049
0.53778
0.55033
0.56778
0.58927
0.61358
0.63941
0.66573
0.69203
0.71863
0.74664
0.77778
0.81404
0.85722
0.90834
0.96721
1.0321
1.0997
1.1654
1.2243
1.2722
1.3062
1.3253
1.3301
1.3225
1.3046
1.2782
1.2428
1.1989
1.1486
1.0928
1.0334
0.97305
0.91523
0.86344
0.82075
0.78937
0.7704
0.76389
0.76899
0.78412
0.80719
0.83584
0.86763
0.90027
0.93174
0.9603
0.98445
1.0029
1.0144
1.018
1.013
0.99917
0.97681
0.94702
0.91152
0.87264
0.83303
0.79445
0.75889
0.72867
0.70536
0.69015
0.68379
0.68674
0.69921
0.72126
0.75287
0.79394
0.84424
0.90326
0.97005
1.043
1.1195
1.1963
1.2688
1.3324
1.3821
1.4139
1.4246
1.4132
1.3801
1.3279
1.2606
1.1835
1.1021
1.0216
0.94672
0.88085
0.82632
0.78443
0.75567
0.73997
0.73692
0.74579
0.76552
0.79469
0.83132
0.87286
0.91621
0.95791
0.99444
1.0227
1.0403
1.0462
1.0406
1.0249
1.0018
0.9741
0.94506
0.91736
0.89307
0.87342
0.85887
0.84926
0.84392
0.8419
0.84212
0.8435
0.84505
0.84601
0.84588
0.84454
0.84222
0.83953
0.83735
0.83673
0.83865
0.84395
0.85314
0.86636
0.88331
0.90331
0.92534
0.94817
0.97047
0.99095
1.0085
1.0225
1.0324
1.0384
1.041
1.0409
1.0392
1.037
1.0355
1.0356
1.0385
1.045
1.0559
1.0716
1.0925
1.1182
1.1484
1.1819
1.2174
1.2534
1.2884
1.3211
1.3508
1.3774
1.4011
1.4225
1.4423
1.4609
1.4784
1.4942
1.5071
1.5153
1.5169
1.5098
1.492
1.462
1.4191
1.3632
1.2954
1.2178
1.1333
1.0456
0.95852
0.8757
0.8003
0.73464
0.68015
0.63743
0.6065
0.58699
0.57831
0.57985
0.59097
0.61104
0.63939
0.67523
0.71762
0.76535
0.81696
0.87076
0.92495
0.97781
1.0279
1.0741
1.1158
1.1531
1.1844
1.2101
1.2322
1.2505
1.2644
1.2729
1.2746
1.2682
1.2529
1.2283
1.1948
1.1539
1.1072
1.0573
1.0065
0.95761
0.91284
0.8742
0.84314
0.82052
0.80659
0.80103
0.80296
0.81106
0.82361
0.83864
0.85405
0.86779
0.87808
0.88358
0.8836
0.87765
0.86625
0.85076
0.83225
0.81193
0.79098
0.77046
0.75121
0.73383
0.71866
0.70588
0.69557
0.68779
0.68269
0.68052
0.68162
0.68636
0.6951
0.70803
0.72509
0.74589
0.76967
0.79531
0.82139
0.84624
0.86817
0.88556
0.89701
0.9015
0.89845
0.88776
0.86986
0.84562
0.81627
0.78331
0.74833
0.71286
0.67832
0.64588
0.61648
0.59077
0.56918
0.55188
0.53886
0.52989
0.52461
0.5225
0.52295
0.52531
0.52893
0.53324
0.53779
0.54234
0.54682
0.55139
0.55639
0.56236
0.56994
0.57988
0.59302
0.6102
0.63224
0.65987
0.69359
0.73362
0.77968
0.8309
0.88566
0.9416
0.99565
1.0443
1.0839
1.1112
1.1237
1.1202
1.1005
1.0659
1.0189
0.96268
0.90076
0.83666
0.77356
0.71402
0.66
0.61279
0.57314
0.54139
0.5176
0.5017
0.49357
0.49309
0.50018
0.51477
0.53679
0.56602
0.60206
0.64424
0.69151
0.74247
0.7954
0.84837
0.89935
0.94639
0.98767
1.0216
1.047
1.063
1.069
1.0651
1.0517
1.0299
1.0009
0.96665
0.92908
0.89032
0.85244
0.81735
0.78678
0.76218
0.74476
0.73547
0.73504
0.74395
0.76242
0.79034
0.82717
0.87185
0.92268
0.97733
1.0329
1.0861
1.1335
1.1723
1.2
1.2153
1.2179
1.2086
1.1891
1.1618
1.1293
1.0939
1.0578
1.0228
0.98968
0.95899
0.92992
0.90218
0.87578
0.8499
0.82288
0.79466
0.76728
0.7449
0.73183
0.72796
0.72767
0.71846
0.69369
0.65976
0.63062
0.61686
0.61881
0.62834
0.63962
0.65385
0.6766
0.7333
0.8477
1.0238
1.2228
1.3667
1.3997
1.315
1.1935
1.1182
1.1376
1.2558
1.4283
1.5686
1.5522
1.3385
0.99817
0.67032
0.45293
0.35559
0.34896
0.40134
0.4826
0.55679
0.60062
0.63886
0.70445
0.82715
1.0194
1.2537
1.469
1.5796
1.5502
1.3917
1.1412
0.8561
0.59087
0.39216
0.27448
0.22904
0.25052
0.3407
0.52069
0.77749
1.0438
1.2422
1.3402
1.3536
1.3053
1.2037
1.0408
0.83099
0.61099
0.42886
0.31267
0.26146
0.27784
0.34467
0.44815
0.55865
0.6245
0.61536
0.53781
0.43737
0.34913
0.28743
0.25431
0.2513
0.26156
0.27369
0.28553
0.29794
0.3122
0.32385
0.33824
0.35501
0.38455
0.42549
0.46588
0.49278
0.50253
0.51373
0.53869
0.59698
0.71826
0.92444
1.2032
1.4803
1.6487
1.636
1.4405
1.1418
0.85864
0.66502
0.57733
0.58573
0.6701
0.78887
0.87878
0.88021
0.76966
0.58207
0.3865
0.24426
0.16424
0.13677
0.15162
0.20226
0.28791
0.38252
0.44293
0.44251
0.41411
0.39544
0.41834
0.50176
0.63963
0.78602
0.8613
0.83456
0.74473
0.64423
0.57152
0.53772
0.53252
0.52663
0.4854
0.4178
0.34679
0.29145
0.26066
0.25186
0.25817
0.26473
0.27481
0.29047
0.31515
0.35209
0.39452
0.42552
0.42282
0.38612
0.32915
0.2715
0.22773
0.20812
0.20333
0.20466
0.21309
0.23566
0.27689
0.33599
0.4032
0.44935
0.43851
0.36881
0.27905
0.20916
0.17763
0.18784
0.24179
0.33671
0.45446
0.56318
0.63889
0.6758
0.6772
0.64111
0.57427
0.49484
0.42708
0.38753
0.38209
0.41301
0.46836
0.52869
0.57594
0.60102
0.60422
0.59245
0.575
0.56012
0.55343
0.5565
0.56664
0.57891
0.58995
0.60018
0.60954
0.61672
0.62072
0.62072
0.61625
0.60725
0.59414
0.57783
0.5597
0.54139
0.52472
0.51141
0.50299
0.50069
0.50538
0.51756
0.53739
0.5646
0.59853
0.63808
0.68174
0.72773
0.77422
0.8195
0.86234
0.90207
0.9386
0.97234
1.0038
1.0336
1.0616
1.0874
1.1098
1.1272
1.138
1.1407
1.1341
1.118
1.0929
1.0601
1.0214
0.97917
0.9357
0.89338
0.85427
0.82009
0.7921
0.77114
0.75767
0.75176
0.75318
0.76135
0.77534
0.79376
0.81477
0.83601
0.8547
0.86776
0.87217
0.86529
0.84535
0.81187
0.76596
0.71033
0.64901
0.58665
0.5278
0.47614
0.43416
0.40312
0.38338
0.37472
0.37663
0.38843
0.40921
0.43774
0.47222
0.51028
0.54895
0.58494
0.61508
0.63677
0.6484
0.64966
0.6415
0.62595
0.60571
0.5837
0.56268
0.54499
0.53245
0.52632
0.52742
0.53619
0.55275
0.57683
0.60782
0.6446
0.68555
0.72856
0.77112
0.81063
0.84463
0.8712
0.88919
0.89834
0.89932
0.89345
0.88252
0.86843
0.85297
0.83765
0.8236
0.81161
0.80219
0.79562
0.792
0.79131
0.79339
0.79794
0.80447
0.81231
0.82056
0.82817
0.83395
0.83673
0.83544
0.82923
0.81758
0.80035
0.77774
0.75031
0.71885
0.68439
0.64803
0.611
0.57458
0.54003
0.50864
0.48159
0.45996
0.44471
0.4367
0.4367
0.44599
0.46402
0.48924
0.52554
0.57907
0.65442
0.74819
0.84758
0.93202
0.99086
1.035
1.0797
1.1375
1.2119
1.2905
1.3361
1.3074
1.2209
1.1506
1.1509
1.2493
1.4287
1.6307
1.7481
1.6807
1.505
1.2936
1.1348
1.0699
1.0881
1.1308
1.0765
0.96031
0.87012
0.86164
0.96164
1.1443
1.3349
1.4137
1.3073
1.0908
0.8809
0.75957
0.73841
0.79164
0.87027
0.89354
0.91452
0.94627
1.0095
1.1064
1.2139
1.2808
1.1948
0.99051
0.79622
0.7051
0.75778
0.97009
1.3126
1.6697
1.8594
1.8072
1.6325
1.4319
1.2693
1.1924
1.2113
1.2881
1.2766
1.1498
0.95137
0.74993
0.64705
0.66627
0.80437
1.0402
1.2988
1.4758
1.4646
1.3383
1.2105
1.143
1.1615
1.2437
1.3309
1.3114
1.1513
0.95691
0.8164
0.78265
0.86254
1.0127
1.1546
1.1781
1.1344
1.0724
1.0376
1.0636
1.1456
1.2318
1.1891
1.0097
0.79417
0.63068
0.55692
0.58096
0.69454
0.85345
0.95732
0.95558
0.8763
0.8171
0.80843
0.85093
0.917
0.97307
0.96896
0.90357
0.80122
0.69958
0.63794
0.63357
0.68321
0.70392
0.67687
0.60318
0.51069
0.44803
0.42019
0.43289
0.48712
0.57869
0.68048
0.73345
0.72625
0.69544
0.68063
0.67989
0.67566
0.65673
0.66124
0.68125
0.6922
0.70744
0.73539
0.77679
0.77897
0.71958
0.62477
0.53757
0.5176
0.5699
0.67832
0.80279
0.88735
0.8861
0.82507
0.73691
0.65371
0.58567
0.53731
0.50342
0.44408
0.37248
0.32528
0.34196
0.43919
0.61445
0.82433
1.0078
1.0766
1.0103
0.85802
0.74371
0.72292
0.79617
0.93964
1.0966
1.1947
1.1643
1.0841
1.0148
1.0038
1.0716
1.1978
1.3273
1.3631
1.2906
1.1465
0.99216
0.88419
0.83047
0.82307
0.84041
0.86644
0.89203
0.92625
0.97546
1.0404
1.1151
1.1873
1.2474
1.2926
1.3287
1.3586
1.3817
1.3911
1.3841
1.3632
1.33
1.2866
1.2361
1.1815
1.1257
1.0709
1.0189
0.97057
0.92647
0.88669
0.85114
0.81967
0.79206
0.76812
0.74754
0.73001
0.71517
0.70273
0.69259
0.68492
0.68013
0.67884
0.6817
0.68914
0.70117
0.71725
0.73617
0.75622
0.77532
0.79138
0.80257
0.80752
0.80543
0.79609
0.77982
0.75747
0.73044
0.70061
0.6703
0.64206
0.61844
0.60175
0.59395
0.59657
0.61077
0.63736
0.67684
0.72932
0.79441
0.87107
0.95739
1.0504
1.1463
1.2401
1.3266
1.4002
1.4565
1.4919
1.505
1.4962
1.4678
1.4236
1.3682
1.3066
1.2435
1.1829
1.1278
1.0805
1.0421
1.0133
0.9939
0.98347
0.98102
0.98528
0.99475
1.0077
1.0224
1.037
1.05
1.0599
1.0658
1.0671
1.0636
1.0553
1.0428
1.0264
1.0068
0.98451
0.96023
0.93473
0.90888
0.8837
0.86024
0.83955
0.82251
0.80975
0.80161
0.79807
0.79881
0.80321
0.81046
0.81966
0.82989
0.84035
0.8504
0.85956
0.86752
0.87402
0.87888
0.88191
0.88297
0.88202
0.87923
0.87503
0.87014
0.86549
0.86209
0.86084
0.86234
0.86677
0.87382
0.88273
0.89238
0.90146
0.90868
0.91289
0.91326
0.9093
0.90087
0.88818
0.87174
0.85238
0.8312
0.80957
0.78911
0.77152
0.75851
0.75157
0.75185
0.75991
0.77566
0.79817
0.82534
0.85496
0.88461
0.91094
0.93109
0.9431
0.94606
0.93994
0.92547
0.90379
0.87636
0.84489
0.81131
0.77778
0.74651
0.71958
0.69871
0.68506
0.67911
0.6806
0.68864
0.70169
0.71784
0.73495
0.75098
0.76425
0.77365
0.77872
0.77959
0.77688
0.77151
0.76373
0.75387
0.74292
0.73155
0.72041
0.71001
0.70072
0.69276
0.6862
0.681
0.67697
0.67382
0.67113
0.66834
0.66476
0.65967
0.65235
0.64233
0.62942
0.61392
0.59655
0.57846
0.56103
0.54574
0.53397
0.5269
0.52544
0.53013
0.54117
0.5583
0.58081
0.60748
0.63669
0.66654
0.69509
0.72064
0.74194
0.75831
0.7696
0.77606
0.77817
0.77649
0.77153
0.76375
0.75359
0.74154
0.72821
0.71438
0.70103
0.68928
0.68036
0.67547
0.67576
0.68219
0.69548
0.71601
0.74377
0.77821
0.81825
0.86221
0.90789
0.95277
0.99426
1.0301
1.0586
1.0789
1.0911
1.0963
1.0959
1.0918
1.0856
1.0787
1.0718
1.0653
1.059
1.053
1.0472
1.042
1.038
1.0361
1.0369
1.041
1.0484
1.0585
1.0703
1.082
1.092
1.0982
1.0991
1.0935
1.081
1.0619
1.0375
1.0097
0.98074
0.95328
0.92987
0.91278
0.90378
0.904
0.91385
0.933
0.96031
0.99397
1.0316
1.0706
1.1083
1.1421
1.1704
1.1915
1.205
1.2104
1.2082
1.1989
1.1834
1.1627
1.1382
1.1109
1.0821
1.0529
1.0244
0.99766
0.97337
0.95217
0.93446
0.92033
0.90967
0.90213
0.89727
0.8946
0.89368
0.89421
0.89603
0.8991
0.90348
0.90935
0.91688
0.92631
0.93792
0.95194
0.96858
0.98791
1.0097
1.0336
1.0585
1.0821
1.103
1.121
1.1348
1.1438
1.1476
1.1462
1.1395
1.1278
1.111
1.0891
1.0621
1.0303
0.99464
0.95611
0.91619
0.87651
0.83861
0.80382
0.77309
0.74701
0.72579
0.70934
0.69733
0.68929
0.68468
0.68295
0.68358
0.68612
0.69017
0.69537
0.70111
0.70655
0.7112
0.71473
0.71701
0.71818
0.71862
0.71889
0.71969
0.72176
0.72583
0.73257
0.74249
0.75594
0.77307
0.79383
0.8179
0.84477
