0.87539
0.87467
0.87395
0.87323
0.87251
0.87179
0.87107
0.87035
0.86963
0.86891
0.86819
0.86747
0.86674
0.86602
0.8653
0.86458
0.86385
0.86313
0.86241
0.86168
0.86096
0.86023
0.85951
0.85879
0.85806
0.85734
0.85661
0.85589
0.85516
0.85444
0.85372
0.85299
0.85227
0.85154
0.85082
0.85009
0.84937
0.84865
0.84792
0.8472
0.84647
0.84575
0.84503
0.84431
0.84358
0.84286
0.84214
0.84142
0.84069
0.83997
0.83925
0.83853
0.83781
0.83709
0.83637
0.83565
0.83494
0.83422
0.8335
0.83278
0.83207
0.83135
0.83064
0.82992
0.82921
0.82849
0.82778
0.82707
0.82635
0.82564
0.82493
0.82422
0.82351
0.8228
0.8221
0.82139
0.82068
0.81998
0.81927
0.81857
0.81787
0.81716
0.81646
0.81576
0.81506
0.81436
0.81367
0.81297
0.81227
0.81158
0.81088
0.81019
0.8095
0.80881
0.80812
0.80743
0.80674
0.80605
0.80537
0.80468
0.804
0.80332
0.80264
0.80196
0.80128
0.8006
0.79993
0.79925
0.79858
0.7979
0.79723
0.79656
0.79589
0.79523
0.79456
0.7939
0.79323
0.79257
0.79191
0.79125
0.7906
0.78994
0.78929
0.78863
0.78798
0.78733
0.78668
0.78604
0.78539
0.78475
0.7841
0.78346
0.78282
0.78219
0.78155
0.78092
0.78028
0.77965
0.77902
0.7784
0.77777
0.77715
0.77652
0.7759
0.77528
0.77467
0.77405
0.77344
0.77283
0.77222
0.77161
0.771
0.7704
0.7698
0.7692
0.7686
0.768
0.76741
0.76681
0.76622
0.76563
0.76505
0.76446
0.76388
0.7633
0.76272
0.76214
0.76157
0.76099
0.76042
0.75985
0.75929
0.75872
0.75816
0.7576
0.75704
0.75649
0.75593
0.75538
0.75483
0.75428
0.75374
0.7532
0.75266
0.75212
0.75158
0.75105
0.75052
0.74999
0.74946
0.74894
0.74841
0.74789
0.74737
0.74686
0.74635
0.74584
0.74533
0.74482
0.74432
0.74382
0.74332
0.74282
0.74233
0.74184
0.74135
0.74086
0.74038
0.73989
0.73941
0.73894
0.73846
0.73799
0.73752
0.73705
0.73659
0.73613
0.73567
0.73521
0.73476
0.73431
0.73386
0.73341
0.73297
0.73253
0.73209
0.73165
0.73122
0.73079
0.73036
0.72993
0.72951
0.72909
0.72867
0.72826
0.72784
0.72743
0.72703
0.72662
0.72622
0.72582
0.72543
0.72503
0.72464
0.72425
0.72387
0.72348
0.7231
0.72273
0.72235
0.72198
0.72161
0.72125
0.72088
0.72052
0.72016
0.71981
0.71946
0.71911
0.71876
0.71842
0.71807
0.71774
0.7174
0.71707
0.71674
0.71641
0.71609
0.71577
0.71545
0.71513
0.71482
0.71451
0.7142
0.7139
0.71359
0.7133
0.713
0.71271
0.71242
0.71213
0.71185
0.71156
0.71129
0.71101
0.71074
0.71047
0.7102
0.70994
0.70967
0.70942
0.70916
0.70891
0.70866
0.70841
0.70817
0.70793
0.70769
0.70745
0.70722
0.70699
0.70676
0.70654
0.70632
0.7061
0.70589
0.70568
0.70547
0.70526
0.70506
0.70486
0.70466
0.70447
0.70427
0.70409
0.7039
0.70372
0.70354
0.70336
0.70319
0.70301
0.70285
0.70268
0.70252
0.70236
0.7022
0.70205
0.7019
0.70175
0.70161
0.70146
0.70132
0.70119
0.70105
0.70092
0.7008
0.70067
0.70055
0.70043
0.70031
0.7002
0.70009
0.69998
0.69988
0.69978
0.69968
0.69958
0.69949
0.6994
0.69931
0.69923
0.69915
0.69907
0.69899
0.69892
0.69885
0.69878
0.69872
0.69865
0.6986
0.69854
0.69849
0.69844
0.69839
0.69834
0.6983
0.69826
0.69823
0.69819
0.69816
0.69813
0.69811
0.69809
0.69807
0.69805
0.69803
0.69802
0.69801
0.69801
0.698
0.698
0.69801
0.69801
0.69802
0.69803
0.69804
0.69806
0.69808
0.6981
0.69812
0.69815
0.69818
0.69821
0.69824
0.69828
0.69832
0.69836
0.69841
0.69845
0.6985
0.69856
0.69861
0.69867
0.69873
0.69879
0.69886
0.69893
0.699
0.69907
0.69915
0.69923
0.69931
0.69939
0.69948
0.69956
0.69966
0.69975
0.69984
0.69994
0.70004
0.70015
0.70025
0.70036
0.70047
0.70058
0.7007
0.70082
0.70094
0.70106
0.70118
0.70131
0.70144
0.70157
0.70171
0.70184
0.70198
0.70212
0.70227
0.70241
0.70256
0.70271
0.70286
0.70302
0.70317
0.70333
0.70349
0.70366
0.70382
0.70399
0.70416
0.70433
0.70451
0.70468
0.70486
0.70504
0.70522
0.70541
0.7056
0.70578
0.70597
0.70617
0.70636
0.70656
0.70676
0.70696
0.70716
0.70737
0.70757
0.70778
0.70799
0.70821
0.70842
0.70864
0.70885
0.70907
0.7093
0.70952
0.70975
0.70997
0.7102
0.71043
0.71067
0.7109
0.71114
0.71137
0.71161
0.71185
0.7121
0.71234
0.71259
0.71284
0.71309
0.71334
0.71359
0.71384
0.7141
0.71436
0.71462
0.71488
0.71514
0.7154
0.71567
0.71593
0.7162
0.71647
0.71674
0.71701
0.71729
0.71756
0.71784
0.71812
0.7184
0.71868
0.71896
0.71924
0.71952
0.71981
0.7201
0.72038
0.72067
0.72096
0.72126
0.72155
0.72184
0.72214
0.72243
0.72273
0.72303
0.72333
0.72363
0.72393
0.72423
0.72453
0.72484
0.72514
0.72545
0.72576
0.72606
0.72637
0.72668
0.72699
0.7273
0.72762
0.72793
0.72824
0.72856
0.72887
0.72919
0.72951
0.72982
0.73014
0.73046
0.73078
0.7311
0.73142
0.73174
0.73206
0.73239
0.73271
0.73303
0.73336
0.73368
0.73401
0.73433
0.73466
0.73499
0.73531
0.73564
0.73597
0.73629
0.73662
0.73695
0.73728
0.73761
0.73794
0.73827
0.7386
0.73893
0.73926
0.73959
0.73992
0.74025
0.74058
0.74091
0.74124
0.74157
0.7419
0.74223
0.74256
0.74289
0.74322
0.74355
0.74388
0.74421
0.74454
0.74487
0.7452
0.74553
0.74586
0.74619
0.74652
0.74685
0.74718
0.74751
0.74784
0.74816
0.74849
0.74882
0.74914
0.74947
0.74979
0.75012
0.75044
0.75077
0.75109
0.75142
0.75174
0.75206
0.75238
0.7527
0.75302
0.75334
0.75366
0.75398
0.7543
0.75461
0.75493
0.75525
0.75556
0.75587
0.75619
0.7565
0.75681
0.75712
0.75743
0.75774
0.75805
0.75835
0.75866
0.75896
0.75927
0.75957
0.75987
0.76017
0.76047
0.76077
0.76107
0.76136
0.76166
0.76195
0.76225
0.76254
0.76283
0.76312
0.7634
0.76369
0.76398
0.76426
0.76454
0.76482
0.7651
0.76538
0.76566
0.76594
0.76621
0.76648
0.76675
0.76702
0.76729
0.76756
0.76782
0.76809
0.76835
0.76861
0.76887
0.76913
0.76938
0.76964
0.76989
0.77014
0.77039
0.77063
0.77088
0.77112
0.77137
0.77161
0.77184
0.77208
0.77231
0.77255
0.77278
0.77301
0.77323
0.77346
0.77368
0.7739
0.77412
0.77434
0.77455
0.77477
0.77498
0.77519
0.77539
0.7756
0.7758
0.776
0.7762
0.7764
0.77659
0.77678
0.77697
0.77716
0.77734
0.77753
0.77771
0.77789
0.77806
0.77824
0.77841
0.77858
0.77875
0.77891
0.77907
0.77923
0.77939
0.77955
0.7797
0.77985
0.78
0.78014
0.78029
0.78043
0.78056
0.7807
0.78083
0.78096
0.78109
0.78122
0.78134
0.78146
0.78158
0.78169
0.78181
0.78192
0.78202
0.78213
0.78223
0.78233
0.78243
0.78252
0.78261
0.7827
0.78279
0.78287
0.78295
0.78303
0.78311
0.78318
0.78325
0.78332
0.78338
0.78344
0.7835
0.78356
0.78361
0.78366
0.78371
0.78375
0.78379
0.78383
0.78387
0.7839
0.78393
0.78396
0.78398
0.78401
0.78402
0.78404
0.78405
0.78406
0.78407
0.78407
0.78408
0.78407
0.78407
0.78406
0.78405
0.78404
0.78402
0.784
0.78398
0.78395
0.78393
0.7839
0.78386
0.78382
0.78378
0.78374
0.78369
0.78365
0.78359
0.78354
0.78348
0.78342
0.78335
0.78329
0.78322
0.78314
0.78307
0.78299
0.78291
0.78282
0.78273
0.78264
0.78255
0.78245
0.78235
0.78224
0.78214
0.78203
0.78192
0.7818
0.78168
0.78156
0.78144
0.78131
0.78118
0.78104
0.78091
0.78077
0.78062
0.78048
0.78033
0.78018
0.78002
0.77987
0.7797
0.77954
0.77937
0.7792
0.77903
0.77886
0.77868
0.77849
0.77831
0.77812
0.77793
0.77774
0.77754
0.77734
0.77714
0.77693
0.77673
0.77651
0.7763
0.77608
0.77586
0.77564
0.77541
0.77519
0.77495
0.77472
0.77448
0.77424
0.774
0.77375
0.7735
0.77325
0.773
0.77274
0.77248
0.77222
0.77195
0.77168
0.77141
0.77114
0.77086
0.77058
0.7703
0.77001
0.76973
0.76944
0.76914
0.76885
0.76855
0.76825
0.76794
0.76764
0.76733
0.76701
0.7667
0.76638
0.76606
0.76574
0.76541
0.76509
0.76476
0.76442
0.76409
0.76375
0.76341
0.76307
0.76272
0.76238
0.76202
0.76167
0.76132
0.76096
0.7606
0.76024
0.75987
0.7595
0.75914
0.75876
0.75839
0.75801
0.75763
0.75725
0.75687
0.75648
0.7561
0.75571
0.75531
0.75492
0.75452
0.75412
0.75372
0.75332
0.75291
0.7525
0.75209
0.75168
0.75127
0.75085
0.75044
0.75002
0.74959
0.74917
0.74874
0.74832
0.74789
0.74745
0.74702
0.74658
0.74615
0.74571
0.74527
0.74482
0.74438
0.74393
0.74348
0.74303
0.74258
0.74213
0.74167
0.74121
0.74075
0.74029
0.73983
0.73937
0.7389
0.73844
0.73797
0.7375
0.73703
0.73655
0.73608
0.7356
0.73512
0.73464
0.73416
0.73368
0.7332
0.73271
0.73223
0.73174
0.73125
0.73076
0.73027
0.72978
0.72928
0.72879
0.72829
0.7278
0.7273
0.7268
0.7263
0.72579
0.72529
0.72479
0.72428
0.72378
0.72327
0.72276
0.72225
0.72174
0.72123
0.72072
0.7202
0.71969
0.71918
0.71866
0.71814
0.71763
0.71711
0.71659
0.71607
0.71555
0.71503
0.71451
0.71399
0.71346
0.71294
0.71241
0.71189
0.71136
0.71084
0.71031
0.70979
0.70926
0.70873
0.7082
0.70767
0.70714
0.70661
0.70608
0.70555
0.70502
0.70449
0.70396
0.70343
0.7029
0.70236
0.70183
0.7013
0.70077
0.70023
0.6997
0.69917
0.69863
0.6981
0.69757
0.69703
0.6965
0.69597
0.69543
0.6949
0.69436
0.69383
0.6933
0.69276
0.69223
0.6917
0.69116
0.69063
0.6901
0.68957
0.68903
0.6885
0.68797
0.68744
0.68691
0.68638
0.68585
0.68532
0.68479
0.68426
0.68373
0.6832
0.68267
0.68214
0.68162
0.68109
0.68057
0.68004
0.67951
0.67899
0.67847
0.67794
0.67742
0.6769
0.67638
0.67586
0.67534
0.67482
0.6743
0.67378
0.67326
0.67275
0.67223
0.67172
0.6712
0.67069
0.67018
0.66967
0.66915
0.66864
0.66814
0.66763
0.66712
0.66662
0.66611
0.66561
0.6651
0.6646
0.6641
0.6636
0.6631
0.6626
0.66211
0.66161
0.66112
0.66063
0.66013
0.65964
0.65915
0.65866
0.65818
0.65769
0.65721
0.65672
0.65624
0.65576
0.65528
0.6548
0.65432
0.65385
0.65337
0.6529
0.65243
0.65196
0.65149
0.65102
0.65056
0.65009
0.64963
0.64917
0.64871
0.64825
0.64779
0.64734
0.64688
0.64643
0.64598
0.64553
0.64508
0.64464
0.64419
0.64375
0.64331
0.64287
0.64243
0.64199
0.64156
0.64113
0.64069
0.64026
0.63984
0.63941
0.63899
0.63856
0.63814
0.63772
0.6373
0.63689
0.63647
0.63606
0.63565
0.63524
0.63484
0.63443
0.63403
0.63363
0.63323
0.63283
0.63243
0.63204
0.63165
0.63126
0.63087
0.63048
0.6301
0.62972
0.62934
0.62896
0.62858
0.62821
0.62784
0.62747
0.6271
0.62673
0.62637
0.626
0.62564
0.62528
0.62493
0.62457
0.62422
0.62387
0.62352
0.62318
0.62283
0.62249
0.62215
0.62181
0.62147
0.62114
0.62081
0.62048
0.62015
0.61983
0.6195
0.61918
0.61886
0.61854
0.61823
0.61792
0.61761
0.6173
0.61699
0.61669
0.61638
0.61608
0.61579
0.61549
0.6152
0.61491
0.61462
0.61433
0.61404
0.61376
0.61348
0.6132
0.61293
0.61265
0.61238
0.61211
0.61184
0.61158
0.61132
0.61105
0.6108
0.61054
0.61029
0.61003
0.60978
0.60954
0.60929
0.60905
0.60881
0.60857
0.60833
0.6081
0.60786
0.60763
0.60741
0.60718
0.60696
0.60673
0.60652
0.6063
0.60608
0.60587
0.60566
0.60545
0.60525
0.60504
0.60484
0.60464
0.60444
0.60425
0.60406
0.60387
0.60368
0.60349
0.60331
0.60312
0.60295
0.60277
0.60259
0.60242
0.60225
0.60208
0.60191
0.60175
0.60158
0.60142
0.60127
0.60111
0.60096
0.6008
0.60065
0.60051
0.60036
0.60022
0.60008
0.59994
0.5998
0.59966
0.59953
0.5994
0.59927
0.59915
0.59902
0.5989
0.59878
0.59866
0.59854
0.59843
0.59832
0.59821
0.5981
0.59799
0.59789
0.59778
0.59768
0.59759
0.59749
0.5974
0.5973
0.59721
0.59713
0.59704
0.59695
0.59687
0.59679
0.59671
0.59664
0.59656
0.59649
0.59642
0.59635
0.59628
0.59622
0.59615
0.59609
0.59603
0.59597
0.59592
0.59586
0.59581
0.59576
0.59571
0.59567
0.59562
0.59558
0.59554
0.5955
0.59546
0.59542
0.59539
0.59536
0.59533
0.5953
0.59527
0.59524
0.59522
0.5952
0.59518
0.59516
0.59514
0.59512
0.59511
0.5951
0.59509
0.59508
0.59507
0.59506
0.59506
0.59506
0.59505
0.59505
0.59506
0.59506
0.59506
0.59507
0.59508
0.59509
0.5951
0.59511
0.59512
0.59514
0.59516
0.59517
0.59519
0.59521
0.59524
0.59526
0.59528
0.59531
0.59534
0.59537
0.5954
0.59543
0.59546
0.5955
0.59553
0.59557
0.59561
0.59565
0.59569
0.59573
0.59577
0.59582
0.59586
0.59591
0.59596
0.596
0.59605
0.59611
0.59616
0.59621
0.59627
0.59632
0.59638
0.59643
0.59649
0.59655
0.59661
0.59668
0.59674
0.5968
0.59687
0.59693
0.597
0.59707
0.59714
0.59721
0.59728
0.59735
0.59742
0.59749
0.59757
0.59764
0.59772
0.59779
0.59787
0.59795
0.59803
0.59811
0.59819
0.59827
0.59835
0.59843
0.59851
0.5986
0.59868
0.59877
0.59885
0.59894
0.59903
0.59911
0.5992
0.59929
0.59938
0.59947
0.59956
0.59965
0.59975
0.59984
0.59993
0.60002
0.60012
0.60021
0.60031
0.6004
0.6005
0.60059
0.60069
0.60079
0.60088
0.60098
0.60108
0.60118
0.60128
0.60138
0.60148
0.60158
0.60168
0.60178
0.60188
0.60198
0.60208
0.60218
0.60228
0.60238
0.60248
0.60259
0.60269
0.60279
0.60289
0.603
0.6031
0.6032
0.60331
0.60341
0.60351
0.60362
0.60372
0.60382
0.60393
0.60403
0.60413
0.60424
0.60434
0.60445
0.60455
0.60465
0.60476
0.60486
0.60496
0.60507
0.60517
0.60527
0.60538
0.60548
0.60558
0.60569
0.60579
0.60589
0.60599
0.6061
0.6062
0.6063
0.6064
0.6065
0.6066
0.60671
0.60681
0.60691
0.60701
0.60711
0.60721
0.60731
0.60741
0.60751
0.6076
0.6077
0.6078
0.6079
0.608
0.60809
0.60819
0.60829
0.60838
0.60848
0.60857
0.60867
0.60876
0.60886
0.60895
0.60904
0.60914
0.60923
0.60932
0.60941
0.6095
0.60959
0.60968
0.60977
0.60986
0.60995
0.61004
0.61013
0.61021
0.6103
0.61039
0.61047
0.61056
0.61064
0.61073
0.61081
0.61089
0.61098
0.61106
0.61114
0.61122
0.6113
0.61138
0.61146
0.61154
0.61162
0.6117
0.61177
0.61185
0.61192
0.612
0.61207
0.61215
0.61222
0.61229
0.61237
0.61244
0.61251
0.61258
0.61265
0.61272
0.61279
0.61285
0.61292
0.61299
0.61305
0.61312
0.61318
0.61325
0.61331
0.61337
0.61344
0.6135
0.61356
0.61362
0.61368
0.61374
0.61379
0.61385
0.61391
0.61397
0.61402
0.61408
0.61413
0.61418
0.61424
0.61429
0.61434
0.61439
0.61444
0.61449
0.61454
0.61459
0.61464
0.61469
0.61473
0.61478
0.61482
0.61487
0.61491
0.61496
0.615
0.61504
0.61508
0.61513
0.61517
0.61521
0.61525
0.61529
0.61532
0.61536
0.6154
0.61543
0.61547
0.61551
0.61554
0.61558
0.61561
0.61564
0.61568
0.61571
0.61574
0.61577
0.6158
0.61583
0.61586
0.61589
0.61592
0.61595
0.61597
0.616
0.61603
0.61605
0.61608
0.6161
0.61613
0.61615
0.61618
0.6162
0.61622
0.61624
0.61627
0.61629
0.61631
0.61633
0.61635
0.61637
0.61639
0.61641
0.61643
0.61645
0.61647
0.61648
0.6165
0.61652
0.61654
0.61655
0.61657
0.61659
0.6166
0.61662
0.61663
0.61665
0.61666
0.61668
0.61669
0.61671
0.61672
0.61673
0.61675
0.61676
0.61677
0.61679
0.6168
0.61681
0.61683
0.61684
0.61685
0.61686
0.61688
0.61689
0.6169
0.61691
0.61693
0.61694
0.61695
0.61696
0.61698
0.61699
0.617
0.61701
0.61702
0.61704
0.61705
0.61706
0.61708
0.61709
0.6171
0.61711
0.61713
0.61714
0.61715
0.61717
0.61718
0.6172
0.61721
0.61722
0.61724
0.61725
0.61727
0.61728
0.6173
0.61732
0.61733
0.61735
0.61737
0.61738
0.6174
0.61742
0.61744
0.61746
0.61748
0.6175
0.61752
0.61754
0.61756
0.61758
0.6176
0.61762
0.61765
0.61767
0.61769
0.61772
0.61774
0.61777
0.6178
0.61782
0.61785
0.61788
0.61791
0.61794
0.61797
0.618
0.61803
0.61806
0.61809
0.61813
0.61816
0.6182
0.61823
0.61827
0.61831
0.61834
0.61838
0.61842
0.61846
0.61851
0.61855
0.61859
0.61864
0.61868
0.61873
0.61877
0.61882
0.61887
0.61892
0.61897
0.61902
0.61908
0.61913
0.61918
0.61924
0.6193
0.61936
0.61941
0.61948
0.61954
0.6196
0.61966
0.61973
0.61979
0.61986
0.61993
0.62
0.62007
0.62014
0.62021
0.62029
0.62036
0.62044
0.62052
0.6206
0.62068
0.62076
0.62085
0.62093
0.62102
0.6211
0.62119
0.62128
0.62138
0.62147
0.62156
0.62166
0.62176
0.62186
0.62196
0.62206
0.62216
0.62227
0.62237
0.62248
0.62259
0.6227
0.62282
0.62293
0.62305
0.62316
0.62328
0.6234
0.62353
0.62365
0.62377
0.6239
0.62403
0.62416
0.62429
0.62443
0.62456
0.6247
0.62484
0.62498
0.62512
0.62527
0.62542
0.62556
0.62571
0.62587
0.62602
0.62617
0.62633
0.62649
0.62665
0.62681
0.62698
0.62715
0.62731
0.62749
0.62766
0.62783
0.62801
0.62819
0.62837
0.62855
0.62873
0.62892
0.62911
0.6293
0.62949
0.62968
0.62988
0.63008
0.63028
0.63048
0.63068
0.63089
0.6311
0.63131
0.63152
0.63173
0.63195
0.63217
0.63239
0.63261
0.63284
0.63306
0.63329
0.63352
0.63376
0.63399
0.63423
0.63447
0.63471
0.63496
0.6352
0.63545
0.6357
0.63595
0.63621
0.63647
0.63673
0.63699
0.63725
0.63752
0.63779
0.63806
0.63833
0.63861
0.63888
0.63916
0.63945
0.63973
0.64002
0.6403
0.6406
0.64089
0.64118
0.64148
0.64178
0.64209
0.64239
0.6427
0.64301
0.64332
0.64363
0.64395
0.64427
0.64459
0.64491
0.64524
0.64556
0.64589
0.64623
0.64656
0.6469
0.64724
0.64758
0.64792
0.64827
0.64862
0.64897
0.64933
0.64968
0.65004
0.6504
0.65076
0.65113
0.6515
0.65187
0.65224
0.65261
0.65299
0.65337
0.65375
0.65413
0.65452
0.65491
0.6553
0.65569
0.65609
0.65649
0.65689
0.65729
0.6577
0.6581
0.65851
0.65893
0.65934
0.65976
0.66018
0.6606
0.66102
0.66145
0.66188
0.66231
0.66274
0.66317
0.66361
0.66405
0.66449
0.66494
0.66539
0.66584
0.66629
0.66674
0.6672
0.66765
0.66812
0.66858
0.66904
0.66951
0.66998
0.67045
0.67093
0.6714
0.67188
0.67236
0.67285
0.67333
0.67382
0.67431
0.6748
0.67529
0.67579
0.67629
0.67679
0.67729
0.6778
0.6783
0.67881
0.67933
0.67984
0.68036
0.68087
0.68139
0.68192
0.68244
0.68297
0.6835
0.68403
0.68456
0.68509
0.68563
0.68617
0.68671
0.68725
0.6878
0.68835
0.6889
0.68945
0.69
0.69056
0.69111
0.69167
0.69223
0.6928
0.69336
0.69393
0.6945
0.69507
0.69564
0.69622
0.6968
0.69737
0.69795
0.69854
0.69912
0.69971
0.7003
0.70089
0.70148
0.70207
0.70267
0.70326
0.70386
0.70446
0.70507
0.70567
0.70628
0.70688
0.70749
0.7081
0.70872
0.70933
0.70995
0.71057
0.71119
0.71181
0.71243
0.71306
0.71368
0.71431
0.71494
0.71557
0.7162
0.71684
0.71747
0.71811
0.71875
0.71939
0.72003
0.72067
0.72132
0.72196
0.72261
0.72326
0.72391
0.72456
0.72522
0.72587
0.72653
0.72718
0.72784
0.7285
0.72917
0.72983
0.73049
0.73116
0.73182
0.73249
0.73316
0.73383
0.7345
0.73518
0.73585
0.73652
0.7372
0.73788
0.73856
0.73924
0.73992
0.7406
0.74128
0.74197
0.74265
0.74334
0.74402
0.74471
0.7454
0.74609
0.74678
0.74748
0.74817
0.74886
0.74956
0.75025
0.75095
0.75165
0.75235
0.75304
0.75374
0.75444
0.75515
0.75585
0.75655
0.75726
0.75796
0.75867
0.75937
0.76008
0.76079
0.76149
0.7622
0.76291
0.76362
0.76433
0.76504
0.76576
0.76647
0.76718
0.76789
0.76861
0.76932
0.77004
0.77075
0.77147
0.77219
0.7729
0.77362
0.77434
0.77505
0.77577
0.77649
0.77721
0.77793
0.77865
0.77937
0.78009
0.78081
0.78153
0.78225
0.78297
0.78369
0.78442
0.78514
0.78586
0.78658
0.7873
0.78803
0.78875
0.78947
0.79019
0.79092
0.79164
0.79236
0.79308
0.79381
0.79453
0.79525
0.79597
0.7967
0.79742
0.79814
0.79886
0.79959
0.80031
0.80103
0.80175
0.80247
0.8032
0.80392
0.80464
0.80536
0.80608
0.8068
0.80752
0.80824
0.80896
0.80968
0.8104
0.81111
0.81183
0.81255
0.81327
0.81398
0.8147
0.81542
0.81613
0.81685
0.81756
0.81828
0.81899
0.8197
0.82042
0.82113
0.82184
0.82255
0.82326
0.82397
0.82468
0.82539
0.8261
0.8268
0.82751
0.82822
0.82892
0.82963
0.83033
0.83103
0.83174
0.83244
0.83314
0.83384
0.83454
0.83524
0.83594
0.83663
0.83733
0.83803
0.83872
0.83941
0.84011
0.8408
0.84149
0.84218
0.84287
0.84356
0.84425
0.84493
0.84562
0.8463
0.84699
0.84767
0.84835
0.84903
0.84971
0.85039
0.85107
0.85174
0.85242
0.85309
0.85377
0.85444
0.85511
0.85578
0.85645
0.85712
0.85778
0.85845
0.85911
0.85977
0.86044
0.8611
0.86175
0.86241
0.86307
0.86373
0.86438
0.86503
0.86568
0.86633
0.86698
0.86763
0.86828
0.86892
0.86957
0.87021
0.87085
0.87149
0.87213
0.87277
0.8734
0.87404
0.87467
0.8753
0.87593
0.87656
0.87719
0.87781
0.87844
0.87906
0.87968
0.8803
0.88092
0.88153
0.88215
0.88276
0.88338
0.88399
0.8846
0.8852
0.88581
0.88641
0.88702
0.88762
0.88822
0.88882
0.88941
0.89001
0.8906
0.89119
0.89178
0.89237
0.89296
0.89354
0.89413
0.89471
0.89529
0.89587
0.89645
0.89702
0.8976
0.89817
0.89874
0.89931
0.89987
0.90044
0.901
0.90156
0.90212
0.90268
0.90324
0.90379
0.90435
0.9049
0.90545
0.90599
0.90654
0.90708
0.90763
0.90817
0.9087
0.90924
0.90978
0.91031
0.91084
0.91137
0.9119
0.91242
0.91295
0.91347
0.91399
0.91451
0.91502
0.91554
0.91605
0.91656
0.91707
0.91758
0.91808
0.91859
0.91909
0.91959
0.92008
0.92058
0.92107
0.92157
0.92205
0.92254
0.92303
0.92351
0.92399
0.92447
0.92495
0.92543
0.9259
0.92637
0.92684
0.92731
0.92778
0.92824
0.92871
0.92917
0.92962
0.93008
0.93053
0.93099
0.93144
0.93188
0.93233
0.93277
0.93322
0.93365
0.93409
0.93453
0.93496
0.93539
0.93582
0.93625
0.93668
0.9371
0.93752
0.93794
0.93836
0.93877
0.93918
0.9396
0.94
0.94041
0.94081
0.94122
0.94162
0.94202
0.94241
0.9428
0.9432
0.94359
0.94397
0.94436
0.94474
0.94512
0.9455
0.94588
0.94625
0.94662
0.94699
0.94736
0.94773
0.94809
0.94845
0.94881
0.94917
0.94952
0.94988
0.95023
0.95057
0.95092
0.95126
0.9516
0.95194
0.95228
0.95261
0.95295
0.95328
0.95361
0.95393
0.95425
0.95458
0.95489
0.95521
0.95552
0.95584
0.95615
0.95645
0.95676
0.95706
0.95736
0.95766
0.95796
0.95825
0.95854
0.95883
0.95912
0.9594
0.95968
0.95996
0.96024
0.96051
0.96079
0.96106
0.96132
0.96159
0.96185
0.96211
0.96237
0.96263
0.96288
0.96313
0.96338
0.96362
0.96387
0.96411
0.96435
0.96458
0.96482
0.96505
0.96528
0.96551
0.96573
0.96595
0.96617
0.96639
0.9666
0.96681
0.96702
0.96723
0.96743
0.96764
0.96783
0.96803
0.96823
0.96842
0.96861
0.96879
0.96898
0.96916
0.96934
0.96951
0.96969
0.96986
0.97003
0.97019
0.97036
0.97052
0.97068
0.97083
0.97098
0.97113
0.97128
0.97143
0.97157
0.97171
0.97185
0.97198
0.97211
0.97224
0.97237
0.97249
0.97261
0.97273
0.97285
0.97296
0.97307
0.97318
0.97328
0.97339
0.97349
0.97358
0.97368
0.97377
0.97386
0.97394
0.97402
0.9741
0.97418
0.97426
0.97433
0.9744
0.97446
0.97453
0.97459
0.97464
0.9747
0.97475
0.9748
0.97484
0.97489
0.97493
0.97497
0.975
0.97503
0.97506
0.97509
0.97511
0.97513
0.97515
0.97516
0.97517
0.97518
0.97519
0.97519
0.97519
0.97518
0.97518
0.97517
0.97515
0.97514
0.97512
0.9751
0.97507
0.97505
0.97501
0.97498
0.97494
0.9749
0.97486
0.97481
0.97477
0.97471
0.97466
0.9746
0.97454
0.97447
0.9744
0.97433
0.97426
0.97418
0.9741
0.97402
0.97393
0.97384
0.97375
0.97365
0.97355
0.97345
0.97334
0.97323
0.97312
0.97301
0.97289
0.97277
0.97264
0.97251
0.97238
0.97224
0.97211
0.97196
0.97182
0.97167
0.97152
0.97136
0.97121
0.97105
0.97088
0.97071
0.97054
0.97037
0.97019
0.97001
0.96982
0.96963
0.96944
0.96925
0.96905
0.96885
0.96864
0.96843
0.96822
0.96801
0.96779
0.96757
0.96734
0.96711
0.96688
0.96664
0.9664
0.96616
0.96592
0.96567
0.96541
0.96516
0.9649
0.96463
0.96437
0.96409
0.96382
0.96354
0.96326
0.96298
0.96269
0.9624
0.9621
0.96181
0.9615
0.9612
0.96089
0.96058
0.96026
0.95994
0.95962
0.95929
0.95896
0.95863
0.95829
0.95795
0.9576
0.95726
0.9569
0.95655
0.95619
0.95583
0.95546
0.95509
0.95472
0.95434
0.95396
0.95358
0.95319
0.9528
0.95241
0.95201
0.95161
0.9512
0.95079
0.95038
0.94997
0.94955
0.94912
0.9487
0.94827
0.94783
0.9474
0.94695
0.94651
0.94606
0.94561
0.94515
0.9447
0.94423
0.94377
0.9433
0.94282
0.94235
0.94187
0.94138
0.9409
0.9404
0.93991
0.93941
0.93891
0.9384
0.93789
0.93738
0.93687
0.93635
0.93582
0.9353
0.93477
0.93423
0.9337
0.93316
0.93261
0.93206
0.93151
0.93096
0.9304
0.92984
0.92927
0.9287
0.92813
0.92756
0.92698
0.92639
0.92581
0.92522
0.92462
0.92403
0.92343
0.92283
0.92222
0.92161
0.92099
0.92038
0.91976
0.91913
0.91851
0.91788
0.91724
0.91661
0.91596
0.91532
0.91467
0.91402
0.91337
0.91271
0.91205
0.91139
0.91072
0.91005
0.90938
0.9087
0.90802
0.90734
0.90665
0.90596
0.90527
0.90457
0.90387
0.90317
0.90247
0.90176
0.90105
0.90033
0.89962
0.89889
0.89817
0.89744
0.89671
0.89598
0.89524
0.89451
0.89376
0.89302
0.89227
0.89152
0.89077
0.89001
0.88925
0.88849
0.88772
0.88695
0.88618
0.88541
0.88463
0.88385
0.88307
0.88228
0.8815
0.88071
0.87991
0.87912
0.87832
0.87752
0.87671
0.87591
0.8751
0.87428
0.87347
0.87265
0.87183
0.87101
0.87019
0.86936
0.86853
0.8677
0.86686
0.86603
0.86519
0.86435
0.8635
0.86266
0.86181
0.86096
0.8601
0.85925
0.85839
0.85753
0.85667
0.8558
0.85494
0.85407
0.8532
0.85232
0.85145
0.85057
0.84969
0.84881
0.84793
0.84704
0.84616
0.84527
0.84438
0.84348
0.84259
0.84169
0.8408
0.8399
0.83899
0.83809
0.83719
0.83628
0.83537
0.83446
0.83355
0.83264
0.83172
0.8308
0.82989
0.82897
0.82805
0.82712
0.8262
0.82527
0.82435
0.82342
0.82249
0.82156
0.82063
0.81969
0.81876
0.81782
0.81689
0.81595
0.81501
0.81407
0.81313
0.81219
0.81124
0.8103
0.80935
0.80841
0.80746
0.80651
0.80556
0.80461
0.80366
0.80271
0.80176
0.80081
0.79985
0.7989
0.79794
0.79699
0.79603
0.79507
0.79412
0.79316
0.7922
0.79124
0.79028
0.78932
0.78836
0.7874
0.78644
0.78548
0.78452
0.78356
0.7826
0.78164
0.78067
0.77971
0.77875
0.77779
0.77682
0.77586
0.7749
0.77394
0.77297
0.77201
0.77105
0.77009
0.76913
0.76816
0.7672
0.76624
0.76528
0.76432
0.76336
0.7624
0.76144
0.76048
0.75952
0.75856
0.75761
0.75665
0.75569
0.75474
0.75378
0.75283
0.75187
0.75092
0.74997
0.74902
0.74806
0.74711
0.74616
0.74522
0.74427
0.74332
0.74238
0.74143
0.74049
0.73954
0.7386
0.73766
0.73672
0.73578
0.73485
0.73391
0.73298
0.73204
0.73111
0.73018
0.72925
0.72832
0.72739
0.72647
0.72555
0.72462
0.7237
0.72278
0.72186
0.72095
0.72003
0.71912
0.71821
0.7173
0.71639
0.71548
0.71458
0.71368
0.71278
0.71188
0.71098
0.71008
0.70919
0.7083
0.70741
0.70652
0.70564
0.70475
0.70387
0.70299
0.70211
0.70124
0.70037
0.69949
0.69863
0.69776
0.6969
0.69603
0.69517
0.69432
0.69346
0.69261
0.69176
0.69091
0.69007
0.68922
0.68838
0.68755
0.68671
0.68588
0.68505
0.68422
0.6834
0.68258
0.68176
0.68094
0.68013
0.67931
0.67851
0.6777
0.6769
0.6761
0.6753
0.67451
0.67372
0.67293
0.67214
0.67136
0.67058
0.6698
0.66903
0.66826
0.66749
0.66673
0.66597
0.66521
0.66446
0.66371
0.66296
0.66221
0.66147
0.66073
0.66
0.65926
0.65854
0.65781
0.65709
0.65637
0.65566
0.65494
0.65424
0.65353
0.65283
0.65213
0.65144
0.65075
0.65006
0.64937
0.64869
0.64802
0.64735
0.64668
0.64601
0.64535
0.64469
0.64404
0.64338
0.64274
0.64209
0.64145
0.64082
0.64019
0.63956
0.63893
0.63831
0.6377
0.63708
0.63647
0.63587
0.63527
0.63467
0.63408
0.63349
0.6329
0.63232
0.63174
0.63117
0.6306
0.63004
0.62947
0.62892
0.62836
0.62782
0.62727
0.62673
0.62619
0.62566
0.62513
0.62461
0.62409
0.62357
0.62306
0.62256
0.62205
0.62155
0.62106
0.62057
0.62008
0.6196
0.61913
0.61865
0.61818
0.61772
0.61726
0.6168
0.61635
0.61591
0.61546
0.61503
0.61459
0.61416
0.61374
0.61332
0.6129
0.61249
0.61209
0.61168
0.61129
0.61089
0.6105
0.61012
0.60974
0.60937
0.609
0.60863
0.60827
0.60791
0.60756
0.60721
0.60687
0.60653
0.6062
0.60587
0.60554
0.60522
0.60491
0.6046
0.60429
0.60399
0.60369
0.6034
0.60311
0.60283
0.60255
0.60228
0.60201
0.60175
0.60149
0.60124
0.60099
0.60074
0.6005
0.60027
0.60004
0.59981
0.59959
0.59937
0.59916
0.59896
0.59875
0.59856
0.59837
0.59818
0.598
0.59782
0.59765
0.59748
0.59731
0.59716
0.597
0.59685
0.59671
0.59657
0.59644
0.59631
0.59618
0.59606
0.59595
0.59584
0.59573
0.59563
0.59554
0.59545
0.59536
0.59528
0.59521
0.59513
0.59507
0.59501
0.59495
0.5949
0.59485
0.59481
0.59478
0.59474
0.59472
0.59469
0.59468
0.59467
0.59466
0.59466
0.59466
0.59467
0.59468
0.59469
0.59472
0.59474
0.59478
0.59481
0.59485
0.5949
0.59495
0.59501
0.59507
0.59514
0.59521
0.59528
0.59536
0.59545
0.59554
0.59564
0.59574
0.59584
0.59595
0.59607
0.59619
0.59631
0.59644
0.59658
0.59671
0.59686
0.59701
0.59716
0.59732
0.59748
0.59765
0.59783
0.598
0.59819
0.59838
0.59857
0.59877
0.59897
0.59918
0.59939
0.5996
0.59983
0.60005
0.60028
0.60052
0.60076
0.60101
0.60126
0.60151
0.60177
0.60204
0.60231
0.60258
0.60286
0.60314
0.60343
0.60372
0.60402
0.60433
0.60463
0.60494
0.60526
0.60558
0.60591
0.60624
0.60658
0.60692
0.60726
0.60761
0.60796
0.60832
0.60869
0.60905
0.60943
0.6098
0.61019
0.61057
0.61096
0.61136
0.61176
0.61216
0.61257
0.61299
0.6134
0.61383
0.61425
0.61468
0.61512
0.61556
0.61601
0.61646
0.61691
0.61737
0.61783
0.6183
0.61877
0.61925
0.61973
0.62021
0.6207
0.62119
0.62169
0.62219
0.6227
0.62321
0.62373
0.62425
0.62477
0.6253
0.62583
0.62636
0.6269
0.62745
0.628
0.62855
0.62911
0.62967
0.63023
0.6308
0.63138
0.63195
0.63254
0.63312
0.63371
0.63431
0.6349
0.63551
0.63611
0.63672
0.63733
0.63795
0.63857
0.6392
0.63983
0.64046
0.6411
0.64174
0.64238
0.64303
0.64368
0.64434
0.645
0.64566
0.64633
0.647
0.64767
0.64835
0.64903
0.64972
0.65041
0.6511
0.6518
0.65249
0.6532
0.6539
0.65461
0.65533
0.65604
0.65676
0.65749
0.65822
0.65895
0.65968
0.66042
0.66116
0.6619
0.66265
0.6634
0.66415
0.66491
0.66567
0.66643
0.6672
0.66796
0.66874
0.66951
0.67029
0.67107
0.67185
0.67264
0.67343
0.67422
0.67502
0.67582
0.67662
0.67742
0.67823
0.67904
0.67985
0.68067
0.68149
0.68231
0.68313
0.68396
0.68479
0.68562
0.68645
0.68729
0.68813
0.68897
0.68981
0.69066
0.6915
0.69235
0.69321
0.69406
0.69492
0.69578
0.69664
0.69751
0.69837
0.69924
0.70011
0.70098
0.70186
0.70274
0.70361
0.70449
0.70538
0.70626
0.70715
0.70804
0.70893
0.70982
0.71071
0.71161
0.7125
0.7134
0.7143
0.71521
0.71611
0.71701
0.71792
0.71883
0.71974
0.72065
0.72156
0.72248
0.72339
0.72431
0.72523
0.72614
0.72706
0.72799
0.72891
0.72983
0.73076
0.73168
0.73261
0.73354
0.73447
0.7354
0.73633
0.73726
0.73819
0.73912
0.74006
0.74099
0.74193
0.74286
0.7438
0.74474
0.74568
0.74661
0.74755
0.74849
0.74943
0.75037
0.75131
0.75225
0.7532
0.75414
0.75508
0.75602
0.75696
0.75791
0.75885
0.75979
0.76073
0.76168
0.76262
0.76356
0.7645
0.76545
0.76639
0.76733
0.76827
0.76922
0.77016
0.7711
0.77204
0.77298
0.77392
0.77486
0.7758
0.77674
0.77767
0.77861
0.77955
0.78048
0.78142
0.78235
0.78329
0.78422
0.78515
0.78608
0.78701
0.78794
0.78887
0.7898
0.79073
0.79165
0.79258
0.7935
0.79442
0.79534
0.79626
0.79718
0.7981
0.79902
0.79993
0.80084
0.80176
0.80267
0.80358
0.80448
0.80539
0.80629
0.8072
0.8081
0.809
0.8099
0.81079
0.81169
0.81258
0.81347
0.81436
0.81524
0.81613
0.81701
0.81789
0.81877
0.81965
0.82053
0.8214
0.82227
0.82314
0.824
0.82487
0.82573
0.82659
0.82745
0.8283
0.82916
0.83001
0.83085
0.8317
0.83254
0.83338
0.83422
0.83506
0.83589
0.83672
0.83755
0.83837
0.83919
0.84001
0.84083
0.84164
0.84245
0.84326
0.84407
0.84487
0.84567
0.84646
0.84726
0.84805
0.84884
0.84962
0.8504
0.85118
0.85196
0.85273
0.8535
0.85426
0.85503
0.85578
0.85654
0.85729
0.85804
0.85879
0.85953
0.86027
0.86101
0.86174
0.86247
0.86319
0.86392
0.86463
0.86535
0.86606
0.86677
0.86747
0.86817
0.86887
0.86956
0.87025
0.87094
0.87162
0.8723
0.87298
0.87365
0.87431
0.87498
0.87564
0.87629
0.87695
0.87759
0.87824
0.87888
0.87952
0.88015
0.88078
0.8814
0.88202
0.88264
0.88325
0.88386
0.88447
0.88507
0.88566
0.88625
0.88684
0.88743
0.88801
0.88858
0.88916
0.88972
0.89029
0.89085
0.8914
0.89195
0.8925
0.89304
0.89358
0.89412
0.89465
0.89517
0.89569
0.89621
0.89672
0.89723
0.89774
0.89824
0.89873
0.89923
0.89971
0.9002
0.90067
0.90115
0.90162
0.90208
0.90255
0.903
0.90346
0.9039
0.90435
0.90479
0.90522
0.90565
0.90608
0.9065
0.90692
0.90733
0.90774
0.90815
0.90855
0.90894
0.90933
0.90972
0.9101
0.91048
0.91086
0.91123
0.91159
0.91195
0.91231
0.91266
0.91301
0.91335
0.91369
0.91403
0.91436
0.91468
0.915
0.91532
0.91563
0.91594
0.91625
0.91655
0.91684
0.91713
0.91742
0.9177
0.91798
0.91826
0.91853
0.91879
0.91905
0.91931
0.91956
0.91981
0.92006
0.9203
0.92053
0.92076
0.92099
0.92122
0.92143
0.92165
0.92186
0.92207
0.92227
0.92247
0.92266
0.92285
0.92304
0.92322
0.9234
0.92358
0.92375
0.92391
0.92407
0.92423
0.92439
0.92454
0.92468
0.92483
0.92497
0.9251
0.92523
0.92536
0.92548
0.9256
0.92572
0.92583
0.92594
0.92604
0.92614
0.92624
0.92633
0.92642
0.92651
0.92659
0.92667
0.92674
0.92681
0.92688
0.92694
0.927
0.92706
0.92712
0.92717
0.92721
0.92726
0.9273
0.92733
0.92737
0.92739
0.92742
0.92744
0.92746
0.92748
0.92749
0.9275
0.92751
0.92752
0.92752
0.92751
0.92751
0.9275
0.92749
0.92747
0.92746
0.92743
0.92741
0.92738
0.92735
0.92732
0.92729
0.92725
0.92721
0.92716
0.92712
0.92707
0.92702
0.92696
0.92691
0.92685
0.92678
0.92672
0.92665
0.92658
0.92651
0.92643
0.92636
0.92628
0.92619
0.92611
0.92602
0.92593
0.92584
0.92575
0.92565
0.92555
0.92545
0.92535
0.92524
0.92514
0.92503
0.92492
0.92481
0.92469
0.92457
0.92446
0.92433
0.92421
0.92409
0.92396
0.92383
0.9237
0.92357
0.92344
0.9233
0.92317
0.92303
0.92289
0.92275
0.92261
0.92246
0.92232
0.92217
0.92202
0.92187
0.92172
0.92157
0.92142
0.92126
0.9211
0.92095
0.92079
0.92063
0.92047
0.92031
0.92014
0.91998
0.91981
0.91965
0.91948
0.91931
0.91915
0.91898
0.91881
0.91863
0.91846
0.91829
0.91812
0.91794
0.91777
0.91759
0.91742
0.91724
0.91706
0.91689
0.91671
0.91653
0.91635
0.91617
0.91599
0.91581
0.91563
0.91545
0.91527
0.91509
0.91491
0.91473
0.91455
0.91437
0.91419
0.914
0.91382
0.91364
0.91346
0.91328
0.9131
0.91292
0.91274
0.91256
0.91237
0.91219
0.91201
0.91183
0.91166
0.91148
0.9113
0.91112
0.91094
0.91076
0.91059
0.91041
0.91023
0.91006
0.90988
0.90971
0.90954
0.90936
0.90919
0.90902
0.90885
0.90868
0.90851
0.90834
0.90818
0.90801
0.90784
0.90768
0.90751
0.90735
0.90719
0.90703
0.90687
0.90671
0.90655
0.9064
0.90624
0.90609
0.90593
0.90578
0.90563
0.90548
0.90533
0.90519
0.90504
0.9049
0.90475
0.90461
0.90447
0.90433
0.9042
0.90406
0.90393
0.90379
0.90366
0.90353
0.9034
0.90328
0.90315
0.90303
0.90291
0.90279
0.90267
0.90255
0.90244
0.90233
0.90222
0.90211
0.902
0.90189
0.90179
0.90169
0.90159
0.90149
0.90139
0.9013
0.90121
0.90112
0.90103
0.90094
0.90086
0.90077
0.90069
0.90062
0.90054
0.90047
0.90039
0.90032
0.90026
0.90019
0.90013
0.90007
0.90001
0.89995
0.8999
0.89984
0.89979
0.89975
0.8997
0.89966
0.89962
0.89958
0.89954
0.89951
0.89948
0.89945
0.89942
0.8994
0.89938
0.89936
0.89934
0.89933
0.89932
0.89931
0.8993
0.8993
0.89929
0.89929
0.8993
0.8993
0.89931
0.89932
0.89934
0.89935
0.89937
