1.7121
1.733
1.7571
1.7761
1.7939
1.8067
1.8225
1.8705
1.9075
1.9289
1.9256
1.9192
1.922
1.9355
1.9343
1.9023
1.8471
1.8015
1.7792
1.7532
1.7033
1.5954
1.4753
1.3766
1.3108
1.269
1.2283
1.2075
1.2066
1.2162
1.2392
1.2508
1.2531
1.2775
1.3161
1.3698
1.3866
1.375
1.3452
1.3153
1.2766
1.2152
1.1519
1.1224
1.129
1.157
1.1724
1.1765
1.2136
1.2682
1.362
1.4475
1.5173
1.56
1.6032
1.6472
1.6986
1.7213
1.7242
1.7164
1.6854
1.6274
1.5199
1.4145
1.3295
1.2676
1.227
1.2086
1.2092
1.2381
1.2424
1.2122
1.1292
1.0371
0.96156
0.9167
0.92331
0.95182
1.0004
1.0407
1.0991
1.1415
1.1758
1.2006
1.2215
1.2502
1.3027
1.3387
1.3651
1.3722
1.359
1.3187
1.2545
1.2098
1.1678
1.1645
1.1639
1.1573
1.1592
1.1804
1.2131
1.2729
1.3516
1.4364
1.506
1.5554
1.5947
1.6338
1.6649
1.6818
1.713
1.7575
1.8278
1.912
1.993
2.0503
2.0595
2.0381
2.0052
1.9629
1.8905
1.81
1.7111
1.5971
1.5005
1.4027
1.2913
1.175
1.0432
0.93177
0.87051
0.85956
0.86943
0.90221
0.95057
0.96495
0.9561
0.94521
0.91017
0.84855
0.78217
0.72932
0.73107
0.75564
0.78131
0.81057
0.84633
0.91418
1.0195
1.126
1.2321
1.2871
1.3066
1.349
1.3896
1.418
1.3893
1.3245
1.281
1.2354
1.1812
1.1477
1.1263
1.1564
1.2104
1.3061
1.386
1.4093
1.4036
1.416
1.4395
1.4653
1.4827
1.5016
1.5434
1.5455
1.5042
1.4161
1.3052
1.1996
1.1279
1.0845
1.0638
1.0304
1.0279
1.0251
0.98617
0.94706
0.92348
0.92998
0.96084
1.0247
1.1247
1.2383
1.3392
1.4234
1.4717
1.4673
1.4699
1.4867
1.5097
1.4961
1.4605
1.4243
1.4021
1.4062
1.4568
1.5282
1.6364
1.7734
1.9251
2.0805
2.1613
2.1817
2.1687
2.168
2.1377
2.0494
1.9465
1.8324
1.6998
1.5652
1.4236
1.2953
1.1732
1.0642
0.97856
0.93289
0.95971
0.99885
1.0326
1.0504
1.0842
1.121
1.1335
1.1199
1.1104
1.1267
1.1934
1.2949
1.4157
1.5192
1.5489
1.5421
1.5248
1.5542
1.5581
1.5667
1.6044
1.6594
1.7126
1.73
1.7109
1.6699
1.6464
1.6387
1.6544
1.6755
1.7167
1.7588
1.8079
1.8431
1.8548
1.8614
1.8706
1.8867
1.9263
1.981
2.0181
2.0378
2.0262
2.0047
1.9786
1.9359
1.8623
1.7968
1.7294
1.6735
1.6484
1.6572
1.7069
1.793
1.9177
2.0501
2.1928
2.3029
2.3612
2.3749
2.3655
2.3222
2.2695
2.2008
2.1022
2.0034
1.9097
1.8707
1.9039
2.0114
2.1617
2.3277
2.4933
2.6333
2.7457
2.8078
2.8232
2.8267
2.8022
2.7502
2.6386
2.4655
2.2299
1.9952
1.7888
1.6641
1.6082
1.6183
1.6851
1.7937
1.9544
2.0994
2.2348
2.3038
2.3095
2.3035
2.2745
2.1905
2.0676
1.8836
1.6834
1.4759
1.2804
1.148
1.0322
0.95515
0.91828
0.95296
1.0676
1.1575
1.2201
1.2626
1.2876
1.3245
1.3573
1.3968
1.4156
1.3708
1.3097
1.2348
1.1245
1.0256
0.91291
0.81114
0.72339
0.64467
0.58666
0.54436
0.50246
0.45797
0.46488
0.49854
0.51964
0.52387
0.54586
0.52596
0.51475
0.51714
0.52774
0.54283
0.55599
0.58565
0.62511
0.66447
0.65546
0.6304
0.60593
0.61226
0.62839
0.67651
0.71349
0.74227
0.77735
0.81586
0.83891
0.83389
0.81767
0.81516
0.85107
0.90423
0.94288
0.97297
1.0047
1.0437
1.0942
1.146
1.1921
1.2268
1.2915
1.3353
1.3802
1.3886
1.3734
1.3489
1.3319
1.2935
1.2377
1.1676
1.1019
1.0478
0.99354
0.95301
0.88881
0.8319
0.77279
0.78307
0.80366
0.81829
0.83904
0.8812
0.91715
0.93781
0.92076
0.88941
0.81852
0.75635
0.71909
0.69733
0.68129
0.63999
0.59204
0.54642
0.49187
0.44488
0.42492
0.41357
0.407
0.37226
0.39845
0.40134
0.38358
0.38737
0.38699
0.37454
0.38457
0.40385
0.44199
0.46954
0.48193
0.48225
0.47138
0.47843
0.47272
0.48852
0.52243
0.53933
0.57529
0.63553
0.70378
0.75811
0.78744
0.8082
0.82438
0.84764
0.89544
0.94174
0.96919
1.0008
1.0256
1.0538
1.0664
1.0486
1.0199
0.99759
0.98687
0.9718
0.95215
0.93981
0.91474
0.88573
0.84367
0.78069
0.71863
0.67304
0.63218
0.59125
0.56537
0.56068
0.58609
0.63715
0.71476
0.79264
0.8633
0.94465
1.0342
1.15
1.2921
1.3996
1.4713
1.5021
1.4781
1.4413
1.3992
1.355
1.2968
1.2276
1.1805
1.1215
1.0793
1.0294
0.93986
0.84698
0.79847
0.81893
0.86208
0.89431
0.88868
0.83611
0.7809
0.74215
0.725
0.74527
0.75223
0.73862
0.70638
0.69332
0.6777
0.62913
0.58909
0.5581
0.54602
0.579
0.63076
0.69587
0.77981
0.84456
0.91652
0.98457
1.0728
1.156
1.2324
1.3096
1.3666
1.4043
1.4363
1.4593
1.4647
1.4644
1.4373
1.3952
1.3305
1.2729
1.2262
1.1839
1.136
1.0839
1.0213
0.96276
0.90402
0.85919
0.81779
0.76267
0.67609
0.5906
0.52291
0.48856
0.46546
0.44423
0.43764
0.44069
0.46021
0.47927
0.50023
0.4969
0.48274
0.4596
0.47171
0.50534
0.54719
0.57074
0.58516
0.6147
0.65297
0.698
0.74766
0.80121
0.8844
0.9912
1.112
1.2532
1.3904
1.4996
1.5821
1.661
1.7225
1.7493
1.713
1.6519
1.597
1.5319
1.4667
1.427
1.4101
1.4022
1.3971
1.4048
1.4195
1.4045
1.3633
1.3141
1.3032
1.3137
1.3124
1.3323
1.3436
1.3393
1.3273
1.3238
1.3174
1.315
1.3093
1.3208
1.3714
1.4371
1.5046
1.5629
1.6188
1.6584
1.6968
1.7245
1.7809
1.842
1.9077
1.9604
2.0148
2.0877
2.154
2.2168
2.269
2.3026
2.2985
2.2962
2.2779
2.2743
2.2433
2.1916
2.1198
2.0297
1.9325
1.8148
1.6998
1.5989
1.5252
1.4778
1.4764
1.4671
1.4522
1.4288
1.3874
1.3469
1.3145
1.2993
1.3014
1.3122
1.3152
1.3171
1.3101
1.2898
1.2531
1.2208
1.2057
1.1646
1.1062
1.0267
0.96007
0.93004
0.93163
0.95176
0.97986
1.007
1.0314
1.0894
1.1475
1.1982
1.2089
1.186
1.16
1.1568
1.1369
1.0781
1.0337
1.0075
1.0129
1.0136
0.99381
0.92919
0.85741
0.81115
0.79806
0.80428
0.81295
0.79729
0.77664
0.7637
0.71326
0.63808
0.53645
0.44659
0.39185
0.38146
0.40605
0.42639
0.43648
0.4549
0.48533
0.53588
0.59202
0.65431
0.70947
0.75809
0.81452
0.87318
0.93218
0.99536
1.075
1.155
1.2217
1.252
1.2501
1.2375
1.2393
1.2381
1.2647
1.3001
1.3465
1.3987
1.4349
1.4489
1.4219
1.397
1.4042
1.4621
1.5454
1.6083
1.6451
1.6797
1.6929
1.6881
1.6456
1.5821
1.5209
1.4658
1.4262
1.3929
1.3779
1.382
1.4009
1.4225
1.4295
1.43
1.4382
1.458
1.4906
1.537
1.5826
1.6378
1.7117
1.7793
1.8229
1.8135
1.7782
1.7571
1.7653
1.7946
1.8046
1.7988
1.7835
1.7711
1.7532
1.7231
1.649
1.5602
1.4533
1.3777
1.3326
1.2813
1.2203
1.157
1.1041
1.0613
1.026
0.97633
0.95227
0.94435
0.96678
1.0084
1.0518
1.104
1.112
1.1045
1.0773
1.0336
1.0027
0.98371
0.96976
0.96714
0.9728
0.99007
1.0078
0.99721
0.95772
0.89636
0.85613
0.85914
0.89676
0.96917
1.0359
1.064
1.0603
1.052
1.0155
0.94071
0.84013
0.76359
0.73213
0.71833
0.71968
0.7071
0.68217
0.6404
0.58694
0.56612
0.58234
0.60796
0.63179
0.67836
0.76228
0.85751
0.94894
1.0232
1.0772
1.1124
1.1548
1.1902
1.2317
1.2636
1.2939
1.311
1.318
1.3108
1.2763
1.2278
1.1657
1.1034
1.045
0.99775
0.95751
0.94428
0.92615
0.90286
0.86573
0.8382
0.82168
0.83647
0.8586
0.90442
0.99107
1.1003
1.2232
1.3325
1.4198
1.4769
1.5319
1.5914
1.6617
1.7126
1.7549
1.7636
1.7434
1.6493
1.5165
1.3906
1.2463
1.1133
1.0101
0.9336
0.87354
0.83594
0.82453
0.79963
0.74714
0.70297
0.70036
0.74342
0.77776
0.7675
0.77635
0.84517
0.92145
0.98257
1.0269
1.0584
1.0827
1.1299
1.1949
1.247
1.2714
1.2686
1.2512
1.2362
1.2357
1.2064
1.1758
1.1197
1.0435
1.0222
1.0197
1.0419
1.0887
1.154
1.2319
1.3173
1.4059
1.4828
1.5031
1.4702
1.4369
1.4212
1.421
1.4148
1.43
1.4624
1.5359
1.6106
1.6672
1.7029
1.7187
1.7488
1.797
1.8374
1.8341
1.8171
1.8157
1.7692
1.7141
1.6418
1.5204
1.3645
1.2138
1.116
1.0881
1.1052
1.1402
1.1768
1.203
1.2035
1.215
1.2267
1.1891
1.1759
1.2195
1.321
1.4479
1.5655
1.6536
1.7155
1.7567
1.8204
1.8967
1.9865
2.051
2.0958
2.1454
2.1376
2.0811
2.0005
1.9063
1.8081
1.7105
1.6124
1.5086
1.3919
1.2851
1.2036
1.145
1.1338
1.1453
1.1717
1.1972
1.2062
1.2228
1.2373
1.2544
1.2647
1.2889
1.3162
1.3303
1.3218
1.299
1.248
1.1816
1.109
1.0606
1.0601
1.0853
1.126
1.1881
1.2606
1.3303
1.3815
1.4063
1.411
1.458
1.5154
1.5588
1.5875
1.5432
1.4699
1.3852
1.2978
1.2038
1.1197
1.0677
1.0514
1.0796
1.1058
1.0659
1.0175
0.97894
0.95987
0.99345
1.0019
0.98633
0.9532
0.90714
0.82893
0.72717
0.62856
0.54505
0.51274
0.52458
0.55441
0.58082
0.58755
0.58675
0.59113
0.59028
0.59487
0.61293
0.65884
0.71274
0.75805
0.79975
0.8531
0.91897
0.97279
1.0297
1.0886
1.1348
1.1721
1.196
1.2314
1.2503
1.2637
1.2662
1.2782
1.2886
1.2824
1.2412
1.1858
1.1137
1.0512
1.033
1.0481
1.0811
1.0874
1.0794
1.0679
1.0695
1.0745
1.07
1.0591
1.0493
1.0462
1.0493
1.0591
1.0183
0.93345
0.82633
0.73443
0.6673
0.62588
0.59718
0.57033
0.54373
0.49657
0.46899
0.44576
0.43999
0.44444
0.45592
0.47021
0.49332
0.52106
0.56773
0.61687
0.66957
0.71987
0.7986
0.90991
1.0217
1.1213
1.1877
1.2416
1.3183
1.4289
1.5715
1.7395
1.9261
2.1022
2.2469
2.348
2.3821
2.3722
2.3162
2.2432
2.1774
2.1089
2.0401
1.9833
1.9195
1.8517
1.7463
1.6261
1.5096
1.4134
1.3385
1.2912
1.2776
1.2932
1.3057
1.2923
1.2496
1.1805
1.1419
1.1374
1.1851
1.269
1.367
1.4863
1.6112
1.6995
1.7363
1.7113
1.6747
1.6583
1.6474
1.6412
1.5774
1.4722
1.341
1.2116
1.0862
0.96344
0.83794
0.75112
0.717
0.73307
0.76528
0.78971
0.81581
0.84346
0.88042
0.90619
0.89435
0.84562
0.80324
0.75745
0.7267
0.69542
0.65957
0.6337
0.63803
0.66143
0.67955
0.65694
0.63796
0.60274
0.61848
0.66948
0.73763
0.82312
0.91248
1.0199
1.132
1.2175
1.2509
1.2552
1.2654
1.3056
1.341
1.3802
1.3995
1.4226
1.4547
1.5003
1.5447
1.5604
1.5475
1.5232
1.5198
1.5204
1.5118
1.4833
1.4469
1.4111
1.361
1.2838
1.1919
1.0967
1.0332
1.0123
1.0213
1.0433
1.0611
1.0922
1.1366
1.1984
1.2451
1.2647
1.241
1.226
1.1891
1.1575
1.1253
1.0982
1.0884
1.1191
1.2068
1.3298
1.4525
1.5315
1.566
1.5722
1.5861
1.5993
1.6058
1.5688
1.5083
1.4489
1.3932
1.3178
1.1994
1.0433
0.89449
0.80241
0.79162
0.82247
0.87203
0.89259
0.91029
0.93349
0.93347
0.90334
0.85608
0.80211
0.7853
0.81062
0.84462
0.87008
0.88245
0.90356
0.92656
0.94253
0.95661
0.9413
0.96134
0.99931
1.0163
1.0304
1.0443
1.0571
1.0748
1.1047
1.154
1.2043
1.2396
1.2682
1.2788
1.305
1.3169
1.3184
1.3594
1.4209
1.4638
1.5021
1.5225
1.5199
1.4657
1.3891
1.324
1.3009
1.3056
1.3207
1.3236
1.345
1.3372
1.2977
1.2283
1.1217
1.0408
0.97885
0.95064
0.92447
0.87713
0.81607
0.7806
0.75256
0.75467
0.73603
0.74266
0.77133
0.78896
0.78976
0.74302
0.71016
0.70399
0.7387
0.819
0.92984
1.0077
1.0671
1.0807
1.0863
1.0818
1.0917
1.1234
1.1798
1.2394
1.2646
1.2646
1.2706
1.2773
1.2539
1.2193
1.1825
1.1712
1.167
1.1424
1.0911
1.0503
1.0249
1.0127
0.99618
0.95823
0.89923
0.85256
0.83394
0.86257
0.93213
1.0212
1.1168
1.2279
1.3277
1.3986
1.4195
1.4154
1.4213
1.4338
1.4268
1.3776
1.3058
1.2313
1.1895
1.1661
1.142
1.0986
1.0577
1.0334
1.0297
1.044
1.0643
1.1101
1.1649
1.2164
1.2385
1.2285
1.1881
1.1357
1.089
1.0541
1.0309
1.009
1.0025
1.0171
1.0289
1.0111
0.98289
0.96827
1.003
1.0579
1.1068
1.1428
1.1725
1.2145
1.2489
1.2766
1.2814
1.2738
1.279
1.3153
1.3632
1.4185
1.4508
1.4872
1.5292
1.622
1.7603
1.9167
2.0707
2.1923
2.2965
2.3927
2.4858
2.564
2.6352
2.6811
2.6998
2.6692
2.6168
2.5116
2.3605
2.1802
1.9939
1.8582
1.7659
1.6909
1.5916
1.478
1.3649
1.2857
1.2092
1.1453
1.0606
0.9685
0.88261
0.79638
0.74312
0.68962
0.65979
0.64463
0.65336
0.67269
0.69648
0.68999
0.6957
0.70672
0.74819
0.81068
0.86901
0.93842
0.99869
1.0307
0.98947
0.92067
0.83828
0.76995
0.736
0.74093
0.76558
0.82868
0.89857
0.96349
1.0213
1.073
1.1217
1.1803
1.2835
1.3779
1.4594
1.5245
1.574
1.6245
1.6713
1.6792
1.666
1.635
1.6157
1.5924
1.577
1.5545
1.5109
1.4601
1.4079
1.3314
1.2324
1.1083
0.97676
0.86496
0.762
0.68612
0.61947
0.56817
0.50858
0.45923
0.43208
0.43113
0.45052
0.48718
0.5249
0.53737
0.53744
0.55106
0.55523
0.55224
0.54353
0.52948
0.51656
0.52084
0.55032
0.60106
0.67395
0.76236
0.85347
0.95348
1.0319
1.0762
1.1235
1.1292
1.124
1.1368
1.1434
1.1182
1.0621
1.0079
0.95749
0.92104
0.88573
0.85704
0.84844
0.84859
0.85229
0.89985
0.92338
0.91425
0.88323
0.88485
0.88282
0.89147
0.91706
0.94302
1.0083
1.0843
1.1662
1.2318
1.2843
1.2874
1.2791
1.2539
1.2734
1.2738
1.266
1.2372
1.1865
1.1301
1.0749
1.047
1.053
1.0868
1.1427
1.2064
1.2677
1.3021
1.3092
1.3398
1.3799
1.3873
1.3695
1.3342
1.248
1.14
1.0345
0.98246
0.95385
0.9541
0.95836
0.97668
0.99131
0.98366
0.97435
0.9658
0.93723
0.9035
0.89625
0.9064
0.89978
0.85178
0.7868
0.72114
0.7024
0.7417
0.79359
0.83469
0.86631
0.8853
0.91359
0.965
1.018
1.048
1.0519
1.0507
1.0565
1.0851
1.1335
1.1903
1.2532
1.3043
1.3451
1.3973
1.4438
1.4493
1.4063
1.3662
1.3467
1.3137
1.26
1.1766
1.0719
0.96497
0.87415
0.84832
0.86995
0.9035
0.9207
0.92058
0.92682
0.93768
0.95238
0.98746
1.0148
1.0218
1.0215
1.0293
1.0375
1.0364
1.0216
1.0162
1.0558
1.1382
1.2384
1.2996
1.3234
1.3081
1.2959
1.3246
1.3778
1.4017
1.3967
1.3414
1.2396
1.1163
0.99037
0.8852
0.79808
0.74607
0.71402
0.6957
0.67801
0.64139
0.57563
0.5177
0.46996
0.428
0.41128
0.41929
0.40732
0.37433
0.3416
0.31264
0.31091
0.32423
0.3374
0.34106
0.35368
0.34404
0.34283
0.38141
0.47153
0.57187
0.70475
0.84799
0.97377
1.0888
1.1628
1.2106
1.2263
1.2534
1.2929
1.3515
1.3914
1.3713
1.3569
1.3811
1.4448
1.5358
1.6336
1.6981
1.7322
1.7533
1.7887
1.7993
1.7646
1.7097
1.669
1.6593
1.6222
1.5712
1.5113
1.4544
1.4186
1.4296
1.4877
1.5626
1.632
1.71
1.8096
1.9089
1.966
2.0073
2.0335
2.051
2.0568
2.0851
2.1377
2.2096
2.2947
2.3729
2.4502
2.4913
2.4869
2.4354
2.3676
2.3276
2.2872
2.2012
2.1084
2.007
1.9066
1.82
1.7761
1.7643
1.7725
1.7945
1.8329
1.896
1.986
2.0366
2.0515
2.0445
2.0198
1.9304
1.8245
1.7008
1.5495
1.4068
1.2924
1.2269
1.1834
1.1356
1.079
1.0404
1.0371
1.0602
1.0643
1.0678
1.0437
1.0094
0.93609
0.86217
0.78521
0.7049
0.63382
0.58277
0.57082
0.55825
0.53998
0.52005
0.51417
0.51083
0.51498
0.52358
0.56352
0.61013
0.66557
0.75155
0.83652
0.91705
0.96047
0.99736
1.0366
1.0666
1.0596
1.0786
1.0998
1.0905
1.0619
1.0216
0.95955
0.8509
0.73761
0.64383
0.58607
0.549
0.50907
0.47393
0.47476
0.46285
0.45564
0.47266
0.51654
0.56518
0.62135
0.68826
0.76512
0.83681
0.88239
0.90509
0.90165
0.90992
0.90775
0.9029
0.88449
0.8831
0.91385
0.97149
1.0418
1.1205
1.185
1.2433
1.318
1.4084
1.5357
1.6703
1.7982
1.9083
1.993
2.0448
2.0631
2.0578
2.0423
2.0202
1.9972
1.9768
1.9594
1.962
1.974
1.9798
1.9889
2.0044
2.036
2.069
2.0662
2.0199
1.9481
1.857
1.7572
1.6424
1.5371
1.4206
1.282
1.1627
1.0871
1.0562
1.0569
1.0498
1.0363
1.0193
1.021
1.0693
1.1683
1.3058
1.4461
1.5835
1.7367
1.8702
1.9701
2.0376
2.0819
2.139
2.2054
2.2654
2.2793
2.2515
2.2097
2.1722
2.1212
2.0461
1.9347
1.8163
1.7066
1.6061
1.5168
1.436
1.3919
1.4041
1.4763
1.5616
1.617
1.6424
1.6793
1.7567
1.8659
1.9503
1.9913
1.9911
1.9593
1.8954
1.7692
1.6437
1.5107
1.3747
1.2462
1.1301
1.0348
0.95567
0.91245
0.95048
1.0358
1.1425
1.2245
1.2953
1.3819
1.4269
1.4481
1.4636
1.4823
1.4893
1.4562
1.3814
1.2822
1.1431
0.99642
0.88685
0.85161
0.87776
0.93076
0.99228
1.0624
1.1403
1.2077
1.2658
1.3268
1.3604
1.3656
1.3857
1.3976
1.3566
1.281
1.2064
1.1482
1.1222
1.1089
1.1184
1.1481
1.1958
1.2472
1.3203
1.4237
1.5245
1.622
1.7449
1.8745
1.9778
2.061
2.1019
2.1077
2.0851
2.0336
1.9638
1.8674
1.7675
1.6564
1.5355
1.4071
1.2914
1.192
1.1166
1.0557
1.0295
1.0357
1.0183
0.99429
0.99426
1.0779
1.216
1.3786
1.5421
1.7147
1.8729
2.0024
2.0776
2.0993
2.068
2.0203
2.002
2.0291
2.0615
2.0387
1.9763
1.8883
1.7945
1.7026
1.608
1.5277
1.4664
1.4273
1.4006
1.3626
1.2833
1.2075
1.1358
1.0611
0.98543
0.90351
0.81938
0.75964
0.73139
0.74387
0.79405
0.83405
0.85709
0.84916
0.87041
0.87375
0.87016
0.87669
0.89369
0.91441
0.9157
0.90463
0.89208
0.88022
0.84135
0.79853
0.7376
0.77855
0.85624
0.94208
1.0089
1.0476
1.0516
1.118
1.2394
1.3778
1.4899
1.5484
1.5596
1.5583
1.5831
1.5423
1.4694
1.3869
1.3404
1.3375
1.3836
1.4045
1.4029
1.3773
1.3482
1.322
1.3361
1.3925
1.4623
1.5293
1.5614
1.5569
1.5021
1.4417
1.3591
1.2352
1.0981
0.96181
0.84376
0.75254
0.66306
0.57299
0.50029
0.45845
0.4745
0.55436
0.65843
0.73107
0.76552
0.79164
0.83008
0.85669
0.88393
0.92064
0.97032
1.0247
1.0642
1.0583
1.0102
0.91767
0.8246
0.75299
0.71346
0.70732
0.69611
0.69755
0.69262
0.67163
0.64387
0.58969
0.52653
0.47499
0.44266
0.43603
0.4411
0.44361
0.46878
0.47709
0.48599
0.48475
0.47813
0.47421
0.48666
0.54441
0.64358
0.75983
0.86967
0.94585
0.99561
1.0324
1.0395
1.0287
1.0376
1.0518
1.0447
1.0608
1.0755
1.0842
1.0897
1.0833
1.0884
1.107
1.1454
1.2105
1.3042
1.4353
1.5441
1.643
1.7721
1.8461
1.8762
1.8717
1.847
1.8466
1.8695
1.892
1.8874
1.8407
1.771
1.6746
1.5586
1.4391
1.3059
1.1839
1.0881
1.0133
0.94043
0.84786
0.71269
0.62092
0.57692
0.57552
0.61146
0.64248
0.66537
0.66312
0.67207
0.68506
0.68934
0.68453
0.6888
0.69622
0.73585
0.74386
0.73223
0.68489
0.59422
0.53795
0.51413
0.51352
0.51564
0.52027
0.52256
0.54687
0.58629
0.655
0.72903
0.79331
0.83969
0.89769
0.98067
1.0566
1.1276
1.2132
1.2862
1.3454
1.4035
1.4592
1.4905
1.4883
1.4521
1.4185
1.3967
1.4157
1.4494
1.5079
1.5901
1.692
1.7875
1.8961
1.9958
2.0265
2.0468
2.0643
2.0979
2.1309
2.1828
2.2074
2.1982
2.1484
2.0785
2.0075
1.9498
1.8833
1.8121
1.7744
1.7265
1.7016
1.6934
1.6891
1.6602
1.6128
1.5679
1.5479
1.5277
1.5001
1.4659
1.4402
1.4355
1.4488
1.4707
1.4717
1.4338
1.3823
1.3359
1.3144
1.3081
1.2799
1.2598
1.237
1.2042
1.1896
1.1896
1.1973
1.2069
1.2059
1.217
1.2604
1.3201
1.3769
1.4269
1.476
1.5061
1.5286
1.545
1.5426
1.5291
1.4946
1.4448
1.4051
1.3706
1.347
1.3361
1.3402
1.3534
1.3754
1.3914
1.4075
1.4546
1.5017
1.5303
1.5248
1.5018
1.4632
1.4248
1.3629
1.2909
1.1948
1.1194
1.0608
1.0397
1.0126
0.9361
0.82528
0.7446
0.70492
0.69226
0.70639
0.73311
0.78079
0.84138
0.91662
0.9624
0.96134
0.92434
0.89908
0.92227
0.99301
1.0363
1.0684
1.1042
1.1453
1.1836
1.1983
1.1881
1.1706
1.1838
1.2461
1.3247
1.4099
1.4934
1.5745
1.6445
1.7157
1.7722
1.7895
1.7576
1.6947
1.6369
1.5707
1.4664
1.3457
1.244
1.1492
1.0634
0.98023
0.91975
0.86316
0.81978
0.78972
0.79915
0.85618
0.90912
0.9714
1.0649
1.174
1.2946
1.434
1.5831
1.735
1.8698
1.979
2.0656
2.1336
2.1824
2.1986
2.2029
2.2058
2.2075
2.1894
2.1385
2.0482
1.9417
1.8136
1.7021
1.6051
1.5401
1.4903
1.4395
1.3931
1.3582
1.3064
1.2273
1.1396
1.0538
0.99959
0.93497
0.89145
0.84562
0.83605
0.82105
0.79178
0.76134
0.71618
0.66019
0.62276
0.59498
0.57584
0.56333
0.53708
0.51678
0.493
0.45839
0.39484
0.33555
0.30895
0.28727
0.28269
0.2812
0.27577
0.27821
0.28937
0.30394
0.32546
0.34196
0.33391
0.34432
0.38178
0.41053
0.42526
0.44847
0.4657
0.46988
0.4642
0.45591
0.44003
0.4245
0.40057
0.38256
0.3593
0.33442
0.29646
0.27029
0.25084
0.24094
0.24946
0.26155
0.30183
0.35549
0.43077
0.5135
0.57937
0.62762
0.66299
0.68266
0.71189
0.73133
0.74122
0.76506
0.81568
0.89497
0.96187
1.0367
1.1053
1.1483
1.1922
1.2194
1.2601
1.3156
1.3709
1.4428
1.5213
1.5827
1.5906
1.5844
1.5969
1.6123
1.6201
1.6233
1.6401
1.7029
1.7812
1.8239
1.8189
1.7558
1.687
1.6177
1.5448
1.4744
1.3983
1.3184
1.2544
1.2301
1.2231
1.2036
1.18
1.1696
1.1898
1.2354
1.2839
1.3265
1.3671
1.369
1.3447
1.2992
1.227
1.166
1.1286
1.1187
1.1326
1.1733
1.2427
1.3372
1.4635
1.5855
1.7096
1.8274
1.9235
2.0034
2.0725
2.1106
2.1158
2.0929
2.0643
1.9899
1.8744
1.7602
1.6261
1.5215
1.4298
1.3518
1.2982
1.2717
1.2687
1.2668
1.257
1.2494
1.2301
1.2457
1.2752
1.2587
1.2184
1.1292
1.056
1.0047
0.97556
0.942
0.88
0.80601
0.73916
0.68588
0.65358
0.64162
0.64218
0.66024
0.68873
0.72342
0.75882
0.8092
0.8625
0.91486
0.98836
1.0516
1.0978
1.1224
1.1235
1.1014
1.0502
1.0082
0.97777
1.005
1.0528
1.1184
1.1633
1.2038
1.2163
1.2436
1.2705
1.3158
1.3777
1.4234
1.4728
1.4918
1.4885
1.4465
1.3552
1.2461
1.1391
1.0224
0.96075
0.94968
0.96453
0.95043
0.90262
0.85612
0.80388
0.78892
0.78849
0.79184
0.80683
0.81207
0.83724
0.88747
0.91109
0.88691
0.83476
0.81297
0.85302
0.94561
1.0862
1.2336
1.3827
1.5094
1.6324
1.7472
1.8603
1.951
2.0082
2.0191
2.0087
1.9698
1.9207
1.8568
1.7911
1.7295
1.7053
1.723
1.8043
1.8793
1.9094
1.8895
1.8637
1.8573
1.8571
1.844
1.7892
1.7149
1.6119
1.5178
1.4169
1.3193
1.1965
1.0932
1.0365
1.0554
1.1114
1.189
1.2679
1.3376
1.4085
1.4568
1.5082
1.5297
1.5119
1.463
1.4101
1.3879
1.3916
1.394
1.3939
1.3891
1.3846
1.4056
1.4554
1.5008
1.5348
1.5484
1.5507
1.5542
1.5214
1.4656
1.381
1.312
1.2791
1.272
1.3052
1.3316
1.3127
1.2607
1.194
1.1523
1.1516
1.1771
1.2168
1.2358
1.2433
1.2142
1.1591
1.0981
1.0146
0.94543
0.90391
0.92799
0.98615
1.0496
1.0869
1.0932
1.095
1.0835
1.0782
1.0935
1.118
1.1359
1.1347
1.1286
1.1295
1.1287
1.094
1.059
1.0253
1.0092
1.0038
1.017
1.0116
0.96912
0.89736
0.81174
0.73722
0.67827
0.64151
0.61069
0.59413
0.57263
0.54573
0.50696
0.47466
0.44707
0.41333
0.39564
0.41345
0.43239
0.44679
0.45364
0.46266
0.48906
0.53699
0.608
0.70703
0.81153
0.88199
0.91472
0.91865
0.92642
0.90163
0.90157
0.92801
0.97096
0.99174
0.98143
0.96461
0.95155
0.93221
0.91126
0.88405
0.87436
0.8825
0.87497
0.87139
0.85104
0.81305
0.74307
0.66611
0.5974
0.52728
0.44707
0.35215
0.27099
0.22419
0.22259
0.24309
0.25863
0.26727
0.25464
0.24522
0.25821
0.28152
0.32675
0.36394
0.38376
0.39047
0.40576
0.42046
0.40845
0.39217
0.3763
0.3731
0.40699
0.44301
0.50487
0.55596
0.58485
0.60701
0.65427
0.74727
0.84687
0.95967
1.0754
1.1785
1.2675
1.3284
1.3501
1.372
1.3666
1.3628
1.3427
1.3209
1.28
1.2035
1.1204
1.055
1.0397
1.099
1.219
1.3924
1.5933
1.7612
1.8692
1.9075
1.9056
1.8908
1.8802
1.896
1.9076
1.8753
1.7732
1.6449
1.5438
1.4838
1.4729
1.5094
1.5852
1.6948
1.8109
1.9089
1.9643
1.9514
1.9306
1.9325
1.9275
1.8824
1.8178
1.722
1.5984
1.4772
1.3682
1.2795
1.2249
1.2064
1.2172
1.2792
1.2971
1.2728
1.3124
1.362
1.3489
1.2674
1.155
1.0191
0.89912
0.81025
0.75538
0.74256
0.74976
0.74477
0.75013
0.76371
0.72286
0.67178
0.63658
0.63348
0.63096
0.63685
0.63872
0.64565
0.65457
0.67872
0.70289
0.7152
0.7158
0.72691
0.74251
0.76055
0.79401
0.81169
0.82158
0.82761
0.83281
0.84439
0.88785
0.91184
0.93381
0.95293
0.99066
1.0359
1.0916
1.1534
1.2168
1.2943
1.3699
1.4287
1.465
1.4902
1.4655
1.437
1.3816
1.3424
1.3192
1.3046
1.2905
1.2737
1.2322
1.2028
1.177
1.1886
1.2314
1.2554
1.2694
1.2618
1.2812
1.312
1.3646
1.4179
1.4782
1.5355
1.5986
1.6215
1.6375
1.6457
1.6474
1.6459
1.6308
1.5824
1.5141
1.4585
1.4087
1.378
1.3442
1.3133
1.2891
1.2847
1.3008
1.2813
1.2256
1.1479
1.0775
1.0545
1.0468
1.0285
0.99881
0.96162
0.94614
0.95424
0.97532
0.99672
1.0008
1.0034
1.0021
0.9889
0.98511
0.97009
0.95765
0.96993
0.99874
1.039
1.0665
1.0971
1.156
1.2627
1.381
1.5044
1.6137
1.7335
1.8469
1.9462
2.0173
2.043
2.0253
1.9661
1.8767
1.7669
1.6329
1.5037
1.3973
1.3287
1.291
1.2969
1.3514
1.4303
1.534
1.6254
1.7198
1.8021
1.8694
1.9063
1.9172
1.8886
1.8293
1.7448
1.6548
1.5427
1.4305
1.3234
1.2373
1.1975
1.175
1.1798
1.213
1.2606
1.3159
1.3662
1.4035
1.424
1.4119
1.3906
1.3374
1.2932
1.2429
1.1898
1.1356
1.0658
0.99604
0.93942
0.89566
0.87422
0.87712
0.89709
0.93364
0.96306
0.98838
1.0033
1.0073
1.0194
1.0406
1.0742
1.0869
1.0701
1.0284
0.96809
0.91266
0.85053
0.7992
0.77995
0.75546
0.74249
0.75555
0.78189
0.81452
0.86225
0.94081
1.0563
1.1835
1.2872
1.3612
1.4378
1.5204
1.5777
1.6136
1.5995
1.5435
1.4572
1.3593
1.2594
1.1781
1.1153
1.0575
1.0141
0.99303
0.97188
0.95045
0.92253
0.9042
0.90462
0.92303
0.94781
0.96967
0.99335
1.0124
1.0424
1.0864
1.1845
1.3063
1.4801
1.6608
1.8249
1.9555
2.0338
2.0799
2.0956
2.0815
2.0252
1.9556
1.859
1.7582
1.6027
1.4442
1.2985
1.192
1.1326
1.1131
1.1418
1.1749
1.1975
1.2198
1.2508
1.249
1.2369
1.2057
1.2063
1.2164
1.2221
1.2438
1.312
1.4153
1.544
1.7007
1.8814
2.0553
2.1996
2.3489
2.4781
2.5915
2.6539
2.6722
2.6329
2.5853
2.5138
2.4296
2.3102
2.1615
1.9999
1.8702
1.8014
1.766
1.7514
1.7484
1.7766
1.8393
1.9122
1.9478
1.9456
1.933
1.9461
1.9887
2.0316
2.0729
2.0867
2.072
2.0411
2.0047
1.9607
1.874
1.7573
1.624
1.5178
1.4358
1.3934
1.3709
1.3714
1.3809
1.3877
1.416
1.4453
1.4892
1.5122
1.5288
1.535
1.5237
1.49
1.4313
1.3285
1.2076
1.0889
0.96676
0.87432
0.78203
0.68277
0.57295
0.51239
0.49792
0.52406
0.59143
0.67448
0.75644
0.82657
0.85375
0.84269
0.85916
0.88412
0.93084
1.0288
1.1473
1.2334
1.2736
1.2978
1.3089
1.3082
1.2893
1.2617
1.2574
1.2526
1.208
1.1491
1.0546
0.94266
0.84178
0.73624
0.63637
0.55626
0.4742
0.40346
0.36571
0.35043
0.33785
0.33889
0.34531
0.3481
0.37204
0.40904
0.43352
0.4491
0.45802
0.48553
0.54438
0.61242
0.67989
0.77274
0.87474
0.9723
1.0185
1.0219
1.0503
1.0648
1.0898
1.1136
1.1345
1.1276
1.1398
1.1622
1.204
1.2167
1.2173
1.2186
1.2556
1.3235
1.3265
1.2903
1.2195
1.1725
1.1692
1.2023
1.2073
1.1721
1.0937
1.0091
0.93995
0.89189
0.83174
0.75927
0.7326
0.76341
0.82265
0.87204
0.91651
0.93117
0.93985
0.93847
0.90622
0.90294
0.93862
1.0102
1.1381
1.3066
1.4475
1.5332
1.5548
1.5242
1.4983
1.4784
1.4411
1.4159
1.4261
1.3947
1.3283
1.2629
1.2175
1.1833
1.2068
1.2327
1.2831
1.3346
1.3227
1.2769
1.2296
1.1945
1.1832
1.1919
1.1912
1.1432
1.0878
1.0244
0.91598
0.82909
0.80098
0.86341
0.9837
1.1154
1.2435
1.3446
1.4143
1.4592
1.4661
1.4548
1.4187
1.3758
1.3395
1.2988
1.2333
1.1553
1.0812
1.0183
0.98364
0.98231
0.9947
1.0246
1.0862
1.1638
1.2011
1.1888
1.1818
1.1923
1.1791
1.1237
1.0526
1.0001
0.94369
0.87954
0.82174
0.79397
0.77652
0.76062
0.74327
0.73498
0.70384
0.65458
0.6326
0.65132
0.69263
0.71902
0.73846
0.73633
0.69991
0.6503
0.59819
0.53215
0.51342
0.52162
0.52153
0.52344
0.5158
0.48678
0.43893
0.37994
0.31705
0.28644
0.27386
0.25318
0.2649
0.33208
0.35695
0.36618
0.38125
0.41216
0.46479
0.53045
0.56757
0.57694
0.61878
0.68052
0.74522
0.78367
0.75585
0.72983
0.73197
0.74842
0.77612
0.79056
0.77495
0.75232
0.73686
0.73233
0.70101
0.62965
0.56814
0.53497
0.5366
0.50032
0.47296
0.46597
0.44644
0.3997
0.35528
0.32447
0.34649
0.39829
0.44923
0.49054
0.53009
0.56012
0.58877
0.6151
0.62813
0.59627
0.57673
0.59631
0.60428
0.58429
0.54977
0.52319
0.51478
0.54152
0.57818
0.61153
0.63621
0.66223
0.70053
0.78083
0.86838
0.96272
1.0868
1.241
1.3658
1.4467
1.4485
1.3963
1.3442
1.3042
1.2853
1.2689
1.2476
1.2171
1.2111
1.2089
1.2116
1.1954
1.199
1.2538
1.3646
1.498
1.5961
1.6543
1.6688
1.6553
1.6436
1.6184
1.5627
1.482
1.3903
1.3331
1.3127
1.301
1.3004
1.3149
1.3531
1.409
1.4631
1.5302
1.5664
1.5796
1.5608
1.5434
1.5172
1.4899
1.4542
1.4101
1.3558
1.2911
1.2314
1.2144
1.2446
1.2912
1.3277
1.3388
1.3753
1.4193
1.4826
1.5288
1.5624
1.5999
1.6552
1.7153
1.7886
1.8246
1.8543
1.8561
1.8318
1.7908
1.798
1.812
1.812
1.792
1.7391
1.6193
1.5302
1.5075
1.5169
1.561
1.5881
1.6085
1.6311
1.6849
1.6659
1.6299
1.5756
1.5004
1.4325
1.4022
1.3395
1.2359
1.0903
0.91901
0.76103
0.65643
0.63141
0.65684
0.71762
0.7903
0.87437
0.9972
1.1306
1.2964
1.4436
1.5798
1.7023
1.8173
1.9337
2.0231
2.0785
2.0975
2.1028
2.1021
2.1202
2.1534
2.2007
2.2322
2.2639
2.3095
2.3556
2.3943
2.3998
2.3997
2.4247
2.5098
2.6449
2.8296
3.0218
3.1912
3.3278
3.4273
3.5289
3.599
3.6571
3.6929
3.7107
3.7154
3.6785
3.5869
3.4352
3.2161
2.9565
2.7068
2.4816
2.2855
2.0907
1.9069
1.7765
1.7001
1.6848
1.7035
1.7489
1.8257
1.9186
2.0101
2.1077
2.1877
2.2744
2.3631
2.433
2.4807
2.4837
2.4519
2.4089
2.3516
2.2834
2.1881
2.0739
1.9712
1.8838
1.8378
1.7852
1.7285
1.6699
1.6313
1.6171
1.6276
1.6306
1.6344
1.6442
1.6826
1.7601
1.8433
1.9238
1.9692
2.0105
2.0457
2.0755
2.0738
2.0393
1.9917
1.9504
1.912
1.8543
1.7609
1.6353
1.5234
1.4482
1.4241
1.4497
1.5237
1.646
1.8012
1.9479
2.0818
2.176
2.2263
2.2364
2.2121
2.1987
2.1613
2.0891
1.9934
1.8727
1.7312
1.5909
1.4871
1.4371
1.4288
1.4602
1.5124
1.5943
1.6963
1.745
1.7492
1.7788
1.7941
1.7791
1.716
1.6093
1.4748
1.3488
1.2478
1.2125
1.2596
1.3582
1.4945
1.6574
1.8164
1.9251
1.9999
2.0492
2.0749
2.0982
2.1458
2.1731
2.148
2.0281
1.823
1.5908
1.3919
1.2497
1.2067
1.196
1.1989
1.1911
1.1993
1.2254
1.2184
1.2144
1.2336
1.292
1.372
1.4496
1.4962
1.5282
1.5225
1.5085
1.4913
1.4995
1.5365
1.5622
1.5643
1.5225
1.433
1.319
1.2129
1.111
1.007
0.88506
0.76214
0.63616
0.52309
0.4362
0.38071
0.37123
0.4179
0.51248
0.6639
0.83503
1.0048
1.179
1.328
1.435
1.4959
1.5318
1.5532
1.5534
1.5171
1.44
1.3181
1.1539
0.96193
0.7732
0.6003
0.43602
0.30997
0.24363
0.22055
0.21875
0.2418
0.27894
0.32645
0.39397
0.47353
0.59215
0.72535
0.8453
0.94061
1.015
1.0751
1.1178
1.1595
1.1953
1.2125
1.2202
1.245
1.2905
1.3205
1.3066
1.2422
1.1726
1.1319
1.1215
1.1157
1.1035
1.1014
1.116
1.1496
1.1973
1.2291
1.2261
1.2238
1.2583
1.3544
1.4763
1.5802
1.6681
1.7468
1.8176
1.8729
1.9143
1.9152
1.8749
1.7823
1.6881
1.6069
1.5281
1.4259
1.3064
1.1962
1.116
1.0586
1.0123
0.96411
0.8924
0.83995
0.8177
0.8681
0.93889
1.0032
1.0378
1.0793
1.1136
1.1389
1.1207
1.072
1.0231
0.9758
0.97464
0.98116
0.99718
1.0041
0.99238
0.98968
1.0154
1.0336
1.0508
1.0602
1.1114
1.2058
1.3038
1.3801
1.4122
1.4188
1.4
1.3669
1.3446
1.3046
1.2599
1.2129
1.1815
1.1752
1.1563
1.1127
1.059
1.021
0.98862
0.95616
0.92494
0.89223
0.85831
0.85729
0.87092
0.89925
0.91475
0.91811
0.92302
0.94738
0.99563
1.0594
1.12
1.1581
1.1588
1.1322
1.1108
1.081
1.0152
0.93402
0.86201
0.82002
0.79251
0.77295
0.75053
0.73053
0.72733
0.76982
0.83685
0.9287
0.98401
1.0334
1.0882
1.1371
1.1703
1.1806
1.2035
1.2214
1.2425
1.2667
1.2819
1.2678
1.2382
1.18
1.1273
1.0673
1.0096
0.96294
0.92477
0.89356
0.85769
0.80756
0.75055
0.70409
0.6819
0.69986
0.74211
0.7999
0.84428
0.88991
0.92563
0.95534
0.97068
0.96951
0.94177
0.91489
0.89742
0.87039
0.83482
0.76861
0.72106
0.68202
0.64425
0.58403
0.53787
0.50482
0.51641
0.55778
0.61484
0.67904
0.72986
0.75452
0.77626
0.80358
0.84324
0.87851
0.91962
0.94211
0.95769
0.9885
1.035
1.0965
1.1538
1.1838
1.1972
1.227
1.253
1.2761
1.2605
1.2348
1.2191
1.237
1.2522
1.2094
1.1367
1.0294
0.92136
0.85474
0.81013
0.77273
0.71114
0.66907
0.66094
0.6904
0.72466
0.73561
0.73767
0.76268
0.77513
0.77958
0.76562
0.72301
0.6807
0.65401
0.68272
0.71899
0.70982
0.63389
0.57055
0.56636
0.58541
0.60953
0.62383
0.63704
0.66802
0.68348
0.68833
0.6897
0.68283
0.64291
0.60694
0.59634
0.59545
0.59247
0.59704
0.61557
0.67898
0.7617
0.82147
0.87261
0.90145
0.91548
0.90818
0.88893
0.87107
0.90041
0.91023
0.8752
0.8097
0.7496
0.67278
0.5914
0.54406
0.57045
0.66305
0.75734
0.83682
0.91313
0.99501
1.0111
1.0043
0.99057
1.0179
1.0866
1.1959
1.2958
1.3405
1.2848
1.2151
1.1896
1.2161
1.3022
1.4327
1.5945
1.7536
1.8961
1.9693
1.9642
1.8856
1.7764
1.6928
1.6695
1.614
1.5077
1.3821
1.2518
1.1062
0.99006
0.92472
0.92643
0.99843
1.1079
1.2486
1.4226
1.6036
1.7522
1.8678
1.9264
1.94
1.9217
1.8841
1.8184
1.725
1.6282
1.5415
1.4797
1.4183
1.3369
1.2237
1.123
1.0711
1.0802
1.1222
1.1677
1.2132
1.2584
1.295
1.31
1.2769
1.1988
1.1036
1.0343
1.0079
0.9912
0.96362
0.9199
0.88307
0.87826
0.91188
0.96747
1.0239
1.0712
1.1245
1.1867
1.2583
1.3356
1.4229
1.5427
1.6984
1.8635
1.9881
2.0341
2.0061
1.9375
1.8679
1.7939
1.7103
1.6168
1.5238
1.439
1.3635
1.2316
1.1068
0.97108
0.85143
0.77634
0.74155
0.72875
0.70747
