1.3665
1.3148
1.1959
1.0077
0.80643
0.61032
0.40783
0.33463
0.40366
0.57468
0.73332
0.85704
0.99092
1.0866
1.1708
1.2619
1.3764
1.5335
1.6961
1.7935
1.7949
1.6953
1.4952
1.2509
0.99915
0.75801
0.53626
0.37437
0.33891
0.35818
0.33838
0.37209
0.48211
0.6287
0.77006
0.92772
1.1602
1.3446
1.4339
1.4302
1.3237
1.1315
0.86458
0.61148
0.39887
0.24813
0.1594
0.13619
0.20468
0.2895
0.4104
0.5721
0.77537
0.99857
1.1933
1.3447
1.3817
1.2982
1.118
0.88078
0.64581
0.466
0.41384
0.4454
0.55495
0.69578
0.85816
0.98852
1.064
1.123
1.133
1.1433
1.1435
1.1119
1.0132
0.89008
0.86396
0.86091
0.82506
0.76215
0.70406
0.7935
0.95149
1.1958
1.5511
2.0174
2.5698
2.9768
3.155
3.0915
2.7911
2.2925
1.7677
1.26
0.80529
0.45253
0.25452
0.25269
0.27961
0.32959
0.46367
0.69962
0.994
1.2535
1.4644
1.5781
1.5335
1.3124
1.0132
0.697
0.43132
0.29844
0.28194
0.34942
0.39919
0.43238
0.43654
0.40691
0.3969
0.39731
0.36292
0.45795
0.63925
0.81671
0.9138
0.92314
0.91856
0.88767
0.86334
0.86382
0.88662
0.96013
1.077
1.0902
0.99732
0.83453
0.7137
0.72439
0.84801
1.0018
1.0916
1.0964
1.2386
1.3824
1.4543
1.5037
1.6226
1.8477
1.8662
1.7012
1.4088
1.1561
0.9499
0.73166
0.52313
0.39091
0.37225
0.42067
0.58357
0.8994
1.3425
1.7857
2.1489
2.3154
2.2122
1.869
1.5059
1.2316
1.0675
0.97278
0.90176
0.94223
1.0515
1.1558
1.2602
1.3995
1.6429
1.8932
1.9565
1.8178
1.5236
1.2126
0.91305
0.63933
0.47118
0.44246
0.47807
0.57442
0.82919
1.1724
1.5111
1.7918
2.0247
2.0611
1.8136
1.4288
1.0999
0.86243
0.70592
0.64008
0.65152
0.67048
0.60314
0.57774
0.68686
0.95433
1.3301
1.7256
2.0553
2.1816
2.0547
1.7312
1.3346
0.98365
0.73178
0.59169
0.53211
0.49734
0.47898
0.50118
0.57865
0.69443
0.83676
0.9659
1.0099
0.9248
0.77066
0.59116
0.40666
0.26718
0.23165
0.2812
0.33116
0.3745
0.44058
0.54847
0.6799
0.8474
1.0607
1.2862
1.4847
1.585
1.5462
1.387
1.1259
0.87001
0.64872
0.48015
0.36776
0.29283
0.3417
0.45108
0.60495
0.81335
1.0626
1.3081
1.4528
1.4639
1.3602
1.172
0.96506
0.82948
0.7986
0.93261
1.2571
1.7482
2.2875
2.7448
3.0337
3.1045
2.9848
2.733
2.4281
2.0962
1.7733
1.4671
1.1699
0.91073
0.72513
0.64249
0.67112
0.8264
1.0806
1.3707
1.6383
1.8481
1.9411
1.8634
1.6569
1.3906
1.1419
0.96749
0.92468
1.048
1.2939
1.6203
1.9387
2.1934
2.3708
2.4803
2.5098
2.4112
2.1951
1.8636
1.4923
1.1486
0.85973
0.6551
0.55722
0.67556
0.90219
1.1297
1.3592
1.6251
1.9005
2.0742
2.1504
2.1455
2.0565
1.881
1.6637
1.4312
1.2483
1.1697
1.2211
1.3801
1.5967
1.8334
2.0078
2.0858
2.0619
1.9558
1.785
1.5547
1.3024
1.0301
0.79671
0.63736
0.56647
0.56768
0.61178
0.69203
0.75382
0.77469
0.76187
0.73846
0.72561
0.74904
0.80061
0.85267
0.8944
0.94119
1.019
1.1188
1.2546
1.3959
1.4905
1.5117
1.4511
1.3377
1.1734
0.98422
0.78936
0.58231
0.45141
0.35197
0.32511
0.43963
0.70888
1.1152
1.5071
1.8482
2.0592
2.0557
1.8541
1.5254
1.1226
0.83163
0.63851
0.46976
0.49634
0.74686
1.2008
1.6484
2.0385
2.4137
2.5512
2.3762
1.9664
1.5307
1.1948
0.96729
0.83949
0.83958
0.94233
0.96343
0.98275
1.1667
1.4804
1.8578
2.2079
2.5182
2.639
2.4293
1.9517
1.5771
1.4249
1.5224
1.7668
2.035
2.2403
2.1005
1.9151
1.7839
1.7869
1.9621
2.3011
2.7353
2.9091
2.7495
2.3265
1.7802
1.3562
1.0724
0.86811
0.734
0.85687
1.1678
1.4668
1.7703
2.1404
2.5727
2.8026
2.8101
2.6409
2.3108
1.8544
1.4227
1.0569
0.77651
0.57244
0.44312
0.48426
0.60562
0.78906
1.0113
1.216
1.3831
1.3875
1.1998
1.0053
0.84869
0.75344
0.71067
0.67073
0.73333
0.78584
0.78527
0.77068
0.80948
0.97492
1.1884
1.3774
1.5368
1.6116
1.5462
1.3322
1.1063
0.87317
0.63469
0.48941
0.5317
0.73152
0.89736
1.053
1.2604
1.4852
1.6222
1.6565
1.614
1.4682
1.2077
0.92056
0.63649
0.40249
0.30676
0.39923
0.67179
0.99134
1.3196
1.62
1.7994
1.8458
1.7955
1.6668
1.4505
1.1529
0.91931
0.71802
0.56304
0.6528
0.99961
1.5015
1.8726
2.0836
2.1156
1.9173
1.6082
1.3141
1.1238
1.0371
1.0666
1.1101
1.116
1.0411
0.88349
0.88123
0.9175
0.8818
0.74226
0.81295
1.1378
1.4561
1.7421
2.0081
2.221
2.1326
1.8074
1.3738
0.96603
0.65448
0.44785
0.36607
0.36787
0.33219
0.39428
0.58722
0.87137
1.1807
1.4759
1.8307
2.1126
2.2734
2.3113
2.1819
1.9063
1.6346
1.3534
1.0552
0.78779
0.62093
0.63437
0.73649
0.91268
1.1954
1.5939
2.1062
2.6065
2.9543
3.0974
2.9991
2.6759
2.1533
1.6263
1.1468
0.74232
0.45841
0.34697
0.39112
0.45385
0.56127
0.7334
0.9864
1.2336
1.4119
1.4622
1.3736
1.1893
0.92145
0.68392
0.52311
0.44795
0.42485
0.39195
0.50407
0.67164
0.88349
1.121
1.3819
1.679
1.8501
1.9138
1.8509
1.6835
1.4133
1.0904
0.82257
0.56659
0.40043
0.38076
0.51132
0.75221
0.99232
1.2377
1.4445
1.5328
1.5174
1.4229
1.2648
1.0709
0.83691
0.66297
0.59096
0.6269
0.73391
0.91375
1.1168
1.2517
1.3173
1.3145
1.3013
1.317
1.3865
1.452
1.3914
1.2007
1.0448
0.8431
0.66935
0.65997
0.82315
1.1091
1.3275
1.5258
1.6146
1.5143
1.2611
0.95965
0.7372
0.56209
0.40923
0.38578
0.52074
0.75994
0.98906
1.2629
1.6023
1.8589
1.9787
1.9522
1.8105
1.5451
1.2448
1.0091
0.87071
0.81489
0.78371
0.7461
0.77757
0.80647
0.8547
0.95095
1.1363
1.4105
1.5851
1.6694
1.7146
1.7442
1.7415
1.6438
1.4562
1.2441
0.98206
0.67031
0.44622
0.37785
0.46742
0.64792
0.88845
1.142
1.274
1.2812
1.1933
1.0096
0.80057
0.63055
0.54249
0.57084
0.68935
0.82981
0.892
0.87093
0.81133
0.75073
0.73592
0.79951
0.93573
1.0795
1.1405
1.0473
0.83269
0.55765
0.35161
0.23209
0.20079
0.24679
0.34303
0.50792
0.69122
0.85274
0.89874
0.85391
0.77146
0.72292
0.73108
0.80016
0.95521
1.113
1.2044
1.1817
1.0569
0.92688
0.87723
0.92253
0.97559
0.96896
0.91916
0.89862
0.95336
1.1272
1.4052
1.7085
1.9536
2.0435
1.9246
1.6021
1.206
0.85594
0.60606
0.42845
0.31157
0.25072
0.23315
0.33014
0.55853
0.9412
1.4507
1.9978
2.4669
2.7139
2.7083
2.4735
2.0804
1.6646
1.3567
1.2022
1.1788
1.2472
1.3582
1.4719
1.5589
1.6661
1.8121
2.0045
2.2147
2.3609
2.3639
2.1726
1.8238
1.3661
0.95328
0.63666
0.54641
0.67898
0.98506
1.3965
1.7328
1.9737
2.0238
1.9086
1.6756
1.3908
1.1288
0.87471
0.63554
0.43773
0.32813
0.3209
0.4142
0.59524
0.80558
0.98045
1.055
1.0276
0.89744
0.74682
0.63962
0.58652
0.60335
0.68567
0.82987
0.95574
1.0255
1.0183
0.91728
0.72389
0.49353
0.29849
0.16776
0.12754
0.15156
0.2159
0.32546
0.50959
0.77001
1.0672
1.4011
1.7193
1.9207
1.9335
1.7484
1.4424
1.1369
0.8851
0.73358
0.68006
0.67438
0.7209
0.82763
1.0094
1.2525
1.53
1.8219
2.0279
2.0517
1.8689
1.553
1.1762
0.82688
0.57281
0.41851
0.40604
0.49299
0.70058
1.0006
1.3153
1.5453
1.6274
1.5683
1.368
1.0793
0.75671
0.47503
0.30039
0.19848
0.16292
0.19193
0.27911
0.40601
0.54522
0.71839
0.94508
1.1693
1.37
1.555
1.6922
1.7656
1.6916
1.4973
1.2407
0.982
0.81107
0.764
0.8334
0.95383
1.0724
1.1303
1.0963
0.97712
0.88297
0.87304
0.95178
1.1203
1.2731
1.3283
1.1947
0.98571
0.76625
0.53977
0.35449
0.26262
0.28908
0.31984
0.28924
0.32624
0.44954
0.61935
0.7775
0.88736
0.95803
0.91786
0.89233
0.90423
0.99219
1.1667
1.4073
1.6107
1.5866
1.3739
1.031
0.66823
0.36779
0.21058
0.24537
0.40529
0.60954
0.78146
0.89992
0.89635
0.8563
0.8532
0.92543
1.0389
1.1111
1.1379
1.0536
0.88841
0.70956
0.603
0.6149
0.71711
0.83273
0.87651
0.85292
0.80287
0.79322
0.84678
0.94564
1.0359
1.0562
0.96781
0.8186
0.66498
0.55055
0.51132
0.59198
0.77633
0.97948
1.146
1.2168
1.2156
1.1962
1.2681
1.4239
1.6221
1.8544
2.0432
2.1013
1.9334
1.571
1.2006
0.90174
0.69979
0.55176
0.47342
0.5578
0.69918
0.8501
1.0278
1.235
1.4193
1.4703
1.3712
1.1552
0.8769
0.63946
0.43832
0.31548
0.28484
0.37989
0.58559
0.87852
1.3128
1.797
2.231
2.5095
2.6137
2.5458
2.2869
1.9059
1.4905
1.1289
0.8711
0.75693
0.80348
0.9787
1.2157
1.4785
1.6841
1.7477
1.662
1.4254
1.0867
0.80985
0.59305
0.43134
0.32653
0.29322
0.35988
0.35899
0.37461
0.54806
0.82163
1.131
1.421
1.718
1.9831
2.0947
2.0753
1.9324
1.7083
1.4233
1.1033
0.76818
0.45435
0.24486
0.14847
0.12731
0.11927
0.15022
0.27277
0.4942
0.80339
1.1677
1.5878
1.9937
2.3074
2.4726
2.4697
2.3331
2.0588
1.7178
1.3891
1.181
1.1341
1.255
1.5291
1.8556
2.1509
2.3369
2.3708
2.2323
1.9541
1.5936
1.2053
0.85678
0.61208
0.5039
0.50089
0.61689
0.80394
1.0168
1.2235
1.4415
1.7032
1.9862
2.3054
2.6118
2.8278
2.8286
2.5647
2.0794
1.5991
1.1054
0.73803
0.59547
0.67325
0.9364
1.145
1.3334
1.3956
1.2831
1.0587
0.80986
0.62471
0.53583
0.52179
0.55515
0.59775
0.6288
0.67311
0.74958
0.8564
0.96513
1.0599
1.0606
0.92829
0.76145
0.57535
0.51903
0.63972
0.96263
1.4431
1.9035
2.2973
2.4872
2.4169
2.1311
1.7094
1.2816
1.0512
1.0284
1.2036
1.4705
1.6742
1.6892
1.7147
1.6777
1.5655
1.4345
1.4308
1.6373
1.7021
1.7177
1.7137
1.7355
1.7194
1.5945
1.3594
1.0629
0.80692
0.61851
0.56095
0.61502
0.72265
0.81949
0.87441
0.89141
0.85279
0.79589
0.70374
0.64681
0.62601
0.52061
0.47431
0.51983
0.69646
0.89868
1.0801
1.3541
1.6231
1.8649
2.0781
2.2669
2.3931
2.4071
2.2529
1.955
1.5211
1.1521
0.93159
0.84817
0.88628
1.0211
1.2222
1.3103
1.2057
1.1226
1.1377
1.2541
1.5184
1.9027
2.3692
2.6954
2.8008
2.698
2.3618
1.8738
1.4994
1.2635
1.1068
0.9691
0.88366
0.89043
0.98665
1.164
1.4434
1.812
2.2119
2.5555
2.6503
2.5543
2.3398
2.105
1.8965
1.7113
1.5328
1.3076
1.116
0.97382
0.92683
0.96069
1.0501
1.1595
1.1933
1.1588
1.0556
0.93514
0.86555
0.85626
0.82132
0.71101
0.64329
0.54105
0.47119
0.5152
0.72358
1.0703
1.4243
1.8471
2.2145
2.4188
2.4641
2.4047
2.2018
1.8744
1.4595
1.0648
0.77641
0.6426
0.70606
0.89998
1.1703
1.4207
1.5762
1.5566
1.3736
1.1131
0.83441
0.61719
0.52977
0.58292
0.71888
0.83224
0.88568
0.87451
0.84617
0.79462
0.75818
0.79896
0.942
1.1085
1.1761
1.1629
1.0547
0.85999
0.72651
0.66782
0.64038
0.58119
0.50569
0.53076
0.49796
0.4251
0.39904
0.49037
0.69799
0.89255
1.0641
1.1894
1.2198
1.177
1.0577
0.89505
0.71329
0.56834
0.45675
0.35815
0.29713
0.27674
0.27455
0.25213
0.26541
0.28393
0.24532
0.2502
0.30725
0.41879
0.51826
0.60216
0.66786
0.61668
0.49905
0.3732
0.25025
0.15158
0.14739
0.23525
0.31832
0.35482
0.50276
0.67444
0.77026
0.75284
0.68999
0.66637
0.59702
0.56512
0.57312
0.5985
0.61314
0.62611
0.58261
0.4499
0.39014
0.44541
0.63042
0.7938
0.88154
0.89557
0.80653
0.60632
0.36997
0.1994
0.11142
0.14706
0.16547
0.23959
0.45786
0.78465
1.1883
1.5259
1.782
1.8923
1.7768
1.4682
1.0491
0.65794
0.37798
0.26235
0.31318
0.56469
1.0147
1.5677
2.1122
2.5135
2.6779
2.5752
2.2193
1.7449
1.3611
1.0819
0.87623
0.69725
0.70673
0.87363
0.98842
1.0855
1.26
1.5944
1.9245
2.1863
2.3679
2.3884
2.1942
1.8924
1.5992
1.3134
1.0517
0.87013
0.80789
0.75152
0.73254
0.85184
1.1825
1.7283
2.3454
2.8702
3.1015
3.0134
2.678
2.1495
1.5534
1.0755
0.8382
0.72467
0.58983
0.55823
0.67568
0.87009
1.0638
1.3278
1.7242
2.1033
2.3888
2.5693
2.6146
2.4954
2.2149
1.7881
1.3036
0.85712
0.49995
0.29942
0.24062
0.31307
0.50215
0.79911
1.1844
1.5838
1.9583
2.2522
2.3922
2.3323
2.1208
1.7629
1.3286
0.88282
0.54125
0.34272
0.21917
0.20266
0.32248
0.61046
1.0378
1.5279
1.9778
2.2729
2.3354
2.1796
1.8795
1.5079
1.1497
0.82564
0.67124
0.60888
0.5028
0.46663
0.62066
0.99259
1.3694
1.7306
2.0923
2.3169
2.3397
2.1961
1.9358
1.572
1.2022
0.89753
0.62515
0.39255
0.23312
0.17914
0.16981
0.25465
0.48002
0.81679
1.1934
1.5546
1.8545
1.969
1.9047
1.6896
1.3999
1.1031
0.86343
0.70873
0.61723
0.60795
0.6625
0.79382
1.0001
1.2957
1.6189
1.9214
2.1912
2.3549
2.3759
2.2171
1.9737
1.6689
1.3365
0.99249
0.72425
0.55919
0.39317
0.34735
0.39305
0.547
0.68465
0.80265
0.97259
1.0901
1.1838
1.2233
1.2367
1.1933
1.1018
0.96653
0.79525
0.61716
0.47949
0.44274
0.531
0.72793
0.96434
1.2226
1.4265
1.4901
1.3746
1.1254
0.84107
0.59686
0.45921
0.44
0.51983
0.65988
0.84673
1.0433
1.2176
1.3773
1.4905
1.5431
1.5337
1.4861
1.3852
1.1851
0.96213
0.77146
0.6927
0.70795
0.84513
1.0567
1.28
1.5121
1.678
1.7329
1.6242
1.3928
1.1729
1.0014
0.80637
0.5821
0.40821
0.40105
0.42741
0.37471
0.31635
0.33957
0.4456
0.54249
0.63001
0.74123
0.82872
0.8869
0.8555
0.74032
0.61022
0.54878
0.51972
0.45266
0.37168
0.32904
0.30291
0.25901
0.35588
0.62596
1.0193
1.4208
1.7403
1.9115
1.8435
1.5644
1.1563
0.80535
0.58045
0.45264
0.36958
0.31261
0.33061
0.34326
0.36444
0.46164
0.66307
0.88951
1.0084
1.034
0.96258
0.83264
0.66745
0.53966
0.47347
0.43533
0.46543
0.56553
0.73408
0.95143
1.2201
1.4881
1.6827
1.7414
1.6449
1.4024
1.1038
0.85066
0.64092
0.45198
0.30847
0.23959
0.20616
0.19748
0.27586
0.476
0.8182
1.2487
1.6597
1.9114
1.9296
1.7449
1.3824
0.97077
0.59338
0.36139
0.26096
0.23695
0.26551
0.31865
0.46177
0.65993
0.88746
1.0921
1.2577
1.3417
1.2898
1.0945
0.81976
0.60434
0.45542
0.34405
0.29349
0.29901
0.30783
0.26522
0.22706
0.2183
0.18464
0.17397
0.22671
0.3381
0.46528
0.57089
0.62527
0.59961
0.50062
0.37248
0.25991
0.19583
0.19367
0.21738
0.24466
0.2696
0.35642
0.53075
0.81126
1.1523
1.4963
1.7481
1.7784
1.5742
1.2242
0.85565
0.56072
0.36853
0.26027
0.23364
0.2237
0.21428
0.2242
0.27707
0.4169
0.63855
0.92645
1.2013
1.3775
1.424
1.3403
1.1833
0.99404
0.82317
0.70418
0.66623
0.73764
0.89833
1.1346
1.4164
1.6895
1.8733
1.9121
1.7694
1.4662
1.1068
0.80458
0.65304
0.63489
0.76501
1.0162
1.3144
1.585
1.78
1.9106
1.9819
2.0303
2.0385
1.9589
1.7314
1.3705
0.98993
0.64949
0.43153
0.37999
0.46024
0.59372
0.69729
0.78371
0.87506
0.98037
1.1382
1.3596
1.5857
1.7337
1.7152
1.5368
1.3115
1.1412
1.0798
1.1183
1.2312
1.3643
1.4685
1.5335
1.5642
1.5776
1.5898
1.6028
1.5591
1.4294
1.2161
0.97466
0.74641
0.57344
0.49941
0.51935
0.65598
0.90426
1.2491
1.6098
1.9097
2.102
2.1369
2.013
1.7432
1.3794
0.97398
0.60935
0.35999
0.23018
0.2035
0.25409
0.37376
0.54951
0.79637
1.0758
1.3482
1.5885
1.7788
1.9131
1.9456
1.8926
1.7671
1.6046
1.4336
1.2921
1.2177
1.214
1.3035
1.4675
1.6784
1.8877
2.0532
2.1249
2.0522
1.8431
1.5256
1.1797
0.87563
0.64316
0.49072
0.45347
0.55392
0.74226
0.96182
1.1931
1.4257
1.594
1.6864
1.7084
1.6539
1.494
1.2217
0.8924
0.59338
0.39566
0.32624
0.38778
0.58254
0.91936
1.3535
1.7792
2.1065
2.3019
2.346
2.2272
1.9496
1.5676
1.1811
0.8329
0.57572
0.42199
0.37174
0.42907
0.55245
0.76819
1.0836
1.4835
1.8873
2.1825
2.3096
2.2389
1.9812
1.58
1.1511
0.78512
0.5322
0.39042
0.33638
0.38928
0.55587
0.87535
1.3428
1.8894
2.4126
2.778
2.8925
2.7262
2.3216
1.8164
1.3171
0.89403
0.59937
0.45272
0.45364
0.55562
0.76544
1.1268
1.6004
2.0699
2.4014
2.5104
2.3845
2.053
1.619
1.2009
0.86897
0.70366
0.65809
0.66543
0.67201
0.65471
0.70531
0.80162
0.99291
1.3379
1.819
2.3372
2.7092
2.8178
2.6132
2.132
1.5448
0.98958
0.59187
0.38716
0.33068
0.37442
0.45489
0.60635
0.81833
1.0533
1.3034
1.5583
1.8025
2.001
2.1275
2.1366
1.9879
1.6865
1.3058
0.96081
0.73173
0.67272
0.80261
1.1457
1.6624
2.247
2.7576
3.0784
3.1689
3.0074
2.6131
2.0573
1.4804
0.97359
0.63917
0.48871
0.47181
0.5367
0.64002
0.82491
1.0401
1.2482
1.4186
1.4908
1.4093
1.1561
0.81351
0.50475
0.31606
0.26305
0.32443
0.46869
0.64419
0.79161
0.84755
0.82968
0.78282
0.74129
0.74033
0.78536
0.9009
1.0193
1.1031
1.1314
1.0993
1.028
0.93094
0.83988
0.73769
0.66018
0.64902
0.72415
0.83591
0.98529
1.147
1.2764
1.3397
1.28
1.1607
0.98183
0.84541
0.77408
0.77623
0.83922
0.89987
0.95303
0.94518
0.93868
0.93943
0.95225
0.95847
0.92641
0.87538
0.77743
0.68534
0.61743
0.57175
0.56286
0.58673
0.58885
0.53982
0.47507
0.37641
0.30005
0.34145
0.53984
0.80637
1.0601
1.3135
1.4832
1.4422
1.2252
1.0636
0.95312
0.85561
0.76888
0.71218
0.70084
0.66803
0.62311
0.57341
0.55333
0.59869
0.69444
0.70213
0.66045
0.61368
0.54137
0.46158
0.37169
0.36597
0.44168
0.609
0.85548
1.0946
1.2992
1.3887
1.3375
1.141
0.88618
0.73125
0.67749
0.70302
0.7454
0.75107
0.79787
0.87599
0.94181
1.0096
1.175
1.513
1.8548
2.0298
2.0441
1.8833
1.5818
1.2992
1.045
0.87003
0.7705
0.72783
0.76244
0.81507
0.90217
1.0334
1.223
1.5254
1.8661
2.0955
2.1901
2.106
1.8538
1.5015
1.1571
0.79592
0.54372
0.51187
0.68918
0.99352
1.28
1.6103
1.8921
2.0527
2.0819
1.9748
1.767
1.439
1.1489
0.90757
0.69997
0.52698
0.44832
0.58666
0.75227
0.93486
1.1601
1.433
1.6661
1.7566
1.7438
1.6337
1.4841
1.3244
1.185
1.0384
0.88551
0.72268
0.54449
0.3915
0.28755
0.31266
0.44561
0.68656
0.97002
1.2068
1.3652
1.4115
1.3612
1.2162
1.0157
0.78361
0.6347
0.4969
0.34535
0.26466
0.27165
0.38986
0.49002
0.59847
0.72783
0.81412
0.85839
0.86834
0.88927
0.92283
0.95371
0.98636
1.0354
1.086
1.1225
1.1582
1.2144
1.2799
1.3303
1.3854
1.4195
1.4432
1.433
1.3712
1.2456
1.0591
0.87065
0.68215
0.55406
0.51971
0.58152
0.7156
0.89381
1.1094
1.3202
1.5039
1.6595
1.7729
1.7901
1.7163
1.5547
1.3307
1.0969
0.89913
0.76833
0.70387
0.7751
0.96962
1.2268
1.461
1.6499
1.7824
1.7934
1.7212
1.5814
1.4231
1.2939
1.2202
1.2291
1.2691
1.3447
1.4215
1.4757
1.4836
1.4442
1.3591
1.2373
1.1519
1.1166
1.1303
1.1568
1.2049
1.2402
1.2219
1.1565
1.0537
0.94636
0.85688
0.82096
0.82722
0.91123
1.0529
1.209
1.3266
1.3834
1.4037
1.3054
1.1319
0.89221
0.64169
0.43194
0.27558
0.23889
0.27597
0.40636
0.5932
0.77019
0.86368
0.85236
0.75338
0.62451
0.5143
0.46024
0.45836
0.43953
0.41261
0.3713
0.32057
0.25442
0.215
0.26063
0.39227
0.59015
0.81145
1.0244
1.2125
1.3816
1.5002
1.5378
1.5434
1.5222
1.4782
1.3929
1.3174
1.2669
1.2159
1.2061
1.2428
1.3181
1.3849
1.4343
1.4426
1.3593
1.19
0.93356
0.69179
0.48304
0.30797
0.2189
0.23621
0.38553
0.56741
0.75825
0.93572
1.0353
1.0236
0.92861
0.83526
0.76358
0.73511
0.71712
0.7035
0.64337
0.53385
0.4434
0.41218
0.45282
0.51846
0.58392
0.58436
0.54189
0.42735
0.3172
0.25058
0.23519
0.28317
0.31802
0.38033
0.4557
0.53215
0.59625
0.63496
0.65173
0.64512
0.61902
0.62766
0.69514
0.81982
1.0014
1.1881
1.3159
1.3189
1.2196
1.073
0.93391
0.86906
0.87457
0.92914
0.98595
1.0275
1.0407
1.003
0.96991
0.96463
1.0004
1.0587
1.1244
1.1717
1.179
1.1427
1.0553
0.91268
0.72121
0.55637
0.44201
0.40811
0.474
0.62756
0.81412
0.934
0.97321
0.91682
0.81183
0.69907
0.61935
0.56754
0.52824
0.50945
0.48367
0.48979
0.52714
0.60249
0.67295
0.6971
0.65924
0.59117
0.50308
0.4111
0.31926
0.30058
0.38027
0.46952
0.54771
0.60786
0.67176
0.68385
0.64901
0.62705
0.65256
0.72034
0.77439
0.77939
0.70236
0.57685
0.41675
0.26535
0.21017
0.27686
0.49534
0.82053
1.2257
1.6431
1.9329
2.0149
1.8579
1.5213
1.1198
0.75245
0.49951
0.40806
0.47519
0.62376
0.74848
0.78689
0.78282
0.77939
0.78302
0.8213
0.93914
1.1273
1.2772
1.3216
1.2831
1.2121
1.1457
1.1028
1.088
1.0521
0.97902
0.88966
0.82338
0.81923
0.89207
1.0736
1.2999
1.5118
1.637
1.6422
1.548
1.4197
1.3615
1.3859
1.4877
1.6288
1.7551
1.8154
1.8079
1.7828
1.7713
1.7844
1.7996
1.7804
1.6918
1.5628
1.4189
1.2765
1.1675
1.1258
1.175
1.2568
1.378
1.5268
1.6972
1.8495
1.9269
1.8969
1.7241
1.4668
1.1881
0.94839
0.77747
0.68453
0.63156
0.54711
0.44549
0.36956
0.28999
0.25073
0.30655
0.48395
0.75783
1.0568
1.3468
1.522
1.5425
1.4436
1.2599
1.0119
0.74254
0.52906
0.39927
0.29741
0.29525
0.40498
0.61477
0.86218
1.093
1.3089
1.4074
1.3868
1.23
1.0172
0.91078
0.8849
0.88548
0.83488
0.7644
0.739
0.64825
0.5503
0.53205
0.71041
1.0943
1.5249
1.8578
2.0015
1.8873
1.6164
1.2605
0.87233
0.55543
0.35893
0.34265
0.34861
0.33949
0.35945
0.47104
0.64855
0.80086
0.88286
0.85614
0.87169
0.91613
0.92467
0.88384
0.82943
0.8184
0.84754
0.8788
0.97218
1.1612
1.4251
1.7008
1.8074
1.765
1.595
1.2973
0.94441
0.61729
0.37993
0.23529
0.19993
0.28948
0.51155
0.83289
1.1683
1.4227
1.5361
1.5159
1.3212
1.012
0.69005
0.44656
0.30006
0.24592
0.31347
0.48101
0.73508
1.0343
1.3369
1.5793
1.7618
1.8852
1.9154
1.8417
1.6479
1.3836
1.0932
0.86992
0.75815
0.76083
0.88783
1.1247
1.4133
1.6464
1.8225
1.9175
1.9313
1.8497
1.7159
1.5616
1.363
1.1776
1.0233
0.95986
0.96375
1.0105
1.0819
1.1092
1.1199
1.0904
1.0622
1.0739
1.1319
1.1952
1.1871
1.074
0.90308
0.6769
0.44359
0.34377
0.41013
0.61023
0.84278
1.0612
1.2238
1.287
1.3011
1.3046
1.3273
1.3935
1.4975
1.5917
1.6177
1.5947
1.4923
1.3291
1.135
0.93734
0.79504
0.73868
0.84278
1.0536
1.348
1.6625
1.9152
2.0454
2.0319
1.9474
1.8031
1.6363
1.4611
1.2709
1.0481
0.83105
0.64645
0.5039
0.42893
0.45819
0.62984
0.87251
1.1369
1.3765
1.5493
1.6419
1.6335
1.5369
1.3773
1.2068
0.99296
0.81513
0.69318
0.58104
0.4548
0.44227
0.60951
0.81499
1.0024
1.2273
1.5443
1.7564
1.7918
1.6749
1.428
1.1089
0.75723
0.46052
0.28473
0.23229
0.32076
0.50806
0.74991
1.016
1.263
1.4432
1.5491
1.5929
1.587
1.5061
1.3262
1.1019
0.86264
0.63203
0.46047
0.38307
0.427
0.58092
0.82335
1.0955
1.3155
1.4145
1.3697
1.1756
0.92659
0.65314
0.42151
0.3438
0.41549
0.57916
0.67067
0.73164
0.74569
0.67604
0.59377
0.55995
0.62833
0.74158
0.8764
0.98717
1.0395
1.072
1.1192
1.2323
1.3718
1.5516
1.7192
1.8389
1.9118
1.9317
1.9115
1.7825
1.5761
1.2811
0.99095
0.68355
0.44842
0.35017
0.38739
0.5845
0.86431
1.2588
1.6667
2.0229
2.2254
2.2414
2.0998
1.8438
1.5393
1.2439
1.0732
0.99387
0.98297
1.0275
1.1456
1.3789
1.7064
2.1198
2.4728
2.653
2.5904
2.2684
1.7624
1.1936
0.71142
0.39412
0.26187
0.29633
0.43879
0.64111
0.91781
1.2233
1.4513
1.5281
1.471
1.3629
1.233
1.1605
1.1648
1.2133
1.2374
1.1815
1.0331
0.79059
0.57616
0.45101
0.45218
0.55398
0.75143
1.0188
1.2695
1.504
1.6558
1.6858
1.5505
1.2863
0.97342
0.66229
0.46583
0.39386
0.42205
0.48522
0.53596
0.5854
0.61474
0.67241
0.76189
0.86963
0.9937
1.1214
1.2019
1.2229
1.1906
1.1198
1.0239
0.88782
0.76655
0.63601
0.49318
0.40103
0.43696
0.53722
0.59766
0.56236
0.57045
0.64297
0.64446
0.58593
0.52009
0.52424
0.49831
0.4016
0.30357
0.22867
0.17112
0.14853
0.18101
0.23737
0.28228
0.32936
0.41833
0.53539
0.63204
0.7212
0.78391
0.80941
0.80409
0.7506
0.67131
0.5294
0.39763
0.3381
0.37869
0.54784
0.80368
1.111
1.3746
1.5526
1.596
1.4921
1.2957
1.1154
0.99698
0.91011
0.85308
0.80526
0.75146
0.67277
0.63867
0.70186
0.85759
1.1009
1.3759
1.6164
1.7383
1.7402
1.6056
1.3676
1.1063
0.89077
0.75466
0.66824
0.65913
0.67703
0.728
0.85603
1.111
1.4746
1.8547
2.2007
2.3969
2.426
2.2778
1.9794
1.6102
1.2207
0.934
0.71454
0.5683
0.49486
0.49657
0.59778
0.79696
1.0865
1.3703
1.5842
1.6966
1.7335
1.6857
1.5986
1.4958
1.3627
1.2216
1.1109
1.0485
1.0076
1.0116
1.0508
1.0964
1.1532
1.1729
1.1474
1.0795
1.0031
0.94708
0.85843
0.75333
0.68481
0.6899
0.82528
1.0256
1.2254
1.3854
1.4281
1.3507
1.1513
0.94975
0.7783
0.67926
0.67771
0.72681
0.79715
0.83352
0.8777
0.8982
0.89592
0.9031
0.89957
0.88763
0.84825
0.80128
0.75179
0.67743
0.61366
0.57
0.51904
0.49185
0.50087
0.54261
0.61103
0.63147
0.59355
0.69536
0.82111
0.88287
0.84894
0.78256
0.79034
0.74274
0.72599
0.82748
1.0362
1.3302
1.6121
1.7615
1.7368
1.502
1.24
1.0712
0.98025
0.92934
0.92631
1.0096
1.0663
0.97334
0.78996
0.61573
0.55607
0.58155
0.63395
0.6959
0.78919
0.85093
0.78246
0.67098
0.59149
0.5852
0.56072
0.50084
0.49014
0.5012
0.5087
0.5583
0.74355
1.1126
1.5638
1.988
2.2926
2.3893
2.2421
1.8356
1.4335
1.0522
0.69031
0.47197
0.46347
0.64083
0.71086
0.73589
0.82675
0.95407
1.0295
1.0524
1.0464
0.96592
0.87966
0.78986
0.69431
0.64531
0.67896
0.82303
0.93209
0.89476
0.86104
0.88935
0.9391
0.98715
1.0324
1.1027
1.0976
0.96619
0.83614
0.75809
0.70381
0.66649
0.63934
0.64044
0.64864
0.64072
0.64408
0.66022
0.66917
0.6611
0.63474
0.60446
0.57847
0.56039
0.55138
0.54826
0.54854
0.55052
0.5544
0.55909
0.56351
0.56675
0.56815
0.56745
0.56467
0.56011
0.55419
0.54735
0.53997
0.5323
0.52454
0.5169
0.50967
0.50336
0.49869
0.49659
0.4982
0.50467
0.51714
0.53655
0.56357
0.59846
0.64087
0.68981
0.74348
0.79933
0.85418
0.90441
0.94636
0.9767
0.99286
0.99343
0.97846
0.9496
0.90993
0.86359
0.81522
0.76929
0.72959
0.69889
0.67892
0.67049
0.6737
0.68819
0.71323
0.74788
0.79099
0.84124
0.8971
0.9568
1.0183
1.0793
1.1373
1.1899
1.2348
1.2704
1.2955
1.3097
1.3136
1.3082
1.2948
1.2753
1.2515
1.2253
1.1983
1.1722
1.1484
1.1284
1.113
1.1033
1.0997
1.1021
1.1102
1.1229
1.1389
1.1564
1.1736
1.189
1.2018
1.2113
1.218
1.2224
1.2258
1.229
1.2332
1.239
1.2469
1.2569
1.269
1.283
1.299
1.3166
1.3356
1.3558
1.3764
1.3968
1.4157
1.4317
1.4435
1.4497
1.4489
1.4406
1.4244
1.4003
1.3692
1.3319
1.2897
1.2444
1.1974
1.1507
1.1061
1.0653
1.0299
1.0016
0.98165
0.97123
0.97124
0.98235
1.0049
1.039
1.0845
1.1406
1.2065
1.2809
1.3623
1.4489
1.5386
1.6293
1.7184
1.8037
1.8828
1.9536
2.0142
2.0632
2.0992
2.1214
2.1293
2.1225
2.1014
2.0668
2.0199
1.9627
1.8933
1.8167
1.7426
1.6729
1.6047
1.5341
1.4597
1.3844
1.3151
1.2642
1.232
1.2216
1.2343
1.2729
1.336
1.4198
1.5272
1.6325
1.7258
1.8022
1.8526
1.8713
1.8555
1.8163
1.7484
1.6612
1.5872
1.544
1.5365
1.5661
1.6026
1.5918
1.4877
1.3207
1.1518
1.0114
0.94452
0.95943
1.051
1.1878
1.2972
1.3311
1.2651
1.1654
1.1064
1.1131
1.1944
1.3196
1.4351
1.4637
1.3611
1.1243
0.80473
0.51482
0.34554
0.3127
0.38083
0.53012
0.77224
1.0752
1.3981
1.7152
1.9804
2.1934
2.3052
2.3035
2.1604
1.9056
1.6444
1.4021
1.2347
1.1251
1.0859
1.1
1.1604
1.3066
1.5174
1.8001
2.1013
2.3515
2.4477
2.3259
1.9972
1.5473
1.0886
0.70615
0.48442
0.38766
0.36611
0.37061
0.40301
0.51169
0.68722
0.95279
1.2809
1.6129
1.8427
1.8847
1.7271
1.4419
1.1391
0.87504
0.73284
0.70137
0.76142
0.89486
1.1003
1.3997
1.7403
2.1108
2.4466
2.6631
2.7117
2.5866
2.3305
1.9782
1.6274
1.3464
1.1689
1.0769
1.0447
1.049
1.0626
1.0996
1.1487
1.2175
1.2995
1.4027
1.4798
1.4796
1.3744
1.1699
0.91358
0.67274
0.51882
0.44368
0.44309
0.50407
0.62649
0.79757
1.0337
1.3661
1.7567
2.1252
2.3438
2.3391
2.0896
1.6727
1.2488
0.9193
0.74864
0.69893
0.69466
0.67579
0.63057
0.5349
0.48124
0.57968
0.86626
1.2711
1.6412
1.8988
1.9223
1.6796
1.4148
1.219
1.125
1.1223
1.1534
1.193
1.0865
1.0026
1.0468
1.2783
1.6877
2.1692
2.5677
2.6761
2.4627
2.0029
1.4856
1.0837
0.84632
0.74437
0.70752
0.77997
1.0036
1.2883
1.6325
2.0239
2.4411
2.7176
2.7062
2.4694
2.0639
1.5716
1.1403
0.86724
0.73043
0.63354
0.61497
0.80479
1.1016
1.4345
1.7915
2.1878
2.545
2.666
2.5372
2.2125
1.7744
1.309
0.87719
0.59308
0.52244
0.66438
0.96312
1.3367
1.6838
1.8901
1.936
1.8523
1.6736
1.4391
1.1716
0.97446
0.88418
0.76451
0.59616
0.62942
0.87534
1.2148
1.5325
1.871
2.2299
2.3576
2.2771
2.0581
1.7767
1.4893
1.2014
0.97298
0.77394
0.58457
0.43317
0.33384
0.34555
0.44047
0.63935
0.92187
1.1813
1.3435
1.3407
1.1824
0.95355
0.74046
0.63606
0.6814
0.87957
1.1896
1.4833
1.6785
1.7536
1.7313
1.6423
1.5131
1.3931
1.262
1.0902
0.86526
0.65204
0.4739
0.30587
0.30717
0.48564
0.79129
1.0756
1.2587
1.3614
1.2615
0.99859
0.69033
0.42432
0.2669
0.22651
0.28545
0.35675
0.36736
0.40119
0.48862
0.61158
0.72024
0.80784
0.90163
0.90972
0.79554
0.66875
0.61733
0.67787
0.81853
0.95859
1.0585
1.0045
0.92375
0.8383
0.73091
0.64963
0.6235
0.65159
0.57671
0.4778
0.41529
0.43578
0.51328
0.58866
0.6486
0.62366
0.56914
0.54133
0.56468
0.70415
0.89269
1.0524
1.0723
1.012
0.90777
0.79978
0.76982
0.84593
1.0028
1.0677
0.99967
0.86737
0.70946
0.6169
0.64732
0.82791
1.0829
1.2554
1.2884
1.1438
0.8997
0.62285
0.4236
0.29142
0.21827
0.24389
0.29072
0.28307
0.28531
0.41628
0.64837
0.9188
1.1644
1.3581
1.3948
1.2343
1.0401
0.86566
0.71186
0.60519
0.53689
0.51964
0.51585
0.48686
0.47896
0.51769
0.59274
0.68116
0.73001
0.74127
0.70766
0.62815
0.55266
0.5094
0.50034
0.52854
0.61012
0.76964
0.99887
1.2622
1.5077
1.6561
1.6472
1.4743
1.2042
0.90666
0.63398
0.42434
0.29445
0.2365
0.21067
0.20723
0.25276
0.41537
0.70452
1.0652
1.3992
1.614
1.6519
1.487
1.1666
0.79063
0.46041
0.24224
0.13205
0.092476
0.08276
0.11128
0.1837
0.30935
0.48494
0.66767
0.81425
0.87987
0.87092
0.88141
0.92741
0.99959
1.109
1.2652
1.4578
1.5833
1.6074
1.5396
1.3876
1.2957
1.3193
1.4621
1.692
1.9337
2.1083
2.0716
1.8176
1.446
1.1122
0.9461
0.96441
1.0946
1.2466
1.3417
1.3777
1.4074
1.4991
1.7174
2.0833
2.5314
2.8819
2.9635
2.7512
2.3202
1.8542
1.4825
1.2508
1.1334
1.0874
1.0755
1.1419
1.3006
1.5946
2.024
2.5098
2.9218
3.0303
2.7766
2.2298
1.5656
0.97064
0.62111
0.49873
0.55861
0.75813
1.0485
1.4067
1.7285
1.9797
2.1301
2.1478
2.0169
1.7471
1.4418
1.1398
0.87902
0.74315
0.77744
0.94129
1.1467
1.3936
1.6902
1.9733
2.2095
2.4064
2.5209
2.4841
2.2582
1.8895
1.4786
1.1285
0.91457
0.84633
0.89777
1.0232
1.1801
1.3437
1.4984
1.6494
1.7678
1.8077
1.7337
1.5598
1.3526
1.1997
1.1849
1.3437
1.6557
2.0202
2.3113
2.4303
2.3623
2.1621
1.9015
1.6393
1.4015
1.2011
1.0166
0.858
0.7465
0.70202
0.73074
0.80596
0.90064
0.95023
0.93502
0.89181
0.87478
0.93806
1.1086
1.3761
1.6638
1.8823
1.9624
1.8882
1.677
1.4105
1.1777
1.0006
0.8897
0.8579
0.91821
1.0631
1.2994
1.6032
1.9098
2.1398
2.2569
2.247
2.1002
1.8685
1.6005
1.3455
1.1353
1.0032
0.95021
0.94917
1.0252
1.1297
1.2285
1.2759
1.2823
1.2817
1.2837
1.33
1.389
1.4114
1.3374
1.1608
0.94403
0.66767
0.47169
0.42794
0.56987
0.85989
1.2001
1.5753
1.8666
2.0365
2.0795
1.9843
1.759
1.4592
1.1115
0.80656
0.61503
0.58583
0.72062
0.96015
1.2517
1.4739
1.5848
1.6015
1.5565
1.4674
1.3718
1.2737
1.1463
1.0139
0.95087
1.0366
1.2366
1.5309
1.8455
2.0796
2.1454
2.0125
1.7691
1.5127
1.3706
1.3757
1.4969
1.6675
1.8289
1.9492
1.9972
2.0554
2.126
2.1976
2.2125
2.1404
1.962
1.6499
1.3562
1.179
1.1662
1.276
1.4831
1.7326
1.917
1.9761
1.8941
1.7197
1.4952
1.2763
1.0268
0.76131
0.51418
0.35651
0.30144
0.3542
0.56683
0.9129
1.3674
1.8387
2.2336
2.475
2.5296
2.413
2.0939
1.6702
1.3717
1.1073
0.81479
0.6024
0.66149
0.89853
1.1601
1.5253
2.001
2.4101
2.5933
2.5502
2.2565
1.7767
1.3036
0.94377
0.72679
0.62158
0.58452
0.59145
0.686
0.85638
1.0912
1.4007
1.8351
2.3223
2.6224
2.6745
2.4672
2.0441
1.7174
1.4557
1.2373
1.0244
0.91318
1.0957
1.2106
1.2901
1.3849
1.5475
1.721
1.7281
1.6614
1.5405
1.3542
1.1316
0.92536
0.8029
0.68667
0.5868
0.55338
0.59382
0.62151
0.55379
0.53217
0.62775
0.82593
1.0426
1.249
1.4164
1.4297
1.275
0.99058
0.70513
0.47505
0.33951
0.29244
0.31325
0.41152
0.62567
1.0071
1.5286
2.1019
2.5707
2.8106
2.7618
2.4869
2.0964
1.6898
1.3689
1.1803
1.1237
1.1391
1.2026
1.3178
1.5102
1.7894
2.0958
2.296
2.2429
1.9654
1.6468
1.27
0.86075
0.64153
0.64692
0.74621
0.76079
0.7796
0.90145
1.0282
1.1957
1.4154
1.6384
1.7956
1.8134
1.6618
1.3805
1.061
0.78302
0.58157
0.49413
0.51201
0.61824
0.808
1.0983
1.4546
1.8172
2.1217
2.3076
2.3383
2.2299
2.0621
1.8703
1.693
1.5232
1.3445
1.1323
0.92347
0.80556
0.79047
0.88767
1.0507
1.2077
1.2451
1.1042
0.81598
0.49145
0.26446
0.17421
0.20786
0.30058
0.43781
0.6001
0.75507
0.86837
0.91208
0.86455
0.74911
0.62142
0.51152
0.45971
0.50384
0.66577
0.88157
1.0031
0.97952
0.88914
0.70885
0.56513
0.53343
0.63285
0.78192
0.84056
0.83971
0.74177
0.55923
0.40837
0.33395
0.30346
0.3032
0.32365
0.3502
0.33072
0.30068
0.40825
0.65142
0.97828
1.3073
1.5624
1.697
1.6699
1.5147
1.2848
1.041
0.82614
0.81083
0.87704
0.92663
0.91985
0.86986
0.90239
0.9273
1.0022
1.1965
1.4966
1.8193
2.0083
1.9649
1.6977
1.345
0.99782
0.73289
0.55839
0.49012
0.5291
0.55445
0.51582
0.55646
0.7595
1.053
1.347
1.5726
1.6997
1.5988
1.2743
0.86635
0.52122
0.31491
0.27306
0.35165
0.45801
0.56714
0.82301
1.1613
1.4801
1.7463
1.9627
2.1108
2.031
1.7654
1.3907
0.99989
0.66557
0.41413
0.26843
0.20063
0.18131
0.25376
0.43849
0.77086
1.2097
1.6697
2.0542
2.2389
2.1806
1.9282
1.6471
1.3945
1.1992
1.0697
1.011
0.99566
1.0293
1.133
1.305
1.5295
1.7419
1.8722
1.7784
1.4876
1.144
0.8525
0.67042
0.59963
0.6166
0.6759
0.7292
0.77232
0.82552
0.89996
