0.9932
0.9929
0.9926
0.99229
0.99199
0.99169
0.99138
0.99108
0.99078
0.99048
0.99017
0.98987
0.98957
0.98927
0.98896
0.98866
0.98836
0.98806
0.98775
0.98745
0.98715
0.98685
0.98655
0.98625
0.98594
0.98564
0.98534
0.98504
0.98474
0.98444
0.98413
0.98383
0.98353
0.98323
0.98293
0.98263
0.98233
0.98203
0.98173
0.98143
0.98113
0.98083
0.98053
0.98023
0.97992
0.97962
0.97932
0.97902
0.97872
0.97843
0.97813
0.97783
0.97753
0.97723
0.97693
0.97663
0.97633
0.97603
0.97573
0.97543
0.97513
0.97483
0.97454
0.97424
0.97394
0.97364
0.97334
0.97304
0.97275
0.97245
0.97215
0.97185
0.97155
0.97126
0.97096
0.97066
0.97036
0.97007
0.96977
0.96947
0.96918
0.96888
0.96858
0.96829
0.96799
0.96769
0.9674
0.9671
0.9668
0.96651
0.96621
0.96592
0.96562
0.96532
0.96503
0.96473
0.96444
0.96414
0.96385
0.96355
0.96326
0.96296
0.96267
0.96237
0.96208
0.96178
0.96149
0.9612
0.9609
0.96061
0.96031
0.96002
0.95973
0.95943
0.95914
0.95885
0.95855
0.95826
0.95797
0.95768
0.95738
0.95709
0.9568
0.95651
0.95621
0.95592
0.95563
0.95534
0.95505
0.95475
0.95446
0.95417
0.95388
0.95359
0.9533
0.95301
0.95272
0.95243
0.95214
0.95185
0.95156
0.95127
0.95098
0.95069
0.9504
0.95011
0.94982
0.94953
0.94924
0.94895
0.94866
0.94837
0.94808
0.94779
0.94751
0.94722
0.94693
0.94664
0.94635
0.94607
0.94578
0.94549
0.9452
0.94492
0.94463
0.94434
0.94406
0.94377
0.94348
0.9432
0.94291
0.94263
0.94234
0.94205
0.94177
0.94148
0.9412
0.94091
0.94063
0.94034
0.94006
0.93977
0.93949
0.9392
0.93892
0.93864
0.93835
0.93807
0.93779
0.9375
0.93722
0.93694
0.93665
0.93637
0.93609
0.93581
0.93552
0.93524
0.93496
0.93468
0.9344
0.93411
0.93383
0.93355
0.93327
0.93299
0.93271
0.93243
0.93215
0.93187
0.93159
0.93131
0.93103
0.93075
0.93047
0.93019
0.92991
0.92963
0.92935
0.92907
0.92879
0.92852
0.92824
0.92796
0.92768
0.9274
0.92713
0.92685
0.92657
0.9263
0.92602
0.92574
0.92546
0.92519
0.92491
0.92464
0.92436
0.92408
0.92381
0.92353
0.92326
0.92298
0.92271
0.92243
0.92216
0.92189
0.92161
0.92134
0.92106
0.92079
0.92052
0.92024
0.91997
0.9197
0.91942
0.91915
0.91888
0.91861
0.91834
0.91806
0.91779
0.91752
0.91725
0.91698
0.91671
0.91644
0.91617
0.9159
0.91563
0.91536
0.91509
0.91482
0.91455
0.91428
0.91401
0.91374
0.91347
0.9132
0.91293
0.91267
0.9124
0.91213
0.91186
0.91159
0.91133
0.91106
0.91079
0.91053
0.91026
0.90999
0.90973
0.90946
0.9092
0.90893
0.90867
0.9084
0.90814
0.90787
0.90761
0.90734
0.90708
0.90681
0.90655
0.90629
0.90602
0.90576
0.9055
0.90523
0.90497
0.90471
0.90445
0.90419
0.90392
0.90366
0.9034
0.90314
0.90288
0.90262
0.90236
0.9021
0.90184
0.90158
0.90132
0.90106
0.9008
0.90054
0.90028
0.90002
0.89976
0.8995
0.89925
0.89899
0.89873
0.89847
0.89821
0.89796
0.8977
0.89744
0.89719
0.89693
0.89668
0.89642
0.89616
0.89591
0.89565
0.8954
0.89514
0.89489
0.89463
0.89438
0.89413
0.89387
0.89362
0.89337
0.89311
0.89286
0.89261
0.89235
0.8921
0.89185
0.8916
0.89135
0.89109
0.89084
0.89059
0.89034
0.89009
0.88984
0.88959
0.88934
0.88909
0.88884
0.88859
0.88834
0.88809
0.88785
0.8876
0.88735
0.8871
0.88685
0.88661
0.88636
0.88611
0.88587
0.88562
0.88537
0.88513
0.88488
0.88463
0.88439
0.88414
0.8839
0.88365
0.88341
0.88317
0.88292
0.88268
0.88243
0.88219
0.88195
0.8817
0.88146
0.88122
0.88098
0.88073
0.88049
0.88025
0.88001
0.87977
0.87953
0.87929
0.87905
0.87881
0.87857
0.87833
0.87809
0.87785
0.87761
0.87737
0.87713
0.87689
0.87665
0.87642
0.87618
0.87594
0.8757
0.87547
0.87523
0.87499
0.87476
0.87452
0.87429
0.87405
0.87381
0.87358
0.87334
0.87311
0.87288
0.87264
0.87241
0.87217
0.87194
0.87171
0.87147
0.87124
0.87101
0.87078
0.87054
0.87031
0.87008
0.86985
0.86962
0.86939
0.86916
0.86893
0.8687
0.86847
0.86824
0.86801
0.86778
0.86755
0.86732
0.86709
0.86687
0.86664
0.86641
0.86618
0.86596
0.86573
0.8655
0.86527
0.86505
0.86482
0.8646
0.86437
0.86415
0.86392
0.8637
0.86347
0.86325
0.86302
0.8628
0.86258
0.86235
0.86213
0.86191
0.86169
0.86146
0.86124
0.86102
0.8608
0.86058
0.86036
0.86014
0.85991
0.85969
0.85947
0.85925
0.85904
0.85882
0.8586
0.85838
0.85816
0.85794
0.85772
0.85751
0.85729
0.85707
0.85685
0.85664
0.85642
0.8562
0.85599
0.85577
0.85556
0.85534
0.85513
0.85491
0.8547
0.85448
0.85427
0.85406
0.85384
0.85363
0.85342
0.8532
0.85299
0.85278
0.85257
0.85236
0.85215
0.85193
0.85172
0.85151
0.8513
0.85109
0.85088
0.85067
0.85046
0.85026
0.85005
0.84984
0.84963
0.84942
0.84921
0.84901
0.8488
0.84859
0.84839
0.84818
0.84797
0.84777
0.84756
0.84736
0.84715
0.84695
0.84674
0.84654
0.84633
0.84613
0.84593
0.84572
0.84552
0.84532
0.84511
0.84491
0.84471
0.84451
0.84431
0.84411
0.8439
0.8437
0.8435
0.8433
0.8431
0.8429
0.8427
0.84251
0.84231
0.84211
0.84191
0.84171
0.84151
0.84132
0.84112
0.84092
0.84073
0.84053
0.84033
0.84014
0.83994
0.83975
0.83955
0.83936
0.83916
0.83897
0.83877
0.83858
0.83839
0.83819
0.838
0.83781
0.83762
0.83742
0.83723
0.83704
0.83685
0.83666
0.83647
0.83628
0.83609
0.8359
0.83571
0.83552
0.83533
0.83514
0.83495
0.83476
0.83457
0.83439
0.8342
0.83401
0.83382
0.83364
0.83345
0.83327
0.83308
0.83289
0.83271
0.83252
0.83234
0.83215
0.83197
0.83179
0.8316
0.83142
0.83124
0.83105
0.83087
0.83069
0.83051
0.83032
0.83014
0.82996
0.82978
0.8296
0.82942
0.82924
0.82906
0.82888
0.8287
0.82852
0.82834
0.82816
0.82798
0.82781
0.82763
0.82745
0.82727
0.8271
0.82692
0.82674
0.82657
0.82639
0.82622
0.82604
0.82587
0.82569
0.82552
0.82534
0.82517
0.825
0.82482
0.82465
0.82448
0.8243
0.82413
0.82396
0.82379
0.82362
0.82345
0.82327
0.8231
0.82293
0.82276
0.82259
0.82242
0.82226
0.82209
0.82192
0.82175
0.82158
0.82141
0.82125
0.82108
0.82091
0.82074
0.82058
0.82041
0.82025
0.82008
0.81992
0.81975
0.81959
0.81942
0.81926
0.81909
0.81893
0.81877
0.8186
0.81844
0.81828
0.81812
0.81795
0.81779
0.81763
0.81747
0.81731
0.81715
0.81699
0.81683
0.81667
0.81651
0.81635
0.81619
0.81603
0.81587
0.81571
0.81556
0.8154
0.81524
0.81508
0.81493
0.81477
0.81461
0.81446
0.8143
0.81415
0.81399
0.81384
0.81368
0.81353
0.81338
0.81322
0.81307
0.81292
0.81276
0.81261
0.81246
0.81231
0.81215
0.812
0.81185
0.8117
0.81155
0.8114
0.81125
0.8111
0.81095
0.8108
0.81065
0.8105
0.81035
0.81021
0.81006
0.80991
0.80976
0.80962
0.80947
0.80932
0.80918
0.80903
0.80889
0.80874
0.8086
0.80845
0.80831
0.80816
0.80802
0.80787
0.80773
0.80759
0.80745
0.8073
0.80716
0.80702
0.80688
0.80674
0.80659
0.80645
0.80631
0.80617
0.80603
0.80589
0.80575
0.80561
0.80548
0.80534
0.8052
0.80506
0.80492
0.80478
0.80465
0.80451
0.80437
0.80424
0.8041
0.80397
0.80383
0.80369
0.80356
0.80342
0.80329
0.80316
0.80302
0.80289
0.80275
0.80262
0.80249
0.80236
0.80222
0.80209
0.80196
0.80183
0.8017
0.80157
0.80144
0.80131
0.80118
0.80105
0.80092
0.80079
0.80066
0.80053
0.8004
0.80027
0.80015
0.80002
0.79989
0.79976
0.79964
0.79951
0.79938
0.79926
0.79913
0.79901
0.79888
0.79876
0.79863
0.79851
0.79838
0.79826
0.79814
0.79801
0.79789
0.79777
0.79765
0.79752
0.7974
0.79728
0.79716
0.79704
0.79692
0.7968
0.79668
0.79656
0.79644
0.79632
0.7962
0.79608
0.79596
0.79584
0.79573
0.79561
0.79549
0.79537
0.79526
0.79514
0.79503
0.79491
0.79479
0.79468
0.79456
0.79445
0.79433
0.79422
0.79411
0.79399
0.79388
0.79376
0.79365
0.79354
0.79343
0.79331
0.7932
0.79309
0.79298
0.79287
0.79276
0.79265
0.79254
0.79243
0.79232
0.79221
0.7921
0.79199
0.79188
0.79177
0.79166
0.79156
0.79145
0.79134
0.79123
0.79113
0.79102
0.79092
0.79081
0.7907
0.7906
0.79049
0.79039
0.79028
0.79018
0.79008
0.78997
0.78987
0.78977
0.78966
0.78956
0.78946
0.78935
0.78925
0.78915
0.78905
0.78895
0.78885
0.78875
0.78865
0.78855
0.78845
0.78835
0.78825
0.78815
0.78805
0.78795
0.78786
0.78776
0.78766
0.78756
0.78747
0.78737
0.78727
0.78718
0.78708
0.78698
0.78689
0.78679
0.7867
0.7866
0.78651
0.78642
0.78632
0.78623
0.78613
0.78604
0.78595
0.78586
0.78576
0.78567
0.78558
0.78549
0.7854
0.78531
0.78522
0.78513
0.78504
0.78495
0.78486
0.78477
0.78468
0.78459
0.7845
0.78441
0.78432
0.78424
0.78415
0.78406
0.78397
0.78389
0.7838
0.78372
0.78363
0.78354
0.78346
0.78337
0.78329
0.7832
0.78312
0.78304
0.78295
0.78287
0.78278
0.7827
0.78262
0.78254
0.78245
0.78237
0.78229
0.78221
0.78213
0.78205
0.78197
0.78188
0.7818
0.78172
0.78165
0.78157
0.78149
0.78141
0.78133
0.78125
0.78117
0.78109
0.78102
0.78094
0.78086
0.78079
0.78071
0.78063
0.78056
0.78048
0.7804
0.78033
0.78025
0.78018
0.78011
0.78003
0.77996
0.77988
0.77981
0.77974
0.77966
0.77959
0.77952
0.77945
0.77937
0.7793
0.77923
0.77916
0.77909
0.77902
0.77895
0.77888
0.77881
0.77874
0.77867
0.7786
0.77853
0.77846
0.77839
0.77832
0.77826
0.77819
0.77812
0.77805
0.77799
0.77792
0.77785
0.77779
0.77772
0.77765
0.77759
0.77752
0.77746
0.77739
0.77733
0.77727
0.7772
0.77714
0.77707
0.77701
0.77695
0.77688
0.77682
0.77676
0.7767
0.77664
0.77657
0.77651
0.77645
0.77639
0.77633
0.77627
0.77621
0.77615
0.77609
0.77603
0.77597
0.77591
0.77585
0.7758
0.77574
0.77568
0.77562
0.77557
0.77551
0.77545
0.77539
0.77534
0.77528
0.77523
0.77517
0.77511
0.77506
0.775
0.77495
0.7749
0.77484
0.77479
0.77473
0.77468
0.77463
0.77457
0.77452
0.77447
0.77442
0.77436
0.77431
0.77426
0.77421
0.77416
0.77411
0.77406
0.774
0.77395
0.7739
0.77385
0.77381
0.77376
0.77371
0.77366
0.77361
0.77356
0.77351
0.77347
0.77342
0.77337
0.77332
0.77328
0.77323
0.77318
0.77314
0.77309
0.77304
0.773
0.77295
0.77291
0.77286
0.77282
0.77277
0.77273
0.77269
0.77264
0.7726
0.77256
0.77251
0.77247
0.77243
0.77239
0.77234
0.7723
0.77226
0.77222
0.77218
0.77214
0.7721
0.77205
0.77201
0.77197
0.77193
0.77189
0.77186
0.77182
0.77178
0.77174
0.7717
0.77166
0.77162
0.77159
0.77155
0.77151
0.77147
0.77144
0.7714
0.77136
0.77133
0.77129
0.77126
0.77122
0.77118
0.77115
0.77111
0.77108
0.77105
0.77101
0.77098
0.77094
0.77091
0.77088
0.77084
0.77081
0.77078
0.77074
0.77071
0.77068
0.77065
0.77062
0.77059
0.77055
0.77052
0.77049
0.77046
0.77043
0.7704
0.77037
0.77034
0.77031
0.77028
0.77025
0.77022
0.7702
0.77017
0.77014
0.77011
0.77008
0.77006
0.77003
0.77
0.76997
0.76995
0.76992
0.76989
0.76987
0.76984
0.76982
0.76979
0.76977
0.76974
0.76972
0.76969
0.76967
0.76964
0.76962
0.7696
0.76957
0.76955
0.76953
0.7695
0.76948
0.76946
0.76943
0.76941
0.76939
0.76937
0.76935
0.76933
0.7693
0.76928
0.76926
0.76924
0.76922
0.7692
0.76918
0.76916
0.76914
0.76912
0.7691
0.76909
0.76907
0.76905
0.76903
0.76901
0.76899
0.76898
0.76896
0.76894
0.76892
0.76891
0.76889
0.76887
0.76886
0.76884
0.76883
0.76881
0.76879
0.76878
0.76876
0.76875
0.76873
0.76872
0.76871
0.76869
0.76868
0.76866
0.76865
0.76864
0.76862
0.76861
0.7686
0.76858
0.76857
0.76856
0.76855
0.76854
0.76852
0.76851
0.7685
0.76849
0.76848
0.76847
0.76846
0.76845
0.76844
0.76843
0.76842
0.76841
0.7684
0.76839
0.76838
0.76837
0.76836
0.76836
0.76835
0.76834
0.76833
0.76832
0.76832
0.76831
0.7683
0.76829
0.76829
0.76828
0.76827
0.76827
0.76826
0.76826
0.76825
0.76824
0.76824
0.76823
0.76823
0.76822
0.76822
0.76822
0.76821
0.76821
0.7682
0.7682
0.7682
0.76819
0.76819
0.76819
0.76818
0.76818
0.76818
0.76818
0.76817
0.76817
0.76817
0.76817
0.76817
0.76817
0.76817
0.76816
0.76816
0.76816
0.76816
0.76816
0.76816
0.76816
0.76816
0.76816
0.76816
0.76816
0.76817
0.76817
0.76817
0.76817
0.76817
0.76817
0.76818
0.76818
0.76818
0.76818
0.76818
0.76819
0.76819
0.76819
0.7682
0.7682
0.7682
0.76821
0.76821
0.76822
0.76822
0.76823
0.76823
0.76823
0.76824
0.76824
0.76825
0.76826
0.76826
0.76827
0.76827
0.76828
0.76829
0.76829
0.7683
0.76831
0.76831
0.76832
0.76833
0.76833
0.76834
0.76835
0.76836
0.76837
0.76837
0.76838
0.76839
0.7684
0.76841
0.76842
0.76843
0.76844
0.76844
0.76845
0.76846
0.76847
0.76848
0.76849
0.7685
0.76852
0.76853
0.76854
0.76855
0.76856
0.76857
0.76858
0.76859
0.7686
0.76862
0.76863
0.76864
0.76865
0.76867
0.76868
0.76869
0.7687
0.76872
0.76873
0.76874
0.76876
0.76877
0.76878
0.7688
0.76881
0.76883
0.76884
0.76886
0.76887
0.76889
0.7689
0.76892
0.76893
0.76895
0.76896
0.76898
0.76899
0.76901
0.76902
0.76904
0.76906
0.76907
0.76909
0.76911
0.76912
0.76914
0.76916
0.76918
0.76919
0.76921
0.76923
0.76925
0.76926
0.76928
0.7693
0.76932
0.76934
0.76936
0.76938
0.76939
0.76941
0.76943
0.76945
0.76947
0.76949
0.76951
0.76953
0.76955
0.76957
0.76959
0.76961
0.76963
0.76965
0.76967
0.7697
0.76972
0.76974
0.76976
0.76978
0.7698
0.76982
0.76985
0.76987
0.76989
0.76991
0.76993
0.76996
0.76998
0.77
0.77002
0.77005
0.77007
0.77009
0.77012
0.77014
0.77016
0.77019
0.77021
0.77024
0.77026
0.77028
0.77031
0.77033
0.77036
0.77038
0.77041
0.77043
0.77046
0.77048
0.77051
0.77053
0.77056
0.77058
0.77061
0.77064
0.77066
0.77069
0.77071
0.77074
0.77077
0.77079
0.77082
0.77085
0.77087
0.7709
0.77093
0.77095
0.77098
0.77101
0.77104
0.77106
0.77109
0.77112
0.77115
0.77118
0.7712
0.77123
0.77126
0.77129
0.77132
0.77135
0.77138
0.77141
0.77143
0.77146
0.77149
0.77152
0.77155
0.77158
0.77161
0.77164
0.77167
0.7717
0.77173
0.77176
0.77179
0.77182
0.77185
0.77188
0.77191
0.77195
0.77198
0.77201
0.77204
0.77207
0.7721
0.77213
0.77216
0.7722
0.77223
0.77226
0.77229
0.77232
0.77236
0.77239
0.77242
0.77245
0.77249
0.77252
0.77255
0.77258
0.77262
0.77265
0.77268
0.77272
0.77275
0.77278
0.77282
0.77285
0.77288
0.77292
0.77295
0.77299
0.77302
0.77305
0.77309
0.77312
0.77316
0.77319
0.77323
0.77326
0.7733
0.77333
0.77337
0.7734
0.77344
0.77347
0.77351
0.77354
0.77358
0.77361
0.77365
0.77368
0.77372
0.77376
0.77379
0.77383
0.77386
0.7739
0.77394
0.77397
0.77401
0.77405
0.77408
0.77412
0.77416
0.77419
0.77423
0.77427
0.7743
0.77434
0.77438
0.77442
0.77445
0.77449
0.77453
0.77457
0.7746
0.77464
0.77468
0.77472
0.77476
0.77479
0.77483
0.77487
0.77491
0.77495
0.77499
0.77503
0.77506
0.7751
0.77514
0.77518
0.77522
0.77526
0.7753
0.77534
0.77538
0.77542
0.77545
0.77549
0.77553
0.77557
0.77561
0.77565
0.77569
0.77573
0.77577
0.77581
0.77585
0.77589
0.77593
0.77597
0.77601
0.77605
0.77609
0.77614
0.77618
0.77622
0.77626
0.7763
0.77634
0.77638
0.77642
0.77646
0.7765
0.77654
0.77659
0.77663
0.77667
0.77671
0.77675
0.77679
0.77683
0.77688
0.77692
0.77696
0.777
0.77704
0.77709
0.77713
0.77717
0.77721
0.77725
0.7773
0.77734
0.77738
0.77742
0.77747
0.77751
0.77755
0.77759
0.77764
0.77768
0.77772
0.77777
0.77781
0.77785
0.77789
0.77794
0.77798
0.77802
0.77807
0.77811
0.77815
0.7782
0.77824
0.77828
0.77833
0.77837
0.77841
0.77846
0.7785
0.77855
0.77859
0.77863
0.77868
0.77872
0.77877
0.77881
0.77885
0.7789
0.77894
0.77899
0.77903
0.77908
0.77912
0.77916
0.77921
0.77925
0.7793
0.77934
0.77939
0.77943
0.77948
0.77952
0.77957
0.77961
0.77966
0.7797
0.77975
0.77979
0.77984
0.77988
0.77993
0.77997
0.78002
0.78006
0.78011
0.78015
0.7802
0.78024
0.78029
0.78034
0.78038
0.78043
0.78047
0.78052
0.78056
0.78061
0.78065
0.7807
0.78075
0.78079
0.78084
0.78088
0.78093
0.78098
0.78102
0.78107
0.78111
0.78116
0.78121
0.78125
0.7813
0.78135
0.78139
0.78144
0.78148
0.78153
0.78158
0.78162
0.78167
0.78172
0.78176
0.78181
0.78186
0.7819
0.78195
0.782
0.78204
0.78209
0.78214
0.78218
0.78223
0.78228
0.78232
0.78237
0.78242
0.78246
0.78251
0.78256
0.78261
0.78265
0.7827
0.78275
0.78279
0.78284
0.78289
0.78294
0.78298
0.78303
0.78308
0.78312
0.78317
0.78322
0.78327
0.78331
0.78336
0.78341
0.78346
0.7835
0.78355
0.7836
0.78365
0.78369
0.78374
0.78379
0.78384
0.78388
0.78393
0.78398
0.78403
0.78407
0.78412
0.78417
0.78422
0.78426
0.78431
0.78436
0.78441
0.78445
0.7845
0.78455
0.7846
0.78465
0.78469
0.78474
0.78479
0.78484
0.78488
0.78493
0.78498
0.78503
0.78508
0.78512
0.78517
0.78522
0.78527
0.78532
0.78536
0.78541
0.78546
0.78551
0.78556
0.7856
0.78565
0.7857
0.78575
0.7858
0.78584
0.78589
0.78594
0.78599
0.78604
0.78608
0.78613
0.78618
0.78623
0.78628
0.78633
0.78637
0.78642
0.78647
0.78652
0.78657
0.78661
0.78666
0.78671
0.78676
0.78681
0.78685
0.7869
0.78695
0.787
0.78705
0.7871
0.78714
0.78719
0.78724
0.78729
0.78734
0.78738
0.78743
0.78748
0.78753
0.78758
0.78762
0.78767
0.78772
0.78777
0.78782
0.78787
0.78791
0.78796
0.78801
0.78806
0.78811
0.78815
0.7882
0.78825
0.7883
0.78835
0.78839
0.78844
0.78849
0.78854
0.78859
0.78864
0.78868
0.78873
0.78878
0.78883
0.78888
0.78892
0.78897
0.78902
0.78907
0.78912
0.78916
0.78921
0.78926
0.78931
0.78936
0.7894
0.78945
0.7895
0.78955
0.7896
0.78964
0.78969
0.78974
0.78979
0.78983
0.78988
0.78993
0.78998
0.79003
0.79007
0.79012
0.79017
0.79022
0.79027
0.79031
0.79036
0.79041
0.79046
0.7905
0.79055
0.7906
0.79065
0.79069
0.79074
0.79079
0.79084
0.79088
0.79093
0.79098
0.79103
0.79108
0.79112
0.79117
0.79122
0.79127
0.79131
0.79136
0.79141
0.79145
0.7915
0.79155
0.7916
0.79164
0.79169
0.79174
0.79179
0.79183
0.79188
0.79193
0.79198
0.79202
0.79207
0.79212
0.79216
0.79221
0.79226
0.79231
0.79235
0.7924
0.79245
0.79249
0.79254
0.79259
0.79263
0.79268
0.79273
0.79277
0.79282
0.79287
0.79292
0.79296
0.79301
0.79306
0.7931
0.79315
0.7932
0.79324
0.79329
0.79334
0.79338
0.79343
0.79348
0.79352
0.79357
0.79361
0.79366
0.79371
0.79375
0.7938
0.79385
0.79389
0.79394
0.79399
0.79403
0.79408
0.79412
0.79417
0.79422
0.79426
0.79431
0.79436
0.7944
0.79445
0.79449
0.79454
0.79459
0.79463
0.79468
0.79472
0.79477
0.79481
0.79486
0.79491
0.79495
0.795
0.79504
0.79509
0.79513
0.79518
0.79523
0.79527
0.79532
0.79536
0.79541
0.79545
0.7955
0.79554
0.79559
0.79563
0.79568
0.79572
0.79577
0.79582
0.79586
0.79591
0.79595
0.796
0.79604
0.79609
0.79613
0.79618
0.79622
0.79627
0.79631
0.79635
0.7964
0.79644
0.79649
0.79653
0.79658
0.79662
0.79667
0.79671
0.79676
0.7968
0.79685
0.79689
0.79693
0.79698
0.79702
0.79707
0.79711
0.79716
0.7972
0.79724
0.79729
0.79733
0.79738
0.79742
0.79746
0.79751
0.79755
0.7976
0.79764
0.79768
0.79773
0.79777
0.79782
0.79786
0.7979
0.79795
0.79799
0.79803
0.79808
0.79812
0.79816
0.79821
0.79825
0.79829
0.79834
0.79838
0.79842
0.79847
0.79851
0.79855
0.7986
0.79864
0.79868
0.79873
0.79877
0.79881
0.79886
0.7989
0.79894
0.79898
0.79903
0.79907
0.79911
0.79915
0.7992
0.79924
0.79928
0.79932
0.79937
0.79941
0.79945
0.79949
0.79954
0.79958
0.79962
0.79966
0.79971
0.79975
0.79979
0.79983
0.79987
0.79992
0.79996
0.8
0.80004
0.80008
0.80012
0.80017
0.80021
0.80025
0.80029
0.80033
0.80037
0.80042
0.80046
0.8005
0.80054
0.80058
0.80062
0.80066
0.80071
0.80075
0.80079
0.80083
0.80087
0.80091
0.80095
0.80099
0.80103
0.80108
0.80112
0.80116
0.8012
0.80124
0.80128
0.80132
0.80136
0.8014
0.80144
0.80148
0.80152
0.80156
0.8016
0.80164
0.80169
0.80173
0.80177
0.80181
0.80185
0.80189
0.80193
0.80197
0.80201
0.80205
0.80209
0.80213
0.80217
0.80221
0.80225
0.80229
0.80233
0.80237
0.8024
0.80244
0.80248
0.80252
0.80256
0.8026
0.80264
0.80268
0.80272
0.80276
0.8028
0.80284
0.80288
0.80292
0.80296
0.80299
0.80303
0.80307
0.80311
0.80315
0.80319
0.80323
0.80327
0.80331
0.80334
0.80338
0.80342
0.80346
0.8035
0.80354
0.80358
0.80361
0.80365
0.80369
0.80373
0.80377
0.80381
0.80384
0.80388
0.80392
0.80396
0.804
0.80404
0.80407
0.80411
0.80415
0.80419
0.80423
0.80426
0.8043
0.80434
0.80438
0.80441
0.80445
0.80449
0.80453
0.80456
0.8046
0.80464
0.80468
0.80471
0.80475
0.80479
0.80483
0.80486
0.8049
0.80494
0.80497
0.80501
0.80505
0.80508
0.80512
0.80516
0.8052
0.80523
0.80527
0.80531
0.80534
0.80538
0.80542
0.80545
0.80549
0.80553
0.80556
0.8056
0.80564
0.80567
0.80571
0.80574
0.80578
0.80582
0.80585
0.80589
0.80593
0.80596
0.806
0.80603
0.80607
0.80611
0.80614
0.80618
0.80621
0.80625
0.80628
0.80632
0.80636
0.80639
0.80643
0.80646
0.8065
0.80653
0.80657
0.80661
0.80664
0.80668
0.80671
0.80675
0.80678
0.80682
0.80685
0.80689
0.80692
0.80696
0.80699
0.80703
0.80706
0.8071
0.80713
0.80717
0.8072
0.80724
0.80727
0.80731
0.80734
0.80738
0.80741
0.80745
0.80748
0.80752
0.80755
0.80758
0.80762
0.80765
0.80769
0.80772
0.80776
0.80779
0.80783
0.80786
0.80789
0.80793
0.80796
0.808
0.80803
0.80806
0.8081
0.80813
0.80817
0.8082
0.80823
0.80827
0.8083
0.80834
0.80837
0.8084
0.80844
0.80847
0.8085
0.80854
0.80857
0.80861
0.80864
0.80867
0.80871
0.80874
0.80877
0.80881
0.80884
0.80887
0.80891
0.80894
0.80897
0.80901
0.80904
0.80907
0.80911
0.80914
0.80917
0.80921
0.80924
0.80927
0.8093
0.80934
0.80937
0.8094
0.80944
0.80947
0.8095
0.80954
0.80957
0.8096
0.80963
0.80967
0.8097
0.80973
0.80976
0.8098
0.80983
0.80986
0.80989
0.80993
0.80996
0.80999
0.81002
0.81006
0.81009
0.81012
0.81015
0.81019
0.81022
0.81025
0.81028
0.81032
0.81035
0.81038
0.81041
0.81044
0.81048
0.81051
0.81054
0.81057
0.81061
0.81064
0.81067
0.8107
0.81073
0.81077
0.8108
0.81083
0.81086
0.81089
0.81092
0.81096
0.81099
0.81102
0.81105
0.81108
0.81112
0.81115
0.81118
0.81121
0.81124
0.81127
0.81131
0.81134
0.81137
0.8114
0.81143
0.81146
0.8115
0.81153
0.81156
0.81159
0.81162
0.81165
0.81168
0.81172
0.81175
0.81178
0.81181
0.81184
0.81187
0.8119
0.81194
0.81197
0.812
0.81203
0.81206
0.81209
0.81212
0.81215
0.81219
0.81222
0.81225
0.81228
0.81231
0.81234
0.81237
0.8124
0.81243
0.81247
0.8125
0.81253
0.81256
0.81259
0.81262
0.81265
0.81268
0.81271
0.81275
0.81278
0.81281
0.81284
0.81287
0.8129
0.81293
0.81296
0.81299
0.81302
0.81305
0.81309
0.81312
0.81315
0.81318
0.81321
0.81324
0.81327
0.8133
0.81333
0.81336
0.81339
0.81343
0.81346
0.81349
0.81352
0.81355
0.81358
0.81361
0.81364
0.81367
0.8137
0.81373
0.81376
0.8138
0.81383
0.81386
0.81389
0.81392
0.81395
0.81398
0.81401
0.81404
0.81407
0.8141
0.81413
0.81417
0.8142
0.81423
0.81426
0.81429
0.81432
0.81435
0.81438
0.81441
0.81444
0.81447
0.8145
0.81453
0.81457
0.8146
0.81463
0.81466
0.81469
0.81472
0.81475
0.81478
0.81481
0.81484
0.81487
0.81491
0.81494
0.81497
0.815
0.81503
0.81506
0.81509
0.81512
0.81515
0.81518
0.81521
0.81525
0.81528
0.81531
0.81534
0.81537
0.8154
0.81543
0.81546
0.81549
0.81552
0.81555
0.81559
0.81562
0.81565
0.81568
0.81571
0.81574
0.81577
0.8158
0.81583
0.81587
0.8159
0.81593
0.81596
0.81599
0.81602
0.81605
0.81608
0.81612
0.81615
0.81618
0.81621
0.81624
0.81627
0.8163
0.81633
0.81637
0.8164
0.81643
0.81646
0.81649
0.81652
0.81655
0.81659
0.81662
0.81665
0.81668
0.81671
0.81674
0.81678
0.81681
0.81684
0.81687
0.8169
0.81693
0.81697
0.817
0.81703
0.81706
0.81709
0.81712
0.81716
0.81719
0.81722
0.81725
0.81728
0.81732
0.81735
0.81738
0.81741
0.81744
0.81748
0.81751
0.81754
0.81757
0.8176
0.81764
0.81767
0.8177
0.81773
0.81777
0.8178
0.81783
0.81786
0.8179
0.81793
0.81796
0.81799
0.81803
0.81806
0.81809
0.81812
0.81816
0.81819
0.81822
0.81825
0.81829
0.81832
0.81835
0.81839
0.81842
0.81845
0.81849
0.81852
0.81855
0.81858
0.81862
0.81865
0.81868
0.81872
0.81875
0.81878
0.81882
0.81885
0.81888
0.81892
0.81895
0.81898
0.81902
0.81905
0.81909
0.81912
0.81915
0.81919
0.81922
0.81925
0.81929
0.81932
0.81936
0.81939
0.81942
0.81946
0.81949
0.81953
0.81956
0.8196
0.81963
0.81966
0.8197
0.81973
0.81977
0.8198
0.81984
0.81987
0.81991
0.81994
0.81998
0.82001
0.82004
0.82008
0.82011
0.82015
0.82018
0.82022
0.82025
0.82029
0.82033
0.82036
0.8204
0.82043
0.82047
0.8205
0.82054
0.82057
0.82061
0.82064
0.82068
0.82072
0.82075
0.82079
0.82082
0.82086
0.8209
0.82093
0.82097
0.821
0.82104
0.82108
0.82111
0.82115
0.82119
0.82122
0.82126
0.8213
0.82133
0.82137
0.82141
0.82144
0.82148
0.82152
0.82155
0.82159
0.82163
0.82167
0.8217
0.82174
0.82178
0.82181
0.82185
0.82189
0.82193
0.82196
0.822
0.82204
0.82208
0.82212
0.82215
0.82219
0.82223
0.82227
0.82231
0.82235
0.82238
0.82242
0.82246
0.8225
0.82254
0.82258
0.82262
0.82265
0.82269
0.82273
0.82277
0.82281
0.82285
0.82289
0.82293
0.82297
0.82301
0.82305
0.82309
0.82313
0.82317
0.82321
0.82325
0.82329
0.82333
0.82337
0.82341
0.82345
0.82349
0.82353
0.82357
0.82361
0.82365
0.82369
0.82373
0.82377
0.82381
0.82385
0.82389
0.82393
0.82398
0.82402
0.82406
0.8241
0.82414
0.82418
0.82422
0.82427
0.82431
0.82435
0.82439
0.82443
0.82448
0.82452
0.82456
0.8246
0.82465
0.82469
0.82473
0.82477
0.82482
0.82486
0.8249
0.82495
0.82499
0.82503
0.82508
0.82512
0.82516
0.82521
0.82525
0.82529
0.82534
0.82538
0.82542
0.82547
0.82551
0.82556
0.8256
0.82565
0.82569
0.82574
0.82578
0.82582
0.82587
0.82591
0.82596
0.826
0.82605
0.8261
0.82614
0.82619
0.82623
0.82628
0.82632
0.82637
0.82642
0.82646
0.82651
0.82655
0.8266
0.82665
0.82669
0.82674
0.82679
0.82683
0.82688
0.82693
0.82697
0.82702
0.82707
0.82712
0.82716
0.82721
0.82726
0.82731
0.82735
0.8274
0.82745
0.8275
0.82755
0.8276
0.82764
0.82769
0.82774
0.82779
0.82784
0.82789
0.82794
0.82799
0.82804
0.82809
0.82813
0.82818
0.82823
0.82828
0.82833
0.82838
0.82843
0.82848
0.82853
0.82859
0.82864
0.82869
0.82874
0.82879
0.82884
0.82889
0.82894
0.82899
0.82904
0.8291
0.82915
0.8292
0.82925
0.8293
0.82936
0.82941
0.82946
0.82951
0.82957
0.82962
0.82967
0.82972
0.82978
0.82983
0.82988
0.82994
0.82999
0.83004
0.8301
0.83015
0.83021
0.83026
0.83031
0.83037
0.83042
0.83048
0.83053
0.83059
0.83064
0.8307
0.83075
0.83081
0.83086
0.83092
0.83097
0.83103
0.83108
0.83114
0.8312
0.83125
0.83131
0.83137
0.83142
0.83148
0.83154
0.83159
0.83165
0.83171
0.83176
0.83182
0.83188
0.83194
0.83199
0.83205
0.83211
0.83217
0.83223
0.83229
0.83234
0.8324
0.83246
0.83252
0.83258
0.83264
0.8327
0.83276
0.83282
0.83288
0.83294
0.833
0.83306
0.83312
0.83318
0.83324
0.8333
0.83336
0.83342
0.83348
0.83354
0.8336
0.83367
0.83373
0.83379
0.83385
0.83391
0.83397
0.83404
0.8341
0.83416
0.83422
0.83429
0.83435
0.83441
0.83448
0.83454
0.8346
0.83467
0.83473
0.83479
0.83486
0.83492
0.83499
0.83505
0.83512
0.83518
0.83525
0.83531
0.83538
0.83544
0.83551
0.83557
0.83564
0.8357
0.83577
0.83584
0.8359
0.83597
0.83604
0.8361
0.83617
0.83624
0.8363
0.83637
0.83644
0.83651
0.83657
0.83664
0.83671
0.83678
0.83685
0.83692
0.83698
0.83705
0.83712
0.83719
0.83726
0.83733
0.8374
0.83747
0.83754
0.83761
0.83768
0.83775
0.83782
0.83789
0.83796
0.83803
0.8381
0.83817
0.83825
0.83832
0.83839
0.83846
0.83853
0.8386
0.83868
0.83875
0.83882
0.83889
0.83897
0.83904
0.83911
0.83919
0.83926
0.83933
0.83941
0.83948
0.83956
0.83963
0.8397
0.83978
0.83985
0.83993
0.84
0.84008
0.84016
0.84023
0.84031
0.84038
0.84046
0.84053
0.84061
0.84069
0.84076
0.84084
0.84092
0.841
0.84107
0.84115
0.84123
0.84131
0.84138
0.84146
0.84154
0.84162
0.8417
0.84178
0.84186
0.84193
0.84201
0.84209
0.84217
0.84225
0.84233
0.84241
0.84249
0.84257
0.84265
0.84274
0.84282
0.8429
0.84298
0.84306
0.84314
0.84322
0.84331
0.84339
0.84347
0.84355
0.84364
0.84372
0.8438
0.84389
0.84397
0.84405
0.84414
0.84422
0.8443
0.84439
0.84447
0.84456
0.84464
0.84473
0.84481
0.8449
0.84498
0.84507
0.84516
0.84524
0.84533
0.84541
0.8455
0.84559
0.84567
0.84576
0.84585
0.84594
0.84602
0.84611
0.8462
0.84629
0.84638
0.84646
0.84655
0.84664
0.84673
0.84682
0.84691
0.847
0.84709
0.84718
0.84727
0.84736
0.84745
0.84754
0.84763
0.84772
0.84781
0.8479
0.848
0.84809
0.84818
0.84827
0.84836
0.84846
0.84855
0.84864
0.84874
0.84883
0.84892
0.84902
0.84911
0.8492
0.8493
0.84939
0.84949
0.84958
0.84968
0.84977
0.84987
0.84996
0.85006
0.85015
0.85025
0.85035
0.85044
0.85054
0.85064
0.85073
0.85083
0.85093
0.85103
0.85112
0.85122
0.85132
0.85142
0.85152
0.85161
0.85171
0.85181
0.85191
0.85201
0.85211
0.85221
0.85231
0.85241
0.85251
0.85261
0.85271
0.85281
0.85292
0.85302
0.85312
0.85322
0.85332
0.85342
0.85353
0.85363
0.85373
0.85384
0.85394
0.85404
0.85415
0.85425
0.85435
0.85446
0.85456
0.85467
0.85477
0.85488
0.85498
0.85509
0.85519
0.8553
0.8554
0.85551
0.85562
0.85572
0.85583
0.85594
0.85604
0.85615
0.85626
0.85637
0.85647
0.85658
0.85669
0.8568
0.85691
0.85702
0.85713
0.85723
0.85734
0.85745
0.85756
0.85767
0.85778
0.8579
0.85801
0.85812
0.85823
0.85834
0.85845
0.85856
0.85867
0.85879
0.8589
0.85901
0.85912
0.85924
0.85935
0.85946
0.85958
0.85969
0.85981
0.85992
0.86003
0.86015
0.86026
0.86038
0.86049
0.86061
0.86073
0.86084
0.86096
0.86107
0.86119
0.86131
0.86142
0.86154
0.86166
0.86178
0.86189
0.86201
0.86213
0.86225
0.86237
0.86249
0.8626
0.86272
0.86284
0.86296
0.86308
0.8632
0.86332
0.86344
0.86356
0.86368
0.86381
0.86393
0.86405
0.86417
0.86429
0.86441
0.86454
0.86466
0.86478
0.86491
0.86503
0.86515
0.86528
0.8654
0.86552
0.86565
0.86577
0.8659
0.86602
0.86615
0.86627
0.8664
0.86652
0.86665
0.86678
0.8669
0.86703
0.86716
0.86728
0.86741
0.86754
0.86767
0.86779
0.86792
0.86805
0.86818
0.86831
0.86844
0.86857
0.8687
0.86883
0.86896
0.86909
0.86922
0.86935
0.86948
0.86961
0.86974
0.86987
0.87
0.87013
0.87027
0.8704
0.87053
0.87066
0.8708
0.87093
0.87106
0.8712
0.87133
0.87146
0.8716
0.87173
0.87187
0.872
0.87214
0.87227
0.87241
0.87254
0.87268
0.87282
0.87295
0.87309
0.87323
0.87336
0.8735
0.87364
0.87378
0.87391
0.87405
0.87419
0.87433
0.87447
0.87461
0.87475
0.87489
0.87503
0.87517
0.87531
0.87545
0.87559
0.87573
0.87587
0.87601
0.87615
0.87629
0.87643
0.87658
0.87672
0.87686
0.877
0.87715
0.87729
0.87743
0.87758
0.87772
0.87787
0.87801
0.87816
0.8783
0.87845
0.87859
0.87874
0.87888
0.87903
0.87917
0.87932
0.87947
0.87961
0.87976
0.87991
0.88006
0.8802
0.88035
0.8805
0.88065
0.8808
0.88095
0.88109
0.88124
0.88139
0.88154
0.88169
0.88184
0.88199
0.88214
0.8823
0.88245
0.8826
0.88275
0.8829
0.88305
0.88321
0.88336
0.88351
0.88366
0.88382
0.88397
0.88412
0.88428
0.88443
0.88459
0.88474
0.88489
0.88505
0.88521
0.88536
0.88552
0.88567
0.88583
0.88598
0.88614
0.8863
0.88645
0.88661
0.88677
0.88693
0.88708
0.88724
0.8874
0.88756
0.88772
0.88788
0.88804
0.8882
0.88836
0.88852
0.88868
0.88884
0.889
0.88916
0.88932
0.88948
0.88964
0.8898
0.88996
0.89013
0.89029
0.89045
0.89061
0.89078
0.89094
0.8911
0.89127
0.89143
0.8916
0.89176
0.89193
0.89209
0.89226
0.89242
0.89259
0.89275
0.89292
0.89308
0.89325
0.89342
0.89358
0.89375
0.89392
0.89409
0.89425
0.89442
0.89459
0.89476
0.89493
0.8951
0.89527
0.89544
0.89561
0.89578
0.89595
0.89612
0.89629
0.89646
0.89663
0.8968
0.89697
0.89714
0.89731
0.89749
0.89766
0.89783
0.898
0.89818
0.89835
0.89852
0.8987
0.89887
0.89905
0.89922
0.89939
0.89957
0.89974
0.89992
0.90009
0.90027
0.90045
0.90062
0.9008
0.90098
0.90115
0.90133
0.90151
0.90168
0.90186
0.90204
0.90222
0.9024
0.90258
0.90275
0.90293
0.90311
0.90329
0.90347
0.90365
0.90383
0.90401
0.90419
0.90437
0.90456
0.90474
0.90492
0.9051
0.90528
0.90546
0.90565
0.90583
0.90601
0.9062
0.90638
0.90656
0.90675
0.90693
0.90712
0.9073
0.90748
0.90767
0.90785
0.90804
0.90823
0.90841
0.9086
0.90878
0.90897
0.90916
0.90934
0.90953
0.90972
0.90991
0.91009
0.91028
0.91047
0.91066
0.91085
0.91104
0.91123
0.91142
0.9116
0.91179
0.91198
0.91217
0.91237
0.91256
0.91275
0.91294
0.91313
0.91332
0.91351
0.91371
0.9139
0.91409
0.91428
0.91448
0.91467
0.91486
0.91506
0.91525
0.91544
0.91564
0.91583
0.91603
0.91622
0.91642
0.91661
0.91681
0.917
0.9172
0.9174
0.91759
0.91779
0.91799
0.91818
0.91838
0.91858
0.91878
0.91897
0.91917
0.91937
0.91957
0.91977
0.91997
0.92017
0.92037
0.92057
0.92077
0.92097
0.92117
0.92137
0.92157
0.92177
0.92197
0.92217
0.92237
0.92257
0.92278
0.92298
0.92318
0.92338
0.92359
0.92379
0.92399
0.9242
0.9244
0.92461
0.92481
0.92501
0.92522
0.92542
0.92563
0.92583
0.92604
0.92625
0.92645
0.92666
0.92686
0.92707
0.92728
0.92748
0.92769
0.9279
0.92811
0.92831
0.92852
0.92873
0.92894
0.92915
0.92936
0.92957
0.92978
0.92998
0.93019
0.9304
0.93061
0.93083
0.93104
0.93125
0.93146
0.93167
0.93188
0.93209
0.9323
0.93252
0.93273
0.93294
0.93315
0.93337
0.93358
0.93379
0.93401
0.93422
0.93443
0.93465
0.93486
0.93508
0.93529
0.93551
0.93572
0.93594
0.93615
0.93637
0.93658
0.9368
0.93702
0.93723
0.93745
0.93767
0.93788
0.9381
0.93832
0.93854
0.93876
0.93897
0.93919
0.93941
0.93963
0.93985
0.94007
0.94029
0.94051
0.94073
0.94095
0.94117
0.94139
0.94161
0.94183
0.94205
0.94227
0.94249
0.94271
0.94294
0.94316
0.94338
0.9436
0.94383
0.94405
0.94427
0.94449
0.94472
0.94494
0.94517
0.94539
0.94561
0.94584
0.94606
0.94629
0.94651
0.94674
0.94696
0.94719
0.94741
0.94764
0.94787
0.94809
0.94832
0.94855
0.94877
0.949
0.94923
0.94945
0.94968
0.94991
0.95014
0.95037
0.9506
0.95082
0.95105
0.95128
0.95151
0.95174
0.95197
0.9522
0.95243
0.95266
0.95289
0.95312
0.95335
0.95358
0.95381
0.95404
0.95428
0.95451
0.95474
0.95497
0.9552
0.95544
0.95567
0.9559
0.95613
0.95637
0.9566
0.95683
0.95707
0.9573
0.95754
0.95777
0.95801
0.95824
0.95847
0.95871
0.95894
0.95918
0.95942
0.95965
0.95989
0.96012
0.96036
0.9606
0.96083
0.96107
0.96131
0.96154
0.96178
0.96202
0.96226
0.96249
0.96273
0.96297
0.96321
0.96345
0.96369
0.96392
0.96416
0.9644
0.96464
0.96488
0.96512
0.96536
0.9656
0.96584
0.96608
0.96632
0.96656
0.96681
0.96705
0.96729
0.96753
0.96777
0.96801
0.96825
0.9685
0.96874
0.96898
0.96922
0.96947
0.96971
0.96995
0.9702
0.97044
0.97068
0.97093
0.97117
0.97142
0.97166
0.97191
0.97215
0.97239
0.97264
0.97288
0.97313
0.97338
0.97362
0.97387
0.97411
0.97436
0.97461
0.97485
0.9751
0.97535
0.97559
0.97584
0.97609
0.97633
0.97658
0.97683
0.97708
0.97733
0.97757
0.97782
0.97807
0.97832
0.97857
0.97882
0.97907
0.97932
0.97957
0.97982
0.98007
0.98032
0.98057
0.98082
0.98107
0.98132
0.98157
0.98182
0.98207
0.98232
0.98257
0.98282
0.98307
0.98333
0.98358
0.98383
0.98408
0.98434
0.98459
