1.0723
1.0723
1.0723
1.0723
1.0723
1.0723
1.0723
1.0723
1.0723
1.0723
1.0723
1.0723
1.0723
1.0723
1.0723
1.0723
1.0723
1.0724
1.0724
1.0725
1.0725
1.0725
1.0725
1.0724
1.0724
1.0723
1.0723
1.0723
1.0723
1.0723
1.0723
1.0723
1.0723
1.0724
1.0724
1.0724
1.0724
1.0724
1.0724
1.0724
1.0724
1.0724
1.0724
1.0724
1.0369
0.97228
0.92361
0.89759
0.89759
0.92361
0.97227
1.0369
1.0723
1.0723
1.0723
1.0723
1.0723
1.0723
1.0723
1.0723
1.0723
1.0723
1.0723
1.0723
1.0723
1.0723
1.0723
1.0723
1.0723
1.0723
1.0723
1.0723
1.0723
1.0723
1.0723
1.0723
1.0723
1.0724
1.0724
1.0724
1.0724
1.0724
1.0724
1.0724
1.0724
1.0724
1.0723
1.0723
1.0369
0.97228
0.92363
0.8976
0.8976
0.92363
0.97232
1.037
1.0724
1.0725
1.0725
1.0725
1.0725
1.0724
1.0724
1.0724
1.0724
1.0723
1.0723
1.0723
1.0723
1.0723
1.0723
1.0723
1.0723
1.0723
1.0723
1.0723
1.0724
1.0724
1.0725
1.0725
1.0725
1.0725
1.0724
1.0724
1.0723
1.0723
1.0723
1.0723
1.0723
1.0723
1.0723
1.0723
1.0369
0.97228
0.92363
0.89764
0.89767
0.92372
0.9724
1.037
1.0724
1.0724
1.0724
1.0723
1.0723
1.0724
1.0724
1.0725
1.0726
1.0726
1.0726
1.0726
1.0726
1.0726
1.0725
1.0725
1.0724
1.0724
1.0723
1.0723
1.0723
1.0723
1.0723
1.0724
1.0725
1.0726
1.0727
1.0727
1.0727
1.0727
1.0726
1.0726
1.0725
1.0725
1.0725
1.0725
1.037
0.97235
0.9237
0.89772
0.89777
0.92381
0.97245
1.037
1.0724
1.0725
1.0726
1.0726
1.0727
1.0726
1.0725
1.0724
1.0724
1.0724
1.0723
1.0723
1.0723
1.0723
1.0723
1.0723
1.0723
1.0723
1.0723
1.0723
1.0723
1.0723
1.0724
1.0724
1.0725
1.0725
1.0726
1.0726
1.0725
1.0725
1.0724
1.0724
1.0723
1.0723
1.0723
1.0723
1.0369
0.97229
0.92364
0.89762
0.89763
0.92366
0.97233
1.037
1.0724
1.0724
1.0724
1.0725
1.0725
1.0725
1.0724
1.0724
1.0724
1.0723
1.0723
1.0723
1.0723
1.0723
1.0723
1.0723
1.0723
1.0723
1.0724
1.0724
1.0725
1.0725
1.0726
1.0726
1.0725
1.0725
1.0724
1.0723
1.0723
1.0723
1.0723
1.0723
1.0723
1.0723
1.0723
1.0723
1.0369
0.97233
0.92367
0.89764
0.89762
0.92363
0.97229
1.0369
1.0723
1.0723
1.0723
1.0723
1.0724
1.0724
1.0724
1.0724
1.0724
1.0724
1.0724
1.0724
1.0725
1.0725
1.0724
1.0724
1.0724
1.0724
1.0723
1.0723
1.0723
1.0723
1.0723
1.0723
1.0723
1.0723
1.0723
1.0723
1.0723
1.0723
1.0723
1.0724
1.0724
1.0724
1.0723
1.0723
1.0369
0.97228
0.92362
0.89759
0.8976
0.92362
0.9723
1.0369
1.0724
1.0724
1.0724
1.0723
1.0723
1.0723
1.0723
1.0723
1.0723
1.0723
1.0723
1.0723
1.0724
1.0724
1.0725
1.0725
1.0725
1.0726
1.0726
1.0725
1.0724
1.0724
1.0723
1.0723
1.0723
1.0723
1.0723
1.0723
1.0724
1.0724
1.0724
1.0724
1.0725
1.0725
1.0726
1.0726
1.0371
0.97241
0.92368
0.89762
0.8976
0.92362
0.97227
1.0369
1.0723
1.0723
1.0723
1.0723
1.0723
1.0723
1.0723
1.0723
1.0723
1.0723
1.0723
1.0723
1.0723
1.0723
1.0723
1.0723
1.0723
1.0724
1.0724
1.0725
1.0725
1.0725
1.0724
1.0724
1.0723
1.0723
1.0723
1.0723
1.0723
1.0723
1.0723
1.0723
1.0723
1.0723
1.0723
1.0723
1.0369
0.97229
0.92364
0.89764
0.89767
0.92372
0.9724
1.037
1.0724
1.0724
1.0723
1.0723
1.0723
1.0723
1.0723
1.0723
1.0723
1.0723
1.0723
1.0724
1.0725
1.0725
1.0725
1.0725
1.0724
1.0724
1.0723
1.0723
1.0724
1.0724
1.0724
1.0723
1.0723
1.0723
1.0723
1.0723
1.0723
1.0723
1.0723
1.0724
1.0724
1.0725
1.0725
1.0724
1.037
0.97231
0.92364
0.89763
0.89764
0.92369
0.97239
1.0371
1.0725
1.0725
1.0725
1.0724
1.0724
1.0724
1.0724
1.0724
1.0724
1.0724
1.0723
1.0723
1.0723
1.0723
1.0723
1.0724
1.0724
1.0724
1.0724
1.0723
1.0723
1.0723
1.0723
1.0723
1.0724
1.0724
1.0724
1.0724
1.0723
1.0723
1.0723
1.0724
1.0724
1.0724
1.0724
1.0724
1.037
0.97232
0.92364
0.89761
0.8976
0.92362
0.9723
1.037
1.0724
1.0725
1.0726
1.0726
1.0725
1.0725
1.0724
1.0724
1.0725
1.0726
1.0726
1.0726
1.0726
1.0725
1.0724
1.0723
1.0723
1.0723
1.0723
1.0723
1.0723
1.0723
1.0723
1.0723
1.0723
1.0723
1.0724
1.0724
1.0724
1.0724
1.0724
1.0724
1.0723
1.0723
1.0723
1.0723
1.0369
0.97228
0.92363
0.89761
0.89762
0.92364
0.9723
1.0369
1.0724
1.0724
1.0725
1.0725
1.0725
1.0725
1.0725
1.0725
1.0725
1.0725
1.0724
1.0724
1.0723
1.0723
1.0723
1.0723
1.0724
1.0724
1.0723
1.0723
1.0723
1.0723
1.0724
1.0724
1.0725
1.0726
1.0726
1.0725
1.0725
1.0724
1.0723
1.0723
1.0723
1.0723
1.0723
1.0724
1.037
0.97235
0.9237
0.89769
0.89771
0.92376
0.97246
1.0371
1.0725
1.0724
1.0724
1.0723
1.0723
1.0723
1.0723
1.0723
1.0723
1.0723
1.0723
1.0723
1.0723
1.0724
1.0725
1.0725
1.0725
1.0725
1.0725
1.0725
1.0724
1.0724
1.0723
1.0723
1.0723
1.0724
1.0724
1.0723
1.0723
1.0723
1.0723
1.0723
1.0724
1.0724
1.0724
1.0724
1.037
0.97232
0.92364
0.89761
0.89761
0.92362
0.97228
1.0369
1.0723
1.0723
1.0723
1.0723
1.0723
1.0723
1.0723
1.0724
1.0724
1.0724
1.0724
1.0723
1.0723
1.0723
1.0723
1.0723
1.0723
1.0723
1.0723
1.0723
1.0723
1.0723
1.0723
1.0723
1.0723
1.0723
1.0723
1.0723
1.0723
1.0723
1.0723
1.0723
1.0723
1.0723
1.0723
1.0723
1.0369
0.9723
0.92365
0.89762
0.89762
0.92363
0.97228
1.0369
1.0723
1.0723
1.0723
1.0723
1.0723
1.0723
1.0723
1.0723
1.0723
1.0723
1.0723
1.0723
1.0724
1.0724
1.0724
1.0724
1.0724
1.0723
1.0723
1.0723
1.0723
1.0723
1.0723
1.0723
1.0723
1.0723
1.0723
1.0723
1.0723
1.0723
1.0723
1.0724
1.0724
1.0724
1.0725
1.0724
1.037
0.97235
0.92367
0.89763
0.89763
0.92365
0.97231
1.0369
1.0723
1.0724
1.0724
1.0725
1.0725
1.0725
1.0724
1.0724
1.0724
1.0723
1.0723
1.0724
1.0724
1.0724
1.0724
1.0724
1.0724
1.0724
1.0724
1.0724
1.0724
1.0724
1.0724
1.0724
1.0724
1.0723
1.0723
1.0723
1.0723
1.0724
1.0724
1.0724
1.0724
1.0724
1.0725
1.0725
1.037
0.97237
0.92367
0.89762
0.8976
0.92362
0.97228
1.0369
1.0723
1.0724
1.0724
1.0725
1.0725
1.0725
1.0725
1.0725
1.0725
1.0725
1.0724
1.0724
1.0724
1.0724
1.0724
1.0724
1.0724
1.0724
1.0724
1.0723
1.0723
1.0724
1.0724
1.0725
1.0726
1.0726
1.0726
1.0725
1.0724
1.0724
1.0723
1.0723
1.0723
1.0723
1.0723
1.0723
1.0369
0.97234
0.9237
0.8977
0.89772
0.92375
0.97241
1.037
1.0724
1.0723
1.0723
1.0723
1.0723
1.0723
1.0723
1.0724
1.0724
1.0724
1.0724
1.0723
1.0723
1.0723
1.0723
1.0724
1.0724
1.0724
1.0724
1.0723
1.0723
1.0723
1.0723
1.0723
1.0723
1.0723
1.0724
1.0724
1.0725
1.0725
1.0725
1.0724
1.0724
1.0724
1.0724
1.0723
1.0369
0.97229
0.92362
0.8976
0.89761
0.92364
0.97231
1.0369
1.0723
1.0723
1.0723
1.0724
1.0723
1.0723
1.0723
1.0723
1.0723
1.0723
1.0723
1.0723
1.0723
1.0723
1.0724
1.0724
1.0724
1.0724
1.0724
1.0724
1.0723
1.0724
1.0724
1.0725
1.0725
1.0725
1.0725
1.0725
1.0724
1.0724
1.0724
1.0723
1.0723
1.0723
1.0723
1.0723
1.0369
0.97233
0.92371
0.89774
0.89778
0.92383
0.97251
1.0371
1.0725
1.0725
1.0724
1.0724
1.0723
1.0723
1.0723
1.0723
1.0723
1.0723
1.0723
1.0723
1.0723
1.0724
1.0724
1.0724
1.0723
1.0723
1.0723
1.0723
1.0724
1.0724
1.0724
1.0724
1.0723
1.0723
1.0723
1.0723
1.0723
1.0723
1.0723
1.0723
1.0723
1.0723
1.0723
1.0723
1.037
0.97235
0.92368
0.89764
0.89762
0.92363
0.97228
1.0369
1.0723
1.0723
1.0723
1.0723
1.0723
1.0723
1.0723
1.0724
1.0724
1.0724
1.0724
1.0724
1.0724
1.0724
1.0723
1.0723
1.0723
1.0723
1.0723
1.0723
1.0723
1.0723
1.0723
1.0723
1.0723
1.0724
1.0724
1.0724
1.0724
1.0723
1.0723
1.0723
1.0723
1.0723
1.0723
1.0723
1.0369
0.97228
0.92362
0.8976
0.89762
0.92366
0.97236
1.037
1.0725
1.0724
1.0724
1.0724
1.0723
1.0723
1.0723
1.0723
1.0723
1.0723
1.0723
1.0723
1.0723
1.0723
1.0724
1.0724
1.0725
1.0725
1.0725
1.0724
1.0724
1.0723
1.0723
1.0723
1.0723
1.0723
1.0723
1.0723
1.0723
1.0723
1.0724
1.0724
1.0725
1.0725
1.0725
1.0725
1.037
0.97232
0.92363
0.8976
0.8976
0.92363
0.97229
1.0369
1.0723
1.0723
1.0723
1.0723
1.0724
1.0724
1.0724
1.0724
1.0724
1.0724
1.0723
1.0723
1.0723
1.0723
1.0723
1.0723
1.0723
1.0723
1.0723
1.0723
1.0723
1.0723
1.0723
1.0723
1.0723
1.0723
1.0723
1.0723
1.0723
1.0723
1.0723
1.0724
1.0724
1.0724
1.0724
1.0724
1.0369
0.97229
0.92362
0.89759
0.89759
0.92362
0.97228
1.0369
1.0723
1.0723
1.0723
1.0723
1.0723
1.0723
1.0723
1.0723
1.0723
1.0723
1.0723
1.0723
1.0723
1.0723
1.0723
1.0723
1.0723
1.0723
1.0724
1.0724
1.0724
1.0724
1.0723
1.0723
1.0723
1.0723
1.0723
1.0723
1.0723
1.0723
1.0723
1.0723
1.0723
1.0723
1.0723
1.0723
1.0369
0.97229
0.92363
0.89761
0.89762
0.92364
0.9723
1.0369
1.0723
1.0723
1.0723
1.0723
1.0723
1.0723
1.0724
1.0724
1.0723
1.0723
1.0723
1.0723
1.0723
1.0723
1.0724
1.0724
1.0724
1.0724
1.0723
1.0723
1.0723
1.0723
1.0723
1.0723
1.0723
1.0723
1.0723
1.0723
1.0723
1.0723
1.0723
1.0724
1.0724
1.0724
1.0724
1.0724
1.037
0.97232
0.92364
0.89761
0.8976
0.92362
0.97227
1.0369
1.0723
1.0723
1.0723
1.0723
1.0723
1.0723
1.0723
1.0723
1.0723
1.0723
1.0723
1.0723
1.0723
1.0723
1.0723
1.0723
1.0723
1.0724
1.0724
1.0724
1.0724
1.0724
1.0723
1.0723
1.0723
1.0723
1.0723
1.0724
1.0724
1.0724
1.0724
1.0724
1.0724
1.0723
1.0723
1.0723
1.0369
0.9723
0.92365
0.89765
0.89767
0.92371
0.97236
1.0369
1.0723
1.0723
1.0723
1.0723
1.0723
1.0723
1.0723
1.0724
1.0724
1.0725
1.0725
1.0724
1.0724
1.0723
1.0723
1.0724
1.0724
1.0725
1.0727
1.0728
1.0728
1.0727
1.0726
1.0725
1.0724
1.0724
1.0724
1.0724
1.0724
1.0724
1.0724
1.0724
1.0724
1.0724
1.0725
1.0725
1.037
0.97237
0.92371
0.89772
0.89777
0.92383
0.97247
1.037
1.0724
1.0725
1.0726
1.0728
1.073
1.0731
1.0732
1.0732
1.0732
1.073
1.0728
1.0726
1.0724
1.0724
1.0723
1.0723
1.0723
1.0724
1.0723
1.0723
1.0723
1.0723
1.0723
1.0723
1.0723
1.0723
1.0723
1.0723
1.0723
1.0723
1.0723
1.0723
1.0723
1.0723
1.0723
1.0723
1.0369
0.97233
0.92371
0.89774
0.89781
0.92388
0.97257
1.0372
1.0725
1.0724
1.0724
1.0724
1.0723
1.0723
1.0723
1.0723
1.0723
1.0723
1.0723
1.0723
1.0723
1.0724
1.0724
1.0725
1.0725
1.0725
1.0724
1.0724
1.0723
1.0723
1.0723
1.0723
1.0723
1.0723
1.0723
1.0723
1.0723
1.0723
1.0723
1.0723
1.0723
1.0724
1.0724
1.0724
1.0369
0.97229
0.92362
0.89759
0.89759
0.92361
0.97227
1.0369
1.0723
1.0723
1.0723
1.0723
1.0723
1.0723
1.0723
1.0723
1.0723
1.0723
1.0723
1.0723
1.0723
1.0723
1.0723
1.0723
1.0723
1.0723
1.0723
1.0723
1.0723
1.0723
1.0723
1.0723
1.0723
1.0723
1.0723
1.0723
1.0723
1.0723
1.0723
1.0723
1.0723
1.0723
1.0723
1.0723
1.0369
0.9723
0.92363
0.89761
0.89761
0.92363
0.97228
1.0369
1.0723
1.0723
1.0723
1.0723
1.0723
1.0723
1.0723
1.0723
1.0724
1.0724
1.0724
1.0724
1.0724
1.0724
1.0724
1.0724
1.0723
1.0723
1.0723
1.0723
1.0723
1.0724
1.0724
1.0724
1.0724
1.0724
1.0724
1.0724
1.0724
1.0724
1.0724
1.0723
1.0723
1.0723
1.0723
1.0723
1.0369
0.97229
0.92364
0.89763
0.89765
0.92368
0.97233
1.0369
1.0723
1.0723
1.0723
1.0723
1.0723
1.0723
1.0723
1.0723
1.0723
1.0723
1.0723
1.0724
1.0724
1.0724
1.0724
1.0724
1.0724
1.0724
1.0724
1.0724
1.0723
1.0723
1.0723
1.0723
1.0723
1.0723
1.0724
1.0724
1.0723
1.0723
1.0723
1.0723
1.0723
1.0723
1.0723
1.0723
1.0369
0.97229
0.92364
0.89762
0.89763
0.92366
0.97232
1.0369
1.0723
1.0723
1.0723
1.0723
1.0723
1.0723
1.0724
1.0724
1.0725
1.0725
1.0725
1.0724
1.0724
1.0724
1.0724
1.0724
1.0724
1.0724
1.0724
1.0724
1.0724
1.0724
1.0724
1.0724
1.0724
1.0724
1.0724
1.0724
1.0724
1.0723
1.0723
1.0723
1.0723
1.0723
1.0723
1.0723
1.0369
0.97234
0.9237
0.8977
0.89774
0.92381
0.97252
1.0372
1.0725
1.0725
1.0724
1.0723
1.0723
1.0723
1.0723
1.0724
1.0724
1.0725
1.0725
1.0725
1.0725
1.0724
1.0724
1.0723
1.0723
1.0723
1.0723
1.0723
1.0723
1.0723
1.0724
1.0724
1.0724
1.0723
1.0723
1.0723
1.0723
1.0723
1.0723
1.0723
1.0723
1.0723
1.0723
1.0723
1.0369
0.97229
0.92362
0.8976
0.89759
0.92361
0.97227
1.0369
1.0723
1.0723
1.0723
1.0723
1.0723
1.0723
1.0723
1.0723
1.0723
1.0723
1.0723
1.0723
1.0723
1.0723
1.0723
1.0723
1.0723
1.0723
1.0723
1.0723
1.0723
1.0723
1.0723
1.0723
1.0723
1.0724
1.0724
1.0724
1.0724
1.0724
1.0723
1.0723
1.0723
1.0723
1.0723
1.0723
1.0369
0.97229
0.92363
0.8976
0.8976
0.92363
0.97232
1.037
1.0724
1.0724
1.0724
1.0723
1.0723
1.0723
1.0723
1.0723
1.0724
1.0724
1.0723
1.0723
1.0723
1.0723
1.0723
1.0723
1.0723
1.0723
1.0723
1.0723
1.0723
1.0723
1.0723
1.0723
1.0723
1.0723
1.0723
1.0723
1.0723
1.0723
1.0723
1.0723
1.0723
1.0723
1.0723
1.0723
1.0369
0.97227
0.92361
0.8976
0.8976
0.92362
0.97228
1.0369
1.0723
1.0723
1.0723
1.0723
1.0723
1.0723
1.0723
1.0724
1.0724
1.0724
1.0725
1.0724
1.0724
1.0724
1.0724
1.0723
1.0723
1.0723
1.0723
1.0723
1.0723
1.0723
1.0723
1.0723
1.0723
1.0723
1.0723
1.0723
1.0723
1.0723
1.0723
1.0723
1.0723
1.0723
1.0723
1.0723
1.0369
0.9723
0.92366
0.89765
0.89766
0.92368
0.97233
1.0369
1.0723
1.0723
1.0723
1.0723
1.0723
1.0723
1.0723
1.0723
1.0723
1.0723
1.0723
1.0723
1.0723
1.0724
1.0724
1.0724
1.0724
1.0724
1.0724
1.0724
1.0724
1.0724
1.0724
1.0724
1.0724
1.0723
1.0723
1.0723
1.0723
1.0724
1.0724
1.0724
1.0724
1.0724
1.0723
1.0723
1.0369
0.97232
0.92367
0.89765
0.89766
0.92368
0.97234
1.037
1.0723
1.0723
1.0723
1.0723
1.0723
1.0723
1.0723
1.0723
1.0723
1.0724
1.0724
1.0724
1.0724
1.0725
1.0725
1.0724
1.0724
1.0724
1.0724
1.0723
1.0723
1.0724
1.0724
1.0724
1.0725
1.0725
1.0725
1.0725
1.0725
1.0725
1.0725
1.0725
1.0724
1.0724
1.0724
1.0723
1.0369
0.97231
0.92366
0.89765
0.89765
0.92366
0.9723
1.0369
1.0723
1.0723
1.0724
1.0724
1.0725
1.0725
1.0725
1.0724
1.0724
1.0723
1.0723
1.0723
1.0723
1.0723
1.0723
1.0723
1.0723
1.0724
1.0724
1.0724
1.0724
1.0724
1.0724
1.0724
1.0723
1.0723
1.0723
1.0723
1.0723
1.0723
1.0723
1.0723
1.0724
1.0724
1.0725
1.0725
1.0371
0.97248
0.92377
0.8977
0.89765
0.92364
0.97229
1.0369
1.0723
1.0723
1.0724
1.0724
1.0724
1.0724
1.0723
1.0723
1.0723
1.0724
1.0724
1.0724
1.0724
1.0723
1.0723
1.0723
1.0723
1.0723
1.0723
1.0724
1.0724
1.0725
1.0727
1.0728
1.0728
1.0728
1.0727
1.0726
1.0725
1.0724
1.0724
1.0723
1.0723
1.0724
1.0724
1.0724
1.037
0.97233
0.92368
0.8977
0.89777
0.92387
0.97259
1.0372
1.0726
1.0725
1.0725
1.0724
1.0724
1.0724
1.0724
1.0724
1.0724
1.0724
1.0724
1.0724
1.0725
1.0727
1.0729
1.0731
1.0731
1.073
1.0728
1.0726
1.0725
1.0724
1.0724
1.0724
1.0723
1.0723
1.0723
1.0723
1.0723
1.0723
1.0723
1.0724
1.0724
1.0724
1.0724
1.0724
1.0369
0.9723
0.92363
0.8976
0.89761
0.92366
0.97239
1.0371
1.0727
1.0727
1.0727
1.0726
1.0725
1.0724
1.0723
1.0723
1.0723
1.0723
1.0723
1.0723
1.0723
1.0723
1.0723
1.0723
1.0724
1.0725
1.0726
1.0726
1.0727
1.0727
1.0726
1.0726
1.0725
1.0724
1.0723
1.0723
1.0723
1.0723
1.0723
1.0723
1.0723
1.0723
1.0723
1.0723
1.037
0.97243
0.92383
0.89784
0.89781
0.92376
0.97234
1.0369
1.0724
1.0724
1.0724
1.0725
1.0725
1.0724
1.0724
1.0724
1.0724
1.0723
1.0723
1.0723
1.0723
1.0723
1.0723
1.0723
1.0723
1.0723
1.0724
1.0724
1.0724
1.0724
1.0724
1.0723
1.0723
1.0723
1.0723
1.0723
1.0723
1.0723
1.0723
1.0723
1.0723
1.0723
1.0723
1.0723
1.0369
0.97227
0.92361
0.89759
0.89759
0.92361
0.97227
1.0369
1.0723
1.0723
1.0724
1.0724
1.0724
1.0724
1.0724
1.0724
1.0723
1.0723
1.0723
1.0723
1.0723
1.0723
1.0723
1.0723
1.0723
1.0723
1.0723
1.0724
1.0724
1.0725
1.0725
1.0725
1.0725
1.0724
1.0724
1.0724
1.0723
1.0723
1.0723
1.0723
1.0723
1.0723
1.0723
1.0723
1.0369
0.97233
0.9237
0.89771
0.89773
0.92376
0.97242
1.037
1.0724
1.0724
1.0724
1.0724
1.0725
1.0725
1.0724
1.0724
1.0723
1.0723
1.0724
1.0724
1.0725
1.0725
1.0725
1.0725
1.0724
1.0724
1.0724
1.0724
1.0725
1.0726
1.0726
1.0726
1.0726
1.0725
1.0724
1.0724
1.0724
1.0725
1.0726
1.0727
1.0727
1.0727
1.0726
1.0725
1.037
0.97232
0.92366
0.89765
0.89766
0.92369
0.97234
1.0369
1.0723
1.0723
1.0724
1.0724
1.0726
1.0727
1.0729
1.0729
1.0728
1.0726
1.0725
1.0724
1.0724
1.0724
1.0724
1.0725
1.0725
1.0725
1.0725
1.0724
1.0724
1.0724
1.0724
1.0725
1.0727
1.0728
1.0728
1.0727
1.0726
1.0725
1.0724
1.0723
1.0723
1.0723
1.0723
1.0723
1.0369
0.97232
0.92365
0.89762
0.89762
0.92365
0.97232
1.037
1.0724
1.0724
1.0724
1.0724
1.0723
1.0723
1.0724
1.0724
1.0726
1.0727
1.0727
1.0727
1.0726
1.0724
1.0724
1.0723
1.0724
1.0724
1.0724
1.0724
1.0724
1.0724
1.0724
1.0724
1.0724
1.0724
1.0723
1.0724
1.0724
1.0724
1.0725
1.0724
1.0724
1.0723
1.0723
1.0723
1.037
0.97238
0.92377
0.8978
0.89785
0.92389
0.97253
1.0371
1.0724
1.0724
1.0724
1.0724
1.0724
1.0724
1.0724
1.0723
1.0724
1.0724
1.0724
1.0724
1.0724
1.0724
1.0723
1.0723
1.0723
1.0723
1.0723
1.0723
1.0723
1.0723
1.0723
1.0723
1.0723
1.0724
1.0724
1.0725
1.0725
1.0725
1.0724
1.0724
1.0723
1.0723
1.0723
1.0723
1.0369
0.9723
0.92365
0.89765
0.89768
0.92375
0.97248
1.0372
1.0726
1.0726
1.0726
1.0726
1.0725
1.0725
1.0724
1.0724
1.0724
1.0724
1.0724
1.0724
1.0724
1.0724
1.0724
1.0724
1.0724
1.0724
1.0724
1.0724
1.0724
1.0724
1.0724
1.0724
1.0723
1.0724
1.0724
1.0724
1.0724
1.0724
1.0724
1.0724
1.0723
1.0723
1.0723
1.0723
1.0369
0.97227
0.92362
0.8976
0.8976
0.92362
0.97228
1.0369
1.0723
1.0723
1.0723
1.0723
1.0723
1.0723
1.0723
1.0723
1.0723
1.0723
1.0723
1.0723
1.0723
1.0723
1.0723
1.0723
1.0723
1.0723
1.0723
1.0723
1.0723
1.0723
1.0723
1.0723
1.0723
1.0723
1.0723
1.0723
1.0723
1.0723
1.0723
1.0723
1.0723
1.0723
1.0723
1.0723
1.0369
0.97228
0.92362
0.8976
0.8976
0.92362
0.97228
1.0369
1.0723
1.0723
1.0723
1.0723
1.0723
1.0723
1.0723
1.0723
1.0723
1.0723
1.0723
1.0723
1.0723
1.0723
1.0723
1.0723
1.0723
1.0723
1.0723
1.0723
1.0723
1.0723
1.0724
1.0724
1.0724
1.0724
1.0724
1.0723
1.0723
1.0723
1.0723
1.0723
1.0723
1.0723
1.0723
1.0724
1.037
0.97234
0.92368
0.89765
0.89764
0.92366
0.97231
1.0369
1.0723
1.0723
1.0723
1.0724
1.0724
1.0724
1.0724
1.0724
1.0724
1.0723
1.0724
1.0724
1.0725
1.0726
1.0727
1.0727
1.0727
1.0727
1.0726
1.0725
1.0724
1.0723
1.0723
1.0723
1.0723
1.0723
1.0723
1.0723
1.0723
1.0723
1.0724
1.0724
1.0724
1.0724
1.0724
1.0724
1.0369
0.9723
0.92364
0.89762
0.89762
0.92364
0.97229
1.0369
1.0723
1.0723
1.0724
1.0724
1.0725
1.0725
1.0726
1.0726
1.0725
1.0725
1.0724
1.0724
1.0724
1.0723
1.0723
1.0723
1.0723
1.0723
1.0723
1.0724
1.0724
1.0724
1.0724
1.0724
1.0724
1.0724
1.0724
1.0724
1.0724
1.0724
1.0724
1.0723
1.0723
1.0723
1.0723
1.0723
1.0369
0.9723
0.92367
0.8977
0.89777
0.92384
0.97252
1.0371
1.0724
1.0724
1.0723
1.0723
1.0723
1.0723
1.0723
1.0724
1.0724
1.0724
1.0724
1.0724
1.0723
1.0723
1.0723
1.0723
1.0724
1.0724
1.0724
1.0724
1.0723
1.0723
1.0723
1.0723
1.0723
1.0723
1.0723
1.0723
1.0723
1.0723
1.0723
1.0723
1.0723
1.0723
1.0723
1.0723
1.0369
0.97231
0.92364
0.89762
0.89761
0.92363
0.97229
1.0369
1.0724
1.0724
1.0724
1.0724
1.0724
1.0724
1.0723
1.0723
1.0723
1.0723
1.0723
1.0724
1.0724
1.0724
1.0725
1.0725
1.0726
1.0726
1.0726
1.0726
1.0725
1.0724
1.0724
1.0723
1.0723
1.0723
1.0723
1.0723
1.0723
1.0723
1.0723
1.0723
1.0723
1.0723
1.0724
1.0723
1.0369
0.97229
0.92362
0.8976
0.89761
0.92365
0.97232
1.0369
1.0723
1.0723
1.0723
1.0723
1.0723
1.0723
1.0723
1.0723
1.0723
1.0723
1.0723
1.0723
1.0723
1.0723
1.0723
1.0723
1.0723
1.0723
1.0723
1.0723
1.0723
1.0723
1.0723
1.0723
1.0723
1.0723
1.0723
1.0723
1.0723
1.0723
1.0723
1.0723
1.0723
1.0723
1.0723
1.0723
1.0369
0.97229
0.92363
0.89762
0.89764
0.92371
0.97245
1.0372
1.0726
1.0726
1.0726
1.0725
1.0724
1.0724
1.0723
1.0723
1.0723
1.0723
1.0723
1.0723
1.0723
1.0724
1.0724
1.0725
1.0725
1.0726
1.0726
1.0726
1.0726
1.0725
1.0725
1.0724
1.0724
1.0723
1.0723
1.0723
1.0723
1.0723
1.0723
1.0723
1.0724
1.0724
1.0724
1.0724
1.037
0.97232
0.92363
0.8976
0.89759
0.92361
0.97228
1.0369
1.0723
1.0723
1.0723
1.0723
1.0723
1.0723
1.0723
1.0723
1.0723
1.0723
1.0723
1.0723
1.0723
1.0723
1.0723
1.0723
1.0723
1.0723
1.0723
1.0723
1.0723
1.0723
1.0723
1.0723
1.0723
1.0723
1.0723
1.0724
1.0724
1.0724
1.0724
1.0725
1.0725
1.0725
1.0724
1.0724
1.037
0.97231
0.92363
0.8976
0.89759
0.92361
0.97227
1.0369
1.0723
1.0723
1.0723
1.0723
1.0723
1.0723
1.0723
1.0723
1.0723
1.0723
1.0724
1.0724
1.0724
1.0724
1.0724
1.0724
1.0723
1.0723
1.0723
1.0723
1.0723
1.0723
1.0723
1.0723
1.0723
1.0723
1.0723
1.0723
1.0723
1.0723
1.0723
1.0723
1.0723
1.0723
1.0723
1.0723
1.0369
0.97228
0.92362
0.8976
0.89762
0.92367
0.97237
1.037
1.0725
1.0725
1.0726
1.0726
1.0726
1.0725
1.0725
1.0724
1.0724
1.0723
1.0723
1.0723
1.0723
1.0723
1.0723
1.0723
1.0724
1.0725
1.0726
1.0727
1.0727
1.0727
1.0726
1.0725
1.0724
1.0723
1.0723
1.0723
1.0723
1.0723
1.0723
1.0723
1.0723
1.0723
1.0723
1.0723
1.0369
0.97236
0.92374
0.89775
0.89778
0.92382
0.97249
1.0371
1.0725
1.0724
1.0724
1.0723
1.0723
1.0723
1.0723
1.0723
1.0723
1.0723
1.0723
1.0723
1.0723
1.0723
1.0723
1.0724
1.0724
1.0724
1.0724
1.0724
1.0723
1.0723
1.0723
1.0723
1.0723
1.0723
1.0723
1.0723
1.0723
1.0723
1.0723
1.0723
1.0723
1.0723
1.0723
1.0723
1.0369
0.97232
0.92365
0.89761
0.8976
0.92362
0.97228
1.0369
1.0723
1.0723
1.0723
1.0723
1.0723
1.0723
1.0723
1.0723
1.0723
1.0723
1.0723
1.0723
1.0723
1.0723
1.0723
1.0723
1.0723
1.0723
1.0724
1.0725
1.0726
1.0727
1.0728
1.0727
1.0727
1.0726
1.0725
1.0724
1.0723
1.0723
1.0723
1.0723
1.0723
1.0723
1.0723
1.0724
1.037
0.97249
0.92389
0.89788
0.89786
0.92382
0.97241
1.037
1.0723
1.0723
1.0723
1.0723
1.0723
1.0723
1.0723
1.0723
1.0724
1.0724
1.0724
1.0724
1.0724
1.0724
1.0723
1.0723
1.0723
1.0723
1.0723
1.0723
1.0723
1.0723
1.0723
1.0723
1.0723
1.0723
1.0723
1.0723
1.0723
1.0723
1.0723
1.0723
1.0723
1.0723
1.0723
1.0723
1.0369
0.97228
0.92362
0.89761
0.89763
0.92366
0.97233
1.0369
1.0724
1.0724
1.0724
1.0724
1.0724
1.0724
1.0724
1.0724
1.0724
1.0723
1.0723
1.0724
1.0724
1.0724
1.0724
1.0723
1.0723
1.0723
1.0723
1.0724
1.0724
1.0724
1.0724
1.0723
1.0723
1.0723
1.0723
1.0723
1.0724
1.0724
1.0724
1.0724
1.0723
1.0723
1.0723
1.0723
1.0369
0.97231
0.92365
0.89762
0.89761
0.92362
0.97228
1.0369
1.0723
1.0723
1.0723
1.0723
1.0723
1.0723
1.0723
1.0723
1.0723
1.0723
1.0723
1.0723
1.0723
1.0723
1.0723
1.0723
1.0723
1.0723
1.0723
1.0723
1.0723
1.0723
1.0723
1.0723
1.0723
1.0723
1.0723
1.0723
1.0723
1.0724
1.0724
1.0724
1.0724
1.0724
1.0724
1.0723
1.0369
0.97229
0.92363
0.89761
0.89762
0.92364
0.9723
1.0369
1.0724
1.0724
1.0724
1.0724
1.0724
1.0724
1.0723
1.0723
1.0723
1.0723
1.0724
1.0724
1.0723
1.0723
1.0723
1.0723
1.0723
1.0723
1.0723
1.0723
1.0723
1.0723
1.0723
1.0723
1.0724
1.0724
1.0724
1.0724
1.0724
1.0724
1.0723
1.0723
1.0723
1.0723
1.0723
1.0723
1.0369
0.9723
0.92364
0.89762
0.89765
0.9237
0.97238
1.037
1.0724
1.0723
1.0723
1.0723
1.0723
1.0723
1.0723
1.0723
1.0723
1.0723
1.0723
1.0723
1.0723
1.0723
1.0723
1.0723
1.0723
1.0724
1.0724
1.0724
1.0725
1.0725
1.0725
1.0725
1.0725
1.0724
1.0724
1.0724
1.0724
1.0723
1.0723
1.0723
1.0723
1.0723
1.0723
1.0723
1.0369
0.97229
0.92365
0.89765
0.89769
0.92375
0.97245
1.0371
1.0725
1.0725
1.0725
1.0724
1.0724
1.0724
1.0724
1.0724
1.0724
1.0724
1.0724
1.0724
1.0724
1.0724
1.0724
1.0725
1.0725
1.0726
1.0726
1.0727
1.0727
1.0727
1.0726
1.0726
1.0726
1.0725
1.0725
1.0725
1.0725
1.0725
1.0724
1.0724
1.0724
1.0725
1.0725
1.0726
1.0372
0.97261
0.92394
0.89789
0.89788
0.92389
0.97254
1.0371
1.0725
1.0724
1.0724
1.0723
1.0723
1.0723
1.0723
1.0723
1.0724
1.0724
1.0725
1.0725
1.0725
1.0725
1.0725
1.0724
1.0724
1.0724
1.0724
1.0724
1.0724
1.0723
1.0723
1.0723
1.0723
1.0723
1.0723
1.0723
1.0723
1.0723
1.0723
1.0723
1.0723
1.0723
1.0723
1.0723
1.0369
0.97232
0.92367
0.89764
0.89763
0.92363
0.97228
1.0369
1.0723
1.0723
1.0723
1.0723
1.0723
1.0724
1.0724
1.0723
1.0723
1.0723
1.0723
1.0723
1.0723
1.0723
1.0723
1.0723
1.0723
1.0723
1.0723
1.0723
1.0723
1.0723
1.0723
1.0723
1.0723
1.0723
1.0723
1.0723
1.0723
1.0723
1.0723
1.0723
1.0723
1.0723
1.0723
1.0723
1.0369
0.97228
0.92363
0.89761
0.89761
0.92362
0.97228
1.0369
1.0723
1.0723
1.0724
1.0724
1.0725
1.0725
1.0725
1.0725
1.0724
1.0724
1.0723
1.0723
1.0723
1.0724
1.0724
1.0724
1.0724
1.0724
1.0724
1.0723
1.0723
1.0723
1.0724
1.0724
1.0724
1.0724
1.0724
1.0724
1.0723
1.0723
1.0723
1.0723
1.0723
1.0723
1.0723
1.0723
1.0369
0.97228
0.92363
0.89764
0.89767
0.92373
0.97243
1.0371
1.0725
1.0724
1.0724
1.0723
1.0723
1.0723
1.0723
1.0723
1.0723
1.0723
1.0723
1.0723
1.0723
1.0723
1.0723
1.0723
1.0723
1.0723
1.0723
1.0723
1.0723
1.0723
1.0723
1.0723
1.0723
1.0723
1.0723
1.0723
1.0723
1.0723
1.0723
1.0723
1.0723
1.0724
1.0724
1.0724
1.037
0.9724
0.92373
0.8977
0.89769
0.9237
0.97234
1.0369
1.0723
1.0723
1.0723
1.0723
1.0723
1.0723
1.0723
1.0724
1.0724
1.0725
1.0725
1.0726
1.0726
1.0726
1.0726
1.0725
1.0725
1.0724
1.0724
1.0723
1.0723
1.0723
1.0723
1.0723
1.0723
1.0723
1.0723
1.0723
1.0723
1.0723
1.0723
1.0723
1.0724
1.0724
1.0724
1.0724
1.037
0.97237
0.9237
0.89768
0.89768
0.92371
0.97236
1.037
1.0723
1.0723
1.0723
1.0723
1.0723
1.0723
1.0723
1.0723
1.0723
1.0723
1.0724
1.0724
1.0724
1.0725
1.0725
1.0724
1.0724
1.0724
1.0723
1.0723
1.0723
1.0723
1.0723
1.0723
1.0723
1.0724
1.0724
1.0724
1.0725
1.0725
1.0724
1.0724
1.0724
1.0723
1.0723
1.0723
1.0369
0.97228
0.92363
0.89763
0.89766
0.92371
0.9724
1.037
1.0724
1.0724
1.0724
1.0723
1.0723
1.0723
1.0723
1.0723
1.0723
1.0724
1.0724
1.0724
1.0724
1.0724
1.0724
1.0724
1.0726
1.0728
1.0729
1.073
1.0729
1.0727
1.0725
1.0724
1.0724
1.0724
1.0724
1.0725
1.0725
1.0725
1.0725
1.0724
1.0724
1.0724
1.0725
1.0726
1.0372
0.97258
0.92385
0.89774
0.89767
0.92366
0.97232
1.037
1.0724
1.0724
1.0725
1.0725
1.0725
1.0725
1.0724
1.0724
1.0724
1.0724
1.0724
1.0725
1.0724
1.0724
1.0724
1.0723
1.0723
1.0723
1.0723
1.0723
1.0723
1.0723
1.0723
1.0723
1.0724
1.0724
1.0724
1.0723
1.0723
1.0723
1.0723
1.0723
1.0723
1.0723
1.0723
1.0723
1.0369
0.97232
0.9237
0.89772
0.89776
0.9238
0.97244
1.037
1.0724
1.0723
1.0723
1.0723
1.0723
1.0723
1.0723
1.0723
1.0723
1.0723
1.0723
1.0723
1.0723
1.0723
1.0723
1.0723
1.0723
1.0723
1.0723
1.0723
1.0723
1.0724
1.0724
1.0724
1.0724
1.0724
1.0724
1.0724
1.0725
1.0725
1.0725
1.0725
1.0725
1.0724
1.0724
1.0724
1.0369
0.97229
0.92363
0.89762
0.89764
0.92368
0.97234
1.0369
1.0723
1.0723
1.0723
1.0723
1.0724
1.0724
1.0724
1.0724
1.0723
1.0723
1.0723
1.0723
1.0723
1.0723
1.0723
1.0723
1.0723
1.0723
1.0723
1.0723
1.0723
1.0723
1.0723
1.0723
1.0723
1.0723
1.0723
1.0723
1.0723
1.0723
1.0723
1.0723
1.0723
1.0723
1.0723
1.0723
1.0369
0.97228
0.92362
0.89761
0.89761
0.92363
0.97229
1.0369
1.0723
1.0723
1.0723
1.0723
1.0724
1.0724
1.0724
1.0725
1.0725
1.0725
1.0724
1.0724
1.0724
1.0724
1.0723
1.0723
1.0723
1.0723
1.0723
1.0724
1.0723
1.0723
1.0723
1.0723
1.0723
1.0724
1.0724
1.0725
1.0725
1.0725
1.0724
1.0724
1.0723
1.0723
1.0723
1.0723
1.0369
0.97227
0.92361
0.89759
0.8976
0.92363
0.9723
1.0369
1.0723
1.0723
1.0723
1.0723
1.0723
1.0723
1.0723
1.0723
1.0723
1.0723
1.0723
1.0723
1.0723
1.0723
1.0723
1.0723
1.0723
1.0723
1.0723
1.0723
1.0723
1.0724
1.0724
1.0724
1.0725
1.0725
1.0725
1.0724
1.0724
1.0723
1.0723
1.0723
1.0723
1.0723
1.0723
1.0723
1.0369
0.97235
0.92373
0.89774
0.89776
0.92378
0.97242
1.037
1.0724
1.0724
1.0724
1.0724
1.0724
1.0724
1.0724
1.0724
1.0724
1.0724
1.0724
1.0724
1.0724
1.0725
1.0724
1.0724
1.0724
1.0723
1.0723
1.0723
1.0723
1.0723
1.0723
1.0724
1.0724
1.0724
1.0724
1.0724
1.0724
1.0724
1.0723
1.0723
1.0723
1.0723
1.0723
1.0723
1.0369
0.97229
0.92364
0.89765
0.8977
0.92378
0.97249
1.0371
1.0725
1.0725
1.0724
1.0724
1.0723
1.0723
1.0723
1.0723
1.0723
1.0723
1.0723
1.0723
1.0724
1.0724
1.0725
1.0725
1.0724
1.0724
1.0724
1.0723
1.0723
1.0723
1.0723
1.0723
1.0723
1.0723
1.0723
1.0723
1.0723
1.0724
1.0724
1.0725
1.0725
1.0725
1.0725
1.0724
1.037
0.97233
0.92367
0.89766
0.89769
0.92374
0.97243
1.0371
1.0725
1.0725
1.0725
1.0725
1.0725
1.0725
1.0724
1.0724
1.0723
1.0723
1.0723
1.0723
1.0723
1.0723
1.0724
1.0724
1.0725
1.0726
1.0726
1.0726
1.0726
1.0725
1.0725
1.0724
1.0724
1.0723
1.0723
1.0723
1.0723
1.0723
1.0723
1.0723
1.0723
1.0723
1.0723
1.0723
1.0369
0.97229
0.92363
0.8976
0.8976
0.92362
0.97228
1.0369
1.0723
1.0723
1.0723
1.0723
1.0723
1.0723
1.0723
1.0723
1.0724
1.0724
1.0724
1.0725
1.0724
1.0724
1.0723
1.0723
1.0723
1.0723
1.0724
1.0724
1.0725
1.0725
1.0725
1.0724
1.0724
1.0723
1.0723
1.0723
1.0724
1.0724
1.0724
1.0725
1.0725
1.0724
1.0724
1.0724
1.037
0.97239
0.92382
0.89789
0.89795
0.92399
0.9726
1.0371
1.0724
1.0724
1.0725
1.0726
1.0727
1.0727
1.0727
1.0727
1.0726
1.0726
1.0725
1.0724
1.0724
1.0723
1.0723
1.0723
1.0723
1.0723
1.0723
1.0724
1.0724
1.0724
1.0723
1.0723
1.0723
1.0723
1.0723
1.0723
1.0723
1.0723
1.0723
1.0723
1.0723
1.0723
1.0723
1.0723
1.0369
0.97229
0.92362
0.89759
0.89759
0.92361
0.97227
1.0369
1.0723
1.0723
1.0723
1.0723
1.0723
1.0723
1.0723
1.0724
1.0724
1.0724
1.0724
1.0724
1.0723
1.0723
1.0724
1.0724
1.0724
1.0724
1.0724
1.0724
1.0724
1.0723
1.0723
1.0723
1.0723
1.0723
1.0723
1.0723
1.0723
1.0724
1.0724
1.0725
1.0725
1.0725
1.0725
1.0725
1.0371
0.9724
0.92369
0.89766
0.89769
0.92378
0.9725
1.0371
1.0725
1.0724
1.0724
1.0724
1.0725
1.0726
1.0726
1.0726
1.0726
1.0725
1.0724
1.0724
1.0723
1.0723
1.0723
1.0723
1.0723
1.0724
1.0724
1.0724
1.0723
1.0724
1.0724
1.0724
1.0724
1.0724
1.0724
1.0724
1.0724
1.0724
1.0723
1.0723
1.0723
1.0723
1.0723
1.0723
1.0369
0.97228
0.92361
0.89759
0.89759
0.92362
0.97229
1.0369
1.0724
1.0724
1.0724
1.0724
1.0723
1.0724
1.0724
1.0724
1.0724
1.0724
1.0723
1.0723
1.0723
1.0723
1.0723
1.0723
1.0723
1.0723
1.0723
1.0724
1.0724
1.0724
1.0724
1.0723
1.0723
1.0723
1.0724
1.0723
1.0723
1.0724
1.0724
1.0724
1.0724
1.0724
1.0724
1.0723
1.0369
0.97228
0.92361
0.89759
0.89759
0.92362
0.9723
1.0369
1.0724
1.0724
1.0723
1.0723
1.0723
1.0723
1.0723
1.0723
1.0723
1.0724
1.0724
1.0725
1.0725
1.0724
1.0724
1.0723
1.0723
1.0723
1.0723
1.0724
1.0724
1.0724
1.0723
1.0723
1.0723
1.0723
1.0723
1.0723
1.0724
1.0724
1.0724
1.0724
1.0724
1.0723
1.0723
1.0724
1.037
0.97239
0.92374
0.89773
0.89776
0.92383
0.97255
1.0372
1.0726
1.0725
1.0724
1.0724
1.0724
1.0724
1.0724
1.0724
1.0724
1.0724
1.0724
1.0725
1.0726
1.0727
1.0728
1.0728
1.0727
1.0726
1.0726
1.0726
1.0727
1.0728
1.0728
1.0728
1.0727
1.0725
1.0724
1.0724
1.0723
1.0723
1.0723
1.0723
1.0723
1.0723
1.0723
1.0723
1.0369
0.97229
0.92364
0.89763
0.89764
0.92366
0.97231
1.0369
1.0723
1.0723
1.0723
1.0724
1.0724
1.0725
1.0725
1.0725
1.0724
1.0724
1.0723
1.0723
1.0723
1.0723
1.0723
1.0723
1.0723
1.0724
1.0724
1.0724
1.0724
1.0724
1.0724
1.0724
1.0724
1.0724
1.0724
1.0723
1.0723
1.0723
1.0724
1.0724
1.0725
1.0725
1.0726
1.0726
1.0371
0.97241
0.92371
0.89768
0.89768
