0.60334
0.5884
0.56373
0.4965
0.50929
0.59548
0.6837
0.7774
0.91264
1.0558
1.1331
1.0316
0.8562
0.67436
0.5523
0.55116
0.70741
1.0313
1.3689
1.6478
1.8007
1.8192
1.7537
1.6808
1.6084
1.525
1.3724
1.1622
0.94033
0.70869
0.53662
0.41656
0.36051
0.40761
0.46557
0.48942
0.47428
0.52429
0.73098
1.0172
1.3511
1.6362
1.8185
1.8584
1.7466
1.4978
1.1556
0.85019
0.63311
0.57779
0.68884
0.9932
1.3902
1.7747
2.0776
2.1739
2.0441
1.7499
1.4187
1.0917
0.7896
0.57226
0.43151
0.32479
0.26639
0.29968
0.41996
0.594
0.75083
0.88286
0.93639
0.93217
0.95054
0.99018
1.067
1.1513
1.245
1.3042
1.2831
1.1961
1.0303
0.82747
0.62007
0.44423
0.32216
0.23502
0.23615
0.32467
0.44463
0.53718
0.56561
0.52556
0.44828
0.36443
0.30247
0.34433
0.47418
0.68165
0.87662
0.99464
1.0897
1.0982
1.0418
0.98095
0.96308
0.98058
0.98062
0.99871
1.1355
1.318
1.5451
1.7406
1.8585
1.926
1.8999
1.8667
1.8338
1.9062
2.0452
2.142
2.1024
1.9259
1.6658
1.3652
1.1266
0.98894
0.97404
1.0872
1.2845
1.4529
1.5635
1.6496
1.7478
1.8274
1.865
1.9675
2.0965
2.2692
2.442
2.5476
2.5675
2.4574
2.3371
2.2162
2.1416
2.1377
2.2215
2.3546
2.4958
2.6008
2.6195
2.5897
2.5285
2.4357
2.2542
2.0315
1.8155
1.6262
1.474
1.4254
1.4876
1.5244
1.4779
1.2983
1.0909
0.86118
0.74855
0.86066
1.1686
1.6669
2.1706
2.6444
2.9184
2.9423
2.7388
2.3134
1.8312
1.3077
0.85333
0.50162
0.33964
0.39292
0.54658
0.79138
1.0391
1.2786
1.4258
1.4968
1.4698
1.3988
1.3294
1.2489
1.1507
1.0022
0.86602
0.7331
0.64257
0.61485
0.63392
0.63958
0.60644
0.56325
0.51509
0.50909
0.59468
0.86133
1.3145
1.8494
2.3509
2.6603
2.7231
2.5351
2.1746
1.7573
1.4164
1.2725
1.3324
1.5872
1.9008
2.1829
2.3446
2.4072
2.4535
2.4981
2.6024
2.7736
2.9716
3.0818
3.0492
2.8406
2.4926
2.0689
1.6872
1.469
1.4234
1.6001
1.9382
2.3698
2.7891
3.1067
3.3165
3.3628
3.2891
3.0923
2.8069
2.4532
2.022
1.5293
1.0472
0.66894
0.47578
0.45607
0.58991
0.91312
1.3149
1.7038
1.9765
2.1291
2.2269
2.3032
2.4297
2.6114
2.8459
3.119
3.4006
3.663
3.8489
3.9373
3.8592
3.5945
3.133
2.5001
1.8067
1.1919
0.75081
0.50913
0.38831
0.3486
0.40327
0.45559
0.52257
0.61005
0.74365
0.94886
1.1537
1.3951
1.6659
1.9528
2.2578
2.4874
2.6208
2.6398
2.5685
2.4399
2.3105
2.2926
2.4427
2.7724
3.208
3.6263
3.859
3.8229
3.4916
2.9234
2.2489
1.5976
1.1027
0.81744
0.75468
0.86092
1.1111
1.4715
1.9582
2.5018
3.0439
3.5345
3.8813
4.0592
4.0651
3.9631
3.7762
3.5458
3.3184
3.1159
2.8995
2.6467
2.4112
2.2105
2.0575
1.9504
1.8941
1.8722
1.8503
1.8394
1.7961
1.7468
1.6774
1.6056
1.5033
1.3514
1.2156
1.1107
1.1031
1.2072
1.4381
1.7163
1.9653
2.1133
2.1162
2.0356
1.8983
1.7609
1.6043
1.4329
1.2326
0.99339
0.7317
0.49987
0.37599
0.35263
0.44425
0.60287
0.81103
1.0314
1.2305
1.4091
1.5568
1.6765
1.747
1.7065
1.6645
1.6374
1.6221
1.6121
1.6221
1.7052
1.8205
1.956
2.1057
2.2615
2.4118
2.5497
2.6681
2.7525
2.7958
2.8008
2.7662
2.6944
2.5904
2.462
2.3186
2.1698
2.0248
1.8914
1.775
1.6786
1.6025
1.5449
1.5023
1.4698
1.4423
1.4144
1.382
1.3417
1.292
1.2332
1.1668
1.0961
1.0248
0.9573
0.89717
0.84739
0.80979
0.78507
0.77291
0.77225
0.78151
0.79889
0.82263
0.8512
0.88347
0.91866
0.95624
0.99576
1.0366
1.0777
1.1177
1.1547
1.1867
1.2116
1.2274
1.2327
1.227
1.2102
1.1838
1.1499
1.1117
1.0731
1.0385
1.0121
0.99751
0.99768
1.014
1.0463
1.0927
1.1493
1.211
1.2717
1.3252
1.3659
1.3898
1.3948
1.3806
1.3493
1.3044
1.2507
1.1938
1.1391
1.0915
1.0547
1.0312
1.0216
1.025
1.0391
1.06
1.0828
1.1023
1.1136
1.1128
1.0979
1.069
1.0282
0.97949
0.92769
0.87792
0.8348
0.802
0.78209
0.7765
0.78569
0.80916
0.84538
0.89173
0.94442
0.99858
1.0487
1.0892
1.115
1.1224
1.1094
1.076
1.0245
0.95841
0.88281
0.80316
0.72477
0.6522
0.58887
0.53689
0.4973
0.47031
0.45563
0.45267
0.46054
0.47804
0.50343
0.53442
0.56824
0.60204
0.63329
0.66026
0.68225
0.69968
0.71389
0.72688
0.74108
0.75914
0.78378
0.81767
0.86337
0.92299
0.9979
1.0882
1.1924
1.307
1.4268
1.5453
1.6557
1.7466
1.8136
1.8582
1.8753
1.8611
1.8173
1.7526
1.6777
1.5997
1.519
1.4328
1.3369
1.2349
1.1377
1.0604
1.0193
1.0234
1.0826
1.1949
1.3371
1.4615
1.505
1.4356
1.2687
1.0623
0.89843
0.84801
0.95068
1.201
1.5485
1.908
2.1997
2.3642
2.3762
2.2165
1.8863
1.4276
0.93843
0.54883
0.34072
0.30004
0.39412
0.61599
0.90286
1.1502
1.2742
1.264
1.1781
1.1039
1.1157
1.2443
1.473
1.7368
1.9361
1.9844
1.836
1.5077
1.09
0.69954
0.44762
0.34731
0.37419
0.49604
0.66478
0.82731
0.92763
0.9541
0.92936
0.90609
0.92358
0.97923
1.0445
1.073
1.0328
0.93413
0.83197
0.79887
0.89425
1.1529
1.5451
1.9685
2.3023
2.4663
2.4416
2.2694
2.0298
1.7979
1.6123
1.4613
1.3173
1.1558
0.97881
0.82388
0.72106
0.69477
0.74929
0.87797
1.0553
1.2281
1.3699
1.4496
1.4509
1.3758
1.2463
1.1018
0.96282
0.84989
0.76852
0.72387
0.71189
0.74161
0.81451
0.93085
1.0881
1.2564
1.4096
1.5216
1.597
1.662
1.7441
1.8654
2.0116
2.1429
2.2263
2.225
2.1268
1.9444
1.7197
1.5018
1.3166
1.2013
1.1929
1.3137
1.5696
1.9319
2.3449
2.7367
3.024
3.1703
3.1655
3.0544
2.8922
2.7099
2.5085
2.2626
1.9494
1.5643
1.1582
0.82
0.63568
0.62554
0.81027
1.1716
1.6407
2.1137
2.5079
2.7813
2.9064
2.91
2.8168
2.6731
2.5114
2.3524
2.1932
1.995
1.7387
1.4164
1.0766
0.78163
0.61323
0.59801
0.71971
0.93473
1.1401
1.2462
1.1999
1.046
0.87622
0.77864
0.80455
0.94614
1.1584
1.3599
1.4964
1.5696
1.6237
1.7341
1.9435
2.251
2.6015
2.9019
3.0497
2.9854
2.7103
2.2776
1.7698
1.2761
0.88655
0.62395
0.47856
0.42259
0.44373
0.54139
0.72253
0.99887
1.3493
1.7418
2.129
2.4679
2.7058
2.8126
2.7683
2.5601
2.2005
1.7341
1.2292
0.76545
0.42537
0.24423
0.17073
0.16249
0.20057
0.28433
0.43132
0.64901
0.94005
1.2641
1.5889
1.8801
2.0989
2.2227
2.2455
2.1784
2.0318
1.8305
1.618
1.4165
1.2486
1.1319
1.072
1.0687
1.1111
1.1911
1.2863
1.3834
1.4655
1.5311
1.5588
1.5477
1.5321
1.527
1.5677
1.6571
1.7734
1.8721
1.8805
1.7721
1.5302
1.1928
0.85534
0.59385
0.45481
0.4258
0.47113
0.53672
0.56629
0.55132
0.50564
0.44817
0.42598
0.48323
0.62227
0.80803
0.968
1.0455
1.0103
0.87417
0.69084
0.52709
0.41887
0.37441
0.37296
0.39978
0.48467
0.64456
0.90373
1.2709
1.7268
2.2061
2.6011
2.8507
2.9363
2.8883
2.7598
2.587
2.409
2.2399
2.1191
2.0596
2.0645
2.1576
2.3373
2.5806
2.8042
2.9486
2.9906
2.9504
2.8784
2.8213
2.764
2.6639
2.4664
2.1441
1.7218
1.2737
0.94676
0.8264
0.9507
1.2992
1.7772
2.2321
2.541
2.6501
2.5607
2.3258
2.0053
1.6646
1.3503
1.1088
1.0024
1.0657
1.3385
1.8097
2.3938
2.9569
3.3415
3.4396
3.2131
2.7449
2.2028
1.7483
1.488
1.4522
1.6113
1.8739
2.1399
2.3484
2.4712
2.4827
2.3866
2.2025
1.9765
1.7734
1.6579
1.6897
1.8523
2.0897
2.2778
2.3028
2.1289
1.8146
1.4644
1.1673
0.97531
0.8791
0.83707
0.80324
0.75293
0.70407
0.67906
0.68831
0.74214
0.84176
0.97133
1.1133
1.26
1.408
1.5491
1.6741
1.78
1.8659
1.9351
1.9892
2.023
2.037
2.0379
2.0263
2.0024
1.9661
1.9174
1.8578
1.7893
1.7154
1.6398
1.5663
1.4984
1.4384
1.3882
1.3488
1.3211
1.3054
1.3019
1.3105
1.3303
1.3601
1.3976
1.4406
1.4862
1.5322
1.5765
1.6177
1.6548
1.6873
1.7151
1.7382
1.7572
1.7727
1.7865
1.8003
1.8165
1.837
1.8629
1.8942
1.9288
1.9633
1.9925
2.0106
2.0121
1.9921
1.9478
1.8784
1.7852
1.6719
1.5438
1.4078
1.2711
1.1415
1.0259
0.93017
0.85867
0.81415
0.7981
0.81117
0.85325
0.92315
1.018
1.1324
1.259
1.3883
1.5102
1.6153
1.6956
1.7456
1.7629
1.7481
1.7046
1.6378
1.5545
1.4619
1.3666
1.275
1.1922
1.1226
1.0698
1.0362
1.0233
1.0317
1.0602
1.1065
1.1666
1.2355
1.3072
1.3761
1.4372
1.4871
1.5241
1.5479
1.5599
1.5623
1.5579
1.5492
1.5388
1.5286
1.52
1.5139
1.5109
1.5116
1.5164
1.5261
1.5415
1.5636
1.593
1.6298
1.6739
1.7242
1.7792
1.8369
1.8952
1.9518
2.0046
2.0519
2.0918
2.1227
2.1431
2.1515
2.1463
2.1264
2.0908
2.0394
1.9728
1.8929
1.8031
1.7075
1.6117
1.5211
1.4415
1.3773
1.3321
1.3074
1.3033
1.3182
1.3489
1.3914
1.4411
1.4934
1.5442
1.5903
1.6299
1.6579
1.6755
1.689
1.7022
1.7127
1.7135
1.7006
1.6733
1.6382
1.6056
1.5913
1.6032
1.6466
1.7249
1.8174
1.9122
2.0099
2.1192
2.2168
2.2809
2.2698
2.1792
2.0163
1.814
1.6656
1.5602
1.5672
1.5778
1.5256
1.3849
1.2227
1.1102
1.0386
1.1523
1.3877
1.6754
1.8263
1.8435
1.7353
1.5018
1.301
1.1831
1.1831
1.2753
1.4474
1.5896
1.6164
1.4971
1.2818
1.0439
0.83079
0.75956
0.84211
1.1161
1.5055
1.8673
2.0981
2.1338
2.099
1.9675
1.8152
1.703
1.6932
1.8148
1.9236
2.0171
2.0079
1.9426
1.8333
1.6881
1.4738
1.1987
0.96511
0.80137
0.74914
0.74231
0.77371
0.76481
0.76246
0.76213
0.73267
0.69205
0.65557
0.64078
0.62157
0.63938
0.61042
0.54483
0.53349
0.69835
1.0016
1.3282
1.7064
2.057
2.3561
2.4676
2.408
2.1892
1.8652
1.5998
1.3575
1.2157
1.1251
1.1401
1.2266
1.3575
1.5529
1.7815
1.9852
2.1151
2.1789
2.1137
1.9438
1.7212
1.5679
1.5507
1.5786
1.6414
1.6044
1.4956
1.3348
1.0908
0.83804
0.61234
0.53258
0.55875
0.69452
0.91113
1.2111
1.5168
1.796
2.0283
2.0975
1.9953
1.7579
1.5016
1.2089
0.8732
0.59825
0.42753
0.32142
0.29951
0.38791
0.58116
0.83709
1.1054
1.3842
1.5512
1.5968
1.547
1.4365
1.3747
1.341
1.291
1.182
1.0482
0.96644
0.83254
0.63984
0.60546
0.78238
1.077
1.3902
1.7175
2.0259
2.1738
2.1198
1.9663
1.7524
1.5124
1.3097
1.1402
1.0903
1.1335
1.2615
1.4806
1.7825
2.1154
2.4522
2.7193
2.8703
2.8484
2.7045
2.5234
2.2839
2.0301
1.804
1.7061
1.6707
1.6753
1.713
1.7691
1.8427
1.8716
1.9025
1.9065
1.9058
1.9156
1.8452
1.7174
1.4896
1.2123
0.88824
0.57716
0.37828
0.27525
0.29296
0.43953
0.68937
0.99423
1.3055
1.5808
1.8249
2.0014
2.1007
2.0698
1.8921
1.6343
1.3047
0.93231
0.59625
0.4127
0.43269
0.56257
0.77638
1.0127
1.2745
1.4699
1.5486
1.5373
1.4285
1.3267
1.1727
0.96274
0.71022
0.49396
0.34743
0.23251
0.296
0.52351
0.87612
1.1793
1.3897
1.5025
1.4318
1.3108
1.2088
1.2484
1.3914
1.6191
1.8238
1.9101
1.8624
1.6967
1.5089
1.3742
1.3497
1.4108
1.5494
1.7601
2.0002
2.1825
2.2807
2.3501
2.3616
2.3015
2.192
2.073
2.0376
2.1061
2.335
2.6327
2.9051
3.0496
2.9642
2.6643
2.2061
1.7428
1.3334
1.0394
0.87298
0.82594
0.82604
0.79832
0.74008
0.61686
0.54666
0.48346
0.41756
0.39486
0.41058
0.52982
0.64606
0.74865
0.80952
0.76376
0.76321
0.75218
0.66736
0.56813
0.54572
0.56323
0.48836
0.42899
0.46856
0.53877
0.60579
0.68708
0.81188
0.83169
0.77526
0.74192
0.7434
0.84614
1.0277
1.3615
1.7128
1.9487
1.9916
1.7783
1.5458
1.2268
0.87557
0.61296
0.53977
0.68654
0.81607
0.98889
1.2423
1.4867
1.5949
1.554
1.3841
1.1612
0.93831
0.75203
0.62427
0.50235
0.44403
0.41585
0.45844
0.53656
0.66727
0.86747
1.0148
1.082
1.0191
0.89788
0.82138
0.86354
1.0202
1.2035
1.3332
1.391
1.3536
1.2118
1.0621
1.0049
1.0815
1.2594
1.462
1.6637
1.7727
1.8107
1.7701
1.6719
1.581
1.5331
1.5773
1.6836
1.8362
1.9952
2.1206
2.2035
2.2635
2.3076
2.3511
2.3938
2.427
2.4425
2.4377
2.4198
2.3922
2.3502
2.2941
2.2326
2.1677
2.1016
2.0359
1.9718
1.9101
1.8509
1.7943
1.7397
1.6867
1.635
1.5845
1.5357
1.4894
1.4472
1.4107
1.3819
1.3624
1.3537
1.3564
1.3703
1.394
1.4254
1.4612
1.4975
1.5303
1.5557
1.5703
1.572
1.5596
1.5331
1.4937
1.4435
1.3852
1.3218
1.2566
1.1924
1.132
1.0776
1.0309
0.99314
0.96494
0.94664
0.93824
0.9396
0.95044
0.97048
0.99944
1.037
1.0829
1.1368
1.1981
1.2665
1.341
1.4209
1.505
1.5919
1.6804
1.7688
1.8557
1.9397
2.0199
2.0957
2.167
2.234
2.2974
2.3579
2.4163
2.4731
2.5284
2.5818
2.6323
2.6782
2.7176
2.7481
2.7677
2.7744
2.7671
2.7455
2.7105
2.664
2.609
2.549
2.4881
2.4301
2.3779
2.3337
2.2984
2.2713
2.2509
2.2343
2.2183
2.1992
2.1739
2.1395
2.0943
2.0378
1.9707
1.8951
1.8143
1.7326
1.6546
1.5852
1.5286
1.4881
1.4658
1.4623
1.4767
1.5066
1.5484
1.5975
1.6487
1.6967
1.7364
1.7634
1.7746
1.768
1.7434
1.7018
1.6454
1.5775
1.5019
1.4224
1.3426
1.2657
1.1942
1.13
1.0742
1.0275
0.99014
0.96206
0.94287
0.93205
0.92892
0.93275
0.94274
0.95814
0.97823
1.0023
1.0297
1.0598
1.0915
1.1239
1.1528
1.1766
1.1968
1.2128
1.2225
1.2173
1.1943
1.153
1.1119
1.1078
1.1511
1.2273
1.2964
1.3114
1.2635
1.1273
0.93791
0.81625
0.84835
1.0754
1.389
1.6952
1.9324
2.0031
1.9233
1.7437
1.5771
1.5067
1.5113
1.5317
1.5514
1.481
1.3002
1.0526
0.83754
0.7553
0.79161
0.9637
1.2427
1.5915
1.9704
2.2522
2.386
2.3424
2.1495
1.8492
1.4688
1.127
0.87149
0.75825
0.76374
0.86914
1.0592
1.287
1.5336
1.7301
1.848
1.8998
1.9329
1.9439
1.9288
1.9169
1.9125
1.9427
1.946
1.9353
1.9006
1.8653
1.8837
1.9037
1.8906
1.8787
1.9065
1.9636
2.0522
2.1849
2.3585
2.4944
2.5495
2.5551
2.5096
2.4532
2.4004
2.3713
2.338
2.2775
2.1795
1.9906
1.6975
1.3396
0.99918
0.7059
0.50351
0.38883
0.33879
0.29954
0.33642
0.39645
0.42375
0.37116
0.35879
0.38779
0.3359
0.26701
0.21058
0.21355
0.28471
0.48421
0.85442
1.3362
1.7889
2.1456
2.2842
2.2325
2.0096
1.6526
1.2431
0.90789
0.71233
0.69106
0.81418
1.0662
1.4323
1.8173
2.1981
2.4461
2.5928
2.6525
2.6834
2.7129
2.7558
2.8444
2.906
2.8743
2.6591
2.312
1.8123
1.2581
0.76224
0.42389
0.28217
0.26774
0.34224
0.40581
0.43265
0.44247
0.43086
0.43797
0.49864
0.66962
0.9461
1.2701
1.5833
1.8122
1.9193
1.8919
1.7517
1.5042
1.2494
0.99512
0.79977
0.65674
0.55345
0.47654
0.39094
0.33768
0.31914
0.38769
0.62103
1.0416
1.5996
2.1501
2.6196
2.9085
2.9587
2.7868
2.4592
2.1186
1.845
1.7199
1.7188
1.8388
1.9806
2.0831
2.0595
1.9284
1.7771
1.6653
1.6351
1.6733
1.7894
1.8978
1.9414
1.9249
1.8875
1.8813
1.956
2.1576
2.4838
2.8834
3.2884
3.6079
3.742
3.6336
3.3047
2.8255
2.3556
2.0078
1.8443
1.8261
1.8618
1.8582
1.7368
1.5163
1.2815
1.142
1.1441
1.2898
1.4892
1.6408
1.6492
1.5169
1.3109
1.0929
0.94265
0.8663
0.85651
0.86699
0.86156
0.84299
0.80266
0.77212
0.74683
0.72395
0.69426
0.6412
0.56119
0.47085
0.41208
0.39786
0.42489
0.4884
0.62904
0.81476
1.0178
1.2121
1.3826
1.5414
1.6676
1.7773
1.8552
1.9059
1.9205
1.8667
1.7197
1.4887
1.211
0.904
0.62473
0.42862
0.34305
0.35072
0.45385
0.66969
0.96245
1.282
1.5768
1.8257
2.0099
2.118
2.1262
2.0001
1.7421
1.3973
1.0372
0.7239
0.52332
0.47043
0.56618
0.78781
1.0961
1.4401
1.77
2.0578
2.2685
2.3865
2.3975
2.3173
2.1412
1.844
1.4706
1.0906
0.80469
0.68776
0.76448
1.0432
1.4555
1.8968
2.257
2.463
2.5249
2.5082
2.4714
2.4333
2.3803
2.2852
2.1303
1.9397
1.8061
1.7812
1.9053
2.1451
2.4249
2.6427
2.7186
2.6617
2.4887
2.2698
2.0547
1.8698
1.712
1.5901
1.539
1.5754
1.6861
1.8357
1.9653
2.01
1.9259
1.6984
1.3676
1.0361
0.80382
0.71654
0.75464
0.90553
1.1708
1.5053
1.8398
2.1303
2.352
2.4995
2.5767
2.5867
2.5426
2.4598
2.3498
2.2008
1.9936
1.7472
1.4951
1.2514
1.0488
0.88959
0.78638
0.71676
0.68997
0.70469
0.74823
0.83846
0.98032
1.159
1.3055
1.397
1.4346
1.4698
1.53
1.6532
1.8244
2.0092
2.1707
2.2172
2.1021
1.7992
1.4893
1.2511
1.0813
0.96032
0.8723
0.97848
1.0829
1.1205
1.0849
1.1052
1.2908
1.4894
1.7386
1.9966
2.2379
2.296
2.0955
1.8238
1.4802
1.0885
0.72974
0.54936
0.52577
0.52787
0.60253
0.79717
1.0658
1.3418
1.6234
1.8238
1.9281
1.9603
1.9506
1.8909
1.749
1.5584
1.356
1.2172
1.2086
1.3149
1.5029
1.681
1.7648
1.6804
1.4196
1.1159
0.88359
0.75311
0.75457
0.81144
0.87746
0.87816
0.84259
0.83105
0.86542
1.0007
1.1891
1.3754
1.4962
1.5566
1.6041
1.6788
1.8399
2.068
2.2958
2.4492
2.4753
2.3561
2.1634
1.9743
1.8416
1.7766
1.7832
1.8382
1.8496
1.7848
1.671
1.5561
1.4325
1.2977
1.1749
1.0523
0.90495
0.83836
0.86454
0.90994
0.92753
0.8775
0.87793
0.83879
0.75126
0.693
0.64966
0.66997
0.62733
0.54519
0.45066
0.42999
0.63022
1.0104
1.5218
1.973
2.2791
2.3761
2.2276
1.9593
1.6637
1.4904
1.4284
1.4022
1.3668
1.3024
1.2565
1.2716
1.3866
1.6105
1.8586
2.1002
2.3152
2.4274
2.4226
2.3367
2.2142
2.0645
1.8575
1.6743
1.5778
1.6196
1.8242
2.1153
2.3838
2.4781
2.3727
2.037
1.5389
0.99221
0.55568
0.30333
0.17806
0.16199
0.18275
0.26651
0.41648
0.67242
1.0531
1.4532
1.8282
2.0873
2.2394
2.3272
2.332
2.2735
2.1625
2.0543
1.941
1.828
1.7672
1.7852
1.8589
1.9326
1.9469
1.8879
1.7508
1.6081
1.507
1.4649
1.5185
1.6206
1.7245
1.7758
1.7686
1.722
1.6158
1.4822
1.3222
1.1573
1.015
0.91193
0.85701
0.81696
0.82296
0.84944
0.87118
0.87979
0.9108
1.0106
1.1556
1.3346
1.4729
1.5177
1.439
1.2514
1.0228
0.80903
0.69109
0.69375
0.80484
0.99768
1.2403
1.482
1.7039
1.9036
2.1123
2.3164
2.4846
2.5971
2.621
2.5679
2.4347
2.2479
2.0342
1.8394
1.7227
1.677
1.7021
1.799
1.9379
2.074
2.1381
2.1246
2.0427
1.9275
1.8263
1.7727
1.7784
1.8263
1.888
1.9218
1.9316
1.9392
1.9404
1.9187
1.8584
1.7752
1.6884
1.6162
1.6132
1.7006
1.8584
2.045
2.204
2.3075
2.3471
2.3348
2.3138
2.2701
2.2293
2.1705
2.0901
1.9978
1.893
1.7905
1.691
1.633
1.6128
1.6416
1.704
1.8398
1.993
2.1231
2.1974
2.1725
2.0451
1.7948
1.4608
1.0751
0.73237
0.47086
0.31168
0.26107
0.27537
0.34048
0.39348
0.44953
0.51952
0.58166
0.67086
0.79792
0.97618
1.1498
1.2813
1.3594
1.3688
1.2902
1.11
0.89977
0.70369
0.51848
0.41227
0.38693
0.43317
0.50745
0.55699
0.56424
0.50865
0.39657
0.30819
0.2384
0.21403
0.25155
0.31676
0.43457
0.57016
0.73655
0.87978
0.9833
1.0256
1.0209
0.94469
0.81486
0.66358
0.5232
0.45234
0.41777
0.42119
0.441
0.49474
0.55688
0.60018
0.62144
0.62771
0.62236
0.59964
0.57089
0.52823
0.49307
0.49226
0.5293
0.58712
0.66986
0.75571
0.84488
0.94297
1.0791
1.2787
1.5102
1.753
1.9996
2.2318
2.4543
2.6566
2.8168
2.914
2.9138
2.8173
2.6098
2.315
1.9873
1.6808
1.428
1.2409
1.1129
1.032
0.99359
0.99335
1.0328
1.1158
1.2435
1.405
1.5907
1.7894
1.9891
2.1807
2.3594
2.5172
2.648
2.7474
2.8133
2.8452
2.8444
2.8138
2.7575
2.6807
2.5892
2.4896
2.3884
2.2921
2.2065
2.1364
2.0852
2.0545
2.0438
2.0506
2.0704
2.0976
2.126
2.1496
2.1638
2.1656
2.1545
2.132
2.1014
2.0675
2.0348
2.0077
1.9889
1.9797
1.9791
1.9847
1.9922
1.997
1.9938
1.9779
1.9456
1.8943
1.8233
1.7335
1.6276
1.5099
1.3858
1.2615
1.1432
1.0365
0.94555
0.87312
0.82009
0.78586
0.76868
0.76599
0.77474
0.79164
0.81345
0.83727
0.8608
0.88255
0.90186
0.9188
0.934
0.94834
0.96269
0.97764
0.99335
1.0095
1.0254
1.0401
1.0528
1.0627
1.0698
1.0745
1.0778
1.081
1.0853
1.0916
1.1001
1.1099
1.1193
1.1259
1.1266
1.1187
1.0998
1.0689
1.0262
0.97372
0.91457
0.85282
0.79287
0.73879
0.69386
0.66033
0.63945
0.63155
0.63631
0.65289
0.6799
0.71549
0.75723
0.80226
0.84737
0.8894
0.92555
0.95388
0.97358
0.98525
0.99086
0.99354
0.99714
1.0057
1.023
1.0517
1.0936
1.1488
1.216
1.2922
1.3738
1.4565
1.5361
1.6088
1.6721
1.7242
1.7643
1.7925
1.8091
1.8148
1.8104
1.7964
1.7741
1.7448
1.7108
1.6754
1.6426
1.6171
1.6037
1.6067
1.629
1.6716
1.7335
1.8068
1.8857
1.9677
2.0458
2.1161
2.1782
2.2368
2.2919
2.3356
2.3481
2.3099
2.2134
2.0669
1.9002
1.7513
1.6583
1.599
1.548
1.4863
1.4248
1.3835
1.3981
1.533
1.7964
2.1337
2.4362
2.5956
2.5429
2.2998
1.9578
1.6174
1.3652
1.2401
1.2395
1.3249
1.4727
1.6597
1.8458
1.9866
2.0726
2.0851
1.9861
1.7828
1.4881
1.1415
0.82688
0.57775
0.45257
0.42927
0.52769
0.75889
1.0894
1.5108
1.94
2.3202
2.5735
2.7082
2.7028
2.5572
2.2762
1.9137
1.5509
1.182
0.86396
0.6137
0.49893
0.54382
0.7345
1.047
1.3858
1.6993
1.9063
1.966
1.8952
1.7859
1.6803
1.603
1.5487
1.5094
1.469
1.4127
1.4033
1.4586
1.6143
1.8506
2.1398
2.3874
2.5143
2.4839
2.2659
1.942
1.591
1.3143
1.1345
1.023
0.96526
0.89549
0.82269
0.78923
0.84159
1.048
1.3661
1.7342
2.001
2.1029
2.0791
1.983
1.8873
1.8356
1.8578
1.8917
1.8417
1.6339
1.3157
1.0078
0.82099
0.82891
1.0287
1.4141
1.9041
2.3342
2.5593
2.5268
2.2718
1.8674
1.412
1.0283
0.77174
0.60722
0.5961
0.64243
0.66403
0.62215
0.67736
0.8801
1.1238
1.4215
1.7001
1.8813
1.8264
1.5548
1.1941
0.84602
0.59377
0.46711
0.43703
0.48791
0.52664
0.51511
0.5853
0.80063
1.1436
1.5829
2.0729
2.5793
2.9276
3.0592
2.998
2.7641
2.3946
1.9158
1.4362
1.0011
0.70039
0.53256
0.52018
0.60628
0.75717
0.99268
1.2946
1.7341
2.2929
2.9441
3.5634
4.0136
4.1805
3.9787
3.464
2.8251
2.2688
1.9005
1.7762
1.7857
1.7967
1.692
1.4302
1.0817
0.70021
0.42554
0.28968
0.26869
0.32505
0.43892
0.57275
0.76306
1.0243
1.3788
1.782
2.1643
2.5485
2.8433
3.0312
3.1048
3.069
2.942
2.7158
2.469
2.2105
2.0148
1.8763
1.795
1.713
1.6055
1.5641
1.5117
1.4986
1.5104
1.5657
1.6173
1.5612
1.4337
1.1988
0.97153
0.7893
0.68744
0.6628
0.69975
0.89322
1.1359
1.4229
1.6963
1.9156
2.0407
2.0328
1.9612
1.7938
1.5809
1.4357
1.3304
1.2176
1.0006
0.79718
0.69114
0.69545
0.84999
1.1048
1.4518
1.8095
2.1062
2.2541
2.2563
2.1939
2.1244
1.996
1.8081
1.5527
1.3099
1.116
0.97458
0.91073
0.87611
0.93896
1.0098
1.0424
1.0534
1.1383
1.3261
1.5367
1.7191
1.7851
1.7281
1.494
1.144
0.76516
0.439
0.25134
0.16132
0.19516
0.37763
0.63794
0.9158
1.1539
1.355
1.4942
1.5064
1.4634
1.4448
1.4648
1.5022
1.5156
1.5287
1.4702
1.3311
1.1645
1.0079
0.91294
0.82566
0.77585
0.73655
0.70307
0.68958
0.63876
0.60701
0.65456
0.77606
0.93897
1.1091
1.2715
1.3715
1.3431
1.2298
1.1097
1.0002
0.99264
1.0937
1.2775
1.472
1.5838
1.6461
1.5886
1.4905
1.3686
1.2751
1.2484
1.2649
1.2805
1.211
1.1171
1.0299
0.9733
0.93988
0.99364
1.1632
1.3897
1.6361
1.8174
1.889
1.8485
1.751
1.6047
1.4159
1.2444
1.1367
1.126
1.1868
1.3748
1.659
1.9586
2.2516
2.4307
2.4931
2.4447
2.3442
2.2703
2.2352
2.2685
2.3021
2.2762
2.2176
2.1237
1.9282
1.6488
1.3288
1.0397
0.77827
0.57497
0.51987
0.65038
0.95844
1.397
1.8852
2.2863
2.5395
2.5745
2.4196
2.1422
1.8243
1.5724
1.3739
1.2672
1.2416
1.2722
1.3971
1.6213
1.9433
2.31
2.6704
2.9574
3.0601
2.9643
2.7355
2.4592
2.1724
1.9359
1.7593
1.6622
1.6009
1.5448
1.5119
1.4951
1.5919
1.7147
1.8218
1.8608
1.8559
1.8226
1.714
1.6665
1.6711
1.7343
1.7409
1.6304
1.3869
1.0493
0.68157
0.38693
0.23204
0.22898
0.38903
0.65225
0.95848
1.1837
1.2421
1.1354
0.94683
0.73966
0.59765
0.59116
0.74827
1.05
1.3321
1.5074
1.5594
1.4466
1.2559
1.0021
0.74214
0.5147
0.36699
0.41147
0.63883
1.0288
1.5667
2.1448
2.6446
2.9493
2.9965
2.8286
2.5301
2.2235
1.9802
1.7709
1.6756
1.6822
1.717
1.7691
1.8552
2.0322
2.2389
2.4507
2.6209
2.6911
2.6676
2.5714
2.4162
2.2161
2.0636
2.0024
2.0066
2.0068
1.9886
1.9454
1.8551
1.7194
1.5628
1.47
1.4683
1.5553
1.6337
1.6483
1.5873
1.4163
1.1413
0.84593
0.69955
0.72716
0.89471
1.1225
1.3356
1.469
1.4781
1.4379
1.3222
1.2128
1.1197
1.0471
0.96906
0.87351
0.87576
0.91214
1.0244
1.1774
1.3461
1.4438
1.4047
1.3271
1.2446
1.2006
1.1875
1.2421
1.3184
1.3777
1.3529
1.2275
1.0957
1.0183
1.0212
1.068
1.1755
1.3196
1.4272
1.4687
1.4294
1.3571
1.2339
1.2093
1.3225
1.5227
1.786
2.0353
2.298
2.4798
2.6176
2.7432
2.8905
3.0682
3.2464
3.352
3.3138
3.1403
2.8375
2.4685
2.0852
1.7596
1.5269
1.3723
1.3056
1.2958
1.3334
1.41
1.5158
1.641
1.7731
1.9041
2.0212
2.1166
2.1872
2.2388
2.2709
2.2737
2.2454
2.1955
2.1292
2.052
1.9693
1.8858
1.8059
1.7329
1.67
1.6197
1.5847
1.567
1.5681
1.5888
1.6284
1.6851
1.7553
1.8341
1.9156
1.9933
2.0611
2.1135
2.1464
2.1572
2.1451
2.1108
2.0565
1.9851
1.9006
1.8068
1.7076
1.6069
1.5078
1.4133
1.3255
1.2466
1.1779
1.1206
1.0753
1.0421
1.0208
1.0104
1.0093
1.0154
1.0262
1.0388
1.0506
1.0587
1.0612
1.0564
1.0438
1.0235
0.99645
0.96432
0.92942
0.89444
0.86232
0.83597
0.81817
0.81143
0.81784
0.83899
0.8758
0.92838
0.99572
1.0755
1.1643
1.2575
1.3497
1.4358
1.5107
1.5706
1.6124
1.6344
1.6359
1.6171
1.5789
1.5231
1.4519
1.3687
1.2777
1.1837
1.0924
1.0092
0.93937
0.88683
0.85431
0.8432
0.85363
0.88465
0.93425
0.99949
1.0767
1.1618
1.2509
1.3402
1.4267
1.5077
1.5806
1.6432
1.6927
1.7269
1.7436
1.7412
1.7195
1.6791
1.6221
1.5513
1.4701
1.3822
1.2911
1.1997
1.1108
1.0266
0.94909
0.88007
0.8211
0.77359
0.73881
0.71784
0.71168
0.72113
0.74678
0.78882
0.84672
0.91903
1.0032
1.0958
1.1926
1.2891
1.3812
1.4654
1.5388
1.5993
1.6457
1.6768
1.6921
1.691
1.6737
1.6406
1.5933
1.5346
1.4683
1.3994
1.3302
1.2665
1.217
1.1874
1.1785
1.1849
1.1984
1.2158
1.243
1.2879
1.3421
1.3755
1.3715
1.3149
1.2063
1.1225
1.156
1.3578
1.6787
2.0385
2.3486
2.4677
2.3664
2.0856
1.741
1.4337
1.251
1.217
1.2909
1.4264
1.567
1.6779
1.7425
1.7834
1.8116
1.8443
1.8764
1.9052
1.908
1.8673
1.7951
1.6927
1.5725
1.4478
1.3657
1.3436
1.3948
1.511
1.6779
1.8559
1.9677
1.9635
1.7798
1.4604
1.0786
0.73613
0.5121
0.41727
0.47075
0.64459
0.91753
1.2355
1.5507
1.8219
2.0043
2.0573
1.9383
1.6514
1.2645
0.848
0.51353
0.33783
0.35735
0.58081
1.0024
1.562
2.0855
2.4251
2.489
2.2838
1.8972
1.4328
1.0191
0.74044
0.58358
0.51153
0.45696
0.42243
0.39342
0.40978
0.49608
0.65159
0.8442
0.98815
1.0465
0.96852
0.79147
0.56362
0.37555
0.26214
0.20936
0.20561
0.23041
0.30595
0.40597
0.51632
0.62216
0.71398
0.7817
0.7978
0.77777
0.7258
0.66737
0.61053
0.56147
0.54016
0.58036
0.72009
0.97051
1.3006
1.6499
1.9392
2.0613
1.9669
1.6641
1.2576
0.85408
0.58228
0.49669
0.57285
0.79251
1.1209
1.4995
1.8689
2.1975
2.4895
2.7274
2.8614
2.8524
2.666
2.3399
1.9497
1.6144
1.4361
1.5092
1.8499
2.3945
3.0292
3.628
4.0659
4.2486
4.1473
3.7704
3.1718
2.4271
1.6683
1.0251
0.61931
0.49228
0.61929
1.0161
1.6023
2.2458
2.7889
3.1368
3.2748
3.2181
3.0444
2.8243
2.6295
2.478
2.3512
2.2311
2.0992
1.9634
1.8749
1.8691
1.9534
2.1132
2.3171
2.5128
2.6328
2.6643
2.6617
2.6839
2.7738
2.933
3.1347
3.2954
3.3351
3.2236
2.9823
2.7016
2.4563
2.3143
2.2641
2.2531
2.2135
2.0728
1.8358
1.559
1.3241
1.1707
1.0968
1.0753
1.0444
0.9971
0.94723
0.93775
0.97758
1.0809
1.2319
1.3543
1.3972
1.3661
1.313
1.2887
1.3418
1.4607
1.6199
1.7418
1.781
1.6867
1.4554
1.1786
0.93024
0.78592
0.78191
0.93235
1.2017
1.4951
1.7004
1.7396
1.5865
1.3084
1.0259
0.82648
0.77253
0.8571
1.0157
1.1588
1.2284
1.2643
1.3093
1.4091
1.5967
1.8185
2.0072
2.1156
2.1546
2.1607
2.172
2.2248
2.2934
2.3015
2.2107
2.0261
1.78
1.5581
1.4234
1.4061
1.4277
1.4116
1.3379
1.2256
1.1507
1.1442
1.214
1.3061
1.3716
1.3175
1.1194
0.83002
0.57471
0.47361
0.52071
0.7292
1.0238
1.3049
1.4795
1.5053
1.4107
1.2525
1.1266
1.0706
1.0674
1.0915
1.1355
1.2138
1.3131
1.4509
1.6361
1.851
2.0543
2.1814
2.1911
2.0896
1.9637
1.8647
1.8246
1.8297
1.8668
1.9045
1.8894
1.8384
1.8038
1.8686
2.0862
2.4568
2.8991
3.2827
3.4619
3.3434
2.9038
2.2952
1.6201
1.0173
0.62951
0.49256
0.56245
0.68957
0.89211
1.1763
1.4989
1.8553
2.2196
2.5734
2.8127
2.8562
2.6952
2.3459
1.9434
1.5855
1.3474
1.2268
1.1891
1.1983
1.1934
1.1577
1.1247
1.1595
1.2809
1.5049
1.7777
2.0107
2.1298
2.1064
1.9802
1.794
1.6106
1.4869
1.4513
1.4894
1.5955
1.7225
1.8063
1.8341
1.7997
1.7488
1.6884
1.6366
1.5939
1.5586
1.5578
1.576
1.61
1.6627
1.7523
1.8553
1.9369
1.9666
1.9416
1.8709
1.7727
1.6702
1.575
1.4887
1.4087
1.3317
1.2568
1.1778
1.0938
1.0075
0.92232
0.84322
0.77572
0.72237
0.6849
0.66411
0.65993
0.67151
0.69718
0.73446
0.78016
0.83058
0.88207
0.93147
0.97663
1.0166
1.0516
1.0828
1.1117
1.1401
1.1692
1.1997
1.2314
1.2638
1.2959
1.3264
1.3548
1.3807
1.4048
1.4281
1.4524
1.4796
1.5116
1.55
1.5955
1.6484
1.7081
1.7731
1.8412
1.9099
1.976
2.0362
2.0874
2.1265
2.1512
2.1599
2.1525
2.1297
2.0938
2.0479
1.9955
1.9405
1.886
1.8342
1.7861
1.7412
1.6981
1.6548
1.6091
1.5596
1.5058
1.4488
1.3909
1.3354
1.2862
1.2467
1.2196
1.2061
1.2059
1.2172
1.2374
1.2627
1.2897
1.315
1.3363
1.3522
1.3623
1.3672
1.3685
1.3678
1.3674
1.3694
1.3758
1.3883
1.4081
1.4358
1.4714
1.5139
1.5619
1.6134
1.6664
1.7189
1.7692
1.8162
1.8592
1.898
1.9323
1.9616
1.9848
2.0003
2.0058
1.9988
1.9766
1.9373
1.88
1.8052
1.715
1.6133
1.5051
1.3965
1.2939
1.2033
1.1303
1.0788
1.0516
1.05
1.0741
1.1226
1.1932
1.2824
1.3857
1.4984
1.6157
1.7331
1.8469
1.9543
2.0526
2.1396
2.2134
2.2716
2.312
2.3322
2.3302
2.3045
2.2544
2.1803
2.0838
1.9677
1.8364
1.695
1.5497
1.4069
1.2733
1.1549
1.0563
0.97851
0.92298
0.88925
0.86988
0.86048
0.86787
0.89059
0.92541
0.9699
1.0222
1.074
1.1114
1.1425
1.174
1.2235
1.2953
1.3931
1.5159
1.6026
1.6545
1.6266
1.5317
1.4095
1.3021
1.2668
1.2896
1.3961
1.5675
1.7711
1.9619
2.1624
2.37
2.634
2.9383
3.2108
3.3955
3.4678
3.4949
3.4433
3.3733
3.2838
3.1883
3.0344
2.7863
2.5257
2.2421
2.0559
1.979
2.0361
2.1374
2.1746
2.1179
1.9137
1.6255
1.3125
1.0289
0.76018
0.53222
0.36531
0.26241
0.20069
0.19908
0.36735
0.66255
1.0362
1.3431
1.5261
1.6018
1.5509
1.4516
1.3311
1.2931
1.3366
1.408
1.4375
1.4265
1.418
1.4195
1.4949
1.6297
1.8286
2.0397
2.2101
2.3052
2.2155
2.0146
1.7806
1.5816
1.4739
1.4226
1.4391
1.4625
1.4728
1.4378
1.3808
1.3336
1.3094
1.2385
1.0925
0.91868
0.712
0.53293
0.42265
0.40053
0.46395
0.53238
0.5751
0.65127
0.73749
0.85978
1.051
1.3791
1.8331
2.2776
2.6644
2.9433
3.0616
2.9794
2.6763
2.201
1.7267
1.3228
1.0047
0.75734
0.63372
0.58886
0.54525
0.56556
0.64467
0.83275
1.118
1.4827
1.8477
2.1156
2.3335
2.4865
2.5389
2.5259
2.4847
2.4216
2.326
2.1759
1.9966
1.7513
1.4265
1.1447
0.89179
0.69174
0.53076
0.56411
0.69795
0.78496
0.76748
0.71578
0.67265
0.63596
0.72482
0.98046
1.4448
1.977
2.4742
2.7878
2.8674
2.73
2.4177
2.0426
1.675
1.3198
1.0011
0.75074
0.5805
0.54089
0.67
1.0515
1.5914
2.1215
2.4895
2.5199
2.2526
1.7464
1.1395
0.61058
0.3226
0.30886
0.45676
0.69289
1.0177
1.4075
1.7596
2.0588
2.3055
2.481
2.5539
2.436
2.1412
1.8143
1.5452
1.3199
1.1024
0.90843
0.88899
0.89144
0.81873
0.75569
0.78716
0.9566
1.0914
1.1854
1.2507
1.2686
1.227
1.1212
1.0002
0.93423
0.94655
0.99165
0.9646
0.89137
0.80863
0.73062
0.66998
0.65226
0.70403
0.79536
0.88516
0.89059
0.79307
0.65019
0.57286
0.54544
0.50865
0.48837
0.56106
0.64711
0.66131
0.61157
0.56977
0.60283
0.62637
0.64314
0.65738
0.71956
0.86916
1.0483
1.2529
1.4533
1.618
1.7267
1.7606
1.7192
1.569
1.3321
1.1011
0.90019
0.72706
0.58148
0.50581
0.5397
0.67333
0.93417
1.2454
1.5334
1.773
1.9347
2.0275
1.994
1.8864
1.7294
1.5345
1.354
1.1549
0.96934
0.80907
0.74346
0.71943
0.71493
0.76662
0.91114
1.1848
1.5088
1.8871
2.2352
2.4735
2.5609
2.4697
2.3029
2.1531
2.1095
2.1221
2.1159
2.0487
1.8512
1.5938
1.3268
1.2036
1.3098
1.5776
1.9249
2.1499
2.1464
1.9229
1.5937
1.3051
1.2023
1.3477
1.6954
2.1167
2.377
2.4028
2.0997
1.6624
1.1704
0.80118
0.64281
0.69907
1.0049
1.3864
1.8609
2.2656
2.5754
2.7611
2.8316
2.8376
2.7589
2.6297
2.469
2.271
2.0268
1.7672
1.5109
1.292
1.12
1.0485
1.1246
1.2972
1.5734
1.8801
2.1349
2.3051
2.3361
2.2283
1.9477
1.5885
1.2424
0.94888
0.76334
0.7345
0.84276
0.99005
1.096
1.0985
1.0149
0.8785
0.75369
0.68828
0.68767
0.74863
0.77024
0.71353
0.60504
0.52508
0.55224
0.70067
0.99275
1.3515
1.6611
1.8226
1.8167
1.6704
1.4485
1.2408
1.1238
1.1282
1.2222
1.3869
1.5642
1.7231
1.8118
1.8046
1.6876
1.4983
1.2937
1.1015
0.98591
0.97952
1.1145
1.3515
1.6271
1.8854
2.052
2.1129
2.0905
2.0338
1.9881
1.9894
2.0272
2.0656
2.0594
2.0407
1.9849
1.88
