1.7368
1.7379
1.5951
1.4636
1.3639
1.2846
1.2568
1.3377
1.5686
1.8994
2.0156
1.9305
1.6874
1.3408
1.079
0.89791
0.79121
0.78024
0.81099
0.79885
0.84391
1.0202
1.3204
1.6751
2.0732
2.5015
2.6687
2.5126
2.1012
1.5717
1.1144
0.76729
0.48912
0.35187
0.47544
0.7906
1.1436
1.4786
1.8102
2.0761
2.1394
2.0294
1.7865
1.4909
1.1843
0.89325
0.63636
0.46298
0.37927
0.36516
0.36679
0.3626
0.51719
0.73822
0.95333
1.1069
1.2233
1.3143
1.1968
0.9398
0.63471
0.3792
0.23364
0.15176
0.13794
0.23993
0.45792
0.75216
1.0638
1.3844
1.672
1.8034
1.7601
1.5869
1.367
1.1255
0.90879
0.7633
0.7044
0.70274
0.69974
0.71835
0.74469
0.80035
0.86541
0.95058
1.0357
1.0666
1.0186
0.8795
0.7864
0.70267
0.60225
0.52809
0.49394
0.48125
0.42249
0.37011
0.4073
0.5527
0.78477
1.0355
1.1673
1.1351
1.0452
0.96736
0.88683
0.82989
0.84713
0.94125
0.96112
0.84515
0.68593
0.59922
0.59915
0.67961
0.82511
1.0014
1.0758
0.97106
0.87485
0.76142
0.60809
0.40891
0.32844
0.36972
0.35132
0.36862
0.5079
0.777
1.0696
1.3299
1.4878
1.4877
1.3005
1.076
0.89161
0.75239
0.69517
0.69823
0.72135
0.71061
0.71836
0.77403
0.89785
1.0853
1.3283
1.5187
1.5203
1.353
1.0774
0.81885
0.64097
0.58384
0.66883
0.83567
0.93639
0.9185
1.042
1.2304
1.4271
1.632
1.917
2.2135
2.2119
1.9768
1.5624
1.2465
1.0434
0.93477
0.86671
0.76986
0.88714
1.0586
1.2491
1.4554
1.7167
2.05
2.2304
2.1992
1.9984
1.6729
1.2772
0.91974
0.65036
0.43765
0.26051
0.1997
0.29778
0.50066
0.73231
0.97676
1.2409
1.4358
1.4995
1.3864
1.1158
0.91824
0.81634
0.80262
0.86491
1.0011
1.1823
1.198
1.0305
0.89263
0.83523
0.88237
1.0077
1.1657
1.3437
1.3423
1.1612
0.8825
0.60525
0.37612
0.23065
0.1533
0.13472
0.15789
0.1873
0.24147
0.30345
0.38865
0.50934
0.60218
0.64239
0.60066
0.51407
0.48303
0.46128
0.4257
0.38706
0.36541
0.36843
0.36685
0.36071
0.39636
0.48924
0.6409
0.78947
0.84531
0.85459
0.81122
0.74618
0.69199
0.64712
0.60069
0.52332
0.45668
0.39929
0.30347
0.29733
0.42418
0.66556
0.92882
1.1272
1.2494
1.175
1.0109
0.8576
0.76168
0.75402
0.84687
1.003
1.0418
1.0095
1.0667
1.178
1.322
1.477
1.6643
1.7462
1.5682
1.2354
0.87465
0.57745
0.39485
0.35916
0.39775
0.39948
0.497
0.66257
0.87614
1.0775
1.3006
1.579
1.6858
1.6038
1.3392
1.059
0.84372
0.68728
0.57739
0.50627
0.48622
0.58053
0.71977
0.89628
1.0853
1.3099
1.5542
1.5913
1.4258
1.1442
0.91495
0.72911
0.57436
0.47534
0.45202
0.43187
0.41336
0.46601
0.61308
0.88551
1.2308
1.579
1.754
1.6644
1.4863
1.3081
1.13
0.99088
0.94763
1.0294
1.0432
0.86856
0.751
0.7555
0.84207
0.96751
1.1054
1.2416
1.1767
0.98462
0.73524
0.47058
0.30194
0.2555
0.31111
0.37304
0.42579
0.514
0.55884
0.53563
0.47219
0.39328
0.35761
0.33896
0.31112
0.27718
0.2958
0.42594
0.571
0.72212
0.92138
1.2172
1.5199
1.7173
1.8005
1.7713
1.6576
1.4768
1.2847
1.1087
1.0033
0.96659
0.99541
1.0477
1.0787
1.1029
1.0982
1.072
1.0121
0.93141
0.83674
0.73813
0.65488
0.5873
0.48117
0.41983
0.46644
0.57866
0.63756
0.58241
0.75101
1.0247
1.2909
1.5095
1.7326
1.9953
2.0093
1.8191
1.5003
1.1597
0.84211
0.56647
0.38381
0.25092
0.27103
0.43805
0.73977
1.0789
1.3131
1.4492
1.3809
1.1702
0.93339
0.76949
0.75873
0.88869
1.0897
1.2135
1.121
1.0854
1.1378
1.2522
1.3917
1.5622
1.7788
1.7555
1.4878
1.1255
0.81575
0.60369
0.5094
0.54353
0.7044
0.89306
0.98749
0.91826
0.93687
1.1006
1.2955
1.4072
1.4493
1.4971
1.3654
1.1563
0.91331
0.73238
0.66743
0.71523
0.79078
0.71054
0.63645
0.67508
0.8359
1.0774
1.3624
1.6565
1.8004
1.6998
1.4166
1.158
0.96287
0.85303
0.84069
0.9056
0.94735
0.89648
0.91036
0.98452
1.0898
1.2045
1.3315
1.37
1.1936
0.94127
0.71515
0.55418
0.48774
0.54815
0.74455
0.92557
0.98145
0.88123
0.89181
0.93169
0.90077
0.80207
0.71556
0.71206
0.57265
0.3978
0.27557
0.22603
0.17818
0.23222
0.31094
0.32031
0.27108
0.30209
0.46122
0.59739
0.70745
0.80044
0.84373
0.74784
0.62393
0.49688
0.36996
0.27558
0.22607
0.23527
0.25077
0.29727
0.41186
0.62235
0.91795
1.2291
1.4583
1.5529
1.4956
1.2757
0.98141
0.68556
0.40558
0.25249
0.24625
0.35901
0.49212
0.61313
0.79433
0.97695
1.1332
1.26
1.3297
1.3136
1.203
1.0026
0.75449
0.49954
0.3102
0.22527
0.2261
0.28196
0.3659
0.47111
0.59553
0.74177
0.86363
0.93155
0.91285
0.80878
0.71386
0.60067
0.45736
0.29888
0.26639
0.35449
0.44724
0.5557
0.73797
1.0186
1.2784
1.4696
1.5464
1.4861
1.2665
1.0558
0.90871
0.8825
1.0064
1.2542
1.574
1.7597
1.7291
1.4796
1.3131
1.2286
1.2393
1.3252
1.4515
1.6085
1.5142
1.2461
0.90672
0.60355
0.42749
0.38272
0.43667
0.53384
0.60791
0.59902
0.55621
0.57625
0.68881
0.88201
1.1021
1.288
1.3271
1.1972
1.0167
0.7766
0.54673
0.42484
0.4595
0.53911
0.49607
0.60607
0.83883
1.1046
1.3498
1.572
1.8035
1.8144
1.6195
1.2912
0.93017
0.63136
0.44127
0.37338
0.42741
0.5973
0.84804
1.1425
1.4353
1.6506
1.7573
1.7493
1.65
1.4983
1.3206
1.1845
1.0808
1.0002
0.92864
0.8373
0.75074
0.68143
0.68286
0.7199
0.76471
0.78476
0.75226
0.678
0.58389
0.55129
0.58206
0.67629
0.80329
0.92897
1.0344
1.104
1.1563
1.1934
1.2384
1.3051
1.3655
1.3672
1.3083
1.2058
1.0803
0.97213
0.92763
1.0065
1.1952
1.4719
1.766
1.994
2.1214
2.1291
2.0091
1.7364
1.3564
1.0717
0.93343
0.89142
0.89019
0.90142
0.91966
0.87754
0.79533
0.70896
0.67389
0.74662
0.90386
1.0181
1.0137
0.87975
0.75736
0.68267
0.65936
0.6951
0.7772
0.87737
0.85162
0.77766
0.74311
0.7473
0.77857
0.87031
1.0141
1.0775
1.0017
0.81284
0.61451
0.46887
0.37779
0.35928
0.37023
0.41165
0.41309
0.37193
0.34035
0.34902
0.40021
0.46932
0.54063
0.57952
0.55252
0.47671
0.43951
0.43525
0.45785
0.48921
0.51576
0.49659
0.44051
0.41069
0.40758
0.42535
0.45056
0.49332
0.48412
0.41207
0.3361
0.29278
0.32242
0.41001
0.57536
0.76076
0.92673
1.0143
1.0048
0.89171
0.71975
0.52471
0.36075
0.29424
0.32516
0.45813
0.60518
0.72139
0.73707
0.67827
0.6238
0.51993
0.35457
0.29738
0.37307
0.48283
0.52327
0.54202
0.60843
0.62997
0.59441
0.56509
0.56668
0.58522
0.56507
0.49078
0.44108
0.34982
0.28032
0.32674
0.48602
0.69802
0.8546
1.0002
1.0667
1.028
0.92263
0.77712
0.6208
0.46143
0.38234
0.31415
0.22606
0.19207
0.2477
0.36517
0.45197
0.52338
0.59309
0.61465
0.56342
0.45347
0.33128
0.25707
0.27407
0.36069
0.50772
0.71208
0.95051
1.1457
1.2773
1.3299
1.3035
1.1965
0.99542
0.81595
0.72303
0.68427
0.68112
0.6734
0.64872
0.67186
0.69508
0.76167
0.89178
1.0992
1.3669
1.5264
1.531
1.3593
1.1055
0.90259
0.75228
0.62689
0.52328
0.45991
0.49384
0.54335
0.64553
0.8143
1.0125
1.2075
1.2215
1.0652
0.8452
0.58666
0.40095
0.3097
0.33598
0.46124
0.59291
0.77871
0.97537
1.1952
1.4165
1.5992
1.6859
1.6085
1.3671
1.0651
0.78323
0.55883
0.43047
0.41655
0.50305
0.56489
0.53413
0.51721
0.57751
0.73217
0.94892
1.2246
1.5311
1.7137
1.6627
1.4322
1.2508
1.0897
0.94891
0.83154
0.80523
0.84358
0.77226
0.60376
0.4987
0.5868
0.83117
1.1362
1.4089
1.6535
1.7122
1.5111
1.3608
1.2902
1.3178
1.4536
1.6738
1.9092
1.8521
1.5477
1.3119
1.1936
1.2262
1.4154
1.709
2.0107
2.0376
1.785
1.4667
1.1679
0.91278
0.72111
0.57386
0.63843
0.76642
0.86467
0.9405
1.0275
1.1595
1.1673
1.0288
0.81038
0.57611
0.37492
0.2431
0.18743
0.1966
0.23834
0.31725
0.41492
0.54043
0.689
0.8267
0.93646
0.96755
0.95826
0.91187
0.867
0.85463
0.8979
0.9845
1.0667
1.1548
1.1827
1.1626
1.0963
1.0451
1.0215
0.96737
0.8916
0.74969
0.64124
0.58024
0.50265
0.39025
0.33642
0.40551
0.47637
0.49534
0.50658
0.56197
0.55876
0.49542
0.42112
0.35908
0.30646
0.27105
0.30349
0.39933
0.5633
0.74935
0.94921
1.0978
1.1594
1.1097
0.95512
0.77576
0.61323
0.48607
0.35763
0.28317
0.22909
0.21837
0.26949
0.41175
0.6298
0.80353
0.91348
0.89186
0.8081
0.72905
0.71209
0.80193
0.97857
1.2076
1.367
1.3992
1.2676
1.0066
0.81304
0.69812
0.62977
0.55575
0.50342
0.52781
0.52785
0.53419
0.57902
0.6408
0.67343
0.67978
0.68884
0.66702
0.59771
0.55308
0.60828
0.67441
0.66243
0.58718
0.50508
0.40102
0.30462
0.21638
0.13331
0.13188
0.23834
0.46835
0.73972
1.0579
1.4002
1.686
1.8387
1.8309
1.6826
1.3799
1.0625
0.77074
0.49496
0.28171
0.17212
0.19345
0.24908
0.35145
0.55115
0.79581
1.0235
1.2137
1.328
1.3173
1.1814
0.96015
0.7091
0.46582
0.28316
0.17649
0.13633
0.15333
0.23057
0.36671
0.54344
0.77734
1.0327
1.2477
1.3654
1.3795
1.3081
1.1424
0.92713
0.69213
0.52055
0.45108
0.42998
0.41828
0.36467
0.39875
0.49681
0.56727
0.60771
0.64771
0.72212
0.74638
0.70805
0.64651
0.57469
0.48498
0.40481
0.3282
0.25358
0.18853
0.14432
0.15
0.20376
0.33294
0.50901
0.70003
0.88319
1.0303
1.1186
1.1097
1.011
0.81289
0.62247
0.4845
0.36056
0.23379
0.18434
0.2616
0.39153
0.53872
0.71536
0.90112
1.0078
1.0123
0.88549
0.75088
0.66107
0.60377
0.55734
0.5171
0.49537
0.4783
0.45515
0.4738
0.57285
0.73845
0.95506
1.0929
1.11
0.99714
0.81442
0.6362
0.46582
0.30805
0.20757
0.22295
0.27857
0.32972
0.42886
0.59916
0.82824
1.062
1.2943
1.4893
1.5914
1.5868
1.4475
1.1922
0.91351
0.69196
0.52155
0.37924
0.29428
0.35456
0.49531
0.6641
0.88862
1.1302
1.3437
1.4073
1.3191
1.1085
0.81582
0.53398
0.31268
0.19512
0.18119
0.2678
0.45657
0.72602
1.0435
1.3206
1.4847
1.4707
1.2928
1.1208
0.90704
0.66721
0.46459
0.38251
0.42557
0.42873
0.46911
0.58527
0.76172
0.93198
1.0403
1.0542
0.94741
0.77259
0.64098
0.56041
0.52167
0.50156
0.48308
0.52173
0.58205
0.66563
0.77719
0.94603
1.1982
1.3948
1.4304
1.3066
1.0637
0.85613
0.69044
0.58519
0.56348
0.58822
0.58683
0.65646
0.76937
0.90712
1.076
1.2912
1.5511
1.6023
1.4724
1.2107
0.90246
0.62533
0.43348
0.34998
0.37779
0.46588
0.53085
0.49705
0.53574
0.64088
0.78482
0.96294
1.1504
1.3313
1.3143
1.1163
0.93661
0.79877
0.70907
0.69675
0.75705
0.8466
0.76788
0.70142
0.70445
0.78485
0.91844
1.0794
1.2599
1.2981
1.166
0.92928
0.6799
0.48528
0.36991
0.28879
0.25432
0.25482
0.27806
0.32973
0.40175
0.51434
0.64351
0.75171
0.77977
0.70414
0.56005
0.42593
0.29871
0.18438
0.1695
0.22269
0.29085
0.29767
0.2986
0.31583
0.24671
0.22917
0.28797
0.42722
0.5743
0.66111
0.72608
0.66723
0.54184
0.41801
0.33907
0.339
0.37147
0.3608
0.49855
0.74766
1.0201
1.2633
1.4957
1.7818
1.8777
1.7632
1.4955
1.1349
0.85149
0.60828
0.38229
0.20904
0.14559
0.18727
0.18729
0.18269
0.19352
0.18732
0.16565
0.15173
0.17029
0.20743
0.26163
0.3375
0.41801
0.49695
0.56194
0.60374
0.62081
0.63322
0.65487
0.6703
0.65792
0.63318
0.60069
0.5527
0.46755
0.36225
0.24614
0.17027
0.11921
0.099113
0.13934
0.23682
0.3885
0.54187
0.70449
0.86236
0.95671
0.9644
0.87928
0.7122
0.58832
0.47371
0.36224
0.26166
0.21212
0.23521
0.18888
0.18739
0.27867
0.42873
0.56499
0.64099
0.68126
0.63631
0.50466
0.36219
0.23838
0.15021
0.13782
0.17181
0.20273
0.17343
0.18582
0.23528
0.26931
0.2663
0.28491
0.33748
0.34211
0.32352
0.29103
0.2524
0.29108
0.3839
0.50459
0.58514
0.57758
0.64099
0.70743
0.73526
0.72762
0.73391
0.82823
0.87927
0.86694
0.85768
0.86389
0.91184
0.96445
0.99541
0.98308
0.95832
0.94281
0.93196
0.95671
0.98768
1.0063
0.98155
0.90567
0.78332
0.61767
0.47527
0.38705
0.36846
0.39787
0.47061
0.55576
0.62544
0.66415
0.65486
0.59757
0.48769
0.39014
0.31424
0.26003
0.19508
0.16726
0.22447
0.30695
0.38966
0.464
0.58465
0.73089
0.84536
0.91095
0.93893
0.93433
0.88736
0.81452
0.73925
0.695
0.6758
0.69466
0.74123
0.77626
0.78377
0.75931
0.70993
0.63088
0.54521
0.44964
0.34523
0.26365
0.21646
0.17672
0.11976
0.14006
0.24259
0.37178
0.50621
0.65804
0.79581
0.82678
0.74781
0.60838
0.46426
0.30644
0.1936
0.17505
0.26314
0.42862
0.60213
0.78191
0.9275
1.0002
0.98919
0.91325
0.7941
0.66573
0.54815
0.45987
0.41171
0.34976
0.27406
0.25552
0.29416
0.35752
0.39469
0.38558
0.43045
0.52167
0.65475
0.82822
1.0374
1.2866
1.4397
1.3917
1.1704
0.95828
0.79262
0.70288
0.69673
0.7663
0.85898
0.78501
0.77419
0.83597
0.96128
1.1595
1.4027
1.6843
1.7695
1.6627
1.4072
1.0651
0.80968
0.67038
0.63479
0.68272
0.77238
0.8281
0.79129
0.8795
1.096
1.3885
1.6936
1.9817
2.1798
2.0963
1.7882
1.3622
0.92094
0.57586
0.38718
0.37631
0.50147
0.66235
0.75702
0.81155
1.0033
1.2305
1.3962
1.5436
1.7496
1.9211
1.8174
1.4925
1.1456
0.87925
0.7183
0.70447
0.85466
1.1502
1.4179
1.5186
1.4137
1.3006
1.2585
1.2398
1.2602
1.3549
1.5435
1.6037
1.4551
1.1688
0.88711
0.70594
0.61309
0.61
0.67649
0.76769
0.73547
0.76648
0.90405
1.1129
1.3283
1.5344
1.7479
1.7199
1.4691
1.1301
0.83906
0.65958
0.62863
0.70748
0.82497
0.85293
0.80056
0.84227
0.95975
1.1254
1.3051
1.4832
1.5806
1.4428
1.1394
0.83753
0.59448
0.4397
0.37465
0.35913
0.35914
0.38241
0.45981
0.60054
0.78321
0.99193
1.1663
1.1734
1.0311
0.91999
0.84255
0.77047
0.71823
0.70595
0.69235
0.67451
0.67577
0.71651
0.79516
0.90722
1.0496
1.0591
0.93502
0.75164
0.62662
0.53912
0.49287
0.50181
0.57517
0.6519
0.59684
0.56103
0.61407
0.70211
0.75529
0.77575
0.805
0.75716
0.70756
0.66878
0.66856
0.65476
0.61036
0.66251
0.68248
0.69196
0.74489
0.9058
1.1576
1.3035
1.3394
1.2958
1.1468
0.88405
0.68609
0.60687
0.59264
0.58035
0.53303
0.61167
0.75042
0.8789
0.98784
1.0844
1.217
1.2318
1.0616
0.83613
0.72789
0.77105
0.94115
1.1626
1.3855
1.4813
1.3517
1.1705
1.0032
0.9118
0.92269
1.0435
1.2631
1.4583
1.5932
1.666
1.6488
1.5417
1.3175
1.1069
0.93339
0.78188
0.69069
0.66735
0.70094
0.66873
0.66576
0.70283
0.7447
0.77591
0.83759
0.8742
0.78297
0.59787
0.47415
0.45204
0.48559
0.47988
0.52992
0.75849
1.0323
1.3298
1.6569
2.0716
2.4456
2.6053
2.57
2.3718
2.042
1.6256
1.2031
0.89937
0.69931
0.54776
0.40005
0.46935
0.67441
0.91276
1.1797
1.4761
1.8116
1.949
1.8852
1.6236
1.2835
1.0606
0.97081
1.0018
1.1224
1.283
1.3449
1.2452
1.2047
1.2105
1.2399
1.3113
1.4413
1.537
1.4414
1.2156
0.92744
0.6393
0.43936
0.29562
0.22316
0.25711
0.38066
0.58633
0.80046
1.0546
1.2589
1.3361
1.2954
1.1221
0.92288
0.82541
0.83295
0.91471
1.0045
1.0374
1.0747
1.1425
1.2135
1.305
1.4431
1.6766
1.8405
1.8022
1.6288
1.3638
1.0663
0.76895
0.61554
0.57711
0.59047
0.61446
0.59518
0.68896
0.83648
1.0151
1.1823
1.3209
1.4494
1.4324
1.2394
0.93765
0.70653
0.59678
0.59065
0.60827
0.56473
0.66334
0.78282
0.89587
1.0146
1.1924
1.4376
1.5027
1.3858
1.1328
0.90648
0.72715
0.62545
0.60834
0.62997
0.62246
0.68126
0.78021
0.90091
1.0264
1.1814
1.4101
1.4784
1.4275
1.316
1.1735
1.0402
0.89155
0.70304
0.62249
0.60829
0.59112
0.49712
0.51581
0.73976
0.96722
1.1627
1.3566
1.5777
1.6485
1.4691
1.2385
1.0867
0.99391
0.98633
1.0622
1.2197
1.2845
1.1378
0.99113
1.0018
1.1595
1.4225
1.709
1.98
2.0637
1.8719
1.4833
1.0326
0.63911
0.359
0.18896
0.1441
0.18575
0.26765
0.34364
0.46607
0.64253
0.79115
0.87472
0.86849
0.79871
0.66561
0.53722
0.46918
0.49079
0.57589
0.71674
0.9102
1.1022
1.2757
1.4074
1.508
1.528
1.4334
1.226
0.99854
0.83758
0.76799
0.82368
0.97524
1.1561
1.1966
1.1104
1.1055
1.1563
1.2414
1.3918
1.6907
2.0481
2.22
2.1969
2.0203
1.7152
1.3747
1.1069
0.93822
0.86855
0.86846
0.86544
0.90721
1.0046
1.1269
1.2371
1.3364
1.4692
1.475
1.24
1.0187
0.87787
0.83913
0.88709
0.97065
1.0648
0.96769
0.90115
0.90565
1.0062
1.2044
1.4801
1.7911
1.8825
1.7339
1.4058
1.1286
0.94891
0.8701
0.90888
1.0357
1.1484
1.0498
1.0126
1.048
1.1563
1.3392
1.587
1.904
1.9908
1.8593
1.5406
1.169
0.87151
0.64688
0.48133
0.34856
0.38253
0.53548
0.73612
0.96257
1.2207
1.5072
1.6669
1.629
1.3914
1.1225
0.92993
0.83448
0.83652
0.91167
1.0271
1.0294
0.97982
0.98961
1.0433
1.1628
1.3486
1.5806
1.6874
1.5739
1.2908
1.041
0.88263
0.85748
0.98703
1.2118
1.4378
1.4078
1.3679
1.421
1.523
1.6395
1.801
2.0605
2.122
1.8654
1.5035
1.2479
1.1239
1.0991
1.1534
1.2662
1.257
1.152
1.0884
1.0882
1.1718
1.3531
1.6162
1.7787
1.7202
1.491
1.1502
0.83572
0.58665
0.45071
0.45841
0.56186
0.68696
0.68433
0.66447
0.70598
0.76149
0.83124
0.95216
1.1239
1.223
1.1705
1.0047
0.76929
0.54793
0.39175
0.33605
0.36223
0.4163
0.4397
0.47232
0.5542
0.6686
0.79416
0.95081
1.1566
1.2848
1.2645
1.0775
0.89031
0.79435
0.81592
0.94115
1.1144
1.2722
1.2422
1.3456
1.5277
1.7164
1.8996
2.1261
2.4366
2.4536
2.2245
1.8237
1.3657
1.0883
0.93174
0.8514
0.81459
0.85011
0.9207
0.82034
0.69224
0.66127
0.73846
0.91003
1.1435
1.1662
1.1879
1.1008
0.92369
0.67592
0.35816
0.39332
0.52307
0.76603
1.093
1.4572
1.8687
2.1656
2.2723
2.1504
1.8489
1.454
1.0386
0.65598
0.35903
0.20452
0.18595
0.28634
0.50742
0.83106
1.2124
1.5966
1.8983
2.0403
1.9502
1.6317
1.3669
1.1673
1.0777
1.1211
1.271
1.4529
1.3562
1.2575
1.2774
1.4319
1.726
2.1288
2.6286
2.932
2.923
2.6459
2.1751
1.6301
1.1364
0.8283
0.68873
0.63444
0.53916
0.63501
0.87739
1.1034
1.3129
1.5131
1.7788
1.8303
1.655
1.3392
0.97424
0.66293
0.43186
0.31107
0.27516
0.28804
0.30709
0.392
0.55401
0.74607
0.97138
1.2117
1.4402
1.5289
1.453
1.2553
0.95707
0.72368
0.56739
0.47338
0.41907
0.35702
0.48023
0.66423
0.9134
1.2117
1.5456
1.8953
2.014
1.9086
1.6007
1.2339
0.92579
0.69985
0.5899
0.57115
0.6004
0.58692
0.67215
0.88856
1.1995
1.5418
1.8735
2.1458
2.1581
1.9134
1.5045
1.0495
0.72154
0.5761
0.59758
0.71185
0.8033
0.8178
0.91818
1.0478
1.1825
1.3424
1.5501
1.7895
1.7817
1.582
1.2432
0.97845
0.83912
0.84998
1.0078
1.226
1.4085
1.338
1.2791
1.263
1.2691
1.333
1.5284
1.8515
2.0062
1.9227
1.6626
1.3005
1.0186
0.85617
0.82835
0.92106
1.034
1.076
1.073
1.0852
1.0789
1.0529
1.0639
1.1516
1.1251
0.93364
0.7403
0.59924
0.51998
0.47191
0.40277
0.49081
0.63924
0.82659
1.042
1.2883
1.5665
1.6888
1.6363
1.4275
1.0995
0.80974
0.59264
0.42235
0.2696
0.24637
0.32953
0.40074
0.48773
0.64579
0.89633
1.1038
1.2524
1.3158
1.2523
1.0467
0.85005
0.68883
0.55715
0.44895
0.37955
0.43807
0.53078
0.64855
0.8052
1.0174
1.2617
1.4054
1.3776
1.1799
0.96782
0.80188
0.65469
0.52942
0.43215
0.43656
0.46882
0.46282
0.45999
0.49718
0.58512
0.66079
0.70114
0.72766
0.74789
0.7232
0.65652
0.55101
0.43929
0.30333
0.21388
0.2448
0.3962
0.6714
0.98135
1.33
1.629
1.8162
1.8685
1.7537
1.506
1.1658
0.91975
0.78344
0.73849
0.7718
0.81693
0.83339
0.78648
0.72187
0.65944
0.62311
0.6422
0.73935
0.802
0.79261
0.72327
0.62176
0.5142
0.39728
0.34502
0.36296
0.46698
0.64076
0.87086
1.1378
1.345
1.4335
1.3621
1.1759
1.0639
0.99279
0.9242
0.87157
0.8706
0.90289
0.81421
0.67195
0.55431
0.47374
0.43186
0.40249
0.41181
0.46599
0.54345
0.67189
0.80189
0.90249
0.91648
0.83759
0.69202
0.49543
0.3282
0.21672
0.16251
0.13005
0.12238
0.18419
0.26
0.35138
0.43976
0.55896
0.69817
0.80033
0.88238
0.9227
0.93509
0.90566
0.83909
0.76323
0.70441
0.692
0.71366
0.75698
0.76786
0.70297
0.60387
0.49844
0.40231
0.29562
0.20146
0.24622
0.35434
0.46579
0.57591
0.69689
0.86552
0.97529
1.0107
0.94575
0.79128
0.75091
0.76156
0.75849
0.71999
0.67361
0.65784
0.5819
0.48454
0.45221
0.54662
0.75696
0.99053
1.0836
1.0097
0.97388
0.95964
0.93953
0.92747
0.98492
1.1393
1.1252
0.93508
0.76489
0.67812
0.66414
0.71372
0.83138
1.0169
1.1114
1.0667
0.91521
0.70153
0.50305
0.32022
0.17021
0.086783
0.091409
0.17021
0.30793
0.50159
0.7571
1.0201
1.0623
1.1597
1.257
1.3373
1.3281
1.1939
1.1366
1.1379
1.2057
1.3266
1.5049
1.7574
2.0698
2.1656
2.0465
1.7448
1.3348
1.0807
0.93934
0.78926
0.61189
0.68455
0.9548
1.1437
1.2449
1.3426
1.4753
1.3931
1.161
0.88864
0.66423
0.5264
0.45204
0.42413
0.42106
0.45208
0.55118
0.75392
1.065
1.4243
1.7975
2.0946
2.2307
2.1332
1.8145
1.4106
1.0698
0.78471
0.55564
0.39589
0.3537
0.44901
0.58129
0.78545
1.0658
1.4095
1.7358
1.9354
1.9923
1.9063
1.6991
1.4167
1.0869
0.81551
0.67134
0.62753
0.65837
0.71573
0.76603
0.75514
0.80759
0.96996
1.2158
1.4976
1.8056
2.0612
2.0437
1.7307
1.4017
1.1269
0.91309
0.73523
0.58095
0.71984
0.88373
1.0557
1.2433
1.4989
1.8854
2.1408
2.2865
2.3161
2.2465
2.076
1.7709
1.3716
1.0094
0.73848
0.57441
0.50471
0.49689
0.50158
0.54649
0.64863
0.8081
1.0219
1.2959
1.5836
1.695
1.5914
1.3084
1.0497
0.84211
0.6919
0.61143
0.53744
0.63939
0.79862
0.97205
1.155
1.3565
1.6209
1.7507
1.6904
1.5016
1.2308
0.91362
0.63798
0.41176
0.23826
0.10988
0.049575
0.04181
0.048007
0.092856
0.20113
0.35294
0.50179
0.6241
0.68578
0.65928
0.55569
0.47533
0.45058
0.46754
0.48764
0.48925
0.51858
0.54485
0.56967
0.59151
0.67047
0.80031
0.8869
0.87308
0.77107
0.6379
0.48455
0.33436
0.21214
0.16718
0.15783
0.14246
0.16573
0.24617
0.37295
0.47519
0.54967
0.63015
0.65487
0.60066
0.46911
0.33129
0.22596
0.14551
0.10685
0.10531
0.14392
0.17183
0.20436
0.23371
0.20904
0.1982
0.20744
0.23525
0.25388
0.26482
0.3065
0.32034
0.27562
0.27567
0.35452
0.51227
0.71047
0.89803
1.0544
1.0791
0.96906
0.76924
0.55102
0.37473
0.29582
0.30033
0.33579
0.32976
0.36694
0.43966
0.53566
0.6673
0.84072
1.0742
1.2151
1.24
1.1488
0.97547
0.77097
0.55568
0.37455
0.24926
0.19823
0.22914
0.33896
0.52782
0.78033
1.0977
1.435
1.6909
1.79
1.7092
1.4769
1.1477
0.7891
0.46435
0.23063
0.11903
0.11309
0.18423
0.30244
0.4951
0.72975
0.96681
1.1484
1.216
1.1229
1.0179
0.94018
0.89755
0.91835
1.0033
1.1369
1.1042
0.98948
0.89615
0.81497
0.76575
0.78809
0.91637
0.99992
0.94905
0.79748
0.63014
0.47512
0.31882
0.20133
0.16263
0.19032
0.19655
0.20598
0.29729
0.47673
0.71205
0.96769
1.2417
1.4396
1.4489
1.2495
1.0884
0.97058
0.87299
0.77872
0.70307
0.75233
0.77085
0.80649
0.86855
0.9894
1.1689
1.2988
1.2724
1.0776
0.84689
0.65172
0.50773
0.41339
0.38092
0.41018
0.40398
0.3592
0.3298
0.32203
0.3313
0.36376
0.40396
0.38709
0.36238
0.35763
0.36057
0.34202
0.28812
0.33755
0.39933
0.42873
0.42266
0.42739
0.4969
0.54952
0.58058
0.59766
0.61612
0.60517
0.54186
0.52799
0.57598
0.69504
0.81882
0.8886
0.90586
1.0016
1.1191
1.209
1.2836
1.4246
1.647
1.6903
1.5914
1.4105
1.2093
0.97387
0.71988
0.51534
0.35431
0.21989
0.16896
0.28329
0.51514
0.76144
0.99717
1.211
1.3346
1.3034
1.1114
0.89325
0.77713
0.76012
0.83761
1.0018
1.2401
1.4333
1.4349
1.2418
1.1288
1.1099
1.1485
1.2013
1.251
1.2942
1.2091
1.065
0.88856
0.73396
0.67364
0.74448
0.77526
0.655
0.63029
0.69667
0.83427
1.0062
1.2015
1.4258
1.4692
1.3716
1.1625
0.87317
0.65655
0.57131
0.58653
0.58967
0.52978
0.67042
0.87288
1.0432
1.1736
1.3054
1.4892
1.4876
1.353
1.1843
1.0373
0.93045
0.82438
0.68631
0.59992
0.51739
0.36749
0.34397
0.49106
0.77108
1.0403
1.269
1.4871
1.5236
1.3716
1.1006
0.89399
0.73096
0.60246
0.49522
0.42849
0.47258
0.47982
0.47084
0.4752
0.49588
0.51952
0.48317
0.43438
0.42477
0.47968
0.6041
0.75483
0.88704
0.95371
0.98311
0.99854
1.0465
1.1672
1.3298
1.4894
1.573
1.531
1.3251
1.0604
0.83597
0.68281
0.624
0.63936
0.6964
0.65955
0.67977
0.79729
1.0015
1.2788
1.6226
2.0279
2.2431
2.2138
1.9508
1.5392
1.1904
0.87896
0.5897
0.38419
0.35777
0.44869
0.48909
0.55283
0.71226
0.94578
1.1424
1.302
1.3996
1.398
1.2709
1.0187
0.80653
0.66562
0.61153
0.65499
0.79736
0.98745
1.0232
0.91363
0.86859
0.88228
0.93647
1.025
1.1536
1.2926
1.226
1.0233
0.83595
0.68117
0.58524
0.53111
0.50164
0.48905
0.43642
0.38086
0.38254
0.47851
0.67649
0.90853
1.0789
1.1625
1.1194
0.95703
0.72636
0.50311
0.3001
0.14848
0.069664
0.034149
0.072748
0.15619
0.31402
0.51711
0.75583
0.99731
1.1642
1.1965
1.0819
0.88692
0.66877
0.49246
0.4244
0.50778
0.71492
0.95335
1.124
1.1924
1.1195
0.92115
0.68875
0.50138
0.36534
0.30666
0.31904
0.36687
0.37763
0.33124
0.28016
0.22609
0.22303
0.3019
0.48747
0.74758
1.0636
1.4105
1.7248
1.9847
2.1393
2.1562
1.9831
1.6183
1.3471
1.1173
0.87421
0.58865
0.58558
0.86191
1.1096
1.3145
1.5161
1.7757
1.8266
1.6904
1.4429
1.1643
0.88565
0.65655
0.55101
0.5028
0.40878
0.40903
0.59608
0.90578
1.2062
1.4932
1.7903
1.9065
1.7911
1.4896
1.1089
0.75993
0.49172
0.38016
0.44906
0.6494
0.85474
0.92886
0.92762
1.0116
1.1191
1.1957
1.279
1.4126
1.5122
1.3864
1.1077
0.86631
0.67896
0.57233
0.52987
0.54966
0.55141
0.55426
0.60996
0.73067
0.91958
1.1674
1.4598
1.6038
1.5434
1.3037
1.1208
0.98295
0.90877
0.9414
1.0791
1.2383
1.1905
1.0606
1.0048
1.0186
1.0867
1.2246
1.4351
1.5743
1.4893
1.2263
0.96295
0.72429
0.48291
0.30823
0.30817
0.43021
0.54483
0.70293
0.93673
1.1781
1.2911
1.2802
1.1193
0.95828
0.81738
0.72764
0.73233
0.85151
1.0974
1.288
1.4089
1.443
1.3809
1.1967
0.99389
0.88547
0.86535
0.93045
1.0529
1.2185
1.3205
1.2693
1.0928
0.82837
0.65351
0.61464
0.65929
0.67173
0.63495
0.78336
0.93341
1.0465
1.1365
1.2944
1.5168
1.5386
1.4042
1.1444
0.86256
0.58826
0.35121
0.1779
0.069714
0.052692
0.088244
0.18718
0.32807
0.49391
0.66589
0.79744
0.85299
0.81264
0.72594
0.62852
0.57598
0.59458
0.69046
0.80183
0.83441
0.76797
0.69505
0.58036
0.39022
0.32681
0.40404
0.56788
0.65324
0.68911
0.71998
0.62394
0.48605
0.3544
0.23686
0.17656
0.19045
0.25536
0.31112
0.36232
0.44745
0.51707
0.55728
0.55576
0.5527
0.57901
0.63936
0.7276
0.82827
0.95055
1.0542
1.1007
1.0822
1.0249
0.91335
0.74
0.5589
0.41489
0.30495
0.21986
0.18579
0.20119
0.19818
0.23537
0.34366
0.49069
0.66256
0.8314
0.98309
1.0125
0.89793
0.71673
0.51857
0.37195
0.31099
0.32438
0.40175
0.49049
0.54813
0.54971
0.52577
0.484
0.42444
0.33331
0.27165
0.2506
0.23092
0.20185
0.1678
0.22502
0.30249
0.36401
0.40128
0.44434
0.50659
0.52876
0.51072
0.46395
0.41667
0.37046
0.36055
0.42153
0.56095
0.76407
0.97843
1.1658
1.2417
1.1611
0.95823
0.71979
0.53097
0.42269
0.41808
0.52325
0.6501
0.71359
0.65496
0.60695
0.59288
0.59287
0.65795
0.81747
1.093
1.3174
1.4274
1.4118
1.2447
1.0744
0.95979
0.86846
0.80657
0.76171
0.72923
0.76163
0.81578
0.91954
1.0729
1.2727
1.5233
1.6222
1.5078
1.2356
1.0869
1.0651
1.1548
1.3082
1.5297
1.8113
1.8949
1.7988
1.511
1.2417
1.1347
1.1485
1.2291
1.3254
1.4848
1.5403
1.3963
1.1006
0.79578
0.60382
0.5171
0.49386
0.49849
0.52472
0.49537
0.45367
0.47535
0.5759
0.74299
0.90401
1.0016
0.94456
0.87013
0.75226
0.58658
0.40257
0.32678
0.40088
0.46746
0.5852
0.79424
1.0992
1.4057
1.6426
1.7509
1.7122
1.5295
1.2092
0.95992
0.78951
0.67642
0.58822
0.49401
0.57901
0.73062
0.95976
1.2958
1.7216
2.2061
2.5157
2.5698
2.3516
1.9073
1.4181
1.0094
0.73533
0.58515
0.52942
0.50169
0.59761
0.77554
1.017
1.3113
1.6644
2.0822
2.3221
2.3439
2.1766
1.8422
1.4105
1.1085
0.9211
0.83124
0.77865
0.7185
0.80816
0.95201
1.1609
1.4165
1.7233
2.1086
2.3562
2.3391
2.062
1.6179
1.2757
1.0573
0.94742
0.92119
0.96915
1.0294
0.94438
0.87165
0.8515
0.91184
1.062
1.2601
1.4045
1.3426
1.1292
0.92421
0.70803
0.49375
0.3553
0.41931
0.65046
0.88279
1.1305
1.4262
1.7297
1.9154
1.9533
1.8684
1.6567
1.3255
1.0782
0.92765
0.86573
0.86833
0.92558
1.0216
0.94673
0.85601
0.81378
0.83178
0.92931
1.1454
1.4708
1.7013
1.7556
1.6488
1.3903
1.1193
0.87296
0.65322
0.47383
0.35625
0.3343
0.30793
0.28641
0.3283
0.46912
0.69355
0.95826
1.192
1.3049
1.2555
1.0716
0.92127
0.81573
0.73356
0.67639
0.59187
0.7648
1.0013
1.232
1.4152
1.5735
1.8003
1.7877
1.5835
1.2556
0.91227
0.73082
0.62828
0.54463
0.43518
0.43529
0.57419
0.68565
0.78804
0.89962
1.0279
1.0572
0.96915
0.82988
0.66422
0.50469
0.37766
0.28169
0.22139
0.19518
0.24617
0.35747
0.48757
0.6425
0.79122
0.90728
0.95519
0.94118
0.88696
0.79573
0.70446
0.61312
0.51709
0.41024
0.30962
0.26612
0.20132
0.20756
0.2957
0.472
0.69647
0.86866
1.0003
0.99397
0.86841
0.67489
0.51548
0.4211
0.38091
0.38554
0.40557
0.39318
0.3684
0.33595
0.33597
0.37315
0.45212
0.57733
0.64081
0.627
0.56365
0.53411
0.51855
0.51088
0.51718
0.55728
0.57259
0.48622
0.45992
0.51086
0.63614
0.82202
1.0668
1.3329
1.4428
1.3686
1.1505
0.98919
0.876
0.80188
0.8037
0.90587
1.0695
1.0943
0.98764
0.80681
0.71381
0.70898
0.79867
0.97369
1.2014
1.4181
1.4399
1.2758
1.0354
0.74897
0.49397
0.41828
0.55114
0.83716
1.147
1.4508
1.7434
1.9213
1.9629
1.884
1.7107
1.5032
1.2308
0.93353
0.64561
0.42452
0.29841
0.21338
0.19123
0.1908
0.23044
0.30336
0.3815
0.46315
0.54969
0.6411
0.69373
0.69212
0.64375
0.56299
0.44782
0.32526
0.21862
0.14837
0.14013
0.23434
0.42132
0.65058
0.90349
1.1135
1.2299
1.1944
1.0075
0.88866
0.83939
0.83825
0.8779
0.93984
1.0093
0.89474
0.74614
0.60842
0.53726
0.54501
0.61617
0.70891
0.68885
0.6038
0.54033
0.50938
0.55116
0.66566
0.80028
0.88079
0.82222
0.83141
0.87461
0.94426
1.0419
1.1844
1.3313
1.2679
1.0481
0.84063
0.66875
0.55114
0.5001
0.51398
0.56493
0.52022
0.53726
0.62078
0.7477
0.91494
1.0915
1.2477
1.2369
1.0713
0.86548
0.71059
0.6068
0.55106
0.50938
0.52494
0.68114
0.9055
1.1719
1.4646
1.7666
1.9784
1.9149
1.59
1.2849
1.0434
0.89796
0.89031
1.0094
1.1933
1.1502
1.0947
1.1751
1.3994
1.7308
2.1133
2.5265
2.706
2.5341
2.0715
1.6365
1.3221
1.1749
1.1486
1.1441
1.2123
1.3639
1.5775
1.8082
2.07
2.3888
2.6254
2.511
2.1257
1.5916
1.076
0.69187
0.45655
0.32204
0.2866
0.47991
0.82644
1.2445
1.6721
2.098
2.4492
2.5172
2.3158
1.8994
1.4382
1.1534
1.0869
1.2494
1.5867
1.9535
2.127
2.0037
2.0143
2.0851
2.1315
2.1954
2.3874
2.6533
2.5698
2.2449
1.816
1.3716
0.98613
0.75706
0.67037
0.6796
0.71981
0.71224
0.78959
0.94426
1.1362
1.3515
1.5669
1.802
1.8653
1.6456
1.3484
1.0961
0.95217
0.96299
1.0945
1.2785
1.2773
1.2433
1.2911
1.3777
1.4567
1.5762
1.7796
1.8331
1.6286
1.2695
0.98241
0.79287
0.69179
0.66752
0.72924
0.83729
0.82757
0.69976
0.62918
0.65238
0.73542
0.85031
0.97385
1.0845
1.0302
0.91176
0.79837
0.68563
0.57637
0.46598
0.51065
0.62624
0.74134
0.87136
1.0457
1.2701
1.3766
1.3437
1.2416
1.1209
0.99551
0.87005
0.74457
0.60527
0.51087
0.48614
0.56665
0.77563
1.1069
1.497
1.7958
1.9134
1.8114
1.5436
1.1735
0.79415
0.469
0.2415
0.1347
0.10834
0.091376
0.13008
0.26773
0.49369
0.76015
1.0297
1.2897
1.4134
1.3622
1.1873
0.96601
0.76948
0.62554
0.53879
0.47216
0.41326
0.34977
0.27097
0.24938
0.34062
0.56331
0.8482
1.1442
1.4214
1.5854
1.5913
1.3994
1.1999
1.1471
1.1935
1.2865
1.3795
1.4382
1.3949
1.3173
1.2059
1.1116
1.0762
1.155
1.2522
1.1547
0.92589
0.77572
0.71525
0.74923
0.84528
0.99706
1.1904
1.2291
1.1131
0.92909
0.8515
0.84666
0.86682
0.90261
0.96457
0.97686
0.82834
0.64405
0.48289
0.34819
0.22765
0.20446
0.27399
0.37299
0.48606
0.62703
0.79576
0.9088
0.93203
0.85149
0.68426
0.51695
0.36215
0.22613
0.20291
0.26624
0.37447
0.46902
0.57911
0.74471
0.88559
1.0141
1.144
1.2508
1.3065
1.2493
1.0761
0.84703
0.63008
0.43794
0.28164
0.18734
0.15806
0.27867
0.52926
0.87756
1.2261
1.522
1.7448
1.7803
1.6239
1.3283
0.99385
0.67189
0.45823
0.32512
0.25705
0.26009
0.30489
0.3436
0.35463
0.45365
0.60368
0.7446
0.8779
1.0574
1.2136
1.2353
1.1394
0.97544
0.76646
0.56505
0.39998
0.2534
0.14779
0.10346
0.14667
0.24202
0.37386
0.58537
0.84927
1.1218
1.3561
1.5025
1.5168
1.3825
1.1347
0.93037
0.76473
0.62748
0.50245
0.45487
0.55693
0.63712
0.70013
0.7518
0.85153
0.91001
0.81962
0.67275
0.53457
0.43847
0.41036
0.46285
0.55862
0.56668
0.6179
0.76938
0.94877
1.0759
1.1645
1.2695
1.2305
1.0092
0.76947
0.64257
0.66879
0.79108
0.96608
1.1502
1.2012
1.0544
0.93826
0.88088
0.89632
0.96447
1.0558
1.1424
1.0761
1.0512
1.048
1.0217
0.97701
0.96916
0.92568
0.84517
0.77408
0.79428
0.92894
1.1209
1.3173
1.3344
1.1674
0.98
0.81116
0.6812
0.62246
0.64714
0.73039
0.67807
0.65505
0.73855
0.91951
1.1656
1.4351
1.7106
1.7973
1.6273
1.3239
1.0078
0.70418
0.4581
0.2819
0.25861
0.31885
0.43803
0.64554
0.94597
1.299
1.6147
1.8313
1.8592
1.6967
1.3688
1.0513
0.7816
0.53851
0.33755
0.25099
0.31267
0.39771
0.49844
0.62401
0.80199
0.95981
1.0372
1.0264
0.92736
0.78796
0.62075
0.48454
0.39794
0.4041
0.48297
0.60369
0.72448
0.78963
0.81593
0.79573
0.74924
0.70744
0.67499
0.65955
0.64407
0.61614
0.57422
0.47836
0.39332
0.36385
0.3622
0.35599
0.32977
0.30816
0.31427
0.32196
0.33281
0.35456
0.41806
0.53713
0.62691
0.6456
0.59922
0.51709
0.42098
0.30033
0.23071
0.21366
0.23683
0.27244
0.31121
0.37623
0.46133
0.56191
0.6687
0.73847
0.74326
0.68285
0.56501
0.41933
0.27236
0.15959
0.15647
0.24912
0.37598
0.52941
0.72009
0.98632
1.2426
1.4454
1.5843
1.625
1.5555
1.357
1.0703
0.77
0.50343
0.32963
0.20816
0.14482
0.14048
0.19084
0.30564
0.43299
0.60553
0.79991
0.98366
1.0966
1.0573
0.88452
0.78685
0.76101
0.7858
0.87687
1.0426
1.2617
1.3034
1.1335
1.0359
1.0387
1.1362
1.3391
1.6675
2.1024
2.3377
2.3299
2.1131
1.757
1.3159
0.90262
0.55121
0.2942
0.17028
0.12377
0.10951
0.088263
0.08684
