0.86703
0.86544
0.86387
0.86232
0.8608
0.85931
0.85784
0.85639
0.85498
0.85359
0.85223
0.8509
0.8496
0.84833
0.8471
0.84589
0.84472
0.84359
0.84249
0.84142
0.84039
0.83939
0.83843
0.83751
0.83663
0.83578
0.83498
0.83421
0.83348
0.83279
0.83214
0.83154
0.83097
0.83044
0.82995
0.82951
0.82911
0.82875
0.82843
0.82815
0.82791
0.82772
0.82756
0.82745
0.82738
0.82736
0.82737
0.82743
0.82752
0.82766
0.82784
0.82806
0.82832
0.82862
0.82896
0.82933
0.82975
0.83021
0.8307
0.83123
0.8318
0.8324
0.83304
0.83372
0.83443
0.83518
0.83596
0.83677
0.83761
0.83848
0.83939
0.84033
0.84129
0.84228
0.8433
0.84435
0.84542
0.84652
0.84764
0.84879
0.84995
0.85114
0.85235
0.85358
0.85483
0.85609
0.85737
0.85867
0.85998
0.8613
0.86263
0.86398
0.86534
0.8667
0.86808
0.86946
0.87084
0.87224
0.87363
0.87503
0.87643
0.87783
0.87923
0.88063
0.88202
0.88342
0.88481
0.88619
0.88757
0.88893
0.89029
0.89165
0.89299
0.89432
0.89564
0.89694
0.89823
0.89951
0.90077
0.90201
0.90324
0.90445
0.90564
0.90681
0.90797
0.9091
0.91021
0.9113
0.91236
0.91341
0.91443
0.91543
0.9164
0.91735
0.91827
0.91917
0.92004
0.92089
0.92171
0.9225
0.92327
0.92401
0.92473
0.92542
0.92608
0.92672
0.92733
0.92791
0.92847
0.929
0.9295
0.92998
0.93043
0.93086
0.93126
0.93164
0.932
0.93233
0.93264
0.93292
0.93319
0.93343
0.93365
0.93385
0.93403
0.9342
0.93434
0.93447
0.93458
0.93467
0.93475
0.93482
0.93487
0.93491
0.93494
0.93495
0.93496
0.93496
0.93495
0.93493
0.93491
0.93489
0.93486
0.93482
0.93479
0.93475
0.93472
0.93469
0.93466
0.93463
0.93461
0.9346
0.93459
0.93459
0.9346
0.93462
0.93466
0.9347
0.93476
0.93484
0.93493
0.93504
0.93517
0.93532
0.93549
0.93568
0.93589
0.93613
0.93639
0.93668
0.937
0.93734
0.93771
0.93812
0.93855
0.93902
0.93952
0.94005
0.94062
0.94123
0.94187
0.94254
0.94326
0.94402
0.94481
0.94565
0.94652
0.94744
0.9484
0.94941
0.95045
0.95154
0.95268
0.95386
0.95509
0.95636
0.95768
0.95905
0.96046
0.96192
0.96343
0.96499
0.96659
0.96825
0.96995
0.9717
0.97349
0.97534
0.97724
0.97918
0.98117
0.98321
0.98529
0.98742
0.9896
0.99183
0.9941
0.99642
0.99878
1.0012
1.0036
1.0061
1.0087
1.0113
1.0139
1.0165
1.0192
1.022
1.0247
1.0276
1.0304
1.0333
1.0362
1.0391
1.0421
1.0451
1.0481
1.0512
1.0543
1.0574
1.0605
1.0636
1.0668
1.07
1.0732
1.0764
1.0796
1.0828
1.0861
1.0893
1.0925
1.0958
1.099
1.1023
1.1055
1.1087
1.1119
1.1151
1.1183
1.1215
1.1247
1.1278
1.1309
1.134
1.137
1.1401
1.1431
1.146
1.1489
1.1518
1.1546
1.1574
1.1602
1.1629
1.1655
1.1681
1.1706
1.1731
1.1755
1.1778
1.1801
1.1823
1.1845
1.1865
1.1885
1.1904
1.1922
1.194
1.1956
1.1972
1.1987
1.2001
1.2014
1.2026
1.2037
1.2047
1.2056
1.2065
1.2072
1.2078
1.2083
1.2087
1.209
1.2091
1.2092
1.2092
1.209
1.2087
1.2084
1.2079
1.2073
1.2065
1.2057
1.2047
1.2037
1.2025
1.2011
1.1997
1.1982
1.1965
1.1947
1.1928
1.1908
1.1887
1.1864
1.1841
1.1816
1.179
1.1763
1.1735
1.1706
1.1676
1.1644
1.1612
1.1579
1.1544
1.1509
1.1472
1.1435
1.1396
1.1357
1.1316
1.1275
1.1233
1.119
1.1146
1.1102
1.1056
1.101
1.0963
1.0915
1.0867
1.0818
1.0768
1.0718
1.0667
1.0615
1.0563
1.051
1.0457
1.0404
1.0349
1.0295
1.024
1.0185
1.0129
1.0074
1.0018
0.99612
0.99046
0.98478
0.97908
0.97337
0.96765
0.96192
0.95618
0.95044
0.9447
0.93896
0.93322
0.92749
0.92176
0.91605
0.91035
0.90466
0.899
0.89335
0.88772
0.88212
0.87654
0.87099
0.86547
0.85998
0.85453
0.84911
0.84372
0.83838
0.83307
0.82781
0.82259
0.81741
0.81228
0.80719
0.80215
0.79716
0.79223
0.78734
0.7825
0.77772
0.77299
0.76832
0.7637
0.75914
0.75463
0.75019
0.7458
0.74147
0.73719
0.73298
0.72883
0.72474
0.7207
0.71673
0.71282
0.70897
0.70518
0.70145
0.69778
0.69417
0.69062
0.68714
0.68371
0.68035
0.67704
0.6738
0.67061
0.66748
0.66442
0.66141
0.65846
0.65557
0.65274
0.64996
0.64724
0.64458
0.64197
0.63942
0.63693
0.63449
0.6321
0.62977
0.62749
0.62526
0.62309
0.62096
0.61889
0.61687
0.6149
0.61298
0.6111
0.60928
0.6075
0.60577
0.60409
0.60245
0.60086
0.59931
0.59781
0.59635
0.59493
0.59356
0.59223
0.59094
0.5897
0.58849
0.58733
0.5862
0.58512
0.58407
0.58306
0.58209
0.58116
0.58027
0.57941
0.57859
0.57781
0.57706
0.57635
0.57567
0.57503
0.57443
0.57386
0.57332
0.57282
0.57235
0.57191
0.57151
0.57114
0.5708
0.5705
0.57023
0.56999
0.56979
0.56962
0.56948
0.56937
0.5693
0.56925
0.56924
0.56926
0.56932
0.5694
0.56952
0.56967
0.56985
0.57007
0.57032
0.5706
0.57091
0.57125
0.57163
0.57204
0.57249
0.57296
0.57347
0.57402
0.57459
0.57521
0.57585
0.57653
0.57724
0.57799
0.57878
0.57959
0.58045
0.58134
0.58226
0.58322
0.58422
0.58525
0.58632
0.58742
0.58857
0.58974
0.59096
0.59222
0.59351
0.59484
0.59621
0.59761
0.59906
0.60054
0.60206
0.60363
0.60523
0.60687
0.60855
0.61027
0.61203
0.61383
0.61567
0.61755
0.61947
0.62144
0.62344
0.62549
0.62757
0.6297
0.63187
0.63407
0.63632
0.63862
0.64095
0.64332
0.64574
0.64819
0.65069
0.65323
0.65581
0.65843
0.66109
0.6638
0.66654
0.66932
0.67215
0.67501
0.67791
0.68086
0.68384
0.68686
0.68992
0.69302
0.69616
0.69934
0.70255
0.7058
0.70909
0.71241
0.71577
0.71917
0.7226
0.72606
0.72956
0.7331
0.73666
0.74026
0.74389
0.74756
0.75125
0.75497
0.75872
0.76251
0.76631
0.77015
0.77401
0.7779
0.78182
0.78575
0.78972
0.7937
0.79771
0.80173
0.80578
0.80984
0.81393
0.81803
0.82214
0.82628
0.83042
0.83458
0.83875
0.84294
0.84713
0.85133
0.85554
0.85976
0.86398
0.8682
0.87243
0.87667
0.8809
0.88513
0.88936
0.89359
0.89781
0.90203
0.90624
0.91045
0.91464
0.91883
0.923
0.92716
0.93131
0.93544
0.93956
0.94365
0.94773
0.95178
0.95582
0.95982
0.96381
0.96777
0.97169
0.97559
0.97946
0.9833
0.9871
0.99087
0.9946
0.9983
1.002
1.0056
1.0091
1.0127
1.0162
1.0196
1.023
1.0263
1.0296
1.0329
1.036
1.0392
1.0422
1.0453
1.0482
1.0511
1.054
1.0567
1.0594
1.0621
1.0647
1.0672
1.0696
1.072
1.0743
1.0765
1.0787
1.0808
1.0828
1.0847
1.0865
1.0883
1.09
1.0916
1.0931
1.0946
1.0959
1.0972
1.0984
1.0995
1.1005
1.1014
1.1023
1.103
1.1037
1.1042
1.1047
1.1051
1.1054
1.1056
1.1057
1.1057
1.1056
1.1054
1.1051
1.1047
1.1043
1.1037
1.1031
1.1023
1.1015
1.1005
1.0995
1.0983
1.0971
1.0958
1.0944
1.0929
1.0913
1.0896
1.0878
1.0859
1.0839
1.0819
1.0797
1.0775
1.0751
1.0727
1.0702
1.0676
1.065
1.0622
1.0594
1.0565
1.0535
1.0504
1.0473
1.044
1.0407
1.0374
1.0339
1.0304
1.0268
1.0232
1.0195
1.0157
1.0119
1.008
1.004
1
0.99595
0.99184
0.98767
0.98346
0.9792
0.9749
0.97056
0.96617
0.96175
0.95729
0.95279
0.94827
0.94371
0.93912
0.93451
0.92988
0.92522
0.92055
0.91585
0.91114
0.90642
0.90169
0.89694
0.89219
0.88744
0.88268
0.87792
0.87316
0.8684
0.86365
0.85891
0.85417
0.84945
0.84474
0.84004
0.83536
0.8307
0.82606
0.82144
0.81684
0.81227
0.80772
0.80321
0.79872
0.79426
0.78984
0.78546
0.78111
0.77679
0.77252
0.76829
0.7641
0.75995
0.75585
0.75179
0.74778
0.74381
0.7399
0.73604
0.73222
0.72846
0.72476
0.7211
0.71751
0.71396
0.71048
0.70705
0.70368
0.70037
0.69713
0.69394
0.69081
0.68774
0.68474
0.6818
0.67892
0.67611
0.67336
0.67068
0.66806
0.66551
0.66302
0.66061
0.65825
0.65597
0.65375
0.65161
0.64953
0.64751
0.64557
0.6437
0.64189
0.64016
0.63849
0.6369
0.63537
0.63392
0.63253
0.63122
0.62997
0.6288
0.6277
0.62666
0.6257
0.62481
0.62399
0.62324
0.62256
0.62196
0.62142
0.62096
0.62056
0.62024
0.61999
0.61981
0.6197
0.61966
0.61969
0.6198
0.61997
0.62022
0.62054
0.62093
0.62139
0.62192
0.62252
0.62319
0.62394
0.62475
0.62564
0.62659
0.62762
0.62871
0.62988
0.63112
0.63243
0.6338
0.63525
0.63677
0.63835
0.64001
0.64174
0.64353
0.64539
0.64733
0.64933
0.65139
0.65353
0.65573
0.65801
0.66034
0.66275
0.66522
0.66776
0.67036
0.67303
0.67576
0.67856
0.68142
0.68434
0.68733
0.69038
0.69349
0.69666
0.69989
0.70318
0.70653
0.70994
0.7134
0.71692
0.7205
0.72413
0.72781
0.73155
0.73533
0.73917
0.74306
0.74699
0.75097
0.755
0.75907
0.76319
0.76734
0.77154
0.77578
0.78005
0.78435
0.7887
0.79307
0.79747
0.80191
0.80637
0.81085
0.81536
0.81989
0.82444
0.829
0.83358
0.83818
0.84278
0.8474
0.85202
0.85664
0.86127
0.86589
0.87052
0.87513
0.87974
0.88434
0.88893
0.8935
0.89806
0.90259
0.9071
0.91159
0.91605
0.92048
0.92487
0.92923
0.93354
0.93782
0.94205
0.94624
0.95038
0.95446
0.95849
0.96246
0.96637
0.97022
0.974
0.97772
0.98136
0.98493
0.98843
0.99185
0.99518
0.99844
1.0016
1.0047
1.0077
1.0106
1.0134
1.0161
1.0187
1.0212
1.0236
1.0259
1.0281
1.0302
1.0322
1.034
1.0358
1.0374
1.0389
1.0403
1.0416
1.0428
1.0438
1.0448
1.0456
1.0462
1.0468
1.0472
1.0475
1.0477
1.0478
1.0477
1.0475
1.0472
1.0467
1.0461
1.0454
1.0446
1.0436
1.0426
1.0414
1.04
1.0386
1.037
1.0353
1.0335
1.0316
1.0295
1.0274
1.0251
1.0227
1.0202
1.0176
1.0148
1.012
1.0091
1.006
1.0029
0.99964
0.99631
0.99287
0.98935
0.98573
0.98203
0.97824
0.97437
0.97042
0.96638
0.96228
0.9581
0.95385
0.94953
0.94515
0.9407
0.93619
0.93163
0.92701
0.92234
0.91763
0.91286
0.90806
0.90321
0.89832
0.8934
0.88845
0.88347
0.87846
0.87343
0.86837
0.8633
0.85821
0.85311
0.84799
0.84287
0.83774
0.83261
0.82748
0.82235
0.81722
0.8121
0.80699
0.80189
0.7968
0.79172
0.78667
0.78163
0.77661
0.77162
0.76665
0.76171
0.75679
0.75191
0.74706
0.74224
0.73746
0.73271
0.728
0.72333
0.7187
0.71411
0.70957
0.70507
0.70061
0.6962
0.69184
0.68753
0.68326
0.67905
0.67488
0.67077
0.66671
0.6627
0.65874
0.65484
0.651
0.6472
0.64346
0.63978
0.63615
0.63258
0.62907
0.62561
0.6222
0.61886
0.61557
0.61233
0.60916
0.60604
0.60297
0.59996
0.59701
0.59411
0.59127
0.58849
0.58576
0.58308
0.58046
0.5779
0.57539
0.57293
0.57052
0.56817
0.56587
0.56362
0.56143
0.55928
0.55719
0.55514
0.55314
0.5512
0.5493
0.54745
0.54565
0.54389
0.54218
0.54052
0.5389
0.53732
0.53579
0.5343
0.53285
0.53145
0.53009
0.52876
0.52748
0.52624
0.52503
0.52386
0.52273
0.52164
0.52058
0.51956
0.51857
0.51761
0.51669
0.5158
0.51494
0.51412
0.51332
0.51255
0.51182
0.51111
0.51043
0.50977
0.50915
0.50855
0.50797
0.50742
0.50689
0.50638
0.5059
0.50544
0.505
0.50458
0.50419
0.50381
0.50345
0.50311
0.50279
0.50248
0.50219
0.50192
0.50166
0.50142
0.50119
0.50097
0.50077
0.50058
0.50041
0.50024
0.50009
0.49995
0.49982
0.4997
0.49959
0.49949
0.49939
0.49931
0.49923
0.49917
0.4991
0.49905
0.499
0.49896
0.49893
0.4989
0.49887
0.49886
0.49884
0.49883
0.49883
0.49883
0.49883
0.49884
0.49885
0.49887
0.49889
0.49891
0.49894
0.49897
0.499
0.49904
0.49907
0.49912
0.49916
0.49921
0.49926
0.49931
0.49937
0.49943
0.49949
0.49956
0.49963
0.49971
0.49978
0.49987
0.49995
0.50004
0.50014
0.50024
0.50034
0.50045
0.50057
0.50069
0.50081
0.50095
0.50109
0.50124
0.50139
0.50155
0.50172
0.5019
0.50209
0.50228
0.50249
0.5027
0.50293
0.50316
0.50341
0.50367
0.50394
0.50422
0.50452
0.50483
0.50515
0.50549
0.50584
0.50621
0.5066
0.507
0.50741
0.50785
0.5083
0.50877
0.50926
0.50977
0.51029
0.51084
0.51141
0.512
0.51261
0.51325
0.5139
0.51458
0.51529
0.51602
0.51677
0.51754
0.51835
0.51918
0.52003
0.52091
0.52182
0.52276
0.52372
0.52471
0.52574
0.52679
0.52787
0.52898
0.53012
0.53129
0.53249
0.53372
0.53498
0.53628
0.5376
0.53896
0.54035
0.54177
0.54323
0.54472
0.54623
0.54779
0.54937
0.55099
0.55264
0.55432
0.55604
0.55779
0.55957
0.56138
0.56323
0.5651
0.56701
0.56895
0.57093
0.57293
0.57496
0.57703
0.57912
0.58124
0.5834
0.58558
0.58779
0.59002
0.59229
0.59458
0.59689
0.59924
0.6016
0.60399
0.6064
0.60884
0.61129
0.61377
0.61626
0.61877
0.6213
0.62385
0.62641
0.62899
0.63158
0.63418
0.63679
0.63941
0.64204
0.64468
0.64732
0.64997
0.65262
0.65528
0.65793
0.66058
0.66323
0.66588
0.66852
0.67116
0.67378
0.6764
0.679
0.6816
0.68418
0.68674
0.68928
0.69181
0.69432
0.6968
0.69926
0.70169
0.7041
0.70648
0.70883
0.71114
0.71343
0.71568
0.71789
0.72006
0.7222
0.72429
0.72635
0.72835
0.73032
0.73223
0.7341
0.73592
0.73769
0.73941
0.74107
0.74268
0.74424
0.74573
0.74717
0.74855
0.74987
0.75113
0.75233
0.75347
0.75454
0.75555
0.75649
0.75737
0.75818
0.75893
0.7596
0.76021
0.76075
0.76123
0.76163
0.76196
0.76223
0.76242
0.76254
0.7626
0.76258
0.7625
0.76234
0.76212
0.76182
0.76146
0.76103
0.76053
0.75996
0.75932
0.75862
0.75785
0.75701
0.75611
0.75514
0.75411
0.75302
0.75186
0.75065
0.74937
0.74803
0.74663
0.74518
0.74367
0.7421
0.74048
0.73881
0.73709
0.73531
0.73348
0.73161
0.72968
0.72772
0.7257
0.72365
0.72155
0.71941
0.71723
0.71501
0.71276
0.71047
0.70814
0.70579
0.7034
0.70098
0.69854
0.69606
0.69356
0.69104
0.68849
0.68592
0.68334
0.68073
0.6781
0.67546
0.6728
0.67013
0.66744
0.66474
0.66204
0.65932
0.6566
0.65387
0.65113
0.64839
0.64564
0.6429
0.64015
0.6374
0.63465
0.6319
0.62916
0.62642
0.62368
0.62095
0.61823
0.61551
0.6128
0.6101
0.60741
0.60473
0.60206
0.5994
0.59675
0.59412
0.5915
0.58889
0.5863
0.58372
0.58116
0.57861
0.57608
0.57357
0.57107
0.5686
0.56614
0.56369
0.56127
0.55887
0.55649
0.55412
0.55178
0.54945
0.54715
0.54487
0.5426
0.54036
0.53814
0.53594
0.53377
0.53161
0.52948
0.52737
0.52527
0.52321
0.52116
0.51913
0.51713
0.51515
0.51319
0.51126
0.50934
0.50745
0.50558
0.50373
0.50191
0.50011
0.49832
0.49656
0.49483
0.49311
0.49142
0.48975
0.4881
0.48647
0.48486
0.48328
0.48171
0.48017
0.47865
0.47715
0.47568
0.47422
0.47278
0.47137
0.46998
0.46861
0.46726
0.46593
0.46462
0.46333
0.46206
0.46082
0.45959
0.45839
0.4572
0.45604
0.45489
0.45377
0.45267
0.45159
0.45053
0.44948
0.44846
0.44746
0.44648
0.44552
0.44458
0.44366
0.44277
0.44189
0.44103
0.44019
0.43937
0.43858
0.4378
0.43704
0.43631
0.43559
0.4349
0.43422
0.43357
0.43294
0.43232
0.43173
0.43116
0.43061
0.43008
0.42957
0.42908
0.42861
0.42817
0.42774
0.42734
0.42696
0.4266
0.42626
0.42594
0.42564
0.42537
0.42511
0.42488
0.42467
0.42448
0.42432
0.42417
0.42405
0.42396
0.42388
0.42383
0.4238
0.42379
0.4238
0.42384
0.4239
0.42399
0.4241
0.42423
0.42439
0.42457
0.42477
0.425
0.42525
0.42553
0.42583
0.42616
0.42651
0.42689
0.42729
0.42772
0.42818
0.42866
0.42917
0.4297
0.43026
0.43085
0.43146
0.4321
0.43277
0.43347
0.43419
0.43494
0.43573
0.43654
0.43737
0.43824
0.43914
0.44007
0.44103
0.44202
0.44304
0.44409
0.44517
0.44628
0.44743
0.44861
0.44982
0.45106
0.45234
0.45365
0.45499
0.45637
0.45779
0.45924
0.46073
0.46225
0.46381
0.4654
0.46704
0.46871
0.47042
0.47217
0.47396
0.47579
0.47765
0.47956
0.48151
0.48351
0.48554
0.48762
0.48974
0.4919
0.49411
0.49637
0.49867
0.50101
0.50341
0.50585
0.50833
0.51087
0.51346
0.51609
0.51878
0.52151
0.5243
0.52714
0.53003
0.53297
0.53597
0.53903
0.54213
0.5453
0.54852
0.55179
0.55513
0.55852
0.56197
0.56548
0.56905
0.57268
0.57637
0.58012
0.58393
0.58781
0.59175
0.59575
0.59982
0.60395
0.60815
0.61241
0.61674
0.62114
0.6256
0.63013
0.63472
0.63939
0.64412
0.64892
0.65379
0.65873
0.66374
0.66882
0.67397
0.67919
0.68448
0.68983
0.69526
0.70076
0.70633
0.71196
0.71767
0.72345
0.72929
0.73521
0.74119
0.74724
0.75336
0.75955
0.7658
0.77212
0.77851
0.78496
0.79147
0.79805
0.80469
0.81139
0.81815
0.82497
0.83185
0.83879
0.84579
0.85283
0.85993
0.86709
0.87429
0.88154
0.88884
0.89619
0.90357
0.911
0.91847
0.92598
0.93353
0.9411
0.94871
0.95635
0.96402
0.97171
0.97942
0.98715
0.9949
1.0027
1.0104
1.0182
1.026
1.0338
1.0416
1.0494
1.0572
1.065
1.0727
1.0805
1.0882
1.0959
1.1036
1.1113
1.1189
1.1265
1.1341
1.1416
1.1491
1.1565
1.1638
1.1712
1.1784
1.1856
1.1927
1.1998
1.2068
1.2137
1.2205
1.2273
1.2339
1.2405
1.247
1.2534
1.2596
1.2658
1.2719
1.2778
1.2836
1.2894
1.295
1.3004
1.3058
1.311
1.3161
1.321
1.3258
1.3305
1.335
1.3393
1.3435
1.3476
1.3515
1.3552
1.3588
1.3622
1.3655
1.3686
1.3715
1.3742
1.3768
1.3791
1.3814
1.3834
1.3852
1.3869
1.3884
1.3897
1.3908
1.3917
1.3924
1.3929
1.3933
1.3934
1.3934
1.3932
1.3928
1.3922
1.3914
1.3904
1.3892
1.3878
1.3862
1.3845
1.3825
1.3804
1.378
1.3755
1.3728
1.3699
1.3669
1.3636
1.3602
1.3566
1.3528
1.3488
1.3447
1.3404
1.3359
1.3313
1.3265
1.3215
1.3164
1.3111
1.3057
1.3001
1.2944
1.2885
1.2825
1.2763
1.2701
1.2636
1.2571
1.2504
1.2436
1.2367
1.2297
1.2226
1.2154
1.2081
1.2006
1.1931
1.1855
1.1778
1.1701
1.1622
1.1543
1.1463
1.1383
1.1302
1.122
1.1138
1.1056
1.0973
1.089
1.0806
1.0722
1.0638
1.0553
1.0469
1.0384
1.0299
1.0214
1.013
1.0045
0.99601
0.98756
0.97911
0.97069
0.96228
0.95391
0.94556
0.93725
0.92897
0.92073
0.91254
0.90439
0.89629
0.88825
0.88025
0.87232
0.86445
0.85664
0.84889
0.84121
0.83361
0.82607
0.81862
0.81123
0.80393
0.79671
0.78957
0.78251
0.77554
0.76866
0.76186
0.75516
0.74854
0.74202
0.73559
0.72926
0.72302
0.71687
0.71083
0.70488
0.69902
0.69327
0.68761
0.68206
0.6766
0.67124
0.66598
0.66082
0.65576
0.6508
0.64594
0.64118
0.63652
0.63195
0.62749
0.62312
0.61885
0.61468
0.6106
0.60662
0.60274
0.59895
0.59525
0.59165
0.58814
0.58472
0.5814
0.57816
0.57502
0.57196
0.56899
0.56611
0.56331
0.5606
0.55798
0.55543
0.55297
0.55059
0.5483
0.54608
0.54393
0.54187
0.53988
0.53797
0.53613
0.53436
0.53267
0.53105
0.52949
0.52801
0.52659
0.52524
0.52395
0.52273
0.52157
0.52048
0.51944
0.51846
0.51755
0.51669
0.51588
0.51514
0.51444
0.5138
0.51321
0.51267
0.51218
0.51174
0.51135
0.511
0.5107
0.51045
0.51023
0.51006
0.50993
0.50984
0.50979
0.50977
0.50979
0.50985
0.50994
0.51006
0.51022
0.51041
0.51063
0.51088
0.51115
0.51146
0.51179
0.51214
0.51252
0.51292
0.51335
0.5138
0.51426
0.51475
0.51526
0.51578
0.51632
0.51688
0.51745
0.51804
0.51864
0.51925
0.51987
0.52051
0.52116
0.52182
0.52248
0.52316
0.52384
0.52453
0.52523
0.52593
0.52664
0.52735
0.52807
0.52879
0.52951
0.53024
0.53097
0.5317
0.53244
0.53317
0.53391
0.53465
0.53538
0.53612
0.53686
0.53759
0.53833
0.53906
0.5398
0.54053
0.54126
0.54199
0.54272
0.54345
0.54417
0.5449
0.54562
0.54635
0.54707
0.54779
0.54851
0.54923
0.54995
0.55067
0.5514
0.55212
0.55284
0.55356
0.55429
0.55501
0.55574
0.55648
0.55721
0.55795
0.55869
0.55944
0.56019
0.56095
0.56172
0.56249
0.56327
0.56406
0.56485
0.56566
0.56648
0.5673
0.56814
0.56899
0.56986
0.57074
0.57163
0.57254
0.57346
0.5744
0.57536
0.57634
0.57733
0.57835
0.57939
0.58045
0.58153
0.58264
0.58377
0.58493
0.58611
0.58732
0.58856
0.58983
0.59113
0.59246
0.59382
0.59522
0.59665
0.59811
0.59962
0.60115
0.60273
0.60435
0.606
0.6077
0.60944
0.61122
0.61304
0.61491
0.61683
0.61879
0.6208
0.62286
0.62497
0.62713
0.62934
0.63161
0.63393
0.6363
0.63873
0.64121
0.64375
0.64635
0.64901
0.65173
0.65451
0.65735
0.66026
0.66322
0.66626
0.66935
0.67252
0.67575
0.67904
0.68241
0.68584
0.68934
0.69292
0.69656
0.70028
0.70407
0.70793
0.71186
0.71587
0.71995
0.7241
0.72834
0.73264
0.73702
0.74148
0.74602
0.75063
0.75532
0.76008
0.76493
0.76985
0.77484
0.77992
0.78507
0.7903
0.79561
0.80099
0.80645
0.81198
0.8176
0.82328
0.82904
0.83488
0.84079
0.84678
0.85283
0.85896
0.86516
0.87143
0.87777
0.88417
0.89065
0.89719
0.90379
0.91046
0.91719
0.92398
0.93083
0.93773
0.9447
0.95171
0.95878
0.9659
0.97307
0.98029
0.98755
0.99486
1.0022
1.0096
1.017
1.0245
1.0319
1.0395
1.047
1.0546
1.0622
1.0698
1.0774
1.085
1.0927
1.1003
1.108
1.1156
1.1233
1.1309
1.1386
1.1462
1.1539
1.1615
1.1691
1.1766
1.1842
1.1917
1.1992
1.2066
1.214
1.2214
1.2287
1.236
1.2432
1.2503
1.2574
1.2645
1.2715
1.2784
1.2852
1.292
1.2987
1.3053
1.3118
1.3183
1.3246
1.3309
1.337
1.3431
1.3491
1.355
1.3607
1.3664
1.3719
1.3773
1.3827
1.3878
1.3929
1.3979
1.4027
1.4074
1.412
1.4164
1.4207
1.4249
1.429
1.4329
1.4367
1.4403
1.4438
1.4471
1.4503
1.4534
1.4563
1.4591
1.4617
1.4642
1.4665
1.4687
1.4707
1.4726
1.4743
1.4759
1.4773
1.4786
1.4797
1.4807
1.4815
1.4822
1.4827
1.4831
1.4833
1.4834
1.4834
1.4832
1.4828
1.4824
1.4817
1.481
1.4801
1.479
1.4778
1.4765
1.4751
1.4735
1.4718
1.47
1.468
1.4659
1.4637
1.4614
1.4589
1.4564
1.4537
1.4509
1.448
1.445
1.4419
1.4387
1.4354
1.432
1.4284
1.4248
1.4211
1.4174
1.4135
1.4095
1.4055
1.4014
1.3972
1.3929
1.3886
1.3842
1.3797
1.3752
1.3706
1.3659
1.3612
1.3564
1.3516
1.3467
1.3418
1.3368
1.3318
1.3268
1.3217
1.3166
1.3114
1.3062
1.301
1.2958
1.2905
1.2852
1.2799
1.2745
1.2692
1.2638
1.2585
1.2531
1.2477
1.2423
1.2369
1.2314
1.226
1.2206
1.2152
1.2098
1.2043
1.1989
1.1935
1.1881
1.1827
1.1773
1.172
1.1666
1.1613
1.1559
1.1506
1.1453
1.14
1.1347
1.1295
1.1243
1.119
1.1139
1.1087
1.1035
1.0984
1.0933
1.0882
1.0831
1.0781
1.0731
1.0681
1.0631
1.0582
1.0533
1.0484
1.0435
1.0387
1.0338
1.029
1.0243
1.0195
1.0148
1.0101
1.0055
1.0008
0.99622
0.99164
0.98707
0.98254
0.97803
0.97354
0.96908
0.96465
0.96024
0.95585
0.95149
0.94715
0.94284
0.93855
0.93428
0.93004
0.92582
0.92162
0.91745
0.9133
0.90917
0.90506
0.90097
0.89691
0.89287
0.88885
0.88485
0.88087
0.87692
0.87298
0.86907
0.86517
0.8613
0.85745
0.85361
0.8498
0.84601
0.84223
0.83848
0.83475
0.83103
0.82734
0.82366
0.82001
0.81638
0.81276
0.80917
0.80559
0.80204
0.7985
0.79499
0.79149
0.78802
0.78456
0.78113
0.77772
0.77433
0.77095
0.7676
0.76428
0.76097
0.75768
0.75442
0.75118
0.74796
0.74476
0.74159
0.73844
0.73531
0.73221
0.72913
0.72608
0.72305
0.72004
0.71706
0.71411
0.71118
0.70827
0.7054
0.70255
0.69972
0.69693
0.69416
0.69142
0.68871
0.68603
0.68338
0.68076
0.67816
0.6756
0.67307
0.67057
0.6681
0.66566
0.66326
0.66088
0.65854
0.65624
0.65396
0.65172
0.64952
0.64735
0.64521
0.64311
0.64105
0.63902
0.63702
0.63507
0.63315
0.63127
0.62942
0.62762
0.62585
0.62412
0.62243
0.62078
0.61917
0.61759
0.61606
0.61457
0.61312
0.61171
0.61034
0.60901
0.60773
0.60648
0.60528
0.60412
0.603
0.60193
0.6009
0.59991
0.59897
0.59807
0.59721
0.5964
0.59564
0.59491
0.59424
0.59361
0.59302
0.59248
0.59198
0.59153
0.59113
0.59077
0.59046
0.5902
0.58998
0.58981
0.58969
0.58961
0.58958
0.5896
0.58967
0.58979
0.58995
0.59016
0.59042
0.59073
0.59108
0.59149
0.59194
0.59244
0.59299
0.5936
0.59425
0.59494
0.59569
0.59649
0.59734
0.59824
0.59918
0.60018
0.60123
0.60232
0.60347
0.60467
0.60591
0.60721
0.60856
0.60996
0.6114
0.6129
0.61445
0.61605
0.61769
0.61939
0.62114
0.62294
0.62479
0.62668
0.62863
0.63063
0.63268
0.63477
0.63692
0.63911
0.64136
0.64365
0.64599
0.64838
0.65082
0.65331
0.65584
0.65842
0.66105
0.66373
0.66645
0.66922
0.67204
0.6749
0.6778
0.68076
0.68375
0.68679
0.68988
0.693
0.69617
0.69938
0.70263
0.70593
0.70926
0.71264
0.71605
0.7195
0.72299
0.72651
0.73007
0.73367
0.7373
0.74097
0.74467
0.7484
0.75216
0.75595
0.75978
0.76363
0.7675
0.77141
0.77534
0.77929
0.78327
0.78727
0.79129
0.79533
0.79938
0.80345
0.80754
0.81164
0.81576
0.81989
0.82403
0.82818
0.83234
0.8365
0.84066
0.84483
0.849
0.85317
0.85734
0.8615
0.86566
0.86981
0.87396
0.87809
0.88221
0.88632
0.89041
0.89449
0.89855
0.90258
0.9066
0.91059
0.91456
0.9185
0.92242
0.92631
0.93016
0.93398
0.93777
0.94153
0.94524
0.94892
0.95256
0.95616
0.95972
0.96323
0.9667
0.97012
0.9735
0.97683
0.98011
0.98334
0.98651
0.98964
0.99271
0.99572
0.99868
1.0016
1.0044
1.0072
1.0099
1.0126
1.0152
1.0178
1.0203
1.0227
1.025
1.0273
1.0296
1.0317
1.0338
1.0359
1.0379
1.0398
1.0416
1.0434
1.0451
1.0467
1.0483
1.0498
1.0513
1.0527
1.054
1.0552
1.0564
1.0575
1.0586
1.0595
1.0605
1.0613
1.0621
1.0628
1.0635
1.0641
1.0646
1.0651
1.0655
1.0659
1.0661
1.0664
1.0665
1.0667
1.0667
1.0667
1.0666
1.0665
1.0664
1.0661
1.0659
1.0655
1.0651
1.0647
1.0642
1.0637
1.0631
1.0625
1.0618
1.0611
1.0603
1.0595
1.0587
1.0578
1.0568
1.0559
1.0548
1.0538
1.0527
1.0516
1.0504
1.0492
1.048
1.0468
1.0455
1.0442
1.0428
1.0415
1.0401
1.0387
1.0372
1.0358
1.0343
1.0328
1.0313
1.0297
1.0282
1.0266
1.025
1.0234
1.0218
1.0202
1.0185
1.0169
1.0153
1.0136
1.0119
1.0103
1.0086
1.0069
1.0053
1.0036
1.0019
1.0003
0.99862
0.99696
0.99532
0.99367
0.99204
0.99042
0.9888
0.9872
0.98561
0.98403
0.98247
0.98093
0.9794
0.97789
0.9764
0.97492
0.97347
0.97204
0.97064
0.96926
0.9679
0.96657
0.96526
0.96399
0.96274
0.96152
0.96033
0.95917
0.95805
0.95695
0.95589
0.95487
0.95388
0.95293
0.95201
0.95113
0.95029
0.94949
0.94872
0.948
0.94732
0.94667
0.94607
0.94551
0.945
0.94452
0.94409
0.94371
0.94336
0.94306
0.94281
0.9426
0.94244
0.94232
0.94225
0.94222
0.94223
0.9423
0.94241
0.94256
0.94276
0.943
0.94329
0.94363
0.94401
0.94443
0.9449
0.94541
0.94596
0.94656
0.9472
0.94788
0.9486
0.94936
0.95017
0.95101
0.95189
0.95281
0.95376
0.95475
0.95577
0.95683
0.95793
0.95905
0.9602
0.96139
0.9626
0.96384
0.96511
0.9664
0.96771
0.96905
0.97041
0.97178
0.97318
0.97459
0.97602
0.97745
0.97891
0.98037
0.98184
0.98331
0.98479
0.98628
0.98776
0.98925
0.99073
0.99222
0.99369
0.99516
0.99662
0.99807
0.99951
1.0009
1.0023
1.0037
1.0051
1.0064
1.0078
1.0091
1.0104
1.0116
1.0128
1.014
1.0152
1.0163
1.0174
1.0184
1.0194
1.0204
1.0213
1.0222
1.023
1.0238
1.0246
1.0253
1.0259
1.0265
1.0271
1.0276
1.028
1.0284
1.0287
1.029
1.0292
1.0294
1.0295
1.0296
1.0296
1.0295
1.0294
1.0292
1.029
1.0287
1.0284
1.028
1.0276
1.027
1.0265
1.0259
1.0252
1.0245
1.0237
1.0229
1.022
1.0211
1.0201
1.0191
1.018
1.0169
1.0158
1.0146
1.0133
1.0121
1.0108
1.0094
1.0081
1.0067
1.0052
1.0038
1.0023
1.0008
0.99927
0.99773
0.99617
0.9946
0.99301
0.99142
0.98982
0.98822
0.98661
0.985
0.98339
0.98179
0.9802
0.97861
0.97704
0.97548
0.97394
0.97241
0.97091
0.96943
0.96798
0.96656
0.96516
0.9638
0.96248
0.96119
0.95994
0.95874
0.95758
0.95646
0.9554
0.95438
0.95342
0.95251
0.95166
0.95086
0.95013
0.94946
0.94885
0.94831
0.94783
0.94742
0.94709
0.94682
0.94663
0.94651
0.94647
0.9465
0.94661
0.9468
0.94708
0.94743
0.94786
0.94838
0.94898
0.94966
0.95043
0.95129
0.95223
0.95326
0.95437
0.95557
0.95686
0.95823
0.95969
0.96124
0.96288
0.9646
0.96641
0.9683
0.97028
0.97234
0.97449
0.97672
0.97904
0.98143
0.98391
0.98647
0.98911
0.99182
0.99461
0.99748
1.0004
1.0034
1.0065
1.0097
1.0129
1.0162
1.0195
1.0229
1.0264
1.0299
1.0335
1.0371
1.0408
1.0445
1.0483
1.0522
1.056
1.0599
1.0639
1.0678
1.0718
1.0759
1.0799
1.084
1.0881
1.0922
1.0963
1.1004
1.1046
1.1087
1.1129
1.117
1.1211
1.1253
1.1294
1.1335
1.1375
1.1416
1.1456
1.1496
1.1536
1.1575
1.1614
1.1653
1.1691
1.1729
1.1766
1.1803
1.1839
1.1874
1.1909
1.1943
1.1977
1.201
1.2042
1.2074
1.2104
1.2134
1.2163
1.2192
1.2219
1.2246
1.2271
1.2296
1.232
1.2343
1.2364
1.2385
1.2405
1.2424
1.2442
1.2458
1.2474
1.2489
1.2503
1.2515
1.2527
1.2538
1.2547
1.2556
1.2563
1.257
1.2575
1.2579
1.2583
1.2585
1.2586
1.2586
1.2585
1.2583
1.258
1.2576
1.257
1.2564
1.2557
1.2549
1.2539
1.2529
1.2518
1.2505
1.2492
1.2478
1.2463
1.2447
1.2429
1.2411
1.2393
1.2373
1.2352
1.2331
1.2308
1.2285
1.2261
1.2236
1.221
1.2184
1.2157
1.2129
1.21
1.2071
1.2041
1.201
1.1978
1.1946
1.1913
1.188
1.1846
1.1811
1.1776
1.1741
1.1704
1.1668
1.163
1.1593
1.1554
1.1516
1.1476
1.1437
1.1397
1.1356
1.1315
1.1274
1.1232
1.1191
1.1148
1.1106
1.1063
1.1019
1.0976
1.0932
1.0888
1.0844
1.0799
1.0754
1.0709
1.0664
1.0619
1.0573
1.0527
1.0481
1.0435
1.0389
1.0343
1.0296
1.025
1.0203
1.0156
1.0109
1.0062
1.0015
0.99678
0.99206
0.98734
0.98261
0.97788
0.97314
0.9684
0.96367
0.95893
0.95419
0.94945
0.94472
0.93999
0.93526
0.93054
0.92582
0.92111
0.91641
0.91171
0.90703
0.90235
0.89768
0.89302
0.88838
0.88375
0.87913
0.87452
0.86993
0.86536
0.8608
0.85626
0.85174
0.84724
0.84276
0.8383
0.83386
0.82945
0.82506
0.82069
0.81636
0.81204
0.80776
0.8035
0.79928
0.79509
0.79092
0.7868
0.7827
0.77864
0.77462
0.77063
0.76668
0.76277
0.7589
0.75508
0.75129
0.74755
0.74385
0.7402
0.73659
0.73304
0.72953
0.72607
0.72266
0.7193
0.71599
0.71274
0.70955
0.70641
0.70332
0.7003
0.69733
0.69442
0.69157
0.68879
0.68606
0.6834
0.6808
0.67827
0.67581
0.67341
0.67108
0.66881
0.66662
0.66449
0.66244
0.66046
0.65855
0.65671
0.65494
0.65325
0.65164
0.65009
0.64863
0.64724
0.64593
0.64469
0.64354
0.64246
0.64146
0.64054
0.6397
0.63893
0.63825
0.63765
0.63713
0.63669
0.63633
0.63605
0.63586
0.63574
0.63571
0.63576
0.63588
0.6361
0.63639
0.63676
0.63721
0.63775
0.63837
0.63906
0.63984
0.64069
0.64163
0.64264
0.64374
0.64491
0.64615
0.64748
0.64888
0.65035
0.6519
0.65353
0.65522
0.65699
0.65883
0.66074
0.66272
0.66476
0.66687
0.66905
0.67129
0.67359
0.67596
0.67838
0.68086
0.6834
0.68599
0.68864
0.69133
0.69408
0.69687
0.69971
0.70259
0.70552
0.70848
0.71148
0.71452
0.71759
0.72069
0.72381
0.72697
0.73014
0.73334
0.73656
0.73979
0.74303
0.74628
0.74955
0.75281
0.75608
0.75935
0.76262
0.76588
0.76913
0.77237
0.77559
0.7788
0.78199
0.78515
0.78829
0.7914
0.79448
0.79753
0.80054
0.80351
0.80644
0.80932
0.81216
0.81495
0.81768
0.82036
0.82299
0.82555
0.82806
0.8305
0.83287
0.83518
0.83742
0.83958
0.84168
0.8437
0.84564
0.8475
0.84929
0.85099
0.85262
0.85416
0.85561
0.85699
0.85827
0.85947
0.86059
0.86162
0.86256
0.86341
0.86418
0.86485
0.86544
0.86595
0.86637
0.8667
0.86694
0.86711
0.86718
0.86718
0.86709
0.86693
0.86668
0.86636
0.86596
0.86548
0.86494
0.86432
0.86363
0.86288
0.86206
0.86117
0.86023
0.85923
0.85817
0.85706
0.8559
0.85469
0.85343
0.85213
0.85079
0.84942
0.848
0.84656
0.84509
0.84359
0.84207
0.84053
0.83897
0.8374
0.83582
0.83423
0.83263
0.83103
0.82944
0.82785
0.82626
0.82469
0.82313
0.82159
0.82006
0.81856
0.81708
0.81563
0.81422
0.81283
0.81148
0.81017
0.8089
0.80768
0.8065
0.80537
0.8043
0.80327
0.80231
0.8014
0.80055
0.79977
0.79905
0.7984
0.79782
0.79731
0.79687
0.7965
0.79621
0.796
0.79587
0.79582
0.79585
0.79597
0.79616
0.79645
0.79682
0.79728
0.79783
0.79846
0.79919
0.80001
0.80092
0.80192
0.80301
0.8042
0.80548
0.80685
0.80832
0.80988
0.81153
0.81328
0.81512
0.81705
0.81907
0.82118
0.82339
0.82568
0.82807
0.83054
0.8331
0.83575
0.83848
0.84129
0.84419
0.84717
0.85023
0.85336
0.85658
0.85987
0.86323
0.86666
0.87016
0.87372
0.87735
0.88104
0.88479
0.8886
0.89246
0.89637
0.90034
0.90435
0.9084
0.91249
0.91662
0.92078
0.92498
0.9292
0.93344
0.93771
0.942
0.9463
0.95061
0.95493
0.95925
0.96357
0.96789
0.97221
0.97651
0.9808
0.98507
0.98932
0.99354
0.99774
1.0019
1.006
1.0101
1.0142
1.0182
1.0221
1.026
1.0299
1.0336
1.0374
1.041
1.0446
1.0481
1.0515
1.0549
1.0582
1.0614
1.0645
1.0675
1.0704
1.0733
1.076
1.0786
1.0812
1.0836
1.0859
1.0882
1.0903
1.0923
1.0942
1.096
1.0977
1.0993
1.1007
1.1021
1.1033
1.1044
1.1054
1.1063
1.1071
1.1078
1.1083
1.1087
1.1091
1.1093
1.1094
1.1094
1.1093
1.109
1.1087
1.1083
1.1077
1.1071
1.1064
1.1055
1.1046
1.1036
1.1025
1.1013
1.1
1.0986
1.0971
1.0956
1.094
1.0923
1.0906
1.0887
1.0869
1.0849
1.0829
1.0808
1.0787
1.0765
1.0743
1.0721
1.0698
1.0674
1.0651
1.0627
1.0602
1.0578
1.0553
1.0528
1.0503
1.0478
1.0452
1.0427
1.0401
1.0376
1.035
1.0325
1.0299
1.0274
1.0249
1.0224
1.0199
1.0174
1.015
1.0125
1.0101
1.0078
1.0054
1.0031
1.0008
0.9986
0.9964
0.99423
0.99211
0.99002
0.98798
0.98599
0.98404
0.98213
0.98028
0.97847
0.97672
0.97501
0.97336
0.97175
0.9702
0.9687
0.96726
0.96586
0.96452
0.96324
0.96201
0.96083
0.9597
0.95863
0.95761
0.95664
0.95572
0.95485
0.95404
0.95327
0.95255
0.95188
0.95126
0.95068
0.95015
0.94966
0.94921
0.94881
0.94844
0.94811
0.94782
0.94756
0.94734
0.94715
0.94698
0.94685
0.94674
0.94666
0.9466
0.94656
0.94654
0.94654
0.94655
0.94658
0.94662
0.94666
0.94671
0.94677
0.94682
0.94688
0.94694
0.94699
0.94703
0.94707
0.94709
0.9471
0.9471
0.94708
0.94704
0.94697
0.94689
0.94678
0.94664
0.94646
0.94626
0.94603
0.94575
0.94544
0.9451
0.9447
0.94427
0.94379
0.94327
0.9427
0.94207
0.9414
0.94068
0.9399
0.93907
0.93818
0.93723
0.93623
0.93517
0.93405
0.93287
0.93163
0.93033
0.92896
0.92753
0.92604
0.92449
0.92288
0.9212
0.91946
0.91766
0.91579
0.91386
0.91187
0.90982
0.90771
0.90554
0.9033
0.90101
0.89867
0.89626
0.89381
0.89129
0.88873
0.88611
0.88344
0.88073
0.87796
0.87516
0.8723
0.86941
0.86647
0.8635
0.86049
0.85745
0.85437
0.85126
0.84813
0.84497
0.84178
0.83857
0.83535
0.8321
0.82884
0.82557
0.82229
0.819
0.8157
0.81241
0.80911
0.80581
0.80252
0.79923
0.79595
0.79269
0.78943
0.78619
0.78298
0.77978
0.7766
0.77345
0.77033
0.76724
0.76418
0.76115
0.75816
0.75521
0.75229
0.74942
0.7466
0.74382
0.74109
0.73841
0.73578
0.73321
0.73069
0.72823
0.72583
0.72349
0.72121
0.71899
0.71684
0.71476
0.71274
0.71079
0.70892
0.70711
0.70538
0.70372
0.70214
0.70063
0.6992
0.69785
0.69658
0.69539
0.69427
0.69324
0.69229
0.69142
0.69064
0.68994
0.68932
0.68879
0.68835
0.68799
0.68771
0.68752
0.68742
0.6874
0.68747
0.68763
0.68787
0.6882
0.68861
0.68912
0.68971
0.69038
0.69114
0.69199
0.69292
