-0.78127
-0.96134
-1.1807
-1.3182
-1.3947
-1.3373
-1.1494
-1.0272
-0.92403
-0.89037
-0.75083
-0.74572
-0.71043
-0.68333
-0.71581
-0.81837
-0.97423
-1.0224
-1.2403
-1.3078
-1.3605
-1.3152
-1.2855
-1.1266
-0.86482
-0.67327
-0.5374
-0.58258
-0.75502
-1.0028
-1.207
-1.3195
-1.3701
-1.2956
-1.2124
-1.0949
-0.99075
-0.865
-0.80614
-0.83932
-0.85123
-0.78019
-0.73937
-1.0982
-1.4153
-1.5516
-1.6395
-1.4587
-1.2059
-0.88415
-0.60658
-0.51302
-0.61807
-0.79462
-0.88229
-0.87982
-0.91049
-0.97473
-1.0131
-0.99181
-1.0538
-1.1627
-1.1792
-1.2196
-1.2486
-1.2654
-1.1671
-1.0678
-0.912
-0.79007
-0.75563
-0.77314
-0.71551
-0.68955
-0.7138
-0.80516
-1.0271
-1.253
-1.4765
-1.5549
-1.4116
-1.2572
-1.0342
-0.85822
-0.80244
-0.83155
-0.84238
-0.91059
-1.0074
-1.0631
-1.0657
-0.96568
-0.87264
-0.76866
-0.80981
-1.0314
-1.2407
-1.3556
-1.3516
-1.268
-1.1037
-0.94099
-0.91214
-0.8644
-0.83514
-0.82385
-1.0302
-1.1447
-1.1848
-1.1699
-1.0619
-0.8646
-0.68984
-0.6824
-0.77138
-0.96516
-1.1796
-1.3514
-1.3974
-1.402
-1.3339
-1.0989
-0.97823
-0.87366
-0.92109
-0.88276
-0.79705
-0.81462
-0.63228
-0.62072
-0.80162
-1.0956
-1.2437
-1.346
-1.3227
-1.1998
-1.1036
-1.0856
-1.1262
-1.1433
-1.1038
-0.96885
-0.74945
-0.68393
-0.67669
-0.87824
-1.0138
-1.2698
-1.2108
-1.0757
-0.8772
-0.92799
-1.108
-1.1843
-1.2658
-1.0771
-0.72504
-0.45894
-0.50509
-0.7
-0.92087
-1.1975
-1.3069
-1.3163
-1.1276
-1.034
-0.98184
-1.1008
-1.3277
-1.3856
-1.1566
-0.80802
-0.49137
-0.32274
-0.40941
-0.67819
-0.92963
-1.1238
-1.1899
-1.2734
-1.2468
-1.1365
-1.0405
-0.97398
-0.84741
-0.80478
-0.7905
-0.81375
-0.94675
-1.1522
-1.2368
-1.117
-0.90529
-0.74923
-0.72914
-0.95535
-1.2792
-1.5835
-1.6144
-1.5483
-1.2986
-0.88575
-0.4426
-0.26628
-0.3208
-0.54247
-0.86796
-1.139
-1.2729
-1.2455
-1.1797
-1.1188
-1.0418
-1.1361
-1.1518
-1.1832
-1.2736
-1.4261
-1.4227
-1.1269
-0.73623
-0.26431
-0.012353
-0.13951
-0.54521
-1.0447
-1.4993
-1.8565
-1.918
-1.6719
-1.2775
-0.91701
-0.58266
-0.48185
-0.62059
-0.80988
-0.92583
-0.99767
-1.0298
-0.9492
-0.90738
-0.90329
-1.0139
-1.1541
-1.3244
-1.5129
-1.4566
-1.2843
-1.0401
-0.84678
-0.73185
-0.64881
-0.70185
-0.72449
-0.79507
-0.86758
-0.90311
-0.82159
-0.84011
-1.0048
-1.1415
-1.3431
-1.4408
-1.4656
-1.3553
-1.2171
-1.0716
-0.92207
-0.84448
-0.88908
-0.91512
-0.88076
-0.83647
-0.83196
-0.71034
-0.62848
-0.6884
-0.85123
-0.99119
-1.2821
-1.4416
-1.4155
-1.3058
-1.1677
-1.0518
-0.86835
-0.93079
-0.87231
-0.89695
-0.83054
-0.94809
-0.97018
-0.88274
-0.75208
-0.67344
-0.68542
-0.9775
-1.3294
-1.4823
-1.489
-1.2311
-1.0433
-0.86319
-0.78091
-0.76128
-0.57595
-0.4829
-0.58571
-0.70339
-0.93294
-1.2249
-1.5597
-1.6783
-1.6405
-1.3842
-1.1447
-0.93494
-0.82447
-0.71784
-0.48447
-0.30639
-0.40757
-0.63867
-0.79697
-0.97082
-1.0304
-0.99105
-1.0591
-1.1475
-1.1603
-1.0458
-1.054
-0.98553
-0.9196
-0.89237
-0.92972
-1.0776
-1.162
-1.3691
-1.4871
-1.2994
-1.0754
-0.79522
-0.54161
-0.34923
-0.47793
-0.59378
-0.69473
-0.67965
-0.72772
-0.81677
-0.82548
-1.148
-1.3295
-1.3996
-1.4462
-1.5218
-1.423
-1.1685
-0.87296
-0.63353
-0.54447
-0.59054
-0.67502
-0.65447
-0.5887
-0.95013
-0.98877
-1.2357
-1.6045
-1.8934
-1.9185
-1.6662
-1.3119
-0.8383
-0.42536
-0.20715
-0.25837
-0.34185
-0.50113
-0.72828
-0.83805
-0.99285
-1.121
-1.0972
-0.98324
-0.94217
-1.0284
-1.227
-1.4893
-1.7579
-1.8453
-1.6694
-1.358
-0.92361
-0.4233
0.044503
0.26994
0.28278
0.15285
-0.25343
-0.57528
-0.83417
-0.95667
-1.0781
-1.2046
-1.2913
-1.5922
-1.8057
-1.882
-1.7689
-1.5114
-1.091
-0.60024
-0.2393
-0.016929
0.035635
-0.092444
-0.41429
-0.67643
-0.86416
-1.0803
-1.3508
-1.4428
-1.3261
-1.3444
-1.3462
-1.432
-1.4788
-1.3923
-1.0362
-0.65735
-0.42335
-0.25068
-0.38814
-0.77795
-1.1716
-1.2854
-1.1992
-1.0074
-0.72609
-0.75864
-0.93132
-1.2186
-1.3993
-1.4473
-1.4247
-1.193
-0.97045
-0.77822
-0.76646
-0.83204
-0.94869
-0.9743
-1.0232
-1.0053
-0.99749
-0.94962
-0.81432
-0.96297
-1.0973
-1.2051
-1.2177
-1.2096
-1.0887
-0.89057
-0.78973
-0.81047
-0.92093
-1.1395
-1.2473
-1.2614
-1.1031
-1.0052
-0.76643
-0.53693
-0.50977
-0.80696
-1.2177
-1.4813
-1.7372
-1.5262
-1.0971
-0.50371
-0.16322
-0.094655
-0.4102
-0.97867
-1.3768
-1.4351
-1.2177
-1.056
-0.84546
-0.79468
-0.87126
-1.0729
-1.2325
-1.2665
-1.3934
-1.2532
-1.1365
-0.96428
-0.70505
-0.54287
-0.45615
-0.63184
-0.71055
-0.98799
-1.177
-1.4025
-1.3765
-1.2462
-1.197
-0.97036
-0.86952
-0.9007
-0.96774
-0.94614
-0.85432
-0.77938
-0.68555
-0.79124
-0.99908
-1.094
-1.1016
-1.1576
-1.1834
-1.1783
-1.2212
-1.2436
-1.3025
-1.1636
-1.0814
-0.82926
-0.53481
-0.40564
-0.4972
-0.67866
-0.91485
-1.1563
-1.3774
-1.4337
-1.4927
-1.4201
-1.2236
-0.98008
-0.89964
-0.88934
-0.84864
-0.80514
-0.77342
-0.64361
-0.49159
-0.55751
-0.77904
-1.0088
-1.2888
-1.4142
-1.3487
-1.2671
-1.1452
-1.0025
-0.86862
-0.78229
-0.84072
-0.80208
-0.86649
-0.91089
-0.91246
-0.94476
-0.94686
-1.0698
-1.1792
-1.2879
-1.3957
-1.3687
-1.2936
-1.2577
-1.0624
-0.70313
-0.41928
-0.2816
-0.38343
-0.42667
-0.77703
-1.0213
-1.0798
-1.1831
-1.2198
-1.3532
-1.2739
-1.2322
-1.0539
-0.76642
-0.63069
-0.73964
-0.86426
-0.88868
-1.0317
-1.0303
-0.97005
-0.95056
-0.92672
-1.0098
-0.98628
-1.156
-1.1657
-1.0698
-0.97757
-0.86886
-0.76959
-0.70101
-0.81341
-0.9364
-1.0736
-1.1702
-1.249
-1.2707
-1.21
-1.1525
-1.1051
-1.0419
-1.052
-1.1022
-1.0556
-0.99378
-0.91828
-0.83304
-0.68698
-0.58982
-0.57986
-0.52129
-0.62544
-0.90024
-1.2398
-1.4911
-1.6122
-1.6291
-1.4557
-1.3009
-1.1947
-1.0881
-0.90159
-0.68943
-0.56193
-0.38464
-0.39572
-0.58825
-0.90609
-1.1341
-1.3937
-1.4077
-1.1001
-0.97219
-0.82161
-0.82967
-0.8012
-1.0425
-1.2477
-1.3681
-1.3906
-1.2572
-1.0673
-0.73526
-0.62801
-0.58442
-0.63065
-0.77519
-0.93264
-1.0263
-0.96755
-0.97051
-0.96506
-0.99841
-0.99531
-1.1526
-1.3219
-1.464
-1.5681
-1.3853
-0.95295
-0.57534
-0.43954
-0.55731
-0.84936
-1.0825
-1.1398
-0.95868
-0.71356
-0.68809
-0.72086
-0.85299
-1.0106
-1.2061
-1.327
-1.3723
-1.3467
-1.1677
-1.0158
-0.92958
-0.9642
-1.0366
-1.1244
-1.1187
-0.9614
-0.8168
-0.63798
-0.47779
-0.42776
-0.57752
-0.97649
-1.3623
-1.6643
-1.7487
-1.6652
-1.3171
-1.0551
-0.77155
-0.58588
-0.46133
-0.49228
-0.72501
-0.82729
-1.0781
-1.1672
-1.116
-1.2435
-1.2795
-1.1227
-0.82872
-0.6045
-0.46668
-0.51303
-0.92054
-1.3713
-1.6683
-1.4756
-1.1877
-0.95055
-0.73341
-0.6422
-0.65542
-0.68105
-0.66366
-0.76933
-0.84591
-0.92305
-1.1057
-1.2408
-1.3834
-1.4582
-1.4902
-1.3163
-1.0709
-0.77404
-0.74534
-0.61252
-0.61657
-0.70214
-0.88136
-0.96681
-0.92092
-0.82038
-0.73683
-0.85156
-1.0676
-1.2976
-1.3717
-1.3949
-1.4442
-1.2702
-1.0678
-0.87012
-0.7321
-0.6591
-0.77457
-0.98332
-0.91524
-0.83273
-0.66087
-0.55244
-0.55121
-0.73227
-1.0301
-1.3074
-1.4933
-1.4781
-1.2663
-0.86346
-0.76002
-0.69292
-0.75933
-0.86494
-0.93918
-0.95812
-1.017
-1.0373
-0.95881
-0.88547
-0.84173
-0.99963
-1.1002
-1.0948
-1.1818
-1.2109
-1.1913
-1.0921
-1.0814
-1.026
-1.0051
-1.0595
-0.93109
-0.69274
-0.41865
-0.42239
-0.58746
-0.90327
-1.1824
-1.3254
-1.3312
-1.2643
-1.3097
-1.318
-1.2881
-1.1929
-1.0864
-0.90163
-0.6427
-0.51372
-0.36311
-0.58737
-0.89654
-1.2049
-1.3568
-1.2561
-1.1831
-0.93408
-0.79859
-0.90201
-1.0981
-1.2944
-1.361
-1.2705
-0.98614
-0.81131
-0.61967
-0.6589
-0.71252
-0.90814
-1.095
-1.011
-0.95543
-0.92879
-0.81425
-0.65716
-0.73543
-0.78425
-0.90182
-0.98229
-1.2653
-1.5564
-1.6589
-1.7756
-1.4846
-1.182
-0.77146
-0.52875
-0.50931
-0.48206
-0.54219
-0.48333
-0.44162
-0.49703
-0.75556
-0.99844
-1.2027
-1.4545
-1.5792
-1.5239
-1.388
-1.267
-1.1245
-1.0467
-0.94219
-0.82193
-0.73799
-0.59852
-0.70239
-0.7389
-0.79598
-0.91742
-1.0791
-1.1687
-1.2531
-1.3436
-1.2926
-1.2637
-1.1645
-1.0287
-0.87781
-0.80168
-0.80839
-0.80738
-0.92837
-1.0925
-1.2004
-1.119
-0.94539
-0.81062
-0.71529
-0.91604
-1.1974
-1.4531
-1.4937
-1.4009
-1.2265
-0.9903
-0.86479
-0.68854
-0.63964
-0.54004
-0.67383
-0.83633
-1.0016
-1.0639
-1.2147
-1.2964
-1.2941
-1.2603
-1.0806
-0.88844
-0.88648
-1.0416
-1.2249
-1.1405
-0.96699
-0.64285
-0.40935
-0.35882
-0.57837
-0.95194
-1.2881
-1.5803
-1.6658
-1.5376
-1.3099
-1.1256
-0.94231
-0.87334
-0.88829
-0.89375
-0.82592
-0.69375
-0.62456
-0.65256
-0.73686
-0.90201
-1.163
-1.3986
-1.5965
-1.6717
-1.5204
-1.3626
-1.1475
-0.89783
-0.61333
-0.43712
-0.39901
-0.37169
-0.58401
-0.85114
-1.0574
-1.2413
-1.263
-1.2615
-1.149
-1.1224
-1.1795
-1.2313
-1.1457
-1.0881
-1.0808
-1.0319
-0.92529
-0.779
-0.60033
-0.53964
-0.77728
-1.0901
-1.2717
-1.3796
-1.3528
-1.2182
-0.77985
-0.66751
-0.61927
-0.73954
-0.93778
-1.1252
-1.1669
-1.0546
-1.0026
-0.92183
-0.9064
-0.92566
-1.0145
-1.1122
-1.1589
-1.2533
-1.2776
-1.2242
-1.152
-1.139
-1.0596
-1.0054
-0.96709
-0.89631
-0.76332
-0.65623
-0.71776
-0.75065
-0.98406
-1.2373
-1.2851
-1.013
-0.80905
-0.70777
-0.80537
-1.0277
-1.2508
-1.3165
-1.2542
-1.2196
-1.1342
-0.92209
-0.77115
-0.63608
-0.64756
-0.59897
-0.71201
-0.84065
-0.87199
-0.96282
-1.0524
-1.0653
-1.0204
-1.1588
-1.3389
-1.4759
-1.5458
-1.4588
-1.2742
-0.95508
-0.72594
-0.59399
-0.46596
-0.50927
-0.5457
-0.59525
-0.55018
-0.64356
-0.59165
-0.53279
-0.53812
-0.73723
-0.99829
-1.1225
-1.4336
-1.5232
-1.5158
-1.3199
-1.0433
-0.83864
-0.75643
-0.73616
-0.65798
-0.56238
-0.64745
-0.99571
-1.2316
-1.27
-1.1742
-0.96793
-0.82341
-0.83737
-0.98297
-0.94984
-0.8585
-0.86297
-0.82529
-0.94079
-1.0537
-1.2785
-1.2995
-1.3087
-1.3301
-1.3191
-1.0956
-0.85791
-0.75909
-0.63988
-0.77573
-0.93313
-0.89185
-0.48998
-0.25115
-0.2824
-0.47855
-0.91644
-1.2409
-1.4689
-1.328
-1.2186
-1.0604
-0.84903
-0.77904
-0.76495
-0.94648
-1.051
-1.2151
-1.1697
-1.0453
-0.91418
-0.92982
-1.053
-1.1146
-1.2654
-1.2387
-1.0814
-0.89975
-0.81266
-0.75906
-0.75493
-0.87132
-0.85972
-0.96855
-1.0309
-1.0742
-1.0048
-0.881
-1.0028
-1.1021
-1.1793
-1.1179
-1.0456
-0.89924
-0.77297
-0.78913
-0.89648
-1.0031
-1.0265
-1.0581
-1.0138
-1.076
-1.231
-1.3351
-1.2975
-1.1741
-1.1244
-1.0435
-1.0165
-1.037
-0.95855
-0.87573
-0.87236
-0.87248
-0.64071
-0.40132
-0.24605
-0.44701
-0.74236
-1.1669
-1.4055
-1.3377
-1.2377
-1.0944
-1.0557
-1.0912
-1.2006
-1.4264
-1.4333
-1.308
-0.99659
-0.54036
-0.074998
-0.030807
-0.33168
-0.72677
-1.1846
-1.4349
-1.5324
-1.4717
-1.3874
-1.1801
-0.90421
-0.8292
-0.88455
-0.98413
-0.93444
-0.97583
-1.0258
-0.89223
-0.69213
-0.53028
-0.40496
-0.40149
-0.69999
-1.0133
-1.344
-1.4875
-1.5696
-1.5321
-1.464
-1.3852
-1.1517
-0.80752
-0.5433
-0.48824
-0.52651
-0.69022
-0.8878
-1.0935
-1.1448
-1.0701
-1.0418
-0.97929
-1.0627
-1.2502
-1.3886
-1.3306
-1.1776
-1.0788
-0.76514
-0.57524
-0.44159
-0.44566
-0.62806
-0.91191
-1.2735
-1.4281
-1.463
-1.4028
-1.257
-0.98302
-0.92414
-0.89272
-0.94304
-1.1123
-1.1681
-1.105
-0.78878
-0.57095
-0.45144
-0.60323
-0.91185
-1.2429
-1.4608
-1.1783
-0.90436
-0.58561
-0.42566
-0.5319
-0.83081
-1.1874
-1.2151
-1.2758
-1.2013
-1.1281
-1.0419
-1.077
-1.1374
-1.1173
-1.1578
-1.1449
-1.0025
-0.87289
-0.7569
-0.56774
-0.57679
-0.77539
-0.90756
-1.008
-0.77562
-0.71783
-0.67902
-0.8275
-1.0748
-1.3579
-1.5484
-1.4546
-1.3802
-1.1855
-1.1322
-1.0671
-1.0172
-0.75661
-0.59315
-0.47194
-0.5224
-0.69073
-1.0159
-1.3033
-1.4229
-1.5183
-1.5502
-1.4389
-1.275
-1.0436
-0.85018
-0.65545
-0.70699
-0.74641
-0.71553
-0.65419
-0.64937
-0.74836
-0.92465
-1.2106
-1.422
-1.4766
-1.3857
-1.2572
-1.0001
-0.69729
-0.66794
-0.63587
-0.71423
-0.81155
-0.97804
-1.0433
-0.95838
-0.90363
-0.84277
-0.83203
-0.96568
-1.1511
-1.3039
-1.2926
-1.2463
-1.1341
-1.0383
-0.92597
-0.97931
-0.98662
-1.013
-1.1576
-1.1683
-1.0606
-0.8379
-0.79843
-0.73245
-0.87508
-0.95096
-1.022
-0.97142
-0.94756
-0.95423
-0.77973
-0.68042
-0.83251
-1.1768
-1.0403
-0.90698
-0.8536
-0.74367
-0.91054
-0.96221
-1.0346
-0.88015
-0.9654
-1.0842
-1.0297
-1.0263
-0.8986
-0.7905
-0.56276
-0.58741
-0.78505
-0.81278
-1.0175
-0.99838
-0.94423
-0.84381
-0.83229
-0.97193
-1.1671
-1.3779
-1.4709
-1.4838
-1.2425
-1.078
-0.78138
-0.69381
-0.60623
-0.68098
-0.77575
-0.77138
-0.83786
-0.80107
-0.77957
-0.85168
-1.0166
-1.2538
-1.4429
-1.6876
-1.7019
-1.5919
-1.36
-1.07
-0.74173
-0.51371
-0.40611
-0.3333
-0.33818
-0.49234
-0.84017
-1.0778
-1.2156
-1.1844
-1.0966
-1.0637
-1.1137
-1.3826
-1.5335
-1.5957
-1.5961
-1.4069
-1.0038
-0.57474
-0.18979
0.13326
0.17961
-0.060259
-0.4677
-0.85694
-1.3123
-1.739
-1.8445
-1.8436
-1.6867
-1.4385
-0.98157
-0.7004
-0.50729
-0.38515
-0.4378
-0.66533
-0.92422
-1.0138
-1.1472
-1.0889
-1.1231
-1.068
-1.1294
-1.1529
-1.0862
-1.0919
-0.97929
-0.81176
-0.75949
-0.87976
-0.9979
-1.0762
-1.0995
-0.94389
-0.83923
-0.90499
-1.0522
-1.2435
-1.2461
-1.2906
-1.2815
-1.2791
-1.2029
-1.2036
-1.1386
-0.98678
-0.80139
-0.4721
-0.18121
-0.04781
-0.29084
-0.55638
-0.76939
-1.0442
-1.1963
-1.2685
-1.3328
-1.4173
-1.4538
-1.564
-1.5597
-1.4969
-1.2539
-0.92286
-0.60802
-0.26198
-0.10754
-0.16196
-0.44163
-0.63541
-0.88713
-1.0969
-1.1979
-1.3828
-1.4513
-1.6107
-1.4321
-1.2646
-1.0571
-0.79377
-0.57042
-0.48777
-0.49443
-0.5823
-0.83498
-1.0745
-1.1759
-1.2396
-1.2652
-1.2948
-1.2394
-1.2834
-1.2276
-1.1925
-1.1784
-1.1174
-0.99765
-0.71486
-0.59132
-0.47816
-0.48106
-0.59011
-0.79476
-1.0713
-1.2633
-1.4515
-1.492
-1.4338
-1.2917
-1.2198
-1.1147
-1.0236
-0.96887
-0.85028
-0.61415
-0.49084
-0.54303
-0.67101
-0.90656
-1.1309
-1.2481
-1.2488
-1.2308
-1.3251
-1.3271
-1.3902
-1.3934
-1.2866
-1.0836
-0.72413
-0.54524
-0.36717
-0.4473
-0.60117
-0.81883
-0.99836
-1.1924
-1.3516
-1.351
-1.3252
-1.247
-1.1217
-0.95554
-0.90539
-0.80457
-0.59185
-0.54454
-0.63016
-0.86048
-1.0717
-1.3058
-1.3796
-1.3241
-1.2661
-1.1886
-1.0746
-0.95141
-0.97625
-0.89502
-0.78229
-0.65637
-0.65155
-0.69652
-0.65307
-0.81777
-0.99031
-1.0573
-1.1517
-1.2283
-1.2995
-1.3304
-1.3892
-1.3335
-1.1935
-1.0375
-0.9373
-0.79647
-0.65185
-0.66455
-0.69975
-0.72045
-0.73908
-0.87587
-0.90184
-0.97356
-1.1135
-1.2518
-1.3105
-1.2706
-1.2927
-1.1957
-1.2415
-1.2134
-1.1429
-0.92779
-0.75428
-0.68834
-0.59156
-0.55709
-0.64883
-0.86429
-0.98313
-1.2472
-1.2939
-1.206
-1.1107
-1.1119
-1.1629
-1.2138
-1.3004
-1.118
-0.72999
-0.35091
-0.35506
-0.54798
-0.68686
-0.92241
-1.0991
-1.1168
-1.0514
-0.98099
-0.8886
-0.75963
-0.86363
-1.0302
-1.1397
-1.1992
-1.2469
-1.0608
-0.78723
-0.64672
-0.57268
-0.71479
-0.93026
-1.2549
-1.2185
-1.1036
-0.99697
-0.88291
-0.81546
-0.8274
-0.84953
-0.89757
-0.8659
-0.9232
-1.0212
-1.0228
-0.9635
-0.92598
-0.71159
-0.71431
-0.89607
-1.1294
-1.3913
-1.5555
-1.5533
-1.3376
-1.1673
-0.9833
-0.85017
-0.7087
-0.45296
-0.30737
-0.19526
-0.40899
-0.83546
-1.1379
-1.1286
-1.0562
-1.1422
-1.266
-1.4364
-1.4389
-1.3748
-1.1643
-1.1445
-1.0691
-0.94951
-0.79689
-0.72468
-0.68651
-0.57014
-0.69951
-0.79457
-0.98893
-1.251
-1.5187
-1.6421
-1.5419
-1.4134
-1.2045
-1.0254
-0.96351
-0.99012
-1.0587
-1.0426
-1.0475
-0.78614
-0.52171
-0.23133
-0.26118
-0.48647
-0.8988
-1.3437
-1.6051
-1.619
-1.5524
-1.5071
-1.2521
-0.99885
-0.84585
-0.7637
-0.64913
-0.67854
-0.7181
-0.69364
-0.62212
-0.6318
-0.72962
-0.85531
-1.0551
-1.3458
-1.3791
-1.3718
-1.2649
-1.2028
-1.1304
-1.0354
-0.92569
-0.72206
-0.66861
-0.77095
-0.9684
-1.1019
-1.2241
-1.2608
-1.0646
-0.92209
-0.80011
-0.79571
-0.82565
-0.99583
-1.1538
-1.2206
-1.2221
-1.1588
-1.0172
-0.85275
-0.89431
-0.94068
-1.0299
-1.0976
-1.1264
-1.1245
-1.0457
-0.90026
-0.63122
-0.60058
-0.76493
-1.0895
-1.3051
-1.1749
-1.0236
-0.80048
-0.68929
-0.8029
-1.0108
-1.2644
-1.3569
-1.4309
-1.2806
-1.0158
-0.6974
-0.62578
-0.63862
-0.78528
-1.0849
-1.1376
-1.015
-0.88797
-0.85066
-0.81273
-0.955
-1.0086
-1.1545
-1.143
-1.0326
-1.0611
-0.98633
-1.0049
-0.99173
-0.9591
-0.95344
-0.95714
-1.0834
-0.95367
-0.80346
-0.71507
-0.75862
-0.80786
-0.82354
-0.90126
-0.86567
-1.0385
-1.1072
-1.094
-0.99136
-1.1069
-1.2624
-1.4509
-1.5236
-1.3946
-1.1123
-0.66717
-0.5703
-0.5678
-0.63413
-0.67547
-0.76618
-0.81395
-0.71177
-0.74794
-0.72902
-0.82395
-1.0833
-1.3715
-1.5925
-1.6083
-1.5709
-1.3022
-0.9856
-0.68262
-0.62726
-0.65834
-0.70192
-0.87853
-0.9452
-1.0197
-0.81209
-0.68359
-0.62248
-0.68229
-1.0196
-1.3278
-1.5342
-1.5915
-1.6059
-1.4276
-1.2086
-0.89943
-0.54735
-0.29507
-0.31637
-0.61201
-0.8021
-0.9405
-0.97757
-1.0656
-1.0839
-1.1382
-1.1583
-1.1092
-1.0385
-1.0253
-1.0546
-1.0645
-1.0931
-1.0799
-0.92697
-0.89992
-0.97629
-0.93086
-0.84617
-0.85124
-0.85574
-0.87262
-0.9865
-1.1441
-1.3316
-1.3736
-1.3693
-1.1107
-0.78847
-0.55226
-0.50847
-0.7479
-0.92549
-1.1883
-1.2225
-0.91663
-0.68714
-0.65956
-0.8092
-1.1238
-1.3826
-1.464
-1.2836
-1.0173
-0.82505
-0.62965
-0.62218
-0.84476
-1.1132
-1.2536
-1.2933
-1.2127
-0.94817
-0.84861
-1.0622
-1.1927
-1.4187
-1.1551
-0.9809
-0.64008
-0.56494
-0.55881
-0.59383
-0.5268
-0.44133
-0.51027
-0.62154
-0.8071
-1.0654
-1.3696
-1.6452
-1.871
-1.9844
-1.7095
-1.2793
-0.88742
-0.54691
-0.42018
-0.48247
-0.55972
-0.55755
-0.40783
-0.20461
-0.031378
-0.24948
-0.94591
-1.8268
-2.4732
-2.6299
-2.3778
-1.831
-1.2069
-0.64816
-0.26956
-0.036535
-0.09166
-0.30806
-0.42342
-0.38986
-0.46774
-0.39689
-0.54845
-0.84842
-1.4224
-1.8937
-2.1042
-2.108
-1.8483
-1.3738
-0.80258
-0.45369
-0.23052
-0.22248
-0.49133
-0.67974
-0.7945
-0.94954
-0.99887
-0.87284
-0.86647
-1.0938
-1.4404
-1.761
-1.8706
-1.8432
-1.4677
-1.1162
-0.79012
-0.4791
-0.1755
-0.031461
-0.12247
-0.27994
-0.66124
-0.99036
-1.2099
-1.2899
-1.3587
-1.4229
-1.298
-1.2028
-1.1788
-1.2491
-1.3014
-1.3441
-1.2679
-0.99336
-0.68532
-0.46072
-0.33591
-0.18507
-0.24467
-0.50655
-0.71557
-1.1304
-1.4328
-1.567
-1.446
-1.2529
-1.0281
-0.96124
-1.0088
-1.0938
-1.1538
-1.157
-1.2046
-1.0757
-0.80768
-0.54633
-0.39848
-0.46925
-0.64087
-1.0122
-1.3643
-1.5795
-1.5759
-1.4891
-1.2219
-0.95968
-0.83817
-0.82836
-0.91258
-0.94801
-1.0363
-0.99543
-0.95992
-0.87537
-0.79641
-0.78848
-0.81882
-0.9689
-1.0205
-1.1295
-1.2362
-1.2761
-1.2539
-1.172
-1.0966
-1.0073
-0.90176
-0.9134
-0.97641
-0.99165
-0.99608
-0.97762
-0.82041
-0.84559
-0.95119
-1.1264
-1.1832
-1.1966
-1.1279
-0.99021
-0.93781
-0.95055
-0.99906
-0.981
-1.0422
-1.057
-1.0547
-1.102
-1.1546
-1.2238
-1.1666
-1.1684
-0.97058
-0.79759
-0.55253
-0.48647
-0.66774
-0.83065
-1.1199
-1.1358
-1.0892
-1.0411
-1.1172
-1.1762
-1.1938
-1.2126
-1.0279
-0.7891
-0.65925
-0.72257
-0.86541
-1.0263
-1.1295
-1.1342
-1.0754
-1.1127
-1.1391
-1.1958
-1.2244
-1.2516
-1.2297
-1.1083
-0.7735
-0.60389
-0.47786
-0.68367
-0.90104
-1.0647
-1.0354
-1.1246
-1.2067
-1.1359
-1.0655
-1.0384
-1.0391
-1.0933
-1.0696
-1.0243
-0.85896
-0.82363
-0.94943
-1.0651
-1.0871
-1.0015
-1.0013
-0.90535
-0.96758
-1.0441
-1.1363
-1.0608
-1.0501
-0.97944
-0.94862
-0.98593
-1.0548
-1.0864
-0.94494
-1.0025
-1.0138
-1.0524
-1.0709
-1.0189
-0.92715
-0.65044
-0.66266
-0.67113
-0.78617
-0.80131
-1.0539
-1.0568
-1.0867
-1.0871
-1.0209
-1.0005
-0.94564
-1.0402
-1.0749
-1.0642
-1.1248
-1.1259
-1.0772
-1.0289
-0.9373
-0.78422
-0.68185
-0.69189
-0.8337
-1.0649
-1.0987
-1.2784
-1.1227
-0.94974
-0.86484
-0.79384
-0.82223
-0.97305
-1.0761
-1.0013
-0.91724
-0.86339
-0.95295
-1.0052
-1.0594
-1.0911
-1.0143
-0.9774
-0.99244
-1.0598
-1.0803
-1.1417
-1.2073
-1.1213
-1.0616
-0.85319
-0.65111
-0.44013
-0.64092
-0.92656
-1.3169
-1.455
-1.5123
-1.2889
-0.89147
-0.64822
-0.57996
-0.71724
-0.88001
-1.0823
-1.0338
-0.82276
-0.7226
-0.64158
-0.76722
-0.99668
-1.2616
-1.3634
-1.3142
-1.3646
-1.2529
-1.0072
-0.77692
-0.83174
-0.90714
-0.82482
-0.88958
-0.78153
-0.61944
-0.57308
-0.72239
-0.87802
-0.84931
-0.74683
-0.61544
-0.54437
-0.74329
-1.1923
-1.4378
-1.6208
-1.5772
-1.3117
-1.0375
-0.84297
-0.77363
-0.65574
-0.69635
-0.70323
-0.83837
-0.85379
-0.86283
-0.86514
-0.70464
-0.56314
-0.76646
-1.0832
-1.3238
-1.3911
-1.2509
-1.1231
-1.157
-1.1348
-1.0322
-0.78511
-0.71419
-0.75707
-0.80027
-1.0336
-1.162
-1.1443
-0.90626
-0.8423
-0.84848
-0.87345
-1.0305
-1.1635
-1.2
-1.0886
-0.99544
-0.8614
-0.75661
-0.87675
-1.009
-1.1842
-1.2373
-1.2809
-1.2276
-1.0694
-0.92724
-0.92581
-1.0232
-1.2283
-1.3874
-1.3603
-1.0284
-0.67302
-0.50494
-0.44627
-0.54231
-0.76859
-0.93754
-1.1133
-1.2039
-1.2635
-1.1181
-1.0135
-1.0456
-1.1366
-1.2838
-1.299
-1.2339
-0.93442
-0.73263
-0.66839
-0.67182
-0.71986
-0.71629
-0.8012
-0.87937
-1.1357
-1.3918
-1.5827
-1.5919
-1.5112
-1.3564
-1.1332
-0.97335
-0.8305
-0.68003
-0.45485
-0.32819
-0.32106
-0.48357
-0.80944
-1.2157
-1.5094
-1.4916
-1.4118
-1.2862
-1.2228
-1.1632
-1.2033
-1.1722
-0.82632
-0.65061
-0.4237
-0.36731
-0.52624
-0.84178
-1.1248
-1.0512
-1.0459
-0.80955
-0.77911
-0.85738
-0.95486
-0.91314
-0.8724
-0.9871
-1.0614
-0.94093
-0.81001
-0.73214
-0.72598
-0.83494
-1.0919
-1.3784
-1.457
-1.3839
-1.1759
-0.98676
-0.95188
-0.98438
-1.0206
-0.90465
-0.78781
-0.70736
-0.61932
-0.68437
-0.82969
-0.95247
-0.99877
-1.0822
-1.215
-1.2713
-1.3304
-1.3606
-1.4338
-1.4612
-1.4926
-1.4116
-1.1075
-0.76981
-0.42997
-0.19714
-0.11296
-0.29377
-0.4253
-0.50756
-0.66061
-0.92906
-1.2931
-1.6078
-1.8492
-1.7845
-1.5612
-1.2911
-1.1548
-1.1293
-1.1079
-1.063
-0.78184
-0.42918
-0.068852
-0.014077
-0.10013
-0.37511
-0.88039
-1.4315
-1.7037
-1.7731
-1.7335
-1.5454
-1.2902
-1.1111
-1.0141
-0.87021
-0.7709
-0.76581
-0.6613
-0.6369
-0.56527
-0.57103
-0.63457
-0.89115
-1.3111
-1.7232
-2.0167
-1.9906
-1.7017
-1.2728
-0.95108
-0.82783
-0.61694
-0.53579
-0.50603
-0.39601
-0.22225
-0.22039
-0.39988
-0.69683
-1.079
-1.4659
-1.841
-2.1004
-2.2785
-2.1473
-1.7467
-1.1428
-0.78793
-0.55842
-0.26681
-0.15316
0
0.1272
0.10348
-0.048585
-0.3179
-0.52429
-1.0013
-1.4237
-1.7662
-2.0309
-2.2143
-2.1584
-1.7998
-1.3757
-0.93538
-0.55875
-0.29786
-0.29289
-0.24405
-0.022527
0.073947
0.211
0.082047
-0.32788
-1.0249
-1.3202
-1.4206
-1.5114
-1.5812
-1.612
-1.5514
-1.4029
-1.0131
-0.66602
-0.41334
-0.39348
-0.57996
-0.76159
-1.0693
-1.0393
-1.0537
-1.1157
-1.4053
-1.6069
-1.7593
-1.7795
-1.546
-1.2466
-0.76813
-0.2673
0.24828
0.37624
0.20164
0.05322
-0.29057
-0.60637
-0.84344
-0.9492
-1.154
-1.4046
-1.493
-1.5607
-1.6132
-1.6119
-1.488
-1.3771
-1.0891
-0.54303
0
0.1201
-0.24685
-0.71714
-1.1674
-1.128
-1.0252
-0.8717
-0.89525
-1.0073
-1.0704
-1.1649
-1.1691
-1.1529
-1.1323
-1.1252
-1.1339
-0.97406
-0.94562
-0.73614
-0.57562
-0.63121
-1.0096
-1.1553
-1.0611
-1.0224
-0.87762
-0.87512
-0.86895
-1.0356
-1.0751
-1.093
-1.072
-1.0556
-1.003
-0.91905
-0.94156
-1.0125
-1.1465
-1.2659
-1.222
-1.0008
-0.69042
-0.58352
-0.55685
-0.84875
-1.1308
-1.2797
-1.2073
-1.0326
-0.8656
-0.78099
-0.91439
-1.1061
-1.1941
-1.1816
-1.0376
-0.94222
-0.77912
-0.80811
-0.90003
-1.0532
-1.0302
-1.0725
-0.99885
-0.90632
-0.88961
-0.98594
-1.0889
-1.0829
-1.1201
-1.0599
-0.99007
-0.96078
-0.87762
-0.92868
-0.95286
-1.0599
-1.1158
-1.083
-1.0586
-1.0368
-0.99227
-0.97749
-1.0119
-0.99175
-0.79979
-0.72457
-0.90686
-1.0212
-1.0946
-1.1259
-1.1284
-1.051
-0.91895
-0.86156
-0.84835
-0.87636
-1.0333
-1.111
-1.1376
-1.1098
-1.1161
-0.98488
-0.94943
-1.0171
-1.2091
-1.1538
-0.98446
-0.93179
-0.63856
-0.62168
-0.74607
-0.87519
-0.93907
-1.0083
-1.0348
-1.0103
-1.0259
-1.0447
-1.0822
-1.0599
-1.097
-1.058
-1.031
-0.95154
-0.96701
-0.94826
-1.0171
-0.96033
-0.92922
-0.93626
-0.9897
-1.1332
-1.1467
-1.0605
-1.1455
-1.0253
-0.86906
-0.86423
-1.0514
-1.1641
-0.96371
-0.91034
-0.71766
-0.73533
-0.78435
-0.98364
-0.97367
-0.92838
-0.98965
-1.0508
-1.0781
-1.1142
-1.1484
-1.0905
-1.0436
-0.93671
-0.90117
-0.82446
-0.87041
-1.0629
-1.0866
-1.0525
-1.0349
-0.97138
-0.95172
-0.95188
-0.95904
-0.91983
-0.91414
-0.98573
-1.0586
-1.033
-1.0034
-0.95963
-0.90337
-0.97621
-1.0368
-1.1183
-1.0272
-0.98129
-1.0096
-1.0065
-1.0608
-1.0996
-1.0776
-0.99387
-1.0004
-1.0885
-0.94688
-0.87822
-0.88825
-0.87332
-0.86435
-0.91766
-0.97569
-1.0319
-1.0998
-1.1409
-1.1933
-1.1428
-1.1465
-0.90823
-0.82368
-0.69187
-0.89374
-0.95843
-1.0599
-1.0996
-1.0173
-0.89552
-0.81333
-0.83985
-0.90925
-0.87194
-0.99855
-1.1109
-1.1512
-1.085
-1.043
-0.96623
-0.95787
-1.0645
-1.1193
-1.1018
-0.96048
-1.0668
-1.0463
-0.92178
-0.78108
-0.75103
-0.7726
-0.94529
-1.1712
-1.2557
-1.2866
-1.1749
-0.94378
-0.64065
-0.5917
-0.85332
-0.89205
-0.99252
-1.0419
-1.0336
-1.0211
-1.0427
-1.013
-0.9183
-0.89071
-0.93214
-0.99365
-1.0027
-1.0923
-1.1487
-1.1075
-1.0196
-0.96609
-0.99182
-0.97557
-1.0223
-1.0155
-1.0082
-0.92965
-1.0387
-1.1297
-1.107
-1.0562
-0.86743
-0.79677
-0.85683
-1.0411
-1.1153
-1.1021
-1.0254
-0.99681
-0.90993
-0.83508
-0.92336
-0.89024
-0.9022
-1.1101
-1.269
-1.2904
-1.147
-0.87117
-0.55986
-0.53158
-0.84189
-1.1638
-1.3385
-1.2296
-0.98923
-0.72527
-0.68125
-0.87967
-1.0677
-1.1108
-1.1028
-1.1519
-1.082
-1.022
-0.91659
-0.84536
-0.78729
-0.86874
-0.99381
-1.014
-1.0473
-1.0778
-1.0846
-1.0709
-1.1002
-1.0966
-0.97636
-0.88551
-0.85677
-1.0621
-1.1928
-1.3121
-0.96159
-0.65986
-0.57417
-0.73142
-0.87963
-0.95094
-1.0433
-1.0801
-1.0913
-1.1199
-1.1564
-1.1528
-1.0408
-1.0736
-0.94047
-0.86465
-0.72247
-0.72745
-0.76012
-0.77522
-0.84952
-0.87446
-0.89407
-0.96283
-1.0942
-1.2102
-1.2821
-1.3524
-1.1894
-0.745
0.12962
1.1526
1.6393
0.9546
0.13325
-0.38377
-0.90053
-1.1505
-1.108
-0.8519
-0.67863
-0.75734
-0.92818
-1.1312
-1.2789
-1.3863
-1.2732
-1.043
-0.69972
-0.45053
-0.41667
-0.71688
-0.88212
-0.9124
-1.1053
-1.2265
-1.2688
-1.1659
-0.96817
-0.734
-0.54405
-0.6727
-0.92025
-1.1558
-1.3253
-1.4766
-1.3759
-0.95861
-0.21368
0.23037
-0.25404
-0.6891
-1.0173
-1.076
-1.0049
-1.0155
-1.0049
-1.0806
-1.0404
-0.96769
-0.7773
-0.76143
-0.89707
-1.1532
-1.3407
-1.3168
-1.2154
-1.0419
-0.74818
-0.65635
-0.72705
-0.6106
-0.55079
-0.87644
-1.0331
-1.2174
-1.0042
-1.0259
-0.92658
-1.0152
-1.1476
-1.1812
-0.98434
-0.90292
-1.0062
-0.94816
-1.0095
-1.027
-1.0618
-1.081
-1.0726
-1.0988
-1.0225
-0.92446
-0.92787
-1.0148
-1.0795
-1.0989
-1.0827
-0.88399
-0.93673
-1.0349
-1.1834
-1.1414
-0.98758
-0.82276
-0.76362
-0.85792
-1.0212
-1.1144
-1.0613
-1.0776
-1.0633
-1.0334
-1.0309
-1.1144
-1.2392
-1.2596
-1.0685
-0.78682
-0.52037
-0.37082
-0.67374
-0.90588
-0.99067
-1.1027
-1.062
-0.95534
-0.88773
-0.97206
-1.1149
-1.1408
-1.1839
-1.0453
-0.88957
-0.77634
-0.9222
-1.0691
-1.1437
-1.1381
-1.0169
-0.92022
-0.8891
-1.0025
-1.0129
-0.96174
-0.94445
-0.82053
-0.82995
-0.87317
-1.0133
-1.0189
-1.0382
-1.074
-1.0384
-1.0449
-1.0313
-1.1413
-1.1561
-1.195
-1.0416
-0.81345
-0.60087
-0.65411
-0.93217
-0.96931
-1.0774
-1.1215
-1.224
-1.2129
-1.2638
-1.2191
-0.79352
-0.37143
-0.34939
-0.67232
-0.77344
-1.0331
-0.87197
-0.68565
-0.69562
-0.8736
-1.0423
-1.0895
-1.1078
-1.076
-1.0698
-1.0962
-1.1535
-1.1666
-1.0289
-1.1403
-1.0095
-0.63522
-0.38682
-0.49682
-0.69684
-0.89531
-1.0741
-1.1049
-1.0666
-0.98166
-1.0246
-1.0461
-1.0638
-1.0961
-1.0717
-1.0929
-1.04
-0.97437
-0.74728
-0.70494
-0.85836
-0.99646
-1.0413
-1.0951
-1.1002
-0.97806
-0.90946
-0.93646
-1.0093
-1.089
-1.1291
-1.1746
-1.1181
-0.99021
-0.91687
-0.84755
-0.83664
-0.93552
-1.064
-0.99117
-0.97216
-0.91865
-0.92291
-0.96179
-0.97828
-0.98947
-1.0178
-1.0663
-1.183
-1.2464
-1.0742
-0.97894
-0.77399
-0.73314
-0.88784
-1.1607
-1.3291
-1.1506
-1.0164
-0.92387
-0.82754
-0.7436
-0.79277
-0.76365
-0.81323
-0.99728
-1.1436
-1.2272
-1.2584
-1.3313
-1.11
-0.66802
-0.47875
-0.45973
-0.73458
-0.91761
-1.0984
-1.0559
-0.9593
-1.0038
-0.97204
-0.96211
-0.95105
-1.0128
-1.0471
-1.0311
-1.0747
-1.2
-1.1708
-1.0518
-0.93543
-0.74053
-0.78494
-0.89403
-0.89772
-0.89807
-0.83816
-0.94517
-0.93091
-0.99296
-1.0388
-1.1223
-1.0986
-1.0998
-1.0582
-0.9646
-0.91724
-0.96088
-1.015
-1.0077
-1.0089
-1.0952
-1.075
-1.0298
-0.97694
-0.92445
-0.79849
-0.98233
-1.0322
-1.0235
-1.0838
-1.0012
-1.0584
-1.0391
-1.1593
-1.0846
-0.93046
-0.67427
-0.67421
-0.79672
-0.88736
-1.0592
-1.1687
-1.214
-1.2401
-1.2933
-1.1849
-0.89834
-0.42563
-0.057441
-0.28781
-0.52179
-0.80838
-0.89367
-0.91818
-1.0119
-1.0211
-1.0384
-1.055
-1.1079
-1.0637
-1.084
-1.1526
-1.2346
-0.99762
-0.74071
-0.59423
-0.60606
-0.7693
-0.85649
-0.95413
-0.96723
-0.98947
-1.0523
-1.0684
-1.1085
-1.1554
-1.1978
-1.1759
-1.0524
-0.9424
-0.63349
-0.62461
-0.71795
-0.93234
-1.0354
-1.1596
-1.2057
-0.97079
-0.79215
-0.78652
-0.97324
-1.1568
-1.3676
-1.2772
-1.1361
-0.94831
-0.80108
-0.63604
-0.44821
-0.59127
-0.82655
-0.95968
-1.008
-1.0045
-1.028
-1.0063
-1.0248
-1.0195
-1.0256
-1.0332
-1.0758
-1.1557
-1.1676
-1.1664
-1.0855
-0.93984
-0.69471
-0.75368
-0.82771
-0.93822
-1.009
-0.82285
-0.65904
-0.7355
-0.89958
-1.0134
-1.1707
-1.2408
-1.241
-1.1082
-0.90008
-0.78097
-0.93931
-1.0496
-1.0784
-0.86447
-0.70884
-0.79049
-0.95268
-0.92976
-1.0114
-1.0485
-1.1507
-1.1961
-1.2563
-1.1143
-0.81145
-0.65887
-0.82666
-1.3122
-1.3486
-1.3803
-1.1338
-0.39748
-0.29294
-0.57936
-0.895
-1.1357
-1.1073
-1.0909
-0.90641
-0.87548
-0.86005
-1.0128
-1.0731
-1.1705
-1.1333
-0.97243
-0.82987
-0.88358
-1.014
-0.98796
-0.97049
-0.95681
-0.91873
-0.93515
-1.0005
-1.0229
-1.0391
-1.1117
-1.1335
-1.0788
-1.0021
-0.91742
-0.86918
-0.88799
-1.0204
-1.1349
-1.1941
-1.1717
-1.142
-0.9177
-0.71814
-0.68385
-0.72706
-0.83023
-0.90152
-1.017
-1.0118
-1.0568
-1.1075
-1.1562
-1.0765
-1.0239
-1.0694
-1.0271
-0.97718
-0.92495
-0.95296
-0.96481
-1.0607
-1.054
-0.78671
-0.75427
-0.89352
-0.95407
-1.0341
-1.1692
-1.2921
-1.3533
-1.3156
-1.116
-0.76185
-0.37942
-0.51347
-0.77915
-1.0266
-1.1967
-1.1591
-1.0895
-0.95268
-1.0271
-1.1595
-1.234
-1.3474
-1.4786
-1.4839
-1.1906
-0.74974
-0.27173
-0.051555
-0.29458
-0.85173
-1.4246
-1.6096
-1.5753
-1.2716
-0.91672
-0.71431
-0.77333
-0.86783
-1.0672
-1.1926
-1.2242
-1.1263
-0.9734
-0.91665
-0.87364
-0.83033
-0.86681
-0.99149
-1.1527
-1.2563
-1.354
-1.1973
-1.0385
-0.88339
-0.67553
-0.57827
-0.54176
-0.54759
-0.79417
-0.9572
-1.1612
-1.2122
-1.1492
-1.0376
-1.0741
-1.174
-1.3604
-1.4143
-1.3437
-1.0134
-0.77174
-0.54884
-0.40608
-0.36891
-0.56636
-0.93162
-1.3281
-1.6167
-1.55
-1.2161
-0.90701
-0.79747
-0.82607
-0.92693
-1.0987
-1.1725
-1.1304
-1.0517
-0.96494
-0.86895
-0.79288
-0.83739
-0.95348
-1.071
-1.1799
-1.3012
-1.2593
-1.103
-1.0096
-0.87313
-0.7897
-0.85118
-0.99887
-1.1346
-1.222
-1.2054
-1.0713
-0.91286
-0.82613
-0.91167
-0.90654
-1.0944
-1.0824
-1.0236
-0.91507
-0.7756
-0.82464
-0.91672
-0.97923
-0.9974
-0.9285
-0.87657
-0.76796
-0.80972
-0.80881
-0.90372
-1.1013
-1.182
-1.2172
-1.2719
-1.2588
-1.0516
-0.88346
-0.7268
-0.7734
-0.89832
-1.0891
-1.2265
-1.1364
-1.0032
-0.88146
-0.7856
-0.69035
-0.68718
-0.86602
-1.0591
-1.2553
-1.4047
-1.416
-1.2455
-1.0328
-0.86969
-0.78418
-0.80611
-0.92339
-1.0232
-0.9635
-0.81595
-0.68099
-0.69411
-0.74294
-0.95238
-1.1002
-1.156
-1.2693
-1.3691
-1.2775
-1.1939
-1.0842
-0.89259
-0.73855
-0.63094
-0.7249
-0.87882
-1.0153
-1.1456
-1.0815
-1.112
-1.181
-1.2905
-1.2909
-1.201
-1.0282
-0.78041
-0.76887
-0.72802
-0.75581
-0.75413
-0.85346
-1.0717
-1.1397
-1.1876
-1.1538
-1.0687
-0.94973
-0.91516
-0.89133
-0.89221
-0.94318
-1.0664
-1.0601
-0.92465
-0.82273
-0.76349
-0.87069
-0.95926
-1.1571
-1.2948
-1.2665
-1.2896
-1.1579
-0.9708
-0.81219
-0.91554
-1.0559
-1.1
-1.0193
-0.8293
-0.61356
-0.56541
-0.69049
-0.89567
-0.98819
-1.14
-1.2352
-1.3238
-1.3373
-1.3686
-1.2514
-1.1223
-0.99037
-0.79305
-0.70048
-0.61644
-0.72649
-0.80832
-0.8986
-0.9016
-0.90477
-0.98088
-1.1665
-1.3709
-1.3613
-1.2652
-1.1253
-1.063
-0.9483
-0.96909
-1.0691
-1.0835
-1.026
-0.88197
-0.76865
-0.54287
-0.47091
-0.59644
-0.61749
-0.75148
-0.86682
-1.076
-1.1252
-1.2257
-1.3187
-1.3695
-1.348
-1.2503
-1.0455
-0.6886
-0.54373
-0.52182
-0.64754
-0.84318
-1.0543
-1.2476
-1.2752
-1.456
-1.4988
-1.4072
-1.3044
-1.1463
-0.99752
-0.74947
-0.59414
-0.33022
-0.18756
-0.13889
-0.4514
-0.70053
-0.84365
-1.2685
-1.5969
-1.4281
-1.1835
-0.94805
-0.72858
-0.62023
-0.68564
-0.84929
-1.0206
-1.085
-1.0839
-0.98306
-0.87545
-0.88542
-0.93535
-1.0262
-1.1714
-1.3985
-1.3875
-1.3363
-1.1249
-0.94633
-0.91155
-0.79809
-0.90641
-0.70762
-0.58403
-0.57737
-0.67769
-0.86864
-1.1456
-1.3138
-1.1325
-1.1344
-0.98793
-0.96064
-0.92008
-1.0014
-1.1432
-1.088
-1.1226
-1.0481
-0.88413
-0.64746
-0.57997
-0.70711
-0.92317
-1.1294
-1.2518
-1.3591
-1.3174
-1.3489
-1.1995
-0.96305
-0.76496
-0.84185
-0.95593
-0.96622
-0.97066
-0.86703
-0.73422
-0.76363
-0.81557
-1.0497
-1.1609
-1.2403
-1.1229
-0.93937
-0.83243
-0.95576
-1.1039
-1.2228
-1.4457
-1.5005
-1.4554
-1.1695
-0.92697
-0.38994
-0.028069
-0.040669
-0.37918
-0.82232
-1.1096
-1.2384
-1.308
-1.409
-1.5594
-1.6748
-1.5971
-1.3863
-1.3318
-1.0124
-0.78036
-0.56866
-0.37474
-0.13103
-0.10772
-0.27045
-0.41854
-0.60197
-0.84933
-1.1456
-1.4364
-1.6413
-1.7219
-1.5592
-1.4657
-1.364
-1.2855
-1.1221
-0.99616
-0.77451
-0.51472
-0.17618
-0.037131
-0.083855
-0.25237
-0.56889
-0.94114
-1.3096
-1.6893
-1.9635
-1.976
-1.7831
-1.5755
-1.2909
-0.96815
-0.63589
-0.45175
-0.40863
-0.33591
-0.43667
-0.41918
-0.31696
-0.24461
-0.36433
-0.67511
-1.1184
-1.5728
-1.819
-1.8465
-1.7635
-1.6609
-1.4137
-1.145
-0.80485
-0.4824
-0.096415
-0.17441
-0.30894
-0.24746
-0.36709
-0.52887
-0.86967
-0.99762
-1.0233
-1.1842
-1.0853
-1.0722
-1.1303
-1.2334
-1.1632
-1.012
-0.86877
-0.79749
-0.94204
-1.1822
-1.4614
-1.2044
-1.0412
-0.66685
-0.27072
-0.48069
-0.8117
-1.0713
-1.0775
-1.116
-1.0556
-0.99655
-0.98357
-1.0727
-1.0392
-0.96082
-0.97785
-1.0245
-0.97582
-0.91898
-0.94551
-0.99782
-0.96255
-1.028
-0.95568
-0.96912
-0.97022
-1.0784
-1.1416
-1.0982
-1.0934
-1.0242
-0.90871
-0.83374
-0.94159
-1.0087
-1.0686
-1.251
-1.2737
-1.0816
-0.87064
-0.80374
-0.69001
-0.71395
-0.83938
-0.87613
-0.93583
-0.89791
-0.96959
-1.0133
-1.0678
-1.1265
-1.148
-1.1186
-1.0029
-0.96208
-0.90507
-0.88372
-0.97012
-1.1371
-1.1723
-1.0603
-1.0095
-0.77533
-0.85584
-1.0029
-1.1594
-1.1254
-0.99043
-0.82503
-0.79796
-0.85125
-1.0369
-1.1695
-1.126
-1.1252
-1.0407
-0.8933
-0.83716
-0.83037
-0.92214
-0.98588
-1.0965
-1.1305
-1.0519
-0.91903
-0.8859
-0.90848
-0.99941
-1.2214
-1.2804
-1.2019
-0.96649
-0.76824
-0.75555
-0.77616
-1.0148
-1.0284
-0.98775
-0.94945
-1.019
-1.0491
-1.0394
-1.0847
-0.93521
-0.8522
-0.78426
-0.89617
-0.96185
-1.0249
-1.0834
-1.1221
-1.0943
-1.019
-1.0389
-0.94678
-0.89798
-1.022
-1.0972
-1.1634
-1.097
-0.972
-0.80556
-0.79292
-0.94329
-1.092
-1.2
-1.2104
-1.089
-0.8737
-0.74939
-0.86281
-1.0267
-1.13
-1.2533
-1.2828
-1.0288
-0.82928
-0.70922
-0.69336
-0.70643
-0.91242
-1.0538
-1.0464
-1.018
-1.037
-1.0227
-0.88876
-0.94468
-0.92455
-0.97801
-1.0521
-1.1135
-1.1018
-1.0234
-0.91149
-0.86706
-0.91058
-0.99977
-1.144
-1.1956
-1.0553
-0.98934
-0.93606
-0.7897
-0.82657
-1.0092
-1.1054
-1.1592
-1.189
-1.1037
-0.93373
-0.66981
-0.68423
-0.82569
-0.97636
-1.188
-1.2461
-1.1574
-0.98496
-0.88127
-0.8182
-0.93363
-1.0626
-1.1998
-1.1333
-0.99448
-0.90817
-0.8326
-0.91297
-0.97232
-1.0904
-1.1006
-1.1996
-1.1374
-0.91161
-0.83385
-0.83607
-0.98177
-1.0183
-1.0852
-1.1032
-0.90642
-0.83079
-0.84122
-1.0003
-0.94858
-1.0514
-1.0951
-1.0601
-0.96531
-0.93065
-0.98639
-1.0779
-1.3147
-1.3408
-1.0998
-0.71067
-0.55754
-0.63374
-0.6473
-0.76213
-0.88354
-1.0561
-1.1702
-1.2347
-1.197
-1.0496
-0.95249
-0.84117
-0.85272
-0.99562
-1.1712
-1.1813
-1.0795
-0.50325
