0.16143
0.3981
0.095132
-0.41068
-0.85894
-1.0223
-1.1654
-1.1586
-0.9158
-0.93078
-1.1353
-1.4287
-1.4522
-1.4477
-1.1829
-0.87977
-0.74513
-0.60581
-0.58484
-0.37532
-1.0804
-1.8399
-2.7867
-3.2626
-3.3463
-2.7792
-1.741
-0.95384
-0.28666
0.36335
0.55249
0.37326
0.15125
-0.038291
-0.50391
-0.19612
0
0.64181
0.64863
0.24571
-0.1654
-0.58423
-0.58933
-0.12732
0.34215
1.0338
1.9947
2.705
2.3691
1.4109
0.31002
-0.35569
-0.62454
0
0.35865
0.44905
0.22476
0.26985
0.35977
0.67414
1.0773
1.1203
0.9836
0.75792
0.57765
0.13279
-0.52884
-0.3947
-0.43622
0.043369
0.51717
1.3699
1.5302
1.3921
1.13
0.66407
0.041146
-0.28544
-0.1616
-0.080027
0.51506
1.1374
1.3198
1.1523
0.64598
0.33828
-0.14869
-0.036761
0.1454
0.32347
0.10661
0
0.034736
-0.41213
-0.71313
-0.80592
-0.3985
0.2956
1.1046
1.7357
1.9402
1.9832
1.8074
1.3576
0.79456
0.54496
0.75006
1.1599
1.7695
2.2232
2.3802
2.1322
2.1173
1.7907
1.2429
0.64592
0.33519
0.50029
0.7747
0.99195
1.4001
1.5325
1.5555
1.3885
1.4403
1.6011
1.7623
2.1678
2.1677
1.9246
1.6007
1.2496
0.78912
0.24542
0.027339
-0.21936
-0.30264
-0.30377
-0.08319
0.11142
0.5598
1.1254
1.5843
1.935
2.1472
2.3914
2.1753
1.869
1.3823
1.0073
0.65664
0.6015
0.75772
0.7026
0.95452
1.1795
1.3454
1.0724
0.82671
0.83336
0.67847
0.91178
1.2471
1.6865
1.8324
1.7452
1.4196
0.81677
0.41109
0.48266
0.58963
0.73254
1.0521
1.0574
0.70821
0.21336
0.14279
0.10745
0.21553
0.61217
0.79378
0.75882
0.65105
0.68753
0.75985
0.54242
0.28896
-0.64906
-1.3672
-1.6863
-1.4661
-1.0329
-0.42552
0.35283
0.56141
0.59288
0.34645
0.41278
0.17068
0.067718
0.1007
0.099787
0.26356
0.29355
0.4196
0.095784
-0.25256
-0.40567
-0.30834
0.030457
0.39097
0.71254
0.70323
0.72278
0.88414
0.92829
0.85995
0.65646
0.43147
0.18609
0.026207
-0.0775
-0.17825
-0.45184
-0.61865
-0.53673
-0.5292
-0.2372
0
0.18461
0.3415
0.65152
1.3083
1.9047
2.3567
2.1999
1.4141
0.18777
-0.88712
-1.9592
-2.7466
-3.019
-2.6336
-1.8835
-1.2641
-0.73287
-0.42096
0.037986
0.81105
1.8928
2.6453
2.8346
2.9128
2.5878
2.0657
1.0384
-0.072661
-1.0873
-1.7183
-1.9689
-2.1297
-2.2373
-2.2377
-1.9504
-1.5369
-0.95996
-0.10892
0.60068
1.1139
1.4846
1.6381
1.3868
0.89211
0.37378
-0.037602
-0.22706
-0.26672
-0.42217
-0.73478
-0.83814
-0.70759
-0.47585
-0.020007
0.48468
1.2439
1.7506
2.143
2.1445
1.6575
0.75192
-0.2824
-0.9227
-1.3999
-1.3713
-1.1144
-0.66736
-0.25615
0.070694
0.19078
-0.096532
-0.39076
-0.46957
-0.50016
-0.25304
0.051202
0.23308
0.052391
-0.31791
-0.61612
-0.7312
-0.90329
-0.60853
-0.30739
-0.31047
-0.34199
-0.43153
-0.52256
-0.49788
-0.35442
-0.3573
-0.33007
-0.27205
-0.24352
-0.67411
-1.2024
-1.3955
-1.216
-0.84603
-0.78693
-0.66375
-0.79311
-0.57291
0.15959
0.95985
1.2823
1.1238
0.57856
-0.28948
-1.126
-1.7048
-2.186
-2.5692
-2.6297
-2.1767
-1.5651
-0.50971
0.38115
1.108
1.2616
1.1622
1.1571
0.80926
0.55744
0.40044
0.091888
-0.39582
-1.0591
-1.5633
-2.0903
-2.1944
-1.7959
-1.1397
-0.49305
0.17267
0.65663
0.84955
1.0672
1.2532
1.1597
0.62963
-0.027137
-0.78006
-1.3863
-1.6646
-1.414
-1.064
-0.72004
0.07645
0.58082
1.4014
1.6368
1.3518
0.58459
-0.41041
-0.5025
-0.49811
-0.28217
0
0.13869
-0.11461
-0.86382
-1.443
-1.8117
-1.7975
-1.3432
-0.56821
0.021693
0.62454
1.0906
1.253
1.118
0.77545
0.37487
-0.24839
-0.67905
-0.90026
-0.95639
-0.8704
-0.48336
0.080174
0.5387
0.95353
1.187
1.2416
1.2174
1.1937
1.2485
0.97253
0.64016
0.27093
-0.25103
-0.96364
-1.6162
-1.9981
-2.0725
-1.6871
-1.092
-0.49788
-0.11487
0.32547
0.74684
0.99627
1.2462
1.4201
1.3449
1.0774
0.79007
0.19305
-0.54162
-1.202
-1.7101
-2.1042
-2.3836
-2.2535
-1.9068
-1.3806
-0.89057
-0.31779
0.11962
0.38027
0.78369
0.98871
1.1348
1.2822
1.4923
1.3553
0.94894
0.47668
-0.06247
-0.66952
-1.1773
-1.4998
-1.6344
-1.3651
-1.0716
-0.99062
-1.1252
-1.261
-1.2014
-1.185
-0.99198
-0.57571
0.044479
0.67004
1.2111
1.4862
0.94943
0.045381
-0.93365
-1.7366
-2.1778
-2.0925
-1.5681
-1.0405
-0.48678
-0.39495
-0.55871
-0.76961
-0.74745
-0.070166
0.46828
1.0545
1.5943
1.8294
1.7591
1.6179
1.1015
0.5152
0.093574
-0.046724
-0.069973
-0.16296
-0.20907
-0.5098
-0.80884
-0.99075
-0.68896
-0.1373
0.38755
1.0217
1.266
1.1927
1.0526
1.2032
1.3298
1.1682
0.81084
0.17427
-0.2165
-0.30117
-0.10685
0.06368
0.18972
0.56513
1.1013
1.5676
1.7195
1.6454
1.2699
0.93989
0.63482
0.31485
0.13663
0.30972
0.90229
1.4469
1.9634
2.209
2.1533
1.8407
1.3871
1.0859
0.6999
0.4449
0.15883
-0.24502
-0.45129
-0.60254
-0.51228
-0.57592
-0.45371
-0.15005
0.36394
0.95212
1.564
1.8596
1.7818
1.4343
0.98113
0.5186
-0.062434
-0.41863
-0.75481
-0.99493
-1.2322
-1.4515
-1.5933
-1.5842
-1.085
-0.35479
0.61765
1.6826
2.6354
3.1157
3.0583
2.6715
2.0595
1.5242
1.1351
0.89061
0.59164
0.2527
0.097955
-0.013951
0.09737
0.22195
0.49807
0.77287
1.1566
1.6899
2.1115
2.1622
1.8988
1.4047
0.64002
-0.10879
-0.63829
-0.90883
-0.96206
-0.93405
-0.78446
-0.72979
-0.47269
-0.24295
0.01349
0.13484
0.28307
0.47164
0.55237
0.48493
0.20203
-0.28283
-0.86194
-1.3872
-1.6837
-1.9129
-1.8459
-1.5363
-1.0648
-0.64716
-0.12138
0.29679
0.76919
1.2014
1.5124
1.5806
1.4325
1.2303
0.87914
-1.5696
-1.8004
-1.923
-1.7613
-1.1386
-0.1763
0.74622
1.3167
1.5618
1.3045
0.82931
0.24485
-0.19055
-0.39493
-0.49055
-0.49086
-0.5594
-0.69632
-0.76514
-0.69735
-0.62948
-0.39718
0.1782
0.83695
1.4146
1.6223
1.4176
0.74409
0.04139
-0.44207
-0.77469
-0.98364
-1.1239
-1.1814
-1.3366
-1.4088
-1.3696
-1.2744
-1.0245
-0.5486
0.19741
0.87646
1.4032
1.5067
1.2545
0.82937
0.43037
-0.043183
-0.7367
-1.3918
-1.8484
-1.9727
-1.8783
-1.518
-1.1251
-0.86269
-0.58291
-0.21031
0.31711
0.89576
1.6489
2.3034
2.8423
3.124
3.0656
2.6133
1.6641
0.59042
-0.61067
-1.5054
-1.9079
-1.7252
-1.3247
-0.98471
-0.63937
-0.45805
-0.34216
-0.1898
-0.017405
0.0878
0.12403
0.12517
-0.19851
-0.65579
-1.0114
-1.0397
-0.93736
-0.60579
-0.13383
0.27032
0.37055
0.13789
-0.15919
-0.80403
-1.4417
-1.8461
-2.1551
-2.2399
-1.9666
-1.5167
-1.4241
-1.3949
-1.5849
-1.6451
-1.4368
-1.0428
-0.29753
0.069315
0.5364
0.80027
0.73629
0.14378
-0.72518
-1.414
-1.9421
-1.8588
-1.374
-0.65453
-0.15217
0.56201
0.90036
0.90642
0.93834
1.1277
1.3454
1.1408
0.82679
0.32165
0.26931
0.35165
0.73334
0.8997
0.76603
0.79589
0.66053
0.74495
0.99544
1.3574
1.4982
1.5
1.6126
1.5301
1.1131
0.58433
0.19471
-0.22237
-0.33323
-0.27734
-0.38767
-0.38696
-0.24823
-0.027515
0.082323
0.2736
0.62728
0.95128
1.1103
1.2678
1.4237
1.5245
1.7571
1.8282
1.45
0.86555
0.18262
-0.10378
-0.30959
-0.025649
0.40795
0.9123
1.1333
1.3013
1.3178
1.2844
1.3004
1.5354
1.7669
1.8509
2.0051
2.1569
2.071
1.9161
1.5543
0.9443
0.16005
-0.38588
-0.72106
-0.55921
-0.17764
0.55106
0.96275
1.0209
1.1212
1.0916
1.1474
1.2867
1.5286
1.5176
1.2177
1.045
0.71205
0.38379
0.080227
0.039831
0.19776
0.64808
1.4432
2.1306
2.597
2.8087
2.657
1.9984
1.2173
0.59538
0.092425
-0.18366
-0.29199
-0.25388
-0.32439
-0.44776
-0.53404
-0.37158
-0.17589
0.27977
0.99092
1.452
1.7532
1.5896
1.105
0.55797
0.18501
0.10039
0.13317
0.1822
0.13186
-0.18045
-0.60413
-0.84518
-0.72816
-0.48334
0.17648
1.1185
2.0372
2.5367
2.4168
1.637
0.45491
-0.60978
-1.1067
-1.0723
-0.85234
-0.26275
0.092505
0.13844
-0.046046
-0.24509
-0.16819
0.22898
1.0213
1.7203
2.1594
2.1878
1.7764
1.0167
0.12136
-0.62188
-1.2287
-1.5021
-1.4725
-1.2608
-1.1707
-1.1567
-0.97535
-0.74787
-0.4128
-0.045954
0.64472
1.0616
1.3728
1.4385
1.2876
1.0893
0.81193
0.3604
-0.48758
-1.3738
-2.0613
-2.4365
-2.5754
-2.5393
-2.2449
-2.029
-1.6806
-1.3288
-1.0393
-0.68022
-0.20026
0.45329
0.91216
1.2579
1.4199
1.3947
0.93602
0.33156
-0.36898
-1.1323
-1.7282
-2.1532
-2.2951
-2.0933
-1.4118
-0.57254
0.093023
0.50602
0.69855
0.53253
0.057478
-0.1544
-0.25274
-0.21541
-0.13807
-0.19866
-0.2801
-0.46341
-0.52749
-0.77623
-0.90485
-0.74524
-0.41671
-0.20968
-0.29538
-0.48822
-0.9822
-1.5677
-2.0731
-2.2362
-2.2259
-1.93
-1.3222
-0.77479
-0.33349
-0.022324
0.15688
0.13495
0.090275
-0.067919
-0.38599
-0.93337
-1.4833
-1.8751
-2.3597
-2.2717
-1.7922
-1.173
-0.69055
-0.41454
0.069106
0.20731
0.41449
0.57535
0.75882
0.82688
0.89456
0.8702
0.54856
0.38774
0.18203
-0.022694
-0.24891
-0.49628
-0.71945
-1.0081
-1.0266
-0.77802
-0.39845
-0.022039
0.43876
0.87334
1.5643
2.2912
2.8811
2.8655
2.1903
1.3532
0.35736
-0.39703
-0.76848
-0.61926
-0.32821
-0.3669
-0.42531
-0.66401
-0.73964
-0.45676
0.07891
0.68588
1.3821
2.0303
2.2856
2.2132
1.8004
1.3931
0.61717
-0.037159
-0.42454
-0.49516
-0.20044
0.21728
0.71975
0.96569
1.0843
1.2192
1.2999
1.2924
1.1983
1.1054
0.73874
0.35891
-0.22106
-0.89684
-1.4821
-1.5591
-1.135
-0.7147
-0.28142
0.24735
0.8215
1.4572
1.9747
2.2778
2.1902
1.9579
1.7756
1.4979
1.0931
0.52952
-0.016021
-0.68802
-1.1188
-1.1818
-0.92567
-0.52647
-0.14356
0.095717
0.39895
0.84625
1.4542
1.9676
2.0501
1.9409
1.5265
1.1109
0.91976
0.84113
0.72984
0.45544
0.27738
-0.032741
-0.32858
-0.56069
-0.44702
-0.13301
0.20038
0.82198
1.2979
1.4906
1.1407
0.37657
-0.68843
-1.4885
-1.8279
-1.9089
-1.7443
-1.5248
-1.1598
-0.95181
-0.79541
-0.87354
-1.2459
-1.8634
-2.0993
-1.5341
-0.43336
0.94884
1.9878
2.1562
1.6289
0.87895
0.29511
-0.2378
-0.63873
-0.78406
-0.85043
-0.83609
-0.75985
-0.76516
-0.97868
-1.2789
-1.6463
-1.8059
-1.8176
-1.5279
-1.2559
-1.1764
-1.0738
-1.0359
-0.86437
-0.6685
-0.1568
0.045024
0.090483
-0.20452
-0.3652
-0.61885
-0.94344
-0.78528
-0.62578
-0.37203
-0.16325
-0.093544
-0.30478
-0.72842
-1.083
-1.3915
-1.7952
-2.0812
-2.0595
-1.8241
-1.3747
-0.806
-0.37928
0.14219
0.80531
1.3964
1.726
1.8419
1.8156
1.5771
1.0337
0.28131
-0.32743
-0.93313
-1.1865
-1.2294
-1.3412
-1.452
-1.3321
-0.84673
-0.31918
0.27251
0.67852
0.69822
0.35882
-0.11164
-0.17782
-0.15488
0.24225
0.52603
0.65438
0.41243
0.49681
0.62331
0.59882
0.29792
-0.16939
-0.63201
-0.98519
-0.79256
-0.41506
-0.1239
0.43152
1.0633
1.689
1.9847
1.9351
1.3643
0.5592
-0.19881
-0.63339
-0.82772
-1.0204
-1.0358
-1.304
-1.5509
-1.5643
-1.2698
-0.72845
0
1.0851
1.8595
2.3643
2.2439
1.7109
0.8249
-0.16827
-0.95106
-1.544
-1.9671
-2.1108
-2.0878
-2.1204
-1.9874
-1.5613
-0.82512
0.10983
1.1149
1.971
2.2599
2.1477
1.5452
0.65366
-0.32647
-0.94215
-1.1403
-1.4467
-1.5899
-1.7872
-1.8398
-1.8023
-1.4047
-0.82783
-0.2158
0.50317
1.1313
1.5971
1.6497
1.5231
1.1996
0.75144
0.35754
-0.017862
-0.39264
-0.67759
-0.78384
-0.81867
-0.69338
-0.47952
-0.24836
-0.14175
-0.23006
-0.017674
0.1765
0.38776
0.40479
0.22844
-0.1579
-0.59552
-0.68192
-0.83779
-0.83625
-0.71294
-0.41652
-0.13856
-0.017285
0.068994
0
-0.22326
-0.37699
-0.37615
-0.30706
-0.01702
0.49243
0.99951
1.3352
1.3827
1.3626
1.007
0.68655
0.41768
0.11669
-0.16633
-0.34853
-0.29811
-0.1818
0.11546
0.34571
0.65729
0.93498
1.3428
1.7985
2.057
2.3151
2.4913
2.4397
1.9498
0.95784
-0.35691
-1.6376
-2.3338
-2.2522
-1.7011
-1.0694
-0.35655
0.22699
0.71384
1.3314
2.0316
2.6035
2.7374
2.6928
2.2398
1.7364
1.3134
0.8722
0.29699
-0.4302
-1.0456
-1.4985
-1.6039
-1.3247
-0.77434
-0.21973
0.22067
0.73318
0.97645
1.0329
1.0208
1.1132
1.0493
0.84419
0.61914
0.26694
-0.017906
-0.34237
-0.47156
-0.71204
-0.73526
-0.49975
-0.26096
-0.15019
-0.056734
0.17146
0.46068
1.0638
1.6566
1.9838
1.9003
1.5961
1.1865
0.56755
0.081727
-0.47369
-1.0588
-1.5905
-1.793
-1.5947
-1.2216
-0.71283
-0.23948
0.26328
0.64117
0.91339
0.85293
0.40702
-0.068334
-0.36707
-0.60071
-0.81425
-0.98373
-1.2024
-1.4238
-1.385
-1.2013
-0.96672
-0.82644
-0.34219
0.39316
1.1608
1.8615
2.1945
1.9789
1.4842
1.0608
0.55779
-0.10178
-0.53613
-0.81949
-0.82185
-0.64376
-0.33556
-0.10347
-0.077755
-0.051924
0.104
0.54668
1.2769
2.2168
2.6095
2.3233
1.6448
0.83541
-0.0261
-0.52176
-0.75608
-0.80756
-0.72868
-0.62386
-0.15576
0.25921
0.7505
1.0592
1.0314
0.74625
0.33381
-0.1281
-0.74126
-1.2239
-1.4752
-1.5475
-1.5941
-1.3374
-1.0318
-0.62739
-0.25025
0.37432
0.94561
1.1166
0.98976
0.46882
-0.27067
-0.85885
-1.0278
-1.0495
-1.1441
-1.1655
-1.3322
-1.329
-0.72322
0.048107
0.86408
1.2695
1.6974
1.9807
2.0726
1.9029
1.4488
0.99622
0.61597
0.42599
-0.094577
-0.7324
-1.1333
-1.2271
-1.2267
-1.2029
-0.82545
-0.25945
0.40107
1.2037
2.0544
2.7883
3.5474
4.0006
3.8392
2.8711
1.7346
0.92809
0.42905
0.31042
0.43063
0.50342
0.50449
0.5297
0.60335
0.21774
0.09702
-0.1216
-0.048771
0.048908
0.29429
0.71331
0.7648
0.59392
0.6206
0.62256
0.5746
0.57646
0.60348
0.47933
0.50622
0.60947
0.81531
0.81801
1.0772
1.1579
0.80026
0.20718
-0.20785
-0.33882
-0.33987
-0.23602
-0.26303
-0.31657
-0.21166
0.13266
0.4523
0.80034
1.5246
1.9844
2.0699
1.6706
1.1343
0.54135
0.13563
0.10872
-0.2451
-0.62753
-1.2846
-1.7796
-2.1389
-2.1695
-1.7601
-1.074
-0.22057
0.69009
1.3817
1.2724
0.85827
0.38793
0.027731
-0.2775
-0.49981
-0.6668
-0.91731
-1.0846
-1.2241
-1.3358
-1.5033
-1.3087
-0.83553
-0.50141
0.05572
0.78016
1.5883
2.1179
2.1737
1.7558
0.86396
0.25083
-0.055739
-0.19509
-0.44591
-0.66886
-1.0033
-1.3098
-1.6164
-1.6443
-1.4771
-1.1985
-0.25086
0.86412
1.7284
2.2582
2.3142
2.0636
1.506
0.80891
0.16739
-0.30693
-0.3628
-0.055825
0.083753
-0.027923
-0.13964
-0.64247
-0.8661
-0.8383
-0.50306
-0.11181
0.083866
0.50325
0.72697
1.0066
1.2303
1.5938
1.6495
1.4536
1.0341
0.30737
-0.69836
-1.5358
-1.8142
-1.897
-1.8679
-1.8945
-1.893
-1.7244
-1.3059
-0.88816
-0.83164
-0.41527
0.46996
1.5733
2.232
2.4205
2.004
1.0136
0.082003
-0.35451
-0.43523
-0.27131
0.081166
0.59348
0.91439
1.1527
1.2023
0.93186
0.42445
-0.079284
-0.55281
-0.83897
-0.73103
-0.31195
-0.1294
-0.33491
-0.38462
-0.58692
-0.711
-0.45478
0.075408
0.95019
1.4426
1.7564
1.5746
0.97869
0.19464
-0.53224
-0.98626
-1.2437
-1.0701
-0.99294
-0.96367
-1.0282
-0.92927
-0.92388
-0.78076
-0.15982
0.18161
0.45144
0.60603
0.82587
0.91014
0.90522
0.81257
0.61171
0.39123
0.10813
0.021521
-0.42838
-0.83149
-1.0188
-1.1412
-1.2627
-1.1738
-0.7726
-0.4369
0.31099
0.88858
1.0918
0.96542
0.79892
0.93996
1.1824
1.77
2.0509
2.0069
1.1538
-0.040434
-1.2925
-2.4215
-2.9242
-2.8827
-2.5597
-2.076
-1.3507
-0.54452
-0.060539
0.26254
0.62668
1.0929
1.6618
2.4761
2.9478
2.8717
2.3264
1.3497
0.3689
-0.65736
-1.3179
-1.9613
-2.546
-2.8434
-2.7264
-2.2123
-1.507
-0.37783
0.58943
1.2667
1.4609
1.2952
0.74521
0.06405
-0.21407
-0.5151
-0.55941
-0.3235
0.04323
0.064982
0.065108
-0.19567
-0.45729
-0.47974
-0.10916
0.56818
1.0716
1.3565
1.4006
1.2474
0.78755
0.32794
-0.24027
-0.76357
-0.65348
-0.17394
0.36881
0.54099
0.36682
-0.043017
-0.55724
-0.66181
-0.31887
0.12696
0.40004
0.48169
0.35402
-0.0414
-0.37023
-0.71509
-1.0347
-1.45
-1.5788
-1.4473
-1.0028
-0.23392
0.65693
1.2827
1.5552
1.4464
1.0229
0.4603
0.091114
0.072129
0.12488
0.035296
-0.10473
-0.62142
-1.1436
-1.4851
-1.5183
-1.2371
-0.52176
0.66083
1.7526
2.2994
2.0707
1.3082
0.36518
-0.3761
-0.78839
-1.0444
-1.2657
-1.4966
-1.6657
-1.8454
-1.9238
-1.7939
-1.5301
-1.0011
-0.2546
0.5974
1.1446
1.5127
1.6809
1.6671
1.4122
1.0984
0.73947
0.27381
-0.049451
-0.30711
-0.53727
-0.84989
-1.1594
-1.3939
-1.4951
-1.191
-0.49825
0.39009
1.2726
2.0327
2.555
2.6666
2.4401
2.0286
1.4908
0.94273
0.34905
-0.32578
-1.0476
-1.5375
-1.7257
-1.7048
-1.6259
-1.2776
-0.83416
-0.17671
0.54353
1.2211
1.5229
1.3497
0.89952
0.3855
0.03631
-0.1338
-0.35457
-0.73758
-1.261
-1.6663
-1.9266
-1.9261
-1.5838
-0.94379
-0.29533
0.25858
0.638
0.78684
0.71332
0.5456
0.41561
0.14859
-0.095277
-0.42517
-0.82926
-1.3092
-1.6843
-1.8671
-1.9243
-1.6949
-1.2303
-0.52504
0.23512
1.0956
1.7451
1.7429
1.5134
1.1279
0.79815
0.44819
0.18671
-0.06265
-0.3941
-0.63454
-0.76613
-0.78677
-0.67829
-0.34106
0.13063
0.49245
0.8579
1.1936
1.4491
1.5224
1.4953
1.0965
0.37257
-0.16997
-0.37522
-0.44488
-0.5492
-0.51634
-0.5177
-0.29408
0.15604
0.7818
1.3402
1.7261
1.9556
1.7834
1.3303
0.66581
0.26303
0.052642
-0.017556
0.19319
0.19323
0.24594
0.43916
0.7201
0.8428
1.018
1.2806
1.6479
2.0497
2.4857
2.9732
3.0053
2.7579
2.1098
1.3062
0.41748
-0.22586
-0.57259
-0.77977
-0.74411
-0.74308
-0.8801
-1.0684
-1.0669
-0.80764
-0.48046
0.15422
1.0096
1.7087
1.9453
1.7211
1.2083
0.59487
0.15277
-0.20345
-0.47415
-0.89648
-1.2503
-1.536
-1.7368
-1.6172
-1.2287
-0.70633
-0.31929
0.15114
0.35243
0.57028
0.6203
0.63679
0.53606
0.46892
0.71999
0.9208
0.88727
0.33483
-0.45207
-1.323
-1.9431
-1.994
-1.844
-1.5263
-1.0069
-0.23511
0.35293
0.77372
1.1111
1.247
1.299
1.2667
1.0992
0.76195
0.40693
-0.01698
-0.35713
-0.80057
-1.092
-1.1793
-1.4725
-1.5439
-1.2719
-0.67168
-0.051775
0.57073
0.98796
1.0249
0.90538
0.75043
0.76971
0.94694
1.2306
1.357
1.1131
0.77941
0.40848
-0.035613
-0.60704
-0.80558
-0.4308
0.21598
1.0828
1.5744
1.6694
1.4374
1.423
1.6647
1.9626
2.2621
2.4709
2.4404
2.1316
1.8211
1.2295
0.76568
0.52417
0.6943
0.78995
0.60323
0.41563
0.07573
-0.17074
-0.26613
-0.28569
-0.22897
0.019114
0.67011
1.2465
1.6516
1.6924
1.4635
1.0218
0.40531
0.11592
0.05801
0.17417
0.58094
1.0075
1.163
1.2604
1.2606
1.1444
1.1444
1.2024
1.396
1.221
1.0461
1.0067
0.94797
0.67656
0.34762
0.19292
0.077076
0.19244
0.46122
0.88268
1.2261
1.4344
1.5845
1.5625
1.7495
1.8787
1.8935
1.6058
1.3005
0.86488
0.31883
0.056117
0.11194
0.27907
0.25974
0.222
0.12912
0.14713
0.38504
0.74944
1.0933
1.2897
1.5391
1.5882
1.4931
1.3986
1.2152
1.0331
0.69233
0.35385
-0.28213
-1.0369
-1.7164
-2.1645
-2.3486
-2.1673
-1.417
-0.46503
0.29183
0.80416
1.0744
1.1559
1.2878
1.4019
1.2965
1.1246
0.78647
0.46712
-0.1497
-0.7463
-1.2899
-1.649
-1.7431
-1.3776
-0.73603
-0.14682
0.40681
0.7467
0.98782
0.87244
0.66092
0.36996
-0.096309
-0.46456
-0.78344
-1.0693
-1.386
-1.511
-1.4133
-1.2686
-0.91846
-0.5061
-0.031595
0.25249
0.56758
0.67738
0.55096
0.23599
-0.14153
-0.58163
-1.0844
-1.4301
-1.7916
-1.9491
-1.9655
-1.8878
-1.9047
-1.9849
-1.7187
-1.3575
-0.90084
-0.47479
-0.095106
-0.047635
-0.20681
-0.28695
-0.31956
-0.20822
-0.20876
-0.16104
-0.53302
-1.0208
-1.5446
-1.8438
-1.8671
-1.6937
-1.4696
-1.2936
-0.89971
-0.28461
0.30286
0.64272
0.76526
0.838
0.58488
0.34614
0.087081
-0.15777
-0.61767
-1.0129
-1.2528
-1.4423
-1.3988
-1.2998
-1.1257
-1.0977
-0.82546
-0.20814
0.72532
1.9258
2.8568
3.2169
2.8514
2.1791
1.393
0.44856
-0.3913
-1.0195
-1.4715
-1.7631
-1.6315
-1.5187
-1.3597
-1.0419
-0.40339
0.36251
0.96209
1.3202
1.0304
0.47356
0.047882
-0.024207
0.17132
-0.098977
-0.40025
-1.1633
-1.4826
-1.3176
-0.65276
-0.21107
-0.23991
-0.40393
-0.70717
-0.87892
-0.8874
-0.61584
-0.76276
-1.1116
-1.4088
-1.7397
-1.7539
-1.5909
-1.2468
-1.1362
-0.51182
0.060611
0.79285
0.95087
0.55516
0.186
-0.77867
-1.2513
-1.5702
-1.4812
-1.4226
-1.1094
-1.0166
-1.3049
-1.4661
-1.4675
-1.1171
-0.51073
-0.031909
0.1913
-0.12737
-0.50862
-0.50754
-0.22148
-0.06309
0.34581
0.72028
0.87313
0.93114
0.67938
0.12285
-0.64119
-0.8496
-0.844
-0.53881
-0.029716
0.2654
0.55584
0.63828
1.0355
1.1119
1.2995
1.6231
2.3281
2.7716
2.6078
2.2583
1.41
0.65799
-0.026035
-0.41198
-0.6875
-0.62944
-0.3236
0.024608
0.29191
0.74539
1.3547
1.6208
1.7645
1.721
1.4288
0.91909
0.53178
0.41615
0.15156
-0.17125
-0.74075
-1.172
-1.5108
-1.5557
-1.2959
-0.92151
-0.099113
0.82394
1.4952
1.6725
1.5039
1.414
1.2327
1.1474
0.97207
0.63635
0.18028
-0.17879
-0.39021
-0.56321
-0.59395
-0.45094
-0.08612
0.13688
0.57804
0.8111
0.94082
1.1194
1.4461
1.9352
2.1732
2.1147
1.4532
0.53682
-0.30804
-0.96975
-1.4184
-1.849
-2.0055
-2.0819
-1.9348
-1.5172
-0.98929
-0.38272
0.095654
0.7812
1.2121
1.4043
1.3578
1.1036
0.52861
-0.16048
-0.85239
-1.3865
-1.746
-2.0269
-2.0987
-2.1879
-1.9833
-1.4155
-0.67781
0.01661
0.60091
0.92284
0.87728
0.71263
0.46085
0.17174
-0.31113
-0.87
-1.349
-1.782
-1.8661
-1.7369
-1.4074
-1.0366
-0.58662
-0.1109
0.018637
0.20676
0.37918
0.47815
0.46312
0.46731
0.56983
0.65442
0.80063
0.78795
0.42829
-0.26766
-0.7275
-1.2591
-1.6526
-1.7968
-1.6845
-1.3954
-1.1226
-0.57779
-0.044868
0.65673
1.2572
1.7995
2.0489
1.8326
1.6121
0.93277
0.24126
-0.21901
-0.66257
-0.98972
-1.2721
-0.9554
-0.55742
0.025529
0.51432
1.2432
1.7212
2.0215
2.0346
1.6485
1.1501
0.86081
0.86553
0.81567
0.92901
0.82357
0.41361
-0.11075
-0.55593
-0.53005
-0.78374
-0.89846
-1.0981
-1.1009
-0.79216
0
0.90873
1.2798
1.5092
1.5392
1.3977
0.94176
0.48527
0.14273
-0.31395
-0.51352
-0.62724
-0.4558
0.028458
0.56848
1.0502
1.417
1.9521
2.4003
2.4237
1.7717
1.2346
0.55984
0.22338
0
-0.13888
-0.27701
-0.66297
-0.46827
-0.30212
0.027386
0.05461
0.19057
0.32572
0.48713
1.0254
1.2376
0.96576
0.61525
0.3201
-0.026602
-0.42448
-0.7409
-1.0557
-1.1848
-1.1032
-0.70759
-0.44455
-0.10438
0.15627
0.077992
-0.077858
0
0.49159
0.93019
1.0581
0.51559
-0.56661
-1.8786
-2.7002
-2.9558
-2.8518
-2.2859
-1.6179
-1.0785
-0.87319
-0.87338
-0.89937
-1.0283
-0.77167
-0.46331
-0.48943
-1.057
-1.858
-2.4024
-2.8448
-2.7963
-2.4369
-1.7651
-1.0397
-0.28632
0.078196
-0.078309
-0.26141
-0.52357
-0.81272
-1.0764
-1.1568
-1.2637
-1.3709
-1.5046
-1.5329
-1.4023
-1.2979
-0.74238
-0.13268
0.42492
0.87697
1.1167
0.71818
0
-0.47895
-0.95784
-1.1438
-1.1168
-0.87693
-0.79658
-0.68969
-0.5564
-0.58209
-0.52832
-0.47462
-0.1842
-0.052508
0.23569
0.65291
0.62493
0.18169
-0.36212
-0.64426
-0.79574
-0.38343
0.050899
0.60795
1.0083
1.279
1.6464
1.5132
1.3564
1.0051
0.51158
-0.096815
-0.45682
-0.59696
-0.87728
-0.94156
-0.8645
-0.55651
-0.23009
0.22827
0.43023
0.49409
0.53453
0.64045
0.76636
0.6295
0.47338
0.3839
0.40163
0.71228
0.91348
1.0287
0.95816
1.0909
1.2811
1.5074
1.7492
2.0059
1.9105
1.5873
1.0803
0.37565
-0.18615
-0.31367
0.091449
0.59834
1.0246
1.4081
1.5554
1.6477
1.8081
2.173
2.4468
2.7673
2.8137
2.592
1.9588
1.2361
0.57278
-0.065011
-0.50046
-0.68965
-0.50996
-0.14254
0.40929
1.0172
1.276
1.563
1.7393
1.8528
1.7979
1.6679
1.5696
1.4724
1.3763
1.2365
0.86063
0.38433
-0.058911
-0.29353
-0.51196
-0.42285
-0.10176
0.30439
0.65048
1.0525
1.3807
1.7219
1.9328
1.9717
1.6969
1.2384
0.99468
0.78028
0.50997
0.16975
-0.12715
-0.26811
-0.25372
0.070405
0.42203
0.70278
0.92694
1.0947
1.2202
1.3036
1.457
1.4283
1.2597
0.97937
0.76924
0.36353
-0.027956
-0.37731
-0.75446
-0.99179
-1.0196
-0.76804
-0.41888
-0.041883
0.3769
0.75373
1.0747
1.2699
1.3396
1.172
1.144
1.0462
0.809
0.26499
-0.4044
-0.90629
-1.422
-1.6447
-1.6305
-1.3933
-1.0169
-0.54312
0.013922
0.38971
0.89048
1.4465
1.9882
2.3766
2.5978
2.3883
1.5683
0.36065
-0.77635
-1.4271
-1.62
-1.3975
-1.1615
-0.89808
-0.46939
0.096558
0.74421
1.2392
1.8295
2.3773
2.814
2.756
1.9584
0.35563
-1.5163
-2.592
-2.82
-2.299
-1.4941
-0.75943
-0.21662
0.22977
0.79601
1.2928
1.6936
1.8512
1.7671
1.3626
0.87974
0.50537
0.19902
-0.013236
-0.26406
-0.3424
-0.47285
-0.44537
-0.19594
0.2605
0.77921
1.2559
1.5489
1.5183
1.3723
1.1888
1.0065
0.90143
1.0374
1.2102
1.1179
0.71332
0.062338
-0.50923
-0.75472
-0.60389
-0.24551
-0.07336
-0.04871
-0.14554
-0.15702
-0.084204
0.29949
0.89474
1.3781
1.5972
1.3902
0.87996
0.21032
-0.1629
-0.46353
-0.69246
-0.91954
-1.1563
-1.1517
-0.98817
-0.57704
-0.14653
0.28074
0.82796
1.4159
1.8998
2.2034
2.2624
1.9252
1.2832
0.53583
-0.043618
-0.47851
-0.75933
-0.83325
-0.88536
-0.90505
-1.0431
-1.1056
-1.136
-0.93107
-0.4703
0.17084
0.97079
1.8443
2.6959
3.1426
3.1957
2.8233
2.1848
1.4503
0.7791
0.16025
-0.44928
-0.92132
-1.1912
-1.3118
-1.3363
-1.1559
-0.70405
-0.23899
0.33782
0.8857
1.3828
1.7517
2.0466
2.0556
1.6967
1.1666
0.66517
0.24936
-0.04559
-0.16049
-0.19606
-0.16247
-0.18689
-0.39981
-0.60386
-0.954
-1.1052
-1.1498
-0.91479
-0.33194
0.42139
1.0747
1.3611
1.4618
1.1541
0.60808
-0.013055
-0.51385
-0.85111
-1.0874
-1.152
-1.2589
-1.3264
-1.3394
-1.1835
-0.96758
-0.54609
0.029028
0.58637
1.0808
1.3758
1.4046
0.9457
0.38511
-0.18667
-0.73827
-1.5067
-2.1617
-2.5054
-2.6594
-2.5358
-2.2099
-1.7099
-1.133
-0.49462
0.15479
0.39881
0.55928
0.63405
0.72752
0.87578
1.0259
1.1596
0.94823
0.78893
0.55364
0.20413
-0.39173
-0.8623
-1.0922
-1.1915
-1.0253
-0.80027
-0.66905
-0.5943
-0.40361
-0.11557
0.11578
0.50244
0.77383
0.7744
0.32924
-0.21304
-0.92934
-1.6639
-2.242
-2.3547
-2.235
-1.8073
-1.2659
-0.95637
-0.6674
-0.19004
0.64373
1.3012
1.5021
1.4204
1.0415
0.77712
0.51527
0.21958
-0.14552
-0.54236
-0.68262
-0.92798
-1.223
-1.3553
-1.1185
-0.78069
-0.32717
-0.085443
-0.05087
-0.18506
-0.1669
-0.016556
-0.049266
-0.2606
-0.66228
-1.1053
-1.4456
-1.3863
-1.0623
-0.79009
-0.64525
-0.56371
-0.4835
-0.26974
0.25267
0.8993
1.3455
1.5379
1.4395
1.1427
0.59535
0.15476
-0.25138
-0.59619
-0.89486
-1.2305
-1.6432
-2.0641
-2.1179
-1.8783
-1.2977
-0.64506
-0.013091
0.49475
0.76417
1.031
1.1415
1.1619
0.95346
0.56974
-0.050449
-0.91737
-1.6156
-2.2972
-2.7637
-2.8681
-2.5763
-2.1258
-1.6036
-0.9852
-0.52879
-0.19653
0.012272
0.33111
0.74772
1.3113
1.8506
1.986
1.4719
0.25777
-1.2287
-2.5957
-3.1907
-3.0356
-2.4726
-1.9327
-1.4529
-0.99593
-0.67409
-0.25039
0.10047
0.30241
0.36669
0.4315
0.64975
0.9082
1.1689
1.2127
0.82941
0.10416
-0.57563
-1.0123
-1.1893
-1.1025
-0.86795
-0.61758
-0.49949
-0.46158
-0.43691
-0.39825
-0.16576
0.19454
0.57315
0.9001
1.3584
1.5804
1.5185
1.2397
0.7978
0.30653
-0.22033
-0.51733
-0.81807
-1.0028
-1.0393
-0.87904
-0.62527
-0.36828
-0.01544
0.23302
0.50014
0.89625
1.5185
1.973
2.1927
2.0766
1.619
0.96063
0.22922
-0.34573
-0.86073
-1.0484
-0.98698
-0.87438
-0.70982
-0.64543
-0.58032
-0.61742
-0.25847
0.39816
1.1477
1.8166
2.2631
2.4313
1.9461
1.1014
0.14268
-0.71618
-1.33
-1.4613
-1.2856
-1.0358
-0.74765
-0.20128
0.47736
1.2158
1.848
2.132
2.0457
1.7721
1.3471
0.67557
-0.18821
-0.84937
-1.4953
-1.9931
-2.227
-1.985
-1.378
-0.65248
0.26939
0.9068
1.4122
1.7844
2.0225
1.8719
1.3099
0.66647
-0.058962
-0.59118
-0.69155
-0.3566
0.079457
0.25893
0.2796
0.10013
0.020081
0.24163
0.66633
0.87066
1.0761
1.2013
1.1843
0.98291
0.67768
0.28833
-0.37177
-0.84925
-0.97634
-0.75
-0.35519
-0.083816
0.10507
0.21075
0.46498
0.80543
1.1478
1.3002
1.4107
1.436
1.139
0.75421
0.23766
-0.30326
-0.78178
-0.84902
-0.48008
-0.087492
0.3946
0.83487
1.1228
1.3236
1.7019
2.2143
2.7282
3.1992
3.3597
3.0524
2.3423
1.6303
0.93892
0.31324
-0.2463
-0.53768
-0.76205
-0.73985
-0.17938
0.29149
0.71739
0.80679
0.87359
0.96257
1.2302
1.7876
2.0088
1.9616
1.7361
1.5333
1.3531
1.1512
0.97206
0.66127
0.37381
0.19739
0.19686
0.087241
0.13047
0.23844
0.25927
0.27991
0.5364
0.91923
1.0223
0.97587
0.80295
0.61028
0.27244
0.020868
0.020777
-0.020686
0.14416
0.1025
-0.061222
-0.73128
-1.3345
-1.5697
-1.4822
-0.85725
-0.17858
0.35548
0.62901
0.86084
0.97369
0.79474
0.69463
0.74912
0.95612
1.1613
1.4406
1.4911
1.3721
1.0296
0.55934
0.074289
-0.37004
-0.62677
-0.86335
-1.0069
-0.98531
-0.54567
-0.036269
0.39781
0.99184
1.457
2.0995
2.793
3.5912
4.0481
3.7918
2.986
1.5264
0
-1.0272
-1.2917
-1.1494
-0.75997
-0.40637
-0.21199
-0.17667
-0.17671
0.035357
0.28303
0.76123
1.3113
1.5789
1.4566
1.0496
0.51675
-0.16066
-0.51872
-0.53776
-0.30543
0.054032
0.34309
0.57943
0.61743
0.67394
0.69434
0.76995
0.73579
0.7753
0.90781
0.74384
0.46668
0.037482
-0.33869
-0.79351
-1.0814
-1.2574
-1.435
-1.2683
-0.88787
-0.31019
0.25315
1.1345
1.7291
2.1513
2.3592
2.3698
2.3604
2.2504
2.341
2.2905
1.9136
1.1449
0.14371
-0.90707
-1.4903
-1.2469
-0.77188
-0.37693
-0.21017
-0.16874
-0.042328
0.33974
1.0012
1.4956
1.6284
1.418
1.1416
0.86363
0.88717
1.0191
0.95577
0.63098
0.2179
-0.065451
-0.06552
0.10929
0.45932
0.67832
0.52526
0.32828
0.1094
-0.17496
-0.2404
-0.15284
0.15266
0.45734
1.0436
1.6493
1.9707
2.0525
1.7671
1.1175
0.17139
-0.79011
-1.5108
-2.2048
-2.4284
-2.3762
-1.947
-1.3962
-0.55992
0.20632
0.71831
1.1021
1.3596
1.5533
1.5037
1.2551
0.4948
-0.45217
-1.3667
-1.9774
-2.4058
-2.5791
-2.1046
-1.4111
-0.54138
0.1852
0.69809
0.96571
0.95772
1.0035
0.8173
0.52847
0.10478
-0.31162
-0.7551
-1.1057
-1.2477
-1.3703
-1.3085
-1.0178
-0.5369
-0.33862
-0.19178
-0.14256
-0.031399
-0.046683
-0.18509
-0.36695
-0.68206
-0.90158
-0.87896
-0.50223
0.19041
0.98773
1.6423
1.7004
1.3607
0.68905
-0.013953
-0.70612
-1.1542
-1.4185
-1.5842
-1.6804
-1.6953
-1.6174
-1.4091
-0.95506
-0.29899
0.46508
1.3611
2.1446
2.602
2.4993
1.9837
1.0492
-0.12428
-1.2245
-1.9944
-2.3165
-2.3311
-2.0178
-1.7679
-1.6046
-1.3826
-1.0905
-0.75265
-0.41694
0.047522
0.40294
0.67397
0.80236
0.8244
0.76422
0.57525
0.28139
-0.25766
-0.85418
-1.3213
-1.3907
-1.2618
-0.92285
-0.57244
-0.45573
-0.58453
-0.85396
-0.99516
-0.98445
-0.64535
0.023499
0.65901
1.002
0.89765
0.42609
-0.30843
-0.87998
-1.2757
-1.4945
-1.5468
-1.5396
-1.3637
-1.3078
-1.1666
-0.98804
-0.74697
-0.4918
-0.061732
0.57039
1.2082
1.7518
1.9361
1.6297
0.9903
0.35731
-0.28221
-0.96723
-1.5042
-1.8515
-1.8883
-1.8464
-1.5919
-1.4145
-1.168
-0.86448
-0.48928
0.054705
0.57804
1.1496
1.3522
1.0944
0.66378
0.25589
-0.071552
-0.33133
-0.60909
-1.0366
-1.5286
-1.8496
-1.8025
-1.5447
-1.1777
-0.63841
-0.21423
0.2927
0.86845
1.405
1.6501
1.5344
1.0827
0.33655
-0.40325
-1.1363
-1.6173
-2.0221
-2.0182
-1.6645
-1.0718
-0.57284
-0.20339
0
-0.068597
0.086241
0.32958
0.62798
0.75425
0.77601
0.727
0.49913
0.21503
-0.16211
-0.65173
-1.1462
-1.353
-1.1943
-1.0154
-0.68632
-0.35408
-0.074887
0.20688
0.62341
1.0057
1.2197
1.4355
1.5955
1.5636
1.26
1.1095
0.86001
0.54951
-0.11823
-0.49461
-0.67535
-0.53844
-0.14015
0.1608
0.2825
0.32412
0.4474
0.53079
0.71729
1.1315
1.5282
1.8451
2.1435
2.465
2.5373
2.2733
1.6903
0.65746
-0.34061
-0.91881
-0.96512
-0.86105
-0.51853
-0.065051
0
0.15288
0.28491
0.83571
1.1475
1.6606
2.0437
2.3623
2.3697
2.063
1.6643
0.90218
0.15832
-0.45352
-0.97751
-1.1166
-0.82216
-0.11443
0.3898
1.1025
1.7024
2.0273
1.9836
1.8471
1.8024
1.8265
1.8965
1.6654
1.0176
0.13872
-0.43899
-0.7156
-0.6456
-0.39141
0
0.1835
0.20597
0.41086
0.36415
0.40836
0.6104
0.90085
1.1438
1.1834
1.2001
0.84022
0.39587
0.21868
0.5217
0.82084
0.92275
0.87379
0.59247
0.27303
0.083362
-0.020674
-0.26655
-0.38626
-0.32243
-0.2796
-0.13851
0.039202
0.34942
0.36521
0.26641
-0.11301
-0.78291
-1.5125
-2.0074
-1.8233
-1.3214
-0.51216
0.26198
0.75993
0.93928
1.0301
1.0018
0.79236
0.70181
0.90368
1.2286
1.341
0.98282
0.27769
-0.59503
-1.1318
-1.3136
-1.2552
-1.1542
-0.75182
-0.17171
0.52409
1.0658
1.3054
1.2104
1.1446
1.5662
2.0072
2.1225
1.4864
0.43056
-0.62134
-1.336
-1.5685
-1.4942
-1.132
-0.42491
0.43474
1.2843
1.8178
2.1384
2.0552
1.695
1.3625
1.1892
0.99367
0.75195
0.35712
-0.24941
-0.91274
-1.4676
-1.6786
-1.5355
-1.0272
-0.1889
0.63775
1.3473
1.7156
1.7536
1.4007
1.1302
0.95426
0.74176
0.39614
-0.10844
-0.65333
-1.2274
-1.5509
-1.6695
-1.6171
-1.3535
-0.77472
0.025157
0.70932
1.1866
1.4143
1.4256
1.359
1.2389
1.0505
0.6442
0.13549
-0.32836
-0.76008
-1.131
-1.27
-1.2695
-1.0673
-0.59803
0.059018
0.49261
0.49849
0.35164
-0.04643
-0.39172
-0.55531
-0.57842
-0.73229
-1.0055
-1.4025
-1.7591
-1.9021
-1.6146
-0.84428
0.10692
0.99298
1.5181
1.4823
0.93847
0.30418
-0.077018
-0.44847
-0.57254
-0.59962
-0.6474
-0.67566
-0.97368
-1.446
-2.0983
-2.4431
-2.1447
-1.2041
-0.06635
0.96049
1.7816
1.912
1.9061
1.4823
0.93405
0.2118
-0.28449
-0.52522
-0.98525
-1.3056
-1.6535
-1.6867
-1.4
-0.93744
-0.39625
-0.17396
0.27417
0.84956
1.3771
1.4294
1.1799
0.82895
0.40198
0.35162
0.35134
0.15039
-0.40036
-0.94881
-1.1705
-0.96834
-0.19795
0.59156
1.1045
1.1726
0.99656
0.53185
-0.048071
-0.71666
-1.1393
-1.3909
-1.2406
-0.65063
-0.1153
0.36606
0.79428
1.3503
1.7628
1.9687
1.9294
1.3688
0.51671
-0.14932
-0.48605
-0.39776
0.062213
0.53409
0.65113
0.56436
0.57902
1.0088
1.4109
1.7668
1.8662
1.6397
1.1906
0.69318
0.16718
-0.44212
-0.76745
-0.65265
-0.16192
0.37504
0.78024
1.18
1.3299
1.5999
1.7462
1.8054
1.5566
1.1747
0.52543
-0.35451
-1.127
-1.5258
-1.6218
-1.3678
-0.88238
-0.3491
0.083034
0.51451
1.0787
1.5771
1.8608
2.0961
2.0498
1.6535
0.90437
0.050404
-0.77571
-1.5748
-2.0245
-2.2743
-2.1839
-1.609
-0.80108
-0.1403
0.38872
0.78365
0.89802
0.96035
1.1888
1.5882
1.9961
2.2624
2.2873
1.7736
0.89724
-0.019742
-0.61966
-0.87058
-0.57436
0.020789
0.65335
1.2182
1.6042
1.9354
2.031
2.084
2.0466
1.8445
1.3751
0.77048
0.22009
-0.57129
-0.95874
-1.0251
-0.75495
-0.58174
-0.34915
-0.19094
-0.055401
0.28127
0.68534
0.81162
0.70602
0.56712
0.21195
-0.12283
-0.34245
-0.18932
0
-0.12953
0.032786
0
0.36927
0.645
0.96081
0.93609
0.59521
0.4241
0.035656
-0.79101
-1.1234
-1.2411
-1.029
-1.1094
-0.85542
-0.82243
-0.56331
-0.11312
0.71887
0.9486
0.57048
0.15239
-0.45773
-0.80153
-1.0688
-0.95382
-0.87662
-0.45666
0.037976
0.11363
0.03776
0.18812
0.86181
1.119
1.2247
1.0334
0.58705
0.21875
0.25349
0.75504
0.78506
0.77889
0.63204
0.59183
0.69011
0.92313
1.3209
1.4087
1.76
2.0051
2.1795
1.8668
1.2099
0.47241
-0.031146
0.21559
1.0962
2.2579
3.1248
3.6477
3.2857
2.5003
1.8463
1.4318
1.0544
0.46622
0.35239
0.3751
0.42376
0.288
0.025884
-0.23032
-0.27835
0.30028
0.96515
1.3952
1.5013
1.3895
0.92449
0.28151
-0.23219
-0.6206
-1.1151
-1.5099
-1.4731
-1.0833
-0.43807
0.10852
0.10755
-0.17058
-0.61306
-0.60792
-0.45739
0.12374
0.7366
0.99489
0.70531
0.18004
-0.49652
-1.3214
-1.8413
-2.1209
-2.0106
-1.8058
-1.3556
-0.47448
0.28304
0.90061
0.95166
0.5197
-0.16618
-0.7165
-1.0055
-1.0917
-0.77882
-0.30653
0.12567
0.12515
-0.089029
-0.6917
-1.3958
-1.7779
-1.8418
-1.6431
-1.6202
-1.6497
-1.8004
-1.933
-1.7897
-1.4414
-1.0439
-0.69979
-0.34049
-0.30569
-0.5591
-1.0818
-1.5011
-1.7503
-1.8307
-1.5924
-1.5391
-1.553
-1.6669
-1.5974
-1.545
-1.3766
-1.093
-0.82676
-0.59441
-0.4287
-0.29639
-0.44401
-0.50915
-0.60695
-0.78647
-0.99835
-1.079
-0.99619
-0.99517
-0.97788
-0.91181
-0.82962
-0.7476
-0.69823
-0.56784
-0.51873
-0.30774
-0.21039
