-0.90467
-1.0901
-1.2135
-1.3689
-1.3108
-0.91
-0.30751
1.0172
0.8433
0
-0.75737
-1.2125
-1.3018
-1.1542
-0.81105
-0.63888
-0.84608
-1.0398
-1.088
-1.0589
-1.048
-1.0674
-1.1742
-1.2747
-1.2372
-0.87451
-0.80181
-0.95712
-1.0044
-0.55021
0.52946
1.3963
1.3378
0.22798
-0.65144
-0.9849
-0.95743
-0.97269
-1.0495
-1.1399
-1.2587
-1.2667
-1.2226
-1.0255
-0.85342
-0.072203
1.3488
1.4471
0.61272
0.12377
-0.43654
-0.90816
-0.94736
-0.87914
-0.87083
-0.93263
-1.141
-1.3249
-1.4904
-1.1798
-0.74903
-0.42291
-0.51951
-0.72404
-0.93623
-1.0557
-0.79334
-0.88807
-0.97666
-1.1646
-1.1543
-1.0186
-0.92438
-0.80565
-1.0963
-1.5298
-1.3479
-0.58269
0.23886
1.0813
1.7049
1.445
0.73435
-0.029964
-0.55441
-0.92361
-1.0318
-1.0653
-1.0789
-1.1243
-1.2068
-1.2817
-1.277
-1.038
-0.35596
0.871
1.8302
0.9926
-0.064075
-0.054358
-0.85007
-0.84507
-0.70294
-0.81469
-1.0032
-1.1694
-1.25
-1.3925
-1.3616
-1.0796
-0.29076
0.42023
0.19064
-0.41019
-1.3464
-1.5746
-1.4364
-0.96865
-0.49654
-0.36075
-0.98733
-1.5258
-1.065
-0.043873
0.86266
1.4362
1.5799
1.3523
0.74706
-0.082961
-0.76786
-1.2689
-1.3142
-1.1175
-1.0419
-1.0949
-1.1798
-0.9151
-0.38029
0.39345
1.0504
1.6341
1.4899
0.79057
-0.073918
-0.94124
-1.3581
-1.1732
-1.0368
-1.0215
-1.2462
-1.3482
-1.1505
-0.31833
0.89043
1.6958
1.2995
0.51107
0.39911
-0.17928
-0.57384
-0.93309
-1.1172
-1.2303
-1.2634
-1.2653
-1.2492
-0.88733
-0.2014
0.6446
1.3311
1.5402
1.2438
0.46503
-0.38385
-0.99851
-1.1232
-1.0504
-1.0347
-1.1531
-1.4581
-1.4923
-1.0007
-0.16814
0.49431
0.85032
0.97436
1.1852
0.92908
0.27507
-0.5098
-1.1798
-1.3627
-1.33
-1.304
-1.3417
-1.075
-0.54012
0.2538
1.0916
1.3474
1.2292
1.1882
1.1474
0.67818
0.093866
-0.43103
-0.90325
-1.2204
-1.3468
-1.3079
-1.1694
-1.0068
-0.83783
-0.80793
-0.96893
-1.0774
-0.93661
-1.0473
-1.0367
-0.6502
-0.59339
-0.83504
-1.0202
-1.2063
-1.4723
-1.4646
-1.0607
-0.30839
0.60351
1.2374
0.70084
-0.3787
-1.1003
-1.3013
-0.88197
-0.65877
-0.63427
-0.77697
-0.96115
-1.0619
-1.1077
-1.1471
-1.2659
-1.2889
-1.1326
-0.93899
-0.22388
0.77947
1.7131
1.3632
0.59577
-0.029615
-0.61677
-0.97792
-1.0683
-1.1222
-1.1749
-1.146
-1.1924
-1.1324
-0.95035
-0.62816
-0.48026
-0.59859
-0.67637
-0.83803
-1.0117
-1.1457
-1.1715
-1.1525
-1.0751
-0.98134
-0.99999
-1.1013
-1.2212
-1.1791
-1.082
-0.84005
-0.5577
-0.5873
-0.75878
-0.77926
-0.83654
-0.98422
-1.0566
-1.0799
-1.1442
-1.2651
-1.2754
-1.0042
-0.74072
-0.56188
-0.61544
-0.76156
-0.90671
-1.0073
-1.021
-1.058
-1.0113
-0.97081
-1.0402
-1.2243
-1.3555
-1.2606
-0.98271
-0.39594
0.49227
1.4147
1.2464
0.57589
-0.30133
-0.90949
-1.1686
-1.0747
-0.95875
-0.97478
-1.0271
-1.1325
-1.2192
-1.1738
-1.0014
-0.83246
-0.82713
-0.77762
-0.8438
-0.90884
-0.95767
-0.9994
-1.0737
-1.1643
-1.1359
-1.0739
-1.0256
-1.0455
-1.1827
-1.2593
-1.1806
-0.47441
-0.3156
-0.64427
-1.165
-1.3547
-1.272
-1.0112
-0.7521
-0.71604
-0.98067
-1.0965
-1.0296
-1.0216
-0.95177
-0.82633
-0.86476
-0.91396
-0.98826
-1.0097
-1.1496
-1.2099
-1.192
-1.1299
-1.0376
-1.0441
-1.1691
-1.2304
-1.1708
0
0.65204
0.20219
-0.38556
-0.86782
-1.1924
-1.2877
-1.2811
-1.2175
-1.198
-1.1491
-1.0556
-0.84177
-0.038138
1.0829
0.93555
0.059682
-0.61952
-1.0722
-1.2099
-1.2008
-1.1762
-1.23
-1.2992
-0.97467
-0.38896
0.51219
0.9816
1.1027
1.1901
1.2032
0.98276
0.32677
-0.43396
-1.0062
-1.245
-1.2967
-1.2685
-1.2117
-1.0792
-0.7167
-0.05884
0.64898
1.0829
1.3435
1.5012
1.3565
0.81349
0.070183
-0.56611
-1.0044
-1.1659
-1.2256
-1.2446
-1.2475
-1.2178
-0.93791
-0.53461
0.26829
1.3913
1.5472
0.73641
-0.15879
-0.77926
-1.0965
-1.0864
-1.0548
-1.0647
-1.1397
-1.2095
-1.2657
-1.2467
-0.91536
-0.23072
0.78244
1.496
1.4429
0.82832
0.11353
-0.49604
-1.0166
-1.2694
-1.4204
-1.3888
-1.1763
-0.69664
-0.023779
0.83193
1.576
1.5147
1.1627
0.31941
-0.62767
-1.2173
-1.0475
-0.78394
-0.79341
-0.87433
-1.145
-1.3441
-1.4525
-1.2308
-0.77969
-0.028228
1.2446
1.4489
0.53881
-0.3993
-0.93574
-1.1229
-1.0374
-0.94978
-0.98422
-1.1434
-1.2691
-1.2906
-1.3234
-0.98519
-0.17805
0.81767
0.53851
-0.053338
-0.56025
-0.9368
-1.1502
-1.1749
-1.1162
-1.0278
-1.0104
-1.0623
-1.352
-1.4421
-1.023
-0.03182
0.63123
0.35846
-0.2983
-0.99502
-1.4188
-1.4904
-1.2802
-0.93578
-0.55897
-0.66958
-1.0883
-1.2598
-1.1297
-0.83478
-0.94649
-1.237
-1.3621
-0.87871
0.10159
1.4241
1.7631
0.7873
0.024608
-0.68902
-1.1598
-1.3471
-1.3945
-1.3283
-1.0824
-0.70474
-0.49274
-0.84009
-1.5172
-1.4124
-0.59326
0.54528
0.70172
0.020561
-0.75867
-1.2261
-1.145
-1.0177
-0.93781
-1.0077
-1.2645
-1.5131
-1.4687
-0.93988
-0.20374
0.81872
1.7312
1.5533
0.80276
0.13741
-0.34472
-0.85429
-1.0123
-1.0104
-0.99456
-1.0643
-1.1589
-1.2587
-1.3562
-1.2339
-0.84358
-0.09654
0.93798
1.8073
1.1452
0.3158
-0.4788
-0.65957
-0.83549
-0.98755
-1.0025
-1.1518
-1.2913
-1.3257
-1.2249
-0.99545
-0.65072
0.039995
0.75906
1.5998
1.4573
0.8536
0
-0.68721
-0.99826
-1.1204
-1.1233
-1.0953
-1.0454
-1.0748
-1.2297
-1.3144
-1.2633
-0.82213
0.089484
0.94105
0.28031
-0.4049
-0.90273
-1.0857
-1.1038
-1.1104
-1.0154
-1.108
-1.1332
-1.1711
-1.2416
-1.162
-0.69729
-0.17147
-0.48823
-0.92153
-1.1711
-1.1164
-1.1152
-1.0085
-0.88116
-0.96588
-0.94327
-0.90075
-1.0945
-1.4623
-1.5261
-1.02
0.10706
0.84155
0.39177
-0.50075
-1.1337
-1.2682
-1.1984
-1.1358
-1.1649
-1.1762
-1.2151
-0.66935
0.30646
1.3468
0.86012
-0.047151
-0.70645
-1.0356
-1.0734
-0.95416
-0.98691
-1.0921
-1.2567
-1.3103
-1.2522
-0.97649
-0.39095
0.32979
1.0744
1.6329
1.6359
0.97747
0.041924
-0.5652
-0.91446
-1.0416
-1.1189
-1.1376
-1.0762
-0.89366
-0.83329
-1.0463
-1.378
-1.5553
-1.2041
-0.50783
0.6424
0.75866
-0.11499
-0.71894
-0.84694
-0.86285
-1.125
-1.3285
-1.2912
-1.1357
-0.96229
-0.90922
-0.75958
-0.78463
-0.64974
-0.64771
-1.0645
-1.5634
-1.6341
-1.0262
-0.34083
-0.22409
-0.65098
-1.195
-1.5081
-1.5225
-1.3125
-0.9317
-0.10191
0.23159
-0.3569
-1.4519
-0.99235
-0.63492
-0.49247
-0.73534
-1.1961
-1.6995
-1.765
-0.81783
-0.098025
-0.17912
-0.86278
-1.3521
-1.428
-1.3191
-1.0341
-0.86982
-0.85778
-0.71856
-0.80802
-1.2388
-1.5788
-1.3358
-0.71411
-0.2543
-0.459
-0.90182
-1.3022
-1.4203
-1.2846
-1.0848
-0.98045
-0.94191
-0.85727
-1.0872
-1.2075
-1.2148
-0.61475
-0.27134
-0.22454
-0.3236
-0.69158
-0.87886
-0.99497
-1.1289
-1.2304
-1.2748
-1.2143
-1.0655
-0.79236
-0.5514
-0.65354
-1.0343
-1.2003
-1.132
-0.96541
-0.79575
-0.79093
-0.87593
-1.0274
-1.0928
-1.1444
-1.204
-1.2476
-1.2459
-1.1276
-0.87236
0.065577
0.29025
-0.23644
-0.79539
-1.1166
-1.2436
-1.2482
-1.0983
-1.0158
-1.0434
-1.1269
-1.1675
-1.184
-1.2688
-0.70979
-0.11166
-0.086509
-0.54178
-0.88959
-1.1878
-1.2906
-1.2204
-1.1379
-1.0076
-0.98036
-0.70256
-0.74236
-0.86226
-0.79879
-0.88104
-1.1181
-1.3372
-1.3086
-1.287
-1.1254
-0.8403
-0.32039
-0.28096
0.11821
-0.33193
-0.93581
-0.84379
-0.60495
-0.63796
-0.79279
-0.94825
-1.0634
-1.2602
-1.3936
-1.3414
-1.0401
-0.52629
0.2198
0.92206
1.3815
1.4414
1.0824
0.40822
-0.32899
-0.81967
-1.121
-1.2369
-1.24
-1.1791
-1.0844
-1.1576
-1.04
-1.0634
-0.81336
-0.39711
-0.32707
-0.51146
-0.7878
-0.85817
-1.0435
-1.222
-1.3137
-1.2572
-1.1454
-1.0181
-0.86745
-0.95428
-0.72214
-0.10997
1.0268
0.44932
-0.44127
-0.88722
-0.99755
-0.83411
-0.81208
-0.81079
-1.0369
-1.1223
-1.0858
-1.1015
-1.1487
-1.2707
-1.1859
-0.92775
-0.53935
-0.34396
-0.69498
-1.2029
-1.4265
-1.3401
-1.1368
-0.73046
-0.55407
-0.56471
-0.92757
-1.1258
-1.2004
-1.4396
-1.454
-1.1691
-0.26554
0.55594
1.3644
0.99162
0.50414
0.99106
1.318
1.0362
0.028927
-0.59912
-1.1105
-1.4961
-1.5615
-1.2448
-0.53496
0.1264
0.72171
1.0948
1.2458
1.3776
1.4214
1.3033
0.77753
0.53584
0.25524
0.43809
0.08841
-0.44089
-0.98583
-1.4135
-1.4391
-1.2135
-0.86094
-0.25168
0.5346
1.161
1.543
1.6154
1.21
0.58073
-0.17827
-0.55359
-0.8994
-1.2048
-1.3082
-1.2603
-1.0488
-0.72276
-0.5501
-0.71994
-1.0723
-1.357
-1.4995
-1.335
-0.8352
-0.22779
-0.49054
-0.9382
-0.96927
-0.82311
-0.90677
-1.0454
-1.2085
-1.303
-0.91835
-0.55361
-0.55224
-0.9468
-1.1925
-1.2789
-1.3066
-1.2431
-1.1043
-0.81459
-0.20481
0.84423
1.703
1.4454
0.53811
-0.18968
-0.71466
-1.117
-1.174
-1.2307
-1.189
-1.1631
-1.185
-1.1487
-0.77661
0.45432
1.0064
0.33013
-0.42832
-0.5914
-0.73696
-0.7976
-0.88337
-1.078
-1.2133
-1.2456
-1.1516
-1.0716
-1.0578
-0.99983
-1.0078
-0.9231
-0.60204
-0.47595
-0.70739
-0.96939
-1.1702
-1.1994
-1.2289
-1.1941
-1.1376
-1.1725
-0.93651
0
1.3168
1.4664
0.64718
0.7486
0.9565
1.0134
0.4143
-0.3485
-0.94559
-1.1784
-1.1203
-1.0349
-1.0014
-1.0755
-1.1956
-1.3469
-1.2016
-1.0262
-0.78864
-0.80485
-0.48269
0
0.30042
1.4312
0.98524
0.25376
-0.28991
-0.65977
-0.88013
-1.0245
-1.0327
-1.0796
-1.1099
-1.1519
-1.14
-1.1368
-1.135
-0.89505
-0.64768
-0.55675
-0.70298
-0.88827
-1.0662
-1.173
-1.1411
-1.1075
-1.1185
-1.158
-1.1892
-1.2337
-0.93666
-0.35555
-0.17884
-0.55181
-0.95826
-1.0044
-1.0836
-0.94461
-0.82046
-0.80281
-0.93255
-1.0564
-1.1151
-1.2034
-1.3063
-1.4475
-1.3557
-0.95625
0.024275
0.87252
0.26611
-0.55485
-1.0484
-1.2092
-1.3351
-1.3265
-1.2015
-1.084
-0.80301
-0.46811
-0.61804
-0.96817
-1.1989
-1.2537
-1.0647
-0.69314
-0.58576
-0.83534
-1.1157
-1.3345
-1.4282
-1.4588
-0.96531
0.034518
0.33607
-0.20473
-0.65798
-0.98825
-1.1308
-1.1885
-1.1712
-1.1685
-1.2263
-1.1883
-0.93742
-0.43553
0.11908
0.71881
1.1665
1.5697
1.5568
0.98246
0.022888
-0.91173
-1.3022
-1.1927
-0.99996
-0.91787
-0.92001
-0.96008
-1.0732
-1.1461
-1.3707
-1.4664
-1.0657
-0.40553
-0.063877
-0.46609
-0.9421
-1.4866
-1.4137
-1.0451
-0.69328
-0.72034
-1.1202
-1.5234
-1.4596
-0.65386
0.60437
1.0684
0.051449
-0.71769
-1.1114
-1.1379
-0.93826
-0.79737
-0.81039
-1.0116
-1.123
-1.176
-1.1769
-1.1364
-1.1543
-1.1818
-1.0193
-0.21123
0.50537
0.91239
1.0115
1.1759
1.4414
1.3406
0.89764
0.11429
-0.47196
-0.90394
-1.0436
-1.1432
-1.1642
-1.1023
-1.1227
-1.2525
-1.3024
-0.85079
-0.16188
0.75797
1.5003
1.6298
1.0713
0.43097
-0.17378
-0.76131
-1.0854
-1.2058
-1.2101
-1.1363
-1.0414
-0.9192
-0.94467
-1.026
-1.1688
-1.2742
-1.204
-0.91988
-0.42527
-0.63407
-0.8872
-1.2052
-1.2912
-1.2214
-1.0184
-0.86214
-0.86935
-0.89971
-0.93798
-1.3859
-1.671
-1.1259
0.038023
0.86936
0.19808
-0.46869
-0.93084
-1.0475
-0.97893
-1.0074
-1.0906
-1.1548
-1.1555
-1.147
-1.2521
-1.161
-0.96916
-0.44608
-0.22837
-0.41805
-0.84198
-1.1854
-1.2503
-1.2316
-1.1869
-1.191
-1.0736
-1.016
-0.87927
-0.33808
0.27414
0.88262
1.4362
1.7823
1.3762
0.60876
-0.14178
-0.78484
-1.027
-1.1476
-1.173
-1.2325
-1.1551
-1.1666
-1.2084
-0.88531
-0.11191
1.0481
1.8069
1.6202
0.86349
-0.084291
-0.94286
-0.94993
-0.5647
-0.70255
-0.94288
-1.1749
-1.2485
-1.2177
-1.0671
-0.90076
-1.1052
-1.2294
-1.1767
-0.85039
-0.90445
-0.58264
-0.65257
-1.2791
-1.6201
-1.0727
0.36516
1.0741
1.1079
-0.04278
-0.86424
-1.1306
-1.234
-1.3364
-1.5437
-1.1522
-0.57273
-0.11819
-0.85087
-0.22847
0.28142
1.1613
1.5679
0.79693
-0.2326
-1.2613
-1.7397
-1.5325
-1.0503
-0.22192
-0.21882
-0.83817
-1.6071
-1.6883
-1.3223
-0.47786
0.73474
0.64358
-0.085257
-0.81251
-1.3007
-1.6604
-1.555
-1.0933
-0.1937
0.89849
0.3216
-0.48731
-1.0828
0.37389
0.82172
0.31966
-0.36184
-0.92756
-1.2165
-1.3539
-1.3209
-1.1958
-1.0417
-1.062
-0.90058
-0.40974
0.11441
0
-0.33546
-0.6514
-0.92453
-1.1334
-1.211
-1.2384
-1.2513
-1.2013
-1.0267
-0.59617
0.32715
1.3618
1.6985
0.98436
0.14501
-0.6602
-1.1802
-1.0226
-0.85648
-0.83587
-0.9609
-1.1477
-1.3718
-1.439
-1.1203
-0.46379
0.42588
1.2148
1.6189
1.4304
0.90492
0.39961
-0.10606
-0.50794
-0.84789
-1.0736
-1.2882
-1.3437
-1.2243
-1.0252
-0.92268
-1.0661
-1.026
-0.5439
0.57712
1.5726
1.2462
0.2265
-0.57263
-0.90401
-0.93515
-0.92844
-0.96749
-1.025
-1.1238
-1.1703
-1.2214
-1.2424
-1.1956
-1.066
-0.71671
-0.23934
0.44674
0.11445
-0.57085
-0.67259
-0.71095
-0.80317
-0.96059
-1.0182
-1.1084
-1.2368
-1.3179
-1.2805
-1.1462
-1.1162
-0.76132
-0.57504
0.081743
0.70722
0.94446
0.26413
-0.27621
-0.63319
-0.96021
-1.2533
-1.4346
-1.3727
-1.1629
-0.91489
-0.77914
-1.1067
-1.4146
-1.1475
-0.21379
1.0366
0.95258
0.19855
-0.48406
-0.95243
-1.1731
-1.1754
-1.141
-1.0769
-1.0551
-1.1511
-1.3412
-1.2975
-0.6878
-0.27384
1.0759
1.2001
1.2661
0.70356
0.22394
-0.043869
-0.64552
-1.0372
-1.2076
-1.2102
-1.1758
-1.1134
-1.0622
-1.1207
-1.079
-0.88476
-0.72566
-0.73674
-0.86537
-0.85764
-0.87781
-0.73282
-0.76363
-0.87651
-1.0793
-1.1107
-1.1236
-1.1636
-1.1347
-1.095
-1.0322
-1.1553
-1.1626
-1.0573
-0.41011
0.67053
1.094
0.16377
-0.81121
-1.0937
-1.1789
-0.95325
-0.90809
-0.92268
-1.0286
-1.2312
-1.2521
-1.1493
-0.99126
-0.92895
-1.0088
-1.0521
-0.57358
-0.34457
-0.57593
-0.9232
-1.1931
-1.2504
-1.3294
-1.3054
-1.129
-0.75042
-0.46817
-0.36646
-0.65483
-0.95026
-0.99447
-0.91016
-0.8681
-0.92355
-1.0097
-1.0798
-1.1915
-1.1091
-0.98299
-0.99773
-1.2662
-1.4166
-0.90523
-0.43021
-0.23319
-0.67821
-1.0218
-1.2797
-1.1318
-0.93046
-0.98175
-1.2478
-1.4206
-1.2524
-0.55545
0.52323
1.58
1.4742
0.58685
-0.38251
-1.4724
-1.5828
-0.6433
-0.33025
-0.62562
-1.136
-1.2755
-1.1514
-1.089
-0.94381
-1.2918
-1.2406
-0.65497
0.43537
1.5425
1.6879
1.2421
0.69171
0.30206
0.085865
-0.24607
-0.80702
-1.1839
-1.3403
-1.3314
-1.2254
-1.1311
-0.97883
-0.70991
-0.15832
0.87258
1.834
1.6799
0.83509
0.14748
-0.46571
-0.59443
-0.74523
-1.1193
-1.4901
-1.5262
-1.0974
-0.80528
-0.43158
-0.75679
-1.1935
-1.4627
-0.91872
-0.36609
-0.4331
-0.82233
-1.0835
-1.2138
-1.2757
-1.209
-1.2008
-1.2822
-1.2005
-0.61498
0.43603
1.452
1.9442
0.95592
0.36289
0.19484
0.037639
-0.35035
-0.78911
-0.91752
-1.1341
-1.3091
-1.3964
-1.283
-1.0889
-0.90579
-0.099151
0.48059
0.075611
-1.2146
-1.5743
-0.96996
-0.38008
-0.34319
-0.85309
-1.2393
-1.4021
-1.2224
-1.1295
-1.1146
-1.1265
-0.66876
0.20829
1.404
1.5579
0.40741
-1.1484
-1.8937
-0.98485
0
1.2358
1.1064
-0.052989
-0.57759
-1.0356
-1.2894
-1.5537
-1.4315
-0.81767
-0.89609
-0.6404
-0.18502
0.57692
1.0252
1.3955
1.3572
0.54009
-0.022084
-0.54419
-0.93394
-1.2606
-1.3801
-1.4112
-1.2732
-0.94223
-0.28757
0.43753
1.239
1.8403
1.3615
0.33443
-0.55938
-0.64662
-0.51569
-0.64531
-0.61883
-0.83518
-1.1055
-1.3588
-1.3501
-1.1507
-0.82907
-0.63118
-0.99224
-1.2908
-1.0201
-0.5983
-0.45793
-0.73362
-1.0392
-1.2242
-1.2462
-1.1948
-1.0753
-1.1978
-1.2247
-0.74074
-0.31041
-0.28103
-0.6876
-0.91325
-1.153
-1.1474
-1.0034
-0.88589
-0.91774
-1.0371
-1.1706
-1.3349
-1.3727
-1.2307
-0.7172
0.041517
0.70723
0.4282
-0.51299
-1.259
-1.4631
-1.1056
-0.73099
-0.51944
-0.67204
-0.98295
-1.2091
-1.337
-1.3407
-1.1749
-0.70646
-0.36502
-0.64081
-1.0623
-1.2869
-1.2078
-0.95804
-0.74451
-0.82904
-1.0818
-1.2296
-1.1836
-1.0654
-1.0755
-1.0661
-1.1761
-1.0935
-0.93273
-0.41396
-0.35505
-0.65382
-0.77454
-0.91258
-1.0132
-1.091
-1.1235
-1.2015
-1.2642
-1.1819
-1.1405
-1.0291
-0.84606
-0.46701
-0.08804
-0.070509
-0.52727
-0.84769
-0.87738
-0.86602
-0.74416
-0.9474
-1.1079
-1.18
-1.1787
-1.1454
-1.1051
-0.99371
-1.0748
-1.0954
-1.0888
-0.91502
-0.78341
-0.76911
-0.83261
-1.044
-1.1344
-1.1214
-1.0825
-1.1567
-1.2331
-1.2149
-1.1049
-0.47355
0.51113
1.3828
1.0027
0.1931
-0.57744
-1.0512
-1.1687
-1.0341
-0.9455
-1.0277
-1.0833
-1.2232
-1.3492
-1.3451
-1.0266
-0.54337
-0.054916
0.1386
-0.39981
-0.72104
-0.83389
-0.88615
-0.96105
-1.0819
-1.1226
-1.1664
-1.2773
-1.3143
-1.1225
-0.64531
0.1556
1.3161
1.6386
1.1274
0.3243
-0.18658
-0.66135
-0.8937
-0.94929
-1.0015
-1.1326
-1.2404
-1.266
-1.2926
-1.1518
-0.79868
-0.13466
0.68834
1.3315
1.4727
0.70908
0.14327
-0.36024
-0.74912
-1.0173
-1.1479
-1.1768
-1.2421
-1.281
-1.2428
-0.96578
-0.36071
0.71739
1.7808
1.2638
0.38694
-0.21065
-0.477
-0.73884
-0.92613
-1.1191
-1.2489
-1.2848
-1.1956
-1.0402
-0.99959
-0.92778
-0.99298
-0.89839
-0.053848
1.0131
1.7787
1.4987
0.82694
0.054131
-0.4419
-0.75841
-0.9582
-1.1374
-1.2526
-1.2684
-1.3025
-1.2641
-0.95954
-0.12108
0.87924
0.37925
-0.3828
-1.1422
-1.1228
-0.78816
-0.62932
-0.72854
-0.91976
-1.0337
-1.1013
-1.0779
-1.0481
-1.0274
-1.2323
-1.4406
-1.3799
-0.73453
-0.079897
-0.066967
-0.46914
-0.85139
-0.9488
-1.0005
-1.0301
-1.1138
-1.1915
-1.241
-1.315
-1.2344
-0.79128
0.22424
0.80651
0.26581
-0.9013
-1.3996
-0.99906
-0.62011
-0.58851
-0.97247
-1.2739
-1.462
-1.4878
-1.2113
-0.6389
0.056686
-0.13622
-0.33134
-0.61161
-0.94559
-1.1769
-1.3106
-1.1445
-1.0299
-0.70089
-0.8712
-1.095
-0.97445
-0.82607
-0.84458
-1.1718
-1.3363
-1.3943
-1.1355
-0.70394
-0.60717
-1.0584
-1.4354
-1.0638
-0.64298
-0.52732
-0.82788
-1.0808
-1.3641
-1.3576
-1.1268
-0.91237
-0.65695
-0.85636
-0.94631
-1.0888
-0.97557
-0.95875
-1.0046
-1.0879
-1.1252
-0.88427
-0.87854
-1.0056
-1.187
-1.3597
-1.2287
-0.87051
-0.43869
-0.70026
-1.0993
-1.3083
-1.4271
-1.4331
-0.71395
0.35826
0.83953
0.29869
-0.33327
-0.87879
-1.1594
-1.1596
-1.205
-1.3599
-1.2634
-0.73309
0.18845
1.002
1.5597
1.5338
1.18
0.5463
-0.21871
-1.0685
-1.4065
-1.0836
-0.91859
-0.94944
-1.2262
-1.1252
-1.2032
-1.3014
-0.6364
-0.36507
-0.29418
-0.67016
-0.93296
-1.1583
-1.2385
-1.1654
-1.2248
-1.2737
-1.029
-0.476
0.20387
0.84124
1.4551
1.6392
1.1453
0.32339
-0.42591
-0.97585
-0.99469
-0.89831
-0.96207
-1.1657
-1.3413
-1.3705
-1.2135
-0.66864
0.14415
0.93009
1.3785
1.4569
1.187
0.47661
-0.34672
-0.84966
-0.99831
-1.0081
-0.99177
-1.0389
-1.1654
-1.295
-1.3721
-1.1613
-0.6978
0.36246
0.91003
0.28596
-0.46885
-0.89583
-1.0458
-1.0984
-1.0299
-1.0327
-1.0978
-1.2065
-1.3073
-1.2476
-0.94755
-0.17917
0.84994
1.6385
1.0994
0.4525
-0.36412
-0.89573
-1.0252
-1.0753
-1.1117
-1.1404
-1.0857
-1.0623
-1.0552
-0.9525
-1.018
-1.1532
-1.2891
-1.2503
-1.2356
-0.62305
0
0.20103
-0.39143
-0.86808
-1.0838
-1.2074
-1.1931
-1.0793
-1.0017
-1.1289
-1.3261
-1.2138
-0.90139
0.10375
1.4216
1.3191
0.22978
-0.51187
-0.80828
-1.1077
-1.1883
-1.1479
-1.0316
-0.90661
-0.85422
-0.92049
-1.1261
-1.1593
-0.98987
-0.89379
-0.97457
-1.0179
-1.0498
-1.0505
-1.0216
-0.99711
-0.99309
-1.1127
-1.1237
-1.2226
-1.2348
-1.1318
-0.91924
-0.77606
-0.79288
-0.61617
-0.70102
-0.86191
-0.92047
-0.94997
-0.97686
-0.9932
-0.99033
-1.0409
-1.1483
-1.2676
-1.1713
-1.078
-0.85682
-0.67622
-0.83996
-1.0401
-0.79453
-0.59876
-0.8216
-1.0533
-1.2162
-1.2088
-1.0825
-0.98562
-0.89386
-1.0246
-1.0865
-0.97663
-0.84704
-0.82605
-0.95789
-1.0563
-1.1955
-1.1413
-1.0282
-0.94116
-0.9954
-0.9467
-0.88766
-0.97568
-0.9962
-1.0257
-1.0557
-1.1619
-1.1562
-1.0602
-0.94087
-0.80745
-0.80135
-0.88476
-0.95286
-0.82982
-0.98585
-1.1138
-1.1615
-1.1529
-1.1555
-1.2851
-1.061
-1.1614
-0.78013
-0.14999
0.19476
-0.35271
-0.78526
-0.95373
-1.2031
-1.3662
-1.4268
-1.0615
-0.80122
-0.38927
-0.62539
-1.1006
-1.7803
-1.7853
-0.83832
-0.070418
-0.33332
-0.82488
-0.77643
-0.63752
-0.68444
-0.8395
-1.0638
-1.0892
-1.0151
-0.96696
-1.0564
-1.071
-1.006
-1.0805
-1.0472
-0.97574
-0.91356
-0.99521
-0.98028
-0.88352
-0.93147
-1.0117
-1.1053
-1.1863
-1.2798
-1.305
-1.0877
-0.85307
0.11635
1.064
1.3652
0.27882
-0.28417
-0.68521
-1.1105
-1.2806
-1.3477
-1.2155
-0.94378
-0.65697
-0.65804
-1.0743
-1.2988
-1.448
-1.2417
-1.0505
-0.3912
-0.19783
-0.65656
-1.258
-1.5943
-1.587
-1.2996
-0.22592
0.50048
0.15235
-0.88577
-1.4084
-1.2248
-0.90425
-0.57234
-0.66105
-1.1004
-1.402
-1.333
-1.0419
-0.65651
-0.51547
-0.63376
-0.9661
-1.0858
-1.0756
-1.1683
-1.2486
-1.2523
-1.0743
-0.804
-0.59408
-0.69416
-1.1266
-1.3425
-1.3083
-1.0539
-0.83123
-0.79864
-0.82381
-1.0662
-1.1632
-1.1162
-1.0181
-1.0504
-1.0356
-1.1974
-1.416
-1.3847
-0.85119
-0.0439
-0.22678
-0.57097
-0.94628
-1.266
-1.3991
-1.2897
-0.92688
-0.82011
-0.69424
-1.0102
-1.2888
-1.4067
-0.92604
-0.65842
-0.64575
-0.62447
-1.0649
-1.3621
-1.4404
-1.2729
-0.85469
-0.2179
1.1224
1.6689
1.0836
0.15263
-0.52337
-1.1789
-1.3868
-1.2837
-1.0214
-0.82858
-0.65892
-0.6964
-1.018
-1.3333
-1.5305
-1.3355
-0.98877
-0.27008
0.93768
0.45298
0
-0.43669
-0.70162
-0.95953
-1.1123
-1.1915
-1.3115
-1.3779
-1.248
-0.88098
-0.35867
0.17562
0.41473
0.68934
1.0532
1.5027
1.5563
1.0114
0.32033
-0.43628
-0.93477
-1.1284
-1.0942
-1.0981
-1.1171
-1.0494
-0.95386
-0.92605
-0.92211
-1.0217
-1.1895
-1.3493
-1.0444
-0.67795
-0.52217
-0.65082
-0.89589
-1.0666
-1.2039
-1.1455
-1.111
-1.0348
-0.90796
-0.76271
-0.77071
-0.94595
-1.0616
-1.1448
-1.1595
-1.0351
-0.84963
-0.81328
-0.94576
-1.1371
-1.3025
-1.2496
-0.97224
-0.67371
-0.79797
-1.0821
-1.1588
-0.99785
-0.7931
-0.79791
-0.83392
-1.0462
-1.1622
-1.209
-1.1742
-1.1359
-1.0405
-0.90676
-0.92175
-0.96839
-0.93614
-1.0806
-1.488
-1.5513
-0.61782
0.21437
0.75976
0.14808
-0.44918
-0.86457
-0.99767
-1.1418
-1.2428
-1.2535
-1.1234
-1.0092
-1.0134
-1.253
-1.0769
-0.54215
0.54612
0.75207
0.029142
-0.72729
-1.0819
-1.1772
-1.1202
-1.0723
-1.0779
-1.2858
-1.3376
-0.66813
0.14163
1.0515
1.6641
1.8425
1.1884
0.16278
-0.40408
-0.50438
-0.47481
-0.71666
-1.0511
-1.3785
-1.5948
-1.4631
-1.066
-0.32861
0.58061
1.747
1.464
0.6681
-0.10555
-0.89716
-0.91284
-0.77349
-0.67113
-1.0552
-1.423
-1.5004
-0.97781
-0.19376
0.70947
1.5552
1.5981
1.2049
0.59122
-0.14743
-0.7406
-1.0058
-1.0639
-1.1895
-1.2283
-1.2019
-1.1048
-1.1382
-1.219
-0.99027
-0.53301
-0.089611
0
-0.24516
-0.6023
-0.81276
-1.083
-1.283
-1.2882
-1.1933
-1.133
-1.2982
-0.92275
-0.41795
-0.072852
-0.34292
-0.48421
-0.73118
-0.83148
-0.88446
-0.97561
-1.0474
-1.0739
-1.0383
-1.0798
-1.1959
-1.2431
-1.2619
-0.94736
-0.54351
-0.32967
-0.72646
-0.93983
-0.97613
-0.95761
-1.0125
-1.0465
-1.039
-1.1429
-1.1485
-1.0784
-0.97268
-1.0042
-1.0855
-0.95192
-0.89231
-0.72693
-0.89419
-1.0983
-1.2319
-1.2323
-0.92768
-0.76739
-0.71225
-0.88438
-1.2225
-1.568
-1.4879
-1.0852
-0.28272
0.41692
0.34947
-0.26423
-0.80781
-1.1143
-1.1712
-1.1832
-1.0603
-0.85141
-0.79641
-0.93855
-0.99298
-1.0356
-1.0854
-1.0898
-1.0925
-1.0784
-1.1997
-1.1086
-0.99152
-0.80038
-0.51019
-0.52712
-0.73101
-1.0345
-1.0851
-1.1474
-1.1286
-1.058
-0.98367
-0.99634
-1.1036
-1.17
-1.2137
-1.1857
-0.97
-0.56887
-0.79361
-0.89933
-0.62579
-0.55441
-0.69339
-1.0152
-1.1795
-1.1894
-1.0858
-0.97918
-1.0146
-1.158
-1.263
-1.1649
-1.0597
-0.27751
0.78786
1.7419
0.9994
0.065949
-0.60766
-1.0657
-1.0673
-1.0098
-1.0399
-1.2515
-1.3675
-1.3087
-1.1357
-0.58356
0.12585
0.23138
-0.44684
-0.63474
-0.66894
-0.8464
-0.97879
-1.0428
-1.1219
-1.181
-1.0725
-1.0587
-1.1618
-1.3332
-1.3915
-1.1055
-0.66143
0.32738
0.16783
-0.58597
-0.82687
-0.8995
-0.99422
-1.1906
-1.295
-1.4173
-1.3341
-1.0424
-0.25502
0.57322
0.2156
-0.34028
-1.122
-1.5672
-1.5377
-1.0336
-0.72416
-0.54393
-0.54176
-0.86973
-1.063
-1.1434
-1.0685
-1.0362
-0.89647
-0.77055
-0.82277
-0.91217
-1.0525
-1.0522
-1.087
-1.011
-0.9654
-1.0453
-1.2277
-1.4264
-1.2836
-1.0222
-0.15981
0.51164
0.23124
-0.64369
-0.76696
-0.74008
-0.7847
-0.91225
-1.0949
-1.2469
-1.3396
-1.1757
-0.91946
-0.80659
-0.83471
-0.9554
-1.0207
-1.1334
-0.84453
-0.6886
-0.67195
-0.76909
-0.97087
-1.1818
-1.3487
-1.3585
-1.2504
-1.0206
-0.62958
-0.3182
-0.47891
-0.66505
-0.57162
-0.6148
-0.74177
-0.83479
-0.91351
-1.1959
-1.4129
-1.3014
-0.92995
-0.58667
-0.59984
-0.85646
-1.3176
-1.5164
-1.3873
-1.0424
-0.653
-0.39724
-0.35659
-0.8732
-0.88217
-0.82651
-0.79033
-0.91723
-1.0712
-1.1584
-1.3288
-1.3649
-1.2332
-0.86565
-0.42307
-0.22744
-0.38205
-1.1446
-1.4374
-1.316
-0.96174
-0.55953
-0.58788
-0.82408
-1.1359
-1.1822
-1.0285
-0.90833
-1.0232
-1.072
-1.2248
-1.2713
-1.0517
-0.84508
-0.79921
-1.2509
-1.107
-0.43354
0.35972
1.4018
1.853
1.3375
0.278
-0.45865
-1.4124
-1.5721
-1.3303
-1.0261
-0.76722
-0.62679
0.83757
1.5681
1.1877
0.22643
-0.31734
-1.0879
-1.1992
-0.90352
-0.737
-0.81978
-1.0513
-1.1731
-1.2923
-1.1218
-0.8807
-1.0491
-1.3066
-1.5367
-0.4731
-0.032703
-0.26751
-0.72568
-1.1469
-1.3386
-1.2797
-1.0806
-1.037
-1.028
-0.98836
-0.94491
-1.0711
-1.0902
-1.049
-1.1717
-1.094
-0.76579
-0.4596
-0.58586
-0.87243
-1.1084
-1.2987
-1.3075
-1.1828
-1.0087
-1.085
-1.0459
-0.97336
-0.91157
-0.81544
-0.79388
-0.91056
-1.0465
-0.75791
-0.60749
-0.6955
-0.94437
-1.1959
-1.3071
-1.2821
-1.0409
-0.91239
-0.98336
-1.1509
-1.3289
-0.97729
-0.72408
-0.32471
-0.53948
-0.78681
-0.87392
-0.84981
-0.98388
-1.1299
-1.1679
-1.1266
-1.0086
-0.93428
-0.93344
-1.1439
-1.2741
-1.0424
-0.74678
-0.72615
-0.86955
-1.0458
-1.2429
-1.1304
-0.89004
-1.0124
-1.0359
-1.0404
-1.1688
-1.1416
-1.0465
-0.83101
-0.47759
-0.54155
-0.83336
-1.2285
-1.3549
-1.2999
-1.1671
-0.84887
-0.73662
-0.73852
-1.0839
-0.98601
-0.92147
-0.96725
-1.0002
-1.0372
-1.0399
-1.0911
-0.95597
-0.88809
-1.0983
-1.1403
-1.1439
-1.0843
-0.93424
-0.88008
-0.93197
-1.0928
-1.2162
-0.75942
-0.64505
-0.87952
-1.2678
-1.4171
-0.87276
0.12176
1.224
1.74
1.4281
0.98898
0.39485
-0.25981
-0.72616
-0.92936
-1.078
-1.129
-1.1862
-1.2763
-1.3292
-1.0203
-0.29243
0.4434
1.1798
1.3841
1.2266
1.0492
1.0206
1.3094
0.96657
0.46211
-0.36739
-0.9783
-1.2486
-1.3054
-1.122
-1.2549
-1.0904
-0.42861
0.51122
1.252
1.7911
1.3941
0.49306
-0.35299
-0.506
-0.59581
-0.73323
-0.91022
-1.094
-1.2222
-1.2945
-1.3469
-1.1999
-0.88541
0.051907
1.2147
1.4303
0.36344
-0.47886
-1.2173
-1.4736
-1.014
-0.71349
-0.73202
-1.0957
-1.4097
-1.5275
-1.1795
-0.33545
0.41645
0.92355
0.93603
1.0956
1.2615
1.3525
1.0878
0.3434
-0.52632
-1.1974
-1.3647
-1.3874
-1.3722
-1.1999
-0.85079
-0.20364
0.51074
1.261
1.1749
0.801
0.33555
-0.11126
-0.65127
-1.0174
-1.355
-1.8911
-1.9859
-1.6415
-0.89517
-0.32493
-0.065356
0.22863
0.5207
0.74327
0.70498
0.4769
0.15806
0.2838
0.063146
-0.72975
-1.7593
-2.1013
-1.9312
-1.5263
-0.94242
-0.75142
-0.79719
-0.9491
-0.53389
-0.071853
0.25254
0.61135
0.142
-0.38109
-0.53426
-0.3179
-0.17962
-0.81071
-1.4804
-2.1206
-2.0172
-1.4472
-0.59428
-0.22718
-0.31184
-0.55939
-0.90173
-1.1352
-1.2452
-1.2798
-1.2448
-1.2966
-1.1179
-0.90858
-0.69214
-0.55417
-0.32065
-0.50527
-0.57274
-0.75358
-0.83845
-0.88335
-0.7667
-0.55919
-0.54302
-0.61578
-0.63078
-0.75612
-1.0088
-1.2477
-1.3821
-1.5766
-1.6688
-1.7184
-1.575
-1.2314
-0.57597
0.30062
0.76034
0.85222
0.38211
-0.2652
-0.82565
-1.0785
-1.0555
-1.1079
-1.1867
-1.2103
-1.2285
-1.4158
-1.3789
-1.3281
-1.0246
-0.47706
0.26623
0.86787
0.90867
0.5408
-0.1895
-0.92977
-1.4749
-1.6811
-1.7533
-1.6095
-1.2148
-0.88272
-0.59876
-0.56339
-0.59466
-0.72891
-0.8209
-0.73401
-0.76331
-1.0922
-1.5696
-1.7311
-1.6043
-1.2452
-0.8572
-0.7982
-1.0089
-1.1946
-0.97904
-0.76306
-0.52934
-0.53451
-0.80727
-1.0959
-1.2342
-1.1316
-1.1621
-1.2175
-1.3131
-1.248
-0.9311
-0.46258
-0.062832
-0.0594
-0.32171
-0.67071
-1.0263
-1.2575
-1.4405
-1.5222
-1.6091
-1.532
-1.3665
-1.2008
-1.0681
-0.89615
-0.76008
-0.77411
-0.91162
-1.0572
-1.1616
-1.1886
-1.0863
-1.0693
-1.2229
-1.5113
-1.6707
-1.6188
-1.3781
-0.96961
-0.72472
-0.70838
-0.76528
-0.75621
-0.74796
-0.7983
-0.74599
-0.89849
-1.0347
-1.0793
-1.0755
-1.09
-1.1432
-1.1314
-1.1393
-1.1394
-1.0752
-1.0247
-1.0354
-1.0724
-1.0327
-0.95616
-0.92664
-0.9279
-1.0017
-1.2284
-1.3701
-1.2443
-0.77942
-0.47421
-0.65357
-0.93761
-1.1765
-1.1463
-0.99604
-1.048
-1.1376
-1.0849
-0.80481
-0.68997
-0.78746
-1.0112
-1.2729
-1.3953
-1.3227
-1.1354
-0.93961
-0.57034
0
-0.09409
-0.67592
-0.9744
-0.91648
-0.79448
-0.83565
-0.90466
-1.0292
-1.1736
-1.12
-1.1278
-1.1
-1.1004
-0.97111
-0.87062
-0.9554
-0.92394
-1.0424
-0.95721
-0.85013
-0.75563
-0.77632
-0.92934
-1.0286
-1.1492
-1.2401
-1.3276
-1.2737
-1.1027
-0.63428
0.36985
0.46216
-0.63617
-1.6436
-1.6449
-0.77029
-0.2607
-0.30086
-0.7273
-1.0441
-1.2348
-1.2358
-1.2552
-1.168
-1.0381
-0.81897
-0.78231
-0.81741
-0.65883
-0.92096
-0.92812
-0.79357
-0.7824
-0.83178
-0.95929
-1.063
-1.2025
-1.226
-1.1378
-1.0143
-0.96881
-1.0113
-0.96562
-0.96496
-0.90888
-0.92228
-0.9779
-1.0591
-0.9982
-0.88292
-0.9237
-0.9196
-0.99275
-1.0898
-1.2905
-1.317
-1.2943
-0.98536
-0.51798
-0.2019
-0.64695
-1.244
-1.1439
-0.83114
-0.62393
-0.62948
-0.73429
-0.93577
-1.1695
-1.3021
-1.3804
-1.2638
-0.98988
-0.54568
-0.35897
-0.82027
-1.2122
-1.5376
-1.4774
-0.90433
0.40951
0.74176
0.18614
-0.43695
-0.96065
-1.2738
-1.3794
-1.4187
-1.2156
-0.70546
0
0.81411
1.3204
1.4567
1.484
1.0364
0.51343
-0.084092
-0.54139
-0.93331
-1.2001
-1.3122
-1.3604
-1.297
-1.1095
-0.74396
-0.31754
0.45731
1.3421
1.539
1.0354
0.31985
-0.41702
-0.98258
-1.1522
-1.2064
-1.2579
-1.2914
-1.25
-1.1742
-1.1155
-0.78502
-0.26981
0.65042
1.4858
1.3134
0.52041
-0.31223
-0.82002
-1.0646
-1.1404
-1.1693
-1.151
-1.1904
-1.2116
-1.136
-1.0416
-0.90624
-0.41151
-0.026966
-0.37204
-0.77737
-1.0853
-1.2607
-1.2586
-1.1123
-0.93135
-0.92125
-1.1775
-1.3789
-1.1347
-0.46869
0.63109
1.4801
0.77776
-0.11798
-0.78326
-1.0629
-1.1168
-1.1399
-1.1408
-1.1752
-1.1294
-1.0105
-0.96934
-1.0127
-1.1112
-1.1033
-1.5303
-1.0733
-0.1037
0.12202
-0.33626
-0.79681
-1.0616
-1.1735
-1.2962
-1.3183
-1.2213
-0.99202
-0.53517
-0.3418
-0.48886
-0.75302
-0.96628
-1.1634
-1.2771
-1.1383
-0.94911
-0.88805
-0.96453
-1.1499
-1.3146
-1.408
-1.154
-0.68049
0.058574
0.75824
0.77471
0.090566
-0.6996
-1.1957
-1.4476
-1.4628
-1.2918
-1.0122
-0.54889
-0.067126
0.71185
0.62765
0.75331
1.2192
1.6523
1.0267
0.23435
-0.47263
-1.0202
-1.3711
-1.418
-1.2161
-1.1252
-0.72554
-0.15858
0.52531
1.0093
1.2864
1.623
1.377
0.85487
0.049024
-0.79978
-1.4655
-1.4573
-1.2426
-1.1624
-0.77653
-0.12334
0.52357
0.91305
1.3259
1.6949
1.3536
0.79431
0.15864
-0.27988
-0.78272
-1.1236
-1.5372
-1.5579
-1.1447
-0.31362
0.46546
0.72009
0.98264
1.2753
1.4875
1.4459
1.0354
0.26138
-0.33213
-0.49772
-0.84375
-1.1417
-1.4461
-1.5037
-1.3143
-0.92046
-0.12688
-0.12296
-0.98497
-2.1303
-1.1709
-0.31645
0.9419
0.94684
0.16579
-0.48748
-1.0001
-1.1477
-1.3616
-1.4805
-1.2746
-0.84855
-0.20134
0.65128
1.6351
1.6549
1.2156
0.55198
-0.18703
-0.86518
-1.0579
-1.0784
-1.2026
-1.0876
-1.038
-1.0838
-1.1995
-1.0903
-0.60873
-0.61014
-0.91031
-0.88457
-0.77125
-0.75229
-0.89124
-1.0926
-1.2943
-1.434
-1.3391
-0.9485
-0.36737
0.71775
1.7036
1.5908
0.59529
0.25936
0.63794
0.64699
0.35602
-0.37003
-0.94751
-1.332
-1.3557
-1.3133
-1.2286
-1.0197
-0.81717
-0.59167
-0.27135
0.38747
1.0824
0.80496
0.97528
0.057915
-0.55417
-0.83184
-0.94613
-1.1403
-1.4194
-1.3415
-0.81136
0.089617
0.82394
1.2461
1.1307
0.98444
0.94739
1.059
1.2524
1.2721
0.97778
0.11028
-0.64591
-1.1396
-1.3087
-1.3059
-1.2321
-1.0284
-1.047
-0.90896
-0.42727
0.29461
0.93416
1.4288
1.5605
1.1712
0.4422
-0.30254
-0.79119
-1.0404
-1.1252
-1.1849
-1.2633
-1.2818
-1.1692
-0.85801
-0.27215
0.63229
1.3015
1.5992
1.2865
0.71633
0
-0.62847
-0.99224
-1.2018
-1.2948
-1.3357
-1.2936
-1.11
-0.68294
0.46152
0.79031
-0.032072
-0.77985
-0.82015
-0.86606
-0.97432
-0.95025
-1.0345
-1.1261
-1.2081
-1.3126
-1.255
-0.80166
0.26496
1.3742
1.3366
0.32357
-0.48436
-1.0027
-1.0494
-0.98053
-0.94061
-0.97531
-0.99496
-1.0602
-1.2694
-1.4318
-1.2965
-0.7938
-0.31343
-0.3387
-0.81819
-1.2958
-1.2449
-0.95999
-0.74133
-0.73861
-0.95267
-1.1794
-1.3847
-1.3324
-1.0331
-0.62724
-0.5292
-0.66666
-0.84401
-0.97553
-1.0464
-1.1279
-1.1755
-1.185
-1.0647
-0.96176
-0.97153
-1.0442
-1.0927
-1.1067
-1.2
-0.79114
-0.63746
-0.6891
-0.85538
-1.169
-1.3796
-1.4464
-0.96259
-0.43927
-0.42019
-0.70305
-1.023
-1.2849
-1.342
-1.186
-1.0897
-1.0415
-1.0801
-1.0386
-1.027
-0.96064
-0.78047
-0.67411
-0.78591
-0.88282
-0.95687
-1.0885
-1.1669
-1.1561
-1.126
-1.1027
-1.0746
-1.0253
-1.0415
-0.92867
-0.84846
-0.83051
-0.90869
-0.95156
-0.94795
-1.0953
-1.1177
-1.0763
-0.93507
-0.83517
-0.85128
-1.0028
-1.286
-1.4817
-1.3854
-0.966
-0.30386
0.46052
0.062878
-0.56255
-0.85091
-0.97811
-1.0366
-1.0821
-1.0942
-1.1196
-1.1611
-1.24
-1.225
-1.044
-0.81564
-0.24466
-0.27348
-0.65308
-0.9447
-1.1426
-1.2322
-1.1858
-0.9669
-0.86684
-0.94033
-1.1253
-1.2347
-1.3076
-0.97976
-0.48391
-0.37668
-0.67876
-1.0678
-1.2233
-1.2526
-1.1751
-1.0532
-0.95935
-0.86271
-0.79444
-0.75402
-0.90248
-1.0384
-1.1214
-1.1033
-1.0024
-0.87642
-0.8071
-1.0203
-1.2221
-1.3424
-1.2922
-1.0568
-0.62303
-0.30724
-0.65989
-1.0631
-1.1995
-1.0841
-0.98822
-0.98369
-1.146
-1.3061
-1.2352
-0.97707
-0.75306
-1.115
-1.4071
-1.2481
-0.20233
-0.063214
-0.25513
-0.65513
-0.99386
-1.0989
-1.1148
-1.1191
-1.084
-1.138
-1.3087
-1.2931
-0.69571
0.24187
1.5465
1.3542
0.39879
-0.32432
-0.77524
-0.86849
-1.0184
-1.1606
-1.2646
-1.2704
-1.2807
-1.1545
-0.74035
-0.12325
0.60529
1.226
1.666
1.2797
0.54393
-0.098516
-0.69071
-0.96655
-1.026
-1.0179
-1.1455
-1.2635
-1.3673
-1.2101
-0.75077
0.01448
1.1543
1.805
1.3735
0.56239
-0.24997
-0.93144
-1.2272
-1.1972
-1.1611
-1.0137
-0.94206
-0.95252
-1.2983
-1.4521
-1.1157
-0.49573
0.36638
1.1008
1.2672
1.0954
1.2294
1.2456
0.71349
0.10846
-0.53268
-1.0614
-1.4419
-1.4286
-1.3209
-1.1575
-0.91469
-0.792
-0.686
-0.8577
-0.62912
-0.65303
-0.57269
-0.5159
-0.56257
-0.75862
-1.0036
-1.2239
-1.3947
-1.3544
-1.0853
-0.69977
-0.61515
-0.94108
-1.2436
-1.2111
-0.92362
-0.69336
-0.65248
-0.831
-0.96597
-1.0768
-1.2541
-1.4585
-1.3708
-0.77591
0.20814
1.3684
1.1631
0.072028
-1.0126
-1.5857
-1.1925
-0.7144
-0.52444
-0.65821
-0.9732
-1.2572
-1.3239
-1.229
-1.1161
-0.9625
-0.86946
-1.0166
-1.0877
-0.76981
-0.40571
-0.5765
-0.75034
-0.87449
-0.91691
-1.0048
-1.0248
-1.1187
-1.1971
-1.1816
-0.99621
-0.8466
-0.89391
-1.0793
-1.424
-1.5521
-1.0231
-0.15865
0.040366
-0.75023
-1.3054
-1.6547
-1.5739
-1.1856
-0.43746
0.20324
-0.10284
-0.43096
-0.71526
-0.81844
-0.8658
-0.92538
-0.94905
-1.0607
-1.2434
-1.4111
-1.3839
-0.87562
-0.2728
-0.42671
-0.56511
-0.77226
-1.1074
-1.5547
-1.7127
-1.1626
-0.15851
0.57096
0.05662
-0.75612
-1.5559
-1.8135
-1.4009
-0.80092
0.13161
0.42919
-0.64942
-1.8908
-1.8267
-0.66507
0.10835
1.0725
1.1849
0.57756
-0.20145
-0.72634
-1.1008
-1.3936
-1.3733
-1.1237
-0.76697
-0.8605
-1.1711
-1.3257
-0.81711
0.096672
1.1102
1.7301
1.4493
0.96602
0.23239
-0.40428
-0.81404
-1.034
-1.2133
-1.3768
-1.3191
-1.2122
-0.89776
-0.2689
0.73796
1.4256
1.1851
0.80783
0.86832
1.1591
0.84921
0.18715
-0.57194
-1.2076
-1.4125
-1.4232
-1.3497
-1.1374
-0.58434
-0.22757
0
0.25474
0.7041
1.3584
1.1973
0.63254
-0.25419
-0.95413
-1.3053
-1.3071
-1.2438
-1.1772
-1.1465
-1.1826
-1.1844
-0.7787
-0.40046
-0.44648
-0.098816
1.059
0.77631
0.11621
-0.51835
-0.85838
-1.0815
-1.2083
-1.3228
-1.4309
-1.3379
-0.79656
0.08964
0.87094
1.4177
1.5295
1.2358
0.72739
-0.027458
-0.74967
-1.2239
-1.3014
-1.36
-1.3368
-1.1902
-0.69352
0.10689
0.71707
1.1622
1.1663
1.1548
1.0671
0.8247
-0.85602
