-1.4327
-1.4248
-0.99892
-0.87467
-0.80449
-1.0537
-1.4524
-1.7281
-1.0047
-0.18743
0.29063
0.33281
0.32702
0.57755
1.0587
2.0016
2.3734
1.9336
0.93133
0.10813
-0.21021
0.19819
1.7683
2.4069
1.3399
0.037779
-0.66988
-1.1245
-1.2611
-0.89143
-0.76056
-0.89045
-1.1226
-0.99262
-0.75084
0.11573
1.4425
2.1734
2.1496
0.99408
-0.1714
-0.93278
-0.57401
0.20021
0.62573
0.11124
-1.1023
-2.2137
-2.692
-2.0457
-0.8201
-0.053832
-0.028126
0.032822
0.94324
1.601
1.7873
1.4265
0.7305
0.077161
-0.63472
-1.0555
-1.3944
-1.4247
-1.2872
-1.2732
-1.3783
-1.1713
-0.93608
-0.82876
-0.65502
-0.31714
0.25814
0.30128
0.099522
-0.60782
-1.3627
-1.9111
-1.8965
-1.5194
-1.2129
-0.80087
-0.73639
-0.6893
-0.60214
-0.66738
-0.71501
-0.20428
1.2512
1.9223
1.1252
0.09578
-0.38639
-0.55314
-0.55086
-0.71502
-1.1591
-1.6237
-1.8287
-1.6585
-0.93962
0.054211
0.85314
0.93903
0.2933
-0.72372
-1.2759
-1.377
-1.0951
-0.80869
-0.88022
-1.1871
-1.444
-1.2872
-0.73376
0.28643
1.4654
2.2244
1.8626
0.80852
0.1402
0.11777
0.11674
0.28381
0.27058
-0.38749
-1.4859
-2.209
-2.3924
-1.6393
-0.48295
0.47871
0.76447
0.034873
-1.4016
-1.7606
-1.4185
-0.63274
-0.033378
-0.17941
-1.4474
-2.4901
-2.2193
-1.1954
-0.28012
-0.038964
-0.67706
-2.1753
-2.0697
-1.1684
-0.21609
0.14683
0.19967
-0.49276
-1.8308
-2.3654
-2.2471
-1.3057
-0.12134
0.84218
0.80195
-0.02796
-0.2076
0.019218
0.72571
1.6424
2.314
2.2221
1.5981
0.74093
0.0886
-0.29273
-0.49155
-0.66043
-1.3344
-1.7618
-1.7335
-1.3099
-0.85956
-0.61143
-0.67553
-1.295
-1.8528
-1.2403
-0.43373
0.065879
0
-0.647
-2.0091
-2.2581
-1.572
-0.18479
0.75655
1.1122
0.91477
0.40617
0.27929
0.77165
1.5347
1.7731
1.3948
0.73799
0.34657
0.48116
1.188
1.8934
1.9952
1.6129
0.69282
-0.29046
-0.92262
-0.99816
-0.53845
-0.38379
-0.60197
-1.2734
-1.9082
-1.9491
-1.2143
-0.50194
-0.16929
0.226
0.63741
1.2264
1.6236
1.8002
1.4354
0.59628
-0.36686
-0.97819
-0.94835
-0.67297
-0.49915
-0.92082
-1.4299
-1.6644
-1.4285
-0.68847
0.35103
1.4727
1.8127
1.3178
0.49909
0.12692
0.34575
1.1786
1.9654
1.8247
0.99746
-0.1018
-1.0654
-1.5089
-1.2887
-0.11775
0.86
1.6561
1.7559
0.81644
-0.42268
-0.94969
-0.45647
0.73131
2.069
2.2766
1.2901
-0.20435
-0.51666
-0.19163
0.76005
1.9021
1.8796
1.0327
0.16641
0.043068
0.24935
0.8202
1.5922
2.0981
2.0192
1.3585
0.80029
0.3187
0.36994
0.96292
1.6633
1.2849
-0.1674
-1.3327
-1.979
-1.5699
-0.10424
0.8009
0.3811
-0.098475
0.10144
0.81064
1.7812
2.0122
1.6893
0.55618
-0.65142
-1.4905
-1.4673
-0.45151
0.80702
0.96509
-0.11988
-0.68961
-0.50449
0.088126
0.99927
1.7027
2.0708
1.676
1.1332
0.82735
0.77292
0.84159
0.75069
0.069261
-1.1346
-2.1718
-2.0534
-0.81179
-0.053838
0.45776
-0.52281
-1.8923
-1.1045
0.12309
0.50213
0.12006
-0.37404
-1.1897
-1.7185
-1.8312
-1.4372
-1.02
-0.87043
-0.79168
-0.9167
-0.64829
0.079606
1.1649
2.0113
2.0797
1.6858
0.88843
0.27744
-0.12512
-0.44145
-1.0076
-1.1061
-0.70184
-0.13485
0.47817
1.1375
1.6775
1.7208
1.4981
1.2166
0.93017
0.87267
0.87305
0.87676
-0.028928
-1.0314
-1.5642
-1.0795
-0.26689
0.65594
1.2064
1.0298
0.70852
0.68877
1.2161
1.8978
2.0876
1.3173
0.13314
-0.31895
-0.091005
0.80785
1.5148
1.6478
1.2311
0.60549
0.46758
0.79189
1.429
2.0157
1.9454
1.1523
0.01783
-0.84375
-0.83454
-0.5094
-0.33574
-0.5524
-1.2905
-1.8854
-1.8728
-1.1387
-0.18998
0.57963
1.0228
1.0632
0.98853
1.0466
1.4342
1.7065
1.5765
1.107
0.26721
-0.4814
-0.98791
-1.125
-1.1279
-1.0184
-0.79991
-0.23618
0.64923
1.3823
1.7619
1.3052
0.81453
0.62654
0.86451
1.1924
1.3577
1.1891
0.68876
0.43725
0.62943
1.1037
1.4927
1.5303
1.346
1.0231
0.91917
0.95424
1.0074
0.85237
0.81878
1.0156
1.0378
1.0999
1.1005
1.1432
0.82102
0.19027
-0.69602
-1.2804
-1.0309
-0.051865
0.93004
1.6291
1.7235
1.3823
0.86068
0.65333
0.87448
0.98731
0.62103
0.34821
0.30011
0.54454
1.0299
1.4467
1.5518
1.4275
1.3028
1.1181
1.0161
0.94527
1.0443
1.1662
0.96398
0.27721
-0.40629
-0.71485
-0.083048
0.61281
0.53229
0.48744
0.6723
1.0836
1.6013
1.938
1.8972
1.29
0.58687
0.22663
0.36692
1.0811
2.0669
2.0673
0.58436
-0.20861
-0.51708
0.032922
0.86693
1.1237
0.76359
-0.2183
-1.1419
-1.7862
-1.8332
-1.5244
-0.90145
-0.50802
-0.61388
-1.0084
-1.2636
-1.0398
-0.30203
0.82693
1.5817
1.7051
1.0809
0.13221
-0.5467
-0.92359
-0.89641
-1.0518
-1.3445
-1.5103
-1.5153
-1.2407
-0.67463
0.37919
1.0288
1.165
0.52678
-0.54232
-1.3743
-1.5301
-0.97849
-0.43462
-0.37696
-0.83955
-1.4368
-1.8474
-1.7116
-0.98419
0.066083
1.1945
1.8287
1.8224
0.7506
-0.21607
-0.31908
0.13115
0.94435
0.98131
-0.096707
-1.6454
-2.2618
-1.7517
-0.52047
0.30136
0.61051
0.69773
0.69587
0.92943
1.2989
1.4085
1.1124
0.27162
-0.6753
-1.6647
-2.0017
-1.5025
-0.75079
-0.424
-0.53982
-0.9172
-1.2582
-0.62177
0.49016
1.3794
1.314
0.68821
-0.42638
-1.3505
-1.7588
-1.4329
-0.95953
-0.7258
-0.70505
-0.97933
-1.2354
-1.3932
-1.2821
-1.117
-1.1937
-0.5708
-0.040702
-0.12412
-0.55352
-1.4504
-2.2597
-2.2511
-0.94179
0
0.46168
0.71281
1.1964
1.4601
1.7451
1.6297
0.9003
-0.36626
-1.5327
-1.3156
-0.87916
0
-0.075276
-0.38493
-2.0893
-2.2469
-1.0847
-0.47308
-0.22252
-0.8138
-1.8357
-1.7333
-0.47382
0.54616
0.2861
-0.35592
-1.4168
-2.1739
-2.5138
-1.6448
0
0.75206
0.47906
-0.33552
-0.32701
0.28276
1.9558
2.5454
1.1551
-0.36935
-0.9574
-0.53119
0.3769
1.8731
1.6026
0.3629
-0.66595
-0.80447
-0.092047
1.0782
2.1683
2.2608
1.4132
0.064036
-0.69854
-1.0107
-0.77873
0.43782
1.1496
1.3173
1.0699
0.8363
0.80464
0.96242
1.357
1.2742
0.87323
0.60676
0.7033
1.0891
1.5696
2.0647
1.7117
0.8064
-0.10708
-0.3221
-0.028766
0.80565
1.5818
1.9078
1.831
1.3292
0.98105
0.51508
0.52687
0.91405
1.4528
1.1958
0.86742
1.0822
0.97845
1.0538
0.48677
-0.49358
-0.88977
0.36
2.0156
1.614
0.39614
-0.24759
-0.40149
0.21351
1.4987
2.5799
2.4519
1.5202
0.54775
0.049933
-0.029182
0.79435
1.4209
1.1813
0.092401
-1.2474
-2.1167
-1.9494
-0.80082
-0.11483
-0.1178
-0.76125
-1.9029
-2.3646
-2.1787
-0.9847
0
0.58701
0.71508
0.38276
-0.8749
-1.6306
-1.467
-0.67794
0.30541
0.87055
1.0117
0.715
0.89638
1.2923
1.7294
1.8785
1.4853
0.86087
-0.075549
-0.74955
-0.57576
0.32293
0.50439
0.072777
-0.8727
-1.7291
-1.632
-0.77671
0.36296
1.1522
1.4153
1.498
1.0753
1.0092
1.0755
0.99774
0.050941
-0.94444
-1.4167
-1.2384
-0.26063
1.0064
1.8917
1.7543
1.1938
0.38145
0.19617
0.8835
2.0137
2.4194
0.96428
0.16077
0
0.29373
0.56103
0.73808
0.70753
0.66595
0.95312
1.3669
1.7566
1.8796
1.5338
0.922
0.35303
0.5377
0.85294
0.96242
0.29693
-0.59835
-2.0506
-2.2393
-0.86429
0.71282
0.64217
-0.047014
-0.23725
0.048123
1.3648
2.5129
2.3865
0.97648
-0.19046
-0.54396
-0.51549
0.40033
1.6732
2.5645
1.9326
0.52826
-0.29451
-0.46894
0.26269
1.3658
1.747
1.2458
0.77957
0.72233
0.98797
1.6005
2.0605
1.6039
0.68466
0.18829
0.24053
0.092698
-0.32712
-1.0699
-1.9877
-2.7231
-2.0491
-1.0574
-0.17263
0.11084
-0.18365
-1.0349
-0.74676
0.67491
1.2515
0.75317
-0.47941
-1.5263
-1.9002
-1.1029
0.49916
1.3967
1.3213
0.13978
-0.6513
-0.8725
-0.47188
0.60797
1.5918
2.1814
1.9211
1.2085
0.37571
-0.059838
0.31587
1.3814
2.519
2.0798
1.2189
0.20374
0
0.66508
1.3738
1.2357
0.35431
-0.5168
-1.33
-1.5843
-1.4506
-0.51692
0.64372
1.5365
1.7502
0.5543
-0.73025
-1.4537
-1.2652
-0.19861
0.69679
0.97484
0.12305
-1.2413
-1.5683
-1.2758
-0.64115
0.71998
1.7287
1.9937
1.2702
0.053814
-0.76159
-1.0008
-0.2383
0
-0.18591
-0.42651
-0.88622
-1.4272
-1.7662
-1.671
-1.4652
-1.2335
-0.92243
-0.46723
0.24616
0.77501
1.3366
1.1922
0.68532
0.18855
-0.21664
-0.65405
-1.0763
-1.2249
-1.3758
-1.4722
-1.5298
-1.4825
-1.324
-0.91022
-0.12595
0.59065
0.82252
0.53703
0.38479
0
-0.067666
-0.14726
-0.76176
-1.7417
-2.1318
-1.7471
-1.1558
-0.62036
0
0.77001
1.6517
2.2625
2.2589
1.1779
0.2519
-0.23014
-0.04634
0.53234
1.1548
0.77398
-0.51334
-1.5366
-2.0874
-1.6281
-0.83763
0.24765
0.71761
0.22836
-0.82671
-2.0752
-2.3198
-1.7788
-0.53708
0.039109
-0.2994
-0.95109
-1.0318
-0.66211
-0.30673
0.46898
1.312
2.0736
2.356
1.7794
0.86601
0.10884
-0.025938
0.33252
1.3369
1.7487
1.6343
0.58877
-0.43642
-0.92864
-0.92411
-0.51162
0.19628
0.9954
1.5442
1.8289
1.7386
1.4108
1.1143
0.79777
0.49793
-0.28196
-0.8189
-0.30641
0.54107
0.29608
-0.86369
-1.2207
-1.3046
-0.69133
0.060555
0.67232
1.2104
1.5829
1.6708
1.2475
0.88888
0.83138
1.1589
1.4095
1.5182
0.8731
0.10146
-0.48379
-0.73549
-0.84987
-1.1901
-1.1807
-1.6956
-1.8937
-1.006
0.043916
0.57843
-0.048348
-0.92657
-1.7226
-1.359
-0.58373
0.32951
1.0439
1.1735
1.5102
1.3716
1.2366
1.0386
0.80598
0.30271
-0.52445
-1.1522
-1.6642
-1.6807
-1.2178
-0.75833
-0.79361
-0.96634
-0.81818
-0.48711
0.20271
1.0128
1.7939
1.7954
0.98131
-0.26748
-1.0828
-1.1926
-0.52089
0.59295
1.1767
1.2762
1.0704
0.92855
0.92859
1.2433
1.6323
1.5235
1.0746
0.65288
0.22158
-0.28292
-0.78506
-1.3418
-1.9548
-1.8922
-1.3757
-0.65939
-0.098165
0.5061
1.0255
1.1996
1.1818
0.91557
0.27306
-0.64888
-1.4668
-2.1387
-2.0976
-1.5097
-0.57999
0.17665
0.41413
0.60548
0.22973
0.027506
0.41821
1.1889
1.9454
1.8951
1.4789
0.76527
0.37726
0.34113
0.81381
1.588
2.0534
2.043
1.4093
0.61125
0.20159
0.21977
0.24956
0.66092
1.4151
1.8486
1.9372
1.2934
0.56135
-0.16297
-0.52569
-0.78302
-1.3154
-1.8526
-1.8376
-1.2227
-0.59563
0.16014
0.89895
1.597
1.8905
1.8974
1.2998
0.53066
0.13365
0.045325
0.13354
-0.2569
-0.91477
-1.4666
-1.9383
-1.8109
-1.2796
-0.54783
-0.025377
0.64554
1.0325
1.2939
1.3729
1.4436
1.2296
0.58637
-0.26574
-1.1714
-1.7583
-1.6724
-0.75849
0.48771
1.3787
1.8135
1.0721
-0.4109
-0.49995
0.035043
0.42322
-0.025934
-0.63004
-1.4287
-1.9511
-2.024
-1.6683
-1.1422
-0.73896
-0.3778
-0.38876
-0.12058
0.59739
1.98
2.1047
1.6597
0.91524
-0.16785
-1.1738
-2.0964
-0.4546
0.17554
0.26775
0.12519
-0.038511
0.53278
1.4156
2.0955
1.6803
0.94268
-0.15334
-0.9739
-1.5936
-1.5716
-0.91532
-0.69323
-0.70438
-0.88779
-0.80395
-0.18987
1.1213
2.2117
1.8623
0.89911
0.30133
0.32952
1.0194
2.2437
1.8995
0.71887
-0.066612
-0.1934
0.4931
1.6185
2.6571
2.3738
1.1524
0.022452
-0.52826
-0.29012
0.61589
1.6432
1.3973
0.32999
-1.0185
-1.6809
-1.5733
-0.48066
0.93505
1.4469
0.69252
-0.64251
-1.2068
-0.74655
0.54294
1.6167
1.2011
-0.091004
-1.2927
-1.3664
-0.52526
0.83651
1.8513
1.5274
0.27259
-0.70383
-0.67865
0.34511
1.5538
1.6524
1.0139
0
-0.97375
-1.4907
-1.7077
-1.0301
0.30683
1.4038
1.5286
0.92643
0.34211
0.11397
0.4896
1.4187
2.106
2.0163
1.3651
0.11043
-0.85763
-1.5457
-1.1386
0.029965
0.55619
0.90993
-0.16363
-1.1737
-1.461
-0.9571
0.33896
1.4829
2.2962
1.8837
0.68405
-0.2319
-0.41618
0
1.3391
2.329
1.8943
0.31183
-0.681
-0.81253
-0.56055
0.4808
1.5948
1.9968
1.5975
0.5624
-0.32293
-1.307
-1.4299
-0.84885
-0.025738
-0.026135
-0.77371
-1.5535
-1.8377
-1.1645
-0.083707
1.0183
1.7654
1.9206
1.5675
0.53918
0.30914
0.56162
0.74526
0.33113
-0.4501
-1.3162
-1.8502
-1.6853
-1.0273
-0.14563
0.75481
1.625
2.1588
1.8077
0.9155
0.20556
-0.13088
-0.038059
0.90596
1.4024
1.1707
0.76841
0.57803
0.62466
0.9278
1.5989
1.9827
1.8463
1.293
0.48223
-0.31112
-1.2043
-0.79675
-0.057524
0.46291
-0.18309
-1.0067
-1.4299
-1.2978
-0.67191
0.065858
1.2683
2.1053
2.5761
1.6531
0.41722
-0.27506
-0.66221
-0.080034
-0.059224
0
-0.10288
0.36828
1.5639
2.3209
2.3734
1.4689
0.43175
-0.6535
-0.83149
-0.15991
0.65084
0.44625
-0.46285
-1.4085
-1.8548
-1.4494
-0.15571
1.1777
1.8859
1.4758
0.42174
-0.60342
-0.73393
0.34517
1.3783
1.5628
0.48979
-0.85811
-1.5361
-1.2513
0.37831
1.6681
1.6017
0.90061
-0.19174
-0.37074
0.47322
1.5016
1.5642
0.44872
-0.68789
-1.6527
-1.5115
-0.88638
-0.16846
-0.27595
-1.1007
-1.8766
-2.1157
-1.2341
0.081406
1.3613
1.7444
0.99023
-0.18641
-0.71842
-0.20945
0.18679
0.19696
-0.42087
-1.5191
-2.0677
-1.8176
-1.1903
-0.60505
-0.35971
-0.71338
-1.3657
-1.5358
-1.1301
-0.65516
-0.35485
-0.46158
-1.2378
-2.1292
-2.3713
-1.6522
-0.67392
0.022248
0.18295
-0.5819
-1.1673
-0.95334
0
1.1268
2.0124
2.2663
1.4298
0.054851
-0.8189
-0.82108
-0.50191
-0.18361
-0.59667
-1.285
-1.4514
-1.0616
-0.26024
0.68714
1.7891
2.3296
1.8395
0.94664
0.18352
0.19296
0.51945
0.91715
0.22051
-0.81269
-1.366
-1.1813
-0.56084
0.55294
1.6072
2.0994
1.8726
0.90223
0
-0.85631
-1.165
-0.63836
-0.19677
-0.29784
-1.0472
-1.7661
-1.9659
-1.3571
-0.5501
0.28792
0.86994
1.2601
1.5887
1.4397
1.3122
1.1543
0.98061
0.37073
-0.27402
-0.54259
-0.47044
0.29054
1.2011
1.7556
1.7894
1.4966
1.2034
0.93068
0.88753
0.81591
0.43868
-0.11259
-0.56138
-1.1914
-1.7759
-2.025
-1.5606
-0.73387
0.3657
1.2593
1.4236
0.74098
0.023291
0.065281
0.61778
1.5262
2.0681
1.648
0.7981
-0.18098
-0.98636
-1.4633
-1.6732
-1.1426
-0.69669
-0.76526
-1.0938
-1.3767
-0.86332
0.18309
1.1614
1.1441
0.47168
-0.44545
-1.1733
-1.7188
-1.7102
-1.0726
-0.656
-0.61183
-0.85535
-0.98603
-0.79608
-0.17293
0.87732
1.9591
2.3413
1.8854
0.9816
0.13594
-0.14223
0.45846
1.8588
2.29
1.2173
0.068345
-0.34042
-0.054124
0.78513
1.8038
2.1366
2.0825
1.3871
0.65007
0.3718
0.40745
0.067637
-0.92389
-1.8088
-2.2151
-1.8159
-0.91353
-0.53445
-0.5042
-0.34652
0.28714
1.1627
1.5569
1.3179
0.9147
0.55966
0.37881
0.72562
0.96714
1.1808
1.2194
1.1613
1.049
0.96986
1.124
1.332
1.38
1.2259
1.0121
0.67401
0.27604
-0.33438
-1.2265
-1.8674
-1.7494
-0.89724
0
1.001
1.6681
1.561
0.8393
0.030065
-0.67647
-1.801
-2.6865
-2.0138
-0.63649
0.05593
-0.055615
-0.10705
-0.044886
0.34401
0.71902
1.0537
1.2731
1.4388
1.6542
1.577
1.3782
1.1032
0.84277
0.35283
0.29615
-0.078181
-0.59866
0.21757
0.48182
0.57923
0.54121
0.87709
1.2897
1.5173
1.5319
1.3763
1.051
0.7521
0.78297
0.92977
0.81163
1.0222
1.1481
1.1251
1.0296
1.0656
1.0181
0.79302
0.24675
-0.55818
-1.7829
-2.62
-1.5824
-0.32718
0.29108
0.17825
-0.52503
-1.4389
-1.6728
-1.2282
-0.74988
-0.58414
-0.83925
-1.2637
-1.6039
-1.2723
-0.36365
0.72216
1.4783
1.6878
1.4375
0.47535
-0.48767
-1.2555
-1.3966
-0.70595
0.036401
0.85816
0.74849
0.90678
1.1394
1.2544
1.2272
0.88099
0.25465
-0.83563
-1.4397
-1.2567
-0.72917
-0.40132
-0.53327
-1.0598
-1.8019
-2.1681
-1.8681
-1.1289
-0.55261
-0.047083
-0.086114
-0.88307
-1.8227
-2.2834
-1.2067
-0.1125
0.64126
0.75334
0.077592
-1.1527
-1.8113
-1.693
-1.1389
-0.55826
-0.57713
-1.1408
-1.4893
-1.2486
-0.82737
-0.1963
0.96724
2.0769
2.4113
1.4655
0.14198
-0.26965
0.031681
0.43152
0.44668
-0.28159
-1.2952
-1.8742
-2.0096
-1.3693
-0.25907
0.85287
1.4919
1.5676
1.2878
0.4155
0.27589
0.56743
0.85809
0.6173
-0.29688
-1.1451
-1.8921
-1.8265
-0.58276
0.62376
1.383
1.2374
0.14297
-0.96202
-0.96377
-0.38824
0.79337
1.5819
2.0308
1.8445
0.89041
-0.029885
-0.76283
-1.0833
-1.029
0.48427
1.8635
1.968
1.2511
0.33369
0.039891
-0.11641
0.55831
1.4298
1.9064
1.9473
1.6108
1.0382
0.65464
0.60155
0.31116
-0.40965
-1.2511
-1.1861
-0.91406
-0.40696
0.79134
1.635
1.6938
1.1925
0.75945
0.50962
0.84757
1.4606
1.6981
1.0963
0.23609
-0.63709
-1.3317
-1.1332
-0.3831
0.69625
1.0831
1.0267
0.88498
0.49933
0.6656
1.3012
1.7439
1.8109
1.1363
0.13378
-0.81468
-1.1346
-0.54236
0.635
1.3478
1.3449
0.95018
0.45097
0.50782
1.0262
1.8611
2.2405
1.7675
0.85919
0.092206
-0.1332
0.65534
1.93
1.9551
1.0736
0.33063
0.11276
0.38225
1.2886
1.9536
1.9202
0.83909
-0.41569
-1.0819
-0.9613
-0.017529
1.1024
1.5567
1.6486
1.1959
0.76674
0.67471
0.8555
1.0988
1.205
1.0757
0.35259
-0.67161
-1.6686
-1.9648
-1.6879
-0.57399
0.53088
1.3539
1.425
0.51753
-0.066766
-0.058222
0.26774
0.45988
-0.076998
-0.73617
-1.5211
-2.0322
-2.1465
-1.5769
-0.80353
-0.14881
0.18608
0.59205
0.96404
1.1254
1.2981
1.2326
1.207
1.0188
1.1124
1.2649
0.92572
0.64496
0.37285
0.36887
0.51363
0.89017
1.3084
1.7076
1.8023
1.6443
1.3036
0.67909
-0.063024
-0.93459
-1.5183
-1.0249
0.2936
0.1582
-0.39046
-0.35762
0
0.54406
1.31
1.9432
1.9399
1.3937
0.70502
-0.20332
-1.0523
-1.6735
-1.8076
-1.1075
0
1.0908
1.3934
0.54597
-0.52685
-0.75286
-0.056386
1.1668
1.5319
1.162
0.28177
-0.6464
-1.3573
-2.0203
-1.9977
-1.4045
-0.68678
0
0.5342
0.72677
0.40041
0.39347
1.0924
1.8349
1.9152
1.3896
0.27703
-0.7163
-1.1029
-0.84461
0.13071
1.0637
1.5299
1.4169
0.88251
0.59922
0.69355
1.1834
1.6007
1.7699
1.3084
0.41069
-0.61574
-1.4473
-1.5424
-1.016
0.1236
-0.091431
-1.1051
-2.1634
-0.99533
-0.040867
0.24004
-0.12918
-1.1295
-1.7108
-1.6121
-1.0326
-0.68517
-0.77735
-1.007
-1.4615
-1.5728
-1.3937
-1.0309
-0.84399
-0.71745
-0.63033
-0.4808
-0.75053
-1.1857
-1.1428
-0.90168
-0.36222
0.22358
1.0292
1.6511
2.1267
1.8027
0.69432
-0.25436
-0.89342
-1.1374
-1.3148
-1.1048
-0.69223
-0.29919
0.24027
0.75347
1.0631
1.156
1.1798
1.1086
0.9612
0.87481
0.9879
1.2472
1.4202
1.4404
1.2631
1.0183
0.89116
1.0185
0.91324
0.24295
0
-0.49339
-0.072002
0
0.65183
0.73662
0.65731
0.75631
0.77392
0.93793
1.2474
1.5353
1.6329
1.4435
1.2123
0.86466
0.64037
0.51945
0.58885
-0.032076
-0.82891
-1.3918
-1.5161
-0.95989
0.1686
1.1765
1.4957
1.1864
0.81112
0.70703
1.0395
1.456
1.7399
1.0284
-0.072184
-0.98657
-1.2484
-0.84425
-0.4024
-0.3916
-1.3548
-2.2032
-2.134
-0.86504
0.43936
1.0209
0.81872
0
-0.32431
0.41397
1.276
1.3955
0.8148
-0.51769
-1.7312
-1.7633
-1.0142
-0.27323
-0.20284
-0.68255
-1.7239
-2.5884
-2.2326
-1.1468
-0.123
0.14509
-0.10649
-1.3074
-2.1523
-1.1425
0.5562
1.8012
1.5991
0.76471
-0.13111
0.028282
0.25894
0.16686
-0.49958
-1.5749
-2.108
-2.1873
-1.5838
-0.51539
0.58776
0.98734
0.56765
-0.01729
-0.28335
0.23049
1.5013
2.6195
2.4422
1.2797
0.062816
-0.55129
-0.39316
0.59853
1.9048
1.7969
1.0736
0.47374
0.31671
0.71887
1.5705
2.3002
1.9078
1.0477
0.35108
0.077494
0.3806
1.3314
2.3415
1.9473
0.74077
-0.31937
-0.81545
-0.59012
0.62388
1.753
1.6752
1.0272
0.43378
0.3954
0.8467
1.6486
2.0843
1.3976
0.096449
-0.89293
-1.2327
-0.76783
0.73216
1.2092
1.0466
0.53194
0.40276
0.89941
1.7236
2.4615
1.7043
0.45009
-0.2529
-0.31451
0.073606
0.57355
1.1564
1.3517
1.2594
1.0309
0.95102
1.0718
1.3665
1.5446
1.3953
0.96586
0.61107
0.54145
0.75925
1.1349
1.3473
0.91631
-0.13714
-1.1684
-1.5501
-1.0551
0.52375
1.5958
1.4604
0.15259
-0.98324
-0.9827
-0.24585
1.4297
2.3503
1.869
0.32689
-0.52701
-0.34522
0.35562
1.4073
1.5805
1.1257
0.037492
-0.79945
-1.3215
-1.4488
-1.1411
-0.78394
-0.81957
-1.2186
-1.0492
-0.82531
-0.65395
-0.81165
-1.1121
-1.4743
-1.7074
-1.443
-1.2146
-0.82813
0.13716
1.0921
1.6111
0.51035
-0.30069
-0.2336
0.14596
0.033318
-0.57598
-1.7702
-2.3361
-2.0304
-1.1312
0
0.80754
1.2765
1.0613
0.62255
0.83036
1.1138
1.0842
0.4033
-0.37449
-1.5152
-2.0719
-1.727
-0.61901
0.39368
0.79661
0.89417
0.50099
0.51223
0.92926
1.3341
1.5169
1.2575
0.60632
-0.54735
-1.321
-1.5706
-0.96867
0.25529
1.3994
1.7582
1.0889
-0.29867
-1.2219
-1.5063
-1.1501
-0.24694
0.053157
-0.35854
-1.1078
-1.5951
-1.4798
-1.2568
-0.58231
0.40979
1.3091
1.7228
1.517
0.71492
-0.30335
-0.70313
-0.90568
-0.81036
-0.92829
-1.2012
-1.6308
-1.6979
-1.351
-0.92917
-0.39102
0.38583
1.125
1.1229
0.40039
-0.46611
-1.2908
-1.4993
-1.1066
-0.45692
-0.32637
-0.59904
-1.2698
-1.9194
-1.9799
-1.5095
-0.75206
0.011977
0.7191
1.393
1.7811
1.3909
0.81603
0.59634
0.3197
-0.084014
-0.79537
-1.4834
-2.0132
-1.8981
-1.4672
-1.0677
-0.54635
0.032932
0.60101
0.86289
1.2417
1.6592
1.6932
1.402
0.92115
0.39071
-0.3669
-0.73015
-1.3464
-1.7705
-1.7047
-1.2211
-0.54222
0.12409
1.0185
1.3456
0.93016
0.42469
-0.050186
-0.68262
-1.3362
-1.5578
-1.694
-1.4329
-1.237
-0.70915
0.16566
1.0935
1.9527
1.8608
0.91388
-0.39696
-0.48372
-0.1125
1.3682
1.8048
0.34218
-1.777
-2.3298
-0.50051
0.3153
0.26009
0
-0.79764
-1.3155
-1.3379
-1.4102
-0.76114
0.30803
1.1635
1.2513
0.19847
-1.1664
-1.9231
-1.9729
-0.82395
0.45769
1.17
0.76151
-0.29116
-0.9645
-0.9613
-0.034047
1.3413
2.2504
1.7169
0.54021
-0.8468
-0.94389
0
1.1538
1.0153
-0.45619
-1.5016
-1.7835
-1.0617
0.37539
1.3381
1.6102
0.66085
-0.46622
-1.0998
-1.0569
-0.45944
0.65854
1.4713
1.5911
1.4599
0.87043
0.74697
0.93826
1.0341
0.71041
0.055469
0.31206
0.92732
1.7418
2.1618
1.8491
1.0513
0.14686
-0.58739
-0.94952
-0.97724
-0.84515
-0.73013
-1.2617
-1.5161
-1.1873
-0.056876
1.1316
1.8869
2.048
0.95955
-0.26114
-0.73683
-0.62858
-0.1916
-0.20529
-0.59957
-1.5399
-1.5954
-1.0302
-0.16725
0.64437
1.4402
1.9696
1.8014
1.2372
0.83435
0.69708
0.36807
0.55371
0.60232
0.87406
1.0737
0.94735
0.69409
0.57142
0.85983
1.0355
1.2055
1.2645
1.344
1.3016
1.1833
1.1927
0.97421
0.82002
0.71272
0.89316
0.88585
0.59762
1.0281
1.4958
1.3918
0.86158
0.86297
0.6675
0.56478
-0.055305
-1.1247
-1.9906
-2.3689
-1.5866
-0.38497
0.47222
0.53562
0.22248
0.20157
0.59066
1.5885
1.9599
1.7836
1.3154
0.76824
-0.081395
-1.0682
-1.626
-1.7312
-0.50886
0.53824
0.82068
0.50692
0.47021
0.95319
1.3007
1.6593
1.5789
0.62737
-0.80868
-1.653
-1.2433
-0.097818
0.83959
0.74898
-0.4882
-1.5301
-1.3259
-0.68683
0.34521
1.289
1.9717
1.8001
0.96244
0.47792
0.047119
-0.48829
-1.2585
-1.8747
-2.1071
-1.5981
-0.29797
0.78262
1.1819
0.46915
-0.4251
-0.76477
-0.45825
0.99326
2.0324
2.0837
1.4145
0.68572
0.34169
0.39467
0.71759
1.0478
0.91283
0.7345
0.96882
1.018
1.2512
1.5575
1.6188
1.3745
0.98748
0.98071
0.68492
0.39253
0.23097
0.080715
-0.15518
0.40583
1.331
1.1629
1.0279
1.2197
1.3074
1.3091
1.1874
1.1168
0.63564
0.51243
0.63094
1.0101
1.3437
1.6898
1.3453
0.5798
-0.31164
-1.0472
-1.5285
-2.013
-1.2221
-1.1641
-0.7197
-0.21759
0.35246
0.78414
0.47116
0.37072
-0.99993
-2.2638
-2.0985
-0.84734
-0.085595
0.027149
-0.49738
-1.5593
-1.8183
-1.4171
-0.5585
0.18076
0.82955
1.4761
1.7097
1.5521
1.2519
1.1647
1.0019
0.72574
0.13951
-0.73106
-1.279
-1.2703
-0.30681
0.5982
1.2299
1.3166
0.87227
0.51155
0.6137
1.2086
1.7352
2.041
1.5289
0.45925
-0.67216
-1.1269
-0.55099
0.68333
1.342
0.65188
-0.30123
-0.86375
-0.11816
1.0125
1.4737
1.2167
0.53615
-0.49254
-1.4871
-2.0021
-1.7752
-1.0631
-0.5346
-0.49689
-0.57917
-0.51003
0.7247
1.5374
1.6048
1.0575
0.41029
-0.314
-0.92317
-1.2534
-1.417
-1.3794
-1.3527
-1.1823
-1.2794
-1.3486
-0.84175
-0.21299
0.1756
0.36486
1.0279
1.2389
1.0632
0.25136
-0.89465
-2.0853
-2.2743
-1.4364
-0.65706
-0.10322
0
-0.27695
-1.5164
-2.5021
-2.3473
-1.6068
-0.53562
0.36402
0.49063
-0.23495
-0.70901
-0.24587
0.36291
1.0293
1.3318
1.1968
0.88505
0.71504
0.8352
0.97136
1.2002
1.2875
1.3159
1.222
1.2279
1.1917
1.0292
0.79415
0.5438
0.45401
0.56236
0.95334
1.1655
1.2285
1.366
1.4918
1.4478
1.0706
0.85638
0.20023
-0.64327
-1.3581
-1.447
-1.3022
-1.0867
-0.50517
-0.30455
-0.2232
0.25596
0.95453
1.5579
1.7836
1.7218
1.2298
0.75148
0.58445
0.97453
1.3843
1.5755
0.93819
0
-0.41211
-0.37235
0.19032
1.0028
1.5697
1.9065
1.6216
1.0969
0.70013
0.70023
0.91618
1.2216
1.0451
0.12778
-1.0537
-1.7514
-1.6724
-0.76992
0.51266
1.4217
1.3388
0.5454
0.086804
0.37613
0.74137
1.4463
1.6397
1.2904
0.37008
-0.54058
-1.3777
-1.8752
-1.9296
-1.1898
-0.26206
0.41481
0.83183
0.69839
0.4701
0.57954
1.1775
1.7194
1.6256
1.3075
0.524
-0.17295
-0.9771
-1.5343
-1.8505
-1.4515
-0.53822
0.11036
0.47062
0.68899
1.0446
1.3666
1.5817
1.7361
1.5207
1.1305
0.61838
0.17084
-0.48396
-1.241
-1.6159
-1.3101
-0.63137
0.020947
0.85067
1.4157
1.9628
1.9796
1.3841
0.66903
0.024242
-0.23403
-0.91266
-1.4199
-1.6628
-1.3543
-1.0374
-0.39748
0.63248
1.5328
1.7266
1.2681
0.45164
0.079031
0.5952
1.6918
2.2449
1.3763
-0.11954
-1.2788
-1.6876
-0.66377
0.98909
0.86643
0.39458
0
0.38923
0.95783
1.621
1.1972
0.36453
-0.51274
-1.0054
-1.1777
-1.3345
-1.185
-1.206
-1.3453
-1.2147
-0.58195
0.50652
1.1483
1.4452
0.79619
-0.38186
-1.0418
-1.1629
-1.1399
-0.98709
-0.94429
-1.0052
-0.92232
-0.33309
0.62684
1.5004
2.1464
2.255
1.5818
0.57206
0
0.11186
0
-0.3074
-1.0465
-1.6505
-1.8015
-1.4065
-0.33969
0.69933
1.4242
1.3971
0.93255
0.50441
0.66316
1.1335
1.406
1.4388
1.0051
0.042691
-1.3109
-2.0671
-1.8524
-0.94426
-0.093843
0.12358
-0.44165
-1.031
-0.85583
0.10319
1.4439
2.3135
2.2999
1.1122
-0.1054
-0.56763
-0.11185
1.31
2.4502
1.8559
0.6857
-0.20389
-0.17761
0.4265
1.8037
2.7096
2.4944
1.3488
0.23561
-0.032724
-0.25667
-0.51456
-0.89999
-0.86875
-0.77226
-0.34377
0.39758
0.95571
1.2836
1.4811
1.6186
1.4822
1.3513
1.1248
0.94074
0.62022
0.12111
-0.22879
-1.3963
-1.0351
-0.075818
0.33937
0.35761
0.5652
1.1658
1.3974
1.6286
1.5612
1.2551
0.41309
-0.54539
-1.1624
-1.267
-0.65345
0.23043
0.77363
1.0055
1.2966
1.4428
1.4269
1.3707
1.165
0.53975
-0.51128
-1.233
-1.5198
-1.0736
0.041844
1.1944
1.6493
1.1545
0.39336
0
0.15703
0.9279
1.7552
1.9641
1.3524
0.57019
-0.30941
-0.90886
-1.1612
-1.0746
-1.1333
-1.299
-1.3959
-1.2896
-0.82318
-0.10785
0.68919
1.4181
1.9383
2.054
1.4938
0.83262
0.40001
0.27177
0.13161
-0.41415
-1.3293
-2.1602
-2.1429
-1.4049
-0.35758
0
0.65887
1.6716
2.3802
1.3591
0.65561
0.24751
-0.2557
-0.75524
-1.0828
-0.87956
-0.25301
0.66948
1.4048
1.3954
1.1703
1.0058
1.0034
1.0209
1.3263
1.2389
0.57274
-0.30257
-1.026
-1.2357
-1.2096
-0.86668
-0.71793
-0.90258
-1.2566
-1.5241
-1.4631
-1.2483
-0.69305
-0.67488
-0.92743
-1.1082
-0.84045
-0.63496
-0.88005
-0.87365
-1.0881
-1.2155
-1.1672
-1.0404
-1.1243
-1.2042
-1.0049
-0.80087
-0.89377
-1.0058
-1.032
-1.5989
-1.3965
-0.15168
0.72162
0.75985
0.050808
-1.2647
-2.5434
-2.5161
-1.1531
0
0.47679
-0.12134
-0.92797
-1.8969
-1.2995
-0.10372
0.83751
1.0144
0.81168
-0.035244
-1.6287
-2.5557
-2.2461
-0.81269
0.32425
0.56584
0.44595
0.15013
0.1726
0.55841
1.2718
1.8198
2.2654
2.042
1.0278
0.23837
-0.3259
-0.20532
0.58565
1.4608
1.0938
-0.32293
-1.3689
-1.6685
-0.94202
0.14402
1.2907
1.3885
0.6791
-0.60867
-1.289
-1.4891
-0.96525
0.52483
1.5339
1.5013
0.69143
0.17263
-0.1353
0.29151
1.4497
2.0636
1.8675
0.95165
-0.14431
-1.1103
-1.8119
-1.6825
-0.56329
0.59936
0.83419
0.47198
0.063769
0.16717
0.76548
1.4672
1.8513
1.6662
1.0584
-0.052274
-1.0925
-1.6009
-1.432
-0.83785
-0.026876
0.69181
1.191
1.3966
1.298
1.1001
1.0699
1.3006
1.4141
1.2313
0.73396
0.12111
-0.18694
-0.7664
-1.2638
-1.6763
-1.7351
-1.3729
-0.58756
0.45725
1.3201
1.953
1.4235
-0.091403
-1.0243
-0.70169
-0.04678
0.45713
0.58101
-0.72882
-2.3757
-2.7747
-1.9112
-0.33369
0.16759
0.30607
0.25931
0.42448
1.238
1.8199
1.2471
0.57045
-0.24301
-0.78353
-1.0755
-1.2562
-1.2301
-1.2987
-1.1951
-0.99669
-0.63588
-0.079041
0.74666
1.7257
2.0675
1.8727
1.1545
0.45439
-0.21481
-0.56874
-0.60169
-0.7104
-0.899
-1.2792
-1.6622
-1.8415
-1.5636
-1.074
-0.63746
-0.20535
0.40128
1.1255
1.9138
2.1549
1.485
0.51475
0.098179
0.1777
0.13993
-0.69805
-0.90988
-0.75081
-0.27059
0.3181
0.87307
1.2445
1.4169
1.5553
1.4889
1.3667
1.1255
0.98207
0.85868
0.57284
0.26051
-0.60671
-1.6212
-1.946
-0.7928
0.37777
0.38133
-0.091822
-0.52682
-0.78743
-0.54365
-0.45881
-1.0639
-1.5166
-1.5884
-1.3141
-0.61231
0.38899
1.264
1.3158
1.015
0.7997
0.95966
1.6192
1.3607
0.39146
-0.81242
-1.0421
-0.1157
1.1331
1.491
1.2846
0.50426
-0.81174
-1.5471
-1.6074
-0.55744
0.52552
1.0703
1.011
0.41628
-0.37589
-1.2823
-2.153
-2.5344
-1.8
-0.60009
0
0.11442
-0.031382
0.03613
0.70682
1.9619
2.487
2.0894
0.73478
-0.45069
-1.1607
-1.0649
0
0.34349
-0.15723
-1.4827
-2.7677
-2.4849
-1.657
-0.067665
0.24037
0.46037
0.76985
2.2586
1.668
-0.28595
0.25025
-0.20023
-0.45514
-0.70681
0.19825
0.83406
1.1299
1.5659
1.3825
0.77359
0.34667
0.69734
0.89744
1.1573
1.0211
0.46672
-0.65124
-1.718
-2.2271
-2.2139
-1.1265
-0.10286
0.50841
0.090192
-0.36878
-0.054696
0.41706
1.6851
2.148
1.6286
0.94385
0.37546
0.59088
0.96238
1.6073
1.8472
1.2491
0.040598
-0.72973
-1.0778
-0.93261
-0.32658
0.37429
0.85235
1.1635
1.186
1.0325
0.92765
1.0699
-1.0079
-1.4848
-1.4183
-1.0746
-0.77027
-0.82172
-0.97815
-1.0774
-0.34321
0.83711
1.5242
1.3016
0.33315
-0.75648
-1.6075
-1.7854
-1.3657
-0.35203
0.47026
1.0744
1.297
0.93422
0.53475
0.49223
1.1499
1.6266
1.8107
1.5063
0.68133
-0.38289
-1.4008
-1.5242
-0.82731
0.23863
0.55785
-0.03218
-1.2964
-1.695
-1.126
-0.15319
1.0451
1.6647
1.7692
1.0271
-0.024241
-1.0429
-1.7341
-1.0433
0.41312
1.2238
0.48386
-0.51825
-1.2128
-1.0409
-0.11346
1.0106
1.5622
1.423
0.78782
-0.47671
-1.5947
-2.0808
-1.3404
-0.021345
0.73358
0.68455
-0.20379
-1.0125
-1.0548
-0.3882
0.78558
1.5962
1.7904
1.1926
0.12966
-0.94782
-1.5528
-1.6325
-0.95775
0.088725
0.73107
1.0561
1.1614
0.95544
0.84715
0.98477
1.4192
1.6786
1.4516
0.61995
-0.4147
-1.3663
-1.5351
-0.55811
0.63802
0.86623
0.45995
0.38485
0.38627
0.90768
1.3215
1.0982
-0.020261
-1.1917
-1.9188
-1.9573
-0.85
0.59375
1.4499
1.1032
-0.058874
-0.74667
-0.4967
0.33666
1.3363
1.7305
1.5834
1.2802
0.18394
-1.018
-1.7681
-1.4587
-0.60447
-0.027353
0.38144
0.62574
0.85376
1.1262
1.5194
1.729
1.6108
1.3237
0.43911
-0.58047
-1.2737
-1.1078
0.098566
1.169
1.2705
0.45214
-0.21533
-0.11404
0.67171
1.4874
1.8394
1.6712
1.216
0.89308
0.83916
1.0617
1.1123
0.73765
-0.030061
-1.0656
-1.9304
-2.2047
-1.0408
-0.031587
0.55794
0.6297
-0.10073
-1.1455
-1.4866
-1.1889
-0.31609
0.93664
1.9017
2.01
0.84257
-0.24337
-0.6889
-0.56266
0.59543
2.1406
2.4261
1.427
0.27111
-0.21843
-0.11463
0.91373
2.0566
2.2573
1.3865
0.28319
-0.62313
-1.2822
-1.5721
-1.1227
-0.2876
0.29663
0.64238
0.64931
0.81889
1.2329
1.7639
2.0816
1.6934
0.97293
0
-0.50546
-0.51881
0.60421
1.8192
2.1114
1.5512
0.35761
-0.51246
-0.35631
0.72323
1.274
0.99137
0.024775
-1.4091
-2.2436
-2.314
-1.1605
-0.13316
0.58534
0.72581
-0.084093
-1.0639
-1.1952
-0.25387
0.92509
1.8343
1.7794
0.55609
-0.66586
-1.1018
-0.56195
0.52948
1.3766
1.5587
0.92046
-0.35666
-1.4905
-2.002
-1.8572
-0.98508
-0.26751
0.08108
0.27682
0.69008
0.17054
-1.0187
-1.6564
-1.415
-0.39185
0.95166
2.0524
1.827
0.6862
-0.40533
-0.26932
0.88588
1.3834
0.84273
0.26847
0.073089
0.65555
1.859
2.5611
2.2183
1.0692
-0.076047
-0.76336
-0.37968
0.73988
1.0433
0.31281
-0.63817
-1.3624
-1.4037
-1.1232
-0.72156
-0.83029
-1.1953
-1.3239
-1.2077
-0.79424
-0.15753
0.70221
1.4242
1.9705
2.0063
1.5547
0.89169
0.26426
-0.17085
-0.60061
-0.52378
-0.3573
-0.76706
-1.2366
-1.1618
-0.19685
1.1061
2.0864
2.3767
1.4765
0.12063
-0.43099
-0.52052
0.28731
1.3787
1.6132
0.49807
-1.1295
-1.7879
-1.8952
-1.3022
-0.19125
0.41466
0.41223
0
0.67958
1.1742
1.6683
1.4711
1.0703
0.39127
-0.58364
-0.85405
-1.1331
-0.9193
-0.51434
1.0566
1.2418
1.6331
1.9304
1.3717
0.34599
-0.63218
-1.112
-0.87446
-0.42595
-0.052702
-0.32039
-1.093
-2.2002
-2.3596
-1.519
-0.40737
0.22908
-0.26154
-1.2271
-1.7229
-1.1378
0.18159
1.1279
1.6225
1.0235
-0.24249
-1.2394
-1.5038
-1.1871
0.049426
1.4161
1.9416
1.3229
0.16188
-0.45217
-0.35942
0.48495
1.5192
1.9054
1.9059
1.5252
0.92994
0.40844
0.43266
0.76568
1.1588
1.19
0.61422
-0.21719
-1.1964
-1.4084
-1.2957
-1.0017
-0.91881
-0.88709
-1.0921
-1.4756
-0.88823
0.071501
1.2414
1.6054
1.25
0.51945
0.11702
0.64722
1.3806
1.8852
1.5488
0.47826
-0.84491
-1.4005
-0.93573
0.026249
0.71169
0.94947
1.0885
1.0264
1.0956
1.4041
1.6161
1.5655
1.0685
0.35021
-0.54748
-0.87652
-0.70344
-0.07881
0.62562
1.1644
1.3674
1.0787
0.77117
0.80743
0.98485
1.2375
1.5595
1.6583
1.4368
0.90122
0.30575
-0.39757
-1.0906
-1.0171
-0.74766
-0.31538
0.20577
0.83156
1.4366
1.6495
1.686
1.4523
1.1818
0.96464
0.96375
0.80587
0.2471
-0.14432
-0.76977
-0.50892
-0.20782
0.34431
0.71516
0.83292
0.98398
1.0217
1.1753
1.4209
1.5789
1.4138
0.96644
0.59924
0.46385
0.59739
0.8428
1.0658
0.98553
0.91384
1.0391
1.267
1.5046
1.5915
1.5241
0.87617
-0.032094
-0.85178
-0.93989
-0.46533
0.76959
1.1177
0.86308
0.59997
0.58041
0.80142
1.0307
1.197
1.2126
1.0312
0.89253
1.0124
1.2161
1.4096
1.4429
1.0608
0.040043
-1.0041
-1.683
-1.6903
-0.68532
0.69984
1.2594
0.82493
-0.045493
-0.39059
0.5213
1.2725
2.191
1.5748
0.55627
-0.69626
-1.2172
-1.1402
-0.66692
0.57502
0.7987
0.58239
0.3851
0.42797
0.61791
0.87936
1.4247
1.8023
1.867
1.4705
0.89345
0.2215
-0.32073
-0.81566
-1.4256
-1.7217
-1.4332
-0.68143
-0.10728
0.55232
1.114
1.3246
1.2374
1.0472
1.1687
1.2888
1.4667
1.2267
0.34585
-0.68112
-1.089
-0.67306
0.1297
0.89592
1.2769
1.3877
1.2626
1.1766
1.2604
1.1332
0.99535
0.7292
0.26
-0.79774
-1.5063
-1.8149
-1.485
-0.517
0.58222
1.3255
1.5496
1.3617
0.78125
0.41919
0.099131
-0.36117
-0.93219
-1.4177
-1.1207
-0.83155
-0.916
-1.2089
-1.5164
-1.5187
-1.293
0.040872
1.0441
1.8844
1.77
0.51732
-0.065436
-0.11252
0.20435
-0.18888
-0.8944
-1.446
-1.5682
-1.5168
-1.1974
-0.86395
-0.82955
-1.1125
-1.0803
0
0.92352
1.4264
1.3023
0.39032
-0.73566
-1.5738
-1.4849
-1.087
-0.6021
-0.55605
-0.9391
-1.2657
-1.1436
-0.35832
0.54641
1.6561
2.2519
1.8764
0.83848
0.11869
0.085347
0.85873
2.1393
2.1989
0.97436
0
-0.10657
0.57118
1.7875
2.3991
1.8349
0.89749
0.067068
0.2258
0.88842
1.638
1.6089
0.90438
-0.059125
-1.0733
-1.4843
-1.4298
-1.1486
-0.82433
-0.8677
-1.2933
-1.8565
-1.4099
-0.43817
0.22906
0.3623
-0.033816
-0.94536
-1.3556
-1.1953
-1.0703
-1.0704
-1.1414
-1.2138
-1.4881
-1.5119
-0.84392
0.25191
1.0014
1.224
0.75813
-0.61475
-1.2944
-0.6129
0.36717
0.76387
0.26282
-0.81589
-1.9899
-2.1684
-1.735
-0.85311
-0.27529
0.20625
0.89951
1.2732
1.6121
1.3301
0.72973
-0.038362
-0.80158
-1.2352
-1.4474
-1.2575
-0.96729
-0.96391
-1.3471
-1.5578
-1.3788
-0.87716
-0.38612
-0.33072
-0.5134
-0.87926
-0.92838
-1.0334
-1.2422
-1.4139
-1.0788
