-0.36431
-0.5925
-0.38773
0.52501
1.188
0.68592
-0.11441
-0.54964
-0.75638
-0.43585
0.48213
1.7692
2.2076
2.4396
2.3495
1.2448
0
0
-0.87815
-1.3183
-1.3888
-1.0193
-0.41732
0.16242
0.48767
0.69723
1.1397
0.88459
0.60574
1.4223
2.2869
2.7324
3.2722
3.345
2.4113
1.6401
0.58621
-0.46934
-1.1273
-0.75216
-0.35286
-0.51794
-0.16493
0.82531
1.6283
1.9367
2.0091
1.3957
0.16572
-0.82928
-0.90108
-0.5221
-0.59376
-0.071309
0.4044
0.47615
0.4527
0.33384
-0.19092
-0.76427
-0.45415
-0.23921
-0.28729
-0.47919
-0.28774
-0.095991
0
0.048072
-0.26461
-0.79445
-0.7228
0.072338
0.50677
0.91774
2.0545
3.0721
3.1956
3.0043
2.6672
1.3347
0.31572
-0.097221
-0.53514
-0.53557
-0.073091
0.82902
0.85409
0.61055
0.85545
0.63599
-0.024481
-0.882
-1.275
-1.6932
-1.1297
0.27037
1.1561
0.68931
0.098551
-0.29589
-0.93774
-0.79031
-0.71679
-0.81632
-0.29708
1.1893
2.5045
2.432
1.8379
0.79541
-0.44778
-2.0913
-2.5914
-2.4189
-1.6222
-0.52452
0.82492
1.6762
1.8528
2.0047
1.4044
0.42668
-0.42703
-0.65363
-0.72964
-1.1583
-0.90723
-0.27743
0.15145
0.25262
0
-0.63259
-1.5954
-2.0783
-2.0039
-1.5993
-0.99085
-0.43226
-0.71254
-1.0952
-1.1725
-1.1224
-1.2765
-1.2265
-0.7416
-0.53746
-0.48667
-0.38452
-0.6414
-1.1811
-1.5162
-1.3888
-1.3642
-0.74705
0.61875
1.0579
0.64558
0.46519
0.67249
0.3624
-0.23316
-0.49263
-0.36328
0.38954
1.6894
2.7832
3.0198
3.1785
2.9464
1.8788
0.70513
0.75797
0.47084
-0.41886
-1.0742
-1.1537
-1.0759
-0.81411
0.31539
1.9464
3.1852
4.0571
4.6403
4.6175
3.9345
3.6469
2.9092
1.2969
-0.74167
-2.1472
-2.9447
-2.947
-1.4879
0.53179
2.0756
3.0358
3.0914
1.4402
-0.42704
-1.4423
-2.0047
-2.1667
-1.74
-0.37504
0.72382
1.5828
1.8256
1.2896
0.34951
-0.32285
-0.37693
-1.0238
-1.4289
-1.6188
-1.4309
-1.4049
-0.91921
0
0.89339
1.9234
2.7651
3.1195
2.6601
1.7655
0.67949
-0.54394
-1.0069
-0.92587
-0.57222
-0.081796
0.92759
1.5833
1.3385
1.2299
1.3127
0.76619
0.1369
0.16437
-0.082234
-0.46625
-0.65861
-0.16474
0.1923
0.4123
1.1551
1.706
1.4591
0.99158
0.5236
-0.33086
-1.1586
-1.2143
-0.994
-0.66298
0.13818
1.3548
1.8257
1.6881
1.8272
1.191
0.19396
-0.52667
-0.38823
-0.11096
0.61054
1.4991
1.3886
0.47229
0.083374
0.44481
0.25029
0.083455
-0.22262
-0.86289
-1.058
-1.1976
-1.2258
-1.6998
-2.0905
-1.617
-1.0876
-1.1157
-1.3949
-1.8696
-2.6514
-2.1773
-0.97717
-0.13962
0.30721
1.229
1.6202
1.0896
0.55883
0.13972
-0.11179
0.22359
1.3416
2.0685
2.8792
2.4879
2.1805
1.9289
1.7053
2.1525
2.2084
1.202
0.78265
0.97826
1.3415
1.6488
2.2914
2.5985
2.2909
2.3185
2.8768
2.4575
1.3961
0.80957
0.083733
0.083716
0.44639
0.61365
0.027887
-0.64123
-1.1428
-1.7555
-2.3121
-2.2
-1.1971
-0.11132
1.252
2.7256
2.8636
2.3345
1.6113
0.88864
-0.27759
-1.5816
-2.1079
-2.0792
-1.1638
0.027697
1.2181
0.99612
0.80202
1.2715
1.3261
1.2149
1.4074
1.186
0.57886
0.74381
0.90855
0.88047
0.76993
1.0717
1.4555
1.3996
1.3438
1.4251
0.8216
-0.19157
-0.71103
-1.2024
-1.6384
-1.5553
-1.2542
-1.4439
-1.4699
-0.87037
-0.46201
-0.24439
0.32558
0.84035
0.89379
0.73064
0.97332
0.54024
-0.18891
-0.6471
-0.75425
-1.1034
-1.425
-0.96696
-0.61718
-0.29488
0.21424
0.56182
0.29399
0.24029
0.4534
0.6927
0.53228
0.58488
0.77015
0.84889
1.2189
1.0852
0.58167
0.026409
0.18466
0.60603
0.55269
0.97264
1.8117
2.5701
2.8552
2.7732
2.796
2.1401
1.6683
1.3538
0.91007
0.5973
0.98559
1.5283
1.3711
1.0852
0.82572
0.48963
0.30884
0.77108
1.5144
1.6406
1.4848
1.2016
0.68934
-0.07649
-0.10185
0.050854
-0.35549
-0.050714
0.68369
0.9356
0.65653
0.15129
-0.45325
-1.2321
-2.2096
-3.1843
-3.6304
-2.8002
-0.99863
0.6731
1.9417
2.5106
2.8048
2.3298
1.2869
-0.074138
-1.9001
-3.425
-3.6906
-2.5059
-1.4473
-0.12247
1.1985
1.7828
1.9508
1.5096
0.68076
-0.80112
-1.6726
-1.7427
-1.7642
-2.1959
-2.5781
-2.478
-2.9307
-2.9503
-2.0597
-1.0761
-0.19102
0.73911
1.8331
1.9729
1.3766
0.42658
-0.82821
-1.5594
-1.1324
-0.25912
0.30578
0.75155
1.1491
0.91322
0.74819
0.65369
0.093244
-0.69829
-1.348
-1.3228
-0.78788
-0.16197
0.4852
0.16149
-0.71414
-0.87411
-0.48235
-0.18349
-0.34354
-0.22869
-0.045672
0
0.29601
0.61391
0.79468
1.1563
1.449
1.3113
0.92563
0.60871
0.6979
0.58452
0.24695
0.20177
0.22388
0.33536
0.69214
1.2486
1.1579
0.95616
1.1769
1.0423
0.26577
0.15483
0.37551
0.4412
0.59484
0.77009
0.63725
0.35114
0.30685
0.24079
-0.91824
-1.7687
-1.8101
-1.4811
-1.066
-0.54321
-0.26042
-0.19508
0.15155
0.60548
0.88556
0.60406
0.40943
-0.064572
-0.68798
-0.75163
-0.27886
0.042854
0.042807
0.3207
0.34171
0.64001
0.55409
0.085154
-0.68052
-1.041
-0.55178
-0.1272
-0.063538
-0.21158
-0.12682
0.27452
0.78056
1.5807
1.2844
0.52591
0
0.083991
0.37762
0.4192
0.23036
-0.31385
-0.43901
0.041775
0.73046
0.72985
0.41672
0.27065
-0.062408
-0.29101
-0.29078
-0.18679
-0.60143
-1.0776
-0.89047
-0.43457
0
0.35131
0.26846
-0.63975
-0.92807
-0.32977
0.35016
0.5352
0.6583
0.59623
0.10274
-0.32857
-0.63625
-1.4154
-2.5012
-2.254
-0.86018
0.40941
1.78
2.7813
2.6982
1.7163
1.062
0.81655
0.42851
0.32635
0.71361
1.2432
1.7114
2.2403
2.0155
0.91584
-0.20345
-0.54916
-0.73199
-1.2603
-1.6054
-1.8691
-1.9499
-1.0762
0.081206
0.97427
1.522
2.313
2.7791
2.7584
2.5146
1.8046
0.16219
-1.3581
-1.9052
-1.8848
-1.4793
-0.6079
0.54707
1.1144
1.1953
1.5195
1.2156
0.20259
-0.52674
-0.99272
-1.6411
-1.8843
-1.8236
-1.6211
-1.4591
-0.87146
-0.081074
0.14189
0.10137
0.081103
-0.32446
-1.1561
-1.7039
-1.8057
-2.3539
-2.8212
-2.5781
-2.1523
-1.8482
-1.1782
-0.5283
-0.20324
0.22363
0.95578
1.2205
1.0377
0.79381
0.59045
0.040734
-0.26486
-0.14267
0.30583
0.97902
2.122
2.7964
2.7363
2.145
1.3693
0.65426
0.18409
0.5116
1.0441
1.0037
0.8197
0.28703
-0.24615
-0.80039
-1.0267
-0.88339
-0.78108
-0.63754
-0.72019
-1.1735
-1.751
-1.7314
-1.5468
-0.90797
0.16518
1.0743
1.1577
0.74469
0.82795
1.1184
1.1399
0.82955
0.62257
0.083064
-0.12468
0.33271
0.68668
0.35399
-0.14586
-0.33363
-0.22954
-0.37588
-0.66871
-1.192
-1.3394
-0.94246
-0.54494
-0.54536
-0.50379
-0.54619
-0.883
-1.1572
-0.94756
-1.0115
-2.0669
-2.554
-2.4293
-2.6216
-2.5602
-1.8
-1.2081
-0.97574
-0.27598
0.38246
0.6805
0.21284
0.44734
0.91678
0.68284
0.1495
-0.34202
-0.94138
-1.0064
-0.21433
0.55775
0.64413
0.40832
0.10755
-0.45211
-0.49562
-0.021568
0.021588
-0.41055
-0.77859
-0.8226
-1.4301
-1.8001
-1.5195
-0.80393
-0.043496
0.89251
1.8303
1.7666
1.8337
2.1632
2.2746
1.7513
1.4681
1.0747
0.021954
-0.32962
-0.24195
-0.19815
-0.11019
0.2647
0.81695
0.59672
0.42032
0.48715
0.17731
-0.55464
-0.77723
-0.26673
-0.022249
0.33405
0.71333
0.71401
0.67002
1.0954
1.4769
1.3887
1.2779
1.0996
0.62893
-0.11241
-0.11252
0.022525
0.24801
0.74474
1.649
1.9897
2.0594
2.8316
2.9702
2.4964
1.84
1.0686
0.45515
0.29612
0.79797
1.2779
1.2334
1.2802
1.35
1.2367
1.2608
1.2619
0.84968
0.11492
-0.18404
-0.11513
-0.13827
-0.20759
0.25394
0.34658
0.23125
0.64806
1.5984
1.5765
0.99777
0.60381
0.3254
-0.41872
-0.93125
-0.83881
-0.76954
-0.21004
0.51385
1.2155
1.7078
2.1774
2.2025
1.3835
0.44588
-0.070456
-0.54057
-1.082
-1.0357
-0.44756
0.30645
1.1795
1.8178
1.5356
0.82746
0.70975
0.94699
0.8292
0.68752
0.52192
0.28488
-0.14253
-0.1664
0.095147
0.61886
1.1671
1.6206
2.0032
1.8374
1.7908
1.1707
-0.14343
-1.0525
-1.3881
-1.7481
-1.4137
0.071923
1.967
4.0561
5.475
5.1896
3.0529
0.57722
-0.89033
-1.7093
-1.6138
-0.69885
1.0367
1.6161
1.641
1.521
0.84537
0.072492
-0.24174
0.024184
0.096777
0.72611
2.1066
3.0036
2.8109
1.9877
1.1882
0.072773
-0.26692
0.33983
0.97127
1.1416
1.0205
0.51038
-0.65639
-1.1672
-1.0703
-0.72992
-0.07301
1.3875
2.3861
2.1918
1.4615
0.43855
-0.56049
-0.56059
0.097512
0.21944
0.073159
0.46341
1.1465
1.6102
1.5616
1.513
1.025
0.58579
0.7079
1.3915
1.709
1.294
1.0743
0.75696
0.1221
-0.19536
-0.073261
0.073261
0.24421
1.1966
1.6606
1.3186
0.63488
0.31743
-0.24416
-0.29298
0.58591
1.0253
0.8055
0.85423
1.1226
0.80525
0.95154
1.7809
2.366
2.0486
1.3411
1.2922
0.65816
0.24372
-0.024367
-0.51161
-0.70636
0.073056
1.0225
0.99797
1.0707
1.1921
1.2161
0.89969
1.3856
1.4338
0.77745
0.46148
0.46133
0.16991
-0.12133
0.26683
0.55773
0.19393
-0.55734
-1.1869
-1.8645
-2.4205
-2.2986
-2.3461
-2.2726
-1.6434
-0.55561
0.19317
0.24136
-0.21713
-0.69934
-0.62671
-0.19275
0.024082
0.024071
0.24059
1.1062
1.5383
1.3693
0.88843
0.33599
-0.45575
-0.79115
-0.43131
-0.45502
-0.57445
-0.26315
0.11955
0.071687
0.21494
0.11934
-1.145
-2.5032
-2.8353
-2.3812
-1.9514
-1.4508
-0.4516
0.52258
0.546
0.30841
0.40305
0
-0.11839
-0.1893
-0.35471
-0.47264
-0.18893
0.094402
-0.023585
0.070706
0.37684
0.35304
-0.09408
-0.51708
-0.79856
-0.89188
-0.35181
0.44531
1.2179
1.5914
2.1048
2.4071
2.3586
2.4036
2.3085
1.6777
0.60538
0.23267
0.069747
-0.092926
0.51071
1.3918
1.4835
1.1581
1.2729
1.3875
1.2016
1.3392
1.2459
0.64553
-0.06911
-0.18415
-0.59802
-1.4249
-1.4008
-0.39009
0.4815
1.4663
2.4724
2.4704
1.8971
1.2789
0.84434
0.091208
-0.41011
0
0.36396
0.75007
1.1129
1.702
1.8367
1.654
1.5168
1.2215
0.58768
-0.1581
-0.74472
-1.2628
-1.4871
-1.0131
-0.60739
-0.7193
-0.67381
0.022443
0.5382
0.87388
1.0075
0.76065
0.22355
-0.20103
-0.82583
-1.4497
-1.4708
-1.0911
-0.97903
-1.0005
-0.24438
0.1554
0.022183
-0.088663
-0.31008
-1.0623
-2.0346
-1.79
-1.5899
-1.6329
-1.1466
-0.17627
0.66052
0.66004
0.5936
0.043939
-0.35126
0
0.43844
0.6572
0.67863
1.0938
1.3116
0.87382
0.34929
0.71991
1.0682
1.1764
1.4587
1.5882
1.5655
1.4123
1.1726
0.2604
0.086744
0.67184
1.1479
1.342
1.4493
1.3403
0.086419
-1.058
-1.4458
-1.8331
-1.7458
-0.81854
0.30139
0.51638
0.36556
0.064475
-1.0095
-1.9965
-2.2529
-2.123
-2.1862
-1.9923
-1.2633
-0.79181
-0.49196
0.29931
1.0684
1.5378
2.0921
2.3898
2.3247
2.0466
2.1096
1.7252
0.70257
-0.14897
-0.87214
-1.1057
-0.80766
0.29744
0.70084
0.57319
0.4032
0.06364
-0.7422
-1.1659
-0.78405
-0.67787
-0.67764
-0.063508
0.57139
0.5289
0.54989
0.84574
1.1626
1.2679
1.4999
1.9853
2.3226
2.6387
2.3848
1.266
0.18985
-0.29526
-0.25303
-0.25298
0.48478
1.5383
2.0437
1.8117
0.96888
0.084237
-1.2213
-1.7895
-1.5998
-1.2208
-0.94705
-0.33669
0.2525
0.1052
-0.37868
-1.0518
-1.7669
-2.0192
-1.4933
-0.33651
0.58886
1.3249
1.7455
1.3249
0.33647
-0.4206
-1.0515
-1.5352
-1.4722
-0.84128
-0.042066
0.39965
0.84141
0.84147
0.21038
-0.58912
-1.1784
-1.4731
-1.347
-0.25259
0.58944
0.98954
1.2002
1.0319
0.084253
-0.8216
-1.1589
-1.5384
-1.7494
-1.0541
0.042171
1.0334
1.7087
2.4053
2.3425
1.2876
0.23225
-0.25343
-0.54923
-0.16904
1.0356
2.093
2.453
2.771
3.1104
2.7303
2.1172
1.6519
1.3347
0.76291
0.25439
-0.25447
-0.86975
-1.1035
-1.21
-0.89191
-0.46736
0.72255
1.9559
2.0842
1.5531
0.51082
-1.0008
-2.0449
-1.9392
-1.3431
-0.72514
0.085347
0.74711
0.64065
0.14955
-0.17099
-0.66289
-1.4119
-1.8407
-2.0128
-2.5707
-2.7648
-1.8226
-0.62214
0.021463
0.21474
0.064453
-0.19345
-0.086022
0.68852
1.2916
1.4
1.336
1.5523
1.8551
1.8345
1.7491
1.1018
0.086464
-0.41092
-0.54097
-0.86602
-0.77983
0.13004
1.0409
1.5622
2.1275
2.0852
0.9345
-0.23919
-0.78323
-1.1755
-1.59
-1.4383
-0.61053
-0.17453
0.48023
0.93916
0.91783
0.30611
0.10939
0.17512
0
0.28489
0.76743
0.63623
0.24146
0.30749
0.46149
0.30783
0.198
-0.022012
-0.48454
-0.94759
-0.88197
-1.3458
-2.2957
-2.6503
-2.2982
-1.8351
-1.2831
-0.088538
0.53152
0.46533
-0.088682
-0.8873
-1.7312
-2.0208
-1.2887
-0.93366
-1.1343
-1.3352
-1.4472
-1.6039
-1.7831
-1.5387
-1.2048
-0.71432
0.17867
1.1396
1.5873
1.4091
1.0294
0.29106
-0.49281
-0.89645
-0.98656
-1.346
-1.2344
-0.42662
0.35942
1.1911
2.0011
2.5644
2.2055
1.3509
0.24777
-0.87883
-1.6232
-1.6464
-0.99276
-0.54173
-0.090325
0.42922
0.65538
0.49738
0.11308
-0.29413
-0.63376
-0.52078
-0.52097
-0.92902
-1.7227
-1.6779
-1.1568
-1.0438
-0.81712
-0.54493
-0.43154
-0.49983
0.18181
0.50014
0.02274
-0.31845
-0.22753
-0.34139
-0.86509
-1.2752
-1.2528
-0.77463
0.2051
0.95735
0.95757
0.29646
0.38776
0.73005
0.8443
0.93576
0.73048
0.068495
-0.3197
0.13704
0.6853
0.79964
0.91401
0.95985
0.75427
0.57149
0.68587
0.80027
0.091469
-0.70895
-1.1893
-1.5325
-1.3496
-0.77781
-0.50332
-0.27455
0.64065
1.7848
1.9679
1.5789
0.89244
0.45767
0.75515
1.6018
2.4485
2.0137
1.2356
1.0525
0.82369
0.32031
0.068634
0.18301
-0.22875
-0.36597
0.27445
0.93763
0.91467
1.0289
1.2117
1.0058
0.75425
0.34279
-0.45699
-1.3708
-1.8046
-2.0098
-2.215
-1.7351
-0.61631
0.36515
1.1637
2.3041
2.5088
1.619
0.93469
0.22792
-0.82031
-1.9136
-2.1636
-2.1631
-2.0714
-1.5247
-0.75075
-0.34115
0.29558
1.5456
1.9542
1.2494
0.2725
-0.61292
-1.5658
-1.7241
-1.0432
-0.56673
0.20395
1.7443
3.1475
2.9879
2.059
1.0404
-0.11304
-0.2034
0.81326
1.6484
1.4897
0.90248
0.94719
1.4427
2.0279
2.1846
2.0035
1.2601
0.89963
1.1465
1.3931
1.6395
2.0203
1.8847
1.1885
1.0086
1.1649
1.0972
1.0295
1.7
2.2803
2.2568
1.8089
1.4731
1.0485
0.31214
-0.22283
-0.84629
-1.4023
-1.4682
-1.2895
-0.53329
0.37752
1.2873
1.5305
0.82023
-0.04431
-0.59783
-0.9294
-0.90672
-0.55254
-0.044176
0.33112
0.92655
1.3669
1.1678
0.61655
0.26407
-0.19792
-0.65933
-0.87854
-1.1633
-1.6013
-1.4906
-0.76674
-0.19703
0.043756
0.2405
0.50253
0.28385
0.39277
0.82862
1.0678
1.1324
1.0011
0.8264
0.49985
0.47779
0.47747
0.1952
-0.28176
-0.54147
-0.36795
-0.23792
0.10807
0.47519
0.49644
0.25883
0.32332
0.3231
-0.30135
-0.92492
-0.68784
-0.06444
0.53663
1.1798
1.0289
0.23562
-0.42811
-0.47059
-0.42751
-0.53402
-0.49095
-0.61859
-0.72474
0.042602
0.70245
0.38289
-0.4889
-0.67974
-0.97645
-1.3576
-1.2507
-0.57194
0
0.3173
0.90898
0.99285
0.52775
0.14767
0.18973
0.042133
-0.042104
0.44179
0.79888
1.5547
2.6243
3.4198
3.3965
2.8285
2.1776
1.2973
0.52275
0.43882
1.0023
1.2938
1.5224
1.4588
0.85391
0.10407
-0.37439
-0.51965
-0.81013
-0.70581
-0.53939
-0.18659
0.39367
0.91107
0.93119
0.4136
0.041334
-0.082616
-0.082565
-0.082513
0.18554
0.55628
0.51476
0.39098
0.10283
-0.22608
-0.71892
-0.47215
-0.32826
-0.38958
-0.55329
-0.86016
-1.1667
-1.3706
-0.98135
-0.36779
-0.040843
0.02041
-0.061196
-0.44852
-1.1614
-1.8125
-2.7274
-3.5396
-3.863
-3.4139
-2.5388
-1.624
-0.64925
-0.26362
-0.52697
-0.93186
-1.3768
-2.0844
-2.6296
-2.325
-1.2124
0.14138
1.5747
2.381
2.0371
1.3708
0.9672
0.72507
0.80527
1.1872
1.5487
1.347
0.84403
0.52227
0.16063
0.14049
0.56173
1.2433
1.6437
2.1039
2.3434
1.7819
0.7605
-0.060016
-0.79991
-1.4193
-1.139
-0.059926
1.238
1.9163
2.2149
1.9349
0.87736
0.1196
-0.39853
-0.8964
-0.95585
-0.039814
1.1543
2.0492
2.4662
2.4853
2.0075
0.99355
0.27811
0.059579
-0.039708
0.23818
0.17859
-0.019838
-0.1785
-0.11897
-0.45593
-0.79274
-0.75292
-0.45561
-0.35648
0.0792
0.49489
0.43541
-0.07915
-0.31653
-0.29669
-0.61305
-0.33612
0.3756
0.83012
1.0671
1.304
1.0075
0.059255
-0.86894
-1.6191
-2.1125
-2.0135
-1.0263
-0.019735
0.17759
0.3946
0.39455
0.17753
0.078893
0.35498
0.41411
0.019718
0.19716
0.57172
0.55196
0.33509
0.41391
0.39418
0.11825
0
0.039412
-0.019705
-0.53201
-0.96547
-1.4186
-2.1476
-2.5022
-2.0687
-1.4776
-1.2609
-0.92596
-0.74865
-0.61075
-0.57135
-0.66987
-0.7487
-0.17733
0.98519
2.1478
2.5223
2.2268
1.4977
0.37445
-0.41389
-0.33508
-0.17741
-0.098566
-0.19715
-0.25631
-1.0451
-1.6367
-1.6566
-1.4201
-0.71012
0.55237
1.7362
1.8351
1.1643
0.098684
-0.96723
-1.7373
-1.8757
-1.1454
-0.63201
0
0.67171
1.0472
1.1067
0.77087
0.257
-0.75136
-1.0481
-0.69229
-0.57372
-0.79149
-1.2864
-1.643
-1.9601
-1.4852
-0.69325
-0.43585
-0.4954
0.43604
1.1498
1.3682
1.3289
1.2102
1.012
0.37712
0.47648
0.69504
0.73494
0.6954
0.73533
0.39758
-0.13919
-0.07956
0.13927
0.039803
-0.039814
-0.13939
-0.3187
-0.25902
0.49827
0.83734
0.87749
1.177
1.5765
1.4971
1.0983
0.91885
0.77928
0.83951
1.0797
1.1601
0.82036
0.66052
0.90103
1.2218
1.3024
1.1225
1.0427
0.18053
-0.602
-1.0238
-1.3455
-1.7679
-1.7083
-1.0053
-0.26147
0.44267
1.1272
0.98674
0.10073
-0.7054
-0.90731
-0.84718
-0.38341
0.24226
0.72708
1.4548
2.6279
3.3571
3.2169
2.5302
1.6403
0.60778
-0.42564
-0.81112
-0.75064
-0.28416
0.6295
1.3002
1.1992
0.95577
1.0376
1.0788
0.8757
0.22413
-0.34655
-0.38752
-0.22446
0.38791
0.89877
0.67442
0.36806
-0.020458
-0.28657
-0.26624
0.49177
1.6196
2.1948
2.4013
1.8892
1.0889
0.39059
0.49365
0.88494
1.1119
1.195
1.443
1.4232
1.6304
2.1476
2.8514
3.1838
3.2684
3.2704
2.9409
2.8391
2.8408
2.303
1.2041
0.18696
-0.37415
-0.87355
-1.103
-0.70804
-0.18754
0.37531
1.4187
2.2339
2.1726
1.6514
1.0459
0.25117
-0.27228
-0.14671
0.041944
-0.083944
0
0.63042
1.0935
1.2625
1.2423
0.90605
0.44279
0.2743
0.40117
0.35919
-0.14801
-0.38086
-0.50816
-0.84754
-0.82694
-0.55169
-0.80689
-1.275
-1.4247
-1.4045
-1.4055
-1.3426
-1.1303
-1.2165
-1.2815
-1.1756
-0.91979
-0.72782
-0.1928
0.36446
0.4291
0.38649
0.60167
0.70966
0.58108
0
-0.6682
-1.661
-1.835
-1.1451
-0.32434
0.34624
1.0179
1.5606
1.2798
0.56445
-0.239
-1.3264
-2.1545
-1.6989
-0.67575
0.1309
0.89521
0.96151
0.1531
-0.76612
-0.56959
0.13156
0.57055
1.0323
1.4728
1.298
0.15413
-0.81541
-1.0587
-1.1038
-0.95009
-0.55286
-0.53121
-0.73105
-0.15521
0.37726
0.24432
0.42239
0.77877
0.69038
0.49038
0.62468
0.35728
-0.0894
-0.04474
0.49258
0.58267
0.53833
0.87558
1.1011
0.96714
0.76541
0.60838
0.13532
0.29346
1.062
1.4474
1.2676
0.77035
0.2041
-0.81717
-1.6131
-2.1832
-2.1397
-1.4126
-0.18244
0.93588
0.77682
0.52599
0.16023
-0.32077
-0.64214
-0.22955
0.66632
1.1499
1.8646
2.2581
1.7067
0.60021
-0.27728
-0.85576
-1.2038
-1.2513
-0.90458
-0.74292
-0.488
0.30238
0.41908
0
-0.16328
-0.6304
-1.4957
-2.1053
-2.1073
-2.3202
-2.252
-1.6436
-0.70507
-0.14115
0.3532
1.5084
2.0524
1.6293
1.1581
0.8753
-0.023679
-1.0428
-1.2573
-1.3534
-1.1646
-0.47577
0.4524
0.61964
0.21469
-0.047752
-0.19118
-0.28703
-0.55064
-0.69491
-0.9114
-0.50412
0.16819
0.024049
-0.26477
-0.40955
-0.62693
-1.5204
-1.9807
-1.6198
-1.1373
-0.6781
0.19391
1.31
1.6996
2.017
2.3106
1.8257
1.3156
1.6093
2.1719
2.4179
3.2265
3.8407
3.2317
2.0827
1.0544
0.19633
-0.36841
-0.31954
0.049198
0.46774
1.084
2.3669
2.8622
1.8273
0.51893
-0.49458
-0.98988
-1.263
-0.27261
1.1408
2.308
3.3527
3.3053
2.1387
0.22397
-1.2451
-2.2925
-3.1418
-2.9442
-1.9474
-0.94934
-0.32498
0.27515
0.1752
-0.025044
-0.50117
-0.67697
-0.67736
0
1.1804
1.9601
2.3886
2.5408
2.3911
1.3346
0.40311
0.3781
0.50438
0.42893
0.98447
1.6415
1.4149
1.3144
1.4414
0.86012
0.025308
-0.45572
-0.58253
-0.78545
-0.3295
0.48175
0.93846
1.294
1.5228
1.4725
0.40633
-0.45726
-0.88936
-1.2454
-1.322
-0.81375
-0.050871
0.58515
1.5777
2.1889
2.062
1.5277
1.4261
1.4008
1.3246
1.5031
1.3759
0.63704
0.076452
0.20389
0.53525
0.43332
0.33138
0.2804
0.25492
0.28041
0.58632
0.66278
0.22942
0.5098
0.96856
0.81558
0.15291
-0.050965
-0.30576
-0.76431
-1.0189
-0.7641
-0.68758
-0.35647
0.076372
-0.15271
-0.76342
-1.1958
-1.0174
-1.1952
-1.2966
-0.78791
-0.25409
0.25402
0.8634
1.2693
0.35529
-0.35516
-0.65935
-0.91261
-1.0136
-0.55728
-0.22788
-0.70867
-0.75897
-0.2023
0.25276
0.075792
0.27777
0.075718
-0.65589
-1.0842
-1.1088
-1.0578
-0.60414
0.6038
1.6343
1.6334
1.2808
0.67765
0.050165
-0.050132
0.67635
1.0514
0.80052
0.77497
0.69949
-0.099856
-0.47397
0.049855
0.62273
0.57248
0.074614
-0.44734
-0.89397
-1.191
-1.438
-1.8084
-2.0049
-0.89031
0.44477
0.96284
0.46867
-0.41897
-1.3296
-2.1157
-2.7774
-2.652
-3.1157
-3.6029
-3.673
-3.5471
-2.9327
-2.2218
-1.3415
-1.3889
-1.4605
-1.2159
-1.2146
-1.0435
-0.65455
-0.50856
-0.82252
-0.62831
-0.19312
0.048228
0.1927
0.76997
1.0575
1.0084
1.0072
0.88633
0.74176
0.50191
0.85944
0.95384
0.42873
0.071373
0.047526
-0.28482
-0.42673
0.37887
0.75684
0.33072
0.16516
0.23566
-0.37661
-1.1049
-0.93924
-0.84428
-0.86667
-0.53808
-0.070098
-0.046674
-0.093233
0.093118
0.186
0.23221
0.16235
-0.34745
-1.5037
-2.5185
-2.6307
-2.3969
-2.1867
-1.5632
-0.87246
-0.80257
-1.2138
-1.2351
-0.8452
-0.66161
-0.59241
-0.22756
-0.22727
-0.068095
0.18135
-0.20376
-0.63313
-0.49682
0.022554
0.11263
0.31496
0.47184
0.2244
-0.47065
-1.052
-1.5425
-1.5182
-0.69127
-0.022271
-0.044486
-0.24437
-0.11094
0
-0.35412
-0.37579
0.13247
1.0143
1.7839
2.6836
2.922
2.2602
1.6219
1.2697
1.0495
1.0482
1.3524
1.1983
0.7181
0.739
0.71642
0.2819
-0.25991
-0.021635
0.19449
0.47487
1.1643
1.5506
1.3768
0.77359
0.62248
0.70756
0.92097
1.0483
1.2396
1.0674
1.3222
1.8534
1.8515
1.7433
2.0388
2.4399
2.6282
3.0067
2.8133
2.0075
1.0978
0.65382
0.63212
0.69468
1.346
2.2693
2.792
2.6426
2.1793
1.7168
1.2341
1.254
1.8585
2.2742
2.168
2.1663
2.1645
1.4557
0.66494
0.16611
-0.16598
-0.20731
0.58005
1.242
0.78606
0.16537
-0.33051
-0.61927
-0.61885
0.082459
0.80345
1.4206
2.2427
3.1255
2.9181
1.6841
0.77999
-0.12309
-0.59459
-0.22541
0.40962
0.81883
1.3708
2.4745
2.9639
2.9421
2.4711
1.3677
-0.30606
-1.5297
-1.7737
-1.7119
-1.2223
-0.020365
0.97719
1.0786
0.95621
1.1593
1.1793
0.83341
0.71126
0.65013
0.44686
0.2843
0.62939
1.0758
1.4207
1.9886
2.2115
1.4606
0.3651
-0.20281
-0.52725
-0.81109
-0.89213
-0.64878
-0.91231
-0.9731
-0.70954
-0.66899
-1.3177
-1.7232
-1.9058
-2.1086
-2.0074
-1.5614
-1.5818
-1.724
-1.7647
-1.7041
-1.7044
-0.95378
-0.28415
-0.34511
-0.48731
-0.14216
-0.040627
-0.2235
-0.44712
-0.6302
-0.87439
-0.89499
-0.63076
-0.77343
-1.242
-1.5886
-1.7115
-1.7529
-1.3865
-0.63234
-0.40813
-0.20415
0.38806
0.71516
0.40885
0
-0.42971
-0.61417
-0.4711
-0.16395
-0.020504
-0.45134
-0.5337
0
0.57542
0.82252
0.53496
-0.082352
-1.1537
-1.9583
-1.8152
-0.80501
0.061965
0.99212
1.5306
1.0349
0.72496
1.0364
1.3276
1.4946
1.5789
1.3098
0.95712
0.52058
0.08336
-0.292
-0.52185
-0.062674
0.79453
1.2347
1.5918
1.6141
1.133
0.37799
0.12611
0.21037
0.3369
0.73765
0.97038
0.88682
0.59177
0.76158
0.86818
1.1446
1.7185
2.5272
2.8061
2.4258
1.8319
0.83157
-0.042688
-0.23502
0.14972
0.66371
1.2645
2.1455
2.3196
1.634
0.75332
-0.23701
-1.4667
-1.5763
-0.6485
0.1082
0.41162
0.5422
0.62965
-0.065208
-0.69633
-0.69712
-0.61066
-0.37118
0.26231
0.91911
0.83253
0.39481
-0.021959
0.1319
0.63827
1.0797
1.3016
1.0822
1.0393
1.2618
1.0417
0.55473
0.51095
0.86741
0.73482
0.6911
1.049
1.1843
1.141
1.6351
1.9286
1.639
1.6184
1.7554
1.5096
0.90231
0.65495
0.067833
-0.54331
-0.18132
0.63535
1.3403
1.7058
2.2088
1.8694
0.9358
0.29706
0.27453
0.20614
0.27517
0.61986
0.80445
0.71333
0.96756
1.0379
0.4618
0.20805
0.27771
0.25486
0.37113
0.76631
1.0461
0.37238
-0.72229
-1.5162
-2.1016
-2.5481
-2.6211
-2.1789
-2.4627
-2.4653
-1.9274
-1.4589
-1.0364
-0.18864
0.59013
0.75616
0.96985
0.78142
0.11852
-0.47457
-0.40379
-0.14266
-0.49981
-0.45267
0.047697
0.5968
0.43012
0.59797
0.93373
0.8867
0.69564
0.62427
0.84115
1.1065
1.9503
2.1208
1.7126
1.9315
2.4165
2.2735
1.7914
1.5749
1.358
1.4077
1.3603
0.99674
0.3163
-0.073052
0.34119
0.9756
1.0252
0.73285
0.56229
0.048932
-0.39175
-0.024503
-0.024521
-0.39262
-0.1719
0.41776
0.44264
0.2953
0.197
0.12321
0.17261
0.39479
0.46911
-0.14823
-0.42026
-0.098946
0.14851
0.32196
0.7682
1.1902
0.79389
0.12411
-0.62091
-1.6898
-2.5858
-2.3881
-1.344
-0.24901
0.49827
0.92223
1.4962
1.6715
1.872
1.2985
0.29978
0.17494
0.65006
0.85042
0.075067
-0.57573
-1.3522
-2.1042
-2.13
-1.6043
-1.2538
-1.0034
0.40148
1.6315
1.5316
0.52741
-0.62804
-1.759
-2.0359
-1.2068
-0.57839
-0.40245
0.35222
1.384
1.7367
0.93145
0.20143
0.20147
0.42819
1.1084
2.0157
2.0663
1.5626
1.6384
1.4621
1.2606
1.059
1.2356
1.387
2.0177
2.4214
2.1188
1.7153
1.2613
1.2614
0.55503
0
-0.050459
-0.32799
-0.83259
-0.63075
-0.02523
0.075688
-0.050457
0.12614
0.40363
0.30271
-0.27747
-1.4629
-2.4465
-2.4463
-1.6644
-1.0086
-0.25213
1.0336
1.8402
1.5376
1.1593
0.3528
-0.57953
-1.0581
-0.25191
0.57931
0.80588
1.0324
1.1581
0.4531
-0.50337
-0.85559
-1.4845
-1.7358
-0.93061
0.37721
1.0057
0.77927
0.5278
0
-0.55272
-0.87915
-0.97942
-1.2303
-1.2552
-0.57725
0.12546
0.27596
0.17557
0.025076
-0.32592
-0.27572
-0.02506
0.075163
-0.22544
-0.45077
-0.27541
-0.25032
0.25026
0.90072
0.92553
0.025009
-1.0501
-1.2248
-1.6494
-1.5491
-1.0741
-0.89906
-0.67414
-0.12481
-0.12478
-1.0978
-1.9956
-2.2944
-2.3936
-2.1438
-1.1215
-0.1495
0.049823
0
0.22411
0.59749
0.72181
1.518
1.9904
1.5671
1.343
1.293
1.417
1.1682
1.2674
1.2174
0.99364
1.068
1.0429
0.94346
1.1667
1.514
1.2656
0.34736
-0.24808
-0.57049
-0.44641
0.44635
1.7108
2.2311
2.2557
2.0075
1.5612
0.91682
0.47075
0.96618
1.3377
1.4366
1.5356
1.4364
0.84197
0.54477
0.91615
0.89135
0.12379
-0.51991
-0.51989
0
1.015
1.9557
1.9557
1.1635
0.76743
0.5694
0.049514
0.024758
0.12379
0.32188
0.74284
1.3867
1.4364
0.6687
0
-0.37157
-0.94141
-0.86718
-0.074339
0.32218
0.19829
0.37185
0.86778
1.0167
0.76886
0.94265
1.0173
0.29779
-0.54607
-1.4896
-2.1852
-2.4341
-2.3602
-1.9632
-1.0191
0.37296
1.4923
1.7166
0.92077
0.24893
-0.42332
-1.37
-1.8938
-1.4956
-0.54859
0.97285
2.9446
3.8195
3.7961
3.4728
2.7244
1.4253
0.27518
-0.35039
-1.0767
-1.1523
-0.2005
1.1033
1.5053
1.6064
1.3561
0.62818
0.20113
0.30186
0.17618
-0.50366
-0.83153
-1.3867
-2.4471
-2.8778
-2.8796
-2.8308
-2.9591
-2.2524
-1.3169
-0.73492
-0.30431
0.30453
0.76185
0.45744
0.10173
-0.12725
-0.63674
-0.96857
-0.33161
0.51056
1.0219
1.4574
1.7145
1.4086
0.94836
0.38479
-0.56484
-1.0536
-0.59153
0.15445
0.87598
0.97991
1.1099
0.77502
0.18101
0.077646
0.15544
0.20745
0.75273
1.5849
1.7945
1.3537
1.1466
0.91296
0.52222
0.67958
1.4652
1.8596
1.6256
0.86616
0.13138
-1.2889
-2.3436
-2.7152
-2.4542
-2.0078
-1.1902
-0.52956
-0.23857
0.31846
0.95647
1.0906
0.50597
0.10664
-0.26693
-1.1224
-1.6321
-1.1787
-0.9387
-0.88613
-0.7259
-0.61911
-1.2667
-1.673
-1.6481
-1.3255
-1.1376
-1.0576
-1.5206
-2.0935
-1.6061
-0.5724
0.30021
0.57387
0.71143
0.63015
0.41151
0.13735
0.082516
-0.27542
-0.88249
-0.49706
0
-0.19381
0
0.99942
2.0015
2.5052
2.9825
2.9027
2.7949
3.0785
3.2508
2.7501
2.3885
2.8983
2.9586
2.1162
1.3279
1.1883
0.87826
0.59577
0.79544
0.51205
-0.028486
-0.39936
-1.0283
-1.945
-2.005
-1.3767
-0.63186
-0.40264
-0.2304
0
-0.31766
-0.37593
-0.2027
-0.028996
-0.23228
-0.26167
-0.4076
-0.78714
-0.67143
-0.49694
-0.35125
-0.14655
0.41089
0.55838
0.058855
-0.41253
-0.79664
-1.5658
-1.775
-0.65167
0.53388
0.62367
0.53527
0.38708
-0.059627
-0.95526
-0.92658
-0.71826
-0.98886
-0.63006
0
0.12031
0.27103
0.87441
1.2076
0.90677
1.3013
1.6967
1.2741
0.33408
-0.63854
-2.0396
-2.9258
-3.0208
-2.0467
-1.2845
-0.58172
0.30651
0.73645
-0.030719
-0.9841
-0.70809
-0.58557
-0.49364
-0.37062
-0.80385
-1.5475
-1.1153
-0.12405
0.15522
0.87009
1.5242
1.6813
0.81031
-0.21837
-0.87429
-1.6252
-1.4703
-0.37573
0.53276
1.0037
0.81624
0.50274
-0.28303
-0.7239
-0.567
-0.22068
0.50481
1.4209
1.738
0.9171
0.15824
0.34838
0.22186
-0.1903
0.12696
0.85754
1.5573
2.1626
2.3231
1.3056
-0.41422
-0.57388
0.19141
1.1491
2.0759
2.0771
1.5347
1.2796
1.8243
2.2415
2.3066
2.0833
1.6033
0.57743
0.12837
1.0916
2.4731
3.2131
3.5035
3.6334
2.9591
2.0914
1.7058
0.90144
0
-0.032211
0.74105
0.8379
0.83808
0.90273
0.70942
0.61279
1.0645
1.2905
0.70985
0.35497
0.096819
0
-0.25822
-0.61332
-0.5165
-0.64564
0
0.71021
0.87161
0.80702
1.5817
1.743
0.06455
-1.904
-2.9687
-3.7427
-4.3874
-3.1611
-1.677
-0.6449
-0.064477
0.35455
0.83785
0.57992
0.64419
0.74063
0.70823
0.61148
0.38608
0.032163
-0.90028
-0.89997
-0.28917
-0.032118
0.22474
0.57768
0.35288
-0.0962
0.096158
0.44854
0.48035
0.28808
-0.35192
-1.6948
-2.7166
-1.9805
-0.57468
0.15955
0.51026
0.63746
-0.44596
-1.4963
-1.5272
-1.0493
-0.60374
0
1.0472
1.5857
2.3769
3.2621
3.2598
2.7198
2.2754
1.9264
0.94669
0.15766
-0.25207
-0.72414
-0.94379
-0.6287
-0.50255
-0.37661
0.25087
0.84597
1.0018
0.81327
0.31253
-0.62451
-1.6535
-1.9326
-1.7129
-0.90233
0.15543
1.5529
2.2651
2.232
1.8273
1.083
-0.030912
-1.5132
-1.882
-1.4486
-0.64663
0.52294
1.3829
1.0745
0.030669
-0.52084
-1.1018
-1.6816
-1.741
-1.6781
-1.4021
-0.54806
0.76039
1.2761
1.123
0.60637
0.424
-0.090759
-0.57419
-0.84525
-1.5379
-2.5302
-2.6177
-1.1421
0.36026
1.3195
1.8572
0.98742
-0.44832
-0.77622
-0.35785
-0.7149
-1.0711
-1.3671
-1.8109
-1.7495
-1.6587
-1.7751
-2.0095
-2.2433
-1.3857
-0.50065
-0.41183
-0.35259
-0.55763
-1.4658
-1.5227
-0.81895
-0.55508
-0.72953
0.20403
0.84431
0.7561
1.249
1.0735
0.69554
0.057895
-0.14457
-0.20217
-0.77891
-1.1526
-0.80592
-0.2875
-0.45948
-0.11474
0.17192
-0.085861
-0.37165
-0.22845
0.057048
0.54135
1.3376
1.5352
1.1643
1.0779
1.3601
0.7925
0.33927
0.48011
0.90276
2.029
3.6595
4.5554
3.7079
2.1045
0.84091
0.30801
0.11188
0.41913
1.0049
0.64133
0.36212
0.69566
1.0563
1.0553
1.3316
1.4411
0.8029
1.051
1.7132
1.5735
0.91006
0.60612
0.19267
-0.19249
-0.32966
-0.13723
-0.27421
-0.32874
0.21896
0.84769
0.73764
0.73698
1.009
1.4713
1.9056
2.8831
3.5057
2.7153
1.7363
1.0843
0.48752
-0.29769
-0.43265
-0.054037
0.16198
0.32371
0.593
0.26934
-0.45753
-0.53786
-0.45684
-0.4565
-0.69767
-0.45584
0.026795
0.88362
1.766
1.7648
1.3361
1.3619
1.2542
0.64005
0.26652
0.31962
0.45252
0.66506
0.9837
1.4348
1.6996
1.8844
2.0159
1.6967
1.1659
1.0328
1.2705
1.0582
0.79326
0.84573
0.81891
0.50168
0.6598
1.319
0.97564
0.86979
0.97481
0.42137
-0.71078
-1.0789
-0.89437
-1.0255
-1.3669
-1.1299
-0.49909
0
0.49877
0.47238
-0.15741
-0.052457
0.3671
0.26214
-0.70761
-1.4673
-2.1218
-2.2523
-1.3616
-0.26179
0.18322
0.41872
0.54947
0.10465
-0.44468
-0.9154
-1.1506
-1.4643
-1.5949
-1.5947
-1.7514
-1.8559
-1.5683
-1.0455
-0.8886
-0.94085
-0.28748
0.44428
0.33974
-0.26135
-0.65338
-1.4636
-1.7251
-0.91486
-0.078422
0.366
0.78435
1.1766
0.94141
0.41846
-0.15694
-0.81097
-1.596
-1.4916
-0.39259
0.13089
0.31419
0.49757
0.57625
0.36678
0.10482
-0.20969
-0.31461
0.52448
1.9411
2.7813
2.4409
1.6802
0.76159
-0.2627
-0.47301
0.36802
0.94666
1.4731
2.1578
2.3165
1.4747
0.34248
-0.55345
-0.87006
-1.0287
-0.50136
-0.026399
-0.39615
-0.81908
-1.3217
-1.719
-2.0108
-1.5883
-0.71506
0.15898
0.79531
0.87528
0.23884
-0.47792
-0.21252
0.1329
0.39891
0.77166
1.4643
1.2787
0.69301
0.21336
-0.24017
-0.72093
-0.96181
-0.3208
-0.080249
-0.10706
-0.24105
-1.0988
-2.0113
-2.2809
-1.8259
-1.4509
-0.26887
1.4798
2.45
2.5055
1.8602
1.2949
0.48594
-0.10806
-0.16221
0.21643
0.75803
1.6526
1.8436
0.89531
-0.2715
-1.3585
-1.8489
-1.5238
-0.84414
-0.70852
-0.89994
-0.43666
0.27312
0.73798
0.21883
-0.16425
-0.41093
-0.90474
-0.68593
0.054917
0.52212
0.46752
0.99081
1.7353
2.095
2.0966
1.8774
0.85654
-0.24887
-0.66417
-0.77548
-0.77609
-0.58253
-0.083284
-0.1667
-0.94538
-0.89047
-0.77978
-0.47381
0.16736
0.94912
1.3131
1.2302
1.2312
0.75609
0.056051
0.33657
1.235
1.3203
0.78717
0.45016
-0.25341
-0.9299
-0.84601
-0.254
-0.62136
-1.1024
-1.4144
-1.8967
-2.3231
-1.9562
-1.3335
-1.6752
-1.3639
-0.25592
0.85371
1.5093
2.2229
2.5667
1.7695
0.79969
-0.11432
-0.94384
-1.5169
-0.77332
0.14331
0.25813
0.1722
0
-0.086218
-0.31635
0.48922
0.95029
0.9221
1.2399
1.6446
1.6168
0.78
0.46251
0.028925
-0.5499
-0.2896
0.26079
0.57988
0.87032
1.4804
1.7136
1.2496
0.95951
1.1346
0.96055
0.61158
0.75759
0.34984
-0.29168
-0.64201
-0.7883
-1.1976
-1.1105
-0.58476
-0.058502
0.23411
0.79048
0.96655
0.058603
-0.46902
-0.41056
-0.44005
-0.32283
0.088077
0.41118
-0.02938
0.088171
0.6762
0.64701
0.058838
-0.14714
-0.52985
-0.41223
0.058906
0.47137
0.11787
-0.53055
-0.73705
-0.79619
-0.47192
0.64901
1.5933
1.4166
1.0331
1.0332
1.1515
0.67918
0.1772
-0.73841
-0.9748
-0.9158
-0.029544
1.0932
1.5069
1.8912
2.8368
3.1619
2.2459
0.79788
-0.73877
-2.2753
-2.3639
-1.4774
-0.325
0.41361
1.5657
1.9495
1.5949
1.1517
0.41339
-1.0924
-2.0958
-1.6233
-0.64919
0.35403
1.7108
3.008
2.624
1.9455
1.8271
1.5025
0.73633
0.29445
-0.029436
-1.0594
-1.8827
-1.7056
-1.1465
-0.82281
0.32313
1.8205
2.2307
2.4352
1.9649
0.43972
-1.2307
-2.2259
-2.5761
-2.8382
-2.2519
-1.0815
-0.029215
0.7008
1.5468
1.7792
0.96199
0.55355
1.0191
1.4259
1.1051
0.63939
-0.11618
-0.66759
-0.81218
-0.86961
-1.1587
-1.3605
-0.1157
0.63592
1.0976
1.9049
2.5091
2.2478
1.555
1.4099
0.83376
1.0054
2.0379
2.8966
2.6936
2.1473
1.4875
0.88599
0.25699
0.22823
0.57006
0.3702
0.14225
0.51162
0.68151
0.53901
0.17005
0.028313
-0.45256
-0.31082
0.59279
1.4099
1.4648
1.6603
2.2488
2.2745
1.9916
1.6252
0.89566
0.19571
0.19549
0.13948
-0.36224
-0.22266
0.55601
0.97188
0.80433
0.66487
0.63641
0.33164
0.33125
0.68926
0.60581
-0.22002
-0.90647
-1.262
-1.644
-1.5051
-0.68327
-0.49132
-0.68152
-0.081676
0.5438
0.9504
1.3017
1.3
0.91959
-0.18907
-0.91712
-1.4008
-1.9369
-1.6119
-1.0194
-0.24111
0.29429
1.0152
1.3339
0.66603
0.053207
-0.50475
-1.0081
-0.68875
0.31743
1.1622
1.5562
1.9753
1.8673
0.94539
0.39334
0.75933
0.75821
0.3916
-0.052135
-0.078086
-0.2599
-0.31141
-0.12956
-0.51746
-1.085
-1.0318
-0.33482
-0.46289
-0.15406
0.53838
1.0751
1.5846
2.0671
2.2422
1.1448
0.15241
-0.10145
0.12661
0.35395
0.85826
0.7309
-0.025164
-0.37687
-0.72747
-0.80146
-0.97524
-0.9737
-0.89738
-0.99552
-0.52182
0.66985
1.2385
0.84084
0.74074
0.69026
0.81223
1.327
2.0118
1.8617
1.1984
1.3918
1.8284
1.8985
1.7983
1.6013
0.96896
0.19348
-0.24147
-1.2054
-2.5755
-3.1241
-2.7833
-2.2758
-1.8177
-0.71639
0.095367
0.071412
0
0.23729
0.35537
0.87519
1.1572
1.1082
0.98877
0.75216
0.5163
0.070294
-0.04679
0.23358
0.7463
1.7697
2.8597
3.1802
2.1323
0.64796
-0.023106
-0.02307
-0.34552
-0.59798
-0.66595
-1.2152
-1.4423
-1.2115
-1.0271
-0.93439
-0.52338
-0.4317
-0.49912
-0.36245
-0.045239
-0.090343
-0.54125
0.090075
0.53965
1.0104
1.8832
3.1118
3.532
2.9688
2.1621
-1.0684
