-0.85029
-0.98068
-1.2388
-1.3979
-1.0731
-0.79616
-0.92927
-1.0636
-0.52138
-0.07858
-0.57895
-0.89882
-0.90281
-0.88005
-0.4017
0.10755
0.62087
0.59612
-0.10878
0.19103
0.3012
-0.38458
-0.90928
-0.99483
-1.2747
-1.8614
-1.9216
-2.0097
-1.8462
-1.1771
-0.33692
-0.64683
-0.73228
-0.53583
-0.11294
0.28262
0.42429
0.19814
-0.33985
-0.9066
-0.73678
-0.68016
-0.79347
-0.9633
0.31154
1.1606
1.4145
1.6113
1.045
-0.28215
-0.93005
-0.98518
-1.0119
-0.50521
0.50441
1.4267
1.48
0.97549
0.27816
-0.97151
-1.4125
-1.1883
-0.60653
0.055006
0.65842
0.76619
0.24563
-0.054437
0.027143
0.13533
0.40484
1.2648
2.227
2.4342
2.4801
1.7281
0.58305
-0.79254
-1.2377
-0.86619
-0.49709
0.28684
1.2735
1.6578
1.0843
0.46311
0.025641
-1.201
-2.2919
-1.9794
-0.96099
0.37802
1.7579
2.027
1.3466
1.0188
0.44571
-0.27141
-1.1556
-0.95546
-0.48823
-0.12162
0.67866
1.6664
1.9974
1.8704
1.4575
0.57139
-0.33212
-0.42549
-0.21199
-0.18776
0.44435
1.2118
1.6952
1.5503
1.6602
1.5855
0.9846
0.43355
0.13644
0.15863
0.067754
0.29261
0.24677
-0.82729
-1.4932
-1.3328
-1.085
-0.83878
-0.13203
0.28518
0.4593
0.74143
0.52185
0.065047
-0.3892
-0.49598
-0.51619
-1.2014
-1.1342
-0.38429
0.29821
0.80766
1.5483
1.9474
1.6268
1.0123
0.31581
-0.50451
-1.2385
-1.5303
-1.4866
-0.94119
-0.18806
0.66812
0.91805
0.79244
0.81298
0.83362
0.37509
-0.1042
-0.18759
-0.64638
-1.3769
-1.3778
-1.4416
-1.3803
-0.73278
-0.12578
0.77678
2.1869
3.4125
3.3769
2.3264
1.1234
-0.063741
-1.2781
-1.3456
-0.5783
0.2363
0.56027
0.86476
1.6486
2.0245
2.1629
1.6447
0.88058
0.044204
-0.26631
-0.53485
-0.8057
-0.65187
-0.11289
0.6804
1.2987
1.9456
2.4377
1.756
0.88221
0.18662
-0.46879
-1.4603
-1.704
-1.4506
-0.76462
0.40815
1.2544
0.63013
-0.82785
-1.4187
-1.7937
-2.2459
-2.1566
-1.3941
-0.89991
-0.77807
-0.40317
-0.60706
-0.91394
-0.58598
-0.051128
0.30776
0.46307
0.49023
0.36222
-0.051879
-0.85807
-1.0685
-1.1751
-0.75868
0.052409
0.70856
0.52553
0.15783
0.052656
-0.052691
-0.3163
-0.58005
-1.1602
-0.81734
-0.026358
1.1329
1.5007
1.6836
1.603
1.4699
1.0485
0.88987
0.62709
0.33906
0.20824
-0.077926
-0.41468
-1.0343
-0.90275
-0.3859
-0.48751
-0.38381
-0.10206
0.5597
0.43122
0
-0.95804
-1.9102
-2.1798
-1.6484
-0.59755
0.19856
1.0886
1.4799
1.4261
1.0296
0.43992
-0.073103
-0.58314
-0.92069
-1.8122
-1.976
-1.8989
-1.2468
-0.59801
-0.047733
0.4525
0.61796
-0.023723
-0.89991
-1.4659
-1.9596
-2.4757
-1.7898
-1.2705
-1.1283
-1.3859
-1.1269
-0.58674
0.65701
2.1587
2.6752
2.7699
2.372
1.598
0.25871
-0.77688
-0.91917
-0.14159
0.709
1.444
1.6599
1.3067
1.2142
1.3123
0.95667
0.21579
-0.16827
0
0.16922
0.38794
1.1188
1.9275
2.1542
2.2352
1.6514
0.74207
0.24825
0.79735
1.2505
0.82849
0.95768
1.1132
0.86356
0.43348
-0.025599
-0.4369
-0.61923
-0.33674
0.078013
-0.28716
-0.60274
-0.52612
-1.109
-1.8022
-1.5428
-1.2012
-1.0447
-0.80636
0
0.32465
0.32566
0.43552
0
-0.19161
-0.52145
-0.93545
-1.8201
-2.4321
-2.1879
-1.2763
-0.80604
-0.55676
-0.55753
-1.0048
-1.2573
-0.64316
0.055964
0.36395
0.56009
0.78422
0.4761
-0.11199
-0.25187
0.1678
0.61475
1.619
2.6764
2.422
2.3347
2.3582
2.0212
0.52489
-0.49608
-1.0171
-1.6722
-1.7219
-1.335
-1.1405
-1.5154
-1.4829
-1.3698
-1.0968
-0.42623
0.18567
0.18484
-0.49939
-0.47085
-0.31236
-0.62157
-0.74717
-0.48693
-0.17842
-0.35486
0.025204
0.62646
0.82208
0.6686
0.91068
1.3454
2.0906
3.1645
3.3604
2.1702
0.54495
-0.37662
-1.3796
-2.137
-1.9382
-1.421
-0.774
-0.045222
0.9657
0.93686
0.86404
0.94621
0.65568
-0.10854
-0.32343
-0.085667
0.042546
-0.021131
-0.25189
-0.37535
-0.76649
-1.0702
-1.1042
-0.7111
0.040377
1.0031
1.4155
0.91147
0.55144
0.13703
-0.48651
-1.393
-1.7505
-1.5302
-1.3505
-0.83233
-0.3763
-0.018716
0.31652
0.79657
0.92164
0.4219
0.036513
-0.27258
-1.1577
-1.747
-1.6319
-1.1072
-0.10671
1.4527
2.3119
2.1276
1.0337
-0.50634
-2.0012
-3.0183
-3.4068
-2.7243
-1.9429
-1.1832
-0.34208
0.20475
0.47665
1.0871
1.5426
1.6412
1.2329
0.89366
-0.1852
-1.4123
-2.0486
-2.4153
-2.2956
-1.6239
-0.36804
0.58518
0.95256
1.0525
0.48438
-0.40084
-0.96875
-0.80188
-0.36765
-0.066877
0
0
-0.20107
-0.23482
0.10075
0.067252
0.23571
0.43843
-0.13513
-0.79531
-0.77991
-0.42475
-0.44272
-0.34136
-0.39354
-0.49752
-0.22364
0.2588
0.31151
-0.15625
-0.33097
-0.47195
-0.614
-0.95087
-1.0253
-0.97616
-0.85547
-0.39378
0.46744
0.95723
0.63512
0.018234
-0.80632
-1.492
-2.0368
-2.2153
-2.0778
-1.8072
-1.5715
-1.657
-1.8203
-1.6966
-1.2998
-0.54668
0.11791
0.63303
0.49789
-0.30078
-1.2721
-1.8097
-2.3346
-2.4959
-1.8285
-1.57
-1.5606
-0.55249
1.1348
2.2008
2.5658
2.2353
1.259
-0.20035
-1.3014
-1.5154
-2.2343
-2.6658
-2.3166
-1.8448
-1.0122
0
0.59796
0.43396
0.1458
-0.14696
-0.37029
-0.72148
-0.25072
0.859
0.94191
0.76947
0.15504
-0.46854
-0.60304
-0.21125
0.55844
0.74975
0.72788
0.81415
0.24584
-0.2749
0.30428
0.66793
0.50393
0.14079
0.53801
0.85412
0.57243
0.83427
1.3588
1.2781
1.0797
1.6121
2.0604
1.7141
0.91973
0
-0.65744
-0.86952
-0.63165
-0.18101
-0.27228
0.24267
0.57778
0.39624
0.42764
1.1631
1.4412
1.5051
1.3843
0.77015
-0.3393
-1.297
-1.4219
-1.485
-1.2385
-0.89848
0.21699
1.3645
2.1406
2.2032
0.90002
-0.12415
-0.43452
-0.46551
-0.24823
0.71351
0.86838
0.27903
-0.061981
-0.34075
-0.21673
0.30945
1.4845
2.5963
2.5328
1.5742
0.43183
-0.46233
-1.2011
-1.5387
-1.7834
-2.089
-1.1664
0.061331
0.85782
1.1937
1.009
1.6188
1.4645
1.4933
1.7656
1.5506
0.97171
0.33359
-0.30285
-0.81652
-1.389
-1.4773
-1.7759
-2.6142
-2.6096
-1.6766
-0.95614
-0.98397
-0.77356
-0.20779
0.41458
1.0338
1.0606
0.52881
-0.029293
-0.40885
-0.72775
-0.95742
-0.69387
-0.86416
-1.4348
-1.9721
-1.537
-1.2753
-0.62067
0.084243
0.64273
0.6117
0.99577
1.4031
0.95756
0.40803
-0.21633
-1.0213
-1.6559
-1.433
-0.52725
-0.078553
0.13002
-0.20656
-0.4614
-0.687
-0.53033
-0.55134
-0.99466
-1.0608
-0.48948
0.048552
0.40932
0.90739
1.0182
0.23481
0
0.11542
0
-0.24961
-0.38245
-0.78066
-1.6585
-1.6663
-1.0869
-0.51729
-0.36333
-0.21194
-0.12611
-0.39608
-1.1373
-1.4769
-1.8113
-1.8579
-1.0822
-0.47742
0.078992
0.21569
0.4868
0.59958
0.80703
1.0693
1.0058
0.67918
0.26264
-0.018659
-0.85388
-1.5886
-2.1328
-2.2517
-1.8961
-0.98075
0.12669
0.93806
1.9785
3.0855
3.6331
3.5006
2.6565
1.2641
-0.44459
-1.6703
-2.2555
-2.0065
-1.9001
-1.7588
-1.1734
-0.23136
1.1227
2.5168
2.9867
2.4915
1.7071
0.90098
0.2169
0.16322
0.21842
0.091364
-0.12844
0.20273
0.49991
0.72562
0.76673
0.69561
0.15124
-0.34223
-0.34426
-0.40409
-0.7358
-0.83797
-0.29424
0.23697
0.63624
0.86088
0.88711
0.71068
0.24542
-0.0412
-0.70551
-1.3796
-1.2634
-1.3575
-1.1111
-0.38742
0.60704
1.3321
1.4956
1.484
1.1376
-0.089837
-0.97231
-1.1381
-0.96226
-0.64559
-0.3016
0
-0.14086
-0.21248
-0.14243
-0.54884
-0.76743
-0.69881
-0.67778
-1.4343
-2.0748
-2.3522
-2.6309
-2.4422
-1.7072
-1.2653
-1.2435
-0.52342
0.1748
0.55028
0.67624
0.77726
0.40148
-0.62764
-1.356
-1.7327
-1.933
-1.6058
-0.85241
0.15027
0.87546
1.5485
1.4959
0.64696
-0.024829
-0.71834
-1.013
-1.2073
-0.71243
-0.048981
0.46381
0.55955
0.84848
0.57968
0.38499
0.57525
0.50134
0.21399
-0.16574
-0.37725
-0.86867
-1.1688
-0.79135
-0.25491
-0.069215
0.50535
1.3722
1.685
1.4963
1.5124
1.2587
0.17905
-0.9361
-1.6647
-1.8127
-1.123
0.17547
1.3984
2.0463
2.3427
2.0535
0.9048
-0.042945
-0.72778
-1.2591
-1.7023
-1.3581
-0.59262
-0.042225
0.63188
1.5762
1.7617
1.1513
0.48059
0.22947
-0.062491
-0.062407
-0.22855
-0.89247
-1.4308
-1.5954
-1.8429
-1.7592
-0.95169
0.33094
1.7166
2.2544
2.7098
2.9381
2.2148
0.86978
-0.26938
-1.2234
-1.8055
-1.4956
-1.102
-0.79099
-0.2084
0.64684
0.79395
0.60675
0.52382
-0.10492
-0.79866
-1.3683
-1.2862
-1.0561
-0.86748
-0.19075
0.40342
0.97843
1.2998
1.6651
1.5611
1.414
0.87994
-0.0215
-0.64613
-0.79828
-0.54029
-0.45461
0.086734
0.82529
1.1093
0.69711
0.28361
-0.17478
-0.48129
-0.32858
0.021932
-0.1537
-0.39568
-0.4401
-0.15418
-0.22046
-0.088258
0.13249
0.41984
0.19899
-0.28759
-1.1288
-2.2585
-2.7909
-2.1491
-1.1302
-0.066489
1.1082
1.4407
0.86439
0.22161
-0.19942
-1.2406
-1.8604
-1.7048
-1.3722
-0.84071
-0.48652
-0.17684
-0.39769
-0.70664
-0.44142
0.11029
-0.088186
-0.66103
-0.96897
-1.1665
-1.6278
-1.8248
-1.6481
-1.4496
-1.3392
-0.87776
-0.57032
-0.08771
0.87683
0.89852
0.21911
-0.37243
-0.85433
-1.4896
-1.2706
-0.8764
-0.48213
-0.78918
-0.54826
-0.21941
-0.087815
0.26362
1.0773
2.0685
2.467
2.5138
2.1856
1.1937
0.30992
-0.17737
-0.48858
-0.51168
0
0.603
1.0966
1.4804
1.6637
1.8255
1.3556
0.74757
-0.022716
-0.63786
-1.1424
-1.4209
-1.0805
-0.55351
0.13883
0.81259
0.79209
0.39743
0.046923
-0.72994
-0.87441
-0.16604
0.49998
0.45406
0.86356
1.854
2.4411
2.4018
2.4595
2.1753
0.98126
0.024621
-0.46947
-0.81825
-0.99522
-0.99855
-0.62612
0.025123
0.35279
0.6318
0.050683
-0.60978
-0.05094
0.48503
1.2279
1.8198
1.7458
0.66853
-0.41194
-1.2371
-2.012
-3.0456
-2.8401
-1.7816
-0.92938
0
0.95407
1.185
0.66889
0.1798
-0.23074
-0.74187
-0.99522
0.10179
0.9133
0.75851
0.75572
0.50181
0.22485
0.049737
0.074241
0.34467
0.53867
0.60861
0.62915
0.36069
0.071667
0.047453
-0.023559
-0.49114
-0.9517
-1.1747
-1.1882
-0.70259
-0.33714
-0.42342
-0.61859
-0.56935
-0.21703
-0.58068
-0.95895
-1.2879
-1.5897
-1.7198
-1.1699
-0.46762
-0.14097
-0.25933
-0.23712
-0.27403
-0.73682
-1.2294
-1.1419
-1.056
-0.99044
-0.96308
-1.1382
-1.274
-0.57746
0.12527
0.37277
0.44027
0.19223
-0.29487
-0.65436
-0.80372
-1.1211
-1.4852
-1.1909
-0.38354
0.24875
1.0393
1.8715
2.7291
3.0756
3.1773
2.9238
1.9646
1.0759
0.94522
0.95932
0.76622
0.92473
1.3063
1.3376
1.5287
1.593
1.2117
0.6066
-0.047968
-0.33647
-0.72281
-0.95044
-0.67884
-0.66516
-0.68422
-0.21275
0.11513
0.016537
-0.49899
-0.95399
-1.2804
-1.4761
-1.299
-0.99909
-1.0941
-1.1911
-0.54784
0.16053
0.95444
1.9643
2.2602
1.5785
0.093872
-1.1201
-1.786
-1.8847
-1.5142
-1.1944
-0.90698
0.347
1.53
1.529
0.61548
-0.45166
-1.4387
-2.2095
-2.2622
-1.9073
-1.5423
-0.81685
0.18929
0.6237
0.48638
0.24653
0.6747
0.88644
1.232
1.2743
0.81677
0.053375
-0.16216
0.2189
0.055395
-0.1962
0.11342
0.57354
1.3627
1.8168
1.1842
0.44851
-0.18112
-0.091391
0.55314
0.58873
-0.03123
-0.75509
-1.2989
-1.3712
-1.1228
-1.0645
-1.1347
-0.81419
-0.3597
0.1969
0.23041
0.098999
-0.92588
-1.7553
-1.1603
-0.56389
-0.16586
0.2321
0.79503
0.72775
0.89147
1.5482
1.3468
0.55661
-0.32622
-0.74723
-1.5524
-1.7379
-1.0564
-0.22282
0.66442
1.9491
2.8104
2.3875
1.2312
0.48871
-0.27273
-1.0219
-0.95369
0.059091
0.52711
0.75449
1.035
0.93986
0.45134
0.30729
0.16597
-0.4108
-0.46091
0.42943
1.5143
2.0511
2.3944
2.6274
1.9121
1.0345
0.32466
-0.46965
-1.2478
-1.5016
-1.6063
-2.0412
-1.9739
-1.3263
-0.36866
0.63894
1.6048
1.9927
1.5084
0.74735
0.1307
-0.82048
-1.7338
-2.1223
-2.1046
-1.6491
-1.0976
-0.49314
-0.34665
0.14168
1.0047
1.5165
1.1296
0.019687
-0.91936
-2.0217
-2.6666
-2.0364
-1.3182
-0.72208
-0.45371
-0.018811
-0.26211
-0.16774
0.14846
0.29571
0.055231
-0.29349
-0.56667
-0.87457
-0.92641
-0.47095
0.054197
0.27033
0.16184
-0.053836
-0.42989
-0.46495
-0.21428
0.35669
0.65916
0.94336
0.8004
0.21332
-0.53312
-1.1726
-1.7234
-1.7769
-1.2975
-0.83579
-0.69395
-0.56983
-0.40994
-0.51742
-0.57163
-0.73337
-1.5943
-2.7629
-3.2708
-2.9527
-2.2549
-1.8618
-0.74269
0.3631
1.1646
1.2222
0.58519
-0.51337
-1.6361
-2.2305
-2.3661
-2.169
-1.3015
-0.18647
0.26185
0.20637
0.52692
0.8306
0.94683
0.98783
1.01
0.47795
-0.44112
-1.039
-1.5442
-1.8589
-1.3404
-0.21436
0.39097
0.86281
1.8096
2.3084
1.8602
0.93287
0.33841
-0.55899
-0.88089
-0.60227
-0.02013
0.34312
0.78918
1.0955
1.0778
0.8765
0.38818
0
-0.4309
-0.41121
0
-0.16511
-0.12406
-0.12427
-0.20744
-0.64403
-1.1442
-1.4791
-1.752
-1.4825
-0.9615
-0.52304
-0.18845
0.46101
1.1742
1.112
0.79762
-0.041996
-1.2812
-2.2268
-2.4792
-2.4372
-2.1849
-1.6594
-0.96602
-0.48286
-0.10493
0.33561
0.60795
0.94279
1.0049
0.83682
0.31355
-0.14619
0.020865
0.41687
0.81202
1.2687
1.7865
1.8258
1.3054
0.51735
-0.51664
-1.4446
-1.8134
-1.7079
-1.6847
-1.7027
-1.147
-0.38853
0.48998
1.5898
2.1366
1.8486
1.4398
1.1337
1.0711
1.0087
1.1681
1.6083
1.5252
1.3822
0.97985
0.39922
-0.23911
-0.57681
-0.93316
-1.0108
-0.77157
-0.31598
0.098568
0.13775
0.45181
0.76477
0.8613
1.0357
0.97535
0.42841
-0.15552
-0.019406
0.5812
1.1604
1.7956
2.3902
2.6171
2.1709
1.8221
1.1106
-0.13383
-1.2789
-1.4674
-1.1416
-0.45592
0.26554
0.26513
0.075635
0.13216
0.35818
0.77176
0.93978
0.97594
0.5997
0.20585
-0.018687
0.074644
-0.20499
-0.50245
-0.31593
0.018559
-0.018535
0.37021
1.0537
1.5694
2.0653
2.4127
2.4282
1.8374
1.1012
0.49496
-0.53104
-1.2987
-1.4801
-1.4603
-1.3677
-0.80158
0.072802
0.60007
1.1627
1.6882
1.7049
1.1418
0.41652
-0.23526
-1.3383
-1.6266
-1.4088
-1.1914
-1.263
-1.1001
-0.59485
-0.14415
0.19813
0.8463
1.4761
1.2598
0.98969
0.68369
-0.10794
-1.1513
-1.691
-1.7091
-1.1155
0.25193
1.4399
2.2144
2.2691
2.0537
1.0813
-0.25243
-1.0824
-1.4259
-1.4629
-1.1566
-0.81381
-0.72393
-0.61583
-0.27192
0.054433
0.38139
0.52721
0.41856
0.2004
0.10943
-0.12782
-0.23768
-0.42104
-0.43992
-0.60571
-0.95578
-0.8283
-0.40554
0.018462
-0.27735
-0.51855
-0.55648
-0.96617
-1.005
-0.78302
-0.39219
-0.14967
0
0.056329
-0.47027
-1.1119
-1.2839
-1.6836
-2.1038
-1.9179
-1.5221
-1.2963
-0.8213
0.038274
1.0354
1.6906
2.5794
2.4108
1.372
0.019361
-1.1057
-1.9435
-2.2781
-1.8337
-0.56674
0.74397
1.9613
2.9667
2.6176
1.3011
-0.078985
-1.2658
-2.1789
-2.2814
-1.9271
-1.5717
-0.7172
0.69818
1.7576
2.1796
1.8017
1.0821
0.040119
-0.64249
-0.3818
0
0.080499
0.18124
0.36267
0.36284
0.24199
-0.22189
-1.1097
-1.8566
-1.6952
-1.332
-1.2309
-0.80704
-0.22188
-0.060492
-0.40311
-0.64466
-0.54362
-0.80484
-0.74393
-0.28126
0.26094
0.40107
0.7212
1.1407
1.1593
0.99823
0.81752
0.21904
-0.75566
-1.3702
-1.3087
-0.83155
-0.059305
0.45396
0.059118
-0.98369
-1.591
-2.0589
-2.6428
-2.6188
-1.873
-1.1882
-0.66116
0.11648
0.11629
0
-0.019321
0.38582
0.23114
0
0.23048
0.34526
0.13409
0.22959
0.72619
1.0499
1.1633
1.2003
1.1612
1.0462
0.85544
0.68397
-0.20889
-1.3289
-2.0687
-2.6946
-2.9223
-2.3532
-1.3287
-0.4557
0.24695
0.95035
1.3314
1.1041
0.51444
-0.19074
-1.2985
-1.8739
-1.7234
-1.4959
-1.1526
-0.13471
1.3111
1.9127
2.0716
2.2509
2.1589
1.9302
1.5246
0.90147
-0.37335
-1.2217
-1.0868
-0.81256
-0.31804
0.51839
1.34
1.5648
1.4691
1.1912
0.60761
0.24382
0.40767
0.67481
0.71798
0.5762
0.41286
0.020706
-0.3323
-0.58326
-1.1072
-1.5712
-1.6175
-1.6639
-1.4358
-0.86778
-0.042427
0.27637
0.19171
-0.12804
-0.06413
-0.17127
-0.42875
0.10731
0.83785
0.9245
0.64537
0.40889
-0.27981
-0.90394
-0.94671
-0.55914
-0.34383
0.17175
0.77194
1.0064
1.0474
0.61873
-0.14903
-1.0195
-1.2922
-1.3731
-1.4952
-1.5113
-1.3386
-0.75017
-0.29058
0.57876
1.5435
1.5775
1.1622
0.629
-0.1615
-1.3053
-1.6978
-1.5692
-1.5208
-1.0408
-0.42948
0.36869
0.63647
0.80507
0.53338
-0.62469
-1.5237
-1.7383
-1.8201
-2.03
-1.9804
-1.3484
-0.38025
0.3059
0.8226
0.58652
0.159
0.087807
-0.29681
-0.7291
-0.94945
-0.92713
-0.99055
-0.90053
-0.35505
0.20192
0.65326
0.8839
0.86363
0.51284
0
-0.19711
-0.44208
-0.89789
-1.0746
-0.68219
0
1.1163
2.0837
2.2263
1.3538
0.53151
-0.24151
-1.2558
-1.9003
-1.8853
-1.4515
-0.56518
0.7763
1.3935
1.2504
0.83024
0.24488
-0.2129
-0.62447
-0.56085
-0.19876
-0.21627
-0.40116
-0.68876
-1.1653
-1.5625
-0.97377
0.39536
1.5398
2.3862
2.9992
2.7383
1.6909
0.68161
-0.7232
-1.6405
-2.0771
-1.7056
-1.2717
-0.434
0.55222
1.0378
0.77598
-0.19585
-1.2457
-2.2762
-2.6615
-1.8734
-0.67866
0.20771
1.028
1.7376
1.7765
1.7511
1.4192
0.55128
-0.42312
-0.69713
-0.3406
0
0.37029
0.51392
0.11788
-0.6899
-1.0081
-0.84738
-0.9767
-0.73863
-0.37231
0.40026
0.78145
1.0666
1.0231
0.077261
-0.7259
-1.3828
-1.5225
-1.5842
-0.45133
0.4804
0.59007
0.48505
0.56838
0.62507
0.68201
0.87606
0.60425
0.027547
-0.22097
-0.055376
-0.055495
-0.417
-0.44552
-0.19518
0.027915
0.2794
0.27958
-0.16782
-0.61549
-0.11191
0.19581
0.19574
-0.11179
-0.391
-0.72553
-1.0315
-0.91892
-0.47279
-0.027773
0.30505
1.6613
2.5708
2.594
2.3139
1.6498
0.65866
-0.027392
-0.027339
-0.38199
-1.0076
-1.223
-0.75949
0.081216
2.0805
3.3172
3.311
2.8482
2.1726
1.0978
-0.16039
-0.69392
-0.98599
-1.8893
-1.8335
-0.82266
0.47708
1.8796
2.6973
2.9852
2.2962
1.7932
1.502
1.3429
0.73685
0.47343
0.92013
1.3402
1.8127
2.1536
1.9956
1.654
1.9426
2.1526
1.26
0.47254
-0.078763
-0.84023
-1.3131
-0.73543
-0.18389
0.026275
0.10512
0.078856
-0.23661
-0.4996
-0.47338
-0.44715
-0.42089
-0.60508
-0.76296
-0.97344
-1.2365
-0.84177
-0.36822
-0.15777
-0.10515
0.15767
0
-0.052509
0.34111
0
-0.47165
-0.39271
0.1831
0.41808
0.23491
0.10428
0.23433
0.18201
0.28559
0.67396
1.0869
0.98166
0.722
0.077207
-0.89893
-1.3327
-0.76721
-0.35722
0.17819
0.93958
1.7732
1.3896
0.7056
-0.12566
-1.2031
-2.1245
-2.8412
-3.0071
-2.5275
-1.0624
0.46804
1.2526
1.5671
1.8065
1.5334
0.8493
0.21773
-0.65124
-1.7315
-2.1819
-1.9125
-1.4302
-0.52292
0.63995
1.3473
0.84858
-0.023509
-0.65653
-1.1928
-2.0997
-2.3507
-2.3452
-1.7608
-0.99407
0.25377
1.2663
1.8385
2.2022
1.8321
0.80028
-0.43379
-1.254
-1.89
-2.2744
-2.0903
-1.6117
-1.6103
-1.0652
-0.11325
0.13584
-0.067895
0.090503
0.15836
0.067866
0.090495
0.22628
0.022635
-0.022644
0.022656
0.29471
-0.022686
-0.022705
-0.022726
-0.36398
-0.50103
-0.068405
0.50228
0.57156
0.54949
0.068792
-0.96463
-1.6794
-2.028
-1.5238
-0.80957
0.069525
0.76628
0.97723
0.81603
0.72428
0.093655
-0.51621
-1.0347
-1.6261
-2.1494
-2.3435
-1.8268
-1.1889
-0.66727
0.1433
0.83779
1.1755
1.2502
0.81918
0.12072
-0.43552
-0.43641
-0.85029
-1.923
-3.2925
-3.9584
-3.8677
-2.9917
-1.5475
-0.86116
-1.2568
-1.4068
-0.79091
-0.0495
0.47085
0.37218
-0.074521
-0.57194
-0.72185
-0.54811
-0.39895
-0.17467
-0.29964
-0.42474
-0.32497
-0.025008
-0.075052
-0.42542
-0.72587
-0.55074
-0.20028
-0.15021
0.27537
0.67584
0.8509
1.1259
1.5759
1.2503
0
-0.7246
-1.2487
-1.5228
-1.2226
-0.29925
0.59819
0.97153
1.8673
2.2147
1.7907
0.32315
-0.8199
-1.4652
-1.8121
-1.4888
-1.4386
-1.0414
-0.471
0.39655
0.64432
1.2142
1.6851
1.487
0.94199
0.61992
0.42172
0
-0.099344
0.2734
0.74631
1.021
1.097
0.7489
0.24999
-0.17527
-0.42641
-0.52774
-0.65474
-0.50477
-0.17709
-0.48192
-0.94104
-1.5305
-2.4563
-3.4911
-2.8592
-1.0599
0.54495
1.8237
2.2499
1.7867
0.73903
-0.29169
-1.279
-1.8211
-1.4806
-0.40596
0.57149
1.1221
1.5415
2.0215
1.9503
1.3457
0.87462
0.31236
-0.74318
-1.2661
-1.7673
-2.2753
-2.5262
-1.9523
-1.3108
-0.81009
-0.18131
-0.15218
-0.7051
-0.61756
0.18661
0.46988
0.41015
1.1439
1.504
1.1601
0.51916
0.098007
-0.49333
-1.4236
-1.6327
-1.7101
-1.6195
-1.6632
-0.8535
-0.54932
-0.75941
-0.55518
-0.59283
-0.66572
-0.42235
-0.3181
-1.0646
-1.0685
-0.035738
1.0396
0.93472
0.36041
0
-0.68756
-1.0873
-0.43545
-0.32687
-0.50874
0
1.0175
0.83542
0.4718
0.76125
1.3754
1.698
1.4419
0.64722
-0.64537
-1.0007
-0.74789
-0.17739
0.070661
0.80899
1.4353
1.3932
1.5244
1.5849
1.5071
1.0213
0.84575
0.87384
0.33382
-0.53041
-0.75702
-1.1436
-0.77829
0.28963
1.1495
1.0454
0.75423
0.9975
0.30917
-0.85854
-1.0035
0.030154
1.2858
2.046
2.6169
2.4492
1.8505
1.7778
1.5072
0.19744
-0.69943
-0.74933
-1.1013
-0.90152
0.21687
1.13
1.2819
1.2461
1.1319
0.13071
-0.96076
-1.7026
-2.0763
-2.2928
-1.8993
-1.5359
-1.5776
-1.2455
-0.76829
-0.34531
-0.049105
0.26891
0.097387
-0.53359
-0.9667
-1.4452
-1.825
-1.9397
-1.5048
-0.6911
0
0.30863
0.21334
0
-0.59126
-1.0398
-1.6061
-2.196
-2.3612
-2.0311
-1.8665
-1.7023
-1.0648
-0.78173
-0.68787
-0.52262
0.19037
0.83443
1.3379
1.5803
1.4642
0.84227
-0.12066
-0.62922
-0.70395
-0.17046
0.80622
1.4218
1.599
1.6294
1.8089
1.3928
0.3745
-0.40101
-1.1574
-1.642
-1.5724
-1.2477
-0.53684
0.28232
0.82457
0.98304
0.38956
-0.026071
0.18319
0.13134
0.63274
1.3494
1.6461
1.332
1.6838
2.0913
1.5597
0.67422
-0.27042
-0.97602
-1.4132
-1.144
-0.79152
-1.4219
-1.8352
-1.1521
-0.54934
-0.54993
-0.16512
-0.082616
-0.082652
0.16534
0.41334
0.33059
-0.77101
-1.0732
-0.46734
-0.60409
-1.3984
-1.8888
-1.9946
-1.3087
-0.24481
0.54262
0.75753
0.91706
1.0216
1.2056
1.2278
1.2762
0.37069
-0.55363
-0.99727
-0.80973
-0.38988
0.49134
1.6978
2.4817
2.2897
1.4165
0.55322
-0.67486
-1.0682
-1.2096
-1.2509
-1.2184
-0.84724
-0.33663
-0.31047
-0.35578
-0.23555
-0.53799
-1.3936
-1.7759
-1.7175
-2.1146
-1.8061
-1.0984
-0.022257
0.88398
1.4702
1.3727
0.28128
-0.23636
-0.042679
0.042388
-0.14736
-0.14638
0.020774
0.26831
0.88185
1.4062
1.3165
0.52345
0.10007
0
-0.3166
-0.39358
-0.11745
0.077895
0.096883
0.3471
0.24952
0.38215
0.78006
1.3453
1.8307
1.9555
1.9861
1.9421
1.6568
1.2065
0.77746
-0.073857
-0.55265
-0.36767
-0.18349
0.036636
0.10975
0.93171
1.6425
2.0059
2.5697
2.9877
2.5137
1.6941
0.58307
-0.8021
-1.8424
-2.0815
-1.3892
-0.27454
0.75153
1.7994
1.8948
1.8066
1.6075
1.0373
0.63147
0.59602
0.91541
0.93707
0.52653
-0.056612
-0.35987
-0.47533
-0.19089
0.28752
0.26949
0.5607
0.77688
0.8
0.7646
1.0047
0.95035
0.49748
0.060006
0.14075
0.20214
0.16259
0.53129
1.1095
1.2397
0.95575
0.89846
0.84052
0.29586
0
-0.32063
-1.2039
-2.0972
-2.3701
-2.0993
-1.5834
-1.15
-0.8896
-0.738
-0.62963
-0.27132
-0.20459
0.022853
0.091894
-0.30021
-1.1141
-1.8196
-2.274
-2.2614
-1.9408
-1.1414
-0.16721
0.52785
0.9639
0.96797
-0.024299
-1.171
-1.6654
-1.8191
-2.0725
-2.0798
-1.3913
-0.82254
-0.10002
0.72732
1.1571
1.1351
1.214
1.1157
0.40669
-0.33121
-0.56175
-0.12794
0.33331
0.89906
1.3124
1.3404
1.2393
1.1377
1.0098
0.64816
0.70087
0.59772
0.15609
-0.33853
-1.0947
-1.8261
-1.227
0.94052
2.745
3.1652
2.3817
1.3093
0.68115
0.20967
-0.1311
-0.60325
-0.62967
-0.13122
0.84003
0.919
0.47273
0.34149
0.15764
-0.10511
-0.026283
0.49945
0.55212
0.10518
0
-0.31564
-1.1575
-1.3156
-0.86844
-0.86859
-1.2373
-1.2375
-1.1324
-1.2644
-0.84308
-0.23717
-0.44808
-0.71182
-0.68562
-1.1342
-1.4775
-1.3987
-1.0823
-1.3202
-1.796
-2.1399
-2.3519
-2.5904
-2.1681
-1.6926
-1.5079
-1.1378
-0.82048
-0.45004
-0.34423
0.5032
1.3245
1.4042
0.58295
-0.053002
-0.50357
-1.1662
-1.3518
-1.2723
-1.2193
-1.0602
-0.68905
-0.31798
0.079481
1.0595
1.2975
0.50297
-0.37047
-0.84644
-1.507
-1.6119
-1.1884
-0.58063
-0.18461
-0.21083
-0.026331
-0.23677
-0.6045
-0.34132
-0.15736
-0.41913
-0.75874
-0.67935
-0.96544
-1.0422
-0.49428
0.025973
-0.20744
-0.67298
-1.0076
-0.95412
-0.92648
-0.56502
-0.53818
-1.0228
-0.56126
0.76354
1.1679
1.1649
0.63147
0.10076
-0.62804
-0.87676
-1.1739
-1.8677
-2.3834
-2.3265
-1.5789
-1.0082
0.19606
1.5143
1.7038
1.334
0.38667
-0.81866
-1.8951
-1.8879
-1.4046
-0.97224
-0.66135
-0.4705
-0.7966
-1.4233
-1.4871
-1.4346
-1.4746
-0.89474
0.43402
1.1827
0.70196
-0.20289
-0.96506
-2.0109
-2.6469
-2.6349
-2.5348
-1.3604
0.2621
1.348
2.056
1.982
1.2652
-0.10673
-1.2537
-1.2057
-0.67382
-0.41924
-0.29215
-0.14542
-0.10341
-0.32947
0.082008
0.48993
0.93501
1.4776
1.5722
1.2446
0.89966
0.79652
0.81324
0.71133
0.70867
0.58839
0.39086
0.37002
0.40758
0.59969
0.55921
0.4806
-0.15334
-1.1085
-1.8489
-1.9011
-1.4981
-1.0784
-0.28316
0.48981
0.48886
0.41292
0.31856
-0.1684
-0.56059
-0.59728
-0.5221
-0.72661
-0.81922
-0.80021
-0.57671
-0.22321
0.66966
1.7489
2.3824
2.4024
2.367
1.4178
0.22411
-0.67322
-1.3859
-1.9511
-2.1427
-1.6762
-1.2458
-0.62442
0.60708
1.6551
2.0798
1.8375
1.3827
0.46253
-0.29014
-0.5631
-0.66283
-0.6656
-0.23594
0.71099
1.3294
1.8341
2.6045
2.9198
2.5301
1.8314
1.3503
0.65836
0.062071
0.02081
0.27212
0.37902
0.7838
1.2575
1.0937
1.0358
0.86859
0.65556
0.57177
0.92954
1.5592
1.4347
1.0378
0.88552
0.45702
-0.52892
-1.2265
-1.4672
-1.5701
-1.1789
-0.23723
0.45347
0.72027
1.1833
1.3116
1.3191
0.81057
-0.024696
-0.86895
-1.123
0.025081
0.88212
0.68371
0.25438
0.28106
0.46186
0.69561
0.93108
0.54515
-0.31261
-0.5489
-0.052442
0.10519
-0.21097
-0.97828
-1.4577
-0.95622
-0.42584
-0.55993
-1.0416
-1.1768
-0.72303
-0.13404
0.10732
0.24165
0.53728
0.1075
-0.21503
-0.69887
-1.1557
-1.7196
-1.7725
-1.6104
-1.7434
-1.1523
-0.13386
0.98946
1.6827
2.2673
1.8911
0.63828
-0.42484
-0.71569
-1.1642
-1.796
-2.267
-2.3941
-2.0742
-1.0481
0.10459
0.54793
0.57279
0.77939
0.88139
0.33627
-0.18067
-0.41207
-0.53967
-0.64108
0.076766
0.35749
0.17837
0.38145
1.1674
1.4438
1.7444
2.2458
2.2669
1.6847
0.87855
0.05012
-0.97581
-1.474
-1.1725
-0.32386
0.57223
1.317
2.0352
1.7106
1.0402
0.54433
0.04944
-0.79039
-1.2094
-1.2332
-1.4789
-1.0593
0.049245
1.1075
1.3778
1.2544
1.2294
0.27042
-0.58993
-1.1797
-1.5483
-1.8433
-1.745
-1.7451
-2.2124
-2.1636
-1.082
0.073786
0.56582
0.17225
-0.44304
-1.231
-1.5269
-1.1332
-0.59143
-0.44371
-0.2959
-0.29599
-0.32075
0.14808
0.74062
1.1112
0.8398
0.69176
0.64248
0.79089
0.54382
0.61805
0.64284
-0.074178
-0.71707
-1.2363
-1.4093
-0.54389
0.69214
1.4087
1.2849
1.0869
0.56799
-0.22218
-1.3079
-2.1952
-2.9091
-2.735
-1.182
0.22149
0.76239
0.73727
0.68759
0.073611
-0.68646
-0.88181
-1.3215
-1.7848
-1.954
-1.6348
-1.7793
-1.4122
-0.55938
0.46157
0.84929
1.2361
1.1136
0.09672
-0.84529
-1.0614
-0.89146
-1.0588
-0.84127
-0.50417
0.02398
0.59882
0.93311
1.2189
0.45361
0.02385
-0.50035
-0.90454
-1.3794
-0.90296
-0.85476
-1.6845
-2.2999
-2.4881
-2.8894
-2.6987
-1.6801
-1.1119
-1.0643
-0.99327
-0.89866
-0.37841
0.023655
0.42592
0.52077
0.11842
0.094793
-0.47432
-1.0207
-1.0217
-0.45193
0.28578
1.0493
1.5763
1.3157
0.69494
0.096035
-0.31274
-0.94025
-1.2082
-0.55712
0
-0.024349
0.31743
0.78368
0.76152
0.14786
-1.0385
-2.3818
-3.3614
-2.9989
-1.9065
-0.88142
0.22756
1.2186
1.7081
1.1522
0.33431
-0.77491
-1.946
-2.1635
-1.3355
-0.47359
0
0.55779
0.45372
-0.21455
-0.59287
-0.81239
-1.4694
-2.2694
-1.621
-0.52452
-0.55475
-0.64097
-0.41996
-0.73128
-0.81933
-0.22702
0.82652
1.9462
2.529
2.6834
2.0565
1.5409
1.2838
0.79046
-0.23497
-1.3552
-1.6842
-1.8073
-1.5148
-0.56564
-0.32817
-0.65758
-0.68862
-0.23987
-0.24016
-0.51085
-0.36087
0.090264
-0.39125
-1.1738
-1.1134
-1.0828
-0.51096
0.36034
0.53987
-0.26955
-0.74751
0.059688
0.65516
1.6043
2.0151
1.8912
1.3847
0.91036
0.58532
-0.32076
-0.6391
-0.31828
0.028815
0.17214
0.08569
-0.028432
-0.53766
-0.47874
-0.16813
-0.1394
-0.36059
0.055187
0.41172
0.43684
0.40734
0.29711
-0.21491
-0.9886
-0.77066
-0.26432
-0.28919
-0.57531
-0.41621
-0.2329
-0.20597
0.3074
0.53529
0.50734
0.4797
0.67856
0.60048
0.024912
-0.47137
-1.2108
-1.8462
-1.9866
-1.442
-1.0231
-1.3114
-1.1865
-1.1834
-1.6863
-2.3074
-2.5186
-3.0647
-3.1792
-2.6019
-1.6929
-0.78608
-0.095213
1.0468
1.6412
1.5697
1.4272
1.404
0.92859
0.9055
0.76329
-0.023881
-0.31089
0.47904
1.7036
2.2117
2.65
2.5352
1.4038
0.21838
-0.70557
-1.4395
-1.4437
-0.83449
0.049241
0.56809
1.2886
1.7653
1.5717
0.9763
0.80384
1.0587
0.86004
0.50767
0.1783
-0.051117
0.20516
1.1579
1.9103
2.279
2.2602
1.9804
1.0192
-0.26207
-0.60437
-0.55322
-0.29048
0.052933
0.42435
-0.079718
-0.58562
-0.42658
-0.56066
-0.64152
-0.48163
0.24101
0.13397
-0.24125
-0.18768
-0.053622
-0.10722
0.24115
1.0979
1.1505
0.61474
0.37373
0.26657
0.50568
0.85014
1.1666
0.31749
-0.42235
-0.73728
-0.4202
-0.15714
-0.052228
0.026035
-0.54502
-1.1382
-0.90238
-0.51388
-0.79371
-0.73985
-0.66091
-0.83576
-1.0598
-0.75415
-0.20036
0.19961
0.74575
1.2631
1.5793
1.549
0.93099
-0.29297
-1.8492
-2.6191
-3.0216
-3.205
-2.9792
-2.0364
-0.83622
0.28597
1.1173
1.1385
0.28404
-0.73235
-1.2735
-1.9308
-2.6807
-2.6776
-2.1588
-1.8524
-1.453
-0.56226
0.23425
0.79654
1.2655
1.2896
0.39892
-0.79862
-1.5521
-2.0253
-1.8871
-0.99254
0.28416
1.2816
2.0223
2.1708
1.0526
0.11998
-0.024072
0.024154
-0.26664
-0.26762
-0.048847
-0.073563
-0.24622
0
0.29802
0.3243
0.7518
0.78047
-0.05059
-1.0421
-1.5834
-1.6424
-1.5989
-0.88109
-0.052083
0.31402
0.52591
1.0833
1.7786
1.5735
1.1788
1.2379
1.0271
0.40714
-0.70859
-2.1067
-2.4991
-1.7363
-0.69134
0.16645
0.77905
1.3391
1.0908
0.33636
-0.056171
-0.70333
-1.634
-2.0872
-1.5526
-1.0168
-0.39551
0.33898
0.81887
0.42325
-0.028187
0.14074
0.084299
0.67301
0.78331
0
-1.2516
-1.6632
-0.88374
-0.027505
0.38339
0.49062
-0.16272
-1.5916
-2.4678
-2.4265
-2.5704
-2.3957
-1.6735
-1.2203
-1.0052
-0.53716
-0.17766
-0.37764
-0.24968
0.27233
0.58903
0.41355
0.28929
-0.42996
-1.6092
-2.2503
-1.7877
-0.87369
-0.22767
0.36069
0.8035
1.1711
1.2688
0.95285
-0.15006
-1.1672
-1.4916
-1.6014
-1.503
-1.2842
-0.48437
0.51958
1.5435
2.4693
2.2904
1.3459
0.4762
-0.26423
-0.67331
-0.46342
0
0.43725
0.68653
0.87804
1.3332
1.27
0.80528
0.1564
-0.43138
-0.68549
-1.1236
-1.2349
-1.3283
-1.0197
-0.23272
0.42991
0.75682
0.86787
0.89663
0.48705
-0.097035
-0.48345
-0.80314
-1.2973
-1.6293
-1.2908
-0.66798
0.17465
1.0306
1.3462
0.99705
0.42712
-0.26889
-1.3131
-2.1369
-2.598
-2.5059
-2.0966
-1.0502
0.031889
0.8471
1.5866
1.9611
1.8547
1.392
0.52
-0.29373
-1.1966
-1.7459
-1.9699
-1.9472
-1.6066
-0.70704
0.37262
0.81819
0.90941
1.2094
0.59157
-0.52579
-1.2891
-1.6371
-1.7398
-1.5369
-0.87512
0.091929
0.87158
1.4404
2.0005
1.9995
1.3452
0.36848
-0.78296
-1.2052
-0.27921
0.90598
1.5446
1.7235
1.3878
0.81553
0.50664
0.14917
-0.64532
-1.1724
-1.1833
-0.57499
-0.49095
-0.42781
-0.31802
-0.41243
-1.0861
-1.235
-1.0807
-0.85252
-0.095463
0.31261
0.12112
-0.26835
-0.46671
-0.54397
-0.72161
-0.77607
-0.67986
-0.63297
-0.91624
-0.8696
-0.87363
-1.2903
-1.425
-1.0402
-0.70451
-0.75901
-0.31494
-0.026308
0.079091
0
0.3703
0.50313
0.29153
0.1591
-0.18566
-0.47739
-0.82187
-1.0598
-1.35
-1.7185
-1.0032
0.31624
1.6044
2.2568
2.2774
1.4359
-0.078091
-1.2455
-1.5517
-1.3401
-1.0013
-0.51151
-0.50944
-0.050731
1.1617
1.9862
1.9771
1.5942
1.0163
0.12334
-0.80996
-1.5873
-1.7249
-1.5951
-0.79338
0.09566
0.45197
0.63885
0.82372
0.63204
-0.06985
-0.18527
-0.27642
-0.8936
-1.5726
-1.9271
-2.1877
-2.1314
-0.93747
0.79946
1.6792
1.8028
1.6626
1.2627
0.93165
1.0351
1.0302
0.4273
-0.29776
-1.0164
-1.1595
-0.98661
-0.041807
1.2282
2.0318
1.8791
1.2959
0.26637
-0.75529
-0.97623
-0.77005
-0.40386
0.24147
0.86233
0.89942
0.41836
0.139
-0.23754
-0.8683
-1.4165
-1.6085
-1.6429
-1.3847
-0.70011
-0.32969
-0.54155
-0.79087
-0.44251
-0.01919
0.68911
1.3175
1.2953
0.32304
-0.77726
-1.4185
-1.8304
-1.9016
-1.3338
-0.31867
0.48633
1.1572
1.695
1.58
1.4099
1.1479
0.59132
-0.16599
-0.64433
-0.80854
-0.99054
-0.69584
0.036562
0.76654
0.92932
1.0553
0.63586
-0.25398
-0.83338
-1.0313
-1.0481
-1.1011
-1.1359
-1.0447
-1.0258
-0.61135
0.48512
1.3467
1.8484
1.8654
1.273
0.32266
-0.32261
-0.64519
-0.80655
-0.62744
0.16139
1.0047
1.4002
1.2036
0.84501
0.25195
-0.1081
-0.12628
-0.45164
-1.1942
-1.7763
-1.8704
-1.5831
-1.0942
-0.20108
1.0262
2.205
3.0589
3.216
2.2435
1.0232
0.093343
-0.52464
-0.80877
-0.75535
-0.26547
-0.095219
0.057386
0.28825
0.84958
1.106
1.6771
2.0779
1.616
0.53501
-0.45829
-1.0421
-1.552
-1.5613
-1.5299
-1.4161
-0.78476
-0.35329
0.35555
0.77884
1.0593
1.1303
0.42934
-0.15127
-0.39157
-0.61319
-0.55116
0.19974
1.0948
1.3045
1.2905
1.0255
0.068816
-0.7388
-1.3012
-1.8239
-1.8823
-1.6335
-0.80975
0.11978
1.1325
1.987
1.9248
1.2983
0.59094
0.2722
-0.19892
-0.29977
0.3513
0.65518
0.75904
0.96515
1.6314
1.3556
0.94937
0.87497
0.98057
1.1899
1.5556
2.0783
1.5094
0.52129
-0.10439
-0.39189
-1.1505
-1.3605
-0.75899
-0.62821
0.15704
1.2036
1.6475
1.5418
1.4359
1.2778
0.41668
-0.31204
-0.46727
-0.36276
-0.23273
0.46447
1.0555
0.66773
-0.051234
-0.35768
-0.30574
-0.22866
0.17733
0.50514
0.22662
-0.12551
-0.25025
-0.24946
0.12434
1.1403
1.8781
1.8476
1.6455
1.1263
0.24413
-0.38947
-0.29127
-0.16944
-0.28971
0.024081
0.60056
0.81488
0.76528
0.83532
0.52407
0.04756
-0.47486
-0.47419
-0.80514
-1.0409
-0.4018
0.82669
1.8178
2.6198
2.8084
1.7466
0.68471
-0.47247
-1.5603
-2.0824
-1.7057
-0.68798
0.5465
2.1661
3.1244
3.1073
2.348
1.8496
1.2526
0.072476
-0.96937
-1.6047
-1.5615
-1.2488
-0.51617
0.34547
0.49552
0.2488
-0.29984
-0.70272
-1.437
-0.88641
-0.050888
0.4346
0.92473
1.1873
0.90775
0.52124
0.7071
1.0526
0.84618
1.0097
1.842
1.797
0.61971
-0.10826
-0.19029
0.24571
0.57569
0.93579
0.6631
0.55461
0.86263
0.6142
0.11202
-0.42126
-0.95735
-1.4394
-1.6688
-0.79343
-0.11353
0.19893
0.11379
0.14234
0.11392
0.25634
0.68343
0.5123
-0.59717
-1.5338
-2.0135
-2.491
-2.4291
-1.3242
-0.056188
0.6161
0.53022
0.19459
-0.11073
-0.19291
-0.10971
-0.60031
-1.1941
-0.80953
-0.026823
0.31986
0.60905
1.1835
1.4363
1.1407
1.0292
0.56169
-0.1773
-0.07537
-0.024915
-0.024704
-0.2694
-0.3156
-0.55341
-1.2638
-1.4886
-0.98331
-0.023196
0.89626
2.2312
2.7967
2.1897
1.4609
0.921
0.28242
-0.15067
-0.14929
-0.21132
-0.10471
0.29057
0.8846
0.9381
0.46504
-0.020049
-0.29826
-0.86783
-1.1349
-1.1456
-1.349
-1.2052
-0.47486
0.28296
0.80577
0.9868
1.0732
0.57024
-0.43898
-1.4736
-2.4796
-3.0259
-2.7252
-1.446
0.03556
1.3108
2.2065
2.4987
2.0529
1.1725
0.31429
-0.81901
-1.3569
-1.4244
-1.2667
-1.2829
-1.1956
-0.74486
-0.086612
0.83171
1.4563
1.3187
0.69481
0.26091
-0.29617
-1.2043
-1.6092
-1.35
-0.72068
-0.31728
0.22984
0.10643
-0.37377
-0.76814
-0.71729
-0.79218
-1.0125
-0.7808
-0.87552
-1.356
-1.4362
-1.4802
-1.8224
-2.2055
-1.8976
-1.2466
-0.58868
-0.24821
0.038395
-0.42468
-1.1258
-1.4444
-1.7272
-1.8553
-1.4091
-0.85811
-0.5217
-0.60523
-0.40566
-0.55054
-0.94285
-1.1743
-1.5736
-1.623
-1.3799
-1.1552
-0.97058
-0.76291
-0.085126
0.85471
1.094
0.96887
0.73462
0.62867
0.34794
0.34897
-0.02187
-0.50428
-0.30766
0.24224
0.88251
1.2597
1.7483
1.8834
1.1311
0.22195
-0.39972
-0.55534
-0.93303
-0.7552
-0.088814
0.15533
-0.022173
-0.1772
-0.42035
-0.46394
-0.044113
0.57243
0.85693
1.2059
1.3561
0.61091
-0.60927
-0.91131
-0.73553
-0.60383
-0.25794
0.55698
0.98198
1.0848
1.7165
1.8155
1.5561
0.81684
-0.1043
-0.99717
-1.7171
-1.6893
-1.2308
-0.9396
-0.56948
0.060753
0.34278
0.040154
-0.33984
-0.95544
-1.8433
-2.3684
-2.2798
-1.6636
-0.60425
0.75711
1.7209
1.9838
1.8802
1.6438
1.1426
0.55028
-1.0589
