-0.96878
-0.68802
-0.54682
0
0.30116
0.85923
1.3108
1.0359
0.56424
0.037281
-0.18065
-0.48151
-0.42025
-0.48257
-0.78606
-0.73306
-0.39271
0.44061
0.88479
1.3222
1.6012
1.8671
1.782
1.5924
1.0126
0.13027
-0.65246
-0.93671
-0.46403
0.025462
0.50326
0.35694
0.056678
0.11647
0.86367
1.7895
2.0303
2.0199
1.4697
1.0344
0.62609
0.37382
-0.12357
-1.0076
-0.78209
-0.17719
0.28888
0.28147
-0.08193
-0.44851
-0.65984
-0.77806
-1.3001
-1.7688
-1.9343
-1.5992
-1.2368
-1.0167
-0.69545
-0.5351
-0.22623
0.094129
0.52
0.82281
1.0415
1.1379
0.6794
-0.2087
-1.1217
-1.7626
-2.0268
-1.8026
-1.2394
-0.6655
-0.15277
0.27966
0.58599
0.80667
1.1475
1.3895
1.3575
1.0061
0.48096
-0.16679
-0.76578
-1.23
-1.4072
-1.2914
-1.1796
-0.87039
-0.38247
0.13223
0.67837
1.2577
1.6375
1.7214
1.4654
0.65897
-0.29844
-1.119
-1.6487
-1.7711
-1.7148
-1.3117
-0.96977
-0.66475
-0.39705
-0.015106
0.36743
0.56607
0.76922
0.76395
0.48188
-0.13585
-1.0385
-1.8243
-2.2146
-1.9077
-1.4308
-0.88849
-0.29332
0.23892
0.74496
0.95867
1.2807
1.4534
1.4866
1.2449
0.52433
-0.28181
-0.94325
-1.182
-1.1602
-1.0293
-0.71699
-0.20285
0.068176
0.42787
0.9426
1.3189
1.6238
1.4983
1.4718
1.0385
0.64386
0.12948
-0.48903
-0.94758
-1.0602
-0.87539
-0.49918
-0.10294
0.31907
0.87955
1.429
1.8571
1.9332
1.4934
0.78207
0.041321
-0.66155
-1.2545
-1.5575
-1.623
-1.3794
-0.85641
-0.075277
0.59319
1.0276
1.3148
1.2687
0.80833
0.51519
0.43079
0.50291
0.25822
-0.045111
-0.72363
-1.0896
-1.2621
-0.96031
-0.62231
-0.14464
0.44811
0.9931
1.3022
1.3882
1.509
1.5824
1.6447
1.5273
1.0277
0.33195
-0.40094
-0.89489
-1.1483
-0.90562
-0.4348
0.083159
0.65052
1.0543
1.2703
1.4222
1.3494
1.1918
0.63308
-0.098925
-0.78074
-1.1111
-1.2788
-0.91476
-0.32692
0.23986
0.5028
0.81053
1.0123
1.0855
0.94993
0.54377
-0.034633
-0.77077
-1.3746
-1.8673
-2.0015
-1.7217
-1.1467
-0.60432
-0.094416
0.40526
0.82513
1.2219
1.3646
1.4307
1.337
1.089
0.86952
0.50533
-0.13083
-0.78419
-1.1505
-1.2737
-1.1124
-0.78737
-0.4356
0.19584
1.0555
1.9338
2.3683
2.1649
1.5526
0.77927
0.16278
-0.24208
-0.41956
-0.59841
-0.5433
-0.23881
0.26191
1.0224
1.7368
1.878
1.1544
-0.04831
-0.70851
-1.0417
-0.90614
-0.78027
-0.72686
-0.62882
-0.43774
-0.06369
0.46202
0.92344
1.539
1.9724
2.0883
1.7494
0.92132
-0.023258
-0.82264
-1.2812
-1.5621
-1.6742
-1.614
-1.2479
-0.67992
-0.14902
0.30626
0.65861
1.0007
1.5203
1.8123
1.6914
0.89491
-0.11659
-1.0582
-1.6857
-1.7199
-1.3262
-0.74944
-0.25697
0.12552
0.25553
0.38225
0.62836
1.0972
1.6579
2.079
2.2573
1.85
1.0395
-0.04116
-1.0187
-1.6859
-1.8053
-1.3813
-0.73832
-0.21925
0.17392
0.41709
0.62908
0.62547
0.87289
0.64453
0.12271
-0.74704
-1.5824
-2.1312
-2.0206
-1.4586
-0.7169
-0.053688
0.4407
0.87164
1.1945
1.2751
1.1338
0.69444
0.1712
-0.30904
-0.70644
-1.2654
-1.5674
-1.4773
-0.94316
-0.27135
0.49888
0.97468
1.2215
1.4679
1.6944
1.8483
1.6465
1.3085
0.92927
0.46663
0.060799
-0.33267
-0.55915
-0.59798
-0.37237
0.12293
0.66617
1.462
2.0479
2.2767
2.0517
1.5778
1.0064
0.3764
-0.19375
-0.72715
-1.102
-1.3848
-1.2834
-1.0253
-0.5176
-0.14028
0.34288
0.78881
1.4513
2.0038
2.1068
1.5731
0.79061
0.23443
-0.3735
-0.72961
-0.89141
-0.95195
-0.60638
-0.14675
0.51981
1.0248
1.3479
1.4256
1.4497
1.4265
1.5158
1.6522
1.634
1.3982
0.98481
0.42303
0.011319
0.14581
0.56045
0.93246
1.2536
1.3777
1.3825
1.024
1.2095
1.2866
1.4728
1.2781
0.83116
0.34386
-0.096606
-0.19
0.077994
0.61665
1.3002
1.7677
2.0104
1.9825
1.7254
1.2057
0.76033
0.25666
-0.17932
-0.67925
-0.97797
-0.89693
-0.54737
-0.10101
0.42203
1.1373
1.5975
1.9598
2.0887
1.8967
1.4739
0.95983
0.52757
0.3757
0.25501
0.13425
-0.24629
-0.84413
-1.1955
-1.0551
-0.64169
0.13257
0.97137
1.7116
2.0166
1.9202
1.4367
0.51782
-0.39481
-0.99549
-1.2418
-1.1287
-0.87042
-0.7179
-0.56779
-0.23057
0.26803
0.80823
1.1978
1.6582
2.0151
2.1199
1.7698
1.138
0.28635
-0.43179
-0.90305
-1.0905
-1.1073
-0.9079
-0.51807
-0.078071
0.30258
0.74002
1.1248
1.5769
1.991
2.1466
1.8194
1.1346
0.3103
-0.45581
-1.0298
-1.3901
-1.4003
-1.2151
-0.8293
-0.26737
0.29086
0.75905
1.0731
1.2951
1.3209
1.4479
1.615
1.6527
1.3932
0.87547
0.24175
-0.43584
-0.91841
-1.1835
-1.0229
-0.50304
0.31114
1.1536
1.6079
1.718
1.4953
0.97491
0.38632
-0.26579
-0.80541
-1.3597
-1.6871
-1.7582
-1.4867
-1.1518
-0.5867
-0.032452
0.35974
0.80749
1.238
1.3998
1.0775
0.4133
-0.29638
-1.0334
-1.5147
-1.9181
-1.9821
-1.7527
-1.0855
-0.2097
0.52446
1.0624
1.1512
0.85747
0.22131
0.053577
0.3916
0.92833
1.4311
1.0904
0
-1.2375
-1.5897
-1.2996
-0.59867
0.24932
0.69019
0.75772
0.53829
0.49026
0.69997
1.0587
1.1052
0.56499
-0.42287
-1.4914
-2.1476
-2.1823
-1.985
-1.3915
-0.82681
-0.45058
-0.088348
0.24902
0.52037
0.54221
0.20506
-0.42426
-1.2471
-1.8481
-2.102
-2.1062
-2.0195
-1.7614
-1.2575
-0.62884
0.080607
0.57018
0.9373
0.99118
0.95275
0.73169
0.32861
-0.35711
-0.97725
-1.4663
-1.6594
-1.5293
-1.2591
-0.8535
-0.34636
0.26086
0.85485
1.2257
1.5047
1.5551
1.241
0.89181
0.30747
-0.32579
-0.92943
-1.246
-1.366
-1.2304
-0.93547
-0.38447
0.34176
1.006
1.5859
1.8867
1.8845
1.6556
1.3081
0.7959
0.34696
-0.043936
-0.51704
-0.66742
-0.66669
-0.35335
0.029123
0.5022
1.0582
1.5402
1.8194
1.9512
1.9186
1.5077
0.90923
0.21146
-0.45094
-0.93711
-1.1523
-1.1406
-1.0559
-0.65065
-0.31906
0.21271
0.51312
0.578
0.63723
0.64987
0.94574
1.3335
1.3641
1.0017
0.64564
0.082411
-0.70774
-1.2822
-1.464
-1.3314
-1.0839
-0.50272
0.15858
0.84584
1.4423
1.4417
1.2673
0.67035
0.44059
0.031845
-0.3058
-0.17755
0.61587
1.4046
1.2909
1.1878
0.48901
0.027862
-0.20111
-0.090347
0
-0.23966
-0.79517
-1.4821
-2.019
-2.1247
-1.8501
-1.341
-0.8286
-0.075134
0.67587
1.3601
1.7597
1.7013
1.2277
0.666
-0.021586
-0.39585
-0.57105
-0.34379
-0.061842
0.058347
-0.054359
0.20093
0.73994
1.4474
2.0299
2.4158
2.3309
1.974
1.4433
0.69613
-0.082309
-0.70767
-1.0359
-1.2154
-1.1733
-0.98856
-0.66411
-0.2156
0.41189
1.0968
1.505
1.7376
1.7457
1.596
1.3444
0.82888
0.092821
-0.79565
-1.4235
-1.5956
-1.3398
-0.85794
-0.2737
0.24235
0.6299
1.1187
1.5172
1.6889
1.1901
0.47777
-0.48577
-1.1863
-1.6067
-1.55
-1.192
-0.48517
0.29369
0.65263
0.76027
0.65238
0.60635
0.55911
0.35113
-0.02826
-0.69518
-1.3413
-1.829
-1.9183
-1.5412
-0.82792
0.080091
0.74519
1.1877
1.4306
1.5448
1.4389
1.0512
0.64782
0.045657
-0.46915
-0.93862
-1.1197
-1.195
-0.93907
-0.67371
-0.34494
0.14319
0.89354
1.5419
1.9221
1.8324
1.6209
1.4353
1.1693
0.90525
0.53864
0.010288
-0.47877
-0.9547
-1.1756
-1.2102
-0.96561
-0.63771
-0.27046
0.35164
1.0716
1.7228
1.984
1.9635
1.5797
1.0148
0.28855
-0.36216
-0.97398
-1.4165
-1.5725
-1.5729
-1.3298
-0.83657
-0.24081
0.33634
0.84183
1.4019
1.661
1.5188
0.91421
0.12626
-0.63705
-1.1035
-1.2764
-1.3776
-1.3415
-1.1828
-0.74815
-0.34398
0.036356
0.34909
0.6197
1.0624
1.6757
2.221
2.2176
1.8312
1.0106
0.20196
-0.34657
-0.7016
-0.5995
-0.6534
-0.65784
-0.56933
-0.20685
0.26068
0.82737
0.8607
0.48519
0
-0.63164
-1.077
-1.6579
-1.9031
-1.9668
-1.8495
-1.3397
-0.60044
0.15387
0.66796
0.86178
0.86238
0.9156
1.0117
1.1941
1.0182
0.79898
0.49125
0.14578
-0.57213
-0.98093
-0.7054
-0.37625
-0.5472
-0.83656
-1.0228
-0.53145
0.2163
0.62332
0.88625
1.0292
1.2656
1.1869
0.96183
0.85115
1.0725
0.96644
0.69427
0.24979
-0.17915
-0.431
-0.4729
-0.041986
0.42369
0.95734
1.348
1.6442
1.711
1.7416
1.7462
1.5589
1.3374
1.0928
0.82691
0.47715
0.33245
0.45736
0.81223
1.3146
1.6528
1.6206
1.1982
0.717
0.31331
-0.090195
-0.31142
-0.47387
-0.43162
-0.038836
0.62071
1.2699
1.587
1.7231
1.5474
1.5518
1.1226
0.74656
0.053415
-0.56677
-1.0308
-1.2184
-1.2286
-1.2197
-0.91678
-0.62472
-0.1354
0.34512
0.80042
1.0373
1.1277
1.3237
1.4523
1.5297
1.3827
1.2808
1.0108
0.73641
0.31272
-0.33625
-0.71992
-0.39695
0.21754
0.86148
1.2372
1.506
1.712
1.7674
1.769
1.7475
1.5093
1.2043
0.71569
0.25933
-0.044932
-0.43533
-0.32068
-0.11234
0.021668
0.76239
0.96912
1.2667
1.3628
1.3448
1.1956
0.97216
0.61073
-0.074985
-0.73231
-1.3084
-1.7474
-2.0891
-1.9975
-1.6303
-1.0175
-0.54632
-0.25727
-0.10195
0.035698
0.20442
0.82245
1.1653
1.1079
0.53681
-0.48525
-1.294
-1.6141
-1.5844
-1.3815
-1.1973
-0.80572
-0.46232
-0.052666
0.38498
0.80523
1.1654
1.1776
1.0108
0.37596
-0.47248
-1.3115
-1.8691
-2.0355
-1.9373
-1.4219
-0.91685
-0.42028
-0.066692
0.14863
0.31381
0.68653
1.1571
1.5024
1.1562
0.45288
-0.40978
-1.2615
-1.8528
-1.7725
-1.4509
-0.88211
-0.18264
0.37429
0.61548
0.79088
0.98044
1.086
1.1289
0.79054
0.23805
-0.53284
-1.17
-1.616
-1.8143
-1.8021
-1.5988
-1.2714
-1.0703
-0.99802
-0.95297
-0.78309
-0.4688
0.14569
0.72503
1.2207
1.4868
1.4855
1.1029
0.41224
-0.34185
-1.0173
-1.3765
-1.5166
-1.1777
-0.58768
0.075957
0.81044
1.3112
1.5805
1.5068
1.3174
0.86004
0.39554
-0.14957
-0.74734
-1.1492
-1.31
-1.1844
-1.0684
-0.65326
0.098639
0.90922
1.2812
1.276
1.2235
1.0173
0.84071
0.60411
-0.089765
-0.81119
-1.4189
-1.5441
-1.3752
-0.76337
-0.23026
0.28587
0.62676
0.9687
1.2803
1.2133
0.93156
0.39877
-0.28967
-1.0006
-1.5504
-1.8099
-1.7916
-1.4618
-0.85968
-0.25342
0.25471
0.76754
1.202
1.2747
1.0884
0.58464
-0.058307
-0.65003
-1.0378
-1.3489
-1.6738
-1.7863
-1.7154
-1.3722
-0.92129
-0.40383
-0.010105
0.28568
0.70093
1.04
1.4024
1.521
1.3588
0.77566
-0.12324
-1.044
-1.7441
-1.9719
-1.8349
-1.3451
-0.85295
-0.3174
0.12177
0.62289
0.86091
1.0791
1.233
1.2147
0.98352
0.37507
-0.38036
-1.3585
-2.024
-2.2073
-1.7372
-1.2733
-0.67321
-0.44232
-0.37924
-0.39927
0.20542
0.69516
0.70387
0.071818
-0.64721
-0.98254
-0.94746
-0.88946
-1.0925
-1.4626
-1.5586
-1.3087
-0.96934
-0.19278
0.56589
1.179
1.2983
1.2119
1.1312
1.1763
1.2347
1.063
0.48573
-0.32202
-0.94509
-1.2331
-1.2199
-0.99725
-0.36124
0.16808
0.62299
1.043
1.3606
1.598
1.5698
1.1105
0.35119
-0.53057
-1.0757
-1.4634
-1.5445
-1.5943
-1.5324
-1.3635
-0.99453
-0.37999
0.20293
0.75794
1.1624
1.4846
1.5962
1.4031
1.0728
0.61412
0.053746
-0.51929
-1.0071
-1.4688
-1.7479
-1.6764
-1.3183
-0.75554
-0.11588
0.47437
0.82415
1.1955
1.3227
1.1968
0.6736
0.049513
-0.57671
-1.1508
-1.4602
-1.6759
-1.7953
-1.7959
-1.2911
-0.37794
0.10299
0.20758
0.23182
-0.075582
-0.19461
-0.6048
-1.2387
-1.9119
-1.9214
-1.6886
-1.1506
-0.50771
0.30437
0.89273
1.203
1.0902
0.99614
0.8056
0.15184
-0.76578
-1.2118
-1.3298
-0.67492
-0.019304
0.54248
0.95714
1.2878
1.1531
0.8315
0.83732
1.245
1.7942
1.8944
1.5693
0.67947
0.047904
-0.18523
-0.41611
-0.40589
-0.35124
-0.13312
0.37236
0.8945
1.5198
2.0213
2.0491
1.8135
1.3462
0.68564
-0.20423
-1.0159
-1.4406
-1.5271
-1.2253
-0.84105
-0.39387
0.034592
0.50616
1.138
1.229
1.2124
0.76599
0.083638
-0.66888
-1.2271
-1.3617
-1.288
-0.82801
-0.33556
0.11542
0.52423
1.3647
1.7976
1.8984
1.4198
0.93741
0.75652
0.45604
0
-0.67605
-1.0465
-1.1479
-0.90884
-0.51279
-0.047641
0.62342
1.1936
1.6759
1.7773
1.6211
1.1398
0.77307
0.49446
0.076931
-0.56332
-1.175
-1.5289
-1.6546
-1.5024
-0.94742
-0.25184
0.34971
0.74237
1.0611
1.0819
1.0741
1.1523
1.1056
0.50677
-0.018363
-0.78697
-1.1819
-1.1822
-0.88771
-0.22476
0.67707
1.3964
1.6437
1.4971
1.2962
1.008
0.62873
0.046289
-0.43544
-0.87911
-1.0951
-1.2374
-1.2226
-1.1098
-1.2306
-0.96185
-0.73534
-0.12484
0.47134
1.0831
1.5347
1.4981
1.1927
0.39694
-0.36926
-0.95162
-1.0435
-0.91794
-0.90247
-0.50583
-0.12022
0.47129
1.0497
1.5538
1.7727
1.6693
1.4388
0.99224
0.33201
-0.45856
-1.0115
-1.2986
-1.2926
-1.1048
-0.98182
-0.85148
-0.4152
0.1719
0.71305
1.0527
1.5675
1.7282
1.592
0.91919
0.2173
-0.48087
-0.97793
-1.2356
-1.4379
-1.2421
-0.71524
-0.093225
0.33367
0.57966
0.78181
1.1962
1.5713
1.6277
1.2412
0.33328
-0.57415
-1.2753
-1.6034
-1.6513
-1.485
-1.2493
-0.889
-0.56174
-0.12833
0.21004
0.48285
0.95507
1.4347
1.8953
1.8858
1.3166
0.30077
-0.85287
-1.4888
-1.7367
-1.6129
-1.133
-0.73882
-0.24117
0.048369
0.30005
0.59942
0.94559
1.3577
1.7212
1.9031
1.8178
1.5127
0.88878
0.11632
-0.59368
-1.1244
-1.3467
-1.246
-0.81635
-0.18049
0.38382
1.0273
1.5252
1.6879
1.4578
1.0486
0.54218
-0.062896
-0.64416
-1.2054
-1.6755
-1.7141
-1.4108
-0.78833
-0.10488
0.47441
1.0577
1.3924
1.5015
1.2737
0.8046
0.21994
-0.21411
-0.63458
-1.0619
-1.2907
-1.3709
-1.1974
-0.89
-0.34084
0.39091
1.1663
1.8735
2.2325
2.1657
1.7145
0.96581
0.33466
-0.23543
-0.40877
-0.4963
-0.31719
-0.013222
0.64083
1.3702
1.9406
2.0564
1.6946
0.84146
-0.1198
-0.82982
-1.2563
-1.3603
-1.2868
-1.0858
-0.86617
-0.48292
0.043728
0.60209
1.171
1.5972
1.821
1.6153
1.1708
0.68103
0.10687
-0.50426
-1.0478
-1.2373
-1.0511
-0.55313
0.14463
0.76365
1.225
1.5349
1.7067
1.5543
1.2267
0.5597
-0.30233
-1.047
-1.4519
-1.4697
-1.2771
-0.92751
-0.40245
0.19799
0.66044
1.0245
1.425
1.6032
1.7272
1.5116
0.91217
0.23439
-0.49308
-0.92739
-1.185
-0.9887
-0.5382
-0.075662
0.31571
0.76339
1.2146
1.5953
1.7604
1.8962
1.8504
1.5913
1.0717
0.1972
-0.67596
-1.3288
-1.642
-1.5117
-1.0634
-0.50846
-0.017814
0
-0.037337
0.11184
0.53257
1.0214
1.7386
1.9201
1.929
1.7219
1.3152
0.75951
0.092849
-0.60728
-1.2457
-1.3145
-0.9299
-0.18218
0.4347
0.77026
1.0803
1.063
0.91108
0.35791
-0.21197
-0.95983
-1.2446
-1.2419
-1.1206
-1.336
-1.5499
-1.6338
-1.475
-0.99148
-0.49931
-0.063573
0.1285
0.70666
1.0939
1.1579
0.83153
0.25451
-0.30774
-0.78344
-1.1361
-1.3885
-1.6158
-1.7332
-1.5694
-1.1293
-0.55542
0.26221
0.90078
1.2747
1.3093
1.129
0.76519
0.29244
-0.24337
-0.93968
-1.6023
-1.862
-1.5997
-0.85295
-0.013223
0.78587
1.211
1.3579
1.2447
1.2268
1.0259
0.68252
0.11929
-0.46854
-0.88858
-0.98302
-0.96586
-0.80414
-0.49568
-0.103
0.38162
0.89977
1.5185
1.9907
2.0626
1.8117
1.2976
0.54695
-0.22207
-0.92593
-1.2215
-1.2973
-1.1682
-1.0292
-0.756
-0.3684
0.12976
0.67527
1.0834
1.489
1.6659
1.6861
1.512
1.3083
0.89482
0.10183
-0.63328
-1.1079
-1.0893
-0.89245
-0.52567
-0.047836
0.53453
1.083
1.5752
1.8377
1.7677
1.2777
0.49999
-0.41786
-1.0578
-1.5058
-1.6329
-1.5335
-1.0993
-0.64127
-0.1506
0.31142
0.7439
1.1992
1.5241
1.8217
1.734
1.3352
0.62503
-0.20808
-0.90857
-1.3566
-1.2929
-1.0242
-0.59314
-0.053259
0.50783
0.97356
1.2982
1.4165
1.3348
0.9468
0.39154
-0.23693
-0.86195
-1.3493
-1.535
-1.5244
-1.3832
-1.0612
-0.55873
-0.043658
0.54219
0.86744
1.1406
1.19
1.3177
1.3363
1.2151
0.92636
0.52388
-0.024624
-0.80274
-1.4161
-1.7839
-1.8412
-1.7252
-1.6368
-1.5052
-1.1919
-0.48236
0.26426
0.40336
0.15736
-0.32698
-0.5698
-1.0628
-1.2897
-1.7087
-1.6917
-1.2544
-0.63265
0.02279
0.16895
0.33051
-0.03569
-0.34399
-0.85911
-1.072
-1.4342
-1.6389
-1.683
-1.6597
-1.5008
-1.3522
-0.99266
-0.59472
-0.11241
0.34043
0.73616
1.1195
1.4296
1.6681
1.6197
1.229
0.47098
-0.41516
-1.1175
-1.5332
-1.433
-1.4509
-1.23
-0.96867
-0.71842
-0.3678
-0.11423
0.50349
0.92332
1.3844
1.6709
1.6033
0.99061
0.012688
-0.93161
-1.5024
-1.4261
-1.0021
-0.34986
0.14826
0.62549
0.92088
1.0894
1.2124
1.3974
1.424
1.2764
0.94873
0.38439
-0.38136
-1.0462
-1.5249
-1.5761
-1.4228
-0.98829
-0.44929
0.15607
0.67223
1.1282
1.4064
1.4589
1.4128
1.127
0.67352
0.16025
-0.49737
-1.1622
-1.7122
-1.7486
-1.538
-1.0323
-0.46196
0.11755
0.63681
1.0407
1.4041
1.6727
1.7072
1.4841
0.90496
0.19804
-0.34975
-0.69254
-0.77786
-0.7473
-0.43645
0.1394
0.56607
1.0904
1.5833
1.9536
1.9995
1.7057
1.086
0.31869
-0.57273
-1.2091
-1.5564
-1.6226
-1.3635
-0.79891
-0.29696
0.21399
0.5168
0.69438
0.78133
1.0903
1.3815
1.3233
0.71662
-0.19474
-0.90925
-1.3109
-1.281
-1.222
-1.2438
-1.0224
-0.52109
0.26841
1.1558
1.8057
1.9221
1.5727
1.1482
0.72184
0.40701
0.012216
-0.4945
-0.99285
-1.4227
-1.3981
-1.1141
-0.70372
-0.26985
0.17301
0.68018
1.0696
1.4241
1.6922
1.7526
1.4693
0.84315
0.062247
-0.79036
-1.3638
-1.5019
-1.4912
-1.0293
-0.49706
0.071952
0.44907
0.77922
1.1747
1.3281
1.5096
1.4785
1.0012
0.32171
-0.43061
-0.93468
-1.0903
-1.0731
-0.9788
-0.85445
-0.69368
-0.30537
0.27222
0.6843
1.143
1.5978
1.8798
1.8509
1.4104
0.70272
-0.23844
-0.97363
-1.3901
-1.5564
-1.391
-1.0786
-0.74484
-0.38827
0.039629
0.6974
1.2192
1.5571
1.7015
1.7057
1.6497
1.4369
1.0384
0.45114
-0.18886
-0.74215
-1.1159
-1.2934
0.61513
0.84047
1.1069
1.3842
1.6426
1.5837
1.1543
0.3963
-0.49086
-1.2972
-1.7455
-1.7871
-1.6386
-1.1006
-0.54497
0
0.33435
0.61525
0.9393
1.2148
1.4649
1.6137
1.4706
0.79894
-0.15582
-1.0852
-1.7612
-1.8978
-1.6164
-1.1223
-0.6
-0.12785
0.29547
0.73424
1.18
1.5122
1.4606
1.0998
0.59914
-0.086434
-0.85458
-1.6145
-1.9715
-2.0136
-1.6891
-1.2669
-0.82858
-0.39345
0.0085715
0.51053
1.0419
1.3357
1.4355
0.98322
0.23505
-0.66057
-1.3716
-1.8204
-1.9535
-1.6134
-1.1518
-0.65058
-0.135
0.31632
0.61414
0.80384
1.0349
1.2152
1.4016
1.3005
0.88589
0.049658
-0.86091
-1.5985
-1.8802
-1.4598
-0.83317
0.096802
0.64359
0.96027
1.1023
1.1015
0.91227
0.59105
0.27337
-0.29878
-0.81965
-1.3258
-1.7544
-2.0746
-1.9912
-1.5949
-1.1931
-0.5993
-0.10168
0.35338
0.6607
0.88637
1.101
1.2087
1.3047
1.0394
0.42275
-0.55882
-1.3378
-1.6497
-1.593
-1.2589
-0.89298
-0.43754
-0.011748
0.50189
0.95033
1.2756
1.5007
1.4688
0.91447
0.032349
-0.80932
-1.3883
-1.6115
-1.453
-1.0443
-0.53705
-0.069615
0.43395
0.85509
1.2417
1.6646
1.9079
1.7871
1.2615
0.54785
-0.24198
-0.96175
-1.3679
-1.4539
-1.4032
-1.1005
-0.79287
-0.50975
-0.33869
0.042042
0.62214
1.1927
1.5799
1.3556
0.45328
-0.71474
-1.7234
-1.9077
-1.6657
-1.1496
-0.59062
-0.31412
-0.12782
0.053327
0.47686
0.77111
1.1955
1.1271
0.52701
-0.35393
-1.1336
-1.5815
-1.7717
-1.7675
-1.3175
-0.88379
-0.31003
0.22676
0.74899
1.2228
1.544
1.6496
1.5071
1.2523
1.0893
0.79837
0.3215
-0.37713
-1.0194
-1.4078
-1.4804
-1.2701
-0.83024
-0.20623
0.36865
0.90038
1.2373
1.429
1.6654
1.5918
1.3769
0.93499
0.38778
-0.38043
-1.0069
-1.4002
-1.5913
-1.4685
-1.0182
-0.12645
0.53165
0.82602
0.76196
0.56342
0.43779
0.79696
1.2417
1.2316
0.99221
0.3687
-0.55107
-1.3094
-1.6864
-1.5752
-0.89887
0.015289
0.95748
1.5372
1.3279
0.75272
0.10053
-0.37718
-0.64777
-0.87328
-1.1931
-1.2972
-1.4362
-1.4075
-1.3956
-0.93482
-0.2631
0.47252
0.7796
0.95608
0.80647
0.51916
0.3259
0.7598
1.3069
1.7083
1.8019
0.99857
0
-0.75707
-1.0876
-1.0953
-0.77608
-0.24683
0.29268
0.70703
1.0025
1.2326
1.3068
1.3794
1.5907
1.6972
1.7888
1.459
0.88992
0.14162
-0.4703
-0.75878
-0.93228
-1.0348
-1.2285
-1.3059
-1.2718
-0.69552
0.31093
1.1679
1.2621
0.78099
-0.056247
-0.85643
-1.319
-1.4937
-1.541
-1.4051
-0.99261
-0.34854
0.3069
0.93797
1.453
1.7137
1.5985
1.0367
0.23979
-0.64392
-1.3667
-1.4453
-1.1867
-0.78242
-0.1828
-0.065199
0.23904
0.69992
1.1593
1.351
0.97689
0.35698
-0.31121
-1.1337
-1.2338
-0.91626
-0.18955
0.29299
0.81871
1.1574
1.2314
1.3261
1.4848
1.5184
1.119
0.84923
0.37051
0.055941
-0.16693
-0.20801
-0.066184
0.53442
1.1752
1.7682
2.1112
2.2203
2.0912
1.4924
0.6087
-0.30257
-1.0384
-1.4371
-1.5065
-1.264
-0.90012
-0.43205
-0.044092
0.28872
0.59202
0.92118
1.3176
1.6149
1.9051
2.1239
2.06
1.759
1.3279
0.87294
0.34124
-0.13885
-0.43233
-0.58525
-0.49458
-0.19024
0.4375
0.95821
1.5712
1.9643
2.0271
1.6023
0.99057
0.12138
-0.51888
0.26039
0.5649
0.92561
1.1931
1.2154
0.89836
0.31478
-0.19593
-0.80843
-1.2387
-1.5799
-1.5186
-1.5511
-1.4809
-1.1327
-0.80733
-0.16326
0.33035
0.84903
0.98365
0.75011
0.27008
-0.42714
-1.0388
-1.4345
-1.4874
-1.3702
-1.2673
-1.1078
-0.90596
-0.60755
-0.14982
0.41445
0.95336
1.2071
1.196
0.6933
-0.16238
-0.85745
-1.2446
-1.393
-1.4255
-1.2952
-0.9215
-0.23008
0.5976
1.3074
1.5307
1.5242
1.2799
1.0411
0.72994
0.7019
0.39183
-0.11214
-0.88401
-1.4008
-1.5605
-1.5124
-1.1404
-0.70822
-0.18866
0.31593
0.82028
1.2787
1.4845
1.4921
1.1822
0.61082
-0.12778
-0.91935
-1.6505
-2.0273
-2.0046
-1.6796
-1.191
-0.53608
0.068313
0.65743
0.97044
1.1354
1.0451
0.60377
-0.0501
-0.71569
-1.2285
-1.5409
-1.6134
-1.7455
-1.7402
-1.6402
-1.3859
-1.1242
-0.71201
-0.20467
0.3114
0.76561
1.0543
1.3091
1.4189
1.3152
1.0268
0.44926
-0.33169
-0.98881
-1.38
-1.4687
-0.98947
-0.13343
0.59095
1.2128
1.3992
1.567
1.4331
1.2149
0.74022
0.17845
-0.52673
-1.0213
-1.1373
-1.2707
-1.3213
-1.0648
-0.63454
-0.075975
0.40705
0.63123
0.74478
0.89266
1.0837
0.89182
0.20503
-0.034992
-0.38831
-0.69255
-1.0529
-0.8853
-0.51576
0.129
0.9588
1.3252
1.4776
1.3617
1.053
0.45719
-0.37172
-0.81593
-1.1326
-1.1115
-1.368
-1.166
-0.76705
0.065062
0.72091
1.1884
1.235
1.1855
1.1315
0.99879
1.1193
1.3059
1.1775
0.48595
-0.56524
-1.1122
-0.96801
-0.1223
0.58487
0.99732
1.1229
1.1797
1.2748
1.1414
1.2027
1.1473
1.1314
0.67961
0.32894
0.45523
0.37162
0.15059
0.55425
0.50631
0.53696
0.86037
1.1508
1.3859
1.4221
1.284
0.89098
0.16112
-0.53952
-1.2127
-1.5515
-1.5309
-1.1011
-0.36247
0.23195
0.81588
1.0708
1.2396
1.506
1.4358
0.93401
-0.016865
-0.67619
-0.96477
-1.0525
-1.3468
-1.4178
-1.3725
-0.68959
0.068023
0.51859
0.79708
0.95675
1.1912
1.3041
1.3704
1.2016
0.83015
0.14102
-0.49545
-0.94366
-1.2631
-1.41
-1.3573
-1.194
-0.85172
-0.29693
0.31094
0.81203
1.1074
1.3307
1.4513
1.2887
0.76936
0.016738
-0.6779
-1.0702
-1.1902
-1.2782
-1.3064
-1.26
-1.0253
-0.55464
0.14203
0.81125
1.2759
1.3807
1.2895
1.1493
1.0623
0.9921
0.7509
0.024064
-0.80028
-0.98277
-1.1013
-1.2446
-1.4812
-1.1988
-0.54649
0.16291
0.86519
1.2547
1.4439
1.3942
0.94309
0.2658
-0.49426
-0.95451
-1.3019
-1.4118
-1.3369
-1.1301
-1.0512
-0.75842
-0.1604
-0.14323
-0.54979
-0.092353
0.57226
1.1951
1.4498
1.5039
1.1838
0.27986
-1.1393
-1.0211
-0.9748
-0.82465
-0.79012
-0.40826
0.24598
0.8092
1.1538
1.0981
1.1736
1.3028
1.4515
1.1433
0.40293
0.10622
0.75013
0.86978
0.54899
-0.096952
-0.91392
-1.5542
-1.856
-1.6873
-1.0149
0
0.75527
0.92711
0.77905
0.56146
0.30309
0.29056
0.52766
1.0556
1.7026
2.394
2.3557
1.3207
0.30688
-0.44772
-0.76155
-0.83926
-0.085232
0.16815
0.040313
-0.37691
-0.62122
-0.52913
-0.44507
0.024784
0.28773
0.79613
1.3024
1.8662
2.2757
2.1202
1.851
1.2288
0.69199
0.028616
-0.46836
-0.94788
-1.0823
-0.83761
-0.52787
-0.17586
0.031518
0.55196
1.0919
1.5077
1.581
1.1327
0.31493
-0.625
-1.3012
-1.7534
-1.75
-1.3164
-0.7627
-0.12154
0.43663
0.95207
1.2954
1.4401
1.2043
0.61404
-0.097462
-0.65928
-1.1665
-1.4411
-1.5831
-1.462
-1.1308
-0.68459
-0.046547
0.51296
1.0784
1.4779
1.6567
1.49
0.94486
0.34813
-0.30535
-0.945
-1.4297
-1.6393
-1.641
-1.4855
-1.1461
-0.76676
-0.4997
-0.21595
0.093036
0.59037
1.1178
1.6425
1.9501
1.7881
1.1651
0.32641
-0.5573
-1.1505
-1.3364
-1.2894
-0.91903
-0.12022
0.58677
1.0782
1.2537
1.2669
1.1129
0.95493
0.72769
0.7566
0.83451
0.98564
0.68045
0
-1.0613
-1.7014
-1.7738
-1.394
-0.59195
0.13813
0.98057
1.4157
1.5145
1.0434
0.090662
-0.73889
-1.1084
-1.212
-1.1605
-0.92399
-0.34542
0.0742
0.64123
1.1065
1.3223
1.1642
1.0543
0.79109
0.65979
0.41236
-0.11551
-0.77588
-1.384
-1.5216
-1.3807
-0.81362
-0.15621
0.50994
0.96851
1.1258
1.298
1.2753
1.022
0.56472
-0.057887
-0.7242
-1.2557
-1.5967
-1.7736
-1.7302
-1.4746
-0.97431
-0.39919
0.21956
0.73165
1.2971
1.6656
1.8833
1.8917
1.3954
0.85117
0.37196
-0.11828
-0.45064
-0.65831
-0.49066
-0.15052
0.49664
1.2019
1.7319
1.9777
1.9083
1.6455
1.2115
0.88831
0.49728
0.0099946
-0.69919
-1.3474
-1.6999
-1.6994
-1.2298
-0.66847
-0.063721
0.36022
0.84758
1.2344
1.291
1.2734
1.15
0.99913
0.57554
0.13448
-0.45908
-0.97141
-1.3339
-1.3882
-1.1066
-0.54261
0.16081
0.74211
1.0259
1.1721
1.2317
1.3432
1.5619
1.746
1.8299
1.6464
1.1463
0.37666
-0.48561
-1.0694
-1.1379
-0.82093
-0.42593
0.14738
0.72517
1.1403
1.2626
1.2432
0.95553
0.4628
-0.011599
-0.57463
-1.0358
-1.3745
-1.6632
-1.8297
-1.7419
-1.2162
-0.32598
0.54577
1.1537
1.4356
1.2471
0.69155
-0.081144
-0.68372
-1.073
-1.1157
-1.0823
-1.058
-0.94826
-0.49123
0.11968
0.73013
1.3667
1.9595
2.1226
1.729
1.089
0.3984
-0.21594
-0.61711
-0.77131
-0.92844
-0.98635
-0.80968
-0.36306
0.23995
0.86845
1.2549
1.4655
1.6378
1.8623
1.8188
1.6049
1.023
0.38076
-0.29334
-0.91898
-1.0627
-1.0076
-0.75751
-0.27399
0.14828
0.65189
1.1902
1.6105
1.9045
1.8013
1.4696
0.83537
-0.01499
-0.80857
-1.3586
-1.5801
-1.5795
-1.3653
-0.9245
-0.50142
0.033591
0.50112
0.92774
1.2942
1.5472
1.7936
1.8194
1.5746
1.0473
0.27436
-0.67895
-1.404
-1.8591
-1.9077
-1.4169
-0.81312
-0.26795
-0.015884
0.083468
0.25873
0.68278
0.99526
1.1821
0.77877
0.015835
-0.77971
-1.4673
-1.9579
-2.0201
-1.6278
-1.0837
-0.7041
-0.28565
0.028279
0.31758
0.75515
1.2224
1.6566
1.7666
1.506
0.88883
0.055679
-0.75463
-1.4051
-1.7536
-1.8052
-1.5676
-1.2284
-0.88699
-0.42136
0.171
0.83526
1.4197
1.6562
1.2969
0.70334
0.050209
-0.39183
-0.88264
-1.3232
-1.6227
-1.5695
-1.2092
-0.57169
0.12684
0.49272
0.79063
1.1536
1.5662
1.7375
1.618
1.2844
0.57601
-0.15769
-0.74128
-1.1865
-1.2539
-1.0901
-0.77147
-0.35329
0.16314
0.75877
1.0398
1.0473
1.2235
1.5587
1.6756
1.4796
0.85505
0.025461
-0.62864
-0.99304
-1.0379
-0.91465
-0.58693
0.033693
0.75503
1.3343
1.8041
1.9875
1.8853
1.5381
0.97414
0.26985
-0.3433
-0.84649
-1.0183
-1.0454
-0.7649
-0.31188
0.093945
0.57321
1.2159
1.5696
1.3552
0.52039
-0.38284
-1.2721
-1.6002
-1.3068
-0.88875
-0.73449
-0.74607
-0.75616
-0.5507
0.19206
0.93902
1.2444
1.153
0.52168
0.072987
-0.63485
-1.1557
-1.4622
-1.5776
-1.5054
-1.3016
-1.0277
-0.73794
-0.22779
0.28831
0.83154
1.3157
1.6718
1.7787
1.2515
0.39341
-0.65347
-1.3874
-1.8859
-1.7795
-1.2722
-0.74194
-0.26182
-0.078243
0.060542
0.082052
0.65706
1.0931
1.6718
1.6787
1.3416
0.67266
0.031431
-0.40996
-0.91364
-1.3365
-1.5634
-1.486
-1.2517
-0.91235
-0.33695
0.096698
0.56196
0.91868
1.3878
1.675
1.7303
1.5173
0.77508
-0.23975
-1.1713
-1.5559
-1.5608
-1.2096
-0.83688
-0.43503
-0.013766
0.38568
0.78934
0.92957
1.0633
1.1995
1.1497
0.65839
-0.18647
-0.99984
-1.6314
-1.7953
-1.6842
-1.3584
-0.99142
-0.59857
-0.09215
0.33206
0.88015
1.4076
1.7771
1.8089
1.5839
1.1049
0.31673
-0.27219
-0.83046
-1.0983
-1.2985
-1.3165
-1.0193
-0.55421
0.095144
0.81625
1.3352
1.461
1.4656
1.2114
1.0435
0.73854
0.2462
-0.55629
-1.273
-1.4563
-1.1923
-0.50878
0.20711
0.81217
0.92962
1.0184
1.1334
1.2152
1.2935
1.264
0.92355
0.1602
-0.63693
-1.1342
-1.3168
-1.3176
-1.2103
-1.0955
-1.0271
-1.0506
-0.82572
-0.34816
-0.10091
0.67134
1.3456
1.5846
1.3788
0.76174
0
-0.57603
-1.0499
-1.1717
-1.2306
-1.1756
-1.1567
-1.1002
-1.088
-1.0281
-0.98106
-1.3648
-0.83991
-0.08083
0.089151
-0.40834
-0.87249
-0.96031
-1.0841
-1.0652
-1.0471
-1.0704
-1.186
-1.2451
-1.2793
-1.0937
-0.33051
0.68001
1.5489
1.1297
0.52874
-0.13555
-0.88805
-1.3294
-1.4808
-1.4872
-1.0417
-0.406
0.35225
1.3934
1.531
0.92903
-0.29595
-1.2765
-1.2233
-0.94048
-0.75033
-0.80819
-1.0552
-1.3691
-1.1184
-0.26079
0.71912
1.4103
1.5766
1.1465
0.37311
-0.3806
-0.74475
-0.86671
-0.97807
-1.1054
-1.2192
-1.3565
-1.3566
-1.132
-0.56331
0.12276
0.63956
1.0274
1.0396
1.1636
1.3228
1.276
1.235
0.94304
0.20725
-1.048
-1.4065
-1.0684
0
0.42199
0.7411
1.2115
1.5787
1.4914
0.92172
-0.072606
-0.58517
-0.74396
-0.91455
-1.2108
-1.4801
-1.509
-0.92724
-0.14172
0.73433
1.1788
1.2881
1.3975
1.4298
1.0218
0.17369
-0.54379
-1.005
-1.2157
-1.5298
-1.2526
-0.80169
-0.064252
0.74764
1.1548
1.38
1.4128
1.2324
0.58444
-0.48479
-1.3337
-1.8
-1.0457
-0.14842
0.85525
0.98816
0.80444
0.87389
0.97933
0.96887
1.2699
1.4001
1.3787
0.91971
0.62699
0.37731
0.25124
0.48111
0.8243
1.0068
1.2044
1.2585
1.1512
1.0581
1.0931
1.3709
1.1379
0.73153
0.18549
-0.024514
-0.086468
0.45961
1.0372
1.5161
1.7762
1.7944
1.6199
1.2472
0.91472
0.76412
0.46456
0.19238
-0.24027
-0.59043
-0.59797
0.049251
0.7177
1.3538
1.7908
2.0508
2.096
1.8223
1.5557
1.0286
0.4438
0.039595
-0.16103
-0.42465
-0.60101
-0.66511
-0.67826
-0.30485
0.23682
0.93618
1.4109
1.5999
1.7131
1.6308
1.3032
0.69588
0.043148
-0.64559
-1.0994
-1.3224
-1.3352
-1.2663
-1.04
-0.58382
-0.088965
0.53256
1.0802
1.3946
1.4266
1.423
1.4373
1.4373
1.4607
1.3486
1.0785
0.56791
-0.089475
-0.77464
-1.2294
-1.0909
-0.47049
0.29256
0.79656
1.0459
0.93198
0.49654
-0.13031
-0.98008
-1.6716
-2.0243
-1.9882
-1.7833
-1.5069
-1.2258
-0.76441
-0.34517
-0.095914
0.17011
0.74625
1.0297
1.3469
0.94567
0.56452
0.15639
0.17319
-0.25443
-0.68609
-1.1111
-1.1804
-1.1597
-0.88888
-0.2544
0.54652
1.3247
1.9413
2.1027
1.9056
1.3703
0.95367
0.65021
0.17114
0
-0.23036
-0.54759
-0.42129
-0.12287
0.61632
1.2094
1.8165
2.1401
1.9038
1.3114
0.45551
-0.29054
-0.78566
-1.1383
-1.1709
-1.3485
-1.3079
-1.1192
-0.59349
-0.048348
0.38109
0.86076
1.0602
1.4889
1.5724
1.4074
0.57426
-0.025377
-0.67962
-1.1093
-1.567
-1.6993
-1.4812
-0.87122
-0.14543
0.40292
0.71825
0.88552
1.1065
1.2415
1.1268
1.2723
0.81244
0.23199
-0.6696
-1.4436
-1.8711
-1.8291
-1.4308
-0.91068
-0.51006
-0.046369
0.15891
0.30547
0.31042
0.38531
0.052453
-0.55696
-1.272
-1.744
-1.9988
-1.8597
-1.3206
-0.53451
0.28482
0.86886
1.2318
1.3185
1.3397
1.3102
1.0559
0.48384
-0.16209
-0.72284
-1.1796
-1.4885
-1.5783
-1.4262
-0.84529
-0.035687
0.7381
1.1817
1.343
1.4202
1.2863
0.8727
0.34076
-0.32639
-0.85828
-1.1756
-1.3536
-1.3708
-1.3273
-0.99994
-0.31991
0.32907
0.81852
1.2332
1.4844
1.3839
0.90947
0
-0.78697
-1.2261
-1.3518
-1.322
-1.339
-1.0554
-0.64617
-0.053444
0.45922
0.78675
1.0187
1.1761
1.423
1.4265
0.97577
0.15155
-0.76418
-1.2621
-1.2498
-1.1262
-1.0743
-1.1068
-1.1881
-1.1423
-0.69902
-0.025174
0.61318
0.99779
1.1868
1.4033
1.445
1.079
0.34545
-0.42713
-0.96874
-1.2553
-1.3974
-1.3983
-1.2379
-0.7565
-0.064682
0.50474
0.91976
1.2013
1.4867
1.4369
0.96303
0.1366
-0.65683
-1.1312
-1.2905
-1.3197
-1.3637
-1.2494
-0.6903
-0.036359
0.59254
0.99127
1.0321
1.0682
1.1761
1.3749
1.2515
0.62619
-0.14278
-0.89432
-1.3422
-1.5778
-1.367
-0.8972
-0.05789
0.93639
1.3743
1.23
0.93492
0.89749
1.1079
1.368
1.3333
0.77106
-0.14033
-0.8106
-0.96226
-1.0117
-1.0629
-1.2129
-1.3248
-1.1008
-0.43186
0.53945
1.3104
1.6384
1.2187
0.39492
-0.57247
-1.1427
-1.2122
-1.1958
-1.0553
-1.102
-1.1866
-1.0563
-0.49744
0.23882
0.83238
1.3007
1.5654
1.5094
0.93428
-0.015488
-0.74336
-1.4698
-1.7497
-1.3907
-0.78828
0.24901
0.56254
0.50717
0.6591
0.90889
1.085
1.1661
1.1624
1.3806
1.2525
0.7983
0.03815
-0.5603
-1.0248
-1.3644
-1.4783
-1.4008
-0.83806
-0.14121
0.65195
1.0651
1.1823
1.3592
1.3886
1.4394
1.296
0.95042
0.36574
-0.24602
-0.80717
-1.1568
-1.2826
-0.9947
-0.45669
0.048658
0.59016
1.0915
1.5097
1.872
1.9126
1.7066
1.0918
0.38574
-0.32186
-0.88381
-1.317
-1.5109
-1.5153
-1.4568
-1.2142
-0.82252
-0.30805
0.20863
0.74312
1.1875
1.4274
1.4946
1.1888
0.72496
-0.054176
-0.85989
-1.3591
-1.6281
-1.4034
-0.94607
-0.58057
-0.23863
0.32675
0.80805
1.0252
1.1716
1.114
1.0041
0.74435
0.21749
-0.46676
-1.3039
-1.8227
-1.806
-1.4152
-0.73515
0.16633
0.96823
1.4047
1.3719
0.86768
0.084127
-0.42616
-0.61097
-0.74596
-0.87369
-1.1219
-1.2216
-1.0706
-0.53467
0.13748
0.58795
0.80375
0.91439
1.1448
1.3232
1.4251
1.6762
1.776
1.6646
1.1174
0.22048
-0.666
-1.2243
-1.4493
-1.4123
-1.2837
-0.89021
-0.42749
-0.0099921
0.35654
0.75153
1.1353
1.4592
1.6387
1.6578
1.5152
1.0935
0.39536
-0.45852
-1.1969
-1.3948
-1.1233
-0.54684
0.17476
0.74966
1.257
1.45
1.5605
1.5706
1.4259
1.1915
0.84741
0.024119
-0.68933
-1.0378
-1.0231
-0.54552
0.16477
0.92018
1.4366
1.6799
1.5494
1
0.10715
-0.82452
-1.2254
-1.2511
-1.0714
-0.79215
-0.32107
0.2755
0.99033
1.5273
1.5825
1.5325
1.4211
1.1644
0.64575
-0.14017
-0.64885
-1.1355
-1.1459
-0.80866
-0.32312
0.28836
0.89799
1.4586
1.7195
1.7783
1.7073
1.4491
1.0354
0.35017
-0.10264
-0.76113
-0.96107
-1.1451
-1.1312
-1.0126
-0.62655
-0.19027
0.12267
0.6158
1.1445
1.6005
1.8268
1.8143
1.509
0.84018
0.04376
-0.66095
-1.1091
-1.438
-1.4351
-1.3148
-1.0714
-0.68944
-0.21736
0.29558
0.80508
1.2645
1.2056
0.89459
0.23977
-0.31685
-0.88981
-1.3513
-1.5966
-1.5862
-1.4026
-1.0687
-0.65616
-0.38445
-0.080581
0.40885
1.0103
1.56
1.8538
1.8928
1.4177
0.69347
0.13381
-0.38885
-0.66113
-0.8599
-0.83319
-0.59399
-0.030696
0.65185
1.2925
1.7051
1.8966
1.85
1.6803
1.4437
1.243
0.66364
0.28823
-0.057807
-0.15279
-0.35547
-0.30829
0.10459
0.8
1.3517
1.8228
2.0247
1.7703
1.351
1.0948
0.9209
0.76973
0.4814
-0.27382
-0.94485
-1.4052
-1.3704
-0.94209
-0.29197
0.36849
0.6788
0.76381
0.99706
1.364
1.693
1.2764
0.62599
-0.36765
-0.93928
-1.223
-1.1755
-0.8807
-0.53529
0.13815
0.63135
0.99273
1.1382
1.2763
1.3547
1.4684
1.432
1.0664
0.36371
-0.45052
-1.1713
-1.6727
-1.826
-1.5961
-1.1409
-0.66073
-0.20483
0.16613
0.43939
0.85587
1.2748
1.406
1.1541
0.4585
-0.35234
-1.217
-1.8516
-2.1667
-2.0512
-1.6685
-0.99535
-0.39107
0.11356
0.43545
0.76218
1.0759
1.1315
0.83999
0.19942
-0.43407
-0.76965
-0.99824
-1.2857
-1.8063
-2.019
-1.8616
-1.3755
-0.84971
-0.45373
-0.025093
0.40224
1.0641
1.5144
1.3671
0.6227
-0.48306
-1.4503
-2.0194
-1.9272
-1.5121
-0.81133
-0.1276
0.4984
0.86909
0.96832
0.8754
0.75602
0.69037
0.95165
1.2228
1.096
0.36035
-0.75082
-1.659
-1.9987
-1.7488
-1.1766
-0.53179
-0.010453
0.43044
0.7019
0.9894
1.2435
1.3847
1.2024
0.7587
0.071376
-0.70814
-1.3939
-1.8815
-1.9902
-1.8942
-1.4581
-0.82741
-0.1144
0.37341
0.58021
0.83657
0.99457
1.4554
1.7023
1.5493
0.87746
0.054215
-0.76724
-1.3988
-1.6842
-1.3073
-0.65065
-0.014825
0.3999
0.61977
0.7775
1.1357
1.5163
1.6193
1.3382
0.79329
-0.014121
-0.80356
-1.3525
-1.4225
-1.1114
-0.6032
0.23713
0.89835
1.3227
1.259
1.0477
0.67598
0.48278
0.86293
