-0.8468
-1.0536
-1.1083
-1.1683
-1.2679
-1.3362
-1.1653
-0.69034
-0.058029
0.8008
1.547
1.8362
1.4712
1.1389
0.73953
0.21717
-0.47754
-1.4478
-1.364
-0.88568
-0.37806
-0.90286
-1.4429
-1.1633
-0.59243
0.05315
0.87783
1.9002
2.0598
1.5421
0.68696
-0.19322
-0.7178
-0.38958
0.4899
1.0402
1.4516
1.4812
1.3995
1.1731
0.96648
0.82923
0.68551
0.74584
1.0677
1.0577
0.29782
-0.46256
-1.0169
-1.1567
-1.0516
-1.1291
-1.3417
-1.5424
-1.0208
-0.078
1.144
1.7836
1.1763
-0.40719
-1.4887
-1.12
-0.10137
0.13728
-0.88978
-1.486
-1.2343
-0.59658
0.30362
0.87116
1.1574
1.2522
1.2608
1.2925
1.155
1.1466
0.96535
1.1985
0.77811
0.47974
0.3465
0.89929
1.274
1.5922
1.7195
1.253
0.7769
0.47106
0.05005
-0.19158
-0.47291
-0.97395
-1.3978
-1.5711
-1.2064
-1.0482
-0.98384
-0.9724
-1.083
-1.1293
-0.924
-0.069939
0.88088
1.7409
1.775
0.97988
0.13128
-0.6545
-1.5352
-1.8966
-1.2033
0.17315
1.2813
1.4767
0.41833
-0.38748
-0.99182
-0.39859
0.79003
1.7866
1.9374
0.88978
-0.22593
-0.81177
-0.47338
0.4169
1.2249
1.4717
1.3347
1.0286
0.90536
0.99024
1.3057
1.4097
1.092
0.63904
0.062238
-0.74651
-1.5228
-2.0648
-1.5702
-1.1008
-0.15764
0.5779
1.2067
1.2426
1.515
0.94212
0.68153
0.45243
0
-0.616
-1.0184
-1.092
-1.3036
-1.4418
-1.4201
-1.155
-0.63467
-0.053745
0.67894
1.0928
1.379
1.4735
1.4181
1.1756
0.8008
0.35704
-0.31307
-0.87008
-1.3704
-1.5292
-1.4507
-1.0201
-0.41218
0.2635
0.98488
1.5894
1.6892
1.442
1.2343
1.001
0.56394
-0.22
-0.45206
-0.074841
-0.21643
-0.72144
-1.4164
-1.4014
-0.78446
0.15519
1.361
1.5015
1.0618
0.3944
-0.3179
-0.99744
-1.3301
-1.3469
-1.1409
-0.8932
-0.76651
-0.90012
-1.1487
-1.3446
-1.4236
-1.232
-0.85256
-0.61872
-0.74231
-1.2142
-1.43
-1.0749
-0.31281
-0.19275
-0.49949
-1.3104
-1.9568
-1.8492
-1.43
-0.73503
0.17409
0.73714
0.39384
-0.83143
-0.89345
-0.77186
-0.5005
-0.52376
-0.79478
-1.2795
-1.6293
-1.5922
-1.3014
-0.84952
-0.30688
0.56231
1.5044
1.6154
0.97559
-0.018887
-0.88978
-1.5653
-1.6451
-1.277
-0.79649
-0.63406
-0.70341
-1.3459
-1.7541
-1.6101
-1.0834
0.055611
0.66121
0.624
0.77856
1.1324
0.73407
-0.3432
-0.924
-1.3268
-1.2012
-0.8936
-0.79049
-0.96525
-1.3294
-1.0075
-0.39709
0.40359
1.4062
1.9607
1.5486
0.72479
-0.0176
-0.80463
-1.5583
-1.8717
-1.4077
-1.0803
-0.69419
-0.234
0.27331
1.056
1.6257
1.7734
1.1334
0.63285
0.57006
1.025
1.581
1.4626
0.70555
-0.59203
-0.78193
-0.27146
0.55425
1.0431
1.3557
1.4574
1.3452
1.2679
1.0904
0.72267
-0.043404
-0.90657
-1.6696
-2.0632
-1.4265
-0.83766
-0.073468
0.28747
0.85647
1.1046
1.092
1.0483
1.0296
1.2628
1.2726
1.2042
0.71756
-0.22637
-0.92977
-1.5188
-1.8
-1.5205
-0.81382
-0.1608
0.36857
0.95249
1.3988
1.5814
1.3404
1.2122
1.0547
0.5416
0.20533
0.35857
0.72313
1.1855
1.4208
1.3481
1.1384
0.94212
1.1103
1.035
0.98111
0.73849
0.2897
-0.4624
-1.3313
-1.4842
-1.1041
-0.34077
0.51508
1.1571
1.3161
1.0906
1.0001
1.0786
1.3631
1.5441
1.3535
0.78889
0.27935
-0.051832
-0.92258
-1.2471
-1.0039
-0.39874
0.22558
1.0677
1.67
1.8784
1.5247
1.0381
0.50817
-0.13128
-0.85704
-1.062
-1.014
-0.9291
-0.90579
-1.024
-1.3158
-1.3021
-1.0988
-0.64262
0.015795
0.99244
1.8853
1.7946
1.1869
0.3291
-0.71569
-1.6568
-1.8364
-0.98057
-0.18623
0.21537
0.42062
0.6662
1.0291
1.4563
1.6812
1.522
1.1716
0.72929
0.10686
-0.63032
-1.3708
-1.8102
-1.285
-0.60755
0.20074
0.77944
1.022
1.1213
1.2076
1.4353
1.548
1.3998
0.82937
-0.035164
-0.68027
-1.2645
-1.3414
-1.1517
-1.2003
-1.2713
-1.1316
-0.67974
-0.61064
-0.44888
0.26555
1.3575
1.8925
1.8246
1.0436
-0.060922
-1.1085
-1.8726
-1.3131
-0.70727
-0.039036
0.20685
0.34418
0.74537
1.2644
1.5733
1.4948
1.332
1.0445
0.8663
0.74326
0.51929
-0.22069
-1.579
-2.2221
-1.892
-0.77497
0
0.52607
0.80889
0.79359
0.94212
0.92537
0.15702
-0.93479
-1.6016
-1.4899
-0.78127
0.23714
1.0653
1.3376
1.0955
0.73824
0.63073
0.83214
1.1808
1.4883
1.5327
1.3852
1.1147
0.53178
0.143
0.16145
0.86621
1.8754
2.2853
1.6319
0.48048
-0.10554
0.075429
0.77336
1.4856
1.8327
1.7055
1.1872
0.70314
0.48391
0.55293
0.85059
0.95561
0.91378
0.87141
0.98471
1.3096
1.5553
1.4494
1.2655
0.76142
0.24058
-0.61898
-0.44905
0.19219
0.59924
1.3388
1.5296
1.3178
0.95646
0.84991
0.9123
1.0296
1.4272
1.5182
1.2393
0.65106
0.12611
-0.31916
-0.74001
-1.014
-1.5712
-1.6702
-1.3945
-0.51865
0.27069
1.1815
1.574
1.1095
0.65674
0.50739
1.2763
1.7142
1.399
0.6493
-0.27146
-0.68042
-0.78819
-0.90294
-1.3761
-1.7469
-1.7523
-1.1598
-0.4683
0.3229
0.90902
0.28747
-0.029226
-0.4004
-0.72352
-0.95054
-1.0685
-1.1287
-1.213
-1.3737
-1.4276
-1.2024
-0.85246
-0.20854
0.44989
1.023
1.3456
1.4488
1.4529
1.2334
1.0611
0.6546
0.022431
-0.54699
-0.94805
-1.0208
-1.1208
-1.0298
-1.1382
-1.2697
-1.4848
-1.4363
-1.0426
-0.48802
-0.020121
-0.051554
-0.56986
-1.2298
-1.7219
-1.9334
-1.6774
-1.046
-0.30632
0.028297
0.097263
0.19374
0.81382
1.6768
1.9466
1.2997
0.22348
-0.56444
-0.8976
-1.1162
-1.2491
-1.4958
-1.6056
-1.3161
-0.67947
0.076754
0.29168
0.63077
1.286
1.6791
1.4315
0.83488
0.15224
-0.58051
-1.3296
-1.6016
-1.3149
-0.91351
-0.64111
-0.75192
-1.1969
-1.723
-1.7272
-0.97417
-0.3361
0.038874
-0.30891
-0.93572
-1.477
-1.5799
-1.245
-0.89224
-0.60547
-0.70127
-1.1251
-1.6526
-1.7614
-1.4581
-0.82099
-0.016016
0.32175
0.051554
-0.56784
-0.94351
-1.2562
-1.3944
-1.4442
-1.3992
-1.2449
-0.90368
-0.26974
0.42709
1.2824
1.8232
1.4038
0.77748
0.21702
-0.14727
-0.67784
-1.0751
-1.3118
-1.3819
-1.4504
-1.4075
-1.0677
-0.7651
-0.21124
0.38336
1.0394
1.693
1.6067
1.4433
0.71616
0.086108
-0.57967
-1.0589
-1.5138
-1.4094
-1.4158
-1.1966
-0.85191
-0.35255
0.37748
1.001
1.6477
1.734
1.129
0.58754
0.112
-0.41535
-0.98211
-1.3748
-1.5143
-1.5226
-1.3907
-1.077
-0.59953
-0.17996
0.81635
1.3217
0.74783
0.02487
-0.66548
-1.293
-1.5208
-1.2254
-1.0245
-1.0999
-1.2422
-1.1927
-0.9501
-0.26693
1.0214
1.8701
1.3433
0.093661
-0.55228
-0.97067
-1.0771
-0.97559
-1.0429
-1.0677
-1.1339
-1.0478
-1.2578
-1.4739
-1.344
-0.72253
-0.30333
0.11359
0.58955
0.75075
1.0954
1.4594
1.5878
1.2437
0.72274
0.12226
-1.0583
-2.1298
-1.848
-0.90657
-0.39679
0.079682
0.91658
1.6016
1.555
0.93642
0.22157
-0.99655
-2.002
-2.002
-0.93752
-0.23786
-0.15109
-0.84557
-1.4709
-0.82727
0.12464
1.4223
1.7434
1.3347
0.37247
-0.35716
-0.86573
-1.1269
-1.2143
-1.2287
-1.144
-1.2846
-1.3875
-1.2773
-0.95059
-0.22422
-0.10094
-0.22512
-0.81485
-1.1085
-1.0929
-1.0275
-1.0813
-1.2894
-1.3317
-1.3316
-0.91042
-0.19822
0.70127
1.5215
1.7509
1.295
0.65595
0.59434
0.85582
0.87267
0.4368
-0.36566
-1.1694
-1.7032
-1.6593
-1.2655
-0.90098
-0.78088
-0.45952
0.15255
0.92465
1.8282
2.0736
1.5007
0.75814
-0.025789
-0.78457
-1.4986
-1.158
-0.32991
0.39318
0.72772
1.0684
1.138
1.2001
1.4213
1.5305
1.5404
0.89367
0.05936
-0.65074
-1.0657
-0.33871
0.57351
0.7512
0.65148
0.90889
1.0477
1.1645
1.2491
1.436
1.4809
1.1355
0.57866
-0.21717
-0.88978
-1.5526
-1.274
-0.9622
-0.2464
0.84983
1.6282
1.4503
0.71595
0.57558
0.89298
1.2766
1.3884
0.88754
0.12239
-0.7265
-1.2476
-1.711
-1.6336
-1.3192
-0.94212
-0.53387
-0.10041
0.572
0.69635
0.858
0.9338
1.1964
1.4215
1.4937
1.2868
0.67694
-0.22695
-1.1771
-1.6521
-1.4858
-1.001
-0.77411
-0.74246
-0.39424
0.18516
1.1748
1.8122
1.855
1.248
0.37921
-0.57395
-1.4171
-1.2959
-0.60787
0.16554
0.56694
0.92707
1.1608
1.4373
1.5015
1.3449
1.1131
0.89184
0.49247
-0.15753
-1.2244
-2.0494
-2.0119
-0.69794
0.15779
0.81033
0.95333
1.3453
1.0487
0.74584
0.3276
-0.6864
-1.9603
-2.3193
-1.3492
-0.49488
0.19896
0.49739
0.40857
0.37685
0.76754
1.1989
1.3764
1.354
1.1336
0.952
0.84741
0.98057
1.225
0.90812
0.29441
-0.72424
-1.7109
-2.311
-1.6178
-0.61375
-0.15181
-0.29881
-1.1927
-1.0115
-0.69973
0.67357
1.2133
1.0125
0.49534
-0.38336
-1.7846
-2.4294
-0.97988
0.074148
0.14988
-0.55457
-1.6528
-1.9814
-1.6652
-0.77072
0.26546
1.263
1.6364
0.96431
-0.27478
-1.3417
-0.96648
0.096482
1.2435
2.0784
2.071
0.86417
0.10333
0.10267
-0.33837
-1.5641
-2.3286
-1.96
-0.92178
0.06113
1.0445
0.24084
-0.083853
-0.5005
-0.60301
-1.0718
-1.2771
-1.2751
-1.063
-0.96209
-1.0991
-1.2237
-1.5053
-1.2498
-0.504
0.52562
1.0097
0.572
-0.36734
-1.4528
-1.6744
-1.3282
-0.91319
-0.77
-0.59223
0
0.55055
1.0238
1.1914
1.2609
1.2702
1.416
1.4535
1.1372
0.57563
0.067578
-0.23068
-0.76571
-1.2719
-1.7949
-1.7494
-1.3845
-0.74083
-0.35493
-0.6578
-0.84295
-0.73055
-0.51804
-0.61197
-0.79646
-0.98712
-1.122
-1.1698
-1.3514
-1.5077
-1.4197
-0.92936
-0.34502
0.25025
1.0082
1.581
1.6455
1.2067
1.0751
0.54108
0.16016
-0.31573
-0.86866
-1.4068
-1.9486
-1.6332
-1.3009
-0.51874
0.40264
0.87043
-0.28397
-1.0125
-0.21412
0.93427
1.9512
1.962
0.74024
-0.23553
-0.616
-0.69034
-1.1216
-1.3894
-1.655
-1.484
-1.1875
-0.6552
-0.24267
-0.63832
-1.1122
-0.53387
0.24914
0.85331
1.54
1.848
1.5952
0.94957
0.34969
-0.53092
-1.2562
-1.3036
-0.77856
-0.20188
0.77954
1.8775
2.1408
1.3027
0.50312
-0.60334
-0.92655
-0.73313
0.14761
-0.10537
-0.61764
-1.0587
-1.5979
-1.8083
-1.6675
-1.1692
-0.67912
0.077
0.41872
0.286
-0.35255
-0.96431
-1.2351
-1.555
-1.688
-1.3614
-0.65224
-0.29226
-0.11539
0.35302
0.82622
1.3419
1.5852
1.6181
1.325
0.99085
0.6864
0.43633
0.53785
0.9546
0.91825
0.18159
-0.81821
-1.7733
-2.2267
-1.6617
-0.76365
-0.12245
-0.2126
-0.83805
-1.4598
-1.0935
-0.21717
0.754
1.5849
1.8254
1.3974
0.77821
0.39907
0.546
1.2265
1.9343
1.4132
0.77297
0.27238
0.42709
0.7926
1.6131
1.7882
1.2886
0.69825
-0.22431
-1.0165
-1.59
-1.4396
-1.196
-0.82435
-0.21527
0.44828
1.0472
1.5589
1.883
1.5697
1.0694
0.56196
0.1558
-0.12813
-0.69491
-1.2268
-1.6462
-1.3565
-0.63991
0.21871
0.96502
1.4738
1.6888
1.3686
1.1296
0.84966
0.49677
0.084831
-0.31027
-0.88046
-1.6956
-1.9344
-1.5717
-0.84232
-0.16834
0.4456
0.97191
1.3704
1.5618
1.5956
1.3484
0.84013
0.33204
-0.061773
-0.53281
-1.1393
-1.423
-1.5918
-1.4265
-0.87439
-0.31323
0.36933
1.0843
1.7991
1.6821
1.0994
0.51879
-0.20615
-1.0882
-1.7755
-1.8235
-1.3621
-0.92801
-0.58703
-0.60612
-0.98515
-1.3194
-0.54222
0.48109
0.66157
0.34646
-0.73029
-1.6107
-1.7223
-0.95718
-0.12786
0.54072
1.0009
1.1667
1.2114
1.378
1.608
1.4693
0.99065
0.33171
-0.36072
-0.69403
-0.8008
-0.14899
-0.28806
-0.74246
-1.5464
-2.1518
-1.923
-0.88711
0.067673
0.18678
-0.54292
-1.6127
-1.8243
-1.462
-0.56078
0.67106
1.166
0.78178
-0.18887
-1.0294
-1.4294
-1.4432
-1.2029
-1.0688
-0.89653
-0.36834
0.25635
0.87879
1.2101
1.2254
1.0956
1.0963
1.2617
1.4476
1.2931
0.97891
0.45715
-0.15253
-0.84035
-1.5538
-1.8755
-1.4635
-0.36273
0.46423
0.91346
0.86332
0.81393
1.0423
1.3951
1.6995
1.4321
0.79773
-0.069939
-0.88
-1.5782
-1.6987
-0.81437
-0.4576
0.13291
0.62516
1.2673
1.3474
1.4075
1.3467
1.1769
0.81162
0.56145
0.81094
1.0811
1.6105
1.3552
0.74651
0.24682
0.21514
0.8008
1.5726
1.8883
1.6915
1.0982
0.080348
-0.99685
-1.4689
-0.64771
0.79512
1.6016
0.41218
-0.66733
-0.29936
0.52389
1.6016
2.2587
1.848
0.82727
-0.0924
0
0.76094
1.9316
2.3212
1.662
0.79682
-0.1456
-0.75289
0.49432
0.86108
0.69635
0.51944
-0.26149
-0.84018
-1.0531
-1.0677
-1.0206
-1.0362
-1.1239
-1.368
-1.3847
-1.0192
-0.32753
0.44
1.2981
1.9067
1.5683
1.1791
0.8294
0.69476
0
-0.91895
-1.2679
-1.3728
-0.67793
0.03591
0.91617
1.3462
1.6627
1.4899
1.0459
0.72471
0.70246
0.70569
0.38659
-0.42296
-1.5625
-2.1914
-1.5964
-0.36638
0.72229
1.3347
1.1648
0.67483
0.23553
0.75865
1.1068
0.67992
-0.30959
-0.97293
-1.4593
-1.5414
-1.3406
-1.0929
-0.83805
-0.70246
-0.17977
0.45987
1.3751
1.8931
1.7997
1.2464
0.71318
0.62015
0.6864
0.728
0.6435
1.0979
1.1667
0.27773
-0.18732
-1.6487
-2.071
-1.4522
-0.29196
0.68518
1.0307
0.86293
0.08489
-0.81437
-1.7536
-1.9495
-1.6354
-0.83979
-0.1871
0.924
1.5702
1.352
0.64432
-0.68361
-0.416
0.273
1.2644
1.1194
1.1122
1.4451
0.75751
-0.25667
-1.0715
-1.8685
-2.204
-1.5288
-0.081714
0.19532
0.39384
1.001
0.637
0.62808
0.32319
-0.23381
-1.0626
-1.6979
-1.8558
-1.4445
-1.0746
-0.48302
-0.19958
0.21906
0.8846
1.5097
1.6139
1.2884
1.2237
1.0695
1.1023
0.76094
0.25365
-0.10311
-0.68847
-1.3758
-1.6781
-1.3431
-0.53225
0.6864
1.5033
1.6654
1.2433
0.81138
0.69794
0.075192
-0.54849
-1.1727
-1.3244
-1.255
-1.1359
-1.0435
-0.78318
-0.16444
0.4466
1.3537
2.0655
1.8879
1.1009
0.22289
-0.39679
-0.89193
-0.90556
-0.78791
-0.7598
-0.99264
-1.2329
-1.4669
-1.5941
-1.3712
-0.88432
0
0.88416
0.94689
0.364
-0.34461
-0.73758
-0.85031
-0.96588
-1.0084
-1.0292
-1.0591
-1.1087
-1.1518
-1.1669
-1.159
-1.153
-1.1307
-1.034
-0.97452
-0.87641
-0.61898
-0.41453
-0.58714
-0.60975
-0.78265
-1.0035
-1.2629
-1.3772
-1.3672
-1.2227
-1.0113
-0.99728
-1.0307
-1.048
-0.55566
-0.28098
-0.44489
-0.52085
-0.95402
-1.2512
-1.2621
-0.94321
-0.77968
-0.76624
-0.92868
-1.3598
-1.5778
-1.4709
-0.8301
-0.036072
0.97825
1.9253
1.8018
0.8008
-0.023622
-0.64581
-1.272
-1.5596
-1.4509
-1.1008
-0.8489
-0.7084
-0.728
-1.0751
-1.248
-0.82061
-0.49512
-0.42326
-0.66365
-1.063
-1.59
-1.7645
-1.3517
-0.64724
0.16741
1.0241
1.74
1.8264
1.1409
0.67587
0.20678
-0.18314
-0.62284
-1.1103
-1.6292
-1.781
-1.4899
-0.96983
-0.21519
0.49942
0.85898
1.0762
1.117
1.4999
1.4707
1.0506
0.59
-0.050202
-0.89342
-1.6302
-1.5556
-1.0241
-0.39551
0.37991
1.1921
1.7819
1.7964
1.4683
0.96966
0.62186
0.28145
-0.26498
-0.892
-1.0138
-0.82552
-0.98069
-1.3022
-1.4815
-1.1507
-0.63185
0.078671
0.97571
1.595
1.8551
1.5006
1.1794
0.75237
0.42832
0.1361
-0.36858
-0.57429
-0.8342
-1.3823
-1.9504
-1.671
-0.91096
-0.091259
0.69514
1.5571
1.9575
1.3135
1.0487
0.29014
-0.45206
-0.728
-0.17504
0.40547
0.86729
1.3712
1.7062
1.4673
1.1135
0.71867
-0.094583
-1.5652
-1.8057
-0.924
0.13459
0.8008
0.89945
0.78606
0.69543
1.1122
1.4822
1.5554
1.1879
0.81674
0.4576
0.42426
0.67918
0.93545
1.1495
1.2364
1.2007
1.0283
0.92317
1.0725
1.3846
1.483
1.1911
0.70283
-0.028297
-0.83562
-1.1758
-0.71019
-0.0733
0.58441
1.2974
1.5725
1.554
1.3612
1.1155
0.80271
0.5582
0.42395
-0.36072
-1.0803
-1.4915
-1.4118
-1.43
-1.3481
-1.1392
-0.55101
0.19822
0.29976
-0.35478
-1.9773
-2.002
-1.6391
-0.21761
0.99446
1.2679
0.14049
-1.1691
-0.51115
0.68285
1.7202
1.7382
1.1584
0.24372
-0.18623
-0.22603
-0.47536
-0.81471
-1.2598
-1.4922
-1.5285
-1.3942
-1.1589
-0.93978
-0.68906
-0.39898
0.56056
0.8098
0.35679
-0.22333
-0.77
-1.0272
-1.0416
-0.91728
-1.0284
-1.2385
-1.5103
-1.5155
-1.2059
-0.72995
-0.026429
0.67027
1.2569
0.98729
0.47536
-0.16483
-0.68153
-1.0272
-1.3094
-1.3186
-1.2242
-1.0905
-1.1535
-1.204
-1.1298
-0.82274
-0.1558
0.80271
1.7567
1.7347
1.0958
0.27411
-0.43853
-0.83341
-0.90303
-1.1304
-1.459
-1.5849
-1.2864
-0.76344
0.052454
0.90379
1.8223
1.7559
1.2594
0.44489
-0.33367
-1.3347
-1.5616
-1.1386
-0.40971
0.75468
1.8872
1.7076
0.89642
0.79418
0.43522
0.88978
0.693
0.24267
-0.24267
-0.40604
-0.728
-1.3196
-1.8715
-1.8077
-1.2899
-0.55355
-0.20854
-0.42286
-1.255
-1.4472
-0.95883
-0.27365
0.48894
1.224
1.6555
1.4771
1.1214
0.93022
0.99704
0.924
0.73681
0.63817
0.97138
1.5215
1.7827
1.3297
0.40376
-0.54221
-1.085
-1.1106
-0.416
0.50625
1.1134
1.0445
0.92893
0.83893
0.71651
0.67309
0.74256
0.98005
1.0654
1.198
1.1837
1.0958
1.1113
1.3188
1.4046
1.0604
0.5775
-0.019296
-0.41847
-0.91406
-1.483
-1.5625
-1.302
-0.52426
0.43068
1.2836
1.5861
1.2676
0.86218
0.85373
1.2084
1.383
0.95386
0.19585
-0.52945
-1.2092
-1.4118
-1.3465
-1.232
-1.0621
-0.71601
-0.033506
0.572
1.3017
1.9184
1.7832
1.2562
0.52511
-0.13006
-0.91456
-1.4212
-1.6538
-1.3653
-0.95693
-0.32124
0.30105
0.635
0.86486
1.2612
1.667
1.6606
1.2961
0.65666
-0.034742
-0.75886
-1.3269
-1.6859
-1.5876
-0.93626
-0.45045
0.0143
0.52365
1.129
1.4729
1.5173
1.4589
1.2216
0.89386
0.37866
-0.38299
-1.4158
-2.0592
-1.503
-0.546
0.2288
0.57997
0.75779
0.88978
1.077
1.5945
1.5483
1.1056
0.40581
-0.22208
-0.8765
-1.4767
-1.7119
-1.4964
-1.0738
-0.44773
0.231
0.767
1.2025
1.4692
1.5431
1.4148
1.0927
0.59061
-0.30257
-0.84966
-0.85234
-0.63447
-0.8345
-1.3993
-1.5952
-1.3946
-0.62314
0.20533
0.90413
1.2403
1.4007
1.3679
1.1701
0.79631
0.20589
-0.60202
-1.5965
-2.0572
-1.6252
-0.89555
-0.18168
0.44319
0.77597
0.8422
1.0057
1.2152
1.5007
1.6101
1.3975
0.93244
0.22686
-0.21153
-0.9118
-1.2886
-1.5045
-1.0958
-0.90525
-0.67467
-0.026517
0.82663
1.7579
1.988
1.5062
0.8562
-0.085191
-0.77954
-1.433
-1.2538
-0.87893
-0.44989
-0.74493
-1.4687
-1.8314
-1.5433
-0.97028
-0.097284
1.4716
1.657
1.1797
0
0
0.09913
0
0.082853
-0.35486
-0.71135
-1.185
-1.7519
-1.8799
-1.5175
-0.77564
-0.04728
0.67957
1.3075
1.4121
1.1102
1.0114
1.0616
0.61823
0.084446
-0.53747
-1.1557
-1.4793
-1.4296
-1.1951
-1.0578
-1.1061
-1.1791
-1.0997
-0.67595
0.092218
0.72381
0.93692
-1.2883
-1.172
-1.1874
-1.3041
-1.2986
-1.0715
-0.55645
0.3241
1.1813
1.6256
1.3347
1.0227
1.0139
1.0557
1.1952
0.704
0.05234
-0.4423
-0.75842
-1.4685
-1.7652
-1.5208
-0.95333
-0.23357
0.43522
1.1983
1.6948
1.728
1.2731
0.81714
0.24267
-0.31099
-0.61872
-1.0186
-1.1658
-1.3507
-1.4221
-1.3036
-0.98833
-0.2487
0.44272
1.2576
1.8555
1.8467
1.314
0.76169
0.4004
-0.14996
-0.27495
-1.001
-1.54
-1.4537
-0.77372
0.063556
0.72536
1.2112
1.5753
1.6593
1.3817
1.104
0.5616
-0.28098
-1.2433
-1.6322
-0.35255
0.61286
1.0599
0.20746
-1.1729
-1.9301
-1.8279
-0.8624
-0.4252
0.3546
0.4004
-0.36194
-1.3927
-1.9966
-1.8038
-1.0102
0.056262
0.71713
1.0134
0.83562
0.72413
0.88684
1.2487
1.6427
1.6259
1.2091
0.61338
-0.078897
-0.73216
-1.2435
-1.2696
-1.056
-1.1376
-1.2497
-1.2275
-1.2273
-0.85124
-0.1558
0.37833
1.1302
1.3927
1.4714
1.0696
1.0594
1.0677
1.1302
0.57006
0
-0.5544
-1.2133
-1.7888
-1.5944
-1.1174
-0.57906
0.13642
0.85162
1.3631
1.634
1.5212
1.2133
0.7552
0.30138
-0.34754
-0.96214
-1.4967
-1.6735
-1.4759
-0.98747
-0.38488
0.15702
0.62481
1.071
1.4249
1.692
1.5051
1.1927
0.6553
-0.054108
-1.035
-1.7949
-1.7315
-1.0255
-0.12097
0.7769
1.532
1.4023
0.69779
-0.49432
-1.1787
-1.2047
-0.97988
-0.95822
-1.1239
-0.95748
-0.71182
-0.2089
0.4004
1.0165
1.2295
1.2335
1.1971
1.1413
1.3167
1.2694
1.001
0.43633
-0.27054
-0.89467
-1.5505
-1.6937
-1.5015
-1.1603
-0.81714
-0.56196
-0.41148
-0.064064
0.53955
1.1261
1.3823
1.3463
1.4384
1.1818
0.56231
-0.20581
-0.91132
-1.3955
-1.6973
-1.4189
-0.95728
-0.33444
0.46991
1.1714
1.6935
1.4037
1.144
0.76632
0.13159
-0.65948
-1.3314
-1.6339
-1.5161
-1.2384
-0.95904
-0.81536
-0.7727
-0.44489
-0.59006
-0.85109
-1.001
-0.69434
-0.53387
-0.56394
-0.62594
-0.89894
-1.0639
-1.219
-1.3358
-1.4459
-1.4522
-1.1606
-0.73127
-0.032619
0.83364
1.5058
1.2523
0.43548
-0.020171
-0.64412
-1.0419
-1.1332
-1.0571
-1.0462
-1.1032
-1.1287
-1.1944
-1.2374
-1.2997
-1.2072
-1.0145
-0.59319
0.0924
0.44489
0.46558
1.0375
1.5464
1.3635
0.88978
0.15188
-0.55311
-1.0214
-1.2061
-1.1867
-1.2046
-1.2306
-1.2821
-1.2388
-0.93862
-0.28324
0.52442
1.1578
1.6408
1.4496
1.2334
0.85191
0.64408
0.66308
1.025
1.7838
1.7427
1.0176
0.23553
0.3432
0.8736
1.11
1.255
0.68756
0.36818
-0.36282
-0.92494
-1.6783
-1.82
-1.5419
-1.14
-0.76267
-0.37031
0.35072
0.27146
0.9295
1.1636
1.8425
1.493
1.0089
0.68943
0.090486
0.3276
0.62696
0.96284
1.0596
1.2789
1.5263
1.3532
0.91617
0.36544
-0.3007
-1.144
-1.6593
-1.7775
-1.4121
-0.93551
-0.30333
0.34912
0.65639
0.99089
1.1071
1.2753
1.2986
1.0767
0.572
-0.081162
-0.68292
-1.2937
-1.6829
-1.6687
-1.3372
-0.8165
-0.24601
0.49206
1.2186
1.7465
1.6065
1.1952
0.4456
-0.46362
-0.93774
-0.9794
-0.80584
-0.89108
-1.1922
-1.4904
-1.4735
-1.0267
-0.57565
-0.48573
-0.7516
-1.0249
-1.3024
-1.2246
-1.0654
-0.96482
-1.0932
-1.3374
-1.3104
-1.0795
-0.46866
0.2649
0.68239
1.0982
1.4788
1.6913
1.4464
-0.10552
-0.46236
-1.199
-1.7931
-1.4315
-0.71746
-0.15186
0.64065
1.2642
1.5609
1.4676
1.2125
1.0844
0.91337
1.0544
1.2637
1.071
0
-0.5152
-0.35604
0.11131
1.1922
1.278
1.1264
1.0929
1.5092
1.5412
0.86739
0.37859
0.04417
-0.70621
-1.7118
-1.4161
-0.8098
-0.021689
0.57078
0.9098
1.0549
1.1342
1.3717
1.4101
1.247
0.84867
0.18347
-0.59066
-1.4735
-1.919
-1.7029
-1.1585
-0.47106
0.14899
0.60696
0.64494
0.82479
0.92502
1.3021
1.6264
1.6618
1.1669
0.59209
0.02955
-0.47274
-0.81025
-1.1676
-1.4439
-1.6386
-1.3565
-0.86874
-0.32366
0.22711
0.77557
1.2389
1.4568
1.5749
1.5038
1.1616
0.67723
0.0728
-0.66417
-1.6524
-1.8054
-1.4147
-0.84853
-0.16683
0.45837
0.715
0.7316
0.8201
1.0282
1.3323
1.5435
1.5454
1.1372
0.49029
-0.14364
-0.81506
-1.4339
-1.5889
-1.1106
-0.93022
-1.0131
-1.2174
-1.1206
-0.65855
0.026605
1.161
1.8169
1.9675
1.3347
0.48647
-0.39644
-0.70768
-0.090316
0.43722
0.76614
1.0698
1.1834
1.1457
1.2054
1.3411
1.305
1.2717
1.0299
0.55611
-0.3465
-1.2365
-1.244
-0.80815
-0.45435
-0.095333
0.66388
0.9464
1.3133
1.3164
1.0456
0.95393
1.035
1.371
1.3173
1.1993
0.73637
-0.6776
-1.1226
-1.1801
-0.39255
0
0.79026
0.81802
0.87291
1.1958
1.5169
1.5133
0.85495
0.28806
-0.69205
-1.8604
-2.3415
-1.3497
-0.35591
0.15499
-0.22452
-1.496
-1.8057
-1.5428
-0.12916
0.6878
0.69476
0.29441
-0.43813
-1.2776
-1.8772
-1.7227
-1.3198
-0.858
-0.13759
0.58178
1.3777
1.4797
1.1787
0.48105
-0.26062
-0.68756
-0.90525
-1.0585
-1.2309
-1.3063
-1.5005
-1.346
-1.0102
-0.62501
-0.242
0.41872
1.5956
1.9219
1.3608
0.5005
-0.3432
-0.88737
-0.83046
-0.83911
-1.2084
-1.632
-1.6393
-1.0079
-0.36235
0.35139
0.87679
1.2127
1.584
1.6802
1.43
0.59564
-0.02288
-0.52747
-1.01
-1.2822
-1.2177
-1.3347
-1.3814
-0.96715
-0.54264
0
0.61001
1.2474
1.6568
1.7338
1.5007
1.0409
0.43817
-0.066045
-0.4252
-1.0727
-1.613
-1.6992
-1.3733
-0.84773
-0.252
0.3282
0.80826
1.2184
1.4158
1.4421
1.3881
1.2267
1.089
0.70173
0.17628
-0.26497
-0.79444
-1.3087
-1.3206
-1.1956
-1.32
-1.192
-1.0906
-0.38593
0.33932
1.0654
1.4623
1.1826
1.1239
1.3535
1.2686
0.76076
-0.041708
-0.79091
-1.6774
-1.46
-0.75369
-0.1483
0.396
1.1346
1.7259
1.8347
1.4579
0.78767
0.13481
-1.0097
-1.593
-1.2961
-0.27773
0.92996
1.4319
1.0406
0.17259
-0.34011
-1.0283
-1.765
-2.0269
-1.4953
-0.85191
-0.40971
-0.046558
-0.68819
-1.8966
-2.431
-1.2426
-0.070246
0.87216
0.87893
0.55611
0.78339
1.0286
1.0725
-0.52085
-1.0644
-1.1155
-0.43879
0.57715
1.7272
2.317
1.2178
0.37644
0.11952
1.092
1.7552
1.6213
0.44265
-0.33091
-0.66733
-0.6177
-0.73485
-1.144
-1.6606
-1.7592
-1.3952
-0.74231
0.3146
1.1765
1.0254
0.054849
-0.8008
-1.7869
-1.7796
-0.98459
0.3575
0.97067
1.6602
0.624
-0.364
-1.2457
-0.76672
-0.60667
-0.704
-0.52145
-0.71258
-1.3818
-1.528
-1.1005
-0.58311
-0.50706
-0.74179
-1.1979
-1.4178
-1.3624
-1.0913
-1.018
-1.1528
-1.1784
-1.232
-0.97559
-0.33023
0
-0.1555
-0.45931
-0.84715
-1.1327
-1.2523
-1.2536
-1.2147
-1.3644
-1.4518
-1.2991
-0.58955
0.067864
0.27614
-0.38874
-1.4132
-0.87267
0.18623
1.094
1.4236
1.024
0.42682
-0.29659
-1.2335
-1.9816
-1.8389
-1.1625
-0.32491
0.48938
0.9794
1.6455
1.8131
1.5686
0.51816
-0.2179
-0.66733
-0.38133
0.89978
1.4094
1.1137
0.10062
-0.71386
-1.4782
-1.141
-0.34743
0.85899
1.4943
1.1344
0.39451
-0.24566
-0.94367
-1.5214
-1.7142
-1.5323
-1.2885
-0.90592
-0.68341
-0.39812
0.38947
0.95685
0.42529
-0.29172
-0.95146
-1.4796
-1.5618
-1.3022
-0.93621
-0.8063
-0.97487
-1.2999
-1.3254
-1.071
-0.44254
0.48514
1.3546
1.7301
1.2689
0.63127
-0.054802
-0.79752
-1.3364
-1.6784
-1.5902
-1.2922
-0.91581
-0.48533
0.16343
0.81437
0.92674
0.82234
0.81958
1.2084
1.4093
1.3227
0.85246
-0.063556
-1.0788
-1.8958
-2.0065
-1.2927
-0.58178
-0.053625
0.3458
0.65612
1.0139
1.2281
1.2612
1.4572
1.3863
1.1421
0.63685
0.082415
-0.61271
-1.3624
-1.675
-1.6884
-1.4275
-1.0526
-0.51169
-0.065106
0.21527
1.008
1.3728
1.1615
0.48667
-0.13867
-0.74627
-1.1084
-1.1927
-1.3052
-1.4435
-1.4614
-1.0381
-0.3562
0.38541
0.98371
1.2678
1.221
1.3319
1.5315
1.2666
0.73001
0.072361
-0.44489
-0.962
-1.1202
-1.0427
-1.1498
-1.3965
-1.3274
-1.0366
-0.55355
0.11801
0.75815
1.2052
1.6116
1.5955
1.3467
0.70574
-0.10458
-0.80857
-1.1309
-1.0851
-0.90546
-0.9408
-1.157
-1.3045
-1.4179
-1.327
-1.1723
-0.80753
-0.21727
0.37774
1.0445
0.72175
-0.17536
-1.1481
-1.8339
-1.9023
-1.3827
-0.42747
0.28297
0.52858
0.52474
0.81022
1.0279
1.3266
1.6117
1.5004
1.1321
0.54177
-0.092258
-0.87554
-1.7509
-1.9116
-1.3832
-0.79814
0.13403
1.4267
1.6966
0.75075
0.24895
0.27095
-0.02194
-0.66595
-0.94615
-1.2972
-1.5277
-1.5531
-1.2761
-0.74831
-0.094459
0.49189
0.87309
1.251
1.5177
1.616
1.3347
0.83188
0.27418
-0.38733
-0.8972
-1.111
-1.1224
-1.2126
-1.3195
-1.342
-1.1805
-0.7179
-0.12384
0.55142
1.1873
1.7474
1.7643
1.4116
0.80937
0.17796
-0.39346
-0.93202
-1.144
-1.3488
-1.4516
-1.3718
-0.93483
-0.27729
0.41209
1.0941
1.3458
1.2889
1.2344
1.2851
1.2997
1.007
0.6601
0.19795
-0.38307
-0.93333
-1.5611
-1.75
-1.5113
-0.88792
-0.072144
0.814
1.6961
2.1123
1.3093
0.40376
-0.39679
-0.71433
-0.46064
0.38133
1.4357
1.9849
1.9498
1.1483
0.26872
-0.047667
0.20302
1.1037
1.6973
1.8046
1.3057
0.46311
-0.79436
-1.4649
-1.1752
-0.056196
1.1046
1.8151
1.4429
0.46256
0.33691
0.572
0.85877
1.0421
1.0783
1.1134
1.0505
1.1242
1.2088
1.4049
1.3587
1.2025
0.6468
-0.14429
-0.4065
0.2288
1.3347
1.8895
1.5938
0.77899
0.21865
0.51169
0.98163
1.5253
1.7278
1.718
1.1527
0.33213
-0.30999
-1.4483
-1.6016
-0.86834
-0.063556
0.048533
0.35503
0.87893
1.4014
1.4703
1.2924
1.3834
1.0822
0.97293
0.80482
0.44489
0.21983
-0.31348
-1.0962
-1.9456
-1.8012
-1.1472
-0.047245
0.89278
1.4979
1.155
0.22718
-0.39963
-0.74617
-1.0341
-1.2464
-1.449
-1.5454
-1.3982
-1.0259
-0.40719
0.35008
0.9856
1.6606
1.4275
0.81331
-0.12968
-1.0604
-1.6191
-2.1153
-1.0406
-0.69457
-0.17796
0.062562
0.60128
1.1975
1.4888
1.5224
1.32
1.0094
0.88224
0.73664
0.051006
-1.1322
-1.911
-1.8531
-1.2244
-0.77497
-0.59488
-0.546
0.14968
1.232
1.3898
0.68489
0.49791
0.71713
1.2711
1.5038
1.4971
0.90657
-0.31611
-1.0735
-0.67509
0
0.76425
1.4994
1.8442
1.4066
0.87588
0.30943
-0.5454
-1.364
-1.7395
-1.4354
-1.0086
-0.8098
-0.81241
-1.286
-1.1978
-0.54423
0.47615
1.2088
1.3608
0.77792
0.60275
0.8008
1.4247
1.872
1.0243
0.65819
0.25467
-0.17222
-0.54407
-0.95159
-1.3066
-1.6966
-1.5528
-1.1986
-0.43804
0.45115
1.318
1.6795
1.2792
0.98765
0.83766
0.95748
0.78127
0.6864
0.19437
-0.5093
-1.1361
-1.5521
-1.3673
-0.69169
0.11765
0.84749
1.5635
1.9982
1.6421
0.96656
0.25459
-0.21457
-0.5621
-0.73642
-0.87502
-1.0913
-1.3328
-1.4679
-1.4215
-1.2593
-1.039
-0.83696
-0.64061
-0.65969
-0.54626
-0.45741
-0.62373
-0.78373
-0.98454
-1.1826
-1.3947
-1.529
-1.4635
-1.2629
-0.93247
-0.29361
0.39962
0.34025
0
-0.6441
-1.2418
-1.4261
-1.2332
-0.91716
-0.81204
-0.73555
-0.88715
-1.2178
-1.5745
-1.6131
-1.2819
-0.79115
0.10677
1.1618
1.7561
0.832
-0.080889
-0.31528
-0.089475
-0.12864
-0.64862
-1.2562
-1.7272
-1.6266
-1.4086
-0.75826
-0.036235
0.55289
1.0054
1.2193
1.3019
1.3243
1.3404
1.447
1.0725
0.45597
-0.28153
-0.37247
-0.47888
-0.66548
-1.0664
-1.5321
-1.694
-1.284
-0.6847
-0.082841
0.5779
1.2836
1.8053
1.6323
1.1738
0.57295
-0.23254
-1.0093
-1.5096
-1.4066
-1.2624
-1.0649
-0.97427
-0.88696
-0.35819
0.29387
1.0098
1.2012
1.2623
1.0928
0.88978
0.88432
1.1252
1.4507
1.2644
0.85609
0.039159
-1.1804
-1.9398
-1.5872
-0.39255
0.21074
0.70383
0.77837
0.82215
0.89178
1.1063
1.2628
1.2314
1.1003
0.91066
0.82479
0.94789
1.294
1.535
1.4166
0.94583
0.33422
-0.24064
-0.58595
-0.7069
-0.92087
-1.1579
-1.3975
-1.3934
-1.2376
-1.0502
-0.79677
-0.85582
-1.0585
-1.3314
-1.3308
-1.1154
-0.74841
-0.34602
-0.85331
-0.51428
0.17409
0.68153
0.59972
0.85331
1.5696
1.636
1.2852
0.528
-0.18867
-0.92876
-1.2829
-1.3517
-1.3936
-1.3598
-1.1736
-0.76789
-0.097659
1.0984
1.4196
0.34369
-0.66208
-1.4971
-1.7409
-1.4924
-0.86965
-0.28747
0.74493
1.001
0.74651
0.4553
0.54713
1.3735
2.022
1.8685
1.0844
0.28703
-0.39756
-0.42147
0.22558
0.85522
1.3935
1.4531
1.2341
0.85029
0.728
1.001
1.4729
1.7645
1.3278
0.59006
-0.24954
-0.19397
1.0321
2.5225
2.1643
0.75337
0
0.06825
0.83102
1.9413
2.1597
1.5253
0.62525
-0.17283
-1.2178
-1.3497
-0.45328
0.79612
1.3347
1.5586
0.34602
-0.80527
-1.365
-0.58336
1.0742
1.583
1.2435
0.20146
-1.1046
-1.6266
-1.1188
-0.42147
-0.34259
-0.7203
-1.3552
-1.5309
-1.4201
-1.01
-0.87424
-0.67673
0.29976
1.5094
1.6178
0.95432
-0.42596
-1.6749
-2.2678
-1.0107
0.12916
-0.05234
0
0.338
0.60548
0.98485
1.3299
1.4954
1.4819
1.2598
0.95797
0.40986
-0.33647
-0.93367
-1.3588
-1.3209
-1.0658
-0.82096
-0.93116
-1.2012
-1.3088
-1.104
-0.60405
0.45651
1.4787
1.4392
0.65867
-0.4556
-1.4029
-1.6528
-1.0489
-0.26369
0.40235
0.94212
1.3651
1.3702
1.2137
1.0982
1.1849
1.164
1.0445
0.73564
0.6592
0.64626
1.0086
1.2512
1.2421
1.0546
1.1787
1.1165
0.69635
1.0131
1.144
1.0719
0.93427
1.1211
1.4649
1.0296
1.287
0.18623
-0.6006
-0.65639
0
-0.048533
-0.46423
-1.1776
-1.7832
-1.4765
-0.924
-0.038408
0.90856
1.7078
1.8708
1.1411
0.34996
-0.67568
-1.5449
-1.9448
-1.2877
-0.22621
0.92178
0.87482
0.4004
0.28806
0.6525
1.4105
1.092
0.59873
-0.2549
-1.073
-1.4307
-1.6733
-1.3248
-1.2786
-0.88383
-0.7338
-0.48435
-0.18623
0.40768
1.0757
1.9124
1.8188
1.2358
0.38827
-0.39127
-0.89886
-1.1327
-0.96648
-0.85059
-1.135
-1.3967
-1.4258
-1.29
-0.76008
0.19855
1.2239
1.0528
0.53209
-0.15485
-0.98015
-1.5128
-1.5161
-1.3023
-1.1215
-0.8527
-0.58029
-0.104
0.59006
1.4377
1.8817
1.5861
1.0288
0.37806
-0.3208
-1.0155
-1.4892
-1.6906
-1.5655
-1.1532
-0.6093
-0.054849
0.34738
0.842
1.2349
1.4884
1.3631
0.87184
0.15056
-0.62702
-1.2398
-1.7643
-1.7016
-1.3592
-0.9032
-0.33549
0.2218
1.0966
1.5889
1.478
0.95463
0.22782
-0.54255
-1.1931
-1.5019
-1.5154
-1.3344
-1.0722
-0.82942
-0.6197
-0.21987
0.38185
1.1782
1.9134
2.0206
1.4928
0.48478
-0.42654
-0.75852
-0.38829
-0.23924
-0.51392
-1.172
-1.8028
-1.7181
-1.207
-0.41346
0.50526
1.5318
2.0456
1.4873
0.74758
-0.015758
-0.61472
-1.1596
-1.1258
-0.9504
-0.91921
-0.87657
-1.001
-1.3044
-1.4964
-1.2012
-0.61152
0.15958
0.9394
1.6228
1.7046
1.2546
0.87172
0.18304
-0.65065
-1.4307
-1.688
-1.4266
-1.0472
-0.69635
-0.77916
-0.51071
0.15109
1.0102
1.74
1.89
1.4544
0.74336
0.086667
-0.58138
-1.1145
-1.5541
-1.6016
-1.4226
-1.1667
-0.82211
-0.45948
0
0.21074
0.94718
1.6906
1.5492
1.1733
0.64451
-0.08008
-1.1565
-1.9727
-2.0171
-1.12
-0.48136
-0.40292
-0.70429
-0.92304
0.07392
1.2267
1.7257
1.202
0.34132
-0.44556
-1.1303
-1.4283
-1.43
-1.3265
-1.2556
-1.0169
-0.73758
-0.31733
0.31099
0.96507
1.6521
1.822
1.5715
0.95822
0.027238
-0.88978
-1.7796
-1.7796
-0.85191
0.18339
-0.069034
-0.84
-0.95789
-0.39616
0.3969
1.166
1.8639
1.7925
1.4367
0.97395
0.30669
-0.39841
-0.50782
-0.30669
-0.56996
-1.1072
-1.6016
-1.5144
-1.2548
-0.99788
-0.67567
-0.71616
-0.39325
0.20373
1.0169
1.7023
1.621
0.99138
0.16806
-0.56794
-1.2105
-1.6767
-1.6854
-1.3923
-0.97352
-0.39783
0.40526
0.93297
1.0719
0.90171
1.1776
1.3583
1.1284
0.37436
-0.39285
-0.9797
-1.2665
-1.1086
-1.0431
-1.2348
-1.3807
-1.2637
-0.81144
-0.13951
0.75122
1.3962
1.4895
1.0629
0.92846
0.9597
1.0888
1.1226
1.0489
0.99816
1.097
1.4531
1.1745
0.67394
0.047952
-0.99324
-2.1112
-1.6016
-0.36072
-0.44845
-0.84933
-0.70659
0.41833
1.82
2.2348
1.5053
0.18063
0.36072
0.83102
0.88978
0.24804
0.21005
0.69929
1.3453
1.7232
1.6367
1.2461
0.87096
0.87893
1.0858
0.70659
0.1232
0
1.1662
1.2611
1.3421
0.54292
-0.22167
-0.86573
-1.1501
-1.0281
-1.0122
-0.82797
-0.83992
-0.86796
-0.97124
-1.0341
-1.1136
-1.1799
-1.2851
-1.311
-1.1577
-0.72902
0.17143
0.98
1.6285
1.7962
1.2744
0.81821
0.26073
-0.31873
-1.0134
-1.1884
-1.0459
-0.90456
-0.93406
-1.0357
-1.2438
-1.4909
-1.3063
-0.83046
0.1056
1.2084
1.6777
1.2866
0.077937
-0.83544
-1.4146
-1.6814
-1.4849
-1.0765
-0.41872
0.12792
0.6179
1.0487
1.3887
1.4972
1.4232
1.0252
0.44872
-0.18954
-0.75751
-1.3265
-1.7688
-1.5671
-1.0714
-0.34567
0.57552
1.4004
1.7875
1.2498
0.8595
0.54957
0.1456
-0.58054
-1.2333
-1.6598
-1.5301
-1.0101
-0.36806
0.3829
1.1091
1.4784
1.4611
1.2626
1.1491
0.94212
0.468
-0.28895
-1.0737
-1.6602
-1.7469
-1.2558
-0.85157
-0.5456
0.13807
1.1085
1.8259
1.7124
1.1016
0.48592
-0.097897
-0.88277
-1.5827
-2.0901
-1.6925
-1.1319
-0.33647
-0.15779
-0.15474
0.25322
0.54042
0.97067
1.2414
1.4026
1.3455
1.2689
1.2263
0.82288
0.53103
0.45948
0.81714
1.2756
1.3494
1.2457
0.79709
0.71397
1.0677
1.5484
1.4646
0.88711
-0.16626
-1.0553
-1.5891
-0.90871
0.073693
0.83364
1.8295
1.8595
1.2833
0.62956
-0.027709
-1.001
-1.6016
-1.2852
-1.025
-0.98822
-1.1537
-0.86573
-0.23045
0.48105
1.4269
1.947
1.6468
1.0847
0.91319
0.33367
-0.050365
-1.2813
-2.0214
-2.1246
-1.2756
0
0.182
-0.098864
-0.39546
-0.78952
-1.0603
-1.302
-1.2664
-1.2265
-0.98632
-0.86607
-1.0229
-1.3738
-1.5175
-0.9761
-0.21643
0.97067
1.8448
1.7977
0.057612
-0.85331
-0.62078
0.2288
0.032277
-0.43164
-1.4664
-2.1496
-1.7747
-0.97116
-0.25646
0.65362
1.4529
1.3146
0.27939
-0.84225
-1.7136
-1.4111
-0.64223
-0.28544
-0.52457
-1.4512
-1.5845
-1.2444
-0.65353
0.04982
0.89102
1.7248
1.8384
1.2811
0.41728
-0.4888
-1.2824
-1.3439
-1.0919
-1.0147
-1.1166
-1.329
-1.2621
-0.87635
-0.21585
0.35575
1.315
1.8917
1.7652
1.0444
0.11908
-0.66733
-2.078
-2.1178
-0.88978
0.3696
0.224
-0.079287
0.234
0.40781
0.79932
1.1869
1.5229
1.69
1.5848
1.2333
0.53801
-0.18562
-0.26893
-0.19464
-0.52
-1.0477
-1.6255
-1.6693
0.69573
