-0.11643
0.96305
1.9018
2.4053
2.4997
2.3586
2.2759
2.4891
2.0497
1.3401
0.29854
-0.77812
-1.8901
-2.4661
-2.653
-2.3572
-1.4541
-0.3644
0.5479
1.0374
1.682
2.0538
2.243
1.971
1.5742
0.89721
0.3721
0.093235
-0.56067
-1.155
-1.6895
-1.6618
-1.1313
-1.4486
-1.1677
-0.66417
0.34864
1.461
2.037
2.1369
1.6299
0.89668
-0.064178
-1.0289
-1.5787
-1.5818
-2.1671
-2.625
-2.5976
-2.1145
-1.9882
-1.2082
-0.58886
-0.1311
-0.39401
-1.1513
-1.6805
-2.1126
-2.1163
-1.8881
-1.5595
-1.0968
-0.79901
-0.43351
-0.43422
-0.3011
-0.26807
-0.53698
-1.1765
-1.7169
-2.2252
-3.0389
-3.5845
-3.8606
-3.527
-3.1584
-2.6187
-2.2817
-2.0461
-1.4
-0.64964
0.068471
0.10284
0.17161
0
-0.30964
-0.93003
-1.6208
-2.6239
-3.4564
-3.564
-3.4639
-3.2248
-2.7422
-2.0153
-1.4608
-0.62665
0.76663
2.0578
3.1768
3.6688
3.9167
3.605
3.0825
2.3137
1.0525
-0.52662
-2.2134
-3.3048
-4.1866
-4.1189
-3.3817
-2.0796
-0.88171
0.38817
1.836
2.5434
3.1101
3.2883
3.0775
2.3357
1.0621
-0.035416
-1.5234
-2.3036
-2.4815
-2.234
-1.8089
-1.2772
-0.74518
-0.070983
0.63895
1.4556
1.9173
1.953
1.9886
1.9177
1.6336
1.0299
0.46166
-0.21306
-1.2428
-2.0947
-2.4495
-1.9877
-0.78074
0.42578
0.88684
0.07093
-0.81548
-2.0913
-2.5158
-2.6212
-1.9121
-0.8495
-0.035381
0.84878
0.74235
0.67132
0.21189
0.28237
0.17639
0.070514
0.10571
-0.31693
-0.77421
-1.4067
-2.0032
-2.8095
-3.3338
-3.2962
-3.1535
-2.8359
-2.0989
-1.1884
-0.45398
0.20934
0.69716
0.87062
0.38271
-0.4866
-1.8403
-3.2258
-4.054
-4.3957
-4.5638
-4.8004
-5.0709
-4.7549
-4.0265
-2.6811
-0.89259
1.2001
3.2189
4.6853
5.2256
3.8201
1.4647
-1.1565
-3.1929
-4.4094
-4.4708
-4.0584
-3.6809
-3.2033
-2.727
-2.185
-1.3089
-0.067017
1.84
3.7408
5.2684
5.7257
4.5196
1.891
-1.2254
-3.868
-5.5112
-6.0284
-5.6229
-5.3172
-4.7177
-3.5971
-2.0562
-0.065153
1.6582
3.0179
3.5626
3.5232
3.5162
2.8008
1.6707
-0.28856
-2.6876
-5.0448
-6.5954
-6.8994
-6.4404
-5.7301
-4.6436
-3.2466
-2.2015
-1.1925
-0.03131
0.74975
1.839
2.8921
3.9713
4.4264
4.447
4.1901
3.4732
2.4531
1.5907
0.82394
-0.060884
-0.88067
-1.6964
-2.3873
-2.8034
-2.8565
-2.6394
-2.3635
-2.0591
-1.4585
-0.74223
-0.17768
0.11814
0.29459
0.14691
0.32236
0.49688
0.52471
0.058146
-0.14498
-0.28917
-0.43259
-0.14381
0.48761
0.88675
1.1696
1.4793
1.8156
2.2915
2.5673
2.5039
1.7674
0.53154
-0.41845
-1.0571
-1.3869
-1.6319
-1.8479
-2.1726
-2.1938
-1.8867
-1.4178
-1.2505
-0.70477
0.054055
0.75456
1.0479
0.77693
0.26712
-0.18643
-0.23899
-0.2118
-0.47515
-0.76323
-0.97088
-0.73252
-0.52167
-0.54611
-0.31112
-0.18094
0.3608
0.64233
0.66601
0.10215
-0.61106
-1.1676
-1.7208
-1.8417
-1.5846
-1.2287
-1.05
-0.7726
-0.52178
-0.37156
-0.12347
0.22157
0.36815
0.31808
0.14636
-0.048635
-0.26667
-0.24168
-0.33731
-0.62451
-1.2452
-1.7188
-2.0229
-2.159
-1.6793
-1.0846
-0.3761
-0.1406
0.046723
0.11645
0.16252
0.11573
-0.11537
-0.5521
-1.0779
-1.2574
-1.3448
-0.38628
-0.40775
-0.76783
-1.1032
-1.3467
-1.2531
-1.2939
-1.2677
-1.4634
-1.6578
-1.6307
-1.4061
-0.83233
-0.52409
-0.21771
0.10852
0.23803
0.15102
0.043018
0.021444
-0.19242
-0.14921
0.25503
0.97468
1.3732
1.327
0.525
-0.7747
-1.9206
-2.6018
-2.7186
-2.6693
-2.3313
-1.9748
-1.7844
-1.6565
-1.4274
-0.9353
-0.54739
-0.060646
0.24189
0.36179
0.48101
0.45965
0.29892
-0.2782
-0.75298
-1.3634
-1.6157
-1.7291
-1.6851
-1.6608
-1.6562
-1.535
-1.5696
-1.6039
-1.4261
-0.90328
-0.076666
0.4014
0.89596
0.74145
0.4361
0.15128
0.05658
-0.05643
-0.24388
-0.39293
-0.74648
-1.1168
-1.4852
-1.5925
-1.4406
-1.0317
-0.56964
-0.21995
-0.12798
-0.036473
0.29105
0.45364
0.50682
0.32501
-0.14409
-0.64684
-1.0037
-1.198
-1.3735
-1.388
-1.3314
-1.2397
-1.2545
-0.89901
-0.61553
-0.31582
-0.035011
0.19212
0.29623
0.10432
-0.017347
0.069233
0.10362
-0.10339
-0.46423
-0.73772
-0.99291
-1.2128
-1.3296
-1.6499
-1.5106
-1.1687
-0.69301
-0.45543
-0.31983
-0.48716
-0.51971
-0.45174
-0.06679
0.21664
0.39916
0.46478
0.082835
-0.59527
-1.3863
-2.0261
-2.2854
-2.2975
-1.9329
-1.6187
-1.3383
-1.287
-1.1871
-1.3798
-1.6043
-1.6015
-1.5503
-1.2252
-0.86906
-0.46594
-0.41704
-0.46439
-0.67147
-0.92577
-1.1315
-1.0501
-0.65132
-0.52341
-0.4751
-0.53763
-0.91575
-1.2139
-1.527
-1.6505
-1.6167
-1.3009
-0.86085
-0.48453
-0.28095
-0.015587
0.26462
0.29536
0.3105
0.3101
0.35616
0.20105
0
-0.21598
-0.53929
-0.81566
-0.99915
-1.0901
-1.1809
-1.1029
-1.0864
-0.96292
-0.87027
-0.86934
-0.89889
-0.97406
-0.62337
-0.39491
-0.27313
-0.42446
-0.59064
-0.75652
-0.95234
-0.93637
-0.98081
-0.99502
-0.91886
-0.79768
-0.70679
-0.69119
-0.61558
-0.76512
-1.0044
-1.2883
-1.3772
-1.451
-1.3902
-1.0457
-0.73147
-0.38788
-0.41745
-0.61089
-1.1168
-1.3245
-1.2048
-0.90681
-0.54974
-0.2376
-0.089057
-0.2077
-0.28175
-0.38537
-0.4741
-0.65161
-0.91781
-1.0358
-1.213
-1.0942
-0.79822
-0.66497
-0.79772
-1.0486
-1.1811
-1.1661
-0.90017
-0.57538
-0.19175
0.11798
0.41285
0.44227
0.17688
-0.029476
-0.073682
0.044204
0.16207
0.27992
0.16205
-0.14731
-0.44192
-0.57449
-0.54503
-0.35354
-0.044194
0.17678
0.29466
0.45676
0.75151
1.1348
1.4886
1.7689
1.7692
1.4746
0.88491
0.22127
-0.39837
-0.98877
-1.2842
-1.4765
-1.5655
-1.3739
-0.91622
-0.38434
-0.073936
0.13313
0.25156
0.34047
0.47388
0.82962
1.1116
1.3344
1.424
1.1427
0.51966
-0.1634
-0.60933
-0.9219
-1.0116
-1.0122
-1.0276
-1.0878
-1.1033
-0.92497
-0.94046
-0.89622
-0.67259
-0.34399
0.19455
0.80869
1.4386
1.7096
1.7258
1.4567
1.037
0.55646
0.045153
-0.40668
-0.88937
-0.99567
-0.87569
-0.78574
-1.0132
-1.226
-1.4997
-1.6829
-1.5175
-1.1239
-0.63846
-0.38038
-0.27413
-0.30487
-0.30515
-0.15272
-0.18344
-0.32134
-0.76584
-1.1346
-1.5501
-1.8282
-1.8454
-1.6318
-1.4178
-1.373
-1.22
-1.144
-0.91313
-0.58877
-0.23266
-0.23292
-0.57519
-1.0583
-1.6049
-2.2307
-2.5768
-2.4861
-2.1603
-1.5829
-1.067
-0.58128
-0.2674
0
0.29959
0.56836
0.93264
1.3611
1.664
1.8406
1.6841
1.1931
0.28672
-0.63799
-1.3895
-1.6791
-1.6814
-1.395
-1.0115
-0.75565
-0.48298
-0.14509
0.19372
0.54963
0.74465
1.0051
0.92529
0.86156
0.8465
0.9292
1.0121
1.0953
0.88407
0.40988
-0.19703
-0.7728
-1.2679
-1.6655
-1.5524
-1.257
-1.0269
-0.76304
-0.58144
-0.33274
-0.099972
0.26699
0.53478
0.7197
0.87164
0.8226
0.47077
0.050516
-0.35415
-0.70939
-1.0319
-1.3723
-1.4423
-1.4615
-1.2936
-0.98872
-0.85367
-0.71819
-0.59942
-0.46313
-0.41232
-0.60223
-0.93061
-1.0011
-1.1237
-1.1081
-1.0232
-1.0422
-1.0264
-1.0977
-1.3438
-1.7304
-2.1183
-2.2795
-2.3533
-2.1284
-1.6208
-1.2175
-0.98972
-0.84967
-0.93967
-1.2608
-1.4584
-1.7101
-1.7128
-1.93
-2.0941
-2.1154
-1.9033
-1.5826
-1.2609
-1.1005
-1.1564
-1.0678
-1.0876
-1.3434
-1.7274
-2.0943
-2.28
-2.3567
-1.9029
-1.3011
-0.8076
-0.38605
-0.18412
-0.055321
-0.14775
-0.48094
-0.81515
-1.0391
-1.2823
-1.4703
-1.5658
-1.4749
-0.93488
-0.48688
-0.26256
-0.37566
-0.50791
-0.77243
-1.0189
-1.1527
-1.2112
-1.2319
-1.0819
-0.91244
-0.93283
-1.163
-1.5466
-1.9121
-2.183
-2.1479
-1.6708
-1.1732
-0.7319
-0.44363
-0.65673
-1.0445
-1.5303
-1.7458
-2.0202
-2.062
-1.9674
-2.0287
-2.1878
-2.3081
-1.9587
-1.118
0.13748
1.2784
1.8512
1.479
0.57264
-0.65249
-1.7423
-2.3591
-2.5607
-2.3454
-1.8707
-1.0561
-0.45891
-0.079911
-0.060009
0.080112
0.20053
0.42163
0.52266
0.42267
0.18136
-0.20176
-0.5252
-0.8494
-1.3364
-1.3785
-1.6845
-1.9303
-2.0342
-1.7107
-1.2437
-0.67357
-0.1226
0.12274
0.22527
0.041003
-0.36942
-1.0273
-1.9539
-2.4295
-2.7618
-2.744
-2.5816
-2.1708
-1.8004
-1.1186
-0.24883
0.31135
0.6233
0.5823
0.58286
0.35421
0.083422
-0.37574
-0.91933
-1.6103
-2.1141
-2.1997
-1.8242
-1.1333
-0.084018
0.73578
1.3045
1.4108
1.2012
0.46401
-0.18998
-0.65488
-1.0148
-1.3964
-1.9268
-2.4368
-2.9475
-3.0558
-2.8456
-2.4439
-1.999
-1.2768
-0.46849
0.7032
1.6845
2.6245
3.1172
2.8628
2.1591
0.68449
-1.0916
-2.6984
-3.5999
-3.6234
-2.8746
-1.481
-0.47246
-0.06446
-0.085991
-0.10754
-0.21519
-0.23683
0.1077
0.3448
0.58212
0.43139
-0.064737
-0.75559
-1.447
-1.8581
-2.0318
-2.1623
-2.0549
-1.7095
-1.2555
-0.73624
-0.21661
-0.021668
-0.21675
-0.36859
-0.45545
-0.65084
-0.75952
-0.95508
-0.82505
-0.65152
-0.41273
0
-0.10866
-0.086947
-0.30438
-0.52189
-0.80472
-1.0006
-0.80499
-0.95743
-1.0446
-1.0883
-1.2408
-1.2409
-1.0669
-0.69681
-0.41377
-0.17423
-0.17424
-0.2396
-0.52279
-0.54459
-0.58818
-0.41392
-0.087142
0.19607
0.50107
0.7407
1.0239
0.87137
0.21783
-0.45743
-0.82769
-0.80586
-0.56624
-0.10888
-0.0871
-0.28305
-0.39187
-0.17415
0.13059
0.41349
0.544
0.23932
-0.15227
-0.45675
-0.3262
0.043485
0.47825
1.0433
1.1517
0.73868
0.065164
-0.49948
-0.84676
-0.78144
-0.41233
0
0.36874
0.99751
1.4525
1.4955
1.2134
0.54153
-0.19489
-0.88757
-0.99551
-0.71395
-0.64883
-0.627
-0.64841
-0.51855
-0.32398
0.021591
0.49642
0.56097
0.45292
0.12936
0.21552
0.56012
1.0552
1.0978
0.58098
-0.15056
-0.4515
-0.49429
-0.49409
-0.4724
-0.7083
-1.18
-1.2009
-0.81453
-0.38566
-0.042831
0
-0.021396
-0.17109
-0.36339
-0.42731
-0.70472
-0.98186
-1.152
-1.6419
-2.1313
-2.322
-2.1292
-1.6599
-1.2124
-0.85035
-0.38246
-0.14866
0.12735
0.53035
0.53007
0.42383
0.33888
-0.021169
-0.31735
-0.82467
-1.0778
-1.3096
-1.3511
-1.1393
-0.84346
-0.52687
-0.18956
0.14736
0.042078
0
-0.18913
-0.25203
-0.39882
-0.58739
-0.60801
-0.67052
-0.67013
-0.52323
-0.35559
-0.22995
-0.020892
0.27144
0.33388
0.39624
0.45853
0.47909
0.27063
-0.12483
-0.62378
-1.2676
-1.5368
-1.5151
-1.3068
-1.306
-1.3052
-1.6357
-1.7382
-1.7578
-1.4261
-0.90882
-0.6812
-0.18567
-0.020618
0.10303
0.061778
0
-0.20568
-0.26722
0.020543
0.14371
0.30777
0.28708
0.36888
0.43011
0.45032
0.45005
0.28622
0.12259
-0.06126
0.10204
0.30594
0.5096
0.67227
0.57007
0.28487
-0.18302
-0.71134
-1.239
-1.4007
-0.8927
-0.28388
0.4053
0.83039
1.0121
0.78898
0.50547
0.060622
-0.38372
-1.0092
-1.5533
-1.8952
-2.0957
-1.8327
-1.2681
-0.86505
-0.58308
-0.20095
0.12051
0.28103
0.34107
0.18047
-0.22046
-0.98151
-1.7818
-2.3612
-2.7999
-2.9184
-2.797
-2.516
-2.1555
-1.8352
-1.7546
-1.7736
-1.6333
-1.1746
-0.43777
0.358
1.5307
2.2453
2.3237
1.5484
0.27778
-0.93212
-1.8436
-2.2984
-2.2776
-2.1182
-1.7808
-1.4043
-1.3048
-1.403
-1.4617
-1.5203
-1.4012
-1.3414
-0.84791
-0.47305
0.019702
0.43328
0.49216
0.57068
0.57045
0.41292
-0.039311
-0.53049
-0.76597
-0.88348
-0.66727
-0.39237
-0.039223
-0.15683
-0.47033
-0.58771
-0.54834
-0.29365
0.17613
0.62604
0.64539
0.60607
0.41043
0.254
-0.13672
-0.54673
-0.93696
-1.366
-1.5607
-1.6187
-1.7157
-1.9297
-1.9096
-1.7727
-1.4801
-1.0709
-0.68128
-0.44758
-0.31128
0
0.50558
0.93316
1.2245
1.0493
0.44683
-0.54384
-1.3205
-1.7473
-1.844
-1.7272
-1.3388
-0.93114
-0.48488
-0.21331
-0.32959
-0.3683
-0.46514
-0.27129
0.058123
0.30994
0.40673
0.13556
-0.44533
-0.94861
-1.2388
-1.4709
-1.4901
-1.1416
-0.8319
-0.73508
-0.79302
-0.81227
-0.73484
-0.38672
-0.019334
0.27065
0.25129
-0.019329
-0.38654
-1.0243
-1.5652
-1.797
-1.8355
-1.7581
-1.4296
-1.0432
-0.84995
-0.65675
-0.65672
-0.65669
-0.52147
-0.17382
0.36694
0.38625
0.057936
-0.42485
-0.79176
-0.73382
-0.25104
0.36691
0.65658
0.90763
0.92695
0.92696
0.73385
0.50212
0.309
0.13519
0
-0.019315
-0.11589
-0.36701
-0.50224
-0.61817
-0.75343
-0.90803
-1.0047
-1.198
-1.372
-1.1981
-1.2369
-1.237
-1.2757
-1.1405
-0.88927
-0.73468
-0.54139
-0.59945
-0.71554
-0.79297
-0.79305
-0.59968
-0.21281
0.11609
0.15481
-0.019353
-0.25162
-0.34843
-0.75503
-1.0843
-1.2974
-1.317
-0.91036
-0.40681
0.096873
-0.11626
-0.4845
-1.0273
-1.5314
-1.997
-2.133
-1.6485
-1.0474
-0.3104
0.19403
0.40752
0.62109
0.66001
0.56304
-0.25244
-0.97108
-1.6123
-1.9428
-2.1569
-2.1573
-2.1771
-2.1775
-2.1195
-1.8282
-1.3227
-0.83658
-0.3308
-0.13624
-0.23359
-0.36992
-0.40894
-0.23372
0.077923
0.44814
0.52618
0.31187
-0.077982
-0.38999
-0.70211
-0.83879
-0.79994
-0.85864
-0.62459
-0.097611
0.5272
0.85931
0.70321
0.68382
0.68395
0.74273
0.82107
0.82124
0.62583
0.29342
0.019565
-0.37181
-0.60676
-0.58731
-0.23497
0.27419
0.97944
1.489
1.7637
1.7248
1.4311
1.2745
0.86294
0.74542
0.78481
0.88308
0.74586
0.45153
0.078543
-0.47135
-0.68752
-0.49118
-0.15721
0.019655
0.15727
0.19663
0.19666
0.23604
0.17707
0.039355
-0.078726
-0.15748
-0.098444
-0.256
-0.41362
-0.45309
-0.49258
-0.63062
-0.749
-0.86741
-0.76898
-0.29581
0.41421
1.1245
1.2825
1.3814
0.94742
0.11845
-0.73055
-1.5206
-2.0344
-2.3113
-2.2919
-2.0946
-1.7392
-1.2453
-0.63264
-0.11864
0.33619
0.73182
0.81105
0.55397
0.059362
-0.17811
-0.31669
-0.059387
0
-0.25741
-0.71293
-1.0893
-1.0697
-1.0104
-0.65385
-0.41614
-0.15855
-0.15857
-0.17841
-0.019825
-0.059482
-0.1983
-0.4363
-0.67435
-0.71409
-0.67448
-0.29759
-0.11905
0.11906
0.25799
0.3374
0.57561
0.95281
1.3499
1.1713
0.81405
0.35741
0.019858
-0.35746
-0.69511
-0.89377
-1.2514
-1.4501
-1.3508
-1.1125
-0.69534
-0.21855
0.13908
0.27818
0.47689
0.67562
0.775
0.51668
0.2186
-0.3776
-1.1129
-1.8682
-2.385
-2.8024
-2.9813
-2.7627
-2.5441
-2.1665
-1.6696
-1.0336
-0.63603
-0.5764
-0.71552
-1.1329
-1.4708
-1.4707
-1.0335
-0.81484
-0.77507
-1.1725
-1.8084
-2.3648
-2.5038
-2.0069
-1.4505
-0.91397
-0.53644
-0.53641
-0.79464
-1.172
-1.4103
-1.7082
-1.7081
-1.8073
-1.7873
-1.8468
-1.4694
-1.0523
-0.65516
-0.45659
-0.2779
-0.099243
0.019847
0.33737
0.71436
0.69445
0.47615
-0.019838
-0.59507
-1.1305
-1.3089
-1.3682
-1.3483
-1.0904
-0.83256
-0.37659
-0.45582
-0.49539
-0.93123
-1.367
-1.4064
-0.97048
-0.079213
0.85142
1.663
1.8212
1.3261
0.45516
-0.13851
-0.67265
-1.0088
-1.068
-1.2458
-1.2654
-1.2257
-1.1859
-1.1265
-1.3041
-1.1261
-0.88889
-0.4345
0.059239
0.61204
0.88829
0.82893
0.47359
-0.17757
-0.9074
-1.3214
-1.3606
-1.2618
-0.88703
-0.11825
0.59113
1.3397
1.8121
2.0678
1.7327
1.3386
0.84633
0.4526
0.078697
-0.41308
-0.59
-1.1601
-1.4547
-1.5724
-1.3756
-0.90376
-0.275
0.23567
0.56941
0.58892
0.52992
0.2551
-0.098093
-0.29422
-0.31377
-0.54898
-0.82329
-1.0191
-1.1756
-1.2146
-0.97928
-0.5287
0.058732
0.66549
1.0567
1.3891
1.3301
1.1734
0.54746
-0.50825
-1.5635
-2.1298
-2.3443
-2.3438
-2.1285
-2.0304
-1.9129
-1.9515
-1.912
-1.8336
-1.5212
-0.81892
-0.13646
0.46776
0.93532
1.2273
1.1102
0.70105
0.2531
0.019465
-0.077846
-0.21403
-0.31125
-0.54458
-0.50558
-0.25274
-0.19438
-0.31094
-0.42745
-0.36909
-0.31075
-0.29127
-0.15531
-0.097053
-0.11644
-0.17463
-0.23279
-0.40731
-0.63993
-0.62042
-0.46523
-0.23257
0.15502
0.48435
0.58111
0.63911
0.75518
0.94865
0.69684
0.27095
-0.4257
-1.3156
-1.857
-1.9921
-2.1271
-2.2621
-2.4937
-2.6286
-2.5895
-2.1254
-1.2364
-0.19316
0.4442
0.9269
0.92676
0.77219
0.25093
-0.46319
-1.2929
-2.0259
-2.18
-2.2376
-2.1216
-2.0635
-2.0439
-2.0051
-2.1398
-1.8697
-1.6382
-1.2526
-0.71297
-0.019267
0.46237
0.50085
0.36597
-0.05778
-0.51997
-0.98209
-1.1938
-1.367
-1.1166
-0.61602
-0.32724
-0.57744
-0.88535
-1.0777
-1.1354
-1.0199
-0.55802
-0.48103
-0.26936
-0.32707
-0.057716
-0.11543
-0.34627
-0.76947
-1.0003
-0.86561
-0.15388
0.55781
0.84633
0.76938
0.50009
0.019234
-0.50009
-1.0579
-1.4041
-1.5965
-1.3657
-0.98099
-0.50012
-0.44243
-0.32702
-0.50017
-0.76951
-0.8465
-0.80805
-0.76961
-0.76965
-0.80817
-0.76973
-0.82751
-0.96228
-1.1741
-1.3666
-1.4052
-1.1743
-1.2322
-1.5211
-1.8679
-2.0799
-1.8489
-1.3869
-0.65497
-0.30826
-0.36609
-0.53957
-0.65527
-0.86738
-0.98316
-0.94473
-0.77131
-0.63642
-0.73295
-0.75235
-1.0612
-1.1385
-0.772
-0.21234
0.3089
0.5986
0.84978
0.4636
0.27048
-0.11594
-0.25126
-0.46395
-0.59938
-0.52215
-0.52226
-0.40629
-0.34832
-0.54195
-0.79374
-0.67774
-0.48421
-0.30997
-0.19378
-0.058147
-0.038774
-0.27149
-0.5819
-0.75667
-0.79568
-0.54353
-0.27184
-0.19422
-0.46627
-0.8745
-1.2052
-1.2639
-1.2643
-1.3425
-1.518
-1.5379
-1.0516
-0.42855
0.21434
0.64323
0.97491
0.8582
0.44875
-0.019518
-0.5662
-0.91795
-1.2699
-1.5245
-1.701
-1.9558
-1.7413
-1.6049
-1.3706
-1.0185
-0.47026
-0.039203
0.23531
0.39233
0.4121
0.29447
0.078558
-0.15718
-0.62896
-0.94383
-1.1213
-1.2595
-1.6144
-1.9302
-2.0689
-2.1881
-2.051
-1.5586
-1.1645
-0.69113
-0.1778
0.37552
0.61296
0.57367
0.2177
-0.297
-1.1291
-1.8827
-2.2603
-2.5788
-2.5601
-2.3429
-2.0659
-1.7291
-1.2328
-0.69628
-0.47768
-0.21905
0
0.15946
0.11966
0.039906
-0.25952
-0.8189
-1.4588
-1.8794
-1.9204
-1.7613
-1.2616
-1.0418
-1.2228
-1.8051
-2.2475
-2.3692
-2.1294
-1.4271
-0.66364
0.080485
0.68449
1.0273
0.72555
-0.080661
-0.86759
-1.3728
-1.3735
-0.84883
-0.32354
-0.1821
-0.24293
-0.16205
-0.020267
-0.16223
-0.62901
-1.3602
-2.072
-2.3578
-2.1354
-1.5465
-1.1809
-1.0186
-0.87655
-0.87706
-0.55104
0.081684
1.0012
2.0036
2.9254
3.3774
2.8469
1.9264
0.96379
0.36933
-0.041062
-0.41086
-0.67833
-0.82272
-0.47335
-0.061779
0.20605
0.041236
-0.2063
-0.20643
-0.041311
0.59938
1.489
2.3798
2.9196
3.1286
3.0268
2.8212
2.5531
2.2224
1.6418
0.60307
-0.37455
-1.4158
-2.2501
-2.4808
-2.2111
-1.7324
-1.1905
-0.48067
0.020912
0.60681
1.1516
1.5503
1.6771
1.5313
1.1754
0.42004
-0.65147
-1.6402
-2.2093
-2.5476
-2.3595
-1.834
-1.0757
-0.59097
-0.52798
-0.69736
-1.0361
-0.86748
-0.29639
0.29658
0.6995
0.59388
0.25467
-0.44595
-1.0624
-1.6797
-1.8509
-2.0436
-1.7253
-1.3854
-1.3222
-1.451
-1.8576
-2.3715
-2.9714
-3.016
-2.4827
-1.9488
-1.6928
-1.8225
-2.081
-2.576
-2.8352
-3.3957
-4.1288
-4.3034
-3.7461
-2.4773
-0.88373
0.43134
1.0358
0.7989
0.10802
-0.56203
-1.2545
-1.8179
-1.9272
-1.9932
-1.9077
-1.7786
-1.5626
-1.4331
-1.5209
-1.326
-1.1093
-0.78345
-0.37017
-0.043573
-0.19618
-0.63249
-0.93834
-1.179
-1.136
-0.9617
-0.37176
0.17504
0.70053
1.2266
1.293
0.89897
0.10969
-0.68041
-1.647
-2.1971
-2.44
-2.5512
-2.5085
-2.2896
-1.8502
-1.4986
-1.0142
-0.4853
0.02207
0.33121
0.46392
0.41994
0.022113
-0.19911
-0.22134
-0.1993
-0.37663
-0.35464
-0.42133
-0.04437
0.62147
1.4211
2.0438
1.9114
1.6009
0.91206
0.04451
-0.64568
-1.0914
-1.1588
-0.98092
-0.64679
-0.22313
-0.11161
-0.17865
-0.40213
-0.55875
-0.80492
-0.58157
-0.5818
-0.87306
-1.2093
-1.4562
-1.5913
-1.4125
-1.1439
-1.0322
-0.94277
-0.89822
-0.62899
-0.4045
-0.17984
-0.13493
-0.33745
-0.90019
-1.1482
-1.1035
-1.1039
-1.0817
-1.1047
-1.0825
-1.0829
-0.94781
-0.72238
-0.65487
-0.65509
-0.49712
-0.24864
-0.045222
0
-0.11312
-0.52053
-0.67916
-0.61143
-0.49835
-0.31723
-0.24932
-0.24939
-0.61232
-0.86203
-0.95304
-0.77172
-0.68112
-0.72672
-0.88593
-0.86344
-0.54547
-0.31827
-0.2274
-0.27295
-0.29576
-0.47789
-0.77392
-0.75134
-0.47824
-0.22779
-0.41011
-0.91156
-1.6412
-2.2115
-2.5541
-2.395
-2.1445
-2.0081
-1.8716
-1.6893
-1.5983
-1.4159
-1.1878
-1.188
-1.4396
-1.3028
-1.0973
-0.80024
-0.70891
-0.70904
-1.1209
-1.5787
-1.579
-1.4419
-1.1904
-1.1677
-1.2823
-1.5574
-1.7638
-1.7182
-1.7414
-1.6958
-1.8336
-2.0631
-2.5448
-2.912
-3.05
-2.9357
-2.8673
-2.4776
-1.8355
-1.2162
-0.57374
-0.25247
-0.022955
0.068872
0.43624
0.80369
0.89563
0.84979
0.71206
0.34458
-0.22974
-0.965
-1.5855
-2.0453
-1.9305
-1.5629
-1.1723
-1.0345
-0.85063
-0.73573
-0.64382
-0.59787
-0.45993
-0.32198
-0.115
0.13801
0.55207
0.73613
0.80519
0.6902
0.5752
0.27611
0.13806
-0.023012
-0.32218
-0.48329
-0.7825
-0.80555
-0.75955
-0.34526
-0.023018
0.41435
0.55248
0.64458
0.3223
-0.27627
-0.87487
-1.4044
-1.4275
-1.1973
-0.80587
-0.57564
-0.46052
-0.4375
-0.55264
-0.852
-1.3356
-1.6119
-1.7731
-1.3817
-0.64479
0.11514
0.27634
0.069085
-0.046057
-0.20726
0.046057
0.27634
0.62176
0.69085
0.55267
0.13817
-0.50661
-1.0362
-1.5659
-2.0264
-2.4178
-2.4869
-2.3026
-2.3717
-2.5098
-2.6939
-2.809
-2.832
-2.3714
-1.6346
-0.64464
0.46044
1.1511
1.7726
2.0488
2.4631
2.5091
2.0717
1.1739
0.18414
-0.66748
-1.473
-1.7261
-1.8872
-1.772
-1.4268
-0.64434
-0.23011
0.02301
0.41417
0.69026
1.0814
1.3574
1.6794
1.5873
0.96617
0.43706
-0.57506
-1.4951
-2.3
-2.7829
-2.7828
-2.2537
-1.5867
-1.0348
-0.82779
-0.68979
-0.36787
-0.20692
0.16093
0.62069
0.96547
1.0114
0.94239
0.66654
0.1379
-0.36771
-0.98816
-1.4707
-1.8612
-1.8611
-1.5853
-1.5393
-1.4014
-1.3094
-1.1715
-1.1714
-0.98763
-0.78087
-0.7349
-0.52818
-0.27555
0.045923
0.29848
0.48214
0.59689
0.55095
0.43614
0.48202
0.55085
0.45901
0.52783
0.39011
0.045892
-0.36712
-0.80302
-1.0094
-1.1929
-1.0552
-0.98631
-0.77982
-0.57336
-0.36693
0.11466
0.43567
0.82542
0.71073
0.13755
-0.59601
-1.0315
-1.3523
-1.3522
-1.3292
-1.3062
-1.6269
-1.8788
-1.9932
-2.0389
-1.7867
-1.4201
-1.0765
-0.77866
-0.687
-0.22898
0.022896
0.435
1.0302
1.5566
1.6938
1.6021
1.6477
1.3044
0.89238
0.22879
-0.52618
-1.1438
-1.5554
-1.8755
-1.9896
-1.6465
-0.86888
-0.27436
0
0.22859
0.6857
1.097
1.3711
1.5081
1.4394
1.2108
0.93658
0.27409
-0.38826
-1.119
-1.3244
-1.5069
-1.3013
-0.98154
-0.6619
-0.50207
-0.75302
-0.8442
-1.1179
-1.1862
-0.79829
-0.50172
-0.27363
-0.456
-0.63832
-1.003
-1.1396
-0.61529
0
0.524
0.86562
0.84273
0.6832
0.34155
0.022767
-0.36422
-0.63729
-0.81926
-1.1377
-1.9793
-2.8434
-3.4343
-3.1609
-2.4101
-1.3867
-0.36367
0.13635
0.54532
0.65882
0.74957
0.68131
0.70389
0.77188
0.15889
-0.20425
-0.77146
-1.225
-1.9279
-2.5398
-2.7434
-2.7655
-2.4477
-2.0847
-1.8124
-1.6308
-1.4267
-1.2452
-1.0639
-0.70156
-0.22626
0.15835
0.067848
0.29394
0.33908
0.40681
0.29373
0.15813
-0.22584
-0.79025
-1.0158
-1.2638
-1.3311
-1.218
-1.0373
-0.81158
-0.81136
-0.74354
-0.90102
-1.0584
-1.1482
-1.0578
-1.0575
-1.0797
-0.83201
-0.58448
-0.38204
-0.31453
-0.17967
-0.33678
-0.31423
-0.1795
-0.089723
-0.17939
-0.38107
-0.29131
-0.53761
-0.47025
-0.53724
-0.91746
-1.2974
-1.5206
-1.3859
-1.363
-1.2062
-1.2057
-1.1606
-1.2494
-1.3827
-1.1369
-0.93593
-0.49005
0.26719
0.75673
0.95664
0.91176
0.53349
-0.24441
-0.955
-1.443
-1.3314
-1.1312
-0.82027
-0.57614
-0.53158
-0.48705
-0.64171
-0.72988
-0.68531
-0.30934
0.17668
0.57392
0.7722
0.74975
0.24244
-0.57275
-1.1449
-1.4524
-1.5615
-1.6486
-1.7576
-1.9323
-2.4359
-2.4565
-2.5428
-1.9279
-0.83202
0.39389
1.2028
1.377
1.3761
0.89504
0.2618
-0.54509
-1.0241
-1.7203
-2.2633
-2.762
-3.1298
-3.3666
-3.3644
-2.9934
-2.2978
-1.0181
0.15153
1.0816
1.4268
1.5122
1.5543
1.2512
0.77605
0.15079
-0.60272
-1.4627
-2.1494
-2.3411
-2.7042
-2.8952
-3.0644
-3.2119
-2.9741
-2.5014
-1.6022
-0.64038
0.34126
1.1721
1.448
1.4894
1.3181
0.84968
0.084897
-0.57257
-0.93229
-1.0373
-1.0576
-1.0778
-1.288
-1.6877
-1.8127
-1.6637
-1.3256
-1.0931
-1.0081
-1.217
-1.5304
-1.7384
-1.7786
-1.8397
-1.8171
-1.4189
-0.97975
-0.49982
-0.3537
-0.31178
-0.53989
-0.68457
-0.74606
-0.6625
-0.68252
-0.59918
-0.57793
-0.84539
-1.0711
-1.1111
-0.98665
-0.88295
-0.841
-0.79912
-0.90062
-1.0837
-1.0825
-1.1017
-1.1209
-1.1604
-1.1998
-1.4625
-1.6232
-1.8038
-1.8423
-1.5369
-0.84837
-0.060529
0.3023
0.30195
0.06032
-0.16067
-0.26078
-0.26047
-0.18011
-0.27984
-0.49913
-0.57829
-0.73694
-0.99466
-1.1723
-1.0121
-0.4757
0.35633
0.98859
1.0861
0.76919
0.49246
0.31478
0.078595
-0.15699
-0.54877
-0.86126
-1.3489
-1.5424
-1.7744
-1.85
-1.8476
-1.5344
-1.1057
-0.79426
-0.34824
-0.17389
-0.077182
-0.096349
0.057732
0.13453
0.095962
0
-0.45937
-1.2042
-1.9279
-2.3256
-2.6461
-2.7755
-2.5818
-2.0095
-1.1359
-0.30249
0.28318
0.30164
0.075305
-0.2068
-0.54443
-0.93734
-1.273
-1.0282
-0.93336
-0.85747
-1.0238
-1.3755
-1.6333
-1.8349
-1.9062
-1.9774
-1.9745
-2.027
-2.1712
-2.3885
-2.3667
-2.1068
-1.8842
-1.5892
-1.3862
-1.1292
-1.0548
-0.8353
-0.74341
-1.0139
-1.3378
-1.6788
-1.9106
-1.9617
-1.6533
-1.3996
-1.2721
-1.1808
-1.1611
-1.2486
-1.2111
-1.0136
-0.69249
-0.58507
-0.81433
-0.98986
-1.2178
-1.3217
-1.1085
-0.94874
-0.77188
-0.6481
-0.59465
-0.78584
-1.2031
-1.5321
-1.7557
-1.6663
-1.3518
-0.83062
-0.50107
-0.36229
-0.36174
-0.29239
-0.2576
0.034294
0.37666
0.49576
0.58035
0.6306
0.5956
0.37381
0.050897
-0.11858
-0.25371
-0.16889
0.11804
0.2694
0.38667
0.30216
0.28494
0
-0.11697
-0.16685
0.083301
0.29943
0.61457
0.94535
1.2917
1.5378
1.6511
1.3683
0.7243
0.3123
0.098474
0.098328
0.34364
0.63724
0.79945
0.7331
0.65068
0.45481
0.55146
0.7288
1.0512
1.4533
1.6286
1.916
1.8168
1.3004
0.54506
0.016008
-0.23978
-0.20751
0.22315
0.57299
0.74701
0.80943
0.69734
0.58557
0.53733
0.53658
0.48855
0.31475
0.22002
0.42373
0.54852
0.67297
0.76581
0.70233
0.54551
0.32686
0.20207
-0.015523
-0.15502
-0.24769
-0.44834
-0.72566
-0.90972
-0.93931
-1.0611
-0.86005
-0.65954
-0.42891
-0.33656
-0.38196
-0.13733
0.076196
0.51747
0.85123
1.002
1.0007
0.93889
0.83185
0.40786
-0.13578
-0.79864
-1.3696
-1.7738
-1.8167
-1.4396
-0.95859
-0.26928
0.3885
0.8955
1.0286
0.96787
0.83289
0.78737
0.72712
0.69665
0.44417
0
-0.31023
-0.67879
-0.94337
-1.1485
-1.0737
-0.86685
-0.55772
-0.10263
0.11717
0.16094
0.11692
-0.0146
0
-0.058283
0.131
0.11633
0.014527
-0.31929
-0.68145
-1.1009
-1.4182
-1.4602
-1.2855
-0.9957
-0.61994
-0.10083
0.20147
0.47448
0.64644
0.53105
0.28681
0.057312
-0.085895
-0.11443
-0.18579
-0.32844
-0.64208
-1.1976
-1.5528
-1.6939
-1.8348
-1.7623
-1.6616
-1.3481
-1.1061
-0.77935
-0.36815
-0.099048
0.22624
0.43803
0.48009
0.22577
-0.09871
-0.47913
-0.84499
-1.0415
-1.1252
-1.2651
-1.3767
-1.2074
-1.0103
-0.67313
-0.39244
-0.056032
0.14
0.11194
0.041956
-0.29354
-0.6287
-0.9775
-1.2422
-1.3811
-1.3945
-1.0593
-0.7384
-0.44563
-0.23664
0.055658
0.306
0.68127
1.1953
1.7644
2.2082
2.5407
2.5121
1.9701
0.99863
-0.013866
-0.99804
-1.7184
-2.1889
-2.3269
-2.2709
-1.9381
-1.4533
-0.98247
-0.69174
-0.44262
-0.24893
0.055308
0.4977
1.0644
1.4927
1.6721
1.6305
1.4507
1.0223
0.52492
-0.013813
-0.51104
-0.91154
-1.0634
-0.92529
-0.64907
-0.31763
0.096671
0.19335
0.27622
0.20717
0.20718
0.19338
0.22102
0.23486
0
-0.5389
-1.0918
-1.4513
-1.41
-0.98162
-0.40101
0.01383
0.11066
-0.055343
-0.48436
-1.052
-1.4676
-1.6203
-1.5791
-1.2193
-0.79
-0.40205
-0.16642
-0.1526
-0.11101
-0.34704
-0.7082
-0.94461
-1.2229
-1.4736
-1.5854
-1.4887
-1.2666
-1.0026
-0.69654
-0.44599
-0.26493
-0.2232
-0.32101
-0.57252
-0.72649
-0.79676
-0.85313
-1.0495
-1.2741
-1.3168
-1.4157
-1.1781
-0.94025
-0.6319
-0.37937
-0.18278
0.12662
0.26748
0.39445
0.42291
0.36677
0.22586
0.24015
0.2686
0.19806
0.042472
-0.19835
-0.45373
-0.55341
-0.39763
-0.1137
-0.14224
-0.242
-0.21371
-0.085556
-0.0999
-0.27139
-0.57185
-1.0016
-1.1744
-1.2614
-1.3487
-1.551
-1.5381
-1.2805
-0.82091
-0.24507
0.21645
0.50555
0.5928
0.69471
0.57952
0.40608
0.20325
0.18893
0.24733
0.14564
0.01458
-0.39409
-0.83288
-0.98008
-0.7908
-0.6011
-0.27888
0.029389
0.22067
0.11783
-0.14746
-0.45767
-0.73907
-0.90275
-0.91867
-0.94946
-1.0695
-1.1452
-1.2062
-1.327
-1.3436
-1.1211
-0.74835
-0.34469
-0.075031
0.015026
0
-0.045198
-0.12069
-0.27192
-0.52945
-0.86343
-1.2135
-1.519
-1.7036
-1.5842
-1.2813
-0.9318
-0.48951
-0.030639
0.32217
0.55309
0.53851
0.15409
-0.41665
-0.84999
-1.1608
-1.2555
-1.304
-1.4148
-1.8218
-2.4484
-2.5927
-2.3621
-1.5041
-0.50213
0.34576
0.9602
1.0248
1.0106
0.61682
-0.11089
-0.74573
-1.2555
-1.544
-1.4668
-1.07
-0.59185
-0.19227
-0.016049
-0.016075
-0.24153
-0.37096
-0.54929
-0.55022
-0.66461
-0.68197
-0.53674
-0.668
-0.76706
-0.81742
-0.76969
-0.86944
-1.0188
-1.1358
-1.2532
-1.1398
-1.0259
-1.0112
-1.1292
-1.1644
-1.1498
-1.3689
-1.5887
-1.692
-1.7286
-1.5804
-1.3979
-1.1473
-0.94655
-0.62652
-0.23749
0.11896
0.15322
0.034111
-0.39299
-0.99282
-1.3547
-1.7008
-1.876
-1.9657
-1.6065
-1.0903
-0.48545
-0.10422
0.13921
0.0523
-0.36677
-0.54242
-0.63107
-0.56199
-0.51024
-0.75796
-0.95362
-1.2915
-1.3648
-1.4384
-1.6368
-1.7824
-1.75
-1.6638
-1.5056
-1.239
-1.2413
-1.3518
-1.4446
-1.3568
-1.3593
-1.1984
-1.0005
-1.0388
-1.2051
-1.5183
-1.8144
-2.0931
-2.1706
-1.9903
-1.5324
-1.2023
-1.0007
-0.74262
-0.61379
-0.33541
-0.3547
-0.31795
-0.52464
-0.50683
-0.41373
-0.26377
-0.018875
-0.075638
-0.54937
-1.2716
-1.7682
-1.7714
-1.5456
-0.95583
-0.32557
0.1343
0.3844
0.67392
0.84873
0.90822
0.83241
0.91146
0.8548
0.54493
0
-0.58592
-1.3304
-1.5876
-1.5511
-1.0227
-0.49256
0.11842
0.69198
1.1487
1.4879
1.6694
1.5329
1.017
0.63921
0
-0.72154
-1.4656
-1.9306
-2.2158
-2.1994
-2.1626
-1.8625
-1.602
-1.0359
-0.22379
0.30566
0.7756
1.1857
1.4538
1.6407
1.7666
1.7283
1.4425
0.88749
0.22739
-0.45549
-0.97459
-1.2045
-1.0816
-0.91659
-0.47985
-0.062684
0.31389
0.50298
0.75559
1.2191
1.7051
2.1081
2.259
1.9028
1.2915
0.59368
0.084932
-0.34021
-0.48973
-0.44777
-0.38433
-0.74834
-1.1347
-1.5651
-1.7604
-1.4618
-0.88253
-0.30175
-0.30214
-0.34575
-0.77895
-1.1482
-1.5619
-1.7159
-1.631
-1.5895
-1.2644
-1.2878
-1.6171
-2.1661
-2.6505
-2.8949
-2.6787
-1.8465
-0.79225
0.17626
0.68376
0.7066
0.15474
-0.44259
-0.75322
-0.99797
-1.1544
-1.089
-0.93436
-1.0467
-1.3375
-1.562
-1.6306
-1.3639
-0.80567
-0.26881
-0.022422
-0.06733
-0.38189
-0.80944
-1.5078
-1.9371
-1.9163
-1.7148
-1.1743
-0.67806
-0.36193
-0.22639
-0.1586
0.15873
0.20424
0.15897
-0.22728
-0.90979
-1.5933
-1.8678
-1.7779
-1.3686
-1.0043
-0.52534
-0.15999
-0.29732
-0.70946
-1.0992
-1.2374
-0.75662
-0.18353
-0.11477
-0.80387
-1.7235
-2.7132
-3.4048
-3.4756
-3.0859
-2.3501
-1.8441
-1.2454
-1.3613
-1.5466
-1.6858
-1.6865
-1.849
-2.1965
-2.3824
-2.3833
-2.2222
-2.0609
-1.8994
-1.9464
-1.8775
-1.5071
-1.0205
-0.62637
-0.32487
-0.11605
-0.2786
-0.25544
-0.32518
-0.069696
0.18589
0.55779
0.81358
0.55797
0.09301
-0.27907
-0.3954
-0.32566
-0.046528
0.41879
0.53517
0.65155
0.58178
0.30254
-0.48874
-1.2335
-1.5361
-1.8154
-1.5827
-1.3732
-1.28
-1.28
-1.0938
-0.6981
-0.11634
0.65146
1.233
1.6051
1.5816
1.5582
1.0464
0.2325
-0.51142
-0.99943
-1.0225
-1.2779
-1.2312
-1.2774
-1.0217
-0.67323
-0.13926
0.30165
0.44076
0.90448
1.252
1.5298
1.5062
1.2741
0.71789
0
-0.69428
-1.3881
-1.8502
-2.0113
-1.8488
-1.5709
-1.1546
-0.69251
-0.32304
-0.13839
0.069166
0.36873
0.43768
0.48353
0.66744
0.96619
1.0577
1.1721
1.1716
0.7577
0.43603
0.022937
-0.13755
-0.36662
-0.45803
-0.52646
-1.0066
-1.3947
-1.6682
-1.7586
-1.5521
-1.3459
-0.88917
-0.88864
-1.0247
-1.411
-1.7968
-2.2503
-2.2943
-1.9751
-1.5654
-1.0203
-0.45316
-0.36229
-0.56571
-0.97237
-1.1977
-1.1743
-0.58676
0.24807
0.83385
1.126
0.90019
0.089956
-0.85397
-1.7067
-2.1319
-2.1079
-2.0167
-1.4331
-0.89499
-0.71546
-0.58088
-0.37952
-0.29
-0.22291
-0.13364
-0.17805
-0.066719
0.26667
0.866
1.1538
1.1972
1.019
0.46484
-0.088471
-0.5967
-0.79496
-1.015
-1.0142
-0.74899
-0.46223
-0.24193
-0.021975
0.26349
0.15358
0.087685
-0.21903
-0.4377
-0.54668
-0.39328
-0.065492
-0.065438
-0.087178
-0.10888
-0.021758
0
0.15205
0.23874
0.39033
0.47667
0.38968
0.10815
-0.45386
-0.7126
-0.7983
-0.79763
-0.56002
-0.17217
-0.021503
0.17188
0.644
1.1797
1.693
1.8629
1.6901
1.2184
0.57667
0.14938
-0.25587
-0.51131
-0.65988
-0.48918
-0.46752
-0.44589
-0.19094
-0.063593
0.25416
0.44441
0.71893
0.95073
1.0344
0.88589
0.31613
-0.18952
-0.61018
-0.7148
-0.77724
-0.86056
-0.77598
-0.75439
-0.75379
-0.62765
-0.45991
-0.39688
-0.39656
-0.20855
-0.12503
-0.33316
-0.79063
-1.185
-1.7034
-1.8267
-1.8667
-1.7617
-1.5325
-0.99332
0
0.76452
1.4247
1.5887
1.0927
0.28842
-0.53524
-0.98741
-1.2128
-1.2119
-0.98527
-0.90252
-1.0044
-0.94221
-0.59358
-0.22499
0.14308
0.53107
0.694
0.59154
0.20384
-0.61111
-1.5675
-2.4616
-2.9885
-3.2913
-3.2689
-2.9624
-2.6564
-2.3913
-1.9645
-1.3763
-0.80908
-0.58623
-0.30304
-0.24228
-0.060535
-0.1815
-0.28216
-0.80572
-1.2884
-1.8712
-2.1918
-2.6127
-2.8121
-2.7302
-2.6084
-2.3262
-2.0644
-1.9031
-1.6619
-1.4008
-1.0401
-0.75969
-0.39964
-0.17975
-0.25952
-0.83804
-1.4559
-1.7542
-2.0723
-2.1112
-1.9908
-1.9103
-1.8498
-1.849
-1.3315
-0.95353
-0.43686
-0.27789
-0.19841
-0.45618
-0.67409
-0.97112
-1.3868
-1.6834
-1.9599
-2.2165
-2.5125
-2.5512
-2.234
-1.7392
-1.0471
-0.21727
0.39491
0.49349
0.41441
0.15783
-0.059168
-0.039435
0.11827
0.17736
-0.17732
-0.43334
-0.88616
-1.2207
-1.5353
-1.6334
-1.3576
-0.64914
0.51134
1.4747
2.2019
2.575
2.7514
2.7509
2.4754
2.2001
1.473
0.64805
-0.17672
-0.68714
-1.0404
-1.1384
-1.0794
-0.96158
-0.66715
-0.13734
0.58857
1.0005
1.1966
1.0004
0.82378
0.62761
0.35302
-0.058834
-0.88249
-1.5688
-1.9022
-2.059
-2.0982
-2.0786
-1.7845
-1.3531
-0.50988
0.72562
2.0396
3.1969
3.9227
4.276
4.0016
3.0995
1.5695
-0.17658
-1.8248
-3.0416
-3.8465
-4.2394
-3.9651
-3.2981
-2.5916
-2.2581
-1.9049
-1.4927
-0.74647
0.27506
1.5327
2.5352
3.2236
3.578
3.5
3.1663
2.4981
1.7903
0.76743
-0.49204
-1.5945
-2.6581
-3.348
-3.2306
-2.5417
-1.6948
-1.0645
-0.69009
-0.47332
-0.19727
0.039464
0.67106
0.96737
1.2639
1.2444
0.94842
0.33599
-0.29655
-0.73171
-1.2067
-1.3456
-1.2668
-1.1286
-0.97051
-0.83213
-1.0306
-1.2887
-1.2494
-0.79355
-0.019846
0.35734
0.19859
-0.2384
-1.0732
-1.6103
-1.949
-1.8502
-1.7514
-1.3738
-0.95604
-0.59775
-0.15946
0.13958
0.37902
0.39912
0.57896
0.77891
0.75925
0.59965
0.059989
-0.76018
-1.7211
-2.2024
-2.3835
-2.3044
-1.9846
-1.6044
-1.2239
-1.0438
-0.72293
-0.60271
-0.38188
-0.22119
-0.1207
-0.24151
-0.48324
-0.64461
-0.76582
-0.80649
-0.8472
-0.68614
-0.74702
-1.0302
-1.2125
-1.4152
-1.4361
-1.1535
-0.7491
-0.30383
-0.04053
0.22302
0.26369
0.10147
0.14212
0.20313
0.08129
-0.20332
-0.65094
-1.16
-1.6085
-1.7315
-1.284
-0.83601
-0.2244
0.22451
0.55133
0.67417
0.83801
0.94065
0.79789
0.73687
0.61435
0.43025
0.26647
0.20508
0.10259
-0.18474
-0.75986
-0.94514
-0.90447
-0.82263
-0.69957
-0.57638
-0.37071
-0.041209
0.26798
0.61871
0.80469
1.0115
0.9087
0.68183
0.33074
0.24817
-0.02069
-0.37259
-0.49701
-0.60082
-0.78763
-0.95387
-1.0995
-1.1415
-1.1628
-0.74782
-0.24938
0.41581
0.99838
1.1445
0.97841
0.52065
0.12501
-0.22928
-0.37533
-0.43807
-0.083475
0.062632
-0.041771
-0.29251
-0.85699
-1.2546
-1.2133
-0.62779
-0.062803
0.37696
0.3771
-0.020958
-0.608
-0.98573
-0.9651
-0.65063
-0.27294
0.042005
0.063029
-0.1261
-0.56764
-0.84123
-1.4095
-1.5994
-1.6841
-1.6214
-1.5587
-1.3696
-1.0117
-0.73791
-0.48505
-0.063286
0.084405
0.21107
0.29558
0.27454
0.084495
-0.29581
-0.78198
-0.97243
-1.1841
-0.90944
-0.74041
-0.82522
-1.1005
-1.4395
-1.6727
-1.5883
-1.1226
-0.7415
-0.52974
-0.40268
-0.50873
-0.65722
-0.95419
-1.0392
-1.0818
-0.99706
-0.89111
-0.80635
-0.97624
-1.3372
-1.4647
-1.6772
-1.6773
-1.5713
-1.2529
-1.0619
-1.1894
-1.5081
-1.9968
-2.2944
-2.1883
-1.6147
-1.0411
-0.42496
-0.042497
0.021249
-0.14875
-0.27624
-0.084998
-0.021249
0.10625
0.042498
-0.16999
-0.57369
-1.0836
-1.3385
-1.7208
-1.5933
-1.4657
-1.2532
-1.0832
-0.78578
-0.61582
-0.46713
-0.276
0.063685
0.27594
0.42446
0.61539
0.57287
0.19093
-0.31816
-0.61502
-0.74213
-0.8904
-0.95383
-1.0384
-0.99583
-0.82616
-0.36004
0.10587
0.50807
0.67727
0.52899
-0.021154
-0.54987
-0.84573
-1.2471
-1.7539
-2.176
-2.6822
-2.9348
-2.8916
-2.4687
-0.23203
