0.85329
1.1111
1.2315
1.2368
1.2461
1.0896
0.58566
-0.191
-0.76793
-1.1254
-1.208
-1.2846
-1.2272
-0.99509
-0.83671
-0.84201
-1.1314
-1.3698
-1.2375
-0.67103
-0.23329
-0.4294
-0.88684
-1.1055
-1.2438
-1.3667
-1.3783
-1.1638
-0.57532
0.030905
0.74532
1.1572
1.5152
1.2613
0.64404
-0.13264
-0.75878
-1.1009
-1.2426
-1.2714
-1.246
-1.1335
-1.0758
-0.99786
-0.80759
-0.24948
0.40363
1.1538
1.7124
1.5269
0.89758
0.15944
-0.61346
-1.0388
-1.131
-1.1326
-1.2248
-1.2913
-1.2614
-0.90019
-0.21829
0.54287
1.1814
1.3041
1.3567
1.2918
1.1144
0.57056
-0.13852
-0.55136
-0.96968
-1.1764
-1.2358
-1.3878
-1.308
-0.77674
-0.10082
0.70553
1.4431
1.6445
1.1091
0.29077
-0.4757
-1.0337
-1.208
-1.1981
-1.1094
-1.0633
-1.18
-1.2732
-1.1205
-0.47465
0.46031
1.4864
1.8961
1.1066
0.69693
-0.022771
-0.50462
-0.81498
-0.91353
-0.97726
-1.095
-1.3049
-1.3699
-1.098
-0.44186
0.33383
0.84853
1.2658
1.4808
1.4808
1.043
0.29212
-0.34856
-0.92698
-1.1059
-1.2046
-1.2639
-1.2979
-1.2753
-0.97337
-0.42178
-0.46323
0.4988
1.0862
1.3943
1.471
1.1982
0.63083
-0.1844
-0.80645
-1.0085
-1.0646
-1.2046
-1.4225
-1.3495
-0.80181
-0.036893
0.84099
1.3401
1.4342
1.418
1.1844
0.59959
-0.17272
-0.94817
-1.2791
-1.2613
-1.094
-1.0445
-1.1021
-1.2368
-1.2068
-0.52824
0.050865
1.0256
1.4622
1.5161
1.2735
1.0497
0.30625
-0.21763
-0.76218
-1.0902
-1.2507
-1.4008
-1.1733
-1.231
-0.95526
-0.47409
-0.02551
0.62848
1.0175
1.3429
1.4353
1.3265
1.0724
0.55669
-0.14171
-0.75778
-1.1717
-1.4997
-1.587
-1.4116
-0.69989
0
0.7437
1.724
1.6805
0.72789
0.70929
0.75366
1.2133
1.4689
0.82402
-0.38953
-1.1241
-1.5971
-1.1068
-0.55086
0.42387
1.3677
1.8057
1.2535
0.4995
-0.14425
-0.78234
-1.1168
-1.1792
-1.2208
-1.1678
-1.2401
-1.2347
-0.87211
-0.055758
0.44737
0.9103
1.2879
1.5634
1.1611
0.34623
-0.33294
-0.9054
-1.1974
-1.2734
-1.2823
-1.2521
-1.1938
-0.916
-0.3947
0.19571
0.63135
0.91339
1.1311
1.3357
1.4359
1.1354
0.44818
-0.3998
-1.0425
-1.2765
-1.1523
-1.0454
-1.0168
-1.0976
-1.2076
-1.1938
-1.1949
-1.0623
-0.64979
-0.55932
-0.7221
-0.87693
-1.4608
-1.6779
-1.295
-0.063168
0.57599
1.1484
1.1753
0.83866
-0.15374
-0.79236
-1.1676
-1.1637
-1.0817
-1.1353
-1.0934
-1.3386
-1.2809
-0.95513
-0.2135
-0.30151
-0.36907
-0.92776
-1.2772
-1.3081
-1.2362
-1.1994
-1.18
-0.47525
-0.31902
-0.66575
-1.2893
-1.8131
-1.3958
-0.95247
0.25153
1.1614
1.4529
-0.080079
-1.1323
-1.6723
-0.73953
1.0769
1.5299
-0.24396
-1.0634
-0.51326
0.28469
0.66319
1.19
1.3177
1.1862
1.0803
0.80933
0.85541
1.1392
1.2543
1.4515
0.95629
0.27863
-0.57685
-1.233
-0.50317
0.2058
0.77034
1.1328
1.2609
1.3285
1.2749
1.2046
1.0534
0.47155
-0.13536
-0.99407
-1.005
-1.2412
-1.4198
-1.0249
-0.33767
0.30947
0.94008
1.2044
1.3001
1.3534
1.2964
1.188
0.55722
0.10301
-0.29798
-0.85828
-1.1038
-1.1936
-1.2483
-1.2625
-1.2023
-0.98096
-0.34187
0.38469
1.1421
1.4941
1.4334
1.0692
0.3534
-0.3406
-0.864
-1.0916
-1.2209
-1.3572
-1.4302
-1.2806
-0.728
0.10333
0.93842
1.3287
1.4059
1.4714
1.2417
0.60035
-0.20044
-0.79212
-1.2509
-1.3242
-1.38
-1.3682
-1.1547
-0.69109
0.11286
0.97131
1.4659
1.5079
1.4268
0.96644
0.56594
0
-0.69487
-1.0278
-1.1895
-1.3308
-1.3293
-0.8142
-0.12211
0.47748
0.75887
0.87493
0.96117
1.0347
1.1368
1.2163
1.2637
1.3044
1.0901
0.48786
-0.26188
-0.85432
-1.1006
-1.1793
-1.2733
-1.2292
-1.1987
-1.0093
-0.48393
0.27454
1.1296
1.7846
1.4761
0.67452
-0.17178
-0.73815
-1.0396
-1.1485
-1.2289
-1.1962
-1.1389
-1.0848
-1.0078
-0.92631
-0.8634
-0.86518
-0.93318
-1.1569
-0.94355
-0.74903
-0.90193
-1.1157
-1.2116
-1.1863
-1.3322
-1.2692
-0.86558
0.059745
1.3692
0.91161
-0.18135
-1.4519
-1.995
-0.8148
0.1339
0.6614
1.1613
1.0169
0.85477
0.79945
1.1814
1.4685
1.235
0.60645
-0.30507
-1.1256
-1.2952
-1.2704
-1.1096
-0.83892
-0.26891
0.5038
1.0282
1.3432
1.3407
1.2412
1.1084
1.0926
0.98921
0.57653
0.24826
0.36166
0.53756
0.76648
1.0395
1.1591
1.2114
1.2393
1.2891
1.1854
0.77678
0.16878
-0.63037
-1.3801
-1.7334
-1.3149
-0.6377
0.12842
0.7968
1.1522
1.2615
1.4052
1.413
1.1396
0.4317
-0.059444
-0.64431
-1.114
-1.5896
-1.4262
-0.89431
0.011274
0.74495
1.0832
1.1297
1.1485
1.4432
1.3168
0.77259
-0.016972
-0.70729
-1.1052
-1.1911
-1.2887
-1.3692
-1.2994
-0.85472
-0.19709
0.41145
1.0645
1.4914
1.5281
1.1438
0.36285
-0.31304
-0.82949
-1.0731
-1.2314
-1.3365
-1.3998
-1.2613
-0.93705
-0.40856
0.36557
0.85391
1.2229
1.4367
1.5919
1.2404
0.54607
-0.17436
-0.78862
-1.0857
-1.2439
-1.3044
-1.3431
-1.2704
-1.1256
-1.0342
-0.66607
-0.13174
1.1238
1.3364
0.51566
-0.12694
-0.64111
-0.92434
-1.0939
-1.128
-1.162
-1.1734
-1.1924
-1.217
-1.2231
-0.85023
-0.021455
0.97085
1.7873
1.1116
0.41991
-0.1857
-0.66471
-0.95834
-1.115
-1.2344
-1.2539
-1.2457
-1.2277
-0.98832
-0.77172
-0.24621
0.46276
1.5389
1.7221
0.8718
0.11931
-0.61103
-1.0179
-1.0985
-1.1606
-1.1843
-1.2143
-1.1759
-1.184
-0.84468
-0.18473
0.60638
1.4079
1.6966
1.4763
0.82169
0.020997
-0.59461
-0.81195
-0.97761
-1.1501
-1.1912
-1.3339
-1.3445
-1.1738
-0.52494
0.17232
0.841
1.5065
1.565
1.0305
0.21041
-0.48935
-1.0268
-1.2055
-1.1974
-1.1878
-1.2804
-1.2023
-0.9338
-0.27911
0.64849
1.5989
1.3865
0.31656
-0.58913
-1.0654
-1.1082
-1.0198
-1.0415
-1.2498
-1.5136
-1.2217
-0.47876
0.18699
0.71845
0.84862
1.0584
1.2227
1.5087
1.2975
0.69016
0.031484
-0.53134
-0.92917
-1.2917
-1.5024
-1.4092
-0.99455
-0.34869
0.5639
1.3153
1.5691
1.5797
0.99767
0.15106
-0.38621
-0.48649
-0.69923
-1.0484
-1.2538
-1.3364
-1.2549
-1.0194
-0.94319
-1.0478
-1.0513
-0.74348
0.33895
1.1595
1.2875
0.50044
-0.36703
-0.79613
-0.98421
-1.0643
-1.1233
-1.1731
-1.159
-1.2078
-1.2348
-1.0778
-0.55942
0.22907
1.2153
1.8271
1.1637
0.37291
-0.39843
-0.78543
-0.97318
-1.1674
-1.1279
-1.1866
-1.1709
-1.1952
-1.191
-1.208
-0.5957
0.16381
0.69718
0.96488
1.2246
1.3683
1.3588
1.22
0.54636
-0.61363
-2.0147
-1.8501
-0.49323
-0.38046
0.27499
-0.34432
0.078732
0.5469
1.2645
1.612
1.3414
0.69926
-0.30482
-1.0466
-1.6757
-1.5124
-1.3058
-0.63589
0.40936
0.60315
-0.19276
-0.78413
-0.97467
-1.1018
-1.0428
-0.99561
-0.94826
-1.0026
-1.0735
-1.0094
-1.0157
-1.0299
-1.0643
-1.2369
-1.2244
-1.0861
-0.71946
-0.6129
-0.66439
-0.81932
-0.94608
-0.97187
-0.96581
-0.96835
-1.197
-1.4633
-1.4254
-0.78766
0.11579
1.5834
2.4512
0.99753
0
0.071065
-0.044002
-0.447
-0.73651
-1.079
-1.2196
-1.3415
-1.2374
-1.0803
-1.215
-0.67404
-0.082321
0.74589
1.5913
1.5145
1.0248
0.15054
-0.46823
-0.9313
-1.0537
-1.1415
-1.1716
-1.2599
-1.2822
-1.0858
-0.97165
-0.82604
-0.61092
0.045528
0.51582
0.92083
1.2527
1.4988
1.3929
0.91234
0.1648
-0.70655
-1.2774
-1.3369
-1.26
-1.2639
-1.1921
-0.86268
-0.65157
-0.38865
-0.20666
0.16609
0.58983
0.97512
1.3526
1.4583
1.3755
1.0314
0.32749
-0.50008
-1.2649
-1.4948
-1.4925
-1.1059
-0.45535
0.28665
0.66767
0.78437
0.81992
0.91193
1.046
1.1904
1.2712
1.2714
1.2368
0.90883
0.20305
-0.70712
-1.46
-1.6343
-1.2334
-0.42226
0.23635
0.76136
1.087
1.2779
1.4213
1.3346
1.1687
0.7016
-0.18013
-0.88673
-1.381
-1.0478
-0.95133
-0.73955
-0.89334
-1.0819
-1.2273
-1.1732
-1.0454
-0.64121
-0.45748
-0.54946
-0.76414
-0.98812
-1.1898
-1.3631
-1.4377
-1.142
-0.49267
0.48998
1.1425
1.1738
0.84213
0.89715
1.3865
1.5374
1.0795
0.2002
-0.56726
-1.2747
-1.3987
-1.4197
-1.2906
-1.0106
-0.44448
0.55532
1.0156
1.1744
1.1098
1.3612
1.3098
0.94996
0.16305
-0.6946
-1.168
-1.2294
-1.3439
-1.4668
-1.0792
-0.46068
0.32431
0.81147
0.99119
1.1234
1.1862
1.3676
1.3106
0.9238
0.22812
-0.46028
-0.94432
-1.1765
-1.2153
-1.2715
-1.3185
-1.1631
-0.6126
0.079587
0.70245
1.1537
1.2074
1.1983
1.1088
1.0837
1.1725
1.1631
0.8173
0.12439
-0.75263
-1.3601
-1.6011
-1.4378
-0.9283
-0.1179
0.64924
1.1862
1.2743
1.4883
1.1794
0.50851
-0.2138
-0.83711
-1.2169
-1.2867
-1.295
-1.248
-1.1658
-1.0407
-0.76397
-0.43405
0.25206
0.56357
0.35809
0.60759
1.173
1.5486
1.2484
0.55417
-0.39977
-1.1164
-1.6491
-1.461
-1.0491
-0.35667
0.46569
0.97681
1.1321
1.2298
1.4298
1.2257
0.59382
-0.070425
-0.61663
-0.98595
-1.1572
-1.2365
-1.2882
-1.294
-1.1957
-0.95735
-0.66714
-0.40231
-0.049861
0.35599
1.2385
1.6863
1.1039
0.21566
-0.48999
-0.93328
-1.1119
-1.2495
-1.3252
-1.3665
-1.1635
-0.67614
0.16866
0.76883
0.89045
0.9334
1.1489
1.4558
1.3959
0.81152
-0.080778
-0.80745
-1.081
-1.095
-1.1653
-1.2919
-1.3516
-1.2946
-0.92369
-0.2009
0.098971
0.58036
1.1463
1.7121
1.1566
0.24148
-0.64982
-1.2773
-1.5931
-1.4545
-0.99983
-0.63543
-0.61075
-0.93579
-1.1164
-1.0611
-0.73029
-0.85121
-0.69135
-0.45063
-0.50485
-0.7767
-1.1221
-1.3008
-1.4055
-1.3274
-0.9973
-0.36295
0.39301
1.0937
1.6044
1.6157
1.2901
0.55187
-0.37926
-0.77612
-0.24124
-0.27783
-0.85621
-1.54
-1.7158
-1.0395
-0.1966
0.59676
1.1816
1.4567
1.5485
1.4044
1.0613
0.29344
-0.2101
-0.58644
-0.84807
-1.095
-1.2911
-1.4217
-1.4759
-1.192
-0.51616
0.36523
1.0748
1.0347
0.98702
1.0485
1.3177
1.236
0.55696
-0.21069
-0.79765
-1.1794
-1.3654
-1.4898
-1.279
-0.70354
0.047178
0.84469
1.2824
1.3732
1.4321
1.186
0.61795
-0.18151
-0.73076
-1.0804
-1.0693
-1.0455
-1.0389
-1.118
-1.1849
-1.0709
-0.92555
-0.91154
-1.132
-1.3669
-1.3736
-0.87128
0.030732
0.61211
1.1354
1.3145
1.4604
1.2857
0.69959
-0.089579
-0.92014
-1.6368
-1.6903
-1.1307
-0.46745
0.28349
0.81774
1.2585
1.5888
1.3787
0.68885
-0.145
-0.89758
-1.1646
-1.2519
-1.2813
-1.3039
-1.221
-0.94743
-0.44151
0.65954
2.1298
1.0667
-0.26993
0.74003
0.78372
0.31121
0
-0.43205
-0.82042
-1.0761
-1.3231
-1.3594
-1.2996
-1.1244
-0.9136
-0.34304
0.77196
1.294
0.36822
-0.44371
-0.76346
-0.90878
-1.1105
-1.0721
-1.2204
-1.2731
-1.373
-0.95537
-0.3084
0.71614
1.6429
1.6112
1.2489
0.34463
0.10713
-0.77109
-0.88563
-0.89912
-0.97733
-1.1547
-1.2985
-1.1795
-1.2539
-1.0208
-0.70343
0.30924
1.4341
1.3445
0.7087
-0.31527
-0.81733
-0.98468
-1.0223
-1.0726
-1.1226
-1.1522
-1.2991
-1.3997
-1.0317
-0.497
0.30021
1.4659
1.4825
0.20283
-0.22162
-0.8813
-1.0069
-1.2345
-1.3004
-1.4026
-1.3918
-0.81207
-0.05051
-0.063165
-2.1497
-2.0817
-1.2933
-0.22198
-0.053532
-0.2426
-0.53474
-0.89422
-1.0128
-1.4048
-1.4682
-1.1802
-0.44816
0.58465
1.5596
1.9294
1.2412
0.35396
-0.33167
-0.90679
-1.2198
-1.4008
-1.0834
-0.78118
-0.98661
-1.1215
-1.2651
-1.184
-0.75243
-0.14627
0.53011
1.0647
1.2523
1.4549
1.2925
1.1331
1.1671
0.94483
0.20377
-0.32642
-0.419
-0.9439
-1.3864
-1.4814
-0.93791
-0.29256
0.40767
0.95935
1.1869
1.2874
1.347
1.3057
0.92905
0.35699
-0.39689
-0.9794
-1.2648
-1.3824
-1.3151
-1.0709
-0.47988
0.34065
0.81947
1.0532
1.1263
1.1576
1.1899
1.2527
1.2376
1.0199
0.47054
-0.16057
-0.69335
-1.0809
-1.2988
-1.4248
-1.4321
-1.0172
-0.29437
0.44623
0.89541
1.1474
1.319
1.3749
0.9732
0.27557
-0.4631
-1.1159
-1.4414
-1.4766
-1.3732
-0.95446
-0.34032
0.38651
0.9683
1.2814
1.2761
1.1562
1.1528
1.2446
0.78518
0.0251
-0.72315
-1.1383
-1.3018
-1.2958
-1.2317
-1.1154
-0.90647
-0.43032
0.097802
0.53493
1.0363
1.4439
1.5258
1.2009
0.53104
-0.26411
-0.95692
-1.29
-1.3905
-1.4425
-1.2061
-0.63047
0.1938
1.1541
1.6536
1.5759
0.93429
0.3427
-0.09673
-0.49351
-0.80224
-1.0815
-1.2046
-1.3311
-1.3842
-1.1923
-0.64144
0.11524
0.86741
1.34
1.3677
1.3982
1.2687
0.69083
-0.01555
-0.38342
-0.76797
-1.0817
-1.2139
-1.2481
-1.2501
-1.2388
-1.1656
-0.88048
-0.31708
0.30684
1.4973
1.4538
0.75747
-0.011527
-0.74388
-1.0983
-1.1685
-1.0999
-1.1277
-1.1539
-1.1549
-1.2446
-1.1647
-0.78235
0
0.86064
1.7318
1.582
0.9485
0.059178
-0.61964
-0.93653
-1.1148
-1.2401
-1.3646
-1.3375
-1.1673
-0.69181
0.22091
0.81128
1.3408
1.4424
1.2601
0.47433
-0.10062
-0.59463
-0.95974
-1.135
-1.2128
-1.2785
-1.2863
-1.2064
-1.1683
-0.9282
-0.45556
0.18876
0.8591
1.3677
1.757
1.5477
0.84525
-0.046389
-0.8336
-1.2235
-1.2306
-1.2524
-1.362
-1.1261
-0.57276
0.28447
0.89191
1.2367
1.3802
1.4401
1.249
0.73699
0.033937
-0.65225
-1.1922
-1.331
-1.4513
-1.2953
-0.69078
0.092719
0.73648
1.1903
1.2422
1.3202
1.3478
1.1737
0.81016
-0.070984
-0.59035
-0.6669
-0.74426
-0.9575
-1.1808
-1.3518
-1.4284
-1.0927
-0.43421
0.35899
1.0132
1.3703
1.3542
1.3262
1.1107
0.7688
0.28984
-0.43004
-0.87397
-1.2085
-1.3924
-1.4584
-1.214
-0.72559
-0.031947
0.65593
1.1637
1.365
1.4842
1.1609
0.49727
-0.36139
-0.85973
-1.1473
-1.3767
-1.4774
-1.1435
-0.49093
0.4164
1.0838
1.1805
0.9733
0.92256
1.0117
1.1786
1.3488
1.2596
0.65816
-0.12729
-0.94117
-1.5895
-1.5502
-1.0642
-0.19084
0.67277
1.1843
1.3321
1.4664
1.2672
0.75255
0.020024
-0.65651
-1.0532
-1.1855
-1.229
-1.4236
-1.3126
-0.82062
0.0099547
0.77914
1.2162
1.2281
1.2467
1.3189
1.1271
0.57944
-0.20777
-0.73848
-1.1065
-1.2322
-1.2535
-1.2282
-1.1875
-1.2211
-0.82331
-0.2161
0.3846
0.78329
0.99539
1.0665
1.1243
1.26
1.3874
1.1404
0.57643
-0.27894
-1.4611
-1.8517
-1.2977
-0.38604
0.45322
1.2184
1.5267
1.1601
0.78997
0.6141
0.81745
1.031
1.4285
1.379
0.68719
-0.083607
-0.81593
-1.5099
-1.7153
-1.4723
-0.83022
-0.055506
1.0985
1.8589
1.1088
0.1223
-0.87992
-1.679
-1.4312
-0.36504
-0.21058
-0.50903
-0.92305
-1.4718
-1.6261
-1.4246
-0.80309
0.27138
0.72486
1.1505
1.4146
1.5949
1.3259
0.18934
-0.57382
-1.3672
-1.5346
-1.3264
-1.0127
-1.0698
-0.80993
-0.72974
0.61913
-1.7436
0.38874
0.35266
-0.21741
-0.49218
-0.61608
-0.67246
-0.85465
-0.96447
-1.1477
-1.2823
-1.4255
-1.206
-0.65732
0.036765
0.68605
1.0226
1.2668
1.4986
1.4543
0.91708
0.077082
-0.6409
-1.087
-1.1701
-1.3624
-1.4295
-1.1697
-0.60382
0.11337
0.71081
1.0714
1.2346
1.3983
1.3113
1.1192
0.68726
0.027943
-0.79983
-1.3857
-1.4347
-1.4488
-1.1542
-0.70459
0.019224
0.66074
0.96457
1.2733
1.1655
1.1887
1.2641
1.055
0.47129
-0.19855
-0.80815
-1.1419
-1.3403
-1.4846
-1.3748
-0.93774
0
1.1719
2.084
1.2476
0.64079
0.073445
-0.58321
-0.83625
-1.1281
-1.2591
-1.2619
-1.2197
-1.0076
-0.82313
-0.78457
-1.0825
-1.3102
-0.67279
0.23968
0.98669
1.3243
1.3697
1.4125
1.1478
0.63832
-0.076025
-1.0273
-1.6972
-1.5837
-1.2746
-0.38112
0.049061
0.71393
0.45788
0.75825
0.97879
1.2271
1.3865
1.381
1.3203
0.67246
0.026521
-0.55632
-0.9788
-1.2452
-1.5574
-1.2726
-0.7016
0.029102
0.57291
0.88567
0.93633
1.0063
1.0611
1.0756
1.0597
1.1464
1.2355
1.2898
1.0594
0.39508
-0.47468
-1.3327
-1.6912
-1.4023
-0.84442
-0.012719
0.59253
0.83569
0.89133
1.0826
1.2216
1.3298
1.3574
1.1804
0.794
0.22947
-0.44282
-1.0316
-1.5708
-1.6159
-1.0713
-0.20858
0.72483
1.181
0.89769
0.83559
1.0433
1.2978
1.3874
1.2036
0.88474
0.038655
-0.60514
-1.0177
-1.1539
-1.3417
-1.2744
-1.1335
-1.0692
-0.99147
-1.1145
-0.98706
-1.1626
-0.89683
-0.53742
-0.74069
-0.99318
-1.6028
-1.6866
-1.377
-0.14846
0.17406
-0.2309
-0.83328
-1.1035
-1.1011
-1.1337
-1.0804
-1.0476
-1.0975
-1.2485
-1.2784
-1.2161
-1.0595
-0.28331
0.37874
0.33245
-0.18404
-0.50079
-0.75984
-0.89791
-0.99474
-1.0692
-1.1356
-1.1612
-1.1711
-1.2452
-1.2403
-0.86098
-0.072203
0.88547
1.6747
1.6038
0.94406
0.14175
-0.4856
-0.92752
-1.0736
-1.1583
-1.2465
-1.3742
-1.331
-0.81609
-0.12266
0.4603
0.80783
1.1205
1.3741
1.4847
1.1374
0.40319
-0.37938
-0.86464
-0.98907
-1.0383
-1.1435
-1.2816
-1.3804
-1.2127
-0.66518
0.32688
1.385
1.475
0.67942
-0.078054
-0.76991
-1.2281
-1.3313
-1.3105
-1.1819
-1.0347
-1.0304
-1.0896
-0.85813
0.15084
1.347
1.0003
0.024208
-0.75852
-1.192
-1.1032
-1.0149
-1.0161
-1.0178
-1.3015
-1.1909
-0.69408
0.2001
1.1319
1.8973
1.5352
0.77937
-0.049704
-0.67785
-0.83019
-0.92891
-1.0667
-1.2033
-1.2479
-1.3181
-1.2262
-0.82603
-0.23953
0.44355
0.88423
1.243
1.3968
1.4125
1.0632
0.40964
-0.41683
-1.0498
-1.2683
-1.3481
-1.3054
-1.2118
-0.89992
-0.42396
0.24175
0.92661
1.4763
1.5346
1.0154
0.31665
-0.40042
-0.97202
-1.1743
-1.2325
-1.2311
-1.1916
-1.2547
-1.1373
-0.85322
-0.14368
0.85289
1.2045
0.62005
-0.013835
-0.57702
-0.84096
-1.0212
-1.2097
-1.2831
-1.283
-1.2386
-1.1168
-0.74003
-0.16424
0.57174
1.1691
1.6098
1.3817
0.6101
-0.079921
-0.64704
-0.98699
-1.1041
-1.2293
-1.3202
-1.3975
-1.2694
-0.74437
-0.050421
0.80193
1.4469
1.4382
1.4474
1.1515
0.49434
-0.43224
-0.90632
-0.86546
-0.82833
-1.0263
-1.2749
-1.5353
-1.492
-1.0114
-0.051548
0.84087
1.7473
1.6188
0.89426
0.026197
-0.8319
-1.2721
-1.3417
-1.1383
-1.0093
-0.96891
-1.049
-1.2859
-1.2055
-1.2081
-0.56873
0.53999
0.42705
-0.21175
-0.84857
-1.0831
-1.0572
-1.0344
-1.0364
-1.1689
-1.3666
-1.2841
-1.1087
-0.74282
-0.66437
-0.097746
0.43502
1.415
1.8374
1.0173
0.16639
-0.90115
-1.7599
-1.3565
-1.0695
-0.6304
-0.91839
-0.9141
-0.19087
0.78571
0.96797
0.94381
0.88447
1.0318
1.1419
1.1534
1.1526
0.90974
0.90136
1.0899
1.0448
1.1107
1.1441
1.3283
0.95221
0.35742
-0.45244
-1.4372
-1.6252
-0.86812
0.15286
1.0237
1.908
1.6238
0.99382
-0.028504
-0.77463
-1.1697
-1.4363
-1.4649
-0.89118
0
0.71798
1.2891
1.5418
1.4001
1.2412
0.8968
0.58954
0.1652
-0.076724
-0.86016
-1.5091
-0.72095
0.10353
0.89309
1.1324
0.97721
0.84862
0.83488
1.0045
1.2414
1.4472
1.3683
0.97474
0.16658
-0.6454
-1.2339
-1.234
-1.3087
-1.314
-0.84518
-0.10317
0.539
0.97217
1.1804
1.2636
1.3812
1.3411
0.95389
0.19717
-0.44635
-0.81902
-1.0486
-1.1752
-1.2583
-1.2807
-1.2209
-1.0439
-0.64692
-0.72245
-0.87743
-0.70969
-0.64237
-0.67162
-0.97789
-1.1398
-1.2335
-1.2125
-1.2204
-1.1681
-1.0064
-0.32656
0.76151
1.6163
1.5389
0.85434
0.12694
-0.50775
-0.80929
-0.97516
-1.2789
-1.4561
-1.4254
-0.94888
-0.19582
0.48025
1.145
1.3216
1.4248
1.4655
1.0765
0.30061
-0.23933
-0.6047
-0.90322
-1.2629
-1.5557
-1.5944
-1.0216
-0.23854
0.38375
0.7577
0.88132
1.0725
1.2215
1.3016
1.3634
1.3527
1.1602
0.77961
0.11682
-0.5119
-0.96033
-0.96444
-1.0518
-1.1979
-1.4268
-1.2578
-1.1162
-0.36115
0.6318
1.5819
1.3557
0.44152
-0.32044
-1.0456
-1.2753
-1.0981
-1.0564
-1.0888
-1.3003
-1.3793
-0.89363
0.030219
1.2732
0.98039
-0.070888
-0.93239
-1.2936
-1.3784
-1.1988
-1.1797
-1.0275
-1.2373
-1.0464
-0.39185
0.084742
-0.063237
-0.61569
-1.2096
-1.5077
-1.1189
-0.82371
-0.95287
-1.251
-0.60933
0.3521
0.77857
1.3765
1.4474
1.4615
1.1411
0.5202
-0.35165
-1.7337
-0.7536
-0.19086
0.73171
1.617
1.4444
0.7052
0.35238
0.67945
1.1957
1.5384
1.447
1.3172
0.77218
0.29533
0.23612
0.46987
0.97313
1.1772
1.1209
0.79007
0.74397
1.0843
1.4958
1.5243
1.1307
0.63722
-0.18357
-0.61967
-1.0099
-1.0651
-1.167
-1.1243
-1.0659
-1.3107
-1.2633
-0.57747
0.88893
1.051
0.39053
-0.4036
-1.0666
-1.2688
-1.2428
-1.4541
-1.247
-0.71993
-0.19118
-0.62254
-1.0789
-1.4827
-1.0105
-0.83057
-0.79181
-1.167
-1.2262
-0.70363
0.53298
1.6374
1.5138
0.64465
-0.13797
-0.81829
-1.1242
-1.1615
-1.1948
-1.2595
-1.231
-1.1809
-0.78597
-0.17978
0.48877
1.0406
1.3812
1.524
1.053
0.34721
-0.41874
-0.85451
-1.0977
-1.1638
-1.1165
-1.121
-1.25
-1.3544
-0.92821
-0.24471
0.84324
1.7984
1.4774
0.64137
-0.057911
-0.56047
-0.96678
-1.1355
-1.2339
-1.305
-1.3502
-1.0838
-0.44385
0.40109
1.3376
1.6513
1.328
0.57474
-0.1893
-0.82649
-1.2933
-1.4402
-1.4608
-1.3101
-0.98852
-0.27722
0.56376
1.3669
1.7199
1.4315
0.74692
-0.15431
-0.63075
-0.92382
-1.0369
-1.1573
-1.2545
-1.2765
-1.3464
-1.1624
-0.7451
-0.17544
0.56051
1.1893
1.4159
1.3888
1.2445
0.85597
0.19423
-0.50562
-1.0384
-1.414
-1.496
-1.3851
-0.93885
-0.26347
0.21323
0.72189
0.897
1.1015
1.2526
1.426
1.2721
0.8356
0.11528
-0.66931
-1.104
-1.2432
-1.3
-1.3496
-1.1561
-0.52009
0.23662
0.89656
1.2399
1.275
1.2085
1.1614
1.1945
1.1642
0.85985
0.36233
-0.3825
-0.86013
-1.0168
-1.2575
-1.5336
-1.2796
-0.57417
0.18366
0.75557
1.2494
1.5411
1.4037
0.88354
0.079281
-0.66473
-1.3945
-1.426
-1.4147
-1.1766
-0.6633
-0.044075
0.65334
1.0454
1.2559
1.3054
1.3002
1.2623
0.91801
0.25686
-0.62908
-0.98893
-1.354
-1.435
-1.5068
-0.92809
-0.45674
-0.26557
-0.60377
-0.74458
-1.0456
-1.3473
-1.3692
-1.4827
-0.94028
0.39896
0.70978
0.15724
-0.52894
-0.68682
-1.0593
-1.4441
-1.5288
-1.3187
-0.84521
-0.21641
-0.52418
-1.1363
-1.3883
-1.0005
-0.76544
-1.0718
-1.0913
-0.86446
-0.6252
-0.75353
-1.0945
-1.3897
-1.4386
-1.1499
-0.88636
-0.7658
-0.86818
-0.26057
0.54292
1.3985
1.6121
1.062
0.11309
-0.71407
-1.0871
-1.1452
-1.1753
-1.1373
-1.2467
-1.2265
-1.2011
-0.9287
-0.15826
0.16039
0.50851
0.74263
1.0447
1.3644
1.5117
1.325
0.68382
-0.11592
-0.83844
-1.3872
-1.3929
-1.3168
-1.1459
-0.6192
0.15694
0.75783
1.1193
1.1645
1.2867
1.3579
1.2783
0.91958
0.15077
-0.92638
-1.5931
-1.1605
-1.2856
-1.005
-0.62736
-0.020305
0.70377
1.3288
1.6564
1.535
1.1915
0.54856
-0.0508
-0.75035
-1.1138
-1.2518
-1.2744
-1.191
-1.0198
-0.94326
-0.93229
-0.92874
-0.99472
-0.95275
-0.90606
-0.85318
-0.88777
-1.0333
-1.0472
-1.1027
-1.2166
-1.2297
-1.2761
-1.0465
-0.85088
0.10193
1.2584
1.3839
0.4216
-0.27321
-0.80763
-0.9098
-0.96361
-1.1049
-1.2443
-1.3551
-1.3276
-0.90189
-0.24488
0.65722
1.2101
1.2155
1.2778
1.3092
0.91274
0.21468
-0.49994
-0.83022
-1.0434
-1.2176
-1.3921
-1.4254
-0.95512
-0.19069
0.67442
1.0783
1.1755
1.3093
1.3301
1.2246
0.84295
0.057187
-0.65674
-1.2247
-1.4256
-1.4499
-1.0793
-0.37631
0.38769
0.98523
1.2268
1.2097
1.0478
1.0609
1.1902
1.3909
0.90926
0.31123
-0.39951
-0.79696
-1.1115
-1.3151
-1.4908
-1.3848
-0.83064
-0.24209
0.42633
1.1481
1.618
1.5019
0.59489
-0.3251
-1.2479
-1.5055
-1.3356
-0.99555
-0.84575
-1.0244
-0.83822
-0.74807
-0.83449
-1.0162
-0.97769
-1.0862
-0.82462
-0.66448
-0.77162
-0.92895
-1.0597
-1.1343
-1.1633
-1.1777
-1.1583
-1.2356
-1.2398
-1.0561
0.051601
0.35942
0.039792
-0.39987
-0.67514
-1.0063
-1.0821
-1.1506
-1.2342
-1.1779
-1.1864
-1.1234
-0.9248
-0.89621
-0.61337
-1.1644
-0.9482
-0.50342
-0.42257
-0.69083
-0.9875
-1.1442
-1.3128
-1.3339
-1.3718
-1.0901
-0.5447
0.043154
-0.35367
-1.301
-1.5573
-1.0926
-0.57001
-0.68394
-1.0119
-1.413
-1.4721
-1.2201
-0.93494
-0.42538
-0.19209
0.51671
1.0231
1.4277
1.4856
1.0491
0.15965
-0.59783
-1.1411
-1.2889
-1.3616
-1.4529
-1.2354
-0.76787
0.066543
0.90401
1.3169
1.3662
1.3522
1.4407
0.89099
0.378
-0.24799
-0.73813
-1.0734
-1.2781
-1.3332
-1.4474
-1.3541
-0.86793
-0.025426
0.96132
1.5063
1.5313
1.2339
0.72075
0.15966
-0.21212
-0.56614
-0.96481
-1.4039
-1.5435
-1.0963
-0.18931
0.60163
1.0845
1.2942
1.3067
1.2885
1.1862
0.88375
0.31165
-0.64933
-1.1217
-1.2844
-1.4305
-1.2526
-0.60499
0.012209
0.60706
1.0178
1.1894
1.2325
1.1915
1.2224
1.22
0.91851
0.2913
-0.53651
-1.1129
-1.3402
-1.2973
-1.3237
-1.1282
-0.41172
0.1969
0.8139
1.1524
1.3931
1.3743
1.2503
1.0757
0.77995
0.26403
-0.25422
-0.77048
-1.2066
-1.4201
-1.4472
-1.0386
-0.39837
0.50524
1.497
1.696
1.4283
0.85569
0.029655
-0.67759
-0.6098
-0.52496
-0.75316
-1.0273
-1.2009
-1.3252
-1.41
-1.2483
-0.84975
-0.16101
0.60727
1.7177
1.5588
0.73069
-0.073528
-0.74391
-1.0638
-1.1147
-1.1159
-1.2032
-1.3637
-1.2981
-1.0759
-0.69308
-0.13259
-0.37654
-1.2772
-1.8031
0
1.3832
0.50263
-0.1035
-0.47183
-0.76178
-0.99039
-1.0889
-1.2773
-1.2857
-1.304
-0.91584
-0.30585
0.4025
1.0347
1.4583
1.4643
1.0719
0.36644
-0.39896
-0.90246
-1.1154
-1.1949
-1.2266
-1.1817
-1.0726
-1.1056
-1.1493
-0.82261
-0.12635
0.60829
1.2179
1.5885
1.4341
0.91336
0.16824
-0.54497
-1.0257
-1.1909
-1.2283
-1.2673
-1.3205
-1.1309
-0.64355
0.097252
0.79704
1.1967
1.3186
1.4549
1.2569
0.7337
-0.077692
-0.72513
-1.0419
-1.1577
-1.2285
-1.331
-1.3703
-1.094
-0.42218
0.33373
0.7875
1.1235
1.3069
1.5398
1.4099
0.94248
0.15868
-0.62537
-1.184
-1.3594
-1.4202
-1.4067
-1.2243
-0.75448
-0.21181
0.45325
0.93079
1.198
1.3911
1.4513
1.1049
0.49563
-0.3896
-0.94103
-1.3254
-1.4203
-1.4288
-1.0767
-0.52629
0.23244
0.85436
1.0837
1.2457
1.5051
1.3255
0.74975
-0.063043
-0.69226
-1.2162
-1.328
-1.3419
-1.0668
-0.88971
-0.84726
-1.1863
-1.4497
-0.78605
0.17889
1.1511
1.8546
1.3828
0.68285
-0.12268
-0.62891
-0.8972
-1.0477
-1.3721
-1.4131
-1.3512
-0.92407
-0.43569
0.083431
0.66895
1.1309
1.5329
1.6061
1.0051
0.30022
-0.50992
-1.2244
-1.4938
-1.4452
-1.0826
-0.46289
0.31582
0.87715
1.1538
1.2232
1.4752
1.4067
0.87186
-0.021368
-0.66751
-1.2077
-1.346
-1.4925
-1.3048
-0.77503
-0.025571
0.56313
1.018
1.2788
1.5198
1.1563
0.46546
-0.44814
-1.0312
-1.393
-1.2614
-1.0449
-0.84462
-1.0123
-1.3975
-1.2974
-0.82542
0.021322
0.79926
1.3141
1.3636
1.4163
1.2429
0.73525
0.13203
-0.64593
-1.0392
-1.0082
-0.91834
-1.0332
-1.3691
-1.1729
-0.45657
0.39376
0.99528
1.2992
1.3223
1.3091
1.2157
0.85773
0.17203
-0.53811
-0.91644
-1.1282
-1.2608
-1.3838
-1.3503
-1.1012
-0.70085
0.13972
0.73939
1.2832
1.3595
1.1028
0.3255
-0.34808
-0.73483
-1.0181
-1.2106
-1.3634
-1.4002
-1.1721
-0.61049
0.14844
0.77902
1.1336
1.3172
1.5254
1.3149
0.72589
-0.089131
-0.72154
-1.0178
-1.0816
-1.1547
-1.3446
-1.3495
-0.99504
-0.34398
0.44207
1.0297
1.3843
1.5283
1.1649
0.59601
-0.18764
-0.84296
-1.2026
-1.315
-1.4284
-1.4424
-1.1653
-0.53113
0.40065
1.2996
1.4432
1.1969
1.1935
1.0771
0.66108
-0.045608
-0.56109
-1.009
-1.2329
-1.3291
-1.3438
-1.2775
-1.1103
-0.48938
0.21352
0.83324
1.0981
1.07
1.0801
1.1319
1.3104
1.3798
1.0288
0.32016
-0.40838
-0.95838
-1.1171
-1.1634
-1.318
-1.3772
-1.0886
-0.3866
0.37298
1.0995
1.675
1.5222
0.83114
0
-0.66002
-1.0105
-1.0888
-1.1316
-1.2274
-1.2833
-1.3072
-1.0777
-0.77829
-0.06886
0.95511
1.7439
1.4529
0.6913
0.1197
-0.38726
-0.6934
-0.96766
-1.13
-1.2623
-1.2695
-1.2745
-1.135
-0.64874
0.069738
0.75273
1.0684
1.1797
1.2007
1.1728
1.217
1.2502
1.0988
0.43831
-0.22198
-0.90274
-1.1278
-1.2378
-1.3638
-1.3487
-1.119
-0.21711
0.47558
0.92324
0.91861
1.1455
1.4393
1.429
0.95268
0.049444
-0.97016
-1.8598
-1.4492
-0.80236
0.12639
0.90266
1.2682
1.2637
1.1369
1.3152
1.1678
0.68665
-0.039149
-0.63498
-1.1655
-1.2788
-1.2492
-1.2466
-1.0858
-0.87529
-0.91279
-1.1856
-0.66712
0.31866
0.99609
1.4092
1.3061
1.1555
1.0503
1.0486
0.56984
-0.20476
-0.86189
-1.1767
-1.2633
-1.4638
-1.3565
-0.7009
-0.31993
0.62392
1.6262
1.5967
0.87981
-0.019476
-0.71263
-1.0279
-1.0069
-0.9328
-0.91106
-0.99892
-1.129
-1.3841
-1.4263
-0.97332
-0.2032
0.90681
1.7988
1.4254
0.62321
-0.21472
-0.70594
-0.85249
-0.88358
-1.019
-1.1509
-1.2834
-1.4189
-1.2728
-0.87595
-0.15328
0.95133
1.939
1.0926
0.10545
-0.40205
-0.64654
-0.88074
-0.98646
-1.1427
-1.1995
-1.2947
-1.4149
-1.2555
-0.91246
-0.17401
0.44448
0.97718
1.3057
1.6146
1.5098
0.85936
-0.06039
-0.79009
-1.0911
-1.0996
-1.1503
-1.2667
-1.4658
-1.3515
-0.80137
-0.015358
0.68542
1.368
1.5626
1.366
0.81521
0.13009
-0.47577
-0.94033
-1.1404
-1.2989
-1.4119
-1.362
-1.0821
-0.52674
0.064521
0.48137
0.75198
0.89966
1.1447
1.3874
1.3867
1.1044
0.53347
-0.20238
-0.8701
-1.4413
-1.6542
-1.2599
-0.59957
0.33486
0.85292
0.92444
0.9707
1.1405
1.3418
1.3776
1.0642
0.43929
-0.33298
-0.9097
-1.1317
-1.2487
-1.3223
-1.3529
-1.0133
-0.41775
0.34231
0.85672
0.90741
0.94531
1.0756
1.3118
1.475
1.2565
0.67363
-0.24176
-0.94736
-1.2807
-1.2987
-1.4391
-1.2211
-0.64813
0.032389
0.69433
0.94993
1.1003
1.1384
1.344
1.3343
0.84551
0.16847
-0.48915
-0.97937
-1.2653
-1.343
-1.3299
-1.2809
-1.0782
-0.6665
-0.18343
0.4724
1.1716
1.1327
1.4642
0.91982
0.42408
-0.39079
-0.97391
-1.1871
-1.2882
-1.3796
-1.1137
-0.48041
0.40701
1.0248
1.5033
1.5334
1.0888
0.46704
-0.32838
-1.056
-1.328
-1.2427
-1.159
-1.2675
-1.266
-0.87676
-0.54993
0.6819
1.0064
0.22562
-0.4736
-0.71267
-0.91393
-0.8823
-0.71892
-0.73513
-0.97903
-1.236
-1.5845
-1.1776
-0.6696
0.12395
0.87
1.3451
1.3473
1.3265
1.2084
1.0441
0.67139
0.20905
-0.33261
-0.89299
-1.2448
-1.4856
-1.5037
-0.95595
-0.24056
0.69559
1.2624
1.2977
1.2166
0.97708
0.95206
1.118
1.3319
0.95535
0.28054
-0.38525
-0.82307
-1.4968
-1.5987
-1.3761
-0.61988
0.25359
0.91867
1.3241
1.3963
1.5425
1.1821
0.54203
-0.031644
-0.63461
-1.0955
-1.2549
-1.2585
-1.2763
-1.2713
-1.2304
-1.1284
-0.55794
0.1606
0.88324
1.3026
1.5644
1.4717
0.82335
-0.064472
-0.8761
-1.0692
-1.0274
-1.1224
-1.2295
-1.3122
-1.3315
-0.80506
-0.018593
0.68422
1.0606
1.0934
1.1233
1.146
1.3143
1.3666
0.98024
0.29122
-0.31194
-0.73307
-1.0499
-1.0163
-1.0441
-0.93324
-0.88993
1.0727
1.4789
1.4324
0.80954
0.063207
-0.68998
-0.98617
-1.0602
-1.1762
-1.3546
-1.3612
-1.0719
-0.38991
0.4443
1.1509
1.3421
1.306
1.3363
1.0457
0.51081
-0.15619
-0.63402
-0.91358
-1.0138
-1.1421
-1.2878
-1.4398
-1.2614
-0.7401
0
0.77863
1.3357
1.4191
1.3918
1.3086
0.7243
0.073612
-0.55583
-0.83145
-1.0121
-1.1522
-1.1784
-1.2169
-1.3261
-1.3236
-1.0359
-0.23508
0.23426
-0.08502
-0.73663
-1.2038
-1.0606
-0.81418
-0.76258
-0.87828
-1.2024
-1.4675
-1.5341
-1.0374
-0.38525
0.77104
1.5078
0.69299
-0.10991
-0.90496
-1.0808
-0.92704
-0.84331
-0.83024
-1.0025
-1.2771
-1.3804
-1.2889
-1.1168
-0.84673
-0.54457
-0.090899
-0.452
-0.77567
-0.92318
-1.0505
-1.1658
-1.1668
-1.0203
-1.0003
-1.0577
-1.2204
-1.2385
-1.0123
-0.69454
-0.47861
-0.86509
-1.2093
-1.2457
-1.0679
-0.82237
-0.70392
-0.91933
-1.5592
-1.3289
-0.71005
0.14402
0.82594
1.3262
1.6228
1.3881
0.8707
0.15603
-0.65311
-1.1092
-1.1708
-1.2223
-1.391
-1.2803
-0.7908
-0.011373
0.56829
1.0392
1.2022
1.322
1.3599
1.2776
0.91472
0.15293
-0.60056
-1.2191
-1.3437
-1.3747
-1.2665
-1.06
-0.49256
0.18965
0.65687
1.0014
1.26
1.4858
1.5841
1.2772
0.77869
-0.012802
-0.671
-0.99433
-1.1283
-1.311
-1.4004
-1.3691
-1.1486
-0.76498
-0.29316
0.45458
0.76588
1.0768
1.5097
1.3816
0.70623
-0.13354
-0.73879
-1.255
-1.474
-1.5077
-1.1635
-0.49045
0.35797
1.168
1.2492
1.1236
1.457
1.125
0.41438
-0.24897
-0.74088
-0.97868
-1.0348
-1.1847
-1.2514
-1.2825
-1.0455
-0.71563
-0.80513
-1.3193
-1.4838
-0.7288
0.14918
1.213
1.2464
1.238
1.131
0.73198
0.01235
-0.67338
-1.1701
-1.242
-1.315
-1.3269
-1.2074
-0.91725
-0.24727
0.87554
1.8064
1.6005
0.6752
-0.029599
-0.67749
-0.72992
-0.70618
-0.73622
-0.91031
-1.1549
-1.3878
-1.4255
-0.97767
-0.23971
0.52456
1.059
1.286
1.3913
1.3508
1.1373
0.6653
-0.044025
-0.72938
-1.0733
-1.1073
-1.1867
-1.2463
-1.3039
-1.2373
-0.90817
-0.22188
0.44854
0.91237
1.1618
1.3199
1.4782
1.2597
0.73701
0.07256
-0.65504
-1.0161
-1.126
-1.1755
-1.3514
-1.3427
-0.95991
-0.17882
0.87393
1.817
1.3975
0.45181
-0.25719
-0.90232
-1.2037
-1.2418
-1.2888
-1.351
-1.2519
-0.78476
-0.025042
0.67376
0.88256
0.95487
1.0242
1.1204
1.3408
0.88509
0.19499
-0.63508
-1.3141
-1.6609
-1.4691
-0.9226
-0.09271
0.47729
0.85404
0.97558
1.0019
1.1164
1.2873
1.396
1.1512
0.51886
-0.28587
-1.0498
-1.4137
-1.4294
-1.3535
-1.0365
-0.54647
0.35215
0.85375
0.98892
0.98813
1.1025
1.3345
1.3679
1.1447
0.26985
-0.71375
-1.4728
-1.5055
-1.3174
-1.0007
-0.90186
-0.36965
-0.19044
0.6246
1.2351
1.6635
1.3905
0.6206
-0.34187
-0.94546
-1.1766
-1.1035
-1.0152
-0.99933
-1.1091
-1.4611
-1.339
-0.68194
0.14404
0.8043
1.3521
1.2928
1.017
0.59152
-1.2011
-1.3049
-1.3195
-1.2386
-0.89704
-0.14987
0.79635
1.4371
1.5938
1.313
0.91453
0.16188
-0.64569
-1.2479
-1.519
-1.3405
-0.84932
0.015122
0.68859
1.1272
1.3047
1.1896
1.0801
1.1199
1.2992
1.0907
0.56839
-0.17041
-0.6955
-1.1526
-1.5269
-1.4317
-1.0732
-0.30158
0.57618
1.0756
1.0324
1.0155
1.145
1.3607
1.1973
0.57474
-0.23563
-0.93929
-1.2895
-1.4492
-1.4497
-1.1138
-0.30406
0.46919
0.86277
0.87613
0.95654
1.076
1.3021
1.4401
1.2118
0.53137
-0.29239
-1.1277
-1.4635
-1.3361
-1.1632
-1.0485
-0.93042
-0.38879
0.16327
0.62738
0.92791
1.1997
1.375
1.4516
1.2502
0.56489
-0.26623
-1.0845
-1.3184
-1.3223
-1.303
-1.183
-0.64143
-0.15989
0.44259
0.96439
1.1538
1.262
1.4417
1.3404
0.80254
-0.013789
-0.58083
-1.0412
-1.1924
-1.3486
-1.4777
-1.2528
-0.69314
0.087633
0.58198
0.92616
1.069
1.2188
1.1647
1.1969
1.3354
1.1084
0.52249
-0.1478
-0.7668
-0.97624
-1.0843
-1.1787
-1.2028
-1.3066
-1.2738
-0.8734
-0.26683
0.5352
1.072
1.2355
1.2975
1.414
1.1607
0.65799
0.11041
-0.40305
-0.81068
-1.0932
-1.1765
-1.1951
-1.1824
-1.0751
-0.98623
-0.95885
-0.86162
-0.73541
-0.76874
-0.82815
-0.93174
-0.93436
-0.99714
-0.99856
-1.0711
-1.1075
-1.0909
-1.0746
-1.0685
-1.2169
-1.3115
-1.1538
-0.85073
-0.27105
0.56192
1.376
1.5682
1.139
0.44376
-0.26276
-0.85045
-1.2657
-1.4332
-1.5464
-1.2598
-0.60056
0.16646
1.0057
1.4963
1.5296
1.3717
1.1156
0.52597
-0.20967
-0.99551
-1.3333
-1.4816
-1.4979
-1.1005
-0.24678
0.48482
0.92918
0.79922
0.79778
0.95461
1.2309
1.4
1.4667
1.0927
0.62693
-0.15726
-0.96817
-0.66922
-0.83919
-1.3237
-1.1291
-0.47284
0.22051
0.88849
1.465
1.6416
1.3601
0.67008
-0.30171
-0.99884
-0.86378
-0.72152
-0.89907
-1.1726
-1.3322
-1.2977
-1.2127
-0.88529
-0.27685
0.7505
1.6612
1.6056
1.0667
-0.083632
-0.88983
-1.1271
-1.0072
-1.0824
-1.0886
-1.2088
-1.2271
-0.97937
-0.37364
0.49214
1.239
1.6398
1.3881
0.76228
-0.15507
-0.81805
-1.0605
-1.0586
-1.0053
-1.1321
-1.2909
-1.2502
-1.1031
-0.90246
-0.92636
-0.52858
0.19825
0.8698
1.4203
1.6866
1.3609
0.71939
-0.10935
-0.84929
-1.0174
-1.0427
-1.0426
-1.1371
-1.2584
-1.2767
-1.2245
-0.81883
-0.31481
0.43183
0.67612
0.97374
1.4006
1.4862
0.96214
0.22871
-0.66433
-1.1977
-1.5353
-1.4822
-1.1821
-0.62849
0.25069
1.0298
1.0419
1.0698
1.2835
1.3701
0.82113
0.22312
-0.36591
-0.87739
-1.2055
-1.3652
-1.3371
-1.2712
-1.104
-0.63608
-0.21594
0.58883
1.1917
1.3814
1.3002
1.3407
1.0049
0.18259
-0.26853
-0.66745
-1.1408
-1.3162
-1.2348
-1.0761
-1.0441
-1.3139
-1.1004
-0.47917
0.34642
1.3908
1.644
0.83201
0.083404
-0.53313
-0.93715
-1.2009
-1.2999
-1.4284
-1.3593
-0.93199
-0.18129
0.59762
0.85361
0.97491
1.0489
1.1884
1.2046
1.25
1.2275
0.80236
0.15387
-0.62651
-1.121
-1.3468
-1.4081
-1.4221
-1.0899
-0.45579
0.36729
0.90448
1.1638
1.2862
1.3552
1.3515
1.1884
0.53476
-0.26523
-0.92183
-1.1754
-1.2333
-1.2323
-1.2649
-1.2006
-0.98335
-0.41413
0.47119
1.1351
1.4474
1.4743
1.1308
0.5006
-0.2119
-0.85237
-1.2555
-1.3546
-1.3284
-1.2902
-1.1092
-0.54289
0.097629
1.5493
-1.1396
