-0.12578
-0.36936
-0.80608
-1.215
-1.3238
-1.4369
-1.2934
-0.93395
-0.026967
1.0262
1.5655
1.0792
0.21497
-0.45258
-1.0697
-1.4099
-1.5516
-1.3858
-0.5654
0.58844
1.302
0.92215
-0.14975
-0.77609
-0.94719
-0.93841
-0.93776
-1.1883
-1.3684
-1.3491
-0.91003
-0.65873
-0.46014
-0.8706
-1.3811
-1.5473
-1.2639
-0.90014
-0.53132
-0.50327
-1.1973
-1.6849
-1.7101
-0.58912
-0.17969
-0.39516
-0.80827
-1.0221
-1.0261
-1.0467
-0.9656
-1.0269
-0.99836
-1.0061
-1.0043
-0.97574
-0.97715
-0.95911
-0.92888
-1.2193
-1.4107
-1.3925
-0.90958
-0.35901
-0.31504
-0.59107
-1.0712
-1.4293
-1.5284
-1.3283
-1.0435
-0.3891
0.59201
0.088598
-0.50639
-0.99947
-1.0208
-0.78532
-0.61089
-0.80222
-1.2343
-1.5124
-1.2089
-0.60113
0.16492
0.90738
1.4785
1.6561
1.4117
0.76864
0.066127
-0.79964
-0.73909
-0.92949
-1.0067
-1.1558
-1.2204
-1.2552
-1.4739
-1.0753
-0.26966
0.54839
0.25395
-0.49831
-1.1879
-1.3971
-1.1638
-0.88736
-0.79031
-0.94015
-1.1191
-1.4245
-1.4237
-1.0284
-0.22007
0.74796
1.3925
1.7488
0.96152
0.41881
-0.48383
-1.3141
-1.8688
-1.2246
-0.42343
-0.29868
-0.77549
-1.0168
-1.3394
-1.2907
-1.284
-1.0019
-1.0474
-0.93336
0.1716
1.195
1.0121
0.23761
-0.53963
-0.99005
-0.99638
-1.0863
-1.1444
-1.3311
-1.2552
-1.0438
-0.69179
0.11839
1.1016
1.4471
1.5325
0.88255
0.17174
-0.49099
-0.95225
-1.1018
-1.1419
-1.106
-1.029
-1.0575
-1.0193
-1.0172
-0.97438
-0.95976
-1.051
-1.0003
-1.0591
-1.076
-1.1526
-1.0659
-1.1277
-0.90782
-0.60006
-0.78281
-1.149
-1.5397
-1.3736
-0.8907
-0.18786
0.62585
0.91148
0.97263
1.0379
1.2596
1.423
1.3788
0.83428
-0.057411
-0.97019
-1.3128
-1.1602
-1.1209
-1.0847
-1.0048
-1.148
-1.156
-0.97064
-0.57357
-0.63181
-0.93081
-1.2203
-1.0561
-0.83134
-0.7357
-0.95533
-1.382
-1.5861
-1.3973
-0.7725
0.058969
1.1914
0
-1.0709
-0.81286
-0.61982
-0.92218
-1.6908
-1.2986
-0.64141
-0.48393
-0.72113
-0.88943
-0.81808
-0.77531
-0.75685
-0.89559
-1.1932
-1.3747
-1.4157
-1.275
-0.82831
-0.19199
-0.28164
-0.759
-1.1449
-1.2742
-1.3324
-1.2183
-1.1388
-0.98547
-0.89188
-0.23299
1.2318
1.4947
1.0292
0.09291
-0.39925
-0.73104
-1.0369
-1.1598
-1.4676
-1.4859
-1.1598
-0.19128
0.99093
1.8618
0.32345
-1.1034
-0.62076
0.27938
-0.056164
-0.71165
-1.137
-1.1975
-1.142
-1.0425
-1.0473
-1.1975
-1.3388
-0.96245
-0.08607
1.0706
1.7896
1.3697
0.54164
-0.32668
-0.74919
-1.0932
-1.1244
-1.0769
-0.95627
-1.0391
-1.3271
-1.4192
-1.1846
-0.52698
0.35989
1.5703
1.789
0.73417
0.10764
-0.62787
-0.41763
-0.57252
-0.79169
-1.1225
-1.4466
-1.4916
-1.3267
-0.97008
0.033004
0.60722
0.75835
0.48484
0.92888
1.5011
1.2948
0.69896
-0.094616
-0.91487
-1.3655
-1.3718
-1.2499
-1.0531
-0.86943
-0.66322
-1.0593
-1.1961
-1.6177
-1.092
-0.57671
0.46341
2.2432
1.4985
0.63633
-0.15776
-0.42642
-0.18313
-0.67661
-0.61661
-0.90953
-1.1721
-1.2027
-1.0491
-0.68593
-0.5839
-0.73103
-1.0597
-1.241
-1.1518
-1.0029
-0.87153
-0.87745
-0.97464
-1.112
-1.0979
-1.077
-1.0518
-1.2469
-1.402
-1.1064
-0.31531
0.74437
0.64343
-0.41549
-1.042
-1.1754
-1.0907
-1.1931
-1.358
-1.0232
-0.36346
0.691
1.744
1.6949
0.83184
-0.14045
-0.85661
-1.245
-1.0318
-0.98359
-0.92967
-0.96838
-0.99848
-0.97597
-1.1321
-1.166
-1.0817
-1.0656
-1.0825
-1.4125
-1.1147
-0.82838
0.077575
0.78541
1.077
0.97517
1.0193
1.0657
1.1771
1.3378
1.2232
0.68135
-0.19027
-0.94448
-1.4261
-1.6156
-1.5175
-0.69853
0.18716
0.82168
1.086
0.86514
0.88396
1.1194
1.2995
0.91498
0.52783
0.82404
1.4294
1.4457
0.78475
-0.33328
-1.5865
-2.0256
-1.0063
0.09114
1.1437
0.74437
0.64447
0.60823
1.0385
1.4225
1.5568
1.2218
0.51268
0
-0.70046
-1.1567
-1.321
-1.439
-1.395
-0.9631
-0.058276
0.72223
1.4718
1.6776
1.2185
0.52546
-0.048028
-0.53219
-1.1474
-1.537
-1.5674
-1.2745
-0.69576
0.21086
1.0792
1.0112
0.72331
0.82073
0.87069
0.83418
0.83355
1.0844
1.2542
1.288
1.1952
0.94508
0.60158
0.71997
1.075
1.4579
1.6003
1.0695
-0.036731
-0.9624
-0.81367
0.40459
1.2535
1.7044
1.3051
0.58476
-0.35497
-1.0813
-1.5653
-1.6567
-1.1436
-0.23611
0.56233
1.1155
1.6724
1.6265
1.0636
0.4159
-0.10163
0.91929
0.93347
0.51471
-0.41412
-1.1609
-1.5084
-1.4567
-1.1964
-0.56433
0.20659
1.4349
1.5945
0.79413
0.063204
-1.2496
-1.657
-1.2409
-0.59293
-0.38655
-0.75802
-1.0965
-1.3968
-1.4455
-1.0331
-0.92847
-1.1031
-1.0366
-0.97131
-0.34773
-0.30422
-1.0148
-0.98092
-0.8915
-0.73075
-0.77065
-1.1814
-1.3218
-1.398
-1.2724
-1.084
-0.39616
-0.18416
-0.39236
-1.053
-1.5376
-1.4471
-1.1458
-0.46897
-0.44382
-0.8695
-1.4952
-1.6085
-1.3924
-0.98286
-0.41088
0.025091
0.31597
0.70256
1.0218
1.3218
1.5185
1.4668
1.044
0.19444
-0.70049
-1.1712
-1.2551
-1.2447
-0.9796
-0.92494
-0.95594
-1.1306
-1.2637
-1.4352
-1.2554
-0.83612
0.076378
0.10079
-0.75144
-0.83929
-0.62253
-0.51514
-0.79195
-1.2221
-1.6923
-1.7098
-0.87363
-0.10861
0.28479
-0.86765
-1.948
-1.4644
-0.22869
0.96577
0.52772
-0.24918
-0.86986
-1.1628
-1.1732
-1.0901
-1.0648
-1.1388
-1.1615
-1.0551
-0.97247
-0.97875
-0.78099
-0.7638
-0.66178
-0.74996
-0.75715
-0.91095
-1.0858
-1.116
-1.0845
-1.0012
-0.95633
-1.0105
-1.1979
-1.4839
-1.3413
-0.90308
0.060801
1.0575
0.81566
-0.41226
-1.2009
-1.0217
-0.55869
-0.60181
-0.81591
-0.95131
-1.0358
-1.0307
-1.0227
-1.1364
-1.2416
-1.2527
-1.0499
-0.77552
-0.57127
-0.52398
-0.80888
-1.0747
-1.1475
-0.99766
-0.92205
-0.91071
-0.93642
-1.0387
-1.0935
-1.1467
-1.1145
-1.1045
-1.0384
-0.93819
-0.87555
-0.99653
-1.1371
-1.2051
-1.4048
-1.1612
-0.29168
0.94718
1.7639
0.7454
-0.53426
-1.736
-0.602
0.74413
1.7477
-0.24526
-0.96466
-1.0984
-0.12227
0.85422
1.5231
1.5879
1.1725
0.6954
0.091246
-0.70291
-1.4497
-1.6894
-1.3256
-0.69802
0.53052
1.3018
1.2154
1.4031
0.9964
0.78124
-0.16173
-0.32418
-1.2971
-1.1537
-1.4959
-1.067
-0.68773
-0.64854
-0.71997
-1.8143
-1.8593
-1.1536
0
-0.20262
-0.60701
-1.2996
-1.4159
-0.88262
-0.14024
0.60662
1.095
1.4545
1.5578
1.1323
0.67246
0.36305
0.88313
1.4218
1.3444
0.7362
0
-0.67845
-1.0037
-1.1841
-1.365
-1.3987
-1.3808
-0.9936
-0.38764
0.63315
1.5419
1.0746
0.084177
-0.62934
-1.0218
-1.2301
-1.321
-1.4515
-1.3344
-0.9211
0.12678
1.2281
1.4393
0.52338
-1.0396
-1.5543
-0.39211
0.75326
0.54219
-0.37509
-0.87916
-1.1139
-1.223
-1.3132
-1.3556
-1.193
-0.65876
0.4848
1.2612
0.55004
-0.42096
-1.2528
-1.1742
-1.0145
-0.48155
-0.58969
-0.88178
-1.3046
-1.6315
-1.4857
-1.0607
-0.03326
1.0163
-0.095367
-1.2179
-1.1341
-0.54211
-0.44234
-0.63515
-0.94133
-1.1027
-0.98383
-0.93824
-1.0494
-1.3067
-1.436
-1.3326
-0.83784
-0.31494
0.12502
-0.54877
-1.1606
-1.7064
-1.6798
-1.1631
-0.13226
1.0313
-0.2567
-0.26406
-0.77849
-0.50683
-0.78904
-0.91852
-0.99932
-1.0742
-0.99687
-0.99814
-1.2488
-1.5628
-1.136
-0.45925
-0.17877
-0.57983
-1.1671
-1.5308
-1.4285
-0.99744
-0.60893
-0.67561
-1.2467
-1.5822
-1.6032
-0.70905
0.41141
0.50201
-0.20839
-1.0938
-1.358
-1.2159
-0.95089
-0.71098
-0.90363
-1.1928
-1.3315
-1.2024
-1.1955
-0.9399
-0.58958
-0.54067
-1.2265
-1.7641
-1.0553
-0.41418
0.61068
1.3472
1.5622
1.0111
0.44255
0.047381
-0.69114
-1.1559
-1.3603
-1.3543
-1.3781
-1.2515
-0.67047
0.14178
0.43051
-0.082731
-1.4025
-1.9253
-1.298
-0.15955
1.125
1.1207
0.42663
-0.32106
-1.1963
-1.5394
-1.5472
-1.1561
-0.42211
0.53774
1.4707
1.4665
1.0839
0.26681
-0.48519
-0.79962
-0.88142
-0.89544
-1.0379
-1.1643
-1.3214
-1.422
-1.2676
-0.67579
0.30101
1.0331
1.6771
1.5158
0.88178
0.32638
0.05641
0.02904
0.4272
0.93461
1.3608
1.6406
1.4135
0.73063
-0.25015
-1.0407
-1.2741
-1.076
-1.0129
-0.989
-0.94749
-1.0454
-0.92443
-0.99469
-1.1941
-1.467
-1.2036
-0.69486
-0.34912
-0.43811
-0.78558
-1.1994
-1.44
-1.4631
-1.2241
-0.95705
-0.27771
0.42487
1.0375
1.2232
1.1401
0.95644
0.81857
0.89777
1.2025
1.5246
1.3694
0.89796
-0.13968
-1.2229
-2.1335
-1.2303
-0.60381
-0.27916
0.56817
0
-0.65778
-1.4291
-1.2557
-1.1397
-0.93928
-0.89577
-1.3262
-1.1917
-0.80214
0.26152
0.85928
1.2978
1.3934
1.1283
1.0403
0.9277
1.2501
0.71829
0.13693
-0.47313
-0.99893
-1.5232
-1.6503
-1.3171
-0.71371
0.021295
0.50869
0.89514
1.0509
1.2545
1.2805
1.186
1.0565
1.2291
1.1986
0.67138
0.5993
0.17014
0.33357
0.79221
0.77675
0.76225
0.95427
1.4525
1.5062
1.0969
0.068748
-1.2888
-1.6418
-1.5003
-0.92932
-0.46413
-0.90201
-0.36694
0.79697
0.89745
0.92894
1.3955
1.3762
0.91253
0.13803
-0.57604
-1.0222
-1.1211
-0.99391
-1.0259
-1.1108
-1.3522
-1.283
-0.97772
-0.1914
1.1031
1.9079
1.1727
0
-1.0875
-1.4815
-1.0726
-0.78939
-0.85805
-1.052
-1.2985
-1.1819
-1.4927
-1.1635
-0.74569
-0.10695
0.17008
-0.15535
-0.53945
-0.99731
-1.2866
-1.3342
-1.0151
-0.70265
-0.60395
-0.71987
-1.158
-1.3603
-1.372
-0.983
-0.82357
-0.72627
-0.99652
-1.4342
-1.5279
-1.1687
-0.13687
0.59076
2.1696
1.4501
0.649
-0.19338
-0.80973
-1.1459
-1.336
-0.83251
-0.90178
-1.3453
-1.4032
-1.0583
0.22676
1.1598
1.9403
1.4217
0.4415
0.58347
0.54117
0.078563
-0.4804
-0.85754
-1.0198
-1.13
-1.1701
-1.151
-1.4126
-1.3541
-0.8998
-0.091564
0.71948
1.2023
1.4823
1.3721
1.1207
0.52048
-0.35843
-1.0251
-1.0892
-1.0957
-1.3011
-1.2978
-1.0946
-0.84447
-0.8448
-1.3325
-0.73893
-0.35506
0.80639
0.66205
0.15059
-0.57351
-1.0525
-1.3274
-1.3774
-1.1589
-1.0064
-0.83158
-0.90461
-0.93707
-1.0669
-1.3364
-1.3405
-0.82618
-0.2726
-0.33576
-0.57188
-0.8884
-1.1263
-1.2431
-1.2599
-1.1617
-1.1459
-0.98342
-1.1431
-1.1285
-0.62564
0.16762
1.2651
0.65837
0.042062
-0.67058
-1.0573
-1.2571
-1.1685
-1.052
-0.97574
-0.94016
-0.92035
-1.0132
-1.0679
-1.0257
-0.98967
-0.79672
-0.76477
-0.89465
-1.1968
-1.4515
-1.4404
-1.1105
-0.35172
0.84237
1.8313
0.85109
-0.15261
-0.54122
-0.85723
-0.86012
-0.96568
-1.1197
-1.2761
-1.2869
-1.1916
-1.1376
-0.94617
-0.69488
-0.77693
-1.4937
-0.31788
0.11186
-0.12595
-0.53731
-0.89229
-1.1138
-1.1921
-1.2211
-1.1357
-1.0768
-1.0431
-1.0609
-1.0272
-1.2219
-0.90392
-0.28709
0.77456
1.434
1.105
0.25403
-0.63216
-1.0353
-1.2276
-1.3867
-1.498
-1.2127
-0.8074
-0.042302
0.40054
-0.46326
-1.2906
-1.4847
-1.3518
-0.70901
-0.6255
-0.59937
-0.93028
-1.3249
-1.346
-0.9869
-0.87749
-0.80004
-1.0717
-0.98762
-0.75192
-0.7512
-0.87937
-1.1054
-1.2281
-1.0795
-0.96801
-1.0411
-1.2058
-1.304
-1.3567
-0.95934
0.2417
0.56534
-0.063305
-0.26685
-0.59581
-0.95424
-1.1564
-1.3033
-1.2841
-1.1658
-1.1191
-0.96091
-0.88559
-0.39342
0.46647
1.3505
1.6973
1.477
0.72949
-0.02356
-0.62161
-0.79486
-0.95331
-1.2655
-1.4708
-1.4525
-1.0632
-0.28297
1.0182
1.5528
0.74146
-0.30005
-1.5673
-1.7676
-0.68686
0.2306
1.3236
1.1692
1.2898
1.204
0.66533
-0.029498
-0.79223
-1.3835
-1.5128
-1.1021
-0.6444
-0.75302
-1.0625
-1.4023
-1.6325
-0.94808
-0.30571
-0.29569
-0.96043
-1.4314
-1.3033
-1.1241
-1.1033
-1.1426
-0.6766
0.14684
1.4259
1.5795
0.34758
-0.65513
-1.0426
-0.98652
-0.95978
-1.0227
-1.2387
-1.5121
-1.4612
-0.93949
-0.053699
0.16525
0.49756
0.6065
1.442
1.5202
0.80969
-0.16828
-1.0585
-1.3601
-1.3342
-1.2441
-1.1213
-0.89049
-0.45577
-0.82572
-0.66648
-0.67709
-0.8811
-1.0971
-1.1929
-1.2721
-1.1789
-0.77288
-0.91163
-1.3011
-1.1979
-0.036361
1.2892
1.5006
0.74872
-0.51383
-1.464
-1.4638
-0.70594
-0.27803
-0.51535
-0.89129
-1.3445
-1.5952
-1.5187
-0.92531
-0.32366
0.7759
1.7302
0.68071
0.31928
-0.27739
-0.54504
-1.1231
-1.2516
-1.0407
-1.0663
-1.339
-1.3406
-0.69038
0.085417
1.2297
1.9181
1.5598
1.0818
0.28692
0.45352
0.38777
-0.10727
-0.47305
-0.84391
-1.1226
-1.2307
-1.2436
-1.3619
-1.3286
-1.0431
-0.41166
0.055731
0.2769
-0.34047
-1.1159
-1.4286
-1.2225
-1.0409
-0.77045
-0.85899
-0.81935
-1.0279
-1.0346
-1.1241
-1.2692
-1.4096
-1.1704
-0.8552
-0.64496
-0.61247
-0.36701
-0.96352
-1.4836
-0.99232
0.73791
0.35766
-0.2955
-1.0158
-1.3598
-1.1209
-0.84722
-0.74195
-1.0002
-1.2839
-1.3195
-1.1506
-0.60986
-0.51629
-0.75052
-1.0376
-1.1608
-1.1356
-1.2035
-1.1498
-1.1742
-1.0696
-1.0274
-0.78623
-0.22394
-0.69558
-0.99543
-1.1763
-1.0631
-1.029
-0.90196
-0.84784
-0.94277
-1.2073
-1.3793
-1.3986
-1.2557
-0.56173
0.23816
0.79323
1.331
1.2359
0.86507
0.04573
-0.70318
-1.1234
-1.4212
-1.2661
-1.129
-1.0873
-1.1466
-0.96295
-0.64254
0.29436
1.1004
1.8224
1.6804
0.76366
0.11936
-0.44799
-0.90503
-0.86259
-0.91802
-1.0986
-1.3292
-1.2481
-0.96884
-0.92236
-1.1273
-1.0467
-0.52491
0.50806
1.695
1.7002
0.84439
-0.118
-0.66242
-1.0966
-1.0521
-1.0143
-0.96433
-1.0687
-1.0872
-1.1921
-1.444
-1.2433
-0.53256
0.3253
0.86104
1.0396
1.1141
1.1672
1.3989
1.2444
0.92399
0.02671
-0.41173
-0.6995
-1.0512
-1.4383
-1.5145
-1.2732
-0.61154
0.39451
1.3651
1.7601
1.2126
0.55473
-0.51973
-1.278
-0.25256
1.123
1.2852
0.54367
-0.59643
-1.3808
-1.9474
-1.1973
-0.77003
-0.33722
-1.1754
-1.3566
-0.49935
0.2157
0.5636
0.57455
0.76683
1.0026
1.2549
1.2557
1.1718
1.2899
1.14
0.45282
-0.22902
-0.56891
-0.95621
-0.99056
-1.1126
-1.2677
-1.381
-1.3105
-0.85948
-0.2847
0.47833
1.2142
1.6426
1.1554
0.40512
-0.36147
-1.0011
-1.237
-1.2332
-1.1043
-1.0669
-1.0516
-1.1195
-1.2137
-0.99394
-0.38638
0.49969
1.311
1.6113
1.0669
0.12436
-0.85481
-1.3663
-1.2451
-0.96051
-0.81826
-1.0033
-1.284
-1.4489
-1.2235
-0.83657
-0.39201
0.54534
1.5472
1.6989
0.88672
-0.15822
-1.2362
-1.2365
-0.24117
0.49747
1.0645
1.3095
1.3001
1.0564
0.78688
0.84586
1.0299
1.3251
1.4562
1.3069
0.83188
0
-1.0631
-1.5299
-1.6317
-1.0668
-0.52916
-0.46503
-0.04019
0.62117
1.4358
1.681
1.1942
0.31154
-0.83436
-1.8605
-1.1623
-0.3063
0.43071
0.87899
1.2287
1.3851
1.4886
1.423
0.92062
0.22459
-0.10754
-0.239
-0.78615
-1.2941
-1.1929
-1.0665
-1.2049
-1.1236
-0.63414
0.20798
0.87366
1.566
1.6098
1.2652
0.88958
0.056031
-0.69751
-1.2592
-1.4573
-1.3984
-1.1323
-0.32051
0.29511
0.50181
0.82221
0.99077
1.22
1.3052
1.3321
1.2006
0.95524
0.3315
-0.24422
-0.82223
-1.0864
-1.0414
-0.93699
-0.98018
-1.0487
-1.1787
-1.3291
-1.3752
-1.0961
-0.65379
0.168
0.8718
1.4675
1.4315
1.2882
0.98769
0.34487
-0.91807
-1.3602
-0.17161
0.47813
1.5494
1.7623
1.2504
0.78447
0.53354
0.48327
0.073862
-0.4568
-0.85592
-1.1288
-1.2548
-1.2852
-1.233
-1.2048
-1.0561
-0.86825
-0.69904
-0.46877
0.45633
1.3446
1.5222
1.0438
0.59395
0
-0.91673
-1.0218
-1.0862
-1.1897
-1.1564
-1.1475
-1.2504
-1.1625
-0.72799
-0.083766
0.58415
1.0289
1.3834
1.5417
1.32
0.89651
0.10915
-0.63512
-1.0912
-1.1002
-1.1466
-1.0068
-0.81059
-0.86268
-1.1046
-1.2088
-1.0606
-0.97209
-0.90106
-0.91571
-0.96949
-1.0686
-1.2737
-1.2535
-1.3065
-1.1154
-0.69999
-0.49936
-0.80113
-0.95062
-0.37093
0.58129
1.122
0.80143
0.12986
-0.47866
-0.81058
-1.0246
-1.1447
-1.163
-1.0417
-0.91066
-0.95311
-1.0616
-1.2755
-1.4453
-1.4093
-0.83711
-0.042221
0.25388
0.10448
-0.44776
-0.95405
-1.3296
-1.5711
-1.4675
-1.147
-0.18445
0.17024
-0.73428
-1.0332
-0.82879
-0.68372
-0.76252
-0.89433
-1.3241
-1.4886
-1.2267
-0.7358
-0.55215
-1.0832
-1.6022
-1.8387
-0.64602
0.15088
0.85237
0.042099
-0.62933
-0.81216
-0.902
-1.0074
-1.0685
-1.098
-1.1957
-1.3161
-1.2142
-0.90199
-0.66311
-0.70492
-0.91734
-1.2232
-1.4287
-1.3786
-1.1748
-0.54422
0.33502
1.5271
1.2347
0.32992
-0.3133
-0.91877
-1.2982
-1.5914
-1.3739
-0.8605
-0.018991
0.8201
1.2768
1.0914
0.88592
1.007
1.1079
1.3057
0.98986
0.29303
-0.50725
-1.0659
-1.3891
-1.4856
-1.3007
-0.93011
-0.57624
-0.58705
-0.92553
-1.3078
-1.5457
-1.4601
-0.97856
-0.36756
0.090471
0.96682
0.21587
-0.44147
-1.0117
-1.1144
-0.94673
-0.83325
-0.6552
-0.82999
-1.1357
-1.4165
-1.4496
-1.2946
-0.91105
-0.070936
1.0894
1.5203
-0.21801
-0.5859
-1.5562
-1.1338
-0.77428
0.10613
0.6267
1.6632
1.6084
0.93791
0.058924
-0.84562
-1.1363
-0.98942
-0.6361
-0.58375
-0.85924
-1.1848
-1.4142
-1.395
-1.3234
-0.91534
-0.28255
0.48995
1.2385
1.2074
0.5415
-0.26175
-1.1228
-1.5182
-1.7493
-1.1756
-0.38595
0.44829
0.4007
0.61985
0.94301
1.3354
1.4393
1.0289
0.2998
-0.52969
-0.90825
-1.0948
-1.1319
-1.1341
-1.1154
-1.1914
-1.3664
-1.1143
-0.52915
0.24776
0.93306
1.3351
1.3778
1.4424
1.2164
0.66306
0
-0.65945
-0.81343
-0.97662
-1.1621
-1.2198
-1.3881
-1.3452
-0.92077
0.069255
0.98357
1.3233
1.6566
1.1002
0.21281
-0.52246
-0.72462
-1.0262
-1.0208
-1.1552
-1.2235
-1.2919
-1.2595
-0.80915
0
1.1738
1.5391
0.81908
-0.17731
-0.99748
-1.1037
-1.0568
-1.0199
-1.0195
-1.2327
-1.4109
-1.2784
-0.91075
-0.56895
-0.39353
-0.13987
0.49849
1.1355
1.689
1.5746
1.0396
0.17995
-0.62415
-1.0274
-1.1358
-1.1759
-1.2941
-1.3952
-1.13
-0.37063
0.59387
1.2998
1.5686
1.5112
0.9955
0.3463
-0.19721
-0.84508
-1.0927
-1.1166
-1.1169
-1.1179
-1.1864
-1.1419
-1.2602
-1.1455
-0.67698
-0.43466
-0.58172
-1.398
-1.2165
-0.88303
-0.55812
-0.47589
-0.83693
-1.0083
-1.0963
-1.1202
-1.1734
-1.2308
-1.2173
-1.2012
-0.9746
-0.5224
0.27623
0.8028
1.2381
1.5038
1.3364
0.68104
-0.096003
-0.85596
-1.4621
-1.6081
-1.4062
-0.69573
-0.030779
0.70461
0.99457
0.96149
1.0889
1.2564
1.3567
1.0696
0.68371
-0.18769
-0.87405
-1.2388
-1.199
-1.0059
-0.88962
-0.88417
-1.1012
-1.2703
-1.3926
-1.3265
-0.98402
-0.75575
0
-0.054733
0.50246
1.1557
1.6623
1.2824
0.41401
-0.36318
-1.5564
-1.9186
-0.018844
-0.53958
-1.2007
-1.4889
-1.2577
-0.96745
-0.6315
-0.72399
-1.1031
-1.2973
-1.2593
-0.99028
-0.88829
-0.96185
-0.77486
-0.66007
-0.79577
-0.87895
-1.1249
-1.2925
-1.2543
-0.94635
-0.71818
-0.69197
-0.92819
-1.1302
-1.4051
-1.4196
-1.084
-0.32543
0.36443
1.0411
1.3646
1.4749
1.3179
0.70917
-0.093517
-0.83843
-1.0018
-0.96817
-1.0053
-1.0735
-1.1468
-1.1589
-1.166
-0.98879
-0.97495
-1.0546
-1.3238
-1.0379
-0.76608
-0.73773
-0.61913
-1.036
-0.98926
-1.0739
-0.99988
-1.1422
-1.2791
-1.3609
-1.0075
-0.39739
0.97917
1.8523
0.41743
-0.70282
-0.67409
-0.5775
-0.59993
-0.78171
-0.96168
-1.2668
-1.4201
-1.3997
-0.90099
-0.52628
-0.52159
-1.0718
-1.76
-1.8277
-1.1262
0.059728
0
-0.24109
-0.53474
-0.81899
-0.88769
-1.0707
-1.2334
-1.3684
-1.3328
-1.197
-0.94408
-0.80196
0.43269
0.14179
-0.794
-1.0248
0.20189
0.86146
0.18563
-0.34049
-1.0976
-1.6137
-1.5394
-1.1481
-0.36232
0.40917
1.1537
1.3909
1.2171
1.2094
1.0519
0.99899
0.89672
0.55373
-0.17637
-0.70912
-0.93656
-1.0866
-1.2324
-1.3707
-1.3074
-1.0472
-0.48521
0.258
0.75869
0.97792
1.0185
1.2026
1.3027
1.3492
1.2155
0.74239
0.10789
-0.44821
-0.85889
-1.2826
-1.4641
-1.5124
-1.1514
-0.57192
0.14695
0.86898
1.1753
1.3244
1.4703
1.2466
0.67505
-0.054729
-0.84235
-1.3178
-1.4492
-1.4368
-1.1727
-1.0013
-0.36881
0
-0.50602
-0.70009
-0.75388
-0.82737
-0.91781
-1.03
-1.0851
-1.0571
-0.9969
-1.0156
-1.1048
-1.233
-1.0676
-1.0107
-0.69287
-0.77521
-0.85212
-1.1493
-1.5239
-1.4349
-1.0297
-0.47901
-0.33627
-0.63932
-1.0695
-1.1736
-1.1262
-0.99184
-0.90359
-0.90954
-0.92605
-0.99181
-1.007
-0.90358
-0.98583
-1.131
-1.2879
-1.3424
-1.2219
-0.8374
-0.10846
0.56072
1.2943
1.5926
1.3524
0.42085
-0.37907
-0.82739
-0.97839
-1.1356
-1.2966
-1.3451
-1.3117
-1.1286
-0.61966
-0.2017
-0.53557
-1.1253
-0.85275
-0.59842
-0.44791
-0.51207
-0.67078
-0.85248
-0.96449
-1.0978
-1.2239
-1.2877
-1.3359
-1.1255
-0.67426
0.12313
0.8756
1.235
1.2184
1.2146
1.2397
1.1302
0.88458
0.10904
-0.84321
-1.5364
-1.6017
-1.2691
-0.75418
-0.086987
0.63964
1.0638
1.2021
1.2308
1.1044
0.9785
1.0371
1.0233
1.0343
0.95329
1.1432
1.2306
1.2213
1.1999
0.58356
-0.055554
-1.1646
-1.3635
-1.2515
-0.15588
0.93395
1.7669
1.2625
0.56275
-0.43561
-1.8323
-1.7122
-0.71665
0.26791
-0.20227
-1.1405
-1.2373
-1.4861
-0.44963
0.43402
1.0378
1.0353
1.0654
1.0513
0.85791
0.77767
0.95648
1.0757
1.1242
1.0292
1.1264
1.1904
1.1675
0.74087
-0.16027
-0.94591
-1.4056
-1.3362
-1.1693
-0.94861
-0.83453
-1.0584
-1.281
-1.3431
-0.74507
-0.030993
0.64775
1.4197
1.657
1.2598
0.79765
-0.022161
-0.83035
-1.4081
-1.4754
-1.3172
-1.0083
-0.54044
-0.77106
-1.1344
-1.1375
-0.25224
0.48684
1.1888
1.6242
1.5723
1.1935
0.2293
-0.75259
-2.2916
-0.96871
-0.085822
0.17329
0.23294
0.47401
0.90554
1.1701
1.4483
1.488
1.1249
0.69763
0.51581
1.3443
1.1778
0.31317
-0.47826
-0.88364
-1.0912
-1.2739
-1.3739
-1.4677
-1.1555
-0.38494
0.27915
-0.13757
-0.51078
-0.90809
-1.0216
-0.98525
-0.90667
-0.9095
-1.044
-1.1358
-1.0778
-0.94489
0.68322
1.1341
1.4241
1.4005
1.0516
0.34385
-0.43532
-0.92251
-1.0849
-1.1598
-1.1401
-1.0941
-1.0836
-1.1048
-1.1832
-1.2347
-1.0989
-0.58979
0.9008
1.2688
0
-1.2101
-1.6284
-0.54201
0.34723
1.1205
1.3452
1.2708
0.74281
-0.086774
-0.75585
-1.1152
-1.1599
-1.1698
-1.0595
-0.98417
-0.93861
-0.95169
-0.98873
-0.97981
-1.1341
-1.2626
-1.4105
-1.1513
-0.7689
-0.1974
-0.3411
-0.76949
-0.98629
-1.073
-1.0361
-1.0606
-0.9822
-0.96517
-1.0056
-1.0392
-1.0278
-1.0798
-1.0599
-1.0069
-1.0534
-1.2732
-1.4132
-1.1647
-0.258
0.54381
1.9436
1.7024
0.95394
0
-0.078492
-0.47041
-0.89375
-0.9895
-1.1829
-1.3631
-1.4323
-1.1353
-0.80579
-0.45404
-0.47036
-0.80151
-1.0664
-1.3621
-1.3525
-1.2463
-0.85036
-0.49638
-0.54999
-0.77908
-1.0808
-1.212
-1.2942
-1.3119
-1.2153
-1.083
-0.89584
-0.38861
0.13387
0.52207
0.9249
1.3017
1.4137
1.4453
1.2237
0.83967
0.063546
-1.2793
-1.8385
-0.20077
0.5947
0.59998
0.036318
-0.82053
-0.95698
-1.1366
-1.1197
-1.0896
-0.96334
-0.98814
-1.0818
-1.1605
-1.054
-0.92824
-1.1499
-1.0241
-0.84865
-0.81617
-0.76365
-0.87227
-1.0644
-1.081
-0.94677
-0.92445
-0.94119
-1.1904
-1.3381
-1.3772
-1.0032
-0.30829
0.31311
0.82834
1.0784
1.4254
1.5332
1.2904
0.67276
-0.071284
-0.88413
-1.533
-1.2271
-1.2069
-1.3025
-1.1284
-0.84798
-0.36412
0.7496
0.16436
-0.83453
-0.29576
0.99587
1.5017
1.6306
0.92791
1.1286
0.41921
0.65534
1.298
0.79895
-0.058373
-0.90203
-1.2231
-1.1566
-1.212
-1.207
-1.0908
-0.3568
0.44718
1.0744
1.0692
0.95879
1.1199
1.4311
1.3714
1.2245
0.39358
-0.71487
-0.26718
1.0042
0.85797
0.14643
-0.60113
-1.5092
-1.7276
-1.1981
-0.26909
0.64273
1.1703
1.247
1.1274
1.1187
1.1951
1.1134
0.58603
-0.26294
-0.90143
-1.1732
-1.1005
-1.108
-1.0271
-1.1752
-1.2531
-1.2369
-0.91176
-0.75852
-0.98479
-1.1961
-0.86811
-0.49632
-0.2949
-0.64699
-0.9333
-0.98523
-0.95805
-1.0519
-1.3018
-1.4629
-1.3431
-0.917
-0.18387
0.23266
-0.63255
-1.4154
-1.7404
-1.4887
-0.94591
-0.22563
0.33969
-0.67273
-1.5069
-1.1591
-0.30507
0.45531
1.089
1.263
1.2449
1.3034
1.3181
1.0982
0.51243
-0.60013
-1.1912
-0.64014
0.79613
1.9647
1.3883
-0.2186
-0.39882
0.22528
1.4805
1.6558
1.0639
-0.054523
-0.90427
-1.0046
-0.89948
-0.68641
-0.81555
-0.90977
-1.0742
-1.2489
-1.347
-1.3414
-1.0414
-0.43163
0.50682
1.1873
1.3645
1.3801
1.2781
1.0605
0.46436
-0.025108
-1.0354
-1.344
-1.4231
-1.3736
-1.2595
-0.40825
0.56604
1.3181
1.3243
1.1278
0.85947
0.15623
-0.57974
-0.94737
-1.3042
-1.4195
-1.2299
-0.8804
-0.22358
0.66219
1.6212
1.6711
0.99549
0.15048
-0.57229
-1.2384
-1.4567
-1.6127
-1.3053
-0.79806
0
0.53519
0.54971
0.96823
1.1897
1.0239
0.81745
0.66369
0.62286
0.87318
1.2224
1.5133
1.4428
0.85304
0
-0.82442
-1.2104
-1.1831
-1.1161
-1.1109
-1.0974
-0.96862
-0.94401
-1.0221
-1.1064
-1.2319
-0.93718
-0.62872
-0.47582
-0.79015
-1.1252
-1.2551
-1.2027
-1.1622
-1.1704
-1.0964
-1.0015
-0.20026
0.78647
1.5555
1.2907
1.0393
1.2131
0.71549
0.19571
-0.46779
-0.89879
-1.1816
-1.3751
-1.3761
-1.166
-0.41798
0.52389
1.7322
1.5931
0.92472
-0.020098
-0.93804
-1.3177
-1.3401
-1.0597
-0.93987
-0.70474
-0.83819
-1.0693
-1.0411
-0.968
-0.89877
-1.0686
-1.2683
-1.273
-1.0549
-0.74791
-0.52235
-0.67962
-0.98638
-1.1884
-1.4022
-1.3411
-1.2647
-0.71117
-0.39712
-0.36186
-0.49514
-0.82102
-1.1324
-1.3256
-1.2736
-1.1557
-0.79837
-0.55979
-0.67942
-1.0051
-1.1837
-1.2131
-1.1845
-1.1802
-1.2334
-1.2017
-0.80127
-0.041108
0.86009
0.14741
-0.66652
-1.1613
-1.3457
-1.3184
-1.3116
-1.0858
-0.93293
-0.3116
0.72832
0.46627
-0.093551
-0.60065
-1.0642
-1.2915
-1.3226
-1.1942
-0.94303
-0.85237
-0.86422
-1.0344
-1.3014
-1.4828
-1.3718
-0.86638
-0.059879
0.82483
1.2023
1.1573
1.1609
1.3765
1.3481
0.77725
0.12666
-0.53723
-0.99341
-1.132
-1.1236
-1.0808
-1.1252
-1.1971
-1.2617
-1.3848
-0.99201
-0.29417
0.17371
0.094693
0.26796
0.80822
1.4068
1.4911
0.97789
0.072003
-0.72709
-1.2527
-1.349
-1.1984
-0.98385
-0.97064
-1.016
-1.3563
-1.3249
-0.7547
-0.43809
0.34673
1.3498
1.5578
1.3287
0.51856
-0.25943
-0.99602
-1.3193
-1.3429
-1.4563
-1.1731
-0.65471
-0.33536
-0.37756
-0.66426
-1.1526
-1.8029
-1.7586
-0.92293
-0.033958
-0.090151
-0.53172
-0.93643
-1.2091
-1.4785
-1.4379
-1.2559
-0.91084
-0.1656
-0.30374
-0.23612
0.66148
1.8524
1.1118
0.19156
-0.40367
-0.89349
-1.0026
-1.2063
-1.2371
-1.1721
-1.0433
-0.8782
-1.039
-1.3247
-1.0648
-0.053672
0.65895
1.1314
1.1732
1.0679
0.93942
0.95557
1.1153
1.2939
1.3867
1.0971
0.47364
-0.21262
-0.65313
-0.93482
-1.0994
-1.1434
-1.1068
-1.0725
-1.0105
-0.9888
-0.94539
-0.98296
-0.99794
-0.94843
-0.99481
-1.0853
-1.2701
-1.3388
-1.3401
-1.0342
-0.28936
0
-0.4392
-1.1211
-1.3038
-1.461
-1.4563
-1.1648
-0.43615
0.16824
0.38862
-0.35168
-1.2442
-1.6139
-1.3358
-0.8142
-0.52609
-0.53354
-0.86229
-1.1177
-1.2935
-1.3706
-1.3274
-1.2164
-0.459
0.12705
1.785
1.9468
0.56338
-0.04347
0.12708
1.0023
1.7475
1.6041
0.82568
-0.094905
-0.70552
-1.1937
-1.2174
-1.5182
-1.4051
-1.2391
-0.32138
0
0.36021
0.48996
0.80649
0.84651
1.0652
1.2757
1.3792
1.3206
0.87753
0.086411
-0.83752
-1.3871
-1.4062
-1.3163
-0.9633
-0.96107
-1.0243
-1.2209
-0.72413
0.73507
1.2842
1.3204
0.22924
-0.61986
-0.9243
-1.1694
-1.0628
-1.142
-1.0908
-0.5926
-0.43676
-0.59291
-0.78446
-1.0798
-1.3078
-1.3634
-1.1335
-0.93538
-1.024
-1.1811
-1.0691
-0.34296
0.26546
0.79059
0.99337
1.054
1.1223
1.182
1.263
1.3214
1.1862
0.76865
0
-0.53324
-0.78988
-0.853
-1.063
-1.2408
-1.5357
-1.4111
-0.76378
0.25224
0.83027
0.61579
0.62943
0.8529
1.3691
1.5918
1.1094
0.33419
-0.719
-1.3086
-1.4649
-1.2551
-0.97304
-1.0399
-0.96404
-1.2892
-0.62906
-0.10999
0.33669
0.81334
0.81655
0.95899
1.2862
1.5988
1.3841
0.69553
-0.17389
-1.2466
-1.6902
-0.85734
-0.33328
-0.49034
-0.59293
-0.97393
-1.2912
-1.5324
-1.398
-1.0002
-0.39506
0.767
1.0383
0.37898
-0.96975
-1.3588
-1.2036
-0.88473
-0.86403
-1.0053
-1.1681
-0.99023
-0.5396
-0.6698
-0.99424
-1.0619
-1.1696
-1.1123
-1.1177
-1.2952
-1.3242
-1.1186
-0.37682
0.29056
-0.79931
-1.5138
-1.3956
-0.90653
-0.60752
-0.61183
-0.65737
-0.86325
-1.1019
-1.1214
-1.0298
-1.1997
-1.4181
-1.1612
-0.67387
0.1318
1.4984
1.8164
0.97868
-0.1519
-1.1552
-1.3162
-0.33274
0.67808
1.619
1.4441
0.60199
-0.23849
-0.93811
-1.244
-1.2086
-1.1564
-1.0832
-0.95927
-1.0104
-1.2372
-1.4207
-1.1441
-0.77478
-0.21703
0.71189
0.50912
0
-0.68821
-1.4007
-1.5589
-1.3534
-0.72297
-0.55601
-0.81816
-1.1777
-1.2638
-1.0701
-0.83412
-0.63841
-0.63394
-0.934
-1.1725
-1.3105
-1.3954
-1.3676
-1.1655
-0.5611
0.23156
0.80883
1.0068
0.87811
0.98623
1.443
1.4013
0.9255
0.13616
-0.53399
-1.0445
-1.163
-1.1189
-1.1088
-1.2319
-1.327
-1.031
-0.5311
0.32256
0.93578
1.2639
1.2527
1.2877
1.2985
1.1289
0.5623
-0.11247
-0.79181
-1.1719
-1.2971
-1.3133
-1.2259
-0.83637
-0.14498
0.60324
0.98198
1.1694
1.1928
1.2182
1.3141
1.2148
0.7986
-0.065411
-0.67161
-1.1462
-1.362
-1.4994
-1.3159
-0.96798
-0.46456
0.34498
0.67766
0.95069
1.2804
1.589
1.4302
0.90742
0.17604
-0.30954
-0.61589
-1.0997
-1.3536
-1.5524
-1.5841
-0.8777
-0.030637
0
-0.5819
-1.1246
-1.4766
-1.3969
-1.1479
-0.88084
-0.67735
-0.71746
-0.76314
-1.0142
-1.2159
-1.424
-1.2365
-0.95445
-0.096496
0.73217
1.1379
1.5038
1.3914
0.79633
0.026103
-0.59164
-1.0159
-1.2377
-1.3582
-1.3123
-1.1459
-0.97487
-0.83734
-0.83551
-1.0186
-0.88223
-0.59466
-0.34512
-0.54226
-0.67851
-0.7745
-0.91317
-1.0646
-1.1879
-1.2155
-1.1805
-1.0709
-1.0779
-1.1856
-1.2207
-0.66249
0.14535
1.1396
1.2684
0.52475
-0.20193
-0.75262
-1.0127
-1.0696
-1.1018
-1.1083
-1.1899
-1.3399
-1.3214
-0.83895
-0.12488
0.6925
1.3117
1.4283
1.1856
1.0399
1.0204
1.0917
1.1604
0.52037
-0.19276
-1.823
-1.99
-1.0294
-0.51143
-0.053807
-0.17255
-0.66466
-1.0318
-1.3693
-1.3758
-1.451
-1.0941
-0.27418
0.5361
1.3481
1.5956
1.6631
0.68031
0.1338
0.71829
1.388
0.38151
-0.23311
-0.52842
-0.85474
-0.87904
-0.85175
-0.89078
-1.0003
-1.0012
-1.0152
-1.142
-1.3285
-1.4248
-1.2219
-0.79314
0.13368
1.0638
1.6348
1.6202
1.1985
0.55871
-0.03861
-0.45881
-0.73052
-1.0031
-1.1795
-1.3659
-1.3645
-0.94172
-0.060989
0.68784
1.2169
1.3664
1.4049
1.0209
0.42358
-0.29809
-0.96446
-1.3449
-1.3959
-1.2188
-0.99808
-0.86941
-0.9366
-1.2639
-1.6152
-1.232
0
0.35406
-0.20675
-0.54783
-0.91102
-1.0706
-1.1433
-1.1136
-1.0869
-0.94647
-0.94581
-1.0281
-1.1766
-1.1458
-1.0034
-0.99561
-0.92587
-1.0218
-1.2753
-1.7113
-1.0436
-0.068853
0
-0.56346
-1.0138
-1.2853
-1.2175
-0.97253
-0.89676
-1.0449
-1.3088
-1.4447
-1.1899
-0.60839
0.54676
0.92879
0.15357
-0.66999
-0.99071
-1.1433
-1.1025
-1.048
-1.1556
-1.2464
-1.3204
-1.1086
-0.81586
-0.41905
0.58738
1.7304
1.2214
0.44215
0.035641
-0.52842
-0.91012
-1.1299
-1.3368
-1.4542
-1.3991
-0.89663
-0.51891
0.12714
0.59021
0.71317
1.0782
1.3164
1.5385
1.1018
0.1898
-0.45685
-1.0212
-1.3171
-1.5517
-1.3769
-0.88737
-0.02035
0.92654
1.4616
1.1183
0.91239
1.0561
1.1284
1.3153
0.9194
0.40631
-0.31594
-0.81271
-1.183
-1.3917
-1.3774
-1.1842
-0.86379
-0.60569
-0.45113
-0.58273
-0.84782
-1.0496
-1.1932
-1.1987
-1.1179
-0.95573
-0.93518
-1.0605
-1.157
-1.1973
-1.0465
-1.1553
-0.67901
-0.74714
-0.8528
-1.4732
-1.606
-1.0608
-0.23289
0.89374
1.3376
1.09
1.2142
1.3197
0.42726
-0.14333
-0.68595
-0.94507
-1.1602
-1.2872
-1.3115
-1.278
-0.89704
-0.62184
-0.53583
-0.82052
-1.1645
-1.013
-1.0331
-1.2219
-1.2462
-1.1848
-0.56389
0.7071
1.8147
0.94073
0.11693
-0.78923
-1.5345
-1.5463
-0.69377
0.58532
1.304
0.61675
0.57777
0.787
1.1196
1.4008
1.3908
1.1889
0.62548
0.22637
-0.65972
-1.0412
-1.2537
-1.2522
-1.2552
-1.1719
-1.1381
-0.8079
-0.61681
0.25513
1.0146
1.7651
1.536
0.89929
0.20305
0.51457
1.4441
1.365
0.53832
-0.3157
-0.84879
-1.2871
-1.3241
-1.2613
-1.2131
-1.0517
-0.86141
-0.47854
-0.67749
-0.65196
-0.70063
-0.78753
-1.0023
-1.1764
-1.2913
-1.4342
-1.3
-0.77544
0.026251
1.1338
1.9532
1.7185
0.88414
0.22197
0.16106
0.085419
-0.32725
-0.7135
-1.0733
-1.3361
-1.4051
-1.2605
-1.0582
-1.0054
-0.85215
-0.73769
-0.198
-0.16964
-0.37203
-0.74796
-0.9516
-1.0099
-1.0872
-1.1748
-1.3117
-1.3627
-1.2478
-0.91812
0
0
-0.75387
-1.2161
-1.0943
-0.796
-0.71457
-0.75195
-1.0433
-1.223
-1.3311
-1.206
-1.0727
-0.99705
-0.89242
-1.0192
-1.0028
-0.62327
0.11279
0.71475
1.4001
1.5601
1.0149
0.19696
-0.63473
-1.1493
-1.3489
-1.3017
-1.1534
-0.99521
-0.93204
-0.90544
-0.98513
-1.3116
-1.4583
-1.1162
-0.58674
-0.10517
-0.21604
-0.51194
-0.81837
-1.0162
-1.2358
-1.413
-1.4561
-1.0047
-0.16528
0.64219
1.2576
1.3376
1.2884
1.2636
1.0711
0.49929
-0.22047
-0.82575
-1.0923
-1.1146
-1.2574
-1.1408
-1.2634
-1.2274
-0.80748
0.06347
1.5551
1.7081
1.0547
-0.039667
-1.2024
-1.5656
-1.1367
-0.8788
-1.814
-0.88084
-0.40344
0.10092
-0.47972
-1.0155
-1.1522
-1.0945
-0.85127
-0.85306
-0.78726
-0.84867
-0.95441
-1.1973
-1.155
-1.1419
-1.1666
-1.3255
-0.87822
0.41328
0.7704
0.26488
-0.6289
-1.3492
-1.3985
-1.0892
-0.70557
-0.74589
-0.9587
-1.1129
-1.1888
-1.3025
-1.4026
-1.2929
-0.7205
0.21352
1.0642
0.32968
-0.56122
-1.2013
-1.6036
-1.5668
-1.2766
-0.49732
0.28545
-1.2263
-0.60874
-0.25463
0.3905
0.92004
1.1944
0.64557
-0.22677
-0.85763
-1.3143
-1.5346
-1.486
-1.1371
-0.74704
-0.1937
0.62403
0
-0.74637
-1.0477
-0.94266
-0.95696
-1.1637
-1.3246
-1.2649
-0.68083
0.10748
1.2618
1.7533
1.2881
0.51875
-0.55459
-1.5434
-1.6901
-1.0678
-0.32974
0.36525
0.98476
0.96773
0.89498
0.92943
1.1414
1.2602
1.2645
1.0571
0.90621
0.93917
1.2458
1.4181
0.79001
-0.51983
-0.98129
0
0.77862
1.4963
1.7568
1.2142
0.7994
0.035784
-0.63616
-1.572
-1.4869
-1.222
-1.0479
-1.0686
-0.69239
-0.15748
0.30699
1.3095
1.5655
1.0011
0.20275
-0.46001
-0.86147
-1.133
-1.1756
-1.1923
-1.2391
-1.3039
-1.08
-0.53437
0.35829
1.419
1.8879
1.2766
0.5722
-0.04944
-0.55012
-0.95609
-0.9455
-0.91595
-0.81635
-0.84336
-0.99339
-1.1973
-1.3409
-1.3144
-1.164
-0.90355
-0.59417
-0.63132
-1.0996
-1.5809
-1.4261
-0.87639
-0.37777
0.11138
0.89661
1.2076
1.4881
1.5491
1.0357
0.16223
-0.65958
-0.8002
-0.97031
-1.0192
-1.2689
-1.4467
-1.3552
-0.72674
0.44764
1.709
0.7066
0
-0.55831
-0.77522
-0.71822
-0.76909
-1.0014
-1.1569
-1.2554
-1.2307
-1.2549
-1.0146
-1.1173
-1.0032
-0.51167
-0.26385
-0.18187
-0.96255
-1.0641
-1.2772
-1.3761
-1.2986
-0.52683
0.17885
1.1167
1.8692
1.588
1.0879
0.32249
0.27809
1.0315
1.0283
0.21328
-0.77431
-1.725
-1.8325
-1.082
-0.052734
0.59862
0.049471
-1.4084
-1.8433
-1.4768
0.10237
1.4207
1.6338
0.72578
0.1007
-0.51016
-0.4874
-0.66157
-1.3269
-1.5891
-1.1184
-0.22608
0.81778
1.6962
1.5803
0.56679
-0.58598
-1.1537
-1.1334
-0.905
-0.84141
-1.2046
-1.4063
-1.1177
-0.30894
0.50873
1.2006
1.7552
1.4232
0.63827
-0.28752
-0.78414
-0.98104
-0.89826
-0.8498
-1.0271
-1.2524
-1.4799
-1.2873
-0.60333
0.31469
1.6447
1.3798
0.38496
-0.43688
-0.8628
-0.9158
-0.97654
-1.0529
-1.2226
-1.3332
-1.3489
-1.0341
-0.48514
0.20397
0.97434
1.4924
1.4923
1.1288
0.44826
-0.39602
-1.1649
-1.3931
-1.3672
-1.2291
-1.1637
-0.81964
-0.53158
0.36767
1.4452
1.7986
1.1286
0.26458
-0.10651
-0.63199
-0.84164
-1.0977
-1.3673
-1.5233
-1.3063
-0.55094
0.30871
1.0968
1.3772
1.217
1.1316
1.0858
0.41311
-0.41697
-1.2602
-1.3642
-1.0321
-0.87579
-0.8772
-1.1738
-1.484
-1.272
-0.76496
0.23158
1.029
1.7946
1.4148
0.67131
0.609
1.1803
1.335
0.46648
-0.096681
-1.0278
-1.5447
-1.8323
-1.3099
-0.63244
0.094724
0.042482
-0.88143
-1.7002
-1.9176
-0.95569
-0.041137
1.1895
1.0435
0.198
-0.50037
-0.95834
-1.0793
-1.1716
-1.1252
-1.0748
-0.94566
-0.98002
-1.1024
-1.2928
-1.4939
-0.95584
0
1.1848
1.0769
0.17547
-0.79741
-1.5695
-1.4532
-1.077
-0.74313
-0.93305
-1.1836
-1.2967
-1.1043
-0.99601
-0.56632
-0.055592
0.58826
1.2897
1.6698
1.6375
1.1169
0.4808
-0.044707
-0.25503
-0.19029
-0.56874
-0.85035
-1.1843
-1.4233
-1.6674
-1.8766
-1.6695
-1.2023
-0.49409
0.36004
0.89607
0.74858
-0.096753
-0.75427
-0.95503
-0.83042
-0.75136
-1.0703
-1.5257
-1.7936
-1.2583
-0.38083
0.65229
1.3927
1.7841
1.3469
0.60009
0.492
0.3783
0.55102
0.54363
0.4468
-0.080884
-0.69584
-1.3435
-1.5415
-1.3388
-0.8707
-0.79907
