0.11645
-0.58209
-0.99508
-1.2223
-1.2386
-1.2416
-1.2593
-1.2061
-0.76174
0.11893
0.51333
0.83757
1.0344
1.2735
1.4971
1.2857
0.79575
-0.07392
-0.72401
-0.98255
-1.0713
-1.1904
-1.2747
-1.3486
-1.2534
-0.87076
-0.079726
0.61395
0.76163
0.87893
0.9871
1.1932
1.4166
1.4229
0.98344
0.13927
-0.44066
-0.99859
-1.2159
-1.259
-1.3304
-1.2628
-1.0126
-0.24951
0.38541
0.87184
1.1109
1.265
1.3499
1.287
0.98459
0.32503
-0.429
-0.95369
-1.1201
-1.2101
-1.2978
-1.3296
-1.1766
-0.68686
0.10725
0.95721
1.2958
1.1411
1.0537
1.1391
1.2655
1.0077
0.41359
-0.41368
-0.86516
-1.0279
-1.0609
-1.1822
-1.365
-1.317
-1.04
-0.33367
0.61507
1.5571
1.6646
1.144
0.43417
-0.50493
-0.98057
-0.858
-0.72242
-0.81224
-0.92176
-1.064
-1.2381
-1.3717
-1.3131
-0.94007
-0.34817
0.52226
1.1433
1.367
1.4465
1.3094
0.78498
0.051925
-0.56834
-1.0405
-1.2212
-1.2539
-1.2379
-1.2614
-1.2426
-0.7865
-0.13229
0.49831
0.93987
1.2245
1.3303
1.3575
1.041
0.31513
-0.43377
-1.0661
-1.2144
-1.271
-1.2252
-1.1003
-1.0042
-0.90657
-0.8369
-0.61722
-0.8736
-0.9724
-0.98772
-0.84438
-0.88359
-0.92724
-0.97445
-0.97933
-1.0897
-1.1678
-1.2186
-1.2338
-1.1475
-0.98783
-0.61338
-0.58595
-0.78719
-0.962
-1.0941
-1.0636
-0.9168
-0.79516
-0.8846
-1.0204
-1.2012
-1.4243
-1.4245
-0.85495
-0.047667
0.84295
1.3114
1.1583
0.99437
0.83757
1.2532
1.4479
1.0599
0.31027
-0.39127
-0.9438
-1.2785
-1.2719
-1.3434
-1.339
-1.0614
-0.3575
0.53279
0.93672
0.98427
0.99852
1.1347
1.4043
1.3473
0.46034
-0.27275
-0.61319
-0.84699
-0.99584
-1.1745
-1.2128
-1.4479
-1.3639
-0.85141
-0.12547
0.63229
1.1872
1.4922
1.3912
1.274
0.94665
0.3614
-0.39806
-1.2129
-1.4464
-1.571
-1.1346
-0.28391
0.3583
0.6002
0.73966
1.0571
1.1837
1.3296
1.3685
1.0364
0.34396
-0.49831
-1.1278
-1.5079
-1.4687
-1.2459
-0.8151
-0.81331
0.16683
0.858
0.75865
0.75706
1.1913
1.4322
0.91856
0.35013
-0.47238
-1.1048
-1.423
-1.4033
-1.2621
-1.0895
-0.62257
-0.462
-0.858
-1.3995
-1.386
-1.1064
-0.45328
0.73407
1.5934
0.70143
-0.27773
-1.0126
-1.7005
-1.7533
-1.0574
-0.52684
0.21973
0.79026
1.254
0.75075
0.80362
1.001
1.2012
1.2399
1.2012
1.3527
0.84084
0.29441
-0.49029
-1.4333
-1.914
-1.287
-0.26693
0.76267
1.5533
1.0696
0.15205
-1.4343
-1.9341
-1.2365
-0.29061
0.65283
1.3764
0.81162
-0.1784
-0.88161
-1.6127
-1.3164
-0.60699
0.24024
1.0175
1.4103
1.6516
1.4426
0.86834
0.088324
0.21604
0.7851
1.4225
1.5773
0.84843
-0.017613
-0.7854
-1.3138
-1.4742
-1.5203
-1.1543
-0.59583
0.35538
1.2109
1.1261
0.50518
0.37171
0.65283
0.92046
1.2412
1.5271
1.4926
0.84732
-0.013466
-0.89419
-1.447
-1.4081
-1.3293
-1.0419
-0.95748
-0.7794
-0.73543
-0.51214
-0.2002
0.35214
1.0036
1.4217
1.5624
1.2713
0.60538
-0.43303
-1.2692
-1.595
-1.3987
-1.2085
-0.7644
-0.076025
-0.078
0.50898
0.63556
0.71063
1.1048
1.4911
1.4815
0.86325
0.18716
-0.68592
-1.3912
-1.711
-1.3767
-0.72486
-0.016989
0.72449
1.1305
1.2634
1.3448
1.3016
1.2416
0.94018
0.58495
-0.021914
-0.54084
-0.90837
-1.0854
-1.2797
-1.4283
-1.4361
-1.2132
-0.69947
0.036307
0.7717
1.1195
1.2478
1.3966
1.4609
1.2016
0.59303
-0.10855
-0.84902
-0.97432
-0.92187
-0.97552
-1.078
-1.2242
-1.2755
-1.3325
-1.1278
-0.77378
-0.37876
-0.75075
-0.67309
-0.55957
-0.8085
-0.9733
-1.0997
-1.2304
-1.2531
-1.092
-0.89392
-1.1637
-1.3979
-1.3562
-0.26497
0.286
2.2522
1.4414
-0.26113
0.56306
0.41421
0
-0.68423
-0.93752
-1.2314
-1.3594
-1.3674
-1.1537
-0.97876
-0.75075
0.11893
0.66168
0.81714
1.0174
1.1712
1.307
1.2967
0.99547
0.4004
-0.38395
-1.115
-1.3507
-1.5324
-1.4487
-1.05
-0.546
0
0
0.68921
0.75075
1.2719
1.7351
1.1527
0.273
-0.6435
-1.0099
-1.4277
-1.3347
-1.0094
-0.84084
-1.092
-0.88978
-0.84592
-1.5015
-1.0997
-0.273
0.5148
0.93536
1.1184
1.2387
1.1261
1.1107
1.135
1.0665
0.90788
1.2936
1.155
0.78339
0.48697
0.94832
0.87587
0.43522
0.68109
0.72253
0.819
1.021
1.2298
1.5094
1.274
1.1567
0.34125
-0.7392
-1.3698
-0.078
0.819
1.2285
1.5973
1.3269
1.1154
0.858
0.5587
0.25025
0.40719
1.1316
1.2012
1.0199
0.7007
1.0708
0.83417
0.95954
0.82316
0.80897
0.81331
0.93672
1.1472
1.1518
1.1762
1.3492
1.2062
0.58286
-0.16487
-0.70035
-1.1975
-1.32
-1.2644
-1.2012
-1.2779
-0.93358
-0.273
0.35123
1.1282
1.2291
1.1031
0.97263
1.078
1.1174
1.1088
1.1284
1.1234
1.0522
0.7874
1.2188
1.2872
0.94812
0.28556
-0.14577
-0.5934
-1.0577
-0.99808
-1.1928
-1.4536
-1.331
-0.61391
0.14611
1.0471
1.641
1.5212
1.0616
0.50345
-0.17141
-1.0513
-1.7076
-1.5821
-1.1154
-0.28107
0.4351
0.81043
0.8101
0.84813
1.2269
1.396
1.2644
1.0521
1.1527
1.001
0.546
1.001
0.5148
0.22664
0.34919
0.69635
0.66733
0.89152
1.083
1.0609
1.0171
1.041
1.1128
1.001
1.0524
1.0669
1.0574
0.97772
1.0568
1.1154
0.99581
1.0306
1.134
1.2618
1.1098
1.183
1.0677
-0.31611
-0.18769
0.70659
1.2779
0.62749
0.63221
0.70383
0.7598
1.001
1.2537
1.3581
1.2794
1.2531
0.72486
-0.10725
-0.60998
-0.83102
-0.94676
-1.1751
-1.1308
-1.2117
-1.2384
-1.1637
-0.98536
-0.53712
-0.42623
-0.37876
-0.7199
-1.0719
-1.3728
-1.2904
-1.3025
-1.0465
-0.7722
-0.66324
-0.84
-1.2379
-1.2307
-1.2492
-0.72072
0.47416
1.4854
1.6056
0.66733
-0.20854
-0.8527
-0.99128
-0.94347
-0.93197
-1.165
-1.2426
-1.1875
-1.1901
-1.144
-0.924
-0.9009
-1.083
-0.10355
0.61078
1.3234
1.365
1.041
0.79598
-0.59319
-1.2689
-1.5015
-0.65612
0.117
0.75075
1.1084
1.0802
1.2094
1.13
1.1217
1.1712
1.3387
0.77497
-0.074148
-0.75075
-1.5117
-1.6744
-1.1302
-0.20813
0.5775
1.0896
1.179
1.0551
1.1328
1.3376
1.361
0.78867
0.027935
-0.63478
-1.0115
-1.2339
-1.4057
-1.3844
-1.2546
-0.90657
0.055611
0.80568
0.74231
0.64186
0.75525
0.94511
1.2785
1.5095
1.3383
0.62018
-0.20245
-0.96096
-1.3451
-1.1092
-1.0521
-1.1942
-1.5379
-1.2886
-0.56248
0
0.75132
0.36312
0.49479
0.4148
0.7941
0.92124
1.1539
1.3365
1.519
1.4684
0.73784
0.24702
-0.29729
0
0.81493
0.88935
-0.10401
-0.80915
-1.1869
-1.5313
-1.3472
-0.77014
0.14008
0.86726
1.0789
1.1388
1.0498
1.1082
1.2304
1.4132
1.0395
0.41626
-0.30728
-0.78767
-1.0939
-1.2991
-1.3279
-1.3878
-0.97598
-0.17591
0.53542
0.91
1.0707
1.2384
1.2459
1.2673
1.2443
1.1326
0.77
0.308
-0.17928
-0.82583
-0.66168
-0.88088
-1.1363
-1.6067
-1.0804
-0.23299
0.51614
1.2147
1.4806
1.4007
1.1077
0.94832
0.69933
0.72653
0.98175
1.4057
1.7267
0.924
0.93427
0.24024
-0.63221
-0.63221
0.62131
0.462
-0.51904
-0.64771
-1.5015
-1.5913
-0.94832
-0.063221
0.68315
1.3032
1.7848
1.6437
0.975
0.1063
0.14132
0.89642
1.5545
1.144
0.24877
-0.5775
-1.0628
-1.1014
-1.1343
-1.0096
-0.80587
-0.73046
-0.85115
-1.0729
-1.2034
-1.3742
-1.3617
-1.1476
-0.84963
-0.41263
-0.30959
-0.41626
-0.9702
-0.87728
-0.88088
-0.89152
-1.145
-1.1261
-1.0882
-1.092
-1.0943
-1.1167
-1.1191
-1.1741
-0.78339
-0.546
-0.77664
-0.7816
-0.80726
-0.85419
-1.0395
-1.05
-1.0883
-1.13
-1.1472
-1.144
-1.1159
-1.2341
-0.8316
-0.26113
0.55318
0.99508
1.2936
1.3347
1.2222
1.2242
0.64215
-0.061286
-0.6237
-0.7939
-0.95671
-1.1024
-1.1221
-1.1639
-1.2161
-1.326
-1.1928
-0.97634
-0.29298
0.624
1.3138
0.35329
-0.66066
-1.2384
-1.6216
-1.2791
-0.57953
-0.41421
-0.8711
-1.014
-1.0126
-1.3347
-1.3167
-1.226
-1.0308
-0.68772
0.08256
1.5786
1.4041
0.58311
0.073639
-0.56892
-0.95921
-1.1117
-1.1634
-1.1884
-1.1162
-1.0171
-1.0066
-1.1251
-1.1582
-1.0763
-1.0567
-0.94277
-0.92081
-1.0258
-1.2961
-1.1866
-1.173
-0.72353
-0.44837
-0.6291
-0.95922
-1.7702
-1.4696
-0.95145
-0.11332
0.43946
0.89121
1.0323
1.1893
1.5094
1.2459
0.5852
-0.36036
-0.87043
-1.2063
-1.1703
-0.9271
-0.92092
-1.0611
-1.3728
-1.3256
-0.97835
-0.21074
0.57319
1.1319
1.3709
1.466
1.4488
0.728
-0.033932
-0.8855
-1.3302
-1.62
-1.428
-0.70415
-0.15205
0.43794
0.8276
0.94007
0.952
0.97628
1.1366
1.2523
1.4024
1.2663
0.7722
-0.07733
-1.0269
-1.5878
-1.5269
-1.2257
-0.90356
-0.37151
-0.16998
0.52994
0.9466
0.99252
1.0774
1.287
1.4057
0.924
0.42264
-0.46855
-1.2347
-1.5838
-1.474
-1.2012
-0.94832
-0.17665
0.073244
1.0254
0.94539
0.95268
0.84791
0.97304
1.4537
1.4459
0.8008
-0.025342
-0.63107
-1.171
-1.2882
-1.2012
-1.1345
-1.1286
-1.2171
-0.98057
-0.56306
0.21341
1.084
1.4326
1.3494
1.2195
1.2752
0.96096
0.539
-0.084592
-0.37074
-0.9828
-0.94212
-0.83062
-1.0547
-1.2644
-1.2072
-1.2896
-1.274
-0.78127
0
0.5741
1.3492
1.7038
1.6016
0.89345
0.18769
-0.6093
-2.002
-1.8386
-1.0811
0
0.15805
1.2644
1.0811
1.1011
0.96525
1.2426
1.2012
0.51115
1.4362
0.96096
0.089642
-0.79598
-0.88324
-0.93427
-1.0462
-1.0263
-1.4181
-1.2666
-0.6592
0.22849
0.87043
1.1104
1.2057
1.2332
1.2908
1.2471
0.94832
0.40002
-0.40827
-1.0037
-1.4041
-1.5902
-1.2592
-0.30033
0.11744
0.66247
0.9632
1.2063
1.2853
1.318
1.4188
1.1501
0.72202
-0.078541
-1.0338
-1.8936
-1.1449
-0.14626
0.4964
1.1594
1.2299
1.1522
0.95255
0.98841
0.96771
0.96626
1.1354
1.4084
1.1312
0.32093
-0.35797
-0.99214
-1.305
-1.3198
-1.2928
-1.1805
-1.1954
-0.8008
-0.37933
-0.4004
-0.6006
-1.2605
-1.5965
-1.9456
-0.65691
-0.273
0
-0.5005
-0.897
-1.3234
-1.5623
-1.4524
-0.9938
-0.26893
0.11625
0.73244
0.90316
1.1535
1.5493
1.5477
1.014
0.19909
-0.80395
-1.914
-1.5878
-1.0997
-0.4095
-0.546
-0.231
0.22244
0.061918
0.68988
0.9263
1.0395
1.0623
1.0725
1.2257
1.2059
1.3249
1.1859
0.60565
-0.34919
-1.3234
-1.5309
-1.287
-0.5005
0.6493
2.31
1.155
0.429
0.2145
0.8008
1.2012
1.9374
1.5015
-0.41421
0.364
-0.14649
-0.79325
-1.3347
-1.3249
-1.255
-1.3347
-0.924
-1.4414
0.35329
0
0
-0.63221
-0.57889
-0.18537
-0.47957
-0.702
-0.90895
-0.98536
-1.0905
-1.1635
-1.2029
-1.2214
-1.248
-1.1976
-0.8095
-0.33784
0.4004
1.018
1.041
0.86274
0.91191
1.4485
1.3385
0.83032
0.1092
-0.546
-1.0153
-1.1682
-1.1592
-1.2989
-1.377
-1.2505
-0.81304
-0.19006
0.56306
0.858
0.7084
1.0199
1.54
1.4875
0.68304
-0.08008
-0.73543
-1.162
-1.2323
-1.2426
-1.2335
-1.2751
-1.1084
-0.76821
-0.45251
0.15499
0.72704
1.1427
1.2393
1.4756
1.2831
0.78681
0.072653
-0.71063
-1.3773
-1.7032
-1.3983
-0.81033
-0.12409
0.5775
0.95833
0.96189
0.99769
1.1487
1.2591
1.3243
1.2823
1.1908
0.63225
-0.078222
-0.56846
-0.85286
-1.0576
-1.2793
-1.364
-1.3259
-0.91905
-0.16
0.54403
0.90416
1.0134
1.1696
1.3161
1.4013
1.1136
0.40369
-0.41386
-1.041
-1.2951
-1.5034
-1.4313
-1.001
-0.21514
0.6006
1.3108
1.4736
1.2012
1.0234
1.0751
0.90657
0.33367
-0.080726
-0.56026
-0.97511
-1.2172
-1.3347
-1.3928
-1.3052
-0.8953
-0.20932
0.68109
1.4523
1.5135
1.3736
0.84354
0.70878
0.1848
-0.29095
-0.67881
-0.96688
-1.1565
-1.2897
-1.3476
-1.2568
-0.86173
-0.1701
0.62956
1.187
1.3685
1.3851
1.3147
1.0822
0.60292
0.12888
-0.5775
-0.87626
-1.001
-1.1535
-1.2909
-1.4414
-1.144
-0.68587
0.035538
0.7411
1.0584
1.1055
1.1991
1.4266
1.3134
0.87065
0.12164
-0.61826
-1.1029
-1.2012
-1.1485
-1.1289
-1.1177
-1.1447
-1.2052
-1.2644
-0.77916
-0.1018
0.43946
0.75352
0.84659
0.96912
1.0141
1.1751
1.2584
1.2534
1.2147
1.0624
0.60544
-0.08736
-0.54282
-0.92083
-1.1114
-1.189
-1.2323
-1.1849
-1.2411
-1.0478
-0.89345
-0.6781
-0.68332
-0.86879
-1.171
-1.4065
-1.085
-0.92063
-0.95671
-1.2779
-1.001
-1.1154
-0.73046
-0.273
-0.37304
-0.62131
-0.94628
-1.0062
-1.1122
-1.1337
-1.1261
-1.1635
-1.1529
-1.1919
-0.96871
-1.164
-1.0237
-0.26497
0.61286
1.2257
0.72361
0.28153
-0.4923
-0.90334
-0.94732
-1.0355
-1.0439
-1.0142
-0.93261
-0.95333
-0.98384
-1.027
-1.0733
-1.2211
-1.2922
-1.2843
-1.1414
-0.75572
-0.15269
-0.043839
-0.55157
-0.77856
-1.1136
-1.2941
-1.203
-0.93075
-0.78743
-0.87181
-0.9215
-1.0942
-1.2111
-1.2553
-1.3178
-1.2488
-0.95678
-0.13027
0.65392
1.3108
1.3674
1.4594
1.1919
0.64411
0.223
-1.0058
-1.1073
-0.91259
-0.56828
-0.84088
-1.3399
-1.4454
-1.1161
-0.50822
0.066125
0.80803
1.0868
1.3622
1.6152
1.3234
0.64142
-0.143
-0.92063
-1.7025
-1.4467
-0.88821
-0.50755
-0.52226
-0.85331
-1.1751
-1.6437
-1.2012
-0.30861
0.42
0.95126
1.2012
1.3399
1.4335
1.2765
0.78559
0.031611
-1.1404
-1.3389
-0.99068
-0.8294
-0.80438
-1.001
-1.285
-1.5489
-1.1687
-0.50312
0.14721
0.90917
1.3122
1.5199
1.365
1.1625
0.52226
-0.47106
-1.4609
-1.2936
-1.255
-0.728
-0.231
-0.715
-1.2012
-1.7745
-1.2012
-0.49591
0.37933
1.6517
1.6099
0.49705
-0.154
-0.63737
-1.0634
-1.1979
-1.1704
-1.135
-1.0438
-1.0866
-1.1122
-1.3784
-1.2902
-0.64771
0.073244
0.637
1.287
1.861
0.91856
-0.065283
-1.1864
-1.5196
-0.97533
-0.40531
-0.39687
-0.68921
-0.94033
-1.1074
-1.2343
-1.4726
-1.3421
-0.89992
-0.14472
0.83589
1.771
1.6517
1.0284
0.462
-0.858
-1.3013
-0.462
1.0725
1.1261
0
-0.55318
-1.4245
-1.8095
-1.5309
-0.84529
0
1.0487
2.002
1.0445
-0.20359
-1.3698
-0.819
-0.043522
0.6006
1.3885
1.5934
1.4453
1.0317
0.5202
-0.51115
-1.5849
-1.5015
-1.2216
-0.70659
-0.36771
-0.45045
-1.5015
-1.3347
-0.20475
0.572
1.2954
1.5717
1.4252
0.53279
-0.37537
-0.99312
-1.2457
-1.344
-1.1501
-0.84529
-0.728
-0.83295
-0.93711
-1.3714
-1.3927
-0.76743
0.051115
0.6284
1.1937
1.4269
1.5191
1.2935
1.0676
0.42635
-0.35047
-0.53654
1.1574
0.9535
0.16989
-0.3661
-1.0247
-1.4318
-1.6378
-1.3309
-0.76315
-0.065219
0.89979
1.4508
1.4565
1.3461
1.1559
0.75954
0.43369
0.79869
1.3371
1.2942
0.60947
0.16443
-0.63894
-1.08
-1.2582
-1.4703
-1.2554
-0.65726
0.16178
0.80323
1.2415
1.4345
1.4082
1.2309
0.92171
0.7735
-0.20245
-0.82274
-1.041
-1.0725
-1.1854
-1.5015
-0.792
-0.1001
0.49106
0.78681
0.79359
0.81011
1.001
1.2508
1.3792
1.3918
1.2091
0.797
0
-0.58123
-0.80678
-1.062
-1.355
-1.3749
-0.97924
-0.34986
0.53387
1.1428
1.261
1.1724
1.192
1.2971
0.99035
0.5704
-0.34919
-1.1174
-1.419
-1.2459
-1.1564
-1.2379
-0.78127
-0.19757
0.37902
0.64648
0.91929
1.0114
1.1064
1.2614
1.3434
1.3239
0.95689
0.48263
-0.49461
-1.2242
-1.0344
-0.78583
-0.85441
-0.93275
-1.0187
-1.2586
-1.4132
-1.1961
-0.52128
0.13739
0.80782
1.3922
1.5372
1.4366
1.0659
0.39687
-0.49172
-1.4784
-1.5387
-1.3184
-0.64771
0.48697
1.7796
1.2012
0.33996
-0.72486
-0.8008
-0.17536
0.71662
1.396
1.6059
1.4618
0.74192
-0.26304
-1.3953
-1.7367
-1.0313
-0.44489
0.24024
0.83102
0.91958
0.96567
1.1058
1.295
1.3034
1.3909
0.94212
0.3003
0.26304
0.88821
1.6781
1.539
0.96763
-0.03575
-1.3446
-2.002
-0.9407
-0.22012
0.53785
1.2291
1.3538
1.2155
1.0677
1.1687
0.99462
0.70904
0.63444
0.87429
0.87655
0.93672
1.0213
0.97876
1.0187
1.0844
1.0537
1.1157
1.3191
1.2014
0.4433
-0.31961
-0.88484
-1.0758
-1.2104
-1.2457
-1.3404
-1.2652
-0.78077
0
0.65983
1.1103
1.3166
1.3651
1.2938
1.186
1.0912
0.81481
0.11014
-0.40626
-0.92755
-1.2443
-1.3687
-1.3133
-1.1745
-1.0795
-0.95447
-0.93874
-0.60733
-0.040082
0.57633
1.1415
1.456
1.5999
1.2548
0.56723
-0.32797
-0.95816
-1.1924
-1.1891
-1.079
-1.0663
-0.98922
-0.94309
-0.93427
-1.1079
-1.3128
-1.2242
-1.1231
-0.96871
-0.63593
-0.231
-0.38748
-0.60565
-0.74852
-0.9598
-1.2445
-1.4871
-1.3486
-0.91251
-0.23422
0.52157
1.03
1.3558
1.5598
1.4331
0.79709
-0.042445
-0.70143
-0.93102
-0.87893
-0.86417
-0.924
-1.0968
-1.2299
-1.3506
-1.2999
-0.96206
-0.23553
0.51236
0.93454
1.0485
1.1085
1.1884
1.284
1.3644
1.1463
0.572
-0.45394
-1.5261
-1.2307
-0.27095
1.0254
1.3122
1.1913
1.1363
1.0599
0.30219
-0.28355
-0.61693
-0.85041
-0.9923
-1.0683
-1.0866
-1.158
-1.2582
-1.3157
-1.1171
-0.6093
0.22471
1.2853
1.4405
1.4264
1.1952
0.84295
0.182
-0.49534
-0.69117
-0.89826
-0.96375
-0.96378
-1.0064
-1.0817
-1.1672
-1.1779
-1.2593
-1.1349
-0.97089
-0.71007
-0.64235
-0.67715
-0.69205
-1.0702
-1.2469
-1.337
-1.2959
-1.1574
-0.89886
-0.33905
-0.51614
-0.70659
-0.97304
-1.4657
-1.5596
-1.0112
0
1.258
1.848
1.1302
0.14649
-0.84507
-1.419
-1.6777
-1.4354
-0.819
0.10094
0.34567
-0.50844
-0.88535
-1.193
-1.3007
-1.2281
-1.001
-0.82992
-0.78911
-0.81615
-0.99761
-1.3093
-1.4159
-1.2389
-0.99547
-0.546
0.47003
1.2127
1.3995
1.058
1.2888
0.72867
0.32743
-0.19512
-0.70655
-1.1079
-1.3331
-1.3802
-1.4641
-1.1956
-0.4636
0.34078
1.1273
1.1764
1.2069
0.83516
0.77167
0.69832
0.92366
1.1786
1.4626
1.217
0.44305
-0.32188
-0.98407
-1.2431
-1.3449
-1.305
-1.1903
-1.1736
-0.65583
0.10725
0.71663
0.99128
1.2161
1.2207
1.3562
1.2459
0.8991
0.19374
-0.81162
-1.2531
-1.5649
-1.344
-0.76267
0.53387
2.002
1.4709
0.11776
-0.4923
-0.132
0.42596
0.9263
0.95913
1.0109
1.3462
1.456
1.1418
0.41421
-0.38593
-1.2725
-1.5832
-1.3819
-1.1056
-0.70857
0.098459
0.69194
0.88
0.97812
1.0555
1.0463
1.0945
1.2042
1.4196
1.1145
0.58051
-0.31231
-1.0218
-1.3804
-1.4288
-1.2512
-1.0216
-0.41531
0.24349
0.71017
0.78211
0.90033
1.064
1.1878
1.3404
1.4132
1.2076
0.60872
-0.12307
-0.63998
-0.95044
-0.96871
-1.1355
-1.2914
-1.4694
-1.2098
-0.74178
-0.024415
0.60735
1.078
1.2142
1.2234
1.3707
1.3598
0.98175
0.4318
-0.34745
-0.924
-0.70857
-0.66733
-0.80706
-0.91328
-1.142
-1.3213
-1.4331
-1.095
-0.28362
0.55228
1.2857
1.6294
1.4966
0.93519
0.15457
-0.52038
-0.94434
-1.0182
-1.0239
-0.9876
-1.0941
-1.2136
-1.3677
-1.185
-0.66733
0.082956
1.0119
1.3945
1.4293
1.4163
1.1691
0.62749
-0.070246
-0.495
-0.81229
-0.86051
-0.84823
-0.97745
-1.1081
-1.3011
-1.4132
-1.2735
-0.69444
0.176
1.0137
1.3229
1.5215
1.4077
1.0072
0.25025
-0.27124
-0.55665
-0.82274
-0.88509
-1.0416
-1.1935
-1.2431
-1.2248
-1.1719
-1.1713
-0.93261
-0.83251
-0.73694
-0.31295
0.35334
0.88832
1.3845
1.6191
0.79955
-0.10422
-1.0318
-1.6539
-1.4872
-1.094
-0.070041
1.2611
1.5606
0.61596
0.18074
-0.5287
-0.94662
-1.0785
-1.103
-1.1169
-1.0556
-0.93514
-1.1393
-1.1343
-0.92713
-0.6778
-0.89212
-1.1668
-1.3138
-1.5668
-1.3562
-0.65125
0
0.37537
0.088324
-0.66
-1.3775
-1.2807
-0.87429
-0.74631
-0.9501
-1.0389
-1.1815
-1.4337
-1.3205
-0.76587
0
0.572
1.2705
1.5015
1.4247
1.2337
0.7955
0.21148
-0.539
-0.7084
-1.0381
-1.1316
-1.2261
-1.1922
-1.2658
-1.2719
-0.95333
-0.55228
-0.61078
-1.1751
-0.69635
-0.44905
0.3003
1.1859
1.7272
1.4497
0.77
0.11386
-0.77141
-1.4196
-1.6455
-1.3316
-0.81081
0.10415
1.0789
0.95972
0.78963
0.92899
1.1107
1.287
1.3916
1.1906
0.55562
-0.21796
-0.75344
-1.1587
-1.4326
-1.5065
-1.0827
-0.50726
0.2152
0.9282
1.3535
1.4596
1.4354
1.1418
0.41421
-0.40531
-1.0355
-1.0135
-1.2079
-1.056
-0.96229
-1.1191
-1.2644
-1.041
-0.46423
0.081714
0.72324
1.1586
1.4419
1.4756
1.1294
0.43581
-0.42999
-1.0284
-1.329
-1.3046
-1.1625
-0.9152
-0.7704
-0.86995
-1.0331
-1.3568
-1.3924
-0.89253
-0.10836
0.51443
1.023
1.2926
1.459
1.4021
0.98235
0.33775
-0.66121
-1.6958
-1.6892
-1.0599
-0.22012
1.0599
1.5925
0.27456
-0.51308
-1.1896
-1.2833
-1.092
-0.91907
-0.69837
-0.87124
-1.001
-1.1518
-1.2616
-1.3734
-1.144
-0.42596
0.25854
0.93844
1.4049
1.5739
1.3138
0.81635
0.05775
-0.65772
-0.97739
-1.0104
-1.0424
-1.1291
-1.0955
-1.115
-1.1698
-1.2471
-1.2106
-0.8442
-0.2814
0.69441
1.3481
1.5347
1.3361
0.99789
0.31084
-0.48848
-0.85613
-1.232
-1.4608
-1.4693
-1.1005
-0.72749
-0.27801
0.36553
0.81019
1.0516
1.2656
1.5695
1.3332
0.71431
-0.030049
-0.80783
-1.3894
-1.4107
-1.361
-1.2587
-0.82096
0
0.5577
0.98833
1.1751
1.6156
1.2415
0.73313
0
-0.66733
-1.181
-1.3025
-1.224
-1.2044
-1.1358
-1.0092
-0.89592
-1.0232
-1.092
-1.0551
-1.2593
-0.546
0.23553
1.694
1.2954
0.693
-0.06006
-0.8234
-1.1535
-1.083
-1.0355
-1.0104
-0.90917
-1.1223
-1.3273
-1.1455
-0.39341
0.43555
0.9797
1.4609
1.5603
1.3425
0.79532
0.132
-0.77497
-1.4809
-1.3347
-1.1122
-0.7651
-0.75075
-0.75075
-1.2412
-1.638
-1.17
-0.36622
0.49106
1.171
1.3456
1.0159
0.90543
1.1345
1.1493
1.3096
1.1693
0.88161
0.052226
-0.637
-1.0329
-1.1614
-1.3309
-1.4658
-0.858
-0.27863
0.54863
1.0644
1.2397
1.1011
1.1501
1.3603
1.2404
1.1003
0.77
0.73244
-0.22244
0
0.10355
-0.75075
-1.155
-1.3579
-1.2558
-1.5668
-0.858
-0.31281
0.10267
0.75075
1.2438
1.5015
1.3778
1.1191
0.55374
-0.41067
-1.6099
-1.5805
-0.81162
-0.51776
-0.55988
-1.3347
-1.6624
-1.2012
-0.17982
0.42253
0.86527
1.1801
1.2245
1.3119
1.3457
1.2822
0.90847
0.32032
0
-0.93844
-1.5015
-0.73758
0.49364
0.8008
0.91984
0.9702
1.134
1.176
1.1122
1.1917
0.8301
0.61479
0.82525
1.0145
1.0492
0.96229
1.0366
0.87824
0.89682
1.1193
1.2465
1.2205
1.3565
1.3352
0.70669
0
-0.22843
0.62214
-1.792
-0.84795
-0.093805
0.55117
1.138
1.4619
1.3391
1.093
1.1816
0.21873
-0.23709
0.11385
0.77077
1.1702
1.2215
1.3901
1.1916
0.93781
0.71908
0.86037
1.0914
1.2776
1.4842
0.8625
0.090726
-1.6266
-1.5015
-0.88613
-0.234
0.40425
0.76672
0.99528
1.1411
1.3543
1.1696
1.248
1.1293
1.0599
0.21074
-1.5015
-1.2012
-0.6864
-0.11332
-0.29659
-0.693
-1.3402
-1.6114
-1.4351
-1.188
-0.59075
0.25025
0.58882
-0.24024
-0.8085
-1.009
-1.2963
-1.302
-1.1741
-0.9282
-1.287
-0.97156
-0.6781
-0.53625
-0.98459
-1.0323
-1.1088
-1.3927
-0.84592
-0.49364
-1.3138
-1.2393
-1.4252
-0.75075
-0.819
0.16016
0.76821
1.7054
1.5349
1.0704
0.2126
-0.49303
-0.81063
-1.0406
-1.1342
-1.0941
-0.95651
-0.93082
-1.0857
-1.2063
-1.3513
-1.2794
-0.74527
0.48533
1.3164
1.0238
0.30465
-0.30959
-0.728
-1.0246
-1.0865
-1.2242
-1.2815
-1.2414
-1.2554
-1.0537
-0.5544
0
0.33742
0.64606
0.95305
1.1498
1.2272
1.2914
1.4143
1.1416
0.71947
0
-0.67172
-1.2159
-1.3311
-1.3117
-1.3523
-1.0323
-0.29298
0.42296
0.56015
0.71552
0.86265
0.96785
1.0768
1.2107
1.3614
1.2792
1.0039
0.3283
-0.48909
-1.0718
-1.2045
-1.3049
-1.4673
-1.2924
-0.87297
-0.29782
0.10445
0.49731
0.66121
1.0161
1.474
1.5597
1.1418
0.44
-0.18078
-0.87297
-1.128
-1.1859
-1.2404
-1.2785
-1.3221
-0.99674
-0.72072
-0.27659
0.4004
0.65612
0.93471
1.1732
1.3674
1.3711
1.2682
0.9584
0.47874
-0.3499
-0.74809
-0.81139
-1.1235
-1.0497
-0.93728
-0.95907
-1.2399
-1.479
-1.2868
-0.95961
-0.24907
0.77045
0.49406
-0.44611
-0.73466
-1.1472
-1.4106
-1.399
-1.1843
-0.77769
-0.6186
-0.50292
-0.77483
-1.0646
-1.2774
-1.3075
-1.191
-1.2493
-0.96801
-0.99889
-0.728
-0.22808
-0.1144
-0.69134
-1.1614
-1.1042
-1.0599
-1.16
-1.1693
-0.79908
-0.69837
-0.71151
-0.94628
-1.4061
-1.5943
-1.2705
-0.46003
0.30181
1.3174
1.6787
1.1001
0.27759
-0.53387
-1.0313
-1.2663
-1.3682
-1.248
-1.0877
-0.924
-0.9009
-0.924
-1.0704
-0.47003
0.43839
1.053
1.3389
1.3916
1.1487
0.33213
-0.3897
-0.88835
-1.111
-1.1897
-1.2157
-1.198
-1.2571
-1.1261
-0.9625
-0.7436
-0.55318
0.6006
1.5334
1.4196
0.66733
0
-0.715
-1.2562
-1.0115
-1.092
-1.0151
-0.98328
-0.89958
-0.97835
-1.365
-1.411
-1.3249
-0.89451
-0.19067
0.924
0.693
-1.456
-0.8008
-0.091
0.62853
0.97395
1.037
1.1927
1.302
1.0954
0.38635
-0.69034
-1.483
-1.5302
-1.4586
-0.90356
-0.3917
-0.24682
-1.1316
-1.783
-1.0987
-0.71631
-0.042596
0.73329
1.2986
1.5789
1.291
0.68489
-0.26458
-1.1453
-1.5977
-1.5167
-1.2301
-0.7007
-0.40581
-1.1031
-0.924
-0.3041
0.51975
0.858
1.5499
1.7757
1.3032
0.62131
0
-0.90657
-1.3698
-1.083
-1.2012
-1.22
-0.3432
0.51904
1.1098
0.9282
1.1608
1.3104
1.2954
0.97067
0.52226
-0.72072
-1.82
-1.5015
-0.44162
0.77856
1.1332
0.78339
-0.4095
-0.95145
-1.1571
-1.4196
-1.3814
-1.2012
-0.6468
-0.75075
-1.0296
-1.287
-0.83449
-0.32635
0
0.68856
0.90145
1.1867
1.489
1.5201
1.0832
0.40861
-0.36999
-1.2833
-1.3666
-1.136
-0.72763
-0.61516
-0.5961
-0.84739
-1.2425
-1.4421
-1.4905
-1.1952
-0.86789
-0.07282
0.61952
1.1031
1.3542
1.5536
1.4154
0.72581
-0.16637
-1.3347
-1.5805
-0.546
-0.462
-0.4049
-0.93536
-0.7955
-1.3174
-1.4002
-0.98175
-0.21527
0.4517
0.8913
1.1989
1.2261
1.197
1.1915
1.2012
1.1145
0.9856
0.84529
0.54054
-0.13967
-1.5015
-1.6072
-1.3184
-0.66733
0.28945
0.75075
0.7722
0.68176
1.1426
1.4225
1.4217
0.9009
-0.083805
-1.1887
-1.8701
-1.43
-1.1398
-0.56527
0.47106
1.3138
0
-1.1261
-1.5015
-1.1719
-0.35857
-0.17665
-0.54985
-1.0333
-1.1843
-1.4201
-1.4937
-0.99
-0.11054
1.0323
1.7081
1.2621
0.507
-0.4318
-1.4132
-1.6538
-1.2426
-0.62131
0.87466
0.87184
0.10789
-0.76607
-1.6738
-1.5364
-1.0528
-0.11205
0.7644
1.3274
1.3479
1.2454
1.0237
0.87759
1.07
1.0769
1.1323
1.1098
1.092
0.45808
-0.03432
-0.59252
-1.3603
-1.6835
-1.19
-0.31862
0.45746
1.1474
1.4155
1.3789
1.2735
1.0763
1.0066
0.58311
-0.38133
-0.462
-0.455
-0.6006
-0.8516
-0.86834
-1.1644
-1.0189
-0.92208
-1.0537
-1.4185
-1.4834
-1.05
-0.47416
0.3291
1.5708
1.1751
0
-0.70415
-1.7025
-1.6516
-0.95333
0
1.0542
1.716
1.5341
0.9856
0.09009
-0.67384
-1.2705
-1.3146
-1.3067
-0.90608
-0.7644
-0.85379
-1.1223
-1.3385
-1.2947
-0.98962
-0.15321
0.57856
1.2558
1.5474
1.3714
0.66258
-0.27389
-0.84591
-1.2397
-1.3395
-1.2822
-1.1153
-0.97168
-0.79045
-0.63795
-0.77018
-1.067
-1.4008
-1.3935
-1.0541
-0.27988
0.66969
1.7456
1.484
0.61682
-0.16969
-1.0093
-1.431
-1.4386
-1.3783
-1.1585
-0.80638
-0.43311
-0.64994
-1.0499
-1.3695
-1.4774
-1.3826
-0.90316
-0.15945
-0.37205
-0.7735
-1.0711
-1.3832
-1.5309
-1.2186
-0.63444
-0.17358
0.33654
0.78829
1.0131
1.0686
1.2082
1.2461
1.2621
1.2512
1.1279
0.858
-0.076025
-0.1155
-1.078
-1.5364
-1.3942
-0.45615
0.2755
0.56056
0.84592
0.83473
0.89345
1.0491
1.3572
1.4234
1.1216
0.57465
-0.28241
-1.0554
-1.5763
-1.5364
-1.1638
-0.44059
0.39513
1.2182
1.3256
1.1908
1.102
0.84963
0.77798
1.0068
1.4809
1.2763
0.59761
-0.047857
-0.77305
-1.1776
-1.2881
-1.3593
-1.4245
-1.1323
-0.60396
0.10725
1.3025
1.2245
0.27124
-0.51051
-0.93154
-1.0811
-1.1096
-1.0801
-0.99299
-0.92893
-1.0223
-0.98511
-1.0117
-1.1464
-1.1827
-1.1222
-0.98894
-1.0151
-0.891
-1.0263
-1.2186
-1.1051
-1.0109
-1.232
-1.255
-0.26893
0.43522
1.2216
1.5708
1.4225
0.28264
-0.55157
-0.82841
-0.91396
-1.365
-1.5226
-0.91319
-0.091
0.73658
1.2888
1.1887
0.92972
0.82539
0.99813
1.0589
1.3156
1.4184
1.1911
0.47572
-0.54248
-1.3979
-1.5588
-0.59362
0.22244
0.7161
1.0866
1.2654
1.411
1.2547
1.0848
0.95217
0.693
-0.28153
-0.61705
-0.93735
-1.1482
-1.2291
-1.307
-1.3307
-1.0997
-0.25449
0.88725
1.7032
1.2571
0.43342
-0.3003
-1.386
-1.2426
-1.1011
-1.3622
-1.3916
-0.6435
0.061286
0.45364
1.0051
1.2772
1.333
1.241
1.2619
1.0815
0.14637
-0.14994
-0.63139
-0.99738
-1.2501
-1.3875
-1.4891
-1.195
-0.47958
0.30667
0.94287
1.172
1.2737
1.0691
0.97306
1.193
1.3108
0.84874
0.14398
-0.38404
-0.93455
-1.2101
-1.3709
-1.4646
-1.2538
-0.78422
0.22429
0.97924
1.6487
1.5849
1.1913
0.66733
0
0.93427
1.0164
0.6864
0.025025
-0.51628
-1.0379
-1.325
-1.5771
-1.4307
-0.86036
0.042596
1.2186
1.6252
1.2941
0.96393
0.61286
0.58267
1.1231
1.5387
0.99462
0.43105
-0.30499
-1.0473
-1.6871
-1.4872
-0.82785
-0.014721
0.87858
1.5161
1.6473
1.3607
0.86067
0.024024
-0.99099
-1.25
-1.0213
-0.77973
-0.79464
-0.86527
-1.1651
-1.4142
-1.4027
-1.0326
-0.44567
0.21312
0.87238
1.1629
1.4014
1.4786
1.1525
0.41113
-0.54221
-1.3374
-1.5074
-1.078
-0.65759
-0.68451
-0.89886
-1.01
-1.0489
-1.2616
-1.4644
-1.3319
-0.78719
-0.031445
0.51975
0.90209
1.0599
1.3694
1.584
1.3685
0.58822
-0.15015
-0.71595
-0.90593
-1.0327
-1.1501
-1.2381
-1.4168
-1.2242
-0.91695
-0.28875
0.58392
1.8825
1.1887
0
-0.80438
-2.0627
-1.5141
-0.69491
0.36771
1.6016
1.547
0.95748
0.62749
0.40581
0.6435
1.2719
1.456
0.89451
0.24145
-0.44576
-0.97861
-1.2822
-1.3821
-1.5015
-1.2107
-0.50612
0.65412
1.5708
0.572
-0.10355
-1.386
-0.90788
0.35329
1.6196
1.5155
0.65872
0.06006
-0.77256
-1.1261
-1.2297
-1.2191
-1.3393
-1.2816
-0.8139
-0.17079
0.5733
1.0541
1.3371
1.3914
1.404
1.0671
0.21074
-0.55611
-0.91617
-0.94131
-1.1664
-1.452
-1.33
-0.79313
-0.046904
0.68726
1.0567
1.0689
1.2268
1.2772
1.3679
1.238
0.7944
0.038416
-0.78599
-1.2829
-1.3388
-1.2604
-1.1342
-1.0031
-0.98121
-0.98786
-0.90098
-1.0528
-1.3526
-1.3082
-0.53173
0.10186
0.73722
1.2402
1.3979
1.4399
1.2219
0.69635
-0.063668
-0.77561
-1.2084
-1.3365
-1.2264
-1.0171
-0.72139
-0.819
-0.9457
-1.0764
-1.1232
-1.1947
-1.1976
-0.97725
-0.858
-0.68819
-0.63969
-0.76768
-1.0811
-1.2658
-1.3967
-1.4414
-1.2107
-0.6006
0.065283
0.1018
-0.8085
-1.6016
-1.2147
-0.462
0.38336
1.2779
1.5123
1.456
0.59728
-0.22363
-1.1678
-1.6643
-1.4414
-1.1864
-0.18063
1.056
1.9431
1.1736
0
-0.80678
-2.2646
-1.2644
-0.143
1.0323
1.5805
1.4181
0.19168
-0.41902
-0.58679
-0.87312
-1.1205
-1.293
-1.2098
-1.2513
-1.2484
-1.0083
-0.63221
0
0.93844
1.6892
1.456
1.2719
1.1625
0.33367
-0.12512
0.616
1.8131
0.728
0.10987
-0.45581
-1.0302
-1.3198
-1.4917
-1.3066
-0.98197
-0.23502
0.78078
1.6317
1.5015
1.2986
0.93297
0.728
0.29298
0.308
0.546
-0.3185
-0.36558
-0.61108
-0.8976
-1.102
-1.2384
-1.2701
-1.3013
-1.1815
-1.0487
-0.858
-0.4004
-0.41421
-0.53785
-0.462
0.49029
1.0344
1.3244
1.5425
1.464
1.0963
0
-0.96096
-1.1501
-0.096871
0.96525
2.071
1.1122
0.11122
-0.48938
-0.84791
-0.95249
-1.034
-1.032
-1.2747
-1.4506
-1.3418
-1.0083
-0.34517
0.22244
1.092
0.77856
0.94832
1.2393
0.92876
0.17769
-0.31375
-0.64631
-0.9828
-1.1678
-1.2883
-1.3172
-1.2934
-1.1811
-0.77333
-0.38075
0.22663
0.73227
1.2162
1.329
1.4843
1.2018
0.50793
-0.34745
-0.91557
-1.1297
-1.2554
-1.1317
-1.2355
-1.3197
-1.0568
-0.46435
0.40039
0.49804
0.79698
0.84376
0.92948
1.0932
1.3139
1.4942
1.2598
0.83087
-0.1456
-1.3607
-1.2095
-0.062563
0.88864
1.7913
1.8264
1.3302
0.21074
-0.13057
0.40425
0.60438
0.78339
0.89493
0.99538
1.1947
1.4248
1.5015
1.1453
0.47874
-0.48048
-0.96096
-0.3003
0.91396
1.6859
0.0858
-1.001
-1.9019
-1.0987
-0.49591
0.16123
0.67057
0.86753
1.0738
1.2147
1.2527
1.2521
1.2314
1.1728
0.88978
0.37538
0.43946
0.45045
-0.58882
-1.092
-1.5015
-1.0476
-0.33634
0.26256
0.72165
0.86303
1.0879
1.3314
1.4932
1.274
0.68296
-0.10687
-0.85502
-1.087
-1.132
-1.162
-1.0948
-0.99286
-1.0566
-1.2837
-1.2389
-0.85041
-0.2337
0.429
0.99273
1.2934
1.5211
1.3897
0.8212
-0.015973
-0.84434
-1.3242
-1.509
-1.5144
-1.1882
-0.56306
0.22452
1.3462
1.5288
0.24682
0.37933
0.67737
0.64142
0.74279
0.91319
1.2303
1.4042
1.4065
1.1559
0.57633
-0.60998
-1.7459
-1.2012
-0.35329
0.858
0.98833
0.05666
-1.0267
-1.7315
-1.284
-0.69837
0.24302
1.3304
1.8945
1.1523
0.54292
-0.38862
-1.0476
-1.2384
-1.102
-0.91
-0.92776
-0.76719
-0.82775
-0.96026
-1.1038
-1.1979
-1.2186
-1.1594
-0.819
-0.81682
-1.1101
-1.4591
-1.3174
-1.0571
-0.3575
1.0599
0.7722
-0.12384
-0.90847
-1.0445
-1.248
-1.4083
-1.3784
-1.1625
-0.9009
0.15805
0.546
-0.13967
-0.53626
-0.83413
-1.0114
-1.2106
-1.2982
-0.78507
-0.54546
-0.58216
-0.74162
-0.94992
-1.1055
-1.2001
-1.2257
-1.3338
-1.3556
-1.0783
-0.54409
0.26339
1.0275
1.2425
0.97211
1.0151
1.1313
1.3846
1.1426
1.0681
0.4351
-0.22833
-0.91908
-1.1056
-1.4329
-1.6287
-1.2257
-0.65819
-0.231
0.70659
1.4014
1.3483
0.156
-0.23324
-1.1064
-1.6016
-1.5984
-1.1904
-0.47572
-0.49029
-0.462
-1.2012
-1.6088
-1.4882
-0.8085
-0.5775
-0.4095
-0.39836
-0.6825
-1.0317
-1.2835
-1.2905
-1.3368
-1.2593
-0.96096
-0.67992
-0.72486
-0.858
-0.33367
-0.5005
0.5666
1.3462
1.6781
0.63221
-0.3822
-0.78583
-1.9413
-1.665
-0.93297
0.11893
0.50994
0.7392
1.0296
0.90501
0.93479
0.987
1.0235
1.0199
1.1656
1.295
1.2773
1.2234
0.9828
0.45045
0
0.36771
0.72413
0.86685
1.0614
1.1407
1.2058
1.0656
1.1427
0.99612
0.73966
0.77962
0.82133
0.94476
1.0115
1.3009
1.4335
1.3249
0.8953
0.41067
-0.6435
-1.3434
-0.9555
-0.74301
-0.95145
-1.2644
-1.1261
-1.0967
-0.33137
0.42666
0.92604
1.0687
1.0349
1.1723
1.229
1.3269
1.099
0.52684
-0.28233
-1.009
-1.2056
-1.3184
-1.4118
-1.2524
-0.77082
-0.20592
0.51187
1.3309
1.6508
1.485
0.819
-0.040309
-1.2905
-1.8352
-0.99273
-0.89563
-0.61172
-0.71867
-0.95894
-1.4225
-1.5414
-0.92776
-0.273
0.60998
1.4046
1.8169
1.2307
0.79026
-0.061918
-1.092
-1.3562
-1.0099
-0.75075
-0.78
-0.6435
-0.78559
-1.0815
-1.3469
-1.3531
-1.2291
-1.1372
-0.52994
-0.4914
-1.0987
-1.7579
-1.0104
-0.1846
0.51709
1.3393
1.2595
1.0269
1.117
1.3915
1.0039
0.25472
-0.39861
-0.86573
-1.0954
-1.1602
-1.1166
-1.106
-1.0988
-1.0012
-1.0127
-1.0652
-1.1878
-1.2112
-1.3451
-0.83694
-0.14312
0.63947
1.0874
1.1647
1.2503
1.108
1.062
1.0558
1.169
1.0254
0.88613
0.46525
-0.3917
-0.75994
-0.94934
-1.0511
-1.2858
-1.3626
-1.3395
-1.097
-0.51776
0.22108
0.6493
0.79228
1.0562
1.1673
1.2473
1.362
1.2964
0.77
-0.23753
-0.67483
-0.93933
-0.98949
-1.0427
-1.2531
-1.4205
-1.3974
-0.82225
-0.22383
0.35141
0.5587
0.83186
0.97466
1.0888
1.2836
1.4274
1.2938
0.89613
0.22327
-0.56154
-1.1672
-1.3446
-1.3823
-1.3995
-1.171
-0.33104
0.1018
0.59602
0.9407
1.1771
1.2891
1.3418
1.365
0.8778
0.42562
-0.21604
-0.73244
-1.1596
-1.1617
-0.99347
-1.0612
-1.0667
-1.0498
-1.0273
-1.1226
-0.91268
-0.88413
-1.0502
-1.1011
-1.1305
-1.048
-1.4373
-1.1764
-0.70283
-0.067483
0.858
1.6252
1.5521
1.0254
1.2216
0.77
1.001
0
0.75075
1.2513
0.75075
1.716
0.81162
0
-0.58392
-1.1518
-1.573
-1.4414
-0.33367
0.63525
1.4696
1.2349
0.84459
0.57989
0.6916
0.9856
1.0445
1.0338
1.3409
1.4789
0.94832
0.082651
-0.66426
-1.5235
-1.5923
-1.486
-0.882
-0.79671
-0.25025
-0.077
-0.84791
-1.3764
-1.5898
-1.32
-1.1064
-0.58392
0.060667
-0.28216
-0.65159
-1.0652
-1.3582
-1.5746
-1.3979
-0.77798
-0.2548
-0.44765
-0.82956
-1.2365
-1.4507
-1.4225
-1.1932
-0.86625
-0.77497
0.47416
0.5148
0.38336
-0.462
-0.70535
-0.9727
-1.5626
-1.2199
-1.1069
-0.66344
-0.71285
-0.93354
-1.2276
-1.7052
-0.96527
-0.36614
0.36932
0.96107
1.6648
1.289
0.40653
-0.17
-0.76256
-1.0062
-1.0999
-1.1033
-1.2533
-1.381
-1.3583
-1.028
-0.46444
0.34119
1.749
1.6209
1.0182
0.30282
-0.2002
-0.64142
-0.92566
-0.97772
-1.1852
-1.3107
-1.3389
-1.229
-0.84991
-0.25422
0.61352
0.99581
1.4476
1.6321
1.2186
0.38152
0.43724
