-0.96112
-1.0883
-1.3289
-1.3652
-1.1527
-0.85283
-0.17238
0.68929
1.526
1.2659
0.40839
-0.39742
-0.81912
-1.0029
-1.1452
-1.2081
-1.4006
-1.2889
-0.91331
0.04619
1.0618
1.6738
1.6042
0.88419
-0.1802
-1.001
-1.5754
-1.6749
-1.1173
-0.173
0.34991
1.2722
1.7292
1.2147
0.40346
-0.58863
-1.063
-1.2048
-1.0672
-1.034
-0.85197
-0.72588
-0.62243
-0.84048
-1.2001
-1.3285
-1.2384
-1.1126
-1.0197
-1.0816
-1.0003
-1.1355
-0.97876
-0.14798
1.382
0.9392
0.39888
-0.31008
-1.0149
-1.49
-1.4257
-1.1026
-0.76195
-0.4175
-0.62801
-0.97136
-1.5116
-1.5685
-1.0843
-0.15088
0.7394
1.8376
1.5914
0.66729
-0.039554
-0.79777
-1.2147
-1.3811
-1.5002
-1.167
-0.81231
-0.050205
0.51957
0.97499
1.215
1.4018
1.5143
1.0647
0.71257
-0.023599
-0.68149
-0.98437
-1.0919
-1.1249
-1.2177
-1.2889
-1.269
-0.84725
-0.15548
0.70692
1.4509
1.6563
1.2358
0.32297
-0.4852
-1.0752
-1.2432
-1.4176
-1.4859
-1.2462
-0.61192
-0.10199
0.39544
0.61845
-0.32959
-0.80402
-1.1781
-1.1221
-1.0993
-1.0731
-1.1449
-1.4385
-1.0468
-0.50479
-0.52358
-0.82322
-0.86252
-0.68838
-0.88303
-1.0604
-1.2605
-1.1159
-0.97113
-0.99907
-1.0406
-1.0226
-1.1201
-1.1229
-1.0795
-1.1508
-1.2906
-1.0436
-0.53209
-0.25809
-0.48998
-0.96176
-1.2293
-1.0757
-1.2599
-1.4921
-0.71041
0.29698
1.6461
1.2661
0.82522
0.22348
-0.60483
-0.97559
-1.2
-0.99944
-0.84899
-0.94923
-1.0436
-1.1497
-1.1944
-1.1273
-1.1193
-1.2089
-1.0632
-0.70888
-0.70949
-1.6127
-1.1229
-0.29456
0.55144
1.3706
1.4692
0.74501
-0.21916
-0.77655
-1.2143
-1.6219
-1.5152
-1.0827
-0.64913
-0.69058
0
0.77445
0.9392
0.80669
1.2238
0.69946
-0.41799
-0.79092
-0.98117
-1.1699
-1.2302
-1.2323
-1.2359
-1.3583
-1.1298
-0.82857
-0.46624
0.53086
0.83126
0.40573
-0.093486
-0.60714
-1.1455
-1.2954
-1.3209
-1.2061
-1.1388
-0.91023
-0.14084
0.61254
1.2418
1.5014
1.5673
1.153
0.64243
0.032977
-0.60044
-0.91531
-1.1648
-1.142
-1.2286
-1.2251
-1.1042
-1.0586
-0.83402
-1.1273
-0.69249
-1.0607
-2.0046
-0.91955
-0.39822
-0.094201
-0.20131
-0.42262
-0.80838
-1.1556
-1.2771
-1.2379
-1.2165
-1.1515
-1.1686
-1.0102
-0.6179
-0.8563
-0.27622
0.15484
0.043994
-0.47194
-0.98563
-1.1117
-1.2947
-1.3027
-1.3821
-1.0262
-0.61962
-0.10379
0.6247
1.2447
1.6326
1.5423
0.9872
0.17132
-0.64632
-0.90889
-0.8413
-1.015
-1.1939
-1.1598
-1.2249
-1.3315
-1.1786
-0.64301
-0.2589
0.44996
1.84
1.7536
0.77174
0
-0.74661
-1.1622
-1.4291
-1.4368
-1.1729
-0.48983
0.32791
0.91552
1.4094
1.5501
1.1358
0.35324
-0.47393
-0.96285
-1.1355
-1.1304
-1.236
-1.2831
-1.2734
-1.0446
-0.31625
0.81853
1.5164
1.069
-0.050515
-0.53006
-0.92025
-1.1509
-1.1742
-1.259
-1.3374
-1.2786
-0.75485
-0.19888
0.48629
1.0221
1.3021
1.4131
1.4391
1.025
-0.090954
-0.66484
-0.99862
-0.97163
-1.0289
-1.1145
-1.1813
-1.3251
-1.2093
-0.70291
0.041924
0.84775
1.4854
1.6652
1.3041
0.82716
0.088064
-0.68586
-1.0494
-1.1519
-1.3217
-1.4601
-1.1787
-0.84968
-0.17978
1.0143
2.2297
0.98045
0.20126
-0.26642
-0.67704
-1.0045
-1.22
-1.3612
-1.3168
-1.1793
-1.0874
-1.0219
-0.32698
0.70293
1.7067
1.0192
0.32876
-0.44467
-1.0456
-1.2589
-1.1824
-1.3
-1.4071
-1.1616
-0.23336
1.1222
1.2529
0.33724
-0.43843
-1.1136
-1.0084
-0.87344
-1.0066
-1.1269
-0.98822
-1.0218
-1.2426
-1.2851
-1.1355
-0.76999
-0.64136
-0.69644
-1.0076
-1.1474
-1.2067
-1.0035
-1.1397
-1.5602
-1.2665
-0.58867
0.12712
0.98365
1.0914
-1.7855
-1.8547
-0.51728
0
0.26546
0.08673
1.11
0.42401
-0.5001
-0.81875
-1.0449
-1.0921
-1.0612
-1.0985
-1.2145
-1.1568
-1.1842
-1.0156
-0.83379
-0.69736
-0.52785
-0.77534
-0.84062
-0.97901
-1.0704
-1.084
-0.99736
-1.0477
-1.2782
-1.4534
-1.198
-0.50455
0.3805
1.6524
1.4676
0.24062
-0.46247
-0.83063
-0.88164
-1.4366
-1.6899
-1.082
-0.87476
-0.82062
0.23372
-0.22586
-0.90238
-0.87697
-0.83236
-0.82577
-0.95395
-1.1193
-1.2313
-1.3706
-1.0749
-0.85924
-0.79022
-0.63279
-0.76701
-0.88634
-0.98627
-1.1733
-1.0568
-1.0478
-1.29
-1.2302
-1.3221
-0.81345
-0.44327
-0.25648
-0.6697
-0.94372
-1.112
-1.1784
-1.1624
-0.97281
-1.0412
-1.3048
-1.1888
-0.51208
0.21236
1.0479
1.8104
1.5897
0.82811
0.025026
-0.57339
-1.2166
-1.2754
-1.2439
-1.1782
-1.3079
-1.1601
-0.43941
0.58471
1.1146
0.56092
-0.19338
-0.95928
-1.1069
-1.128
-1.2035
-1.327
-1.2655
-0.86441
-0.45383
0.31377
0.84654
1.2051
1.2925
1.4225
1.3115
0.71181
-0.1106
-0.83801
-1.2819
-1.3381
-1.3242
-1.2038
-1.0512
-0.62422
-0.54326
-0.65133
-0.73879
-0.83559
-1.0159
-1.0553
-0.98896
-1.0853
-1.1835
-1.1651
-1.0086
-1.0655
-1.001
-0.98443
-0.95087
-0.9809
-0.97179
-1.1045
-1.2472
-1.4498
-0.98097
-0.41194
-0.61174
-0.96389
-1.1013
-1.3789
-1.3652
-1.2071
-0.76042
-0.75464
-0.58599
-0.61814
-0.92024
-1.0936
-1.2163
-1.3658
-1.4311
-1.1559
-0.48354
0
0.83936
1.4696
0.11303
-0.59006
-0.87972
-0.98442
-1.0221
-1.0049
-1.0125
-1.0715
-1.2117
-1.2746
-1.3572
-1.1466
-0.52644
0.43736
0.7836
-0.22907
-0.95248
-1.0204
-1.0831
-1.1306
-1.1031
-1.1987
-0.87677
-0.10842
0.73116
0.85079
1.0502
1.289
1.4545
1.3229
0.86002
0.1002
-0.65024
-1.3052
-1.4013
-1.462
-1.388
-0.8246
0.046998
-0.25862
-1.3037
-1.5284
-1.5785
-1.4165
-0.51579
0.14608
-0.2727
-1.0947
-1.5221
-1.7901
-1.1666
-0.27281
0.42169
1.4098
1.1045
0.95629
1.2147
1.0234
0.33744
-0.5193
-1.2632
-1.2239
-0.96566
-0.88468
-1.1708
-1.0286
-1.0727
-1.144
-0.9243
-0.70982
-0.72506
-0.87603
-0.87432
-0.97105
-1.0972
-1.087
-1.064
-1.1378
-1.1096
-0.84197
-0.77987
-0.92187
-0.9754
-1.0111
-1.0596
-0.96491
-0.92153
-0.84848
-0.91006
-0.96404
-1.2227
-1.3391
-1.359
-1.2046
-0.89938
-0.43727
0.1504
0
-0.63787
-1.0712
-1.1361
-1.1162
-1.1389
-1.1086
-1.0783
-0.98651
-0.94692
-0.94413
-1.0724
-1.0287
-0.93322
-0.87294
-0.85031
-0.90694
-1.0434
-1.1627
-1.0779
-1.0118
-1.09
-1.4053
-1.3361
-0.62099
-0.27496
-0.57909
-0.63779
-0.96086
-1.3087
-1.2647
-1.2555
-1.2441
-1.1357
-0.70345
0.41791
0.64604
0.19549
-0.44273
-1.1018
-1.1048
-1.0888
-1.1035
-1.1038
-1.2481
-1.359
-1.4024
-0.80672
0.24564
0.80866
0.2736
-0.4267
-0.91321
-1.0946
-1.1536
-1.1324
-1.2383
-1.2925
-1.363
-1.2256
-0.80704
-0.073619
1.0353
1.5943
1.4693
0.70379
1.243
0.90569
0.29884
0.38602
-0.76095
-1.8904
-1.0557
-0.73282
-0.861
-1.0501
-1.0737
-1.1324
-1.4819
-1.6472
-0.70472
-0.12221
-0.1065
-0.42943
-0.62693
-0.8084
-0.90216
-1.2254
-1.3064
-1.4254
-1.1481
-0.85894
0.46816
1.4456
0
-0.58464
-0.81033
-1.0044
-1.1612
-1.0463
-1.0071
-0.91019
-1.1314
-1.111
-1.1774
-1.2576
-1.0946
-0.8863
-0.63704
-0.81658
-0.84645
-0.74046
-1.3279
-0.85487
-0.58574
-0.76207
-1.1011
-1.1068
-1.1856
-1.2704
-1.0412
-0.68961
-0.74334
-1.0146
-1.1576
-1.1667
-1.2572
-1.2806
-1.0445
-0.79271
-0.22277
1.1669
0.52501
-0.25471
-0.60834
-0.80153
-1.0102
-1.2025
-1.2996
-1.374
-1.2989
-1.0673
-0.40271
0.25635
0.52262
-0.10196
-0.82914
-1.1553
-1.2297
-1.2005
-1.1708
-1.1702
-1.015
-0.92114
-0.7625
-0.71021
-0.69742
-1.0075
-1.1598
-1.0066
-1.008
-0.981
-1.0211
-1.0051
-1.0045
-0.91829
-0.8434
-0.91374
-1.0782
-1.1832
-1.4598
-1.3054
-1.0105
-0.020459
1.2445
1.3696
1.2253
0.54487
-0.050582
-0.64545
-1.0369
-1.1983
-1.3652
-1.4807
-1.3452
-0.63843
0.16061
0.89965
0.23075
-0.57096
-1.0174
-1.321
-1.3201
-1.0974
-1.1401
-0.84524
-0.87836
-0.62009
-0.85185
-1.24
-1.32
-1.2377
-1.2857
-0.87852
-0.24222
-0.50911
-0.83581
-0.94297
-1.0458
-1.2563
-1.1758
-0.97593
-0.87364
-1.2971
-1.2017
-0.76952
-0.61845
-0.70454
-1.1281
-1.1995
-1.1543
-1.0032
-1.1414
-0.98159
-0.79815
-0.94155
-1.2723
-1.7434
-1.2995
-0.54742
-0.048534
0.51633
0.27936
-0.526
-1.1777
-1.0883
-1.1017
-1.2811
-1.3434
-1.2067
-0.55169
0.20241
1.2258
1.591
1.4715
0.90548
0.35949
-0.44662
-1.1482
-1.5971
-1.3953
-0.93805
-0.17666
0.53318
0.98454
1.2189
1.4436
1.4812
1.1276
0.54055
-0.16409
-0.99834
-1.5384
-1.4135
-1.3161
-1.1361
-0.99302
0.20571
0.057897
-0.10957
-0.35067
-0.81393
-0.91805
-0.88035
-0.92279
-1.14
-1.28
-1.2594
-1.2607
-1.1238
-0.47008
0.28973
0.91256
1.5347
1.6611
1.2577
0.8938
0.60182
0.28546
0.4659
1.604
1.8471
1.305
0.59814
-0.40361
-0.51996
-0.18204
0.87928
1.4495
1.7255
1.3631
0.92913
0.38403
0.10484
-0.53676
-0.70009
-1.2122
-1.3187
-1.1886
-0.91643
-0.96211
-1.1
-0.88289
-1.2636
-1.7019
-1.1329
-0.51032
-0.18229
0.46635
0.17799
-0.45572
-1.058
-1.0621
-1.1818
-1.1798
-1.1107
-1
-1.5403
-1.2727
-0.14062
0.8921
0.75384
-0.1547
-0.63512
-0.97767
-1.1292
-1.0485
-1.0508
-1.3079
-1.3702
-1.1798
-0.71301
0.10269
0.91135
1.3385
1.3775
1.3034
0.91552
0.079358
-0.60334
-0.91895
-1.0347
-1.1241
-1.1043
-1.1109
-1.1171
-1.1717
-1.1889
-1.226
-0.69578
0.16153
0.84762
1.2898
1.4644
1.4002
1.2671
0.63362
-0.16905
-1.4752
-1.0538
0.46139
0.64851
0.045209
-0.53411
-0.72843
-1.0224
-1.2801
-1.3489
-1.3803
-1.2541
-0.86604
-0.1691
0.95139
0.5854
-0.20386
-0.67038
-1.1393
-1.5844
-1.4317
-1.2416
-0.50712
0.14763
0.73291
1.1258
1.6487
1.5024
0.70659
-0.068305
-0.71599
-1.1065
-1.3229
-1.2813
-1.0628
-0.9349
-0.92957
-0.86161
-1.1087
-1.4911
-1.2822
-1.1115
-1.0977
-0.7407
0.092126
1.2639
1.2683
0.17862
-0.3295
-0.80567
-1.0504
-1.0517
-1.0367
-1.1265
-1.2247
-1.3012
-1.2078
-0.77692
0.11394
1.3011
1.7459
1.0851
0.14721
-0.57068
-0.9685
-1.1134
-1.312
-1.3411
-1.3738
-1.0476
-0.59127
-0.31846
0.4043
1.1599
1.6847
1.5126
0.85567
-0.1124
-0.68226
-1.0634
-1.1149
-1.2028
-1.1786
-1.0655
-1.1327
-1.3603
-1.1585
-0.63775
0.55497
0.92579
0.10524
-1.0831
-0.62644
-0.49441
-0.7413
-0.9967
-1.0023
-1.0253
-1.1915
-1.2453
-1.2584
-1.3282
-0.79875
0.020596
1.1126
2.039
1.1771
0.45951
-0.49938
-1.1167
-0.80708
-0.6204
-0.86443
-0.91606
-0.83412
-0.998
-1.211
-1.2856
-1.3415
-1.2631
-1.0022
-0.15933
0.90409
1.5485
1.3128
0.27311
-2.0421
-0.73785
-0.48287
0.38097
-1.527
0.69108
1.1963
0.57816
-0.35325
-0.5035
-0.5961
-1.1298
-1.3472
-1.2683
-1.3067
-0.80862
-0.35398
-0.69414
-0.9019
-1.0887
-1.2387
-1.0939
-1.1168
-1.3238
-1.2636
-0.59594
-0.15015
-0.51833
-0.92557
-0.96259
-1.0349
-1.2215
-1.3919
-1.3377
-1.0992
-0.7949
-0.48307
-0.3057
-0.39247
-0.76126
-0.60237
-0.85773
-0.98686
-1.1126
-1.2301
-1.3416
-1.3912
-1.1114
-0.22213
0.7772
1.502
0.84888
-0.13222
-0.362
-0.69559
-1.0714
-1.4782
-1.4256
-1.2273
-0.92407
-0.23637
0.5557
1.197
1.2728
1.5962
1.2824
0.53042
-0.095089
-0.72115
-1.091
-1.1938
-1.2903
-1.4337
-1.4323
-0.89892
-0.1607
0.049841
0.95456
1.7432
1.7751
0.9874
0.23016
-0.51206
-0.87085
-1.1172
-1.4331
-1.4516
-1.0871
-0.31413
0.59354
0.84374
1.3636
1.7407
1.4073
0.64582
-0.22625
-0.52742
-0.77823
-0.78804
-0.74049
-0.95157
-1.1137
-1.2407
-1.1815
-1.2536
-1.2532
-1.1404
-0.788
-0.35344
-0.12193
-0.42417
-0.83625
-1.0646
-0.96447
-0.89859
-1.2406
-1.4974
-1.2488
-1.1489
-0.35094
1.1116
0.79297
0.31918
1.4407
1.5308
-0.28772
-0.53315
-1.0988
-1.3329
-1.6631
-1.0076
-0.61317
0.14452
1.1052
0.32212
-0.45356
-0.87719
-1.0453
-1.1946
-1.3283
-1.3087
-1.028
-0.55242
-0.56616
-0.69406
-0.89202
-1.0653
-1.2384
-1.2091
-1.2584
-1.2219
-1.076
-0.53857
0.026454
0.8723
1.8051
1.3442
0.50239
-0.31751
-0.93142
-1.1456
-1.1385
-1.0879
-1.1082
-1.0745
-1.0884
-1.1289
-1.175
-1.154
-0.81267
-0.14522
0.96685
1.6019
1.1719
0.30431
-0.43874
-0.87228
-1.1351
-1.2778
-1.3208
-1.2871
-1.1758
-0.79097
-0.11132
0.71484
1.5216
1.7456
1.1753
0.084991
-0.63236
-1.1531
-1.6076
-1.5333
-1.1896
-0.73852
-0.088831
0.88254
0.93479
0.93257
1.5563
1.7219
1.2403
0
-0.17449
-0.95975
-1.5939
-1.7064
-0.75537
-0.76647
-0.78345
-0.60358
-0.41742
-0.89525
-0.8769
-0.93227
-1.0965
-1.3011
-1.1856
-1.0823
-1.1972
-1.3188
-0.52709
-0.019712
1.0018
1.8371
1.8899
1.072
0
-0.85058
-1.2984
-0.7666
-0.84669
-1.0691
-1.3696
-0.97558
-0.30623
-0.53603
-0.82867
-1.0129
-1.2216
-1.2512
-1.1272
-1.2447
-1.3658
-1.0121
0
0.72806
0.205
1.1869
0.99587
-0.35834
-0.98291
-1.0754
-1.1178
-1.1659
-1.181
-1.2698
-0.86046
0.070627
1.3952
1.5561
0.82418
0.048735
-0.60373
-1.1523
-1.4041
-1.5261
-1.316
-0.78216
0.17579
1.4429
1.7606
0.7963
0.035501
-0.73175
-1.2006
-1.1368
-1.1741
-1.2093
-1.2275
-1.1388
-1.0203
-0.70871
0.20973
1.3213
1.98
1.1222
0.37658
-0.47549
-0.77932
-0.75791
-1.037
-1.1456
-1.1383
-1.1635
-1.2289
-1.2563
-1.029
-0.90494
-0.57372
0.53066
1.7838
1.2817
-0.11099
-0.5585
-1.2081
-1.1906
-0.77965
-0.80734
-0.79505
-0.84649
-0.96278
-1.1632
-1.2681
-1.2142
-1.4292
-1.1593
-0.48626
0.27625
-0.24115
-0.49181
-0.53097
-0.78348
-0.98232
-1.1539
-1.3432
-1.4238
-1.4053
-0.81969
-0.13668
0.57405
1.6106
2.0814
1.0913
-0.30315
-0.6097
0.51701
-0.49025
0.95582
1.3147
0.44472
1.3324
1.2841
0.47403
-0.08457
-0.64936
-0.89527
-1.0549
-1.22
-1.2481
-1.3937
-1.2941
-1.0985
-0.1309
0.36271
0.55076
0.35847
-0.34508
-0.91583
-0.9913
-1.0105
-1.2045
-1.2482
-1.0994
-0.9573
-0.84016
-0.78797
-1.0267
-0.88838
-0.95909
-0.92822
-1.0705
-1.2194
-1.1976
-1.1334
-1.2081
-1.1735
-0.79239
-0.67359
-0.91603
-0.23199
1.4109
1.3423
0.20702
-0.43345
-0.81534
-1.0577
-1.0949
-0.91468
-0.969
-1.0584
-1.018
-1.1646
-1.2539
-1.0485
-1.0314
-1.0296
-0.70778
-0.58229
-0.7289
-0.92496
-1.0516
-1.1308
-1.1945
-1.2743
-1.224
-1.1625
-0.85376
-0.50309
-0.42027
-0.75339
-1.0462
-1.0141
-1.0969
-0.96511
-0.88118
-1.0096
-1.24
-1.004
-0.7775
-0.81005
-0.93838
-1.131
-1.2265
-1.4079
-1.2872
-0.72478
-0.58492
-0.44911
-0.75612
-1.0096
-1.0134
-0.87961
-0.98324
-1.1896
-1.3474
-1.3015
-1.1956
-1.1155
-0.36858
0.98133
1.5877
0.64048
-0.52611
-0.90472
-1.389
-1.4703
-1.2104
-0.9071
0.09309
0.6531
0.61985
0.51296
0.77057
1.1747
1.4886
1.5104
1.3105
0.57747
-0.13609
-0.86725
-1.2168
-1.1069
-1.4569
-1.4043
-0.96205
0.20787
1.1634
0.73728
0
-0.69754
-0.98052
-1.3313
-1.226
-0.95952
-0.79836
-1.1764
-1.6728
-1.3936
-0.46543
0.40537
0.30913
-0.60243
-1.2212
-1.3879
-1.2217
-1.051
-0.76271
-0.57909
-0.81525
-1.0955
-0.87151
-0.79355
-1.0396
-1.2427
-1.2116
-1.1151
-1.1273
-0.9751
-0.63696
-0.73547
-0.85318
-0.77759
-0.98435
-1.1427
-1.0353
-1.1249
-1.3138
-1.226
-1.0761
-0.91365
-0.93059
-0.49576
-0.50145
-0.51428
-0.75748
-1.0249
-1.1598
-1.2369
-1.0617
-1.1192
-0.93331
-0.98935
-1.0941
-1.4013
-1.103
-0.11575
0.72243
1.4682
1.4261
1.2235
0.40061
-0.60501
-0.88674
-1.1193
-1.3144
-1.2526
-1.13
-1.2617
-0.66335
0.68922
0.84862
0.29017
-0.4418
-0.80684
-1.0554
-1.2688
-1.3489
-1.3114
-1.1617
-1.105
-0.58324
-0.18462
0.50244
0
-0.80243
0.40738
0.80301
1.1938
1.4713
0.99425
0.30283
-0.56818
-1.1478
-1.3569
-1.3459
-1.3294
-1.3079
-0.35894
-0.56438
-0.26109
-0.43096
-1.0071
-1.1459
-0.96354
-1.0689
-1.019
-1.0737
-1.1843
-0.76127
-0.99759
-1.3842
-1.4344
-1.093
-0.71976
-0.11554
-0.3347
-0.77486
-1.055
-1.0765
-1.1942
-1.2709
-1.2222
-1.1864
-1.2007
-0.5731
-0.096375
-0.30534
-0.67285
-1.0689
-1.4206
-1.5322
-1.451
-0.85757
-0.47965
-0.13726
1.078
1.693
1.053
0.070911
-0.59108
-1.2216
-1.4119
-1.2501
-1.2744
-1.328
-1.1985
-0.58221
-0.36075
-0.56938
-0.68731
-0.69384
-0.8817
-1.0696
-1.0541
-1.1378
-1.3284
-1.1733
-1.1842
-0.94913
-0.33577
0.86816
1.2164
0.63381
-0.11199
-0.86202
-1.447
-1.6262
-1.1919
-0.60197
0.13201
0.72584
1.0688
1.2381
1.4254
1.5502
1.1056
0.2594
-0.51779
-1.5931
-0.97317
-0.41899
-0.33191
-0.67799
-0.78944
-0.94047
-1.1665
-1.4452
-1.4204
-1.1272
-1.0599
-0.48987
-0.33223
-0.17144
0
1.4166
2.1623
1.3321
0.34542
0.34365
0.44642
0.81918
1.1294
1.0662
1.0738
1.0738
1.275
1.3961
1.1729
0.84272
-0.12196
-1.2633
-1.2244
0.9182
0.79578
-0.28952
-0.41046
-0.59998
-0.80089
-0.89026
-1.0411
-1.2465
-1.3602
-1.3323
-1.1545
-0.68256
0.15469
1.1169
1.4676
1.2829
0.52091
-0.21272
-0.88559
-1.2314
-1.3997
-1.4327
-1.1188
-0.71879
0.35153
1.4575
1.5988
0.87667
0.043931
-0.74762
-1.2302
-1.3935
-1.2785
-1.1063
-1.0159
-0.97729
-0.62558
-0.7477
-1.3234
-1.348
-1.0696
-1.1615
-0.82629
-0.39354
-0.34358
-0.84399
-1.3758
-1.2307
-0.94549
-0.72009
-0.84972
-0.95306
-1.092
-1.0933
-1.012
-0.99651
-1.1101
-1.3435
-1.4442
-1.112
-0.26894
0.76042
1.0956
0
-0.71424
-1.036
-1.4837
-1.3361
-0.63536
-0.98986
-1.3246
-1.248
-0.8793
-0.57722
-0.66231
-0.68791
-0.55473
-0.6854
-0.78573
-0.88307
-1.0186
-1.1344
-1.2214
-1.2123
-1.1597
-1.2107
-1.0383
-0.94009
-0.91572
-0.040367
1.2785
1.3106
0.61381
0.21273
-0.79576
-1.3172
-1.422
-1.2763
-1.2251
-0.82291
-0.059156
1.1831
1.2185
0.36732
0
-0.71599
-1.0276
-1.3398
-1.4329
-1.472
-1.121
-0.49346
0.70133
0.55367
-0.17653
-0.57403
-0.99439
-1.0186
-1.1105
-1.2026
-1.1755
-1.1157
-0.95961
-0.79885
-0.68578
-0.87624
-0.89218
-0.98989
-1.2344
-1.2417
-1.0882
-1.0381
-1.025
-1.0247
-0.8019
-0.96677
-1.1441
-1.2429
-1.0237
-0.6208
-0.55604
-0.99431
-1.411
-1.4059
-1.5346
-0.81195
0.31464
0.73203
0.90598
0.27215
-0.61733
-0.91103
-1.0263
-1.4438
-1.4606
-1.0873
-0.66604
-0.94715
-1.2537
-1.7184
-0.29524
0.042152
-0.29828
-0.71204
-1.199
-1.224
-1.0422
-1.1857
-1.088
-1.046
-0.69102
-0.66408
-0.97147
-1.2447
-1.2406
-1.3297
-0.94747
-1.1206
-1.1438
-0.98224
-0.11654
-0.13414
-0.63624
-0.77031
-1.0393
-1.0877
-1.0866
-1.0644
-1.0153
-1.0959
-1.1803
-1.3857
-1.387
-0.83054
0.1163
0.1335
-0.4366
-0.78919
-1.1278
-1.1732
-1.19
-1.3979
-1.4395
-0.81388
-0.04519
0.65333
1.6673
1.5188
0.73155
-0.43714
-0.98868
-1.5358
-1.6043
-0.95898
-0.49357
-1.5101
-1.19
-0.20988
-0.34445
-0.84744
-1.5271
-0.67392
-0.62537
-0.86153
-1.0458
-1.2776
-1.5118
-1.3106
-0.75554
-0.38798
0.28684
1.7522
1.1959
0.046421
-0.75731
-1.0342
-1.3861
-1.5082
-1.1686
-0.80583
-0.28427
0.6627
1.4095
1.8017
1.2779
0.4941
-0.37393
-0.85416
-1.3889
-1.6563
-1.1673
-0.35332
0.72604
1.3082
0.36785
-0.47976
-0.80359
-1.054
-1.118
-1.2657
-1.2133
-1.1319
-1.2013
-1.2829
-0.8992
-0.19305
-0.12669
-0.62143
-0.83599
-0.98907
-1.1948
-1.3553
-1.1677
-1.0684
-0.79332
-0.91054
-0.83056
-0.8133
-0.96054
-1.1886
-1.3504
-1.326
-1.3484
-0.75472
-0.36878
-0.66213
-0.80427
-1.3067
-1.6982
-1.7651
-0.38541
0.15276
0.19453
0.96847
1.4103
1.7431
0.9338
0.63303
0
-0.9027
-1.0158
-0.95773
-0.91923
-1.0818
-1.3131
-1.4079
-1.2068
-0.56353
0.31972
1.1915
1.6785
1.4564
0.46985
-0.21963
-1.0356
-1.1877
-1.5521
-1.4376
-0.79133
-0.030783
0.8242
1.6604
1.6432
0.9031
0.11832
-0.52727
-0.92196
-1.2713
-1.3858
-1.2746
-1.3219
-1.0774
-0.62082
0.13726
1.1857
1.4849
1.9356
0.20754
-0.34907
0.45241
0.41498
1.6729
1.6023
0.30787
-0.7958
-0.9816
-1.5438
-1.5374
-1.1476
-0.81719
-0.64698
0.25467
0.18644
-0.21917
-0.85395
-1.3583
-1.0903
-1.1456
-1.0468
-0.81791
-0.95996
-0.80404
-1.0429
-1.2546
-1.3435
-1.3516
-0.97364
-0.4096
0.31484
1.2592
2.3421
1.2764
0.034813
-0.58576
-0.56553
-1.3452
-1.0944
-0.71076
-1.0767
-1.3471
-1.4757
-0.96427
-0.753
0.054159
1.106
1.6186
1.5539
0.88884
0.1774
-0.40435
-0.9563
-1.249
-1.5268
-1.5734
-1.1644
-0.33506
0.31852
0.33998
-0.45142
-0.99755
-1.0836
-0.97309
-0.89107
-1.0502
-1.105
-0.98371
-0.93117
-1.0637
-1.1085
-1.0547
-1.2481
-1.2316
-0.98727
-0.98711
-0.79735
-0.80124
-0.7464
-0.65941
-0.66878
-1.0814
-1.0729
-1.2229
-1.2733
-1.1148
-1.2016
-1.3475
-0.9516
-0.069764
-0.076123
-0.052458
-0.72602
-0.82121
-1.0766
-1.1141
-1.4307
-1.7215
-0.76455
0.5188
0.63479
0.48715
0.39945
-0.28271
-0.79841
-0.94926
-1.1736
-1.2968
-1.3355
-1.219
-1.267
-1.1911
-0.6539
0.068128
0.75689
0.26265
-0.30678
-0.83714
-1.1693
-1.3636
-1.4253
-1.3985
-1.1519
-0.65024
-0.33162
0.52787
0.28615
-0.42878
-1.2899
-1.3565
-1.1649
-1.0541
-1.001
-0.87622
-0.95359
-0.94108
-0.75772
-0.66811
-0.83784
-0.97405
-1.1741
-1.2402
-1.217
-1.1661
-1.2093
-1.2578
-0.57585
-0.069349
0.13825
-0.54782
-0.9087
-1.2253
-1.2997
-1.335
-1.2125
-1.0954
-0.89445
-0.46059
-0.3676
-0.43664
-0.68477
-0.89128
-1.1098
-1.2557
-1.089
-1.2225
-1.47
-1.3813
-0.38284
0.10633
0
-0.425
-0.70671
-1.0245
-1.1907
-1.2367
-1.3447
-1.321
-1.06
-0.64447
0.11887
1.2807
1.7073
1.1403
0.17858
-0.58123
-1.1284
-1.6211
-1.5474
-1.0079
-0.31868
0.39459
1.5373
1.6558
0.84417
-0.030704
-0.70489
-1.1326
-1.1651
-1.1296
-1.1276
-1.1369
-1.143
-0.92702
-0.8313
-0.69272
-0.69757
-0.91899
-1.1556
-1.1504
-1.141
-1.1791
-1.2393
-1.3086
-1.016
-0.46888
0.37879
0.040119
-0.60976
-1.1121
-1.2631
-1.3542
-1.0936
-1.181
-1.1739
-1.1062
-1.0038
-0.15048
-0.8886
-0.155
0.11444
-0.29765
-0.69147
-0.91588
-0.96802
-1.2959
-1.5488
-1.2509
-0.95813
-0.68116
-0.67898
-0.92759
-1.0841
-0.85287
-0.50507
-0.92942
-1.3335
-1.2143
-0.73465
-0.94642
-0.96849
-0.75711
-0.9895
-1.2108
-1.2055
-0.94835
-1.0431
-1.579
-1.2709
-0.77896
-0.45365
0.37379
0.39058
-0.30135
-0.87802
-1.0947
-1.513
-1.3317
-1.0637
-0.88136
-1.053
-0.92865
-0.44147
-0.51111
-0.6892
-0.67861
-0.9005
-1.1048
-1.0945
-1.2788
-1.4299
-1.4515
-0.92635
-0.3075
0.075969
0.41767
1.048
1.3219
1.3612
1.3716
1.061
0.83688
0.82368
1.5624
0.81194
0.045427
-0.77097
-1.3827
-1.6916
-1.1958
0.3209
0.96498
1.2802
1.2287
1.2379
0.29606
-0.20491
-0.65766
-0.56275
-0.69377
-0.89057
-1.099
-1.161
-1.2512
-1.2323
-1.1954
-1.1768
-0.72228
-0.30637
-0.39329
-0.72989
-1.061
-1.1777
-1.3198
-1.3409
-1.2979
-0.9646
-0.56382
-0.43254
-1.791
-0.67443
-0.3489
-0.26073
-0.34616
-0.48777
-0.73991
-1.0912
-1.1529
-1.1523
-1.1577
-0.96814
-0.72485
-0.77196
-0.91708
-1.1166
-1.1901
-1.2556
-1.3269
-1.1637
-0.87001
-0.34802
0.64382
1.8669
1.208
0.52892
-0.16516
-0.73865
-1.1218
-1.4419
-1.5414
-1.2454
-0.89726
-0.081033
0.87588
1.867
1.2081
0.39773
-0.25472
-0.86486
-1.1766
-1.2069
-1.3786
-1.4198
-1.1328
-0.16995
0.80685
1.1471
0.44938
-0.31563
-0.83115
-0.97724
-1.004
-0.97908
-0.94583
-1.0668
-1.1409
-1.0719
-1.0205
-1.0301
-1.049
-1.0519
-1.1542
-1.3126
-1.2426
-0.98622
-0.40848
0.055801
0.7023
1.4385
1.4961
1.1743
0.67044
-0.3812
-0.9683
-1.1425
-1.2521
-1.3472
-1.2411
-1.1686
-0.91589
-0.12129
-0.16887
-0.71295
-1.1635
-1.2424
-1.2485
-1.2611
-1.1105
-0.38221
0.49692
1.2886
1.6883
1.3062
0.40108
-0.29573
-0.90478
-1.1846
-1.2968
-1.2605
-1.3096
-1.2599
-0.95104
0.054223
1.1302
0.39731
-0.027923
-0.63534
-1.2216
-1.5706
-1.4029
-1.3367
-0.96418
-0.20544
0
-0.28338
-0.69687
-0.97435
-1.3089
-1.532
-1.3561
-0.71243
0.091738
1.094
1.7575
1.5565
1.1073
0.49434
-0.25531
-0.87963
-1.1284
-1.145
-1.2788
-1.3155
-1.4248
-1.2026
-0.67865
0.39725
0.75541
0.67591
-0.29999
-0.73996
-0.63035
-0.93104
-1.2657
-1.3555
-1.369
-0.98565
-0.51143
0.22263
0.46681
1.0026
1.5351
1.6171
1.2052
0.44907
-0.38033
-1.0415
-1.2861
-1.2085
-1.2274
-1.0443
-0.81472
-1.2868
-1.051
-0.73588
0.069791
0.91755
1.357
1.4538
1.3624
1.2359
0.74973
0.23948
-1.0543
-1.5928
-0.72995
0.28398
0.5671
0.88256
0.87678
0.95861
1.1906
1.3573
1.0378
0.78841
0.94781
1.1657
1.2581
1.2353
0.75268
-0.47947
-1.0705
-1.3522
-0.94354
-0.56803
0.6126
1.6936
1.6068
0.89465
0.18952
-0.63114
-0.90976
-1.1178
-1.2133
-1.3916
-1.4405
-0.80057
-0.18204
0.40038
1.0693
1.3663
1.4316
1.364
1.0559
0.41984
-0.38449
-1.0793
-1.7569
-1.5291
-0.81064
-0.16369
0.47952
0.98599
1.3085
1.4893
1.4577
0.89324
0.14993
-0.92416
-1.5457
-1.2106
-1.1589
-0.97715
-0.2001
0.7689
1.3112
1.4043
1.817
1.0385
0.097618
-1.6004
0.25634
0.1251
-0.074234
-0.10051
-1.2483
-1.7293
-1.144
-0.54719
-0.74999
-0.86916
-1.0061
-1.0556
-1.1989
-1.1352
-1.2375
-1.2902
-1.3155
-0.16191
0.77414
0.03514
-0.40932
-0.79949
-1.2021
-1.1567
-0.95055
-0.86839
-0.81293
-0.88383
-1.0969
-1.2007
-1.1649
-1.122
-0.93679
-0.90808
-0.78248
-1.034
-1.5686
-1.5301
-0.95709
-0.20319
0.46418
1.585
1.6273
0.46841
-0.44107
-0.84562
-0.8361
-0.78042
-0.8861
-1.146
-1.3652
-1.246
-1.1697
-1.1512
-0.7399
-0.35393
-0.60488
-0.89341
-0.95369
-0.95804
-1.1569
-1.2302
-1.2655
-1.2806
-1.4602
-1.1432
-0.17252
0.091496
0.87336
0.24241
-0.47435
-0.75522
-1.043
-1.1311
-1.2364
-1.3512
-1.3704
-1.1322
-0.83659
-0.10593
0.89398
1.2654
0.56284
-0.17112
-0.67304
-1.09
-1.196
-1.4277
-1.4449
-1.3041
-0.76721
0.039131
-0.04889
-0.50584
-1.1176
-1.2589
-0.75302
-0.43984
-0.7364
-1.1653
-1.2343
-1.0414
-1.0774
-1.0457
-1.0417
-0.99278
-0.88981
-0.89237
-1.1614
-1.0081
-1.0956
-1.1941
-1.4052
-1.4651
-0.68614
0.068793
-0.44315
-0.14939
-0.086561
-0.58394
-1.0697
-1.0227
-1.0359
-1.2824
-1.2515
-1.2014
-1.3106
-0.8453
-0.19999
-0.30622
-0.50948
-0.5233
-0.76141
-1.0035
-1.1492
-1.2526
-1.3797
-1.3281
-0.90415
-0.29191
0.46957
1.2654
1.6277
1.5273
1.0245
0.32236
-0.38001
-0.76893
-1.1328
-1.4184
-1.581
-1.1884
-0.38027
0.69569
1.6849
1.3215
0.31993
-0.24768
-0.71971
-1.0167
-1.2443
-1.3825
-1.5111
-1.1056
-0.42334
0.35935
1.1079
1.1897
1.0333
1.1425
1.4525
1.2744
0.50822
-0.095221
-0.69855
-1.0895
-1.139
-0.93149
-0.97464
-1.1536
-0.98172
-1.1701
-1.367
-1.2604
-1.0957
-0.90396
-0.17885
0.34095
0
-0.45409
-0.92868
-0.9286
-1.0158
-1.1175
-1.1591
-1.1312
-1.1513
-1.1763
-1.1972
-1.2541
-0.47669
1.2015
0
0.30561
-0.1659
-0.65878
-0.81646
-0.93849
-1.1231
-1.3171
-1.5598
-1.2297
-0.75047
0.1803
1.1723
0.42467
-0.31553
-0.8371
-0.93641
-0.90606
-1.0473
-1.2544
-1.3741
-1.1831
-1.0438
-0.91438
-0.99597
-1.0769
-0.69511
-0.21364
-0.19083
-0.53341
-0.6331
-0.98435
-1.0503
-1.026
-0.9949
-1.0929
-1.2423
-1.3843
-1.4076
-1.2227
-0.63624
0.45091
0.87972
0.060697
-0.60619
-1.1244
-1.2171
-1.0996
-1.0158
-1.2219
-1.3323
-1.3723
-1.0529
-0.62702
-0.27913
0.16656
-0.35375
-0.81654
-0.97599
-1.1611
-1.1582
-1.1754
-1.3336
-1.4517
-0.91188
-0.20678
-0.21667
-0.5836
-0.78698
-0.80137
-0.97429
-0.99425
-1.0533
-1.1004
-1.1776
-1.1984
-1.1881
-1.1562
-0.77855
-0.61759
-0.61833
-0.80241
-0.91807
-1.0329
-1.1151
-1.1384
-1.0312
-1.0455
-1.0969
-1.0468
-1.0646
-0.90483
-0.80419
-0.82269
-0.90132
-0.98644
-0.97944
-1.1246
-1.0548
-0.86686
-0.75499
-0.92307
-1.1402
-1.2779
-1.3907
-1.2346
-0.84362
-0.54851
-0.4493
-0.65272
-0.91137
-1.2578
-1.3496
-1.2636
-1.1079
-1.0529
-0.65938
0.6665
1.5204
1.174
0.99506
0.43069
-0.32988
-0.68734
-0.91927
-1.0453
-1.231
-1.3191
-1.29
-1.2588
-0.48891
0.68748
1.3157
0.79277
0.32741
-0.40977
-1.0602
-1.1926
-1.149
-1.0843
-1.2985
-1.2725
-1.2566
-0.47311
-0.28751
-0.49969
-0.91563
-1.3896
-1.4587
-1.3097
-0.82746
0.073268
1.1017
1.6659
1.4938
0.97733
0.046161
-0.7941
-1.4498
-1.4288
-1.2105
-1.3382
-1.0232
-0.11528
0.17799
1.1023
1.6201
1.3961
1.1594
0.90017
0.41264
-0.14405
-0.8102
-1.0844
-1.195
-1.3815
-1.3129
-1.3279
-0.8304
-0.36857
0.37643
1.1228
1.5702
1.4068
0.75265
0.4514
0
-1.0361
-1.1393
-1.0696
-0.82713
-1.1806
-1.0637
-0.93503
-1.0412
-1.077
-0.98128
-0.79773
-0.83415
-0.84761
-0.92821
-1.0609
-0.97831
-1.1853
-1.2503
-1.2636
-1.2795
-0.87156
-0.6494
-0.60494
-0.8142
-0.85597
-1.2364
-1.2703
-0.97341
-0.88798
-0.9733
-1.413
-1.702
-0.89405
-0.076246
0.79525
1.3967
-0.033099
-1.0356
-1.1797
-1.2939
-1.3828
-1.2161
-1.3287
-0.39079
0.33912
-0.15674
0.10953
0.48161
1.063
1.5672
1.4393
1.0625
0.48612
-0.30954
-0.82116
-1.086
-1.1558
-1.3004
-1.4592
-1.0869
-0.41442
0.75902
1.8549
1.2366
0.30894
-0.4108
-1.0381
-1.2863
-1.2316
-1.1422
-1.0729
-0.47951
0.3908
0.92521
1.2771
1.545
1.414
0.89913
0
-0.77629
-1.1105
-1.123
-1.11
-1.1119
-1.2046
-1.4289
-1.1221
-0.57838
0.14068
0.99608
1.4947
1.4193
1.0013
0.2442
-0.60463
-1.1011
-1.1359
-1.0612
-1.0796
-1.1023
-1.1903
-1.211
-0.96547
-0.45632
0.60212
1.6546
1.6112
0.86184
0
-0.77493
-1.1154
-1.1594
-1.2097
-1.2742
-1.2702
-1.0103
-0.4676
0.76505
1.8829
1.1068
0.10371
-0.59247
-1.0634
-1.2087
-1.1564
-1.0123
-1.0385
-1.2005
-1.147
-1.233
-1.0701
-0.32746
0.75847
1.5181
1.4409
0.98477
-0.1266
-0.51991
-0.64198
-0.84459
-1.0991
-1.2978
-1.43
-1.3369
-1.0959
-0.42985
0.64655
1.3302
0.81022
-0.056212
-0.48866
-1.0256
-1.2864
-1.3371
-1.1694
-1.0912
-1.1633
-0.94898
-0.60693
-0.51726
-0.69491
-0.68837
-0.79901
-0.89385
-1.0644
-1.3388
-1.3093
-1.2522
-0.89376
-0.25127
0.79244
1.4255
1.493
1.4404
0.94775
0.017792
-0.90303
-1.6168
-1.8739
-1.1832
-0.13932
0.10059
0.82662
1.3596
1.7688
1.0201
0.040136
-0.70099
-1.1536
-1.1827
-1.2761
-1.334
-1.2286
-0.68571
0.2857
1.5691
1.7801
0.90376
-0.013483
-0.69528
-1.0606
-1.2611
-1.2906
-1.308
-1.2881
-1.1117
-0.93003
0.018978
0.78935
1.018
1.2374
1.5355
1.5274
1.0291
0.032746
-0.81792
-1.3436
-1.2985
-0.66808
-0.72747
-1.184
-0.95993
-1.0424
-1.262
-0.93464
1.1033
1.6613
0.1523
-0.34781
-0.38291
-0.556
-0.77848
-0.98363
-1.1803
-1.2998
-1.3069
-1.3788
-1.0027
-0.66053
-0.62021
-0.21932
-0.13791
-0.3383
-0.54934
-0.90476
-1.0909
-1.202
-1.3431
-1.4293
-1.2962
-0.69574
-0.33345
-0.079788
-0.43804
-0.96101
-1.0765
-1.0316
-1.0558
-1.1979
-1.0745
-0.87352
-0.77416
-0.94638
-0.80375
-0.87554
-1.0412
-1.1824
-1.2018
-1.0972
-1.0954
-0.96426
-0.90194
-0.97824
-1.0247
-1.0935
-1.1241
-1.2485
-1.2016
-1.0152
-0.84265
0
0.94655
1.4692
1.3264
0.87472
-0.08962
-0.85519
-1.3288
-1.447
-1.5081
-1.259
-0.65872
-0.40739
-0.16166
0.14423
1.5016
2.0643
1.2077
0.27577
-0.66533
-1.2758
-1.3151
-0.61515
-0.57453
-0.96096
-1.1498
-0.95365
-0.91429
-1.0513
-1.434
-1.3519
-1.0034
-0.52966
-0.46429
-0.76598
-1.1008
-1.3358
-1.5316
-1.3396
-0.78379
-0.61632
-0.67645
-0.55253
-0.64511
-2.2299
-1.736
-0.48237
0
-0.40544
-0.69983
-1.0129
-1.1911
-1.3191
-1.1685
-1.0348
-0.91039
-0.68926
-0.86275
-0.90275
-0.99447
-0.93439
-1.0094
-1.0586
-0.95075
-1.1414
-1.3488
-1.3348
-0.91688
-0.52621
-0.56552
-0.4974
-0.55914
-0.87931
-1.1189
-1.14
-1.1263
-1.2253
-1.2363
-1.1333
-1.1666
-0.30341
0.44873
1.5736
1.5062
0.78231
0
-0.74469
-1.0256
-1.1035
-1.3948
-1.4777
-1.1502
-0.52998
0.40523
1.5202
1.9635
1.2678
0.31085
-0.61142
-1.2744
-1.3743
-1.4772
-0.71287
-0.20898
0.33107
1.1386
1.7462
1.6764
1.0114
0.13974
-0.80161
-1.2013
-1.2
-1.1811
-1.424
-1.1521
-0.37054
0.77823
1.8867
1.3195
0.65709
-1.0125
0.78809
0.25061
-0.3391
-0.5484
-1.2663
-1.3486
-1.2155
-0.90508
-0.85766
-1.1587
-1.3948
-0.98881
-1.1484
-0.99604
-1.1093
-1.0977
-0.53506
0
-0.24904
-0.54437
-1.1613
-1.4067
-1.3806
-1.1947
-1.2467
-0.52415
-0.24682
-0.49495
-0.67083
-0.94239
-1.4265
-1.6417
-1.2563
-0.73333
-0.077184
0.84179
1.8438
1.2915
0.31188
-0.22245
-0.75742
-1.0327
-1.0501
-1.2688
-1.3843
-1.2734
-1.0554
-0.64649
-0.62654
-0.45207
-0.48756
-0.88883
-1.1042
-1.2709
-1.4664
-1.3985
-0.95723
-0.39103
0.14563
0.77886
1.0928
1.6063
1.4623
0.83784
-0.20226
-0.97577
-1.2425
-1.4281
-1.5273
-1.2654
-0.61967
-0.16722
0.10185
-0.24821
-0.80017
-1.217
-1.4894
-1.4324
-1.241
-0.78429
-0.43623
0.092406
0.86694
1.5902
1.6895
0.86543
0.07846
-0.71511
-1.1854
-1.3457
-1.2509
-1.2962
-1.244
-0.93441
-0.05699
1.0982
1.2108
0.17226
-0.48859
-1.2012
-1.5654
-1.5512
-0.99005
-0.2098
0.63028
1.4594
1.3355
1.1635
1.2532
1.0595
-0.26846
-1.5605
-0.73592
0
1.6823
1.7159
0.93578
0.085857
-0.50289
-0.67291
-1.0455
-1.2827
-1.1859
-1.1265
-1.246
-1.2776
-0.99542
-0.66781
0.34652
0.49241
-0.22052
-0.94872
-1.1209
-1.0738
-1.0764
-1.133
-1.0565
-1.0416
-1.16
-0.98382
-0.93457
-0.85765
-0.72232
-0.83301
-1.0733
-1.2018
-1.0612
-1.0706
-1.0884
-1.0067
-0.97153
-0.96544
-0.92564
-0.94952
-1.0355
-1.0928
-1.1228
-1.1592
-1.1042
-1.1152
-1.2643
-1.3484
-1.0263
-0.37576
0.51355
0.96428
1.4839
1.8322
1.262
0.037945
-0.45366
-0.7297
-0.53147
-0.81375
-1.0815
-1.3518
-1.1842
-0.79853
-0.60004
-0.70797
-0.87757
-1.0335
-1.0554
-1.1379
-1.2355
-1.2865
-1.3312
-0.8233
-0.39486
0.36232
1.5405
1.9146
1.0191
-0.31741
-1.1219
-1.4655
-1.3584
-1.4083
0
0.73436
0.54268
0.94989
0.72194
-0.30479
-1.1407
-1.5442
-1.4419
-0.99261
-0.090788
0.77065
1.5764
1.5761
1.0099
0.33526
-0.43593
-1.0267
-1.3226
-1.4829
-1.2862
-0.98816
-0.51624
0.43329
1.4185
1.7885
0.61764
0.37785
-0.48214
-0.99446
-1.3273
-1.4699
-1.3651
-1.1803
-0.82025
-0.14298
0.86147
0.073093
-0.20608
-0.73321
-0.91837
-1.0102
-1.08
-1.1618
-1.3043
-1.3324
-1.2558
-0.90373
-0.42094
0.52244
0.40829
-0.45169
-0.77547
-1.0049
-1.106
-1.2705
-1.121
-1.2026
-1.5319
-0.99649
0.37442
0.33728
-0.13403
-0.39123
-0.82334
-1.1154
-1.1373
-1.2105
-1.3789
-1.3763
-1.0343
-0.72641
-0.29434
0.31683
0.15808
-0.84244
-1.9981
-1.4223
-0.78691
0.025029
0.54296
1.3414
1.3484
0.97581
0.42772
-0.37272
-0.89451
-1.1203
-1.2243
-1.2664
-1.2532
-1.2244
-1.2106
-0.67636
0.1915
0.30391
-0.37208
-0.87741
-1.1091
-1.32
-1.3808
-1.298
-1.0649
-0.55084
0.10573
0.77044
1.2934
1.4417
1.4385
1.311
0.64622
0.29952
-0.3888
-1.1301
-1.4831
-1.3031
-1.0991
-0.75452
-0.54083
-0.83987
-1.1847
-1.2006
-1.0652
-0.87639
-1.0626
-1.1448
-1.1423
-1.1088
-0.95276
-0.72137
-0.93361
-0.92612
-1.0732
-1.3356
-1.4475
-1.3095
-0.85204
-0.25355
0.68372
0.40545
-0.31203
-0.76534
-1.1066
-1.1763
-1.3237
-1.2375
-1.1162
-1.0916
-1.0849
-0.73429
0.40144
0.64623
0.16622
-0.35993
-0.85281
-1.1515
-1.2032
-1.1671
-1.1742
-1.1849
-1.2343
-1.0703
-0.68773
0.3239
1.5794
1.1195
0.16358
-0.36967
-0.93583
-1.0733
-1.0188
-1.0922
-1.1869
-1.283
-1.338
-1.0719
-0.40966
0.46617
1.2708
1.4064
1.2344
0.70897
-0.11987
-0.79666
-1.1628
-1.4445
-1.5583
-1.3497
-0.70698
0.096718
0.81403
0.85035
-0.029421
-0.7908
-1.3287
-1.3492
-1.1609
-1.0227
-0.84193
-0.93175
-1.2486
-1.2799
-0.73235
-0.92117
-1.3272
-1.5665
-0.73275
-0.26585
0.73723
1.6261
1.558
0.95571
0.42626
-0.68998
-1.1288
-0.95719
-1.0427
-1.1042
-0.95932
-0.81964
-1.2191
-1.2415
-0.59147
-0.58152
-0.85009
-1.2289
-1.4161
-1.1905
-0.98028
-0.94443
-1.2243
-1.0057
-0.84672
-0.70896
-0.69399
-0.78068
-1.416
-1.8291
-1.039
-0.056648
0.50199
0.62939
0.62505
1.2769
1.538
1.4792
1.1019
0.34006
-0.80164
-1.6205
-0.83836
0.046307
0.5611
1.1191
1.2328
1.2381
1.1185
1.3533
1.3577
0.94827
0.2835
0.29137
-0.31095
0.86072
1.651
1.0243
-0.23819
-1.0381
-1.4754
-1.3431
-1.3072
-1.0109
-0.91762
-0.80805
0
0.12129
-0.56308
-1.3577
-1.649
-1.6462
-1.0271
-0.37551
0.75948
0.94071
-0.42081
0.15595
0.78459
1.3284
1.4648
1.4291
0.90596
1.0014
-0.46214
-0.55855
-0.089316
1.148
1.4987
0.54143
-0.041857
-0.68223
-1.1718
-1.3493
-1.3567
-1.2791
-1.2435
-1.1649
-0.98237
-0.73115
0.38087
0.57646
0.1439
1.4249
1.7781
0.99724
0
-0.44195
-0.65308
-0.80673
-1.6318
-2.075
-0.41543
0.6533
0.32147
-0.20847
-0.95366
-1.1621
-1.1048
-0.77785
-0.73791
-0.92681
-1.0716
-1.2317
-1.2741
-1.2824
-1.2435
-1.011
-0.69485
-0.033014
0.28364
0.7482
1.7879
1.5876
0.84691
0.19576
-0.5339
-1.0826
-1.5954
-1.3818
-1.1404
-0.79469
-0.58629
-0.50435
-0.8138
-1.2308
-1.0888
-1.1396
-1.1361
-0.63785
