0.35427
-0.27484
-0.72712
-0.72863
-0.87655
-1.106
-1.158
-1.1998
-1.2903
-1.1567
-0.77497
-0.61776
-0.83916
-1.0391
-1.1154
-1.1149
-1.0775
-1.0106
-1.0462
-1.1897
-0.92623
-0.68477
-0.80963
-1.2519
-1.3432
-1.1487
-1.0096
-0.58344
-0.53685
-1.114
-1.2068
-0.95606
-0.82724
-0.93358
-0.89899
-0.9919
-1.2012
-1.0912
-0.90478
-0.94124
-1.0625
-0.93137
-0.92007
-1.0401
-1.0223
-0.9123
-0.95298
-1.02
-1.001
-0.99874
-1.074
-1.073
-1.0121
-1.1318
-1.2492
-1.1105
-0.99169
-0.90788
-0.81372
-0.7215
-0.79598
-0.9984
-0.944
-0.988
-1.254
-1.283
-1.1303
-1.2404
-1.2779
-0.27095
0.69837
0.09009
-0.21774
-0.72345
-1.1947
-1.2392
-1.0579
-1.1061
-1.2412
-1.1685
-1.0361
-1.0279
-0.6006
-0.23228
-0.63
-1.1989
-1.0818
-0.94494
-0.95145
-0.91335
-0.9966
-1.0829
-1.2053
-1.1578
-0.94061
-0.86152
-0.90525
-1.0161
-1.1811
-1.0515
-0.80652
-0.81229
-0.92868
-0.96375
-1.1102
-1.2881
-1.3356
-1.0339
-0.77089
-0.95618
-1.0398
-1.0246
-0.72072
-0.57647
-0.79785
-0.91758
-1.0421
-1.1229
-1.102
-1.1838
-1.2124
-1.3199
-1.111
-0.735
-0.091462
1.1924
2.4833
0.78
0.22142
-0.070659
-1.0976
-1.604
-1.2347
-0.86023
-0.99798
-1.2513
-0.9933
-0.99206
-1.2609
-1.134
-1.0469
-1.1098
-0.27054
-0.12257
-0.68547
-1.1807
-1.1882
-1.1107
-1.1968
-1.0941
-0.88696
-0.83032
-0.98765
-0.72335
-0.65283
-0.90008
-1.2069
-1.0504
-1.1067
-1.1983
-0.96279
-0.9293
-1.17
-1.0649
-0.92776
-1.1581
-0.89246
-0.36897
-0.72622
-1.5065
-1.5785
-1.1027
-0.74256
-0.65653
-0.76672
-1.1877
-1.2687
-0.8558
-0.52756
-0.7124
-1.0018
-1.0699
-1.2277
-1.3513
-1.2812
-0.95987
-0.86675
-1.0813
-1.0557
-0.80998
-0.82497
-0.87628
-0.98593
-1.2516
-1.4657
-1.0852
-0.90954
-1.1282
-1.2556
-1.0678
-1.1765
-0.26639
1.6787
1.3746
0.11236
-0.33419
-0.60477
-0.97735
-1.1253
-1.144
-1.1719
-1.2202
-1.2143
-1.104
-1.1001
-0.60699
-0.052684
-0.39644
-0.86417
-0.96871
-0.99361
-1.0651
-1.1169
-1.1725
-1.316
-1.3252
-0.85137
-0.59006
-0.79374
-0.74231
-0.48829
-0.61139
-0.87511
-0.99972
-1.1583
-1.3866
-1.4106
-1.2395
-0.87238
-0.22
0.4049
-0.16735
-1.0336
-1.1741
-1.0395
-1.0631
-1.0506
-0.84603
-0.91954
-1.1164
-1.3251
-1.4059
-1.246
-0.75075
0.45964
0.96096
-0.17242
-0.46922
-0.62381
-1.0697
-1.1899
-1.0641
-1.3542
-1.559
-1.2145
-0.2664
0.52684
0.36036
-0.51726
-0.96525
-0.82404
-0.90413
-1.0188
-1.1666
-1.0173
-0.78931
-0.88945
-1.1207
-1.2012
-1.2521
-1.2147
-0.89585
-0.59011
-0.57428
-0.73385
-0.84592
-0.99338
-1.167
-1.2749
-1.3443
-1.3036
-1.1931
-0.5082
-0.21
-0.11776
-0.10854
-0.5396
-0.75476
-1.001
-0.90855
-1.0445
-1.2062
-1.0883
-0.93256
-1.1714
-1.4463
-1.1828
-0.92697
-0.5315
0.385
1.4445
0.81563
-0.1078
-0.58085
-1.0058
-1.2589
-1.2513
-1.2046
-1.3762
-1.3999
-0.5597
-0.21671
-0.035964
-0.61395
-0.847
-0.9598
-1.007
-0.9957
-1.0296
-1.065
-0.99347
-0.82418
-0.98953
-1.1267
-1.0051
-1.0445
-1.075
-1.0374
-0.94081
-0.95145
-1.079
-1.0502
-1.2458
-1.617
-1.1769
-0.12409
0.46498
1.2644
1.3168
0.26217
-0.69444
-1.0216
-1.1637
-1.2789
-1.1577
-1.036
-0.98811
-0.99852
-0.81506
-0.74799
-0.90673
-0.95065
-1.0409
-1.1439
-1.1129
-0.95507
-1.047
-1.2378
-1.1233
-0.8802
-0.99181
-1.1782
-1.1168
-1.0653
-1.2528
-1.4886
-1.1694
-0.84493
-0.24637
0.84168
0
-1.001
-0.9088
-0.6361
-0.97156
-1.1621
-1.1179
-1.2241
-1.1163
-0.90286
-0.819
-1.1402
-0.97634
-0.60334
-1.001
-1.4941
-1.2298
-0.7579
-0.76174
-0.82352
-0.91
-1.0738
-1.0811
-0.99739
-1.1591
-1.3155
-1.1574
-1.032
-1.1355
-0.9123
-0.22953
-0.29061
-0.74474
-0.81522
-0.84185
-0.89278
-0.99392
-0.96896
-1.0968
-1.3204
-1.3109
-1.1666
-1.0877
-0.63478
0.72224
1.1462
0.198
-0.28086
-0.68176
-0.96547
-1.229
-1.2307
-1.3925
-1.4597
-1.0526
-0.063894
0.77141
0.70341
0.38133
-0.36335
-0.76888
-0.84295
-0.9056
-1.1058
-1.1913
-1.0674
-1.1528
-1.3303
-1.3275
-0.79967
-0.6647
-0.41551
0.97924
0.66733
-0.10964
-0.67992
-1.2191
-1.3974
-1.1622
-0.99135
-1.075
-1.2697
-1.1156
-0.6525
-0.71792
-1.1324
-1.4119
-1.39
-1.1332
-0.39341
-0.045328
-0.7436
-1.2513
-1.1958
-1.1031
-0.98344
-0.7522
-0.98696
-1.2969
-1.1254
-0.78583
-0.67827
-0.99576
-1.1085
-1.1731
-1.2323
-0.96303
-0.68131
-0.79246
-1.0848
-1.0133
-1.1136
-1.2108
-1.0496
-0.7995
-0.75813
-0.97883
-1.0773
-1.037
-1.1106
-1.0358
-0.94158
-1.1148
-1.177
-0.98589
-0.80306
-0.72505
-0.88563
-1.0797
-1.2179
-1.1449
-1.0587
-1.0496
-1.0178
-0.77256
-0.66999
-0.9419
-1.0757
-1.0259
-1.118
-1.1244
-0.84801
-0.75699
-0.88778
-0.98574
-1.0379
-1.2104
-1.247
-1.1456
-0.99345
-0.95194
-0.99603
-0.798
-0.76114
-0.97402
-1.0512
-1.1536
-1.474
-1.5038
-1.1621
-0.72249
-0.60134
-0.42811
-0.86247
-0.98506
-0.97395
-0.99571
-0.94791
-1.0107
-1.0395
-1.2979
-1.4305
-1.3437
-0.89045
-0.33538
-0.53762
-0.61152
-0.89667
-1.0474
-0.88775
-0.95808
-1.2344
-1.2781
-0.93877
-0.88324
-1.0583
-1.0844
-0.99597
-1.1367
-1.1976
-0.76237
-0.7089
-1.1313
-1.1573
-0.99424
-1.1288
-1.018
-0.54761
-0.65666
-1.03
-1.1786
-1.0184
-1.0124
-1.0818
-0.90932
-0.94957
-1.2624
-1.1932
-0.83417
-0.92751
-0.95792
-0.84977
-0.91717
-1.4689
-1.5536
-1.1375
-0.69514
-0.23324
-0.22244
-0.75525
-0.96096
-0.97851
-1.2644
-1.4159
-1.133
-0.79274
-0.69699
-0.79883
-0.96871
-1.0753
-1.1986
-1.1637
-1.0962
-1.2536
-1.001
-0.48048
-0.60292
-1.2332
-1.1497
-0.89826
-0.87238
-0.97735
-0.896
-0.91902
-1.0507
-1.3796
-1.416
-1.2253
-0.88568
-0.34211
-0.46855
-0.49806
-0.52389
-0.61172
-1.056
-1.1604
-1.0135
-1.0882
-1.1212
-1.1174
-0.99754
-1.0211
-0.81365
-0.63851
-0.924
-1.1481
-1.0509
-0.92959
-1.0131
-1.0655
-1.0413
-1.0298
-1.018
-1.0401
-1.1157
-1.1949
-1.0844
-0.94906
-0.96434
-1.0133
-0.74378
-0.80438
-1.0146
-0.92178
-0.99156
-1.3381
-1.5578
-0.98521
-0.49705
-0.54799
-0.84
-1.2135
-1.4291
-1.1046
-0.45271
-0.57574
-0.83177
-0.94331
-1.0289
-1.1471
-1.1584
-0.966
-1.0269
-1.2797
-1.3747
-1.0427
-0.67698
-0.56243
-0.62689
-0.9724
-1.2618
-1.0852
-0.80932
-0.99626
-1.1207
-1.001
-1.1056
-1.0182
-0.81088
-0.69868
-1.0769
-1.1884
-0.89299
-0.88919
-1.0713
-1.1627
-1.0407
-1.1215
-1.1013
-0.97773
-1.0085
-1.2168
-1.1806
-1.1646
-1.4092
-1.262
-0.52324
-0.42657
-1.9895
-1.208
0.81939
0.13692
-0.24972
-0.52566
-0.92843
-1.3732
-1.0128
-0.93198
-0.99913
-0.89561
-0.84458
-1.1163
-1.336
-1.1104
-0.9327
-1.1186
-1.0677
-0.81538
-0.70035
-1.2379
-1.3208
-1.2334
-0.98229
-0.47857
-0.3003
-0.6307
-0.99915
-1.0593
-1.1514
-1.2864
-1.3219
-1.1881
-0.93735
-0.63336
-0.40841
-0.637
-1.061
-1.0542
-1.0236
-1.3063
-1.3916
-1.1603
-1.0636
-0.85085
-0.25832
0.66
-0.18917
-0.69635
-0.66733
-0.89667
-1.274
-1.283
-0.98255
-0.92291
-0.90163
-0.91592
-1.1723
-1.3704
-1.0246
-0.72294
-0.80706
-0.76319
-0.78339
-0.92492
-1.0822
-1.1684
-1.0995
-1.1151
-1.0445
-0.88138
-0.86947
-1.0212
-1.0097
-0.93087
-1.0943
-1.0093
-0.97193
-1.0097
-1.1117
-0.85968
-0.682
-0.99565
-1.2261
-1.1949
-1.1826
-1.2093
-0.80493
-0.72139
-0.79967
-0.8316
-1.0127
-1.132
-1.123
-0.93661
-0.77673
-0.80419
-1.0165
-1.0441
-1.0829
-1.1681
-1.2292
-1.3234
-1.3483
-0.88088
0.0455
0.29733
-0.22081
-0.32227
-1.0545
-1.2228
-1.0304
-0.80253
-0.90325
-0.9215
-1.0526
-1.2287
-1.255
-1.1168
-0.96469
-1.1794
-1.5973
-0.76132
-0.052226
-0.15668
-0.672
-0.9009
-1.3588
-1.0195
-0.72684
-0.77045
-1.0431
-1.0106
-1.071
-1.1078
-0.96618
-0.90536
-0.88217
-0.88161
-0.94007
-1.1669
-1.4424
-1.3755
-0.99259
-0.60283
-0.63366
-0.72187
-0.87267
-1.0284
-0.78062
-0.69049
-0.89592
-1.0275
-0.97484
-1.0599
-1.2464
-1.206
-0.97687
-0.84457
-0.91323
-0.83243
-0.92364
-1.1849
-1.1873
-0.96382
-0.89242
-0.97531
-1.0589
-1.2047
-1.2546
-1.2579
-1.2239
-1.2058
-0.90589
-0.39935
-0.45926
-0.83535
-0.9472
-0.99791
-1.1242
-1.2128
-1.1349
-1.1079
-1.0577
-0.91323
-0.838
-0.93884
-0.9501
-0.99556
-1.1266
-1.1113
-0.89596
-0.80424
-0.97059
-1.094
-1.2102
-1.2291
-1.1546
-0.94476
-0.8866
-1.1096
-0.89563
-0.5587
-0.61565
-1.0089
-1.1138
-1.1016
-1.1267
-1.0622
-1.0171
-1.0126
-1.0517
-0.98029
-1.1185
-1.0814
-0.96096
-0.81063
-1.0173
-1.2469
-1.082
-1.1807
-1.2679
-1.2102
-0.9555
-0.58123
-0.273
0
-1.001
-2.418
-0.59075
0.43794
-0.18409
-0.78113
-1.1782
-1.2698
-1.1914
-1.0761
-0.83898
-0.86407
-1.059
-0.97804
-0.86864
-0.83143
-0.8301
-1.0103
-1.2771
-1.3102
-1.0853
-0.97566
-1.0333
-1.0939
-1.2069
-1.2818
-0.43752
0.24514
-0.70878
-0.95894
-0.68332
-0.71431
-1.1174
-1.1058
-0.95193
-0.98443
-1.2217
-1.0948
-0.81299
-0.88543
-1.1093
-1.1716
-1.0159
-0.858
-0.74686
-0.96972
-1.2977
-1.3274
-1.0528
-0.95618
-1.244
-0.98949
-0.49461
-0.60477
-0.6493
-0.74433
-1.0592
-1.2409
-1.1417
-1.1111
-1.0028
-0.86111
-0.8107
-1.0857
-1.1381
-0.94427
-1.044
-1.1986
-1.2543
-1.0515
-1.088
-0.74493
-0.38947
-0.55248
-1.0213
-1.2435
-1.1713
-1.123
-0.98849
-0.71299
-0.69917
-1.0326
-1.0599
-1.0492
-1.1155
-1.0139
-0.77916
-0.82285
-0.99495
-1.0826
-1.1513
-1.1882
-1.0617
-0.819
-0.85556
-1.0568
-1.0953
-1.1394
-1.3009
-1.0481
-0.64568
-0.63607
-0.8839
-1.0093
-1.0542
-1.0582
-1.011
-1.1089
-1.387
-1.335
-0.8114
-0.66685
-0.96756
-0.98849
-0.8012
-1.1289
-1.4349
-1.167
-0.93271
-0.89141
-0.78207
-1.0056
-1.5171
-1.2818
-0.67052
-0.69679
-1.0946
-1.1961
-1.1471
-1.1946
-0.98066
-0.65363
-0.93236
-1.3599
-1.0211
-0.86397
-1.3513
-1.4199
-0.83757
-0.54402
-0.60872
-0.71738
-0.86983
-1.1314
-1.1404
-1.0128
-0.93009
-0.94269
-0.99938
-1.0462
-1.0903
-0.91494
-0.8711
-1.1255
-1.2777
-1.0649
-0.98864
-1.1982
-1.0579
-0.69582
-0.76103
-1.2457
-1.319
-1.1084
-1.1332
-0.6425
-0.37853
-0.72737
-0.95771
-0.88481
-1.0997
-1.2176
-1.1239
-1.2157
-1.3733
-1.2409
-0.28301
0.51051
0.15805
-0.52433
-1.1388
-1.4365
-1.4711
-1.1168
-0.88911
-1.1843
-1.209
-0.28829
-0.16839
-1.2673
-0.87679
-0.91811
-1.1457
-1.0313
-0.70479
-1.2526
-1.5269
-0.8207
-1.1532
-1.2426
-0.3003
-0.12257
-1.3104
-1.285
-0.682
-0.82435
-0.9457
-0.80697
-0.77897
-1.0109
-1.0753
-0.98325
-1.1386
-1.4529
-1.4758
-1.063
-0.51403
-0.033932
-0.0616
-0.59348
-1.2936
-1.3196
-1.3888
-1.6607
-0.96579
-0.12779
-0.05315
-0.462
-0.42108
-0.7169
-1.1011
-1.1044
-1.057
-1.1869
-1.1968
-1.001
-0.98387
-1.2587
-0.92856
-0.6456
-0.65283
-0.82404
-0.91595
-0.97799
-1.1154
-1.1661
-1.0254
-0.99364
-1.0877
-0.98396
-1.0101
-1.0416
-0.76186
-0.78169
-1.3761
-1.6199
-0.98772
-0.61108
-0.6006
-0.6509
-0.78016
-1.0881
-1.23
-1.0885
-1.2142
-1.4116
-1.0846
-0.5248
-0.48435
-0.4897
-0.50556
-0.83786
-1.1497
-1.2464
-1.2898
-1.3927
-1.2623
-0.66733
0.25025
0.88475
0.4016
-0.33483
-1.0219
-1.2057
-1.1651
-1.1316
-1.1355
-1.0861
-1.1315
-1.396
-0.99608
-0.70801
-0.75656
-0.99854
-0.98585
-1.0224
-1.0375
-0.92263
-0.94061
-1.1599
-1.2675
-1.1659
-1.0696
-1.3962
-1.4212
-0.92604
-0.26292
0.3219
1.1689
0.57015
-0.064581
-0.58012
-1.0437
-1.4102
-1.4523
-1.0634
-0.73891
-0.79246
-0.9009
-0.96178
-1.0862
-0.87638
-0.77473
-1.0741
-1.2749
-1.2381
-1.154
-1.2277
-1.2289
-0.69597
-0.43752
-0.40339
-0.41094
-0.455
-0.93465
-1.1278
-0.98364
-1.0195
-1.2285
-1.1938
-1.1064
-1.1641
-0.76781
-0.32149
-0.55035
-0.88519
-1.0622
-1.1345
-1.2237
-1.2042
-1.0624
-1.0611
-1.1097
-1.2245
-0.99674
-1.0199
0
0.83955
0.0858
-0.6781
-0.87201
-1.1215
-1.4035
-1.383
-1.1688
-0.92164
-0.88509
-0.53324
-0.84409
-1.1167
-0.67992
-0.57112
-0.91645
-1.2242
-1.0931
-0.91498
-0.92223
-1.0688
-1.1215
-1.3571
-1.5245
-1.0456
-0.48603
-0.12341
-0.33
-0.53387
-1.2365
-1.4163
-0.85372
-0.73066
-1.1016
-1.301
-1.0061
-1.035
-0.8736
-0.6401
-0.6883
-0.74546
-0.80697
-0.93003
-1.1558
-1.2564
-1.2615
-1.2426
-1.2344
-0.85064
-0.33996
-0.76789
-1.2133
-0.832
-0.75615
-0.75706
-0.68833
-0.91929
-1.4706
-1.5334
-1.1097
-0.67465
-0.65897
-0.74584
-0.89302
-1.0055
-0.64695
-0.56715
-0.81048
-1.169
-1.3146
-1.3255
-1.2748
-1.0218
-0.66612
-0.56131
-0.9491
-0.87267
-0.77082
-0.94434
-1.0856
-1.173
-1.323
-1.2566
-0.82291
-0.75642
-0.98658
-0.92646
-0.65647
-0.81682
-1.0314
-1.0641
-1.35
-1.3159
-0.88151
-0.59287
-0.85425
-0.9828
-0.94219
-1.3173
-1.5095
-1.0798
-0.57988
-0.62157
-0.68276
-0.8354
-1.1689
-1.2816
-1.157
-1.0247
-1.1095
-1.1891
-0.98539
-0.96132
-0.94496
-0.76787
-0.71121
-1.0044
-1.1366
-1.12
-1.1092
-1.0825
-1.0281
-1.1462
-1.4204
-1.4505
-0.98851
-0.57272
-0.25662
0.7955
0.23324
-0.64873
-1.0641
-1.39
-1.6414
-1.4902
-0.79026
-0.15945
-0.3003
0.44162
0.63525
-0.48196
-0.74511
-0.56578
-0.62307
-0.86366
-1.0658
-1.1748
-1.3325
-1.3124
-1.0472
-0.68756
-0.572
-0.70835
-0.92607
-1.2409
-1.2559
-1.1335
-1.1699
-1.2681
-1.2815
-0.43946
0.52994
1.0748
0.19374
-1.573
-2.0547
-0.73658
0.14077
-0.34429
-0.97634
-1.0699
-1.2372
-1.3423
-1.107
-0.80636
-0.92876
-1.0204
-0.38285
-0.66934
-0.78921
-0.74198
-0.94162
-1.178
-1.2278
-1.1344
-1.1642
-1.3523
-1.2181
-0.69949
-0.31245
-0.312
-0.62238
-0.858
-1.0646
-1.2228
-1.0149
-1.0091
-0.97442
-1.3205
-1.5458
-1.1764
0.13573
0.5519
-0.29417
-0.74455
-0.8893
-1.001
-1.0823
-1.0122
-1.2121
-1.4095
-1.2986
-0.80943
-0.64749
-0.83805
-0.635
-0.7092
-0.88324
-0.88031
-0.94085
-1.2954
-1.5228
-1.224
-0.89054
-0.68876
-0.62018
-0.74631
-1.1678
-1.1615
-0.6781
-0.79491
-0.98491
-0.93792
-0.88148
-1.1332
-1.1142
-1.0149
-1.1072
-1.1917
-0.77856
-0.69727
-0.97312
-0.95938
-0.85143
-1.0065
-1.221
-1.199
-0.92316
-0.78699
-0.70547
-0.84567
-1.092
-1.1533
-1.0558
-1.0269
-1.2234
-1.3381
-1.2334
-0.88978
-0.637
-0.17222
-0.33077
-0.9797
-1.2264
-1.1243
-1.0073
-1.0821
-1.1377
-1.1323
-1.0749
-0.80265
-0.61425
-0.90974
-1.176
-1.1939
-1.0822
-0.90211
-0.88727
-0.9362
-1.3295
-1.6229
-1.1156
-0.54506
-0.40797
-0.71488
-0.96065
-1.1385
-1.0907
-1.0193
-1.0676
-1.2285
-1.3082
-1.2225
-1.1678
-1.0804
-0.72721
-0.69546
-0.7397
-0.64089
-0.6712
-0.96146
-1.2242
-1.3132
-1.2661
-1.0349
-0.7847
-0.76212
-0.95203
-1.0046
-0.8357
-0.81162
-0.96245
-1.1674
-1.3094
-1.3921
-1.0393
-0.56196
-0.65544
-1.0124
-1.0567
-1.3716
-1.6508
-1.295
-0.52226
0
0.3189
0.35123
-0.4696
-1.1821
-1.1111
-0.94624
-1.001
-1.1887
-0.94115
-0.93683
-1.1901
-1.0805
-0.88281
-0.94424
-1.1064
-0.90771
-0.86008
-1.0083
-1.1371
-1.1243
-1.082
-1.0262
-0.95879
-0.87707
-0.96991
-0.91708
-0.9407
-1.2644
-1.1653
-0.71811
-0.64889
-0.85413
-1.0129
-1.0663
-1.149
-1.1201
-1.0613
-1.1793
-1.1329
-0.79235
-0.50561
-0.74729
-0.98323
-1.0252
-1.1194
-1.1471
-0.93348
-0.7819
-0.9292
-1.0956
-0.99597
-1.001
-1.117
-1.0949
-1.0936
-1.1137
-0.99211
-0.79474
-0.8094
-1.0806
-0.94998
-0.95733
-1.1669
-1.2945
-1.3255
-1.0953
-1.149
-0.61286
-0.14077
-0.429
-0.29575
-0.6917
-1.2098
-1.4524
-1.2793
-1.2012
-1.2754
-0.90413
-0.12689
-0.23461
-0.83102
-0.78457
-0.84043
-0.98706
-0.91758
-0.93728
-0.98975
-1.0193
-0.88978
-0.9901
-1.3516
-1.4152
-1.146
-0.88846
-0.61659
-0.49831
-0.94007
-1.0151
-0.8085
-0.71734
-1.044
-1.2815
-1.4328
-1.5102
-1.1246
-0.077497
0.82841
-0.5005
0.22523
0.77629
0.19296
-0.59709
-1.2964
-1.7635
-1.6521
-0.88445
0.086625
1.0656
1.3082
0.86929
0.33061
-0.39255
-0.85543
-1.279
-1.6749
-1.6917
-1.0977
-0.1025
0.053718
-0.49641
-0.83534
-0.90449
-1.031
-0.85667
-0.78331
-0.98128
-1.023
-1.0222
-1.0892
-1.259
-1.2402
-1.2456
-1.2056
-0.83577
-0.66104
-0.93162
-0.91432
-0.73716
-0.91558
-1.0712
-1.1666
-1.3057
-1.3941
-1.2432
-0.93844
-0.58392
0.16683
0.39746
-0.030643
-0.91883
-1.1977
-1.0433
-0.96456
-1.026
-1.1229
-1.1867
-1.3008
-0.9009
-0.45731
-0.54239
-0.76945
-1.0068
-1.1041
-1.2719
-1.4472
-1.218
-0.858
-0.22808
0.90552
1.6918
1.3992
0.9728
0.62879
-0.20854
-0.9828
-1.1661
-1.0972
-1.2954
-1.0907
-0.68562
-0.62648
-1.1207
-1.5675
-1.5396
-0.99462
-0.43555
-0.43567
-1.5432
-2.2813
-1.1293
0.20245
0.27935
0.088978
-0.26759
-1.0195
-1.1978
-0.97545
-0.95313
-1.107
-1.0171
-0.858
-0.9283
-1.0321
-1.0824
-1.0413
-0.98015
-0.97507
-0.93051
-1.085
-1.2537
-1.2012
-1.1727
-0.8085
-0.36533
-0.48048
-0.95333
-1.1959
-1.1216
-1.2029
-1.326
-1.1177
-0.73082
-0.7409
-0.858
-0.79993
-0.68489
-0.82723
-0.99364
-1.0611
-1.1881
-1.2704
-1.2012
-1.0805
-0.80762
-0.64437
-0.64831
-1.0613
-1.2203
-1.0721
-0.97367
-1.144
-1.1073
-0.97395
-1.1948
-1.1136
-0.84295
-0.93765
-1.2465
-0.88046
-1.0199
-1.7723
-1.1298
0.31281
0.34745
-0.22127
-0.49488
-1.1204
-1.3347
-1.039
-0.78594
-0.85962
-1.0445
-0.93343
-0.94925
-1.078
-1.0628
-0.94789
-1.0284
-1.0171
-0.87234
-0.93771
-1.1606
-1.319
-1.2377
-1.1041
-0.78767
-0.42495
-0.6006
-0.90532
-1.103
-1.0683
-1.1678
-1.242
-1.2716
-1.1904
-0.75679
0.154
1.2303
1.5907
1.1165
0.83621
0.24933
-0.51101
-0.94901
-1.1497
-1.2666
-1.1805
-1.0099
-1.0158
-1.0552
-1.0071
-0.96349
-1.0302
-1.0093
-0.9443
-1.0224
-1.1523
-1.18
-1.2258
-1.386
-1.3118
-0.94787
-0.46502
-0.29686
-0.50371
-1.0777
-1.5803
-1.5839
-1.2391
-0.74455
-0.35951
-0.40339
-0.77305
-1.1303
-1.25
-1.2164
-1.1211
-0.9555
-0.70867
-0.79741
-0.8437
-0.77684
-0.8537
-1.1136
-1.148
-0.98421
-0.91866
-1.0298
-1.12
-1.0529
-1.0762
-0.90973
-0.7939
-0.95609
-1.1064
-1.2696
-1.1794
-1.0982
-1.0122
-0.73943
-0.70567
-0.90016
-1.0151
-1.1056
-1.2898
-0.80873
-0.6152
-0.7542
-0.9155
-1.0804
-1.2053
-1.2421
-1.1068
-1.0234
-0.94998
-0.87754
-0.81099
-0.87612
-1.0736
-0.92691
-0.90452
-1.1817
-1.5374
-1.3799
-0.87728
-0.57836
-0.32216
-0.36847
-0.74548
-1.0314
-1.0273
-1.0308
-1.2078
-1.2979
-1.1485
-1.0993
-1.046
-0.46614
-0.40152
-0.76153
-1.0144
-1.0976
-1.2661
-1.5103
-1.2188
-0.92249
-0.858
0.073693
0.53255
-0.24682
-0.82294
-1.0471
-1.2375
-1.2958
-1.0775
-0.90747
-1.0457
-0.92833
-0.8008
-1.1432
-1.5157
-1.5015
-0.75994
-0.30959
0.70937
1.9532
1.0186
-0.046558
-0.47555
-0.83337
-1.3007
-1.6095
-1.5231
-0.97156
-0.39863
0.6188
0.74301
-0.1755
-0.58627
-0.792
-0.92787
-1.0262
-1.096
-1.1241
-1.2154
-1.2965
-1.2259
-0.89106
-0.6525
-0.50321
-0.62684
-0.87026
-1.1114
-1.1972
-1.1761
-0.92607
-0.64975
-0.77471
-1.1547
-1.2769
-1.1486
-1.0063
-0.9501
-0.77045
-0.89868
-1.1239
-1.0928
-0.95663
-1.0656
-1.1655
-1.0225
-0.95402
-1.0575
-1.0449
-0.98242
-1.0569
-1.0101
-0.65929
-0.7251
-1.0213
-1.1645
-1.3303
-1.4237
-1.2002
-0.78736
-0.93366
-1.2447
-0.98106
-0.39535
-0.51493
-0.76351
-0.96141
-1.1701
-1.3523
-1.3458
-1.2827
-1.1897
-0.81266
-0.32233
-0.46927
-0.9016
-0.94023
-1.0335
-1.2131
-1.1515
-0.99513
-1.0855
-1.2694
-0.97395
-0.87933
-1.2012
-0.96263
-0.455
-0.51603
-0.70719
-0.72892
-0.91967
-1.2254
-1.3131
-1.2974
-1.2155
-1.1234
-0.65412
-0.3629
-0.54766
-0.80587
-1.0052
-1.1179
-1.1179
-1.0379
-1.0687
-1.0899
-1.003
-0.88978
-1.2012
-1.6507
-1.1462
-0.572
0.08008
0.97772
1.0195
-0.029155
-0.84625
-1.3558
-1.5475
-1.5535
-1.1402
-0.4851
-0.308
0.26993
1.6432
0.95929
-0.11893
-0.9923
-1.1051
-1.1673
-0.86232
-0.54142
-0.80893
-1.1255
-1.0999
-1.1039
-1.2815
-1.2098
-0.92587
-0.7058
-0.66871
-0.67793
-0.83847
-1.1645
-1.1419
-1.0318
-1.1742
-1.3284
-1.1854
-0.87279
-0.83309
-0.71258
-0.39679
-0.7084
-1.1802
-1.1225
-1.1418
-1.3024
-1.1813
-0.91471
-0.84257
-1.0323
-0.572
-0.66509
-1.1743
-1.2625
-1.1683
-1.1808
-1.0774
-0.72271
-0.74047
-0.95374
-0.92235
-0.69973
-1.1818
-1.5473
-1.1363
-0.8008
-0.57395
-0.64977
-0.72888
-0.99704
-1.0635
-0.98879
-1.1187
-1.1954
-1.2055
-1.0743
-1.1661
-0.86834
-0.41608
-0.62671
-1.0518
-1.098
-1.0414
-1.1247
-0.93177
-0.858
-1.0159
-1.094
-1.0829
-1.1325
-1.4857
-1.3972
-0.73966
-0.364
-0.23646
-0.12644
-0.48132
-0.94033
-1.0384
-1.0892
-1.1625
-1.2285
-1.0559
-0.89903
-0.94551
-0.82383
-0.8543
-1.0954
-1.0795
-0.89674
-0.91416
-1.2228
-1.2106
-0.87846
-0.83919
-0.98108
-1.1151
-1.3891
-1.6376
-1.2282
-0.46744
0.23526
1.2888
2.1485
0.842
-0.11575
-0.40644
-0.69457
-0.87811
-1.0749
-1.1832
-1.4038
-1.5271
-1.3356
-0.35298
0.66492
1.3829
1.1691
0.20604
-0.75231
-1.0258
-1.001
-1.3446
-1.613
-1.1157
-0.55726
0.23739
1.009
1.2576
1.1843
1.3321
1.3919
0.43264
-0.33742
-0.67842
-0.90628
-1.0549
-0.90192
-1.0484
-1.245
-1.1621
-0.82117
-0.74835
-0.94583
-1.0609
-0.98353
-0.97436
-0.99369
-0.99142
-1.0612
-1.1723
-1.0705
-0.89754
-0.96447
-0.97914
-0.82871
-1.0599
-1.2426
-1.1579
-1.0533
-0.88737
-0.75771
-0.88224
-1.1595
-1.2776
-1.2138
-1.0083
-0.95305
-1.1289
-1.001
-1.0355
-1.1064
-0.74584
-0.429
-1.0192
-1.1001
-0.72446
-0.76547
-0.90902
-0.88284
-0.88088
-1.0077
-0.95333
-0.87208
-0.931
-1.0691
-1.2659
-1.4028
-1.2897
-0.7854
0.18679
1.2234
1.6632
1.2716
0.67106
-0.054975
-0.69973
-1.22
-1.3952
-1.2974
-1.0077
-0.98625
-1.2794
-1.4205
-0.79638
0.22523
-0.11662
-0.34761
-0.68525
-1.0191
-1.0168
-1.001
-1.1602
-1.3547
-1.3463
-1.2698
-0.93781
-0.14132
0.546
-0.066
-0.31947
-0.38336
-0.83186
-1.4273
-1.2451
-0.89642
-0.81549
-0.91818
-0.97171
-1.0866
-1.0982
-1.0493
-1.136
-1.2458
-1.2138
-0.88445
-1.0787
-0.93949
-0.3003
-0.15852
-0.62956
-1.0156
-1.1432
-1.2742
-1.1761
-1.0081
-0.95241
-1.0729
-0.95577
-0.87165
-0.90452
-0.99321
-1.0688
-1.1118
-1.2692
-1.0566
-0.80568
-0.78194
-1.2634
-1.6487
-1.3164
-0.82368
-0.03003
0.22625
-0.29197
-0.97061
-1.2217
-1.343
-1.3388
-1.0267
-0.7293
-0.85359
-1.205
-1.2254
-1.0571
-0.94305
-0.88851
-0.95588
-1.245
-1.4267
-0.9477
-0.77687
-1.0664
-1.1996
-1.1436
-1.2305
-1.434
-1.1758
-0.44242
0.083743
0.92101
1.9372
1.6222
0.86857
0.2464
-0.54292
-1.0401
-1.1346
-1.1239
-1.2923
-1.2393
-0.93391
-1.0083
-1.3184
-0.797
-0.12824
-0.31686
-0.624
-0.84448
-1.1242
-1.3432
-1.3423
-1.1939
-1.0146
-0.6781
-0.5005
-0.69837
-1.0117
-1.0617
-1.0398
-1.099
-1.0358
-0.97296
-1.1588
-1.2857
-1.05
-0.92797
-1.1085
-0.94832
-0.68207
-0.67958
-0.99273
-0.9598
-0.99454
-1.0409
-0.93234
-0.92801
-1.0185
-1.2455
-1.0811
-0.97363
-1.0767
-0.924
-0.75717
-0.81578
-0.90041
-0.77706
-0.86402
-1.0985
-1.2099
-1.1946
-1.2242
-1.2973
-0.98352
-0.76298
-1.1804
-0.68771
0.31611
-0.021761
-0.43946
-0.7255
-0.9868
-1.1411
-1.1724
-1.0813
-1.1449
-1.1783
-1.0976
-1.1501
-1.1031
-0.63593
-0.34717
-0.59613
-0.89113
-1.1025
-1.3289
-1.4521
-1.3775
-0.91984
-0.19925
0.9009
1.001
-0.099547
-1.4939
-1.3703
-0.79748
-0.94957
-0.74543
-0.72453
-1.1102
-1.3386
-1.2049
-1.2512
-1.3677
-0.68176
0.033553
-0.44489
-1.1088
-0.79971
-0.74741
-1.1512
-1.3333
-1.2562
-1.2492
-1.26
-0.63781
-0.23553
-0.53387
-0.69747
-0.82033
-0.97297
-1.1445
-1.0513
-1.052
-1.0564
-0.99444
-0.93336
-1.0063
-1.1503
-1.0729
-1.0561
-1.0583
-0.88978
-0.72631
-0.91685
-1.0087
-0.80678
-0.9438
-1.3078
-1.5885
-1.3015
-0.99486
-0.0455
0.50224
-0.2283
-1.0451
-1.4767
-1.2399
-1.0312
-0.91259
-0.70095
-0.95723
-1.1873
-1.1368
-1.1559
-1.2624
-0.89888
-0.66295
-0.8279
-1.1424
-1.0679
-0.89848
-1.0288
-1.1503
-1.1139
-1.1521
-1.2293
-1.0939
-0.82998
-0.9065
-1.0141
-1.0667
-1.3123
-1.6508
-1.0972
-0.55131
-0.41172
-0.47932
-0.67283
-0.97785
-1.3108
-1.2725
-1.2375
-1.2249
-0.9735
-0.60688
-0.6435
-0.88
-0.71413
-0.90716
-1.0945
-0.99508
-0.91974
-1.0299
-1.1394
-1.0268
-1.1934
-1.577
-1.4066
-0.44965
0.082841
0.14649
-0.27677
-1.2696
-1.8869
-1.5477
-0.858
-0.62357
-0.24024
-0.15805
-0.65819
-1.3015
-1.7672
-1.357
-0.98765
-0.1638
1.4675
1.716
0.7007
0.12779
-0.51744
-1.1915
-1.3631
-1.3205
-1.2437
-1.0644
-0.58392
-0.37668
-0.9009
-1.1866
-1.3057
-1.324
-1.3218
-0.98175
-0.43377
-0.36501
-0.65819
-0.90532
-1.0186
-1.0151
-0.82411
-1.0093
-1.4609
-1.3995
-1.0067
-0.73987
-0.90757
-0.5733
-0.78446
-0.93519
-0.88132
-0.80903
-0.9295
-1.0706
-1.0076
-1.0482
-0.99502
-0.88545
-0.86382
-1.0861
-1.2289
-1.0731
-1.0402
-1.0175
-0.9024
-0.75323
-0.89712
-1.0326
-0.9382
-0.95779
-1.0628
-1.104
-1.0633
-1.1151
-1.0618
-0.94497
-0.99247
-1.1324
-0.95601
-0.78387
-0.8826
-0.99928
-1.0929
-1.2621
-1.3266
-1.0189
-0.69943
-0.71145
-0.9009
-0.8903
-0.99674
-1.1171
-1.0738
-1.0897
-1.1957
-1.1117
-0.95671
-0.95165
-0.99714
-0.8846
-0.71713
-0.95366
-0.87933
-0.74567
-0.80763
-1.0107
-1.004
-1.1728
-1.3462
-1.1523
-0.85628
-1.035
-1.2203
-0.7995
-0.53218
-0.76347
-0.86965
-0.8185
-0.98968
-1.1495
-1.0806
-1.001
-1.0052
-1.014
-1.0204
-1.146
-1.2139
-0.95133
-0.77152
-0.79877
-0.88623
-0.96955
-1.1523
-1.2835
-1.2027
-1.271
-1.3134
-1.1042
-0.8468
-0.93875
-0.49965
0
-0.67614
-1.3382
-1.2481
-1.0971
-1.1329
-0.96224
-0.61721
-0.78209
-0.96639
-0.90507
-0.93762
-1.0581
-1.0228
-1.0089
-1.1658
-1.511
-1.4396
-0.81714
-0.061286
0.7865
0.47416
-0.35231
-0.79834
-0.975
-1.095
-1.1965
-1.1369
-1.0821
-1.031
-1.0567
-1.0175
-1.0175
-1.0534
-0.89451
-0.76412
-0.7718
-0.90209
-0.89387
-0.89958
-1.1085
-1.1796
-1.2539
-1.3384
-1.2068
-0.71288
-0.31404
-0.43709
-0.54812
-0.78567
-1.0695
-1.1536
-1.1763
-1.306
-1.3471
-1.1334
-0.76743
-0.62945
0.11776
1.0542
0.54792
-0.27966
-0.77962
-0.89719
-1.0263
-1.1424
-1.1481
-1.1397
-1.1253
-1.1496
-1.2054
-1.2785
-1.0157
0
0.33707
-0.31281
-0.58208
-0.79157
-1.1323
-1.2385
-1.1954
-1.0766
-0.98833
-0.93051
-1.0099
-1.1864
-1.351
-1.2544
-1.0374
-0.90501
-0.084592
0
-0.24459
-0.52819
-0.8681
-1.2582
-1.4522
-1.4135
-1.2292
-0.95731
-0.21973
0.63221
0.54849
-0.61495
-0.96763
-1.0751
-1.0738
-1.0159
-0.82517
-0.924
-1.1087
-1.0115
-0.94467
-0.98822
-1.0487
-1.1368
-1.4099
-1.3588
-0.82956
-0.46511
-0.44791
-0.67483
-0.87411
-1.2391
-1.4006
-1.3299
-1.2579
-0.99293
-0.20359
0.87267
1.2644
0.80568
0.24931
-0.29951
-0.89553
-1.1753
-1.2451
-1.3513
-1.1534
-0.87008
-0.86639
-0.95279
-1.0388
-1.2936
-1.5805
-1.0582
0.023739
-0.093844
-0.7989
-1.0752
-1.0936
-1.1528
-1.1298
-1.1724
-1.274
-1.4355
-0.98459
-0.308
-0.091743
-0.060595
-0.3393
-0.91626
-1.2919
-1.2202
-1.2143
-1.2049
-0.95586
-0.81271
-1.058
-1.1622
-0.8439
-0.86981
-0.99009
-0.96106
-0.8964
-1.0555
-1.1721
-1.1295
-1.1768
-1.1897
-1.045
-0.89704
-1.0008
-1.0113
-0.88297
-0.99764
-1.22
-1.2456
-1.1747
-1.3501
-1.2924
-0.3003
0.64142
-0.05775
-0.40781
-0.62439
-1.2543
-1.3039
-0.90623
-0.8736
-1.2505
-1.0453
-0.88383
-1.2434
-1.2725
-0.75994
-0.48469
-0.54742
-0.6169
-0.83616
-1.098
-1.0349
-1.0204
-1.0391
-1.0377
-1.0163
-1.0322
-1.115
-1.0195
-0.88502
-0.96689
-1.0658
-1.0252
-1.0386
-1.087
-0.97976
-0.90547
-1.0376
-1.1557
-0.99944
-0.96369
-0.99602
-0.87986
-0.83847
-0.9413
-0.97514
-0.87827
-1.1044
-1.3831
-1.4993
-1.2293
-0.81382
-0.084295
0.042596
-0.73468
-1.1955
-1.1669
-0.99057
-1.0112
-1.0987
-1.0531
-1.3663
-1.6414
-1.001
0.081162
0.36622
0.68423
-0.23553
-1.2122
-1.8519
-1.001
-0.4004
-0.572
-0.78843
-1.0659
-1.3281
-1.4154
-0.91482
-0.68771
-1.3184
-1.3273
-0.9828
-0.76196
-1.2234
-0.924
-0.91396
-0.96648
-0.65283
-1.2719
-1.2451
-1.0189
-0.26276
-0.3003
-0.84
-1.1073
-1.1591
-1.299
-1.3403
-0.99147
-0.7267
-0.60963
-0.80646
-1.0526
-1.3679
-1.6577
-1.2245
-0.67172
-0.39662
0.32093
0.29155
-0.41483
-0.83141
-0.90286
-1.225
-1.5557
-1.4961
-0.83862
-0.31778
0.81284
1.9162
1.5489
0.88224
0.54189
0
-1.7486
-1.2791
-0.31611
-0.242
-0.70356
-1.2892
-1.6932
-1.6455
-0.79076
0.11462
0.86625
1.188
1.4217
1.0347
0.25763
-0.36036
-0.87608
-1.1619
-1.3066
-1.2392
-1.1685
-1.2023
-1.1334
-0.80275
-0.45498
-0.62866
-0.79564
-0.91544
-1.2838
-1.3522
-1.1781
-0.91278
-0.97832
-0.76033
-0.71822
-0.97587
-1.1007
-1.1163
-1.3033
-1.2064
-0.81756
-0.81486
-1.0804
-1.2307
-1.0564
-0.91141
-0.8774
-0.81774
-1.147
-1.2838
-1.1612
-0.91162
-0.87754
-0.88764
-0.84217
-1.0426
-1.1947
-1.1575
-1.0144
-0.92124
-0.83512
-0.67517
-0.8085
-1.0386
-1.2027
-1.1891
-1.1451
-0.99237
-0.83417
-0.83309
-0.97319
-0.9379
-0.93971
-1.1575
-1.1271
-1.0092
-0.97489
-1.0175
-0.89868
-0.88298
-1.0053
-1.0808
-1.0078
-1.0771
-1.2737
-1.3268
-1.164
-1.034
-0.51726
-0.15167
-0.38593
-0.81208
-0.83927
-1.1473
-1.4461
-1.3025
-0.98255
-0.87297
-0.92856
-0.63814
-0.5534
-0.94539
-1.0409
-1.1156
-1.3428
-1.5235
-1.2049
-0.75075
0.21298
0.54985
0.056131
-0.51531
-0.83805
-0.95748
-1.0791
-1.1589
-1.1625
-1.0131
-0.97831
-0.98113
-1.0316
-1.3169
-1.5484
-1.1891
-0.43733
0.14649
0.62131
0.33
-0.20621
-0.70505
-0.95006
-1.089
-1.2407
-1.2161
-1.1557
-1.1772
-1.1445
-0.85263
-0.52411
-0.53557
-0.56005
-0.76865
-1.0648
-1.3206
-1.2835
-1.132
-1.0276
-0.92111
-0.76365
-0.73522
-0.92035
-0.96403
-1.0157
-1.2141
-1.2129
-1.0754
-0.96636
-1.009
-0.94103
-1.1302
-1.2121
-0.90264
-0.47986
-0.57826
-0.88578
-1.0177
-1.1235
-1.2272
-1.1685
-1.0813
-1.1048
-0.9504
-0.65076
-0.70093
-1.0677
-1.1867
-0.97695
-0.89721
-0.95527
-0.92252
-0.99486
-1.0662
-1.0528
-0.98488
-1.1022
-1.1631
-0.99057
-0.87043
-0.83506
-0.86215
-0.80883
-0.98009
-1.1828
-1.2893
-1.4133
-1.2971
-0.80747
-0.25445
-0.55665
-0.6051
-0.82284
-1.35
-1.5218
-1.0784
-0.57936
-0.79166
-0.96243
-1.1002
-1.2953
-1.4069
-1.2793
-1.0241
-0.96448
-0.65796
0.17998
0.85742
1.4646
1.7659
1.3471
0.27762
-0.63065
-1.2529
-1.433
-1.2486
-0.91963
-0.86073
-0.8527
-0.58705
-0.56912
-0.89121
-1.022
-0.97358
-1.1257
-1.2405
-1.1288
-0.97976
-1.0474
-1.2451
-1.2296
-1.0883
-0.58705
-0.24514
-0.44744
-0.97319
-1.2103
-1.1096
-1.1191
-1.1746
-1.0898
-0.86753
-0.882
-0.858
-0.78829
-0.97987
-1.0654
-1.001
-0.98057
-1.1243
-1.1082
-1.0511
-1.1751
-1.4468
-1.287
-0.54894
-0.3465
-0.20213
-0.18036
-0.71713
-1.104
-1.2289
-1.1849
-1.1081
-1.0549
-1.0992
-1.1843
-1.1406
-0.98949
-0.75777
-0.59788
-0.44255
-0.60223
-0.94134
-1.1901
-1.1167
-1.0506
-1.146
-1.1246
-1.1893
-1.3065
-1.3191
-0.32465
0.60565
0
-0.34602
-0.70009
-1.109
-1.2789
-1.1188
-1.0801
-0.92776
-0.83216
-0.8804
-1.0343
-1.136
-0.96905
-0.93614
-0.98494
-1.1086
-1.0355
-1.0121
-1.0243
-1.0092
-1.053
-1.0474
-0.90836
-0.99336
-1.4599
-1.6632
-0.91717
-0.462
-0.10445
-0.30219
-0.48559
-0.80323
-1.1068
-1.193
-1.3503
-1.266
-0.75833
-0.50951
-0.79138
-0.86128
-0.85663
-1.0681
-1.2177
-1.0702
-0.97888
-1.0683
-1.0336
-0.87802
-0.8463
-0.93844
-0.92034
-1.0326
-1.155
-1.0806
-0.93936
-0.94672
-0.98041
-1.0407
-1.1456
-1.178
-0.96133
-0.76355
-0.819
-1.0698
-1.2109
-1.3406
-1.3305
-0.89945
-0.48697
-0.777
-1.007
-0.60334
-0.69034
-1.116
-1.1656
-0.98339
-0.99968
-1.0183
-1.021
-1.1299
-1.1663
-1.0185
-0.84042
-1.1027
-1.3619
-1.1324
-0.80628
-0.58558
-0.72696
-1.1277
-1.6015
-1.6098
-1.2401
-0.95054
-0.55864
0.17264
0.18231
-0.47651
-0.91995
-1.0189
-1.1709
-1.2247
-0.97699
-0.82997
-0.93515
-0.95099
-1.037
-1.1942
-1.1272
-0.84867
-0.858
-1.0149
-0.9856
-0.92456
-0.9938
-1.1597
-1.0433
-0.93111
-0.99106
-1.0977
-1.1353
-1.2091
-1.199
-0.71529
-0.69615
-1.0304
-1.0933
-1.064
-1.144
-1.3049
-1.3017
-1.2779
-0.54957
0.10415
0.026933
-0.7315
-1.109
-1.062
-1.1761
-1.3627
-1.3792
-0.9438
-0.63345
0.56214
1.2644
0.29503
-0.71928
-1.4694
-1.5717
-1.4483
-1.1954
-0.37247
-0.081162
-0.31611
-0.31611
-0.41531
-1.0248
-1.1939
-0.85582
-0.97705
-1.1507
-1.0451
-0.85441
-0.90634
-0.91712
-0.9728
-1.0755
-1.3485
-1.2518
-1.0661
-0.87626
-0.73828
-0.53296
-0.96096
-1.236
-0.86983
-0.63647
-0.85651
-1.1421
-1.3369
-1.4419
-1.2795
-0.55938
0.2914
0.82781
1.5651
1.5226
0.9282
0.044243
-0.61362
-1.0377
-1.1533
-1.0674
-0.98424
-1.0452
-1.1514
-1.1677
-1.2089
-1.2253
-1.0958
-0.77856
-0.5005
0.41781
0.74301
0.019757
-0.76163
-1.2578
-1.3847
-1.5274
-1.3977
-0.81016
-0.083883
0.77082
1.5107
0.92027
-0.069233
-0.70254
-1.1191
-1.4344
-1.5837
-1.2069
-0.69523
-0.8294
-0.72361
-0.41035
-1.2095
-1.9389
-1.3205
-0.52226
0.17325
1.3171
1.1234
-0.24024
-1.2693
-1.182
-1.1712
-1.2705
-0.55611
0.51403
1.4286
1.3314
1.2513
0.89451
-0.60775
-1.1239
-0.6093
-0.546
-0.81668
-0.86768
-0.95067
-1.0795
-1.0055
-1.0791
-1.1929
-1.1833
-0.93664
-0.79857
-0.91234
-1.0317
-1.1835
-1.3309
-1.3629
-1.061
-0.78767
-0.52932
-0.52632
-0.8757
-1.4293
-1.6735
-1.3875
-1.0682
-0.7667
-0.3983
-0.18899
-0.81379
-0.86309
-0.83525
-1.0544
-1.332
-1.2826
-1.1424
-1.0615
-0.93401
-0.70771
-0.83473
-1.014
-0.98403
-0.7561
-0.8
-0.84779
-1.0151
-1.2555
-1.3764
-1.0714
-0.82225
-0.99099
-1.1732
-0.9438
-0.61158
-0.64892
-0.93921
-1.1413
-1.309
-1.1389
-0.83229
-0.95883
-1.5015
-1.5273
-0.96525
-0.4208
0.43592
0.25235
-0.88088
-1.1193
-0.61245
-0.71258
-1.3107
-1.489
-1.2832
-1.0624
-0.77497
-0.63894
-0.58822
-0.66226
-0.67963
-0.64771
-0.90183
-1.0549
-0.99877
-1.0622
-1.1773
-1.2374
-1.1597
-1.2194
-1.214
-0.62205
-0.26933
-0.50471
-0.70878
-0.75075
-1.2951
-1.7628
-1.4763
-0.88821
0.031281
0.7939
0.43081
-0.34088
-0.88324
-1.155
-1.3641
-1.3087
-0.93141
-0.77922
-0.93398
-0.94967
-0.96618
-1.363
-1.5878
-1.0665
-0.26648
0.52772
1.3974
1.4609
0.63573
-0.26458
-0.81162
-1.2727
-1.3778
-1.2443
-0.99553
-0.84908
-0.85041
-0.69866
-0.76761
-0.83964
-0.90723
-0.99257
-1.1517
-1.3799
-1.2699
-1.0453
-0.77054
-0.52371
-0.63556
-0.91771
-1.0657
-0.97539
-1.0514
-1.0725
-1.0303
-0.98729
-1.1227
-1.1499
-0.99044
-1.0358
-1.0881
-1.1246
-0.9088
-0.79274
-0.77968
-0.66733
-0.73883
-0.93635
-1.1258
-1.1746
-1.2274
-1.1519
-1.0812
-1.2212
-1.25
-0.25467
0.92797
0.5983
-0.25783
-0.71217
-1.1029
-1.2833
-1.2179
-1.0464
-1.0575
-1.0232
-0.83353
-0.71423
-0.79575
-0.85567
-0.9584
-1.0942
-1.0546
-1.0582
-1.1972
-1.3614
-1.3052
-1.0714
-0.97723
-0.31261
0.88268
1.3956
0.6839
0.47898
-0.023512
-0.49225
-0.87498
-1.0878
-1.265
-1.3064
-1.0617
-0.98237
-1.0033
-0.90502
-0.83428
-0.95644
-1.0516
-1.0497
-1.0807
-1.2035
-1.2565
-1.212
-1.1912
-0.84084
-0.45794
-0.79491
-1.0981
-0.94521
-0.94138
-1.0738
-1.0629
-0.79235
-0.95586
-1.2346
-1.2745
-1.1043
-0.9867
-0.71903
-0.50373
-0.81563
-1.4099
-1.506
-1.102
-0.70009
-0.49202
-0.60975
-1.0715
-1.462
-1.2916
-0.99156
-1.0124
-0.95861
-0.70778
-0.74822
-1.0732
-0.99273
-0.87065
-0.99632
-1.0686
-1.134
-1.186
-1.2471
-0.7727
-0.68799
-0.93551
-0.94309
-0.86851
-1.0147
-1.099
-1.0134
-1.0468
-1.3006
-1.198
-0.84263
-0.82096
-1.2115
-1.0946
-0.95145
-0.91
-0.75412
-0.58267
-0.79464
-1.0417
-1.1767
-1.4084
-1.287
-1.0145
-0.52553
-0.80265
-0.92208
-0.59295
-0.7339
-0.87489
-0.91949
-1.0492
-1.3285
-1.3923
-1.2061
-1.0291
-0.89958
-0.80678
-0.40425
-0.308
-0.14472
-0.5444
-1.2182
-1.2602
-0.98946
-0.8994
-1.2188
-1.336
-1.1226
-0.95894
-0.80204
-0.49029
-0.60514
-0.94563
-1.0661
-1.0336
-1.0276
-1.1234
-1.0735
-1.0874
-1.1408
-0.89592
-0.60268
-0.70716
-1.092
-1.1556
-1.0797
-0.94945
-0.85702
-0.89563
-0.99147
-1.1215
-1.1157
-1.0974
-1.2399
-1.1974
-1.1215
-0.96588
-0.77186
-0.69837
-0.96871
-1.7796
-0.56991
0.23888
-0.45115
-1.1147
-1.2655
-1.4389
-1.5015
-0.6425
0.77497
0.51308
-0.36036
-0.57612
-0.85325
-1.1066
-1.0998
-1.0608
-1.1532
-1.1476
-1.0549
-1.144
-1.3239
-1.2428
-0.69627
-0.1863
0.36055
0.028387
-0.61379
-1.1818
-1.3661
-1.2885
-1.2099
-1.1918
-1.1067
-0.91204
-0.78987
-0.7511
-0.90815
-1.0222
-0.96818
-1.0591
-1.2562
-1.2978
-1.0708
-0.88906
-0.87056
-0.81526
-0.84463
-1.0383
-1.1286
-1.149
-1.189
-1.222
-1.0599
-1.0185
-0.9724
-0.82274
-0.53387
-0.60861
-0.86912
-0.93908
-0.96478
-0.99453
-1.0767
-1.1148
-1.2932
-1.4961
-1.2041
-0.588
-0.25618
-0.18359
-0.40555
-0.95792
-1.3017
-1.298
-1.1171
-1.0053
-0.87559
-0.77963
-1.0371
-1.2881
-1.033
-0.76412
-1.0936
-1.3932
-1.0335
-0.73046
-0.858
-0.71851
-0.90623
-1.1774
-1.0727
-0.61434
-1.3874
