-0.5288
0.075595
0.39715
0.73806
1.3446
1.3834
0.91022
0.30361
-0.53166
-1.178
-1.3689
-1.1795
-1.2564
-1.6
-1.8297
-1.7164
-1.5648
-1.1838
-0.51583
0
0.34428
1.11
1.5127
0.728
-0.36419
-1.0164
-1.4391
-1.0751
-0.30731
0.28824
0.42295
0.71165
0.86591
0.34651
0.096295
0.40461
0.48187
-0.057847
0.057869
0.46312
0.83005
1.3903
1.9123
2.0675
1.8169
1.4114
0.87028
0.50296
0.48374
0.61934
0.019359
-0.54216
-0.5229
-0.56173
-0.44559
0.15501
1.0271
1.1048
0.50398
-0.17447
-1.1245
-2.2491
-2.6564
-2.1523
-1.5319
-0.56233
0.63989
1.8033
2.094
1.9388
1.4928
0.46524
-0.50396
-1.1822
-1.7246
-1.9375
-1.8209
-1.2783
-0.85202
-0.94863
-0.87099
-0.65791
-0.77381
-0.69623
-0.34801
-0.54118
-0.79217
-0.48286
0
0.3088
0.52089
0.4821
0.26986
-0.077067
-0.55848
-1.0394
-1.1736
-0.53841
-0.11531
0.09604
0.36474
0.74824
0.5177
0
0.01915
0.13396
-0.0765
-0.076448
0.40107
0.47712
-0.095355
-0.24774
-0.47606
-0.79915
-0.83654
0.34195
1.6704
2.1621
2.0086
1.136
-0.30266
-1.5119
-1.8693
-1.6412
-0.69733
0.7908
1.9751
2.2174
1.7271
1.1065
0.22482
-0.52404
-0.71045
-0.46691
-0.18656
0.44726
1.6195
2.5847
2.6375
1.8738
0.64861
-0.77743
-1.627
-1.2742
-0.84846
-0.49741
0.2024
0.88215
0.89942
0.43999
-0.16479
-0.85948
-0.94972
-0.41953
0.419
0.49123
0.49059
0.59883
0.32621
-0.16289
-0.3615
-0.59568
-1.0275
-0.45006
0.30563
0.7002
0.64546
0.32229
0.32185
0.017856
-0.10699
0.19588
0.83577
1.4739
1.9506
2.3906
2.0867
1.0772
-0.017634
-0.98614
-1.5123
-1.159
-0.15782
0.3152
0.29728
0.22701
0
-0.29603
-0.55646
-0.65987
-0.79768
-0.6234
-0.10376
0.18996
-0.12071
-0.6544
-0.82548
-0.94456
-0.61741
0
-0.085519
-0.73447
-1.0235
-0.98802
-1.2589
-1.1553
-0.39024
0.32195
0.43999
0.62532
0.72579
0.28657
-0.2862
-0.75664
-1.0244
-0.97278
-0.46903
0.26769
0.66841
0.73436
0.86684
0.5994
-0.26609
-0.98005
-1.5762
-2.1876
-2.2017
-1.2236
-0.049552
0.79196
1.4009
1.3994
1.069
0.50931
0.11489
-0.34431
-0.76983
-0.35999
0.37599
0.89824
1.0442
1.0759
0.6026
-0.048816
-0.34141
-0.51979
-0.77903
-0.72974
0.081016
1.0686
1.9575
2.7805
2.7138
1.5173
0.41939
-0.016119
-0.17719
-0.12878
0
-0.048233
-0.20888
-0.096352
0.32099
0.064164
-0.43288
-0.86532
-1.4896
-2.3534
-2.9444
-2.8472
-2.7821
-2.3175
-1.2782
-0.52706
-0.87814
-1.8994
-2.4893
-2.9193
-2.9824
-2.4396
-1.7855
-1.3389
-0.76496
-0.22308
-0.27085
-0.86027
-1.4018
-1.7044
-2.0866
-2.1662
-2.0866
-2.2619
-2.1664
-1.6408
-1.1152
-0.89229
-0.81273
-0.98818
-1.6101
-1.9133
-1.5629
-1.2761
-1.4041
-1.213
-1.0697
-1.1179
-1.0384
-0.71917
-0.6555
-0.65576
-0.41603
-0.25613
-0.43242
-0.89732
-0.80158
-0.70577
-0.69011
-0.44963
-0.40169
-0.91641
-1.2548
-1.0625
-1.0148
-0.75763
-0.16131
0.35515
0.37157
0.080837
-0.29124
-1.0202
-1.2965
-0.60014
0.48702
0.95864
1.0408
0.76504
0.24439
0.081541
0.31015
0.45752
0.5234
0.65492
0.93423
1.1157
1.2483
1.1839
1.1687
1.0382
1.0064
0.99099
0.44647
-0.4801
-0.9945
-1.2446
-1.3292
-0.83179
0.13325
0.73382
1.1522
1.7891
2.4611
2.28
2.048
1.3448
0.11783
-0.47195
-0.16878
0.15212
-0.16926
-0.57629
-0.7129
-0.79891
-0.85114
-0.92057
-1.2975
-1.744
-1.5753
-1.1318
-0.99613
-0.70522
-0.55126
-1.0007
-1.9699
-2.3537
-2.3226
-2.2048
-1.617
-0.62693
-0.1221
0.06988
0.33246
0.29794
-0.052662
-0.56263
-0.54592
-0.61736
-0.63603
-0.4778
-0.62038
-1.1718
-1.2093
-0.81937
-0.7315
-0.50039
0.071601
0.51997
0.52083
0.9894
1.7118
1.6785
1.3559
1.3581
1.4329
1.0174
0.76434
1.0755
1.1138
0.71327
0.27479
-0.33029
-0.91899
-0.49707
0.42413
0.88659
0.88804
0.64859
0.14849
-0.35324
-0.40968
-0.39169
-0.44837
-0.41167
-0.074969
-0.018772
-0.18802
0.18832
0.56587
0.73679
0.90825
1.3266
1.3666
0.83647
0.39984
-0.17163
-0.87855
-1.1286
-1.0536
-1.1512
-1.2298
-0.84673
-0.26982
0.057903
0.50257
1.1228
0.8336
0.44652
0.64158
1.3239
1.5208
1.1129
1.0754
0.5678
0.078425
0.27486
0.76673
0.84651
0.61109
0.63164
0.15812
-0.37602
-0.25761
0.13889
0.4172
0.57687
0.81659
0.39883
-0.21962
-0.83958
-1.5411
-2.2643
-2.2068
-1.5666
-1.3271
-1.1273
-0.54416
-0.40353
-0.78775
-1.0919
-1.2146
-1.4185
-1.3389
-1.2387
-1.1993
-1.2006
-0.75365
-0.32623
-0.55105
-0.9193
-0.53166
-0.12281
-0.34828
-0.38961
-0.26681
-0.18488
0.22616
1.2964
1.73
1.6284
0.94898
0
-0.78521
-1.2201
-1.0969
-0.95273
-0.62181
0.20742
0.47742
0.18695
-0.64439
-1.2897
-2.1023
-2.5411
-2.1259
-1.4808
-1.0226
-0.4594
0.18805
0.14635
-0.31378
-0.2721
0.041884
-0.23049
-0.9434
-0.96487
-0.7555
-0.16797
0.84026
1.7023
2.1657
2.5453
3.0094
3.116
2.338
1.3696
0.25295
-0.99112
-1.6455
-1.4772
-1.1611
-0.52795
0.12675
1.0143
1.6488
2.6219
3.4899
3.5755
2.7088
1.9686
1.101
0.10589
-0.084735
0.042377
0.16954
0.63592
1.5689
2.2902
1.8452
1.0819
0.2546
-0.19098
-0.29712
-0.23349
-0.23352
-0.33971
0.25481
1.3804
2.23
2.5489
2.5278
1.5721
0.31868
-0.3612
-0.5737
-0.53123
-0.23375
0.70128
1.3601
1.9339
2.359
2.1465
0.87136
-0.4038
-1.4027
-2.3803
-2.7203
-2.2314
-1.2963
-0.5525
0.63748
1.8911
2.3797
1.9334
1.4659
0.87098
0.084968
-0.19116
-0.59469
-1.1256
-1.4228
-1.1678
-0.99787
-1.0827
-0.7854
-0.46694
-0.46689
-0.23342
-0.27582
-0.8698
-2.2909
-3.0753
-2.9053
-2.3112
-1.4204
-0.25437
0.29672
-0.2543
-0.40258
-0.52963
-1.165
-1.6519
-1.4187
-1.0162
-0.84672
-0.31747
0.46554
0.57125
-0.021154
-0.57105
-1.4591
-2.2411
-2.1984
-1.733
-0.95089
0.35916
1.8588
2.2808
1.4569
0.65444
0.084427
-0.46426
-1.076
-0.94925
-1.0967
-1.1808
-1.0119
-0.73772
-0.65328
-0.14749
0.50556
0.18955
-0.18951
-0.08421
0.12629
-0.042088
-0.063119
0.21035
0.063093
-0.042053
0.21022
0.37833
-0.48332
-1.2396
-1.4914
-2.0581
-2.4566
-2.1622
-1.3013
-0.77641
-0.25176
0.16781
-0.020972
-0.41935
-0.16771
0.14671
-0.062865
-0.33521
-0.06284
0.10471
0.3769
0.963
1.7163
1.9671
2.3852
2.6149
2.217
1.6938
1.3799
0.98248
0.627
1.0866
1.2536
0.66845
-0.12531
-0.31323
-0.39669
-0.79325
-0.66789
-0.35476
-0.62595
-1.0014
-0.60489
-0.12513
0.22937
0.43783
0.20846
-0.47939
-1.1254
-1.2711
-1.6251
-1.9582
-1.4372
-0.70811
-0.62472
-0.60383
-0.47884
-0.99921
-1.4987
-1.4361
-0.95728
-0.76991
-0.60339
-0.18724
-0.14562
0.12481
0.62399
1.1023
0.70708
-0.020795
-0.81096
-1.4971
-1.7257
-1.5801
-1.3305
-1.0394
-0.58207
0.062363
0.27023
0.24944
0.18708
0.10393
-0.39494
-0.54045
-0.58202
-0.91462
-1.1225
-0.60284
0.1871
0.81078
1.5385
2.1623
1.8921
1.1852
0.89418
0.54071
0.24958
0.5408
1.2065
1.6851
2.2055
2.9132
2.9344
2.2479
1.707
0.9369
-0.06247
-0.58315
-0.2083
0.41668
1.2294
2.0842
2.4598
2.0433
1.3347
1.043
0.54248
0.02087
0.10437
0.02088
-0.27152
-0.54319
-0.64783
-0.98249
-0.64823
0.29284
1.2973
1.6326
1.7169
1.8851
1.2782
0.64981
0.23067
0.50347
0.81847
1.1967
1.5333
1.3659
1.3034
1.7247
2.1464
1.8948
1.2849
1.0537
0.80123
0.88605
1.2031
1.3094
0.88752
0.69774
0.42312
-0.042338
-0.52955
-0.82661
-1.0816
-1.2309
-0.89194
-0.51003
-0.59544
-0.80867
-0.17037
0.98033
1.5356
1.7502
1.6233
1.0474
0.47066
0.1927
-0.34285
-0.98653
-0.9659
-0.53707
-0.21502
-0.043042
-0.064621
-0.73305
-1.5754
-1.7929
-1.5784
-1.0388
-0.5416
0.021686
0.54269
0.91267
0.7396
-0.021776
-1.0464
-1.5713
-1.2234
-0.76551
-0.043793
1.4468
2.7434
3.1202
2.8819
2.6651
1.4334
-0.1104
-0.9064
-0.90755
-1.0417
-0.75454
0.3111
1.0013
1.3368
1.6956
1.6086
1.0515
0.58249
0.067305
-1.011
-1.6875
-0.99142
-0.38361
0.29379
0.99584
1.4507
1.1351
0.81852
0.5693
-0.068424
-1.0051
-1.2127
-0.80211
-0.57387
0.11496
1.2206
1.7994
1.294
0.53238
-0.30143
-1.3471
-2.1638
-2.8901
-3.4323
-3.9296
-3.5617
-2.6526
-1.7402
-0.44764
0.7553
1.3479
1.2319
0.97316
0.52317
-0.69094
-2.22
-3.2766
-3.5705
-3.0733
-1.8283
-0.62672
-0.36228
-0.2662
0.24249
0.24298
-0.19477
-0.85387
-1.6868
-2.8416
-3.2402
-2.509
-1.7501
-1.235
-0.12376
0.91777
1.2926
1.3701
1.4229
1.0507
-0.10028
-0.72862
-0.55394
-0.35327
0.2276
0.88704
0.58419
-0.20364
-0.51023
-0.66477
-0.94812
-0.53932
-0.20591
-1.0319
-1.9132
-1.6843
-1.792
-2.1604
-1.9827
-1.5427
-1.2841
-0.81422
0.13162
0.73877
0.29089
-0.5566
-1.036
-1.4378
-1.3343
-0.80242
-0.24128
-0.29557
-0.3501
-0.40489
-0.54109
-0.18981
0.19025
-0.08172
-0.51874
-0.60202
-0.63082
-0.27489
0.082656
0.74559
0.91335
0.91542
1.0843
0.94743
0.16757
-0.39188
-0.056109
0.19682
0.39452
0.45189
0.33967
-0.17021
-0.68236
-0.5414
-0.77105
-1.0876
-1.3194
-1.2361
-1.2388
-1.0393
-0.52079
-0.46392
-0.37775
0.17472
0.61281
0.55562
0.73262
2.2025
2.7073
2.536
2.1276
0.97715
0.059342
-0.059463
0.17875
-0.059703
-0.44867
0
0.48048
0.54159
0.81398
0.99678
1.029
1.4554
2.5214
3.1045
2.8358
2.6883
2.4484
1.3184
-0.15358
-1.0155
-1.3255
-1.3896
-1.0208
-0.92965
-1.4589
-1.9278
-1.5573
-1.2479
-1.0625
-0.40691
0
-0.50241
-1.5411
-2.1735
-2.7447
-3.0332
-1.9935
-0.41198
0.50779
0.3814
0.031829
-0.70122
-0.92562
-0.28765
0.48007
0.16024
-0.51343
-0.99606
-2.0912
-3.4467
-3.967
-3.4229
-2.8773
-2.4923
-1.8795
-1.8816
-2.2734
-2.4059
-2.1807
-2.6065
-2.7397
-1.6977
-0.3268
1.1449
2.2264
2.1302
0.88564
-0.13132
-0.69002
-1.2496
-1.2177
-0.49407
-0.23074
-0.69274
-0.26409
-0.16517
-0.39668
-0.43002
0.95988
2.2852
2.6842
2.0889
1.2607
-0.16596
-1.1623
-1.2293
-0.831
-0.26604
1.0646
1.8304
2.0309
1.4987
0.76624
-0.73315
-1.4334
-1.267
-0.50025
0.16678
0.6339
1.268
1.2682
0.73429
0.73436
0.7678
0.50076
0.06677
0.76786
1.5023
1.4689
1.4354
0.33379
-1.5353
-2.7364
-2.8361
-3.1025
-3.0019
-2.1342
-1.5336
-1.1332
0.23325
1.4324
1.2321
0.26631
-0.96503
-2.262
-3.7241
-3.8554
-3.3222
-3.2874
-2.3897
-0.76297
0.33155
0.23196
-0.13247
-0.23169
-0.23154
-0.72724
-0.62766
-0.29711
-0.69278
-0.75821
-0.46118
-0.098749
0.32891
0.88735
1.4449
1.4108
0.9179
-0.16377
-2.0616
-3.3348
-3.3644
-3.0022
-2.4451
-1.0096
0.65071
1.6901
1.9156
1.7838
0.32398
-1.5534
-2.1012
-2.0342
-1.7093
-0.86977
0.70786
1.1248
0.89871
0.86553
0.096048
-1.1511
-1.4051
-1.0205
-0.92361
-0.38166
0.69876
1.5224
1.9321
2.7516
3.1267
2.5229
1.4485
0.75464
0.15698
-0.50157
-0.2817
0.15626
0.15601
0.21807
0.43544
0.21737
-0.99207
-1.7023
-1.6068
-1.3265
-0.49273
0.76858
1.2276
1.0723
0.97867
0.97694
0.88377
0.76051
1.4575
1.5155
0.78661
0.060397
-0.45213
-0.36103
0.27026
1.7683
2.8119
2.3586
1.6389
0.83272
-0.26713
-1.2145
-0.9756
-1.3867
-1.6195
-0.96971
-0.29325
-0.17559
-0.087613
0.37887
0.1745
-0.14511
0.60818
1.3294
1.3842
1.2374
1.4931
1.8624
1.8012
1.7972
1.4233
0.34083
-0.76517
-1.1028
-1.4953
-1.689
-1.4325
-1.2891
-1.7056
-2.3155
-2.7277
-3.5824
-3.7958
-3.0131
-2.0133
-1.4033
-0.49412
0.30126
0.13662
-0.59971
-1.1422
-1.3566
-1.7053
-1.3772
-0.51186
-0.24188
-0.69711
-0.64195
-0.45363
-0.31944
0.10623
0.13246
-0.13215
-0.052731
0.31563
0.18367
-0.052351
0.052225
-0.20839
-0.51972
-0.44069
0.56893
1.1867
1.1838
0.59048
-0.43538
-1.9928
-2.5232
-1.7797
-1.0906
-0.58194
0.27765
0.95682
0.6782
-0.10023
-0.87491
-1.6708
-2.1146
-1.8861
-1.4359
-1.2102
-0.61598
0.27038
0.73565
1.1009
1.684
1.9965
1.5789
0.87238
0.43516
-0.1206
-0.33688
0.19205
0.095804
0.071686
0.26224
1.1655
1.6374
1.468
1.2757
0.75423
0.25868
0.28157
0.93646
1.0512
0.97893
1.0931
1.1603
0.83359
0.97042
1.245
0.89725
0.045915
-0.091636
0.091444
0.25095
0.79682
1.1133
1.3604
1.335
1.6937
1.7354
1.2821
0.94284
0.4705
-0.13417
-0.6919
-0.86881
-0.88942
-0.71022
-0.19938
-0.13268
-0.33111
-0.26442
0.32994
0.021958
-0.67952
-1.1379
-1.2452
-1.0469
-0.80567
-0.50002
-0.52093
-0.47677
-0.43276
-0.54013
-0.8845
-1.5079
-1.8714
-2.1694
-2.0806
-0.89965
-0.042783
-0.34181
-1.0668
-1.2998
-1.6813
-2.1681
-2.5265
-2.6083
-2.2029
-1.5446
-0.46498
0.042226
0.37965
0.63212
0.5473
0.4837
0.52528
0.18893
-0.56632
-1.1317
-1.0471
-1.3392
-2.0283
-2.2149
-1.8793
-1.419
-0.70908
0.54193
1.5207
1.5408
0.70759
-0.33283
-1.5179
-1.8915
-1.5168
-1.2463
-1.1836
-0.85118
-0.62268
-0.58107
-0.82997
-0.95436
-1.3069
-1.4106
-0.8505
-0.49787
-0.41491
-0.45645
-0.35275
-0.43583
-1.0379
-1.308
-1.2876
-1.3919
-1.3092
-0.81078
-0.35356
0.16646
0.81187
1.0831
0.52099
-0.31278
-0.70941
-1.4198
-1.5879
-0.91999
-0.12555
0.12565
0.39823
0.71325
0.33596
-0.73561
-1.5358
-2.0218
-2.3401
-2.2161
-1.3312
-0.48655
0.40242
1.1876
1.5501
0.87173
-0.14903
-1.0447
-1.9216
-2.1596
-1.6489
-1.008
-0.40814
0.30122
0.94824
0.75555
0.12975
-0.28161
-0.54252
-0.65222
-0.52274
0.021822
0.10932
-0.065722
0
-0.087983
-0.30858
-0.22088
-0.39843
-1.2644
-1.9119
-1.6265
-1.3623
-1.1639
-0.6282
-0.22489
-0.49594
-0.58754
-0.56634
-0.56775
-0.31875
0.27391
0.89251
0.68835
0.55214
0.71509
0.94833
1.7627
2.5583
2.5422
1.6138
0.98513
1.0115
0.63697
-0.14197
-0.64074
-0.42844
-0.047748
0.40709
0.55246
-0.24094
-0.94261
-0.99406
-0.60806
-0.6832
-0.80778
-0.36836
-0.22174
-0.34605
-0.496
-0.64694
-1.0485
-0.87672
-0.60321
-0.35307
0.22775
1.1681
1.5798
0.8182
0.025658
-0.77243
-1.7053
-2.0744
-1.5613
-1.3318
-1.1269
0.026302
1.0031
0.90072
0.13294
-0.080053
-0.45529
-0.99454
-0.51258
0.21661
0.35329
0.79102
1.6426
1.4838
1.0756
1.2457
1.0281
0.64144
0.69981
1.5453
2.0869
1.9248
1.9036
2.0532
2.2326
2.5857
3.0567
2.4602
1.8303
2.5077
3.1316
2.7907
2.5651
3.0777
3.0296
2.9215
2.9322
2.4024
1.7782
1.4822
1.5786
0.85311
-0.15289
-0.98201
-1.6939
-2.2871
-1.861
-0.56028
-0.24989
-1.1284
-1.7929
-2.2726
-2.5021
-1.7479
0
0.47995
0.57788
0.93414
0.77565
0.74578
1.2362
1.1749
1.0478
0.19709
-0.065904
-0.26445
-0.33159
0.13305
0
-0.90356
-1.2419
-0.70699
-0.40519
-0.50796
-0.16981
0.068118
-0.47817
-1.096
-1.0304
-1.8597
-3.2115
-3.8778
-3.0896
-1.0789
1.0119
2.4836
2.6301
2.6365
2.6781
2.0133
0.56646
-0.60324
-1.2092
-1.6039
-1.6074
-1.4319
-1.6501
-2.3005
-2.4492
-1.227
-0.10847
1.449
2.9397
4.0358
3.7879
3.1742
2.8506
1.7936
0.65993
-2.6805
-3.6039
-3.5723
-3.0241
-2.4374
-0.96144
0.55538
1.1492
0.81653
0.85461
0.48357
0.14895
0.26092
0.63426
0.074687
-0.26163
0.29925
0.78614
0.52448
1.0122
1.1629
0.71315
0.4131
1.3902
2.481
2.8204
2.8591
1.8063
0.37641
-0.6024
-1.318
-2.2221
-2.7496
-2.4107
-1.7327
-1.4313
-1.1299
0.18829
0.82833
0.94108
1.7311
1.9187
0.97784
-0.15038
-0.63883
-1.4649
-2.4027
-2.8516
-2.4374
-2.2859
-1.9099
-1.1227
-1.421
-1.9056
-2.016
-1.6785
-2.1987
-2.6062
-2.1944
-1.7835
-0.96502
-0.33368
0.18517
0.33291
0.77585
0.92249
-0.22111
-1.3617
-1.3232
-0.9543
-1.0263
-0.73198
-0.21927
-0.32841
-0.80155
-0.32739
0
-0.25382
-0.2172
0.14456
0
-0.46818
-0.1438
1.0407
1.8269
3.4682
3.997
3.4552
2.382
1.7032
0.84991
0.2474
0.035272
0
0.10538
0.07011
0.52472
-0.52362
-0.87083
-0.034758
1.2486
2.0418
2.0719
1.7227
0.96258
0.72031
1.3689
2.0828
2.4528
2.4472
2.1702
0.54129
-0.87753
-1.2795
-1.0414
-0.63674
0.2006
1.7677
2.4289
1.9252
0.7947
-0.56155
-1.8124
-1.4464
0.098375
0.85049
1.4031
2.246
2.3054
1.7491
1.454
1.257
0.83593
0.28865
0.15996
0.28722
-0.031834
0.73037
1.2987
0.72675
0.28368
0.18865
-0.31364
-1.0324
-0.96748
-0.93396
-1.3664
-1.7658
-1.0816
-0.43157
0
0.30676
-0.55082
-1.5874
-2.0708
-1.5189
-1.485
-1.7232
-1.3873
-1.3539
-1.7409
-1.9164
-1.5534
-1.9967
-2.5272
-2.5509
-2.3969
-2.0666
-1.2371
-0.058772
0.46909
0.70201
0.37939
0.1747
-0.23241
-0.28985
0
-0.69252
-1.6123
-2.097
-2.5797
-2.7456
-2.283
-1.5946
-1.7332
-2.1264
-2.2633
-2.456
-3.0424
-2.5862
-1.6831
-1.5116
-1.7598
-1.5053
-1.1127
-1.0549
-0.77573
-0.69121
-0.82778
-1.0739
-0.85194
-1.0422
-1.2044
-0.71029
0.081796
0.081637
-0.10864
0.24396
0.59521
0.97212
1.671
1.4527
0.34906
-1.0452
-1.5783
-2.2162
-2.6118
-1.942
-0.92938
-0.079517
1.0054
2.1656
2.3199
2.2894
2.7319
2.7795
1.8846
1.019
0.99118
0.26038
-0.57184
-0.70059
-0.75118
-0.41373
0.43883
1.1854
1.2091
0.87318
1.0512
0.97261
0.30662
-0.15305
0.17826
0.076269
-0.32995
-0.60811
-1.5177
-2.4243
-2.2942
-1.334
-1.0805
-1.0536
-0.70125
-0.60007
-0.82373
-0.52333
0.099516
0.44708
1.1159
1.8814
1.8042
0.64151
-0.78825
-1.8198
-2.5778
-2.7941
-2.1044
-1.4413
-1.1462
-0.46259
-0.29167
-0.94634
-2.0348
-2.9987
-3.7421
-3.9767
-3.0076
-1.4171
-0.64742
-0.383
0.14338
0.2624
-0.23814
-0.11886
-0.49835
-0.92389
-0.89862
-0.023606
0.98971
1.3643
1.3619
1.1719
0.63171
-0.11677
-0.44293
-1.1169
-1.9279
-2.0634
-1.7819
-1.8017
-1.4525
-0.69039
-0.34455
0
0.64073
0.571
-0.25076
-0.9556
-1.6123
-2.5384
-3.2121
-3.0027
-2.0054
-0.92199
0.067329
1.1199
1.6318
1.7401
1.3358
0.53325
-0.39912
-0.19915
0.35332
0.57297
0.72572
1.229
0.8541
-0.13112
-0.82871
-1.1751
-1.2595
-0.82344
0.2811
1.3593
2.0454
2.7284
2.5081
1.2834
0.44822
0.085187
-0.40375
-0.93294
-0.71931
-0.042219
0.42125
0.71452
1.1533
1.067
0.52185
0.18744
-0.27014
-1.1818
-1.6549
-1.6098
-1.5444
-0.96561
0.18448
1.1453
1.2651
0.83465
0.54839
-0.12158
-1.0109
-1.3313
-1.2678
-0.86335
-0.14022
0.79941
1.4157
1.7506
2.1237
2.0396
1.1063
0.039421
-0.86527
-1.707
-2.0945
-1.953
-1.5394
-1.1665
-0.75647
-0.23223
-0.25101
-0.19265
-0.076886
-0.57534
-1.2055
-0.9737
0.1143
1.3115
2.3327
2.9142
2.5868
1.5072
0.73316
0
-0.93588
-1.6436
-1.4351
-0.79971
-0.24126
0.40743
0.81316
1.0143
1.1779
1.1755
0.29327
-1.061
-1.6978
-1.7855
-1.6184
-1.0163
-0.018113
0.54235
0.46915
0.46826
0.35953
0.17943
0.1612
0.42908
0.35693
0.071261
-0.32011
-0.78116
-1.0457
-0.81391
-0.45928
-0.59962
-1.0036
-0.94931
-0.43881
0.1402
0.38498
0.47178
-0.20937
-0.78404
-0.76554
-0.46912
-0.19087
0.32924
0.89992
1.3309
1.6573
2.2932
2.6867
2.2019
1.5981
0.85825
0
-0.44537
-0.65028
-0.76934
-0.87111
-1.0069
-0.8014
-0.71555
-0.71499
-0.35723
-0.33997
-0.45865
-0.16976
0.11876
0.28825
0.37283
0.54202
0.60949
0.43999
0.55823
0.81169
0.79452
0.6084
0.62515
0.35474
-0.21956
-0.47285
-0.77675
-1.3677
-1.8742
-1.9756
-2.0433
-1.9928
-1.8073
-1.4867
-1.2505
-1.0818
-0.52414
-0.10148
0.033841
0.35549
0.67744
0.54223
0.16954
-0.050894
-0.74692
-1.1381
-0.95198
-0.57843
-0.034053
0.92022
1.8933
2.2536
2.3754
2.1897
1.5413
0.63435
-0.4806
-1.3404
-1.8411
-1.9641
-1.3801
-0.55281
0.086499
0.88358
1.5096
1.3381
0.95732
0.85428
0.66362
0.15744
-0.22782
-0.35113
-0.17589
0.22909
0.82986
0.79612
0.195
0.017764
-0.21362
-0.42816
-0.26819
0.035838
0.2694
0.48605
0.83004
0.81395
0.36264
-0.18177
-0.10934
0
0.036636
0.25713
0.23941
0.0554
0.055554
0.51996
0.96841
1.4008
1.7046
1.503
0.92337
0.39694
0.34129
0.11412
-0.05724
0.40196
0.99856
1.4642
2.1263
2.948
3.1526
3.3195
3.0959
2.4185
1.3023
0.19802
-0.31797
-0.81776
-0.48044
0.28129
0.98817
1.2955
1.3614
1.4889
1.1875
0.82216
0.74283
0.37288
-0.39515
-0.70993
-0.2306
0.042097
0.21134
0.33953
0.19177
-0.23535
-0.47267
-0.64724
-1.3216
-2.0669
-2.4253
-2.3479
-2.0274
-0.90739
0.088909
0.53577
0.69506
0.67558
-0.090473
-1.4539
-2.0765
-2.0169
-1.6806
-0.92497
-0.092911
0.46664
0.56248
0.54147
0.16554
-0.47511
-1.05
-0.79105
-0.65017
-0.4596
0.1215
0.68349
0.76017
0.98534
1.3363
1.0441
0.92396
0.90308
0.8064
0.63287
0.55946
0.30655
-0.35926
-0.64444
-0.15537
-0.078034
-0.47032
-0.78739
-1.1864
-1.5625
-2.1812
-2.4314
-2.3886
-2.1026
-1.1101
0.054389
0.27313
0.46635
0.8541
0.99614
0.2779
0.055817
-0.22422
-0.64736
-0.59355
0.51089
2.0806
2.6615
2.5863
1.9043
0.89808
0.46539
0.90529
0.70365
-0.029434
-0.088645
-0.26696
-0.77418
-1.1358
-1.11
-1.6261
-2.0552
-1.6987
-1.1873
-0.91655
-0.70517
-0.24613
-0.27785
-0.46465
-0.12432
-0.15592
-0.93857
-1.4124
-0.85012
-0.63169
0.031682
1.0487
2.0399
2.2057
1.6991
1.5432
0.61253
-0.19396
-0.84274
-1.4299
-1.9875
-1.7638
-0.88409
-0.65646
-0.2303
0.49463
0.1983
-0.9274
-1.7592
-2.3947
-2.8994
-2.7715
-2.5091
-1.5417
-1.2423
-0.8408
-0.74112
-1.2821
-1.6896
-1.7936
-1.8638
-2.2057
-2.3444
-2.4152
-2.9288
-2.7274
-1.8087
-1.0248
-0.99149
-0.71857
-0.20546
-0.23987
-0.68576
-0.92629
-1.4073
-2.5754
-3.2633
-3.4704
-3.5743
-2.8186
-1.3407
0
0.24063
0.89369
1.031
0.48102
-0.24043
-0.27468
-0.99528
-1.8523
-1.2685
-0.23983
0.51355
1.6079
2.6662
1.81
0.54589
-0.068166
-0.44259
-1.0202
-0.98496
-1.1194
-1.5921
-1.2516
-0.10133
0.57331
0.20202
-0.70588
-1.3758
-2.3781
-2.6746
-1.5683
-0.39963
0.066469
0.33165
0.4633
-0.13208
-0.85656
-1.0518
-0.85251
-0.85042
-0.55465
-0.16271
-0.097373
-0.35608
0.25826
0.93359
0.67413
0.57615
0.8936
0.70001
0.25377
0.31623
0.63048
0.31423
0.21925
0.062436
-0.71561
-1.3023
-0.52533
0.67747
1.9332
2.7518
2.7114
1.8819
0.84676
0.18077
-0.78037
-1.7342
-1.6083
-1.5724
-1.448
-1.089
-0.029316
0.49635
0.95956
0.75291
0
-1.3784
-2.0875
-1.7085
-1.7579
-1.5809
-0.6465
0.1959
0.91948
2.136
3.1483
2.8318
1.8064
0.35421
-1.2477
-2.592
-2.7682
-2.5682
-2.3434
-2.0144
-1.2664
-0.91907
-1.3068
-1.3527
-1.3204
-1.7265
-1.6414
-0.9444
-0.53346
-0.35394
0.37741
1.252
1.6946
1.5872
1.7277
1.3018
0.1711
-0.68112
-1.1136
-1.0841
-0.74322
0.047718
0.40364
0.28354
-0.047029
-0.79563
-1.7
-2.4566
-2.3294
-1.951
-1.7817
-1.2048
-0.33935
-0.022515
-0.15685
-0.62441
-1.6202
-2.5844
-2.5721
-2.2755
-1.9599
-0.932
0.75505
2.319
3.7828
4.5311
4.1501
2.9296
1.7203
0.73092
-0.39498
-1.1589
-1.236
-0.86132
-0.6533
-0.060974
0.62726
0.94681
0.82232
0.47925
0.19882
-0.53449
-0.94613
-0.68694
-0.4495
-0.21407
0.34883
0.81053
1.1531
1.4355
1.6011
1.4428
1.1534
0.92276
0.3939
-0.2242
-0.22332
0.09269
0.51707
0.975
1.6311
2.0266
1.6917
1.178
0.39725
-0.4138
-1.0039
-1.1075
-1.1214
-0.81596
0.21212
1.2332
1.4923
1.2249
0.78482
0.12168
-0.58912
-0.55269
-0.36155
-0.15447
0.18821
0.75054
0.78228
0.47475
0.13524
-0.28656
-0.60509
-0.7207
-0.66855
-0.73337
-0.53191
0.34813
1.5211
2.2098
2.5824
2.5759
1.833
1.0449
0.40717
0.016248
-0.32421
-0.29112
-0.14523
-0.28982
-0.36951
-0.3046
-0.39994
-0.97385
-1.4339
-1.3516
-1.1902
-0.77614
0.04743
0.59968
0.74039
1.0064
1.0675
0.87764
0.76668
0.92166
0.96702
1.1369
1.4306
1.413
1.0389
0.49551
0.18557
-0.35521
-0.97175
-1.2016
-1.2156
-1.2911
-1.1054
-0.64413
-0.21449
0.061221
0.13761
0
-0.32052
-0.53374
-0.35046
-0.45676
-0.56291
-0.34967
-0.030385
0.075915
-0.015174
-0.03033
-0.24251
-0.21209
0.22713
0.83244
1.1801
1.4519
1.8142
1.2998
0.33241
-0.40786
-1.1176
-1.9328
-2.3099
-1.9776
-1.7359
-1.1773
-0.2264
0.58864
1.0868
1.4642
1.6757
1.1625
0.0151
-0.80045
-1.2085
-1.6318
-1.6625
-1.6025
-1.6635
-1.4522
-0.83231
-0.030278
0.48464
0.63638
0.48508
-0.10616
-0.7587
-1.0931
-1.5191
-1.8847
-1.46
-0.97396
-0.80708
-0.64
-0.76243
-0.99186
-1.2216
-1.1003
-0.67292
-0.22959
0.015318
0.29128
0.32222
0
-0.2613
-0.41537
-0.38495
0
0.77134
1.3897
1.4065
1.2532
1.0531
0.5426
0.18622
0.37283
0.52873
0.51373
0.21818
-0.15601
-0.29674
-0.17199
0.21914
0.23505
-0.047063
0.015706
0.094341
-0.015742
-0.04728
0.25245
0
-0.64843
-0.90254
-1.1414
-1.4126
-1.1282
-0.6682
-0.669
-0.81334
-0.67061
-0.36768
0.064022
0.65702
1.2675
1.1084
0.4664
-0.048307
-0.85445
-1.5334
-1.212
-0.61483
-0.32398
-0.14597
0.016238
0.32514
0.50455
1.0755
1.7456
1.7803
1.6352
1.7189
1.3931
0.27893
-0.64062
-1.6115
-2.4365
-2.6863
-1.9798
-1.1066
-0.08267
0.71171
1.1101
1.1113
1.4278
1.7284
1.1479
0.28309
-0.41672
-1.3014
-2.1878
-2.5074
-2.0078
-1.4234
-0.53636
0.50327
0.70519
0.28567
-0.28591
-0.74059
-1.7182
-2.3601
-2.1763
-1.9585
-1.8416
-1.5217
-0.81211
-0.33861
0
0.10171
0.16962
-0.15275
-0.45852
-0.44178
-0.66303
-0.93552
-0.90195
-0.56186
-0.22144
0.39195
1.2957
1.6032
1.6038
1.5531
0.88781
0.20494
0.051251
0.068353
0.051277
-0.068385
0.1026
0.47889
0.46186
0.27374
-0.34221
-1.3348
-1.6771
-1.2665
-0.73597
-0.51348
0.1027
0.7702
1.4719
1.7798
2.293
2.3099
1.8135
1.3856
0.76964
0.171
-0.068386
0.52987
0.66645
0.54669
0.47822
0.35856
0.20482
-0.10238
-0.28996
-0.28986
-0.11931
0.13629
0.39168
0.56172
0.8507
1.1734
0.86687
0.42472
0.13584
0.16971
-0.16961
0.050854
0.79625
1.0159
0.86296
0.64259
0.033799
-0.70931
-1.4177
-1.7877
-1.4663
-0.67368
-0.01683
0.47089
0.75624
1.1083
1.1578
0.45271
-0.33508
-0.71986
-0.71929
-0.53486
-0.066803
0.5173
0.60025
0.26656
0.14981
0
-0.54839
-0.96303
-1.4599
-2.304
-2.4677
-1.4396
-0.62826
-0.31386
0.18155
0.3463
-0.32952
-1.0206
-1.2994
-1.5283
-1.6748
-1.4437
-1.3277
-1.7033
-1.6691
-1.0464
-0.73514
-0.29381
0.16309
0.55407
0.63503
0.5369
0.50396
0.30864
-0.14608
-0.72985
-1.0696
-0.92308
-0.59875
0.12937
0.53325
0.87198
1.178
1.2578
0.95079
0.62808
0.43455
-0.17693
-0.24112
0.064261
0.064225
0.064189
0.38493
0.91373
1.2017
1.073
0.6563
-0.064001
-0.57577
-0.81535
-0.7671
-0.43134
0.14373
0.92598
1.8036
2.0903
2.2334
2.0574
1.5308
0.95661
1.1318
1.1158
0.63753
0.22312
0.04781
-0.28686
-0.36655
0.031876
0.43036
0.65358
1.1001
1.3554
1.4195
1.691
2.1063
2.075
1.8522
1.8528
1.7577
1.3268
0.62373
0.62404
0.75244
0.72082
0.73728
0.76982
0.69009
0.86722
1.4464
1.528
1.2556
1.0794
0.74173
-0.38735
-1.2278
-1.5686
-2.2662
-2.8196
-2.5956
-2.1926
-1.561
-0.3256
0.99434
1.7954
2.6313
2.7332
1.9995
1.0176
0.14794
-0.67499
-1.2367
-1.1891
-0.77753
-0.29828
-0.3154
-0.01663
0.38318
0.71771
1.1204
1.709
1.7124
1.1103
0.84286
0.54056
-0.18622
-0.8483
-1.1733
-1.585
-1.9132
-1.3527
-0.22312
0.44733
0.89689
1.2623
0.95346
0.20857
-0.48795
-1.0135
-1.6995
-1.9678
-1.6209
-1.1131
-0.2658
1.1196
2.0855
2.0202
1.4346
0.53964
-0.75786
-2.1541
-3.2142
-3.4979
-3.3814
-2.9525
-1.9688
-1.6616
-1.5747
-1.4315
-1.2499
-1.3105
-1.1837
-1.056
-1.1734
-1.0447
-0.57198
-0.21051
-0.9605
-1.6198
-1.9551
-1.8656
-1.3461
-0.52884
0.058994
-0.25667
-0.63436
-0.63694
-0.89938
-0.90311
-0.86656
-1.194
-1.9307
-2.0817
-1.9062
-1.7497
-1.3852
-0.56063
0.08342
0.52367
1.0099
0.97213
0.33965
0.021323
0.14994
-0.19365
-0.82137
-1.3897
-1.9196
-1.6436
-0.92466
-0.4866
-0.35554
-0.46883
-0.60561
-0.94649
-1.2906
-1.5697
-1.5771
-2.2506
-3.1382
-3.501
-3.3313
-3.2068
-2.7518
-2.0797
-1.876
-1.7418
-1.4146
-1.2046
-1.7671
-1.9946
-1.6131
-1.3016
-0.765
-0.22317
-0.37374
-2.0529
-3.2703
-3.6399
-3.9113
-2.8582
-0.41027
1.1079
1.1908
0.70226
0.18293
-0.73518
-1.8202
-1.5372
-1.2515
-1.5784
-1.2095
-0.67504
-0.67815
-0.57226
0
0.275
-0.46962
-0.97122
-1.3101
-1.1199
-0.53432
0.56492
0.39718
-0.68384
-1.2305
-1.8106
-2.3955
-2.8404
-2.5904
-2.2797
-1.5848
-0.50096
-0.059176
-0.029707
-0.089476
0.74858
1.3527
1.4485
2.2416
1.8548
0.061043
-0.73523
-1.0454
-1.6355
-1.7342
-1.3985
-1.0291
-0.78234
-0.43959
0.25204
0.31608
-0.095133
-0.063625
0.063825
-0.48017
-0.41741
0.38645
0.45219
-0.12957
-0.51974
-0.61891
-0.65325
-0.42575
-0.16418
-0.13168
-0.19801
-0.033082
0.099481
0.066475
0.19988
0.4674
0.40149
1.1064
2.0829
2.1207
1.4839
1.0812
0.50772
-0.16953
-1.0868
-1.2926
-1.3627
-1.3647
-0.68333
-0.23949
-0.44533
-0.54877
0.10301
0.82501
1.0667
1.4466
1.0342
0.034503
-0.75966
-0.69109
-0.79526
-1.0379
-0.51922
0.06926
0
0.3812
1.0399
0.72807
-0.20805
-0.55483
-0.62419
-1.2136
-1.5255
-0.97059
-0.51983
-0.48502
-0.069263
-0.069233
-0.51899
-0.69159
0.48381
1.0706
1.2423
1.4137
0.68902
-0.96373
-1.8912
-2.0953
-2.7792
-3.1187
-2.6699
-2.2904
-1.9118
-1.125
-0.37447
-0.64583
-1.663
-2.033
-2.4017
-2.769
-2.7641
-2.3216
-1.9478
-1.4077
-0.23416
0.26706
0.36644
0.83104
0.89556
0.95974
0.99057
1.6471
1.5446
0.49176
0.065406
-0.29358
-1.3666
-2.369
-2.3627
-2.3241
-2.189
-1.1557
0.096035
0.63841
0.92302
2.0628
2.6262
2.6814
2.7362
1.8812
1.0627
1.1528
2.2052
2.8793
2.7465
2.4915
2.2073
1.4972
1.0963
1.0622
0.8469
0.48228
0.54069
0.74834
0.65623
0.68363
1.1255
1.0034
0.38227
-0.029299
-0.55466
-1.3089
-1.5939
-1.4436
-1.2082
-0.8311
-0.34262
-0.085334
0.11335
0.42346
0.47811
-0.30819
-0.47448
0.11122
0.27698
-0.38629
-0.54972
-0.82141
-1.5819
-1.7932
-1.1638
-0.64705
-0.37599
0.24077
0.69287
0.87601
0.87262
0.86925
0.55102
-0.23524
-0.83318
-1.5043
-2.5578
-3.0112
-2.6151
-2.0943
-1.8573
-0.98844
0.12624
0.90547
1.4282
2.0968
2.2878
2.1057
1.9004
1.1311
-0.12248
-0.78097
-0.63219
-0.67831
-0.48273
-0.096193
0.21565
0.28649
0.42818
0.85328
0.77938
0.82368
1.1725
1.4255
1.2109
1.2067
1.3644
0.5992
-0.22967
-0.34334
-0.25094
-0.13642
0.31725
1.4455
1.891
1.9746
2.2143
1.9174
1.1557
1.0856
1.4797
1.321
0.96579
1.0504
1.1127
1.2616
1.2362
1.038
0.43124
0.215
0.81468
1.3896
1.5563
1.7646
1.6538
1.2688
1.0123
0.8624
0.67135
0.14648
0.18785
0.35395
0.27
0.29006
0.59939
0.86602
0.90513
1.1904
1.1467
0.51077
-0.18347
-0.40683
-0.97429
-1.0533
-0.58617
-0.040343
0.16105
-0.080364
0.14036
0.10007
-0.17978
-0.11964
0.13932
0
-0.019833
0.51478
0.49415
0.55254
0.74867
0.84584
0.49101
0.019611
-0.13707
-0.27375
-0.27337
-0.058499
0.15579
-0.13614
-0.27193
-0.52378
-1.1044
-1.2967
-0.73458
-0.21241
-0.38578
-0.65514
-0.48124
-0.15385
0.1537
0.44149
0.51781
0.34492
0.55525
0.91831
0.68821
0.30565
0.22908
-0.11447
-0.36225
0.24771
0.99027
1.2562
1.2366
1.3311
0.98834
0.43697
0.37983
0.32274
0.13285
-0.094865
-0.075872
-0.26549
-0.56879
-0.18956
0.2843
0.22741
-0.13264
-0.11369
-0.24631
-0.05684
0.51157
0.70106
0.37898
-0.01895
-0.22743
-0.85299
-1.5546
-1.8583
-1.669
-1.3849
-0.64517
0.24675
0.70252
0.89269
0.855
0.62724
0.11409
0.13316
0.55191
0.20944
-0.095248
-0.11436
0.13349
0.51515
0.95453
1.4135
1.5673
1.4727
1.4928
1.2256
0.51742
0.11506
0.24948
0.17284
0.23063
1.0194
1.8479
2.0228
2.0823
1.4665
0.4635
-0.27061
-0.503
-0.89071
-1.1241
-0.81474
-0.3495
-0.31096
-0.44743
-0.19472
-0.11695
-0.17559
0
0.1955
-0.37182
-1.097
-1.3335
-1.7668
-2.2599
-2.3607
-1.9103
-1.5969
-1.3421
-0.77057
-0.81098
-0.9901
-0.95156
-0.87324
-0.71528
-0.59674
-0.49785
-1.256
-1.996
-1.9184
-1.7405
-1.7025
-1.4037
-1.1443
-1.2663
-1.2879
-0.92676
-0.66563
-0.70681
-0.68742
-0.56678
-1.1957
-1.6029
-1.8892
-1.9525
-1.9344
-1.5086
-1.1226
-1.2874
-1.1661
-0.63496
0.041014
0.34902
0.80164
0.59679
-0.47386
-1.6708
-2.1064
-2.1501
-2.194
-1.5749
-1.1203
-0.99692
-0.87329
-0.43714
-0.41679
-0.79279
-0.62658
-0.92
-1.7164
-2.1793
-1.5524
-0.96602
-0.29432
0.71554
1.1377
0.63269
-0.16889
-0.86648
-1.5232
-2.0542
-2.2047
-1.9947
-1.6781
-0.91427
0.27668
0.61781
0.042649
-0.36286
-0.59822
-0.66293
-0.25686
0.51419
0.75054
0.87999
1.1171
0.62354
-0.30128
-1.12
-1.3581
-1.4887
-0.99328
-0.064833
0.3028
-0.34633
-1.1048
-1.691
-2.3433
-2.4536
-1.608
-0.34794
0.39172
0.69689
0.41407
-0.45798
-1.1348
-1.3322
-1.8138
-2.1431
-1.2254
-0.021897
0.76687
0.96467
1.2943
1.2512
0.50518
0.065932
-0.24189
-0.77009
-1.1888
-1.1454
-1.6529
-2.5358
-2.4489
-2.2294
-1.6564
-0.39773
0.9727
1.6367
1.3498
0.97409
0.35438
-0.44317
-1.1084
-0.84277
-0.13313
0.44394
1.0215
1.1774
0.48893
-0.24456
-0.35586
-0.91225
-1.2242
-1.1133
-1.136
-1.4261
-1.1591
-0.60206
-0.86994
-0.93717
-1.1161
-1.563
-2.0102
-1.9215
-1.3857
-1.0061
-0.44728
0.42505
0.85035
0.55961
0.38065
0.15678
-0.67213
-0.82921
-0.62769
-0.5606
-0.7402
-0.44874
0.022443
0.089799
0.44912
1.1231
1.5953
1.2586
1.0342
0.92202
0.47239
-0.022501
0.18006
0.22514
-0.20269
-0.13517
-0.067603
0.33812
1.0823
2.4359
3.4294
4.1978
4.4927
3.523
1.988
0.88133
0.13564
-0.42966
-0.90486
-0.70151
0.31692
1.8569
3.4208
4.3512
4.1715
3.0618
1.4748
-0.31778
-1.7258
-2.3626
-1.4545
-0.34105
0.77339
1.8661
2.6866
2.5512
1.8231
0.82082
-0.7756
-1.9856
-2.2379
-1.9877
-1.4402
-0.29734
1.1214
1.7861
2.085
2.4989
2.2481
1.492
1.0565
0.78143
0.48296
0.39123
0.43756
-0.13827
-1.3606
-2.1001
-2.4712
-3.0971
-2.9145
-1.8056
-0.37067
0.60283
1.3459
1.7883
0.90652
-0.53508
-1.4902
-2.1907
-2.6826
-2.3349
-1.636
-1.2632
-1.0771
-0.093757
0.77428
1.6206
2.6333
3.0597
2.5918
1.5568
0.54311
-0.52008
-1.207
-1.2084
-1.0912
-1.045
-0.85606
-0.14285
-0.50061
-1.2889
-1.649
-1.5076
-1.0543
-0.38389
0.45649
0.24059
-0.36138
-0.41014
-0.43488
-0.31453
-0.04846
0.8493
1.4338
2.2148
3.0469
3.1249
2.274
1.3469
0.68681
-0.41766
-1.698
-2.1938
-1.9752
-1.0635
0.76798
2.4568
2.2622
1.2451
0.3243
-1.0246
-2.5787
-3.085
-2.965
-2.8446
-2.0429
-0.88437
-0.22784
-0.076092
0.33037
0.56017
0.61229
0.51124
0.2049
-0.89824
-2.1601
-2.3449
-2.5562
-2.6391
-1.789
-0.25981
0.3645
0.33918
0.44448
-0.026202
-0.81399
-1.0263
-0.84388
-0.97787
-1.2184
-0.31854
0.6917
0.66657
0.45428
0.24104
-0.61738
-0.96852
-0.10786
0.86482
1.1648
1.0045
0.898
-0.24547
-1.4216
-1.9729
-2.2247
-2.5327
-2.1247
-1.051
-0.3604
-0.083365
-0.055708
-0.33504
-0.75561
-1.1501
-1.0404
-1.1556
-0.59328
0.4531
1.0503
0.4837
-0.31372
-0.7147
-1.1462
-1.2638
-0.691
0
0.46284
1.1018
1.7438
2.0684
2.3945
2.4586
1.4082
0.26465
0.029474
0
0.26649
1.5136
2.9746
3.3988
3.018
2.8451
2.1612
0.96267
-0.63316
-0.63456
0
0.8498
1.825
1.8594
1.0997
0.55102
1.1044
1.4141
1.3862
1.2348
0.46399
-0.49592
-0.2174
1.0581
1.4031
1.1247
1.7529
2.164
2.011
1.3222
0.50461
-0.15798
-0.25322
0.22196
0.57175
0.60456
0.57371
1.1813
0.73551
0.12812
-0.38498
-1.4459
-3.025
-3.4163
-2.324
-1.2283
0.29133
1.5883
2.2072
1.9176
1.6597
1.5315
0.97875
0.39197
0.26162
-0.45834
-1.2782
-0.95147
0.78823
1.841
2.8958
3.623
3.2306
1.9466
0.92456
0.033045
-1.422
-2.9783
-3.775
-3.5454
-2.7849
-0.7961
1.3607
2.2578
2.0262
1.894
0.86423
-0.266
-0.33258
-0.63203
-1.1312
-0.33274
1.7637
2.7954
2.7954
3.4275
3.7932
2.9277
2.4615
2.2947
0.8312
-0.56504
-0.86388
-1.2289
-1.5271
-1.1614
-0.033165
0.39775
0.36438
0.89381
0.82702
-0.39667
-0.82574
-0.52803
-0.29676
0.72474
2.3367
3.1562
3.0872
3.1494
3.0802
1.7674
-0.39227
-1.5997
-1.4346
-1.0093
-0.16257
0.97399
0.84286
0.93867
1.4542
1.3228
0.77305
0.67526
0.12839
-0.92919
-1.6311
-1.1811
-0.70094
-0.47697
0.19041
0.7284
0.37925
0.18922
0.56643
1.0362
1.1592
2.0005
2.4012
1.8044
1.0863
0.52634
-0.33973
-0.67776
-0.030729
0.39845
0.18342
0.42684
1.4899
2.0317
1.1189
-0.030156
-1.0224
-1.7391
-1.3454
-0.5068
-0.6242
-0.82978
-0.7682
-1.2077
-2.5548
-3.5715
-3.5604
-3.7237
-3.4799
-2.775
-2.4779
-2.0677
-1.1163
0.14265
0.65398
1.0202
1.2709
1.154
0.42075
0.19567
0.36213
0.27759
0
-0.24808
-0.4944
-1.259
-1.8817
-2.2553
-2.6262
-2.7245
-2.4727
-2.1155
-2.001
-1.3557
-0.90044
0
