1.9192
2.095
2.2306
2.3771
2.4651
2.4811
2.4769
2.4473
2.4217
2.3869
2.3269
2.2643
2.1819
2.1491
2.1305
2.1506
2.2245
2.3392
2.4798
2.5873
2.6732
2.7249
2.7611
2.7765
2.7787
2.7566
2.7198
2.6604
2.52
2.3284
2.0951
1.8518
1.5962
1.3171
1.0286
0.73744
0.50449
0.32531
0.21246
0.13581
0.1094
0.10627
0.093179
0.089957
0.1016
0.12001
0.19445
0.31067
0.48584
0.66625
0.76606
0.78252
0.70123
0.63113
0.59963
0.60347
0.65717
0.76354
0.89933
1.0044
1.0468
1.0729
1.0939
1.1119
1.1138
1.0913
1.0581
0.99807
0.91156
0.8126
0.71106
0.62166
0.51984
0.42828
0.37366
0.35026
0.35382
0.37539
0.43013
0.50661
0.57882
0.6056
0.59354
0.56327
0.57089
0.63078
0.74335
0.94635
1.228
1.5981
2.0148
2.4194
2.7686
3.0288
3.1878
3.2207
3.1102
2.8976
2.6395
2.3779
2.1183
1.8803
1.6766
1.5502
1.5078
1.5215
1.5912
1.6906
1.7945
1.8351
1.7653
1.6173
1.4173
1.1883
0.99577
0.84998
0.82834
0.92091
1.1231
1.4428
1.824
2.2601
2.6356
2.9198
3.0783
3.1172
3.0326
2.8149
2.5155
2.1239
1.6897
1.2382
0.82247
0.51121
0.30185
0.21083
0.19138
0.2311
0.35273
0.55301
0.83373
1.1056
1.2948
1.3487
1.2401
1.0185
0.77354
0.56035
0.42106
0.37585
0.44787
0.60881
0.81612
1.0438
1.2595
1.4315
1.5406
1.5785
1.5092
1.365
1.1722
0.9568
0.74424
0.56805
0.45362
0.40341
0.40468
0.42812
0.48019
0.55564
0.6588
0.75687
0.8081
0.80623
0.74249
0.63269
0.52215
0.44425
0.40872
0.39799
0.39966
0.40522
0.39502
0.36597
0.35752
0.3899
0.48186
0.62975
0.82714
1.0562
1.271
1.5043
1.6672
1.7685
1.7988
1.7555
1.6508
1.4576
1.308
1.1933
1.1566
1.1921
1.2557
1.3002
1.2842
1.2121
1.0777
0.93485
0.85038
0.79458
0.75508
0.74996
0.82241
0.90416
0.9955
1.1274
1.3112
1.5012
1.6327
1.7288
1.7579
1.7705
1.7369
1.7013
1.6263
1.5236
1.3983
1.1944
0.96899
0.75575
0.58888
0.45202
0.36439
0.35058
0.40441
0.50764
0.67228
0.87067
1.0175
1.1404
1.2081
1.2658
1.2464
1.1676
1.0144
0.84157
0.70176
0.502
0.32191
0.21061
0.2682
0.40039
0.54751
0.78291
1.0647
1.3122
1.4908
1.5988
1.6101
1.4743
1.2234
0.94835
0.71145
0.49924
0.33766
0.25602
0.24001
0.24449
0.23199
0.22102
0.25591
0.35066
0.52577
0.75219
1.0298
1.3739
1.7164
1.9759
2.0405
1.95
1.6935
1.3283
0.97141
0.68765
0.55958
0.58581
0.75817
0.95607
1.1306
1.2372
1.2457
1.1419
0.92847
0.7238
0.5042
0.34189
0.23609
0.23495
0.28052
0.32711
0.32226
0.28267
0.26568
0.19984
0.19272
0.21454
0.35417
0.54519
0.75579
1.0119
1.2527
1.5074
1.6518
1.7286
1.7105
1.6263
1.4582
1.1676
0.92337
0.83084
0.86795
0.98667
1.2371
1.6413
2.0985
2.4511
2.6991
2.8401
2.8312
2.6739
2.3946
1.9943
1.5617
1.1266
0.7712
0.48979
0.30156
0.19611
0.22769
0.33231
0.44889
0.5766
0.70568
0.90044
1.002
1.0595
1.0002
0.89538
0.8905
0.88887
0.95458
1.0569
1.2735
1.5706
1.8214
2.1252
2.4408
2.7804
3.1195
3.4195
3.6459
3.7282
3.6931
3.5555
3.3642
3.1468
2.8953
2.6794
2.5077
2.4011
2.3001
2.1946
2.0538
1.7939
1.4645
1.0867
0.79294
0.57839
0.53635
0.69884
0.98415
1.4052
1.8677
2.3567
2.7721
3.1471
3.4952
3.7867
3.9836
4.0588
4.0088
3.8048
3.5473
3.2409
2.9423
2.65
2.4003
2.1853
1.9901
1.8234
1.7016
1.6579
1.6635
1.7349
1.7289
1.6616
1.4966
1.2546
0.99526
0.7954
0.74883
0.80901
0.94323
1.0966
1.2073
1.1859
1.0165
0.8934
0.86363
0.99954
1.2627
1.6363
2.0459
2.3247
2.4299
2.3459
2.1486
1.8772
1.6491
1.3957
1.2053
0.99762
0.78965
0.62525
0.51062
0.47516
0.46383
0.53567
0.65786
0.82562
0.98206
1.1072
1.1517
1.125
1.0292
0.87932
0.77375
0.71029
0.74028
0.83364
1.0064
1.268
1.4674
1.6514
1.7879
1.9114
2.0317
2.083
2.1218
2.1186
2.0678
1.9565
1.8216
1.6876
1.6192
1.6333
1.7227
1.8516
1.9409
1.9775
1.9174
1.7661
1.5645
1.3663
1.1761
0.98658
0.79796
0.61166
0.42742
0.28618
0.18498
0.1526
0.15184
0.13954
0.16885
0.19483
0.26588
0.36013
0.52623
0.80013
1.0968
1.375
1.6043
1.8091
1.99
2.156
2.3501
2.5423
2.6954
2.7484
2.6591
2.4746
2.18
1.8931
1.5805
1.2625
0.95795
0.68281
0.46258
0.27813
0.18406
0.15902
0.21299
0.27671
0.38612
0.50853
0.62659
0.75947
0.8814
1.0277
1.1534
1.2695
1.3844
1.4692
1.5767
1.6526
1.711
1.715
1.6747
1.6073
1.4761
1.4042
1.3605
1.3352
1.296
1.18
1.0689
0.95822
0.87081
0.83038
0.84601
0.92495
0.96251
0.89939
0.76545
0.67801
0.65315
0.72495
0.9017
1.1698
1.4968
1.7789
1.9659
2.0525
2.0176
1.9331
1.8472
1.7294
1.6269
1.5296
1.4706
1.3919
1.2987
1.2401
1.1401
1.0177
0.87023
0.73614
0.60989
0.45824
0.39491
0.41273
0.48328
0.553
0.60034
0.61928
0.55396
0.44861
0.35814
0.29505
0.31849
0.40719
0.59452
0.83115
1.0206
1.1901
1.2317
1.2249
1.1659
1.0915
1.0642
1.034
1.038
1.0201
1.0363
1.0163
0.99811
0.98512
0.99737
1.0068
0.95625
0.88813
0.74561
0.59256
0.45374
0.3719
0.34821
0.35134
0.42556
0.53185
0.61408
0.67428
0.64572
0.5589
0.43174
0.3071
0.22002
0.1464
0.097973
0.11153
0.14714
0.20776
0.29966
0.41601
0.55694
0.6692
0.7422
0.73819
0.67187
0.56041
0.42628
0.3191
0.27045
0.30746
0.39709
0.52903
0.66596
0.73455
0.74374
0.67002
0.54221
0.40616
0.3263
0.27543
0.21763
0.16897
0.15616
0.15565
0.17468
0.24836
0.38812
0.58669
0.80506
1.0179
1.1469
1.2544
1.3509
1.4564
1.5333
1.588
1.6385
1.6487
1.639
1.5999
1.5596
1.5384
1.5494
1.5961
1.6287
1.6832
1.7752
1.9094
2.065
2.2207
2.3449
2.4203
2.4175
2.3865
2.2918
2.1231
1.9288
1.683
1.4597
1.2016
0.99831
0.83055
0.70761
0.65232
0.62769
0.63152
0.64192
0.69596
0.77038
0.85118
0.91759
0.9507
0.95054
0.93984
0.96821
1.0865
1.2846
1.5668
1.8327
2.0072
2.0416
1.9381
1.7008
1.3972
1.0981
0.84123
0.62471
0.41816
0.28219
0.17237
0.10915
0.051167
0.061319
0.074069
0.10144
0.12635
0.18884
0.30517
0.39557
0.51796
0.67247
0.83804
0.93372
0.93064
0.8478
0.81224
0.8696
1.0278
1.3514
1.8271
2.4017
2.9294
3.3161
3.5875
3.6917
3.6794
3.5891
3.4171
3.1771
2.8958
2.6126
2.3135
2.054
1.8407
1.6725
1.5068
1.3125
1.1653
0.97526
0.78921
0.57308
0.41913
0.32441
0.22549
0.18004
0.17559
0.28442
0.41344
0.57039
0.80665
1.1069
1.4269
1.7365
2.0645
2.3844
2.6143
2.7613
2.8351
2.8145
2.7583
2.6961
2.6668
2.634
2.5697
2.4984
2.335
2.147
1.9401
1.7617
1.6194
1.4982
1.3852
1.1507
0.90803
0.7071
0.51025
0.37977
0.34955
0.47183
0.61798
0.69215
0.71477
0.65469
0.5898
0.54082
0.53747
0.66642
0.92987
1.2719
1.5943
1.8865
2.1494
2.3302
2.4267
2.4898
2.5395
2.5941
2.6176
2.6444
2.6613
2.637
2.5106
2.3224
2.114
1.8285
1.5765
1.3099
1.1036
0.95933
0.8404
0.81487
0.74294
0.6806
0.61511
0.50706
0.42477
0.36499
0.35854
0.41779
0.50706
0.63029
0.75946
0.81896
0.86628
0.8741
0.91162
0.97008
1.0203
1.0651
1.0757
1.0717
0.99409
0.88872
0.77347
0.6993
0.65453
0.63638
0.66453
0.64111
0.57291
0.48172
0.44893
0.50195
0.63778
0.86976
1.1646
1.4535
1.6549
1.7448
1.7042
1.5585
1.3234
1.047
0.76733
0.56299
0.45452
0.4419
0.54821
0.73005
0.98279
1.1871
1.3474
1.491
1.5587
1.6358
1.6845
1.7091
1.6892
1.6167
1.5271
1.3834
1.2471
1.1312
1.0172
0.87899
0.77391
0.66078
0.52263
0.39693
0.29049
0.24837
0.23322
0.22566
0.25138
0.27165
0.33121
0.35909
0.39929
0.46483
0.46483
0.41293
0.42751
0.56891
0.78014
1.0361
1.3671
1.7431
2.0107
2.1818
2.2511
2.2985
2.3122
2.2726
2.2441
2.1611
2.044
1.8944
1.7983
1.7432
1.7087
1.6605
1.5648
1.454
1.284
1.1864
1.0774
0.98905
0.91346
0.82358
0.73908
0.6031
0.49523
0.47506
0.56928
0.73927
0.94611
1.1951
1.504
1.8321
2.1135
2.3602
2.5253
2.6078
2.5943
2.5182
2.3937
2.1765
1.9773
1.7435
1.488
1.1794
0.89182
0.673
0.54314
0.50794
0.52044
0.52065
0.47485
0.47385
0.4729
0.48614
0.49489
0.56406
0.68602
0.77405
0.78099
0.70707
0.60615
0.5975
0.6431
0.67816
0.71465
0.77043
0.86366
0.87054
0.83757
0.83755
0.86478
0.91264
0.9671
0.98124
0.95396
0.8655
0.76202
0.67058
0.50791
0.37864
0.30927
0.28023
0.23942
0.18642
0.20551
0.19219
0.17876
0.18475
0.17798
0.17188
0.193
0.28774
0.43106
0.60429
0.86544
1.1806
1.5163
1.8657
2.2095
2.5535
2.8896
3.1704
3.349
3.4574
3.4441
3.3423
3.172
2.9725
2.751
2.4631
2.201
1.9135
1.5931
1.245
0.90765
0.62283
0.37525
0.21202
0.12465
0.13123
0.21176
0.31426
0.4113
0.454
0.46681
0.42552
0.38515
0.43876
0.5549
0.7399
0.90028
1.0581
1.1395
1.1506
1.1333
1.1242
1.1684
1.2273
1.355
1.4632
1.564
1.6335
1.6882
1.7034
1.6664
1.5671
1.4345
1.2616
1.0609
0.87511
0.65842
0.48092
0.32914
0.23051
0.18367
0.17601
0.19866
0.22911
0.23129
0.21216
0.18475
0.14138
0.10846
0.079541
0.086835
0.11634
0.13127
0.15657
0.17571
0.25528
0.36575
0.51242
0.71415
0.89179
1.0879
1.2058
1.2842
1.3309
1.3634
1.4541
1.5341
1.62
1.6704
1.7235
1.7786
1.8482
1.9399
2.033
2.0934
2.0573
1.8991
1.5826
1.1813
0.79002
0.52303
0.36744
0.31688
0.37034
0.48367
0.6426
0.79286
0.94218
1.0649
1.1868
1.3203
1.4198
1.4891
1.5223
1.5623
1.5896
1.6076
1.645
1.6835
1.73
1.7407
1.7171
1.6609
1.5918
1.5267
1.419
1.2622
1.046
0.82838
0.66496
0.52449
0.45677
0.45558
0.51775
0.5898
0.59731
0.57358
0.57088
0.61214
0.70107
0.82541
1.0177
1.2662
1.4327
1.5134
1.4959
1.4441
1.3314
1.1772
1.0186
0.8538
0.70998
0.57084
0.45349
0.40726
0.42954
0.50232
0.59876
0.72579
0.87078
0.97117
1.0346
1.0551
1.0963
1.1388
1.2143
1.2882
1.3386
1.3611
1.2971
1.198
1.0522
0.88071
0.72103
0.57858
0.47516
0.42428
0.4343
0.50802
0.63669
0.84047
1.1141
1.4291
1.7309
2.0155
2.279
2.5146
2.7222
2.8714
3.0016
3.0713
3.0673
2.9666
2.8128
2.6165
2.36
2.0787
1.8101
1.5785
1.371
1.1895
1.0175
0.90036
0.8244
0.79007
0.76781
0.78785
0.88569
1.041
1.2482
1.4909
1.7764
2.0489
2.2825
2.4556
2.5578
2.619
2.6621
2.6711
2.6057
2.4685
2.289
2.0647
1.8114
1.5373
1.3208
1.1629
1.033
0.92443
0.81813
0.76502
0.73119
0.73141
0.70177
0.63744
0.59668
0.5938
0.58345
0.54065
0.59256
0.76011
0.92152
0.98458
0.92345
0.87177
0.8675
0.86042
0.8637
0.92922
1.1149
1.2962
1.4319
1.5929
1.8079
2.0027
2.2213
2.4204
2.5645
2.6107
2.5692
2.5175
2.4174
2.3034
2.1366
1.8829
1.5651
1.211
0.85769
0.52475
0.29047
0.17867
0.1652
0.18653
0.211
0.2685
0.35374
0.4814
0.6251
0.79498
0.98534
1.1887
1.3544
1.5075
1.6223
1.6753
1.6819
1.5992
1.5205
1.4229
1.3694
1.3736
1.4193
1.4907
1.5243
1.5503
1.5274
1.5123
1.5174
1.5775
1.6274
1.6146
1.571
1.4327
1.2115
0.91677
0.73164
0.67975
0.67765
0.72783
0.81658
0.89644
0.83682
0.70208
0.60125
0.58418
0.65376
0.85593
1.1678
1.5011
1.786
1.9501
2.0421
1.997
1.9062
1.7821
1.6348
1.514
1.3778
1.3275
1.2782
1.2909
1.3313
1.3782
1.4148
1.364
1.3045
1.1689
1.0009
0.8066
0.6054
0.47183
0.37895
0.36302
0.39906
0.51037
0.73035
1.0042
1.2835
1.5172
1.7168
1.8307
1.8849
1.9125
1.9398
1.9642
1.9843
2.043
2.0605
2.0365
2.0001
1.9981
2.0304
2.098
2.1758
2.2333
2.2445
2.1668
2.0059
1.7641
1.5079
1.2912
1.1017
0.91357
0.76194
0.64295
0.54907
0.50843
0.51793
0.61546
0.76641
0.96849
1.2136
1.4288
1.5935
1.6868
1.6935
1.6236
1.5542
1.4846
1.4398
1.4205
1.4367
1.464
1.3986
1.2823
1.1151
0.93682
0.79095
0.67529
0.59768
0.53356
0.47462
0.44165
0.40559
0.34203
0.3378
0.3891
0.50453
0.57665
0.57229
0.54819
0.52411
0.49447
0.46405
0.50406
0.62731
0.76804
0.84398
0.84393
0.80404
0.67622
0.51821
0.39625
0.31218
0.32974
0.365
0.45677
0.51391
0.55706
0.60994
0.65219
0.73473
0.86617
1.0638
1.2825
1.4805
1.611
1.6532
1.5942
1.4451
1.242
0.95462
0.70925
0.49769
0.3585
0.32556
0.37459
0.58219
0.76523
0.9799
1.1228
1.2132
1.2776
1.322
1.3868
1.4269
1.4995
1.5958
1.7072
1.7556
1.7692
1.7298
1.6546
1.5378
1.404
1.2208
1.0264
0.89384
0.80705
0.73714
0.66041
0.64051
0.64714
0.68458
0.70384
0.68522
0.62745
0.57807
0.53335
0.47262
0.43305
0.43917
0.47374
0.54234
0.63802
0.7531
0.83897
0.94775
1.0568
1.1911
1.3047
1.4373
1.5969
1.6609
1.6718
1.5344
1.399
1.2196
1.0442
0.95274
0.88052
0.87682
0.83694
0.76253
0.65296
0.54095
0.43707
0.33823
0.3031
0.29497
0.3116
0.26928
0.24288
0.23924
0.22462
0.21826
0.21525
0.26937
0.36929
0.49703
0.62234
0.73841
0.90467
1.1639
1.4289
1.6802
1.9309
2.1577
2.3391
2.4145
2.4017
2.3254
2.1692
1.9761
1.7373
1.4978
1.3088
1.1558
1.0096
0.89753
0.84548
0.80325
0.67036
0.5184
0.41523
0.39292
0.3478
0.32142
0.4394
0.62665
0.86425
1.0198
1.1259
1.0969
0.96426
0.75892
0.52592
0.39455
0.37099
0.53254
0.76778
1.0315
1.2995
1.51
1.7075
1.8507
1.9403
2.0381
2.0848
2.0587
1.9367
1.744
1.54
1.3337
1.175
1.0704
0.98068
0.87882
0.77097
0.63519
0.53082
0.47186
0.43477
0.41609
0.39442
0.35849
0.29703
0.22166
0.18761
0.19887
0.264
0.41054
0.61192
0.83964
1.0476
1.2245
1.3675
1.4799
1.5749
1.6587
1.7094
1.7183
1.6839
1.6207
1.5178
1.38
1.2021
1.0027
0.81676
0.66175
0.55196
0.44683
0.36296
0.29114
0.2201
0.15688
0.11975
0.12753
0.17112
0.23699
0.33202
0.42656
0.45856
0.41779
0.32875
0.25718
0.2178
0.23155
0.31985
0.49652
0.78057
1.1489
1.5377
1.89
2.1449
2.3015
2.3285
2.28
2.1863
2.1004
2.0723
2.0912
2.1403
2.1185
1.9803
1.6984
1.3043
0.91533
0.65164
0.5354
0.55525
0.67334
0.86645
1.0358
1.0865
1.0052
0.86006
0.73039
0.67535
0.70598
0.83
1.0683
1.3827
1.7178
2.0242
2.3011
2.5194
2.6705
2.7358
2.7387
2.677
2.5825
2.4897
2.3797
2.2777
2.1651
2.0571
1.9286
1.805
1.7053
1.6191
1.5537
1.4882
1.4253
1.3186
1.1836
1.0172
0.83693
0.68706
0.59039
0.57543
0.60895
0.70033
0.83242
0.98235
1.1264
1.2594
1.3853
1.502
1.6237
1.7236
1.7953
1.8041
1.7714
1.7158
1.6198
1.505
1.3474
1.1465
0.93039
0.71587
0.58215
0.53836
0.58027
0.70964
0.86959
1.0378
1.1246
1.1102
1.0256
0.89782
0.77645
0.66371
0.55566
0.45782
0.37736
0.32998
0.32355
0.36314
0.4278
0.51388
0.60432
0.68442
0.76942
0.85417
0.9788
1.0975
1.1941
1.2415
1.1992
1.1083
0.99973
0.93024
0.86875
0.8178
0.75846
0.66932
0.58467
0.52384
0.51277
0.52368
0.53475
0.53459
0.49984
0.42926
0.33512
0.26378
0.23044
0.25737
0.31961
0.40715
0.52266
0.64389
0.77487
0.87602
0.94653
0.99459
0.99722
0.97544
0.94591
0.94315
0.97171
1.0362
1.1434
1.2707
1.4025
1.5362
1.6501
1.7361
1.7889
1.7944
1.7449
1.6446
1.5403
1.4118
1.2932
1.2006
1.1288
1.0362
0.90435
0.76697
0.63859
0.54244
0.51252
0.57106
0.71931
0.94857
1.2199
1.4714
1.6388
1.7013
1.6862
1.6324
1.5944
1.583
1.609
1.666
1.7395
1.8057
1.8158
1.7999
1.7281
1.619
1.4603
1.2878
1.1381
0.99276
0.89044
0.79784
0.72074
0.65826
0.63301
0.64667
0.6835
0.7603
0.8803
1.0295
1.1959
1.3565
1.4988
1.5965
1.6492
1.6603
1.6018
1.4819
1.3248
1.1366
0.9454
0.74529
0.56945
0.42463
0.3215
0.27692
0.28175
0.32465
0.40091
0.51325
0.60766
0.65347
0.62868
0.56789
0.49012
0.44137
0.4631
0.55474
0.72338
0.94555
1.2147
1.5043
1.7858
2.0732
2.3339
2.5713
2.7688
2.8939
2.9258
2.8464
2.6859
2.4475
2.166
1.8477
1.526
1.2213
0.96182
0.77644
0.61705
0.50258
0.40981
0.34659
0.30891
0.29602
0.31597
0.34085
0.35723
0.36847
0.35042
0.30993
0.25825
0.22431
0.22114
0.21395
0.20458
0.20896
0.22084
0.25176
0.29368
0.38491
0.51025
0.64397
0.77684
0.87437
0.97214
1.0604
1.1601
1.2562
1.3414
1.3829
1.3643
1.3031
1.2098
1.1036
0.99839
0.89984
0.78989
0.65943
0.56044
0.48997
0.43848
0.40814
0.39513
0.40602
0.39372
0.39896
0.43636
0.52451
0.67754
0.89023
1.1348
1.3417
1.5015
1.605
1.6771
1.7156
1.7448
1.7773
1.7983
1.7962
1.7784
1.758
1.7715
1.8048
1.8042
1.7665
1.6295
1.431
1.167
0.89758
0.66267
0.4603
0.32423
0.24319
0.22168
0.19821
0.20871
0.26979
0.38055
0.56146
0.78404
1.0677
1.3424
1.5678
1.7208
1.7728
1.7446
1.67
1.5826
1.5198
1.5034
1.5123
1.5266
1.4973
1.4139
1.278
1.1016
0.96386
0.86208
0.81448
0.80208
0.78381
0.74837
0.65055
0.54559
0.46931
0.42243
0.40377
0.4048
0.42543
0.42102
0.37835
0.34446
0.34007
0.37357
0.43853
0.56141
0.71879
0.86289
0.97706
1.0694
1.1591
1.2401
1.3053
1.351
1.3686
1.3327
1.2356
1.0728
0.85675
0.63178
0.44174
0.32099
0.27179
0.30203
0.44314
0.70497
1.0606
1.4525
1.7981
2.045
2.1653
2.1569
2.068
1.9243
1.7467
1.5759
1.4146
1.3038
1.2833
1.3392
1.4801
1.6585
1.8576
2.0159
2.0754
2.0422
1.9387
1.8296
1.7727
1.8057
1.9108
2.0452
2.1657
2.1916
2.12
1.9613
1.7588
1.5483
1.3556
1.2155
1.1281
1.0828
1.0522
1.029
0.98528
0.91884
0.79644
0.62039
0.46509
0.34899
0.26371
0.23612
0.26202
0.36118
0.48652
0.65985
0.88063
1.0961
1.2679
1.3889
1.4706
1.4825
1.4347
1.3507
1.2598
1.1579
1.0792
1.0257
0.99999
0.9905
1.0091
1.0518
1.1002
1.1586
1.1949
1.1892
1.1039
0.94578
0.73253
0.53105
0.3731
0.25594
0.19678
0.19359
0.19691
0.1901
0.19635
0.23999
0.29807
0.38833
0.56491
0.82272
1.1152
1.3757
1.5864
1.7268
1.7754
1.7548
1.6932
1.6008
1.4842
1.3479
1.2284
1.1284
1.072
1.063
1.0588
1.026
0.95904
0.85128
0.68594
0.52405
0.42556
0.40641
0.44156
0.5197
0.64518
0.74625
0.75632
0.6738
0.54715
0.42488
0.34043
0.32794
0.4009
0.56936
0.82652
1.1521
1.51
1.8442
2.1317
2.3769
2.5686
2.7083
2.7763
2.7684
2.7254
2.6609
2.5885
2.5466
2.5291
2.531
2.5222
2.4474
2.3251
2.1186
1.8763
1.6358
1.41
1.2732
1.2167
1.2221
1.2583
1.2963
1.3025
1.2188
1.0421
0.84402
0.64706
0.49644
0.40286
0.40512
0.46871
0.57955
0.74045
0.90146
1.0686
1.2206
1.3803
1.5398
1.7049
1.8773
2.0553
2.2111
2.3466
2.4633
2.5327
2.5632
2.5257
2.4211
2.2266
1.9436
1.5892
1.1805
0.81747
0.53144
0.34654
0.27141
0.30056
0.43607
0.6222
0.87919
1.1665
1.3948
1.5096
1.5329
1.4867
1.3829
1.2482
1.0956
0.97785
0.88624
0.87384
0.9048
0.97209
1.0784
1.1785
1.2354
1.1845
1.0559
0.89109
0.7221
0.58479
0.48681
0.46004
0.49227
0.53676
0.57341
0.58532
0.57667
0.55918
0.54628
0.57251
0.64834
0.78768
0.98019
1.16
1.2971
1.375
1.3942
1.3703
1.3132
1.2368
1.1339
0.98298
0.80546
0.62773
0.49086
0.41096
0.38286
0.42707
0.52797
0.65637
0.81959
0.9724
1.1213
1.2563
1.3787
1.4987
1.5911
1.6983
1.7988
1.8921
1.9581
2.0117
2.0316
2.0244
2.0173
2.0161
2.0293
2.0375
2.0404
2.0013
1.9025
1.7326
1.5292
1.3174
1.143
1.0227
0.96069
0.96564
1.035
1.1739
1.3553
1.559
1.7538
1.8928
1.9467
1.9067
1.7974
1.6541
1.5015
1.3555
1.1987
1.027
0.84194
0.67829
0.56091
0.52026
0.57255
0.72103
0.95566
1.2118
1.4092
1.4746
1.4149
1.2791
1.1361
1.0357
0.99407
1.005
1.0448
1.0933
1.1382
1.188
1.2543
1.3529
1.4827
1.6463
1.8371
2.0326
2.2158
2.3657
2.4721
2.5136
2.4658
2.3209
2.0887
1.796
1.4894
1.2231
1.0278
0.91928
0.89032
0.92013
0.97701
1.0189
1.0258
0.98309
0.90504
0.81986
0.75581
0.72585
0.73828
0.79593
0.87327
0.95641
1.0126
1.0157
0.94171
0.78698
0.59955
0.42321
0.29361
0.21898
0.18248
0.17425
0.17179
0.16797
0.15767
0.14513
0.1432
0.15899
0.21035
0.30392
0.43403
0.56964
0.67453
0.7354
0.76279
0.76662
0.74736
0.68462
0.56413
0.40964
0.26928
0.17993
0.13971
0.14003
0.18414
0.27227
0.40316
0.54742
0.67156
0.75457
0.80444
0.84903
0.90039
0.96169
1.0283
1.0971
1.1664
1.2321
1.292
1.3507
1.405
1.4576
1.4963
1.5187
1.5212
1.4929
1.4266
1.3133
1.1675
0.987
0.79118
0.60461
0.45629
0.35722
0.29977
0.28592
0.32546
0.41846
0.55441
0.70273
0.82343
0.89439
0.90522
0.88364
0.86625
0.87965
0.92764
0.98725
1.0344
1.0524
1.0322
1.0047
0.99182
1.0142
1.0663
1.1321
1.2001
1.2352
1.2229
1.1609
1.0512
0.90228
0.73588
0.57819
0.45817
0.37879
0.35353
0.36727
0.41024
0.45088
0.4793
0.49868
0.49078
0.50746
0.53356
0.63817
0.78731
0.94384
1.101
1.2514
1.4204
1.5585
1.6701
1.7655
1.8467
1.8516
1.7323
1.4841
1.1652
0.82038
0.52323
0.30868
0.19682
0.17562
0.17612
0.17916
0.17722
0.15299
0.13921
0.17247
0.22859
0.31608
0.42425
0.53583
0.60187
0.56052
0.49523
0.43482
0.39161
0.35907
0.35637
0.45785
0.61731
0.78134
0.89595
0.95332
0.96026
0.89092
0.8459
0.87271
0.97428
1.1817
1.3783
1.5328
1.5688
1.4816
1.3539
1.2102
1.0984
1.0286
0.94586
0.86032
0.76442
0.66552
0.56994
0.50102
0.4706
0.46684
0.50936
0.60613
0.7839
1.0048
1.2945
1.6157
1.8838
2.0772
2.1856
2.254
2.3104
2.412
2.5501
2.6883
2.8098
2.9095
2.952
2.8914
2.7689
2.5967
2.417
2.2157
2.0305
1.8466
1.6595
1.5052
1.3943
1.315
1.2253
1.145
1.0365
0.9268
0.84248
0.80505
0.80975
0.86014
0.97741
1.108
1.2216
1.3109
1.3788
1.4391
1.5342
1.6577
1.7641
1.8069
1.8064
1.7605
1.6001
1.3569
1.0512
0.75837
0.51512
0.32291
0.23736
0.25262
0.3398
0.501
0.69644
0.88024
1.0028
1.0427
1.0447
0.94672
0.80362
0.64422
0.56973
0.58915
0.68406
0.92985
1.2804
1.6935
2.0298
2.2272
2.3221
2.3121
2.2646
2.2459
2.2436
2.2729
2.2448
2.1954
2.048
1.8424
1.6216
1.3998
1.2098
1.0419
0.96447
0.90381
0.84385
0.75836
0.65721
0.58571
0.54105
0.52739
0.55532
0.61951
0.73526
0.86309
1.0028
1.1514
1.2989
1.4401
1.5822
1.6854
1.7559
1.779
1.8046
1.8175
1.8
1.7711
1.718
1.6638
1.5326
1.3656
1.1592
0.95025
0.75458
0.61594
0.54241
0.49228
0.52308
0.5175
0.50718
0.46243
0.36879
0.28423
0.26553
0.3878
0.51532
0.61646
0.69885
0.85173
0.93949
1.0022
1.1233
1.2488
1.4258
1.5208
1.6396
1.6575
1.5453
1.4418
1.3263
1.287
1.2081
1.1875
1.1871
1.1812
1.1868
1.1602
1.1383
1.0851
1.0693
1.036
1.0025
0.95438
0.87757
0.72929
0.59836
0.52504
0.44994
0.37895
0.33461
0.37685
0.37984
0.31374
0.24171
0.23396
0.26186
0.37172
0.64826
1.026
1.4544
1.8285
2.0907
2.2706
2.2978
2.2687
2.1676
2.0264
1.8997
1.6818
1.4153
1.114
0.85583
0.61482
0.41855
0.30334
0.25483
0.24612
0.22622
0.20615
0.19187
0.17179
0.17764
0.18573
0.22726
0.29576
0.37664
0.42971
0.40481
0.37175
0.36516
0.4192
0.56755
0.79401
1.0846
1.4018
1.6823
1.8662
1.9282
1.9
1.7774
1.5994
1.3934
1.1996
1.008
0.83796
0.68846
0.57058
0.47772
0.36178
0.26089
0.18769
0.18527
0.19116
0.20488
0.2258
0.24121
0.26984
0.35622
0.47794
0.64381
0.87216
1.1205
1.2991
1.3449
1.2395
1.0088
0.83576
0.72778
0.74351
0.92805
1.2819
1.7514
2.161
2.5014
2.7681
2.9245
3.0111
3.0566
3.0394
3.021
2.9869
2.8971
2.7311
2.4771
2.2132
1.9208
1.7098
1.6076
1.6138
1.6884
1.7838
1.8769
1.8709
1.7406
1.4984
1.1765
0.85353
0.59045
0.37052
0.23517
0.19261
0.27527
0.43304
0.60445
0.80143
0.96127
1.1058
1.2498
1.4001
1.5709
1.789
2.0293
2.2609
2.421
2.5212
2.555
2.4854
2.305
2.0213
1.664
1.2957
0.97123
0.74078
0.60446
0.52434
0.48778
0.48061
0.46554
0.42673
0.38849
0.38271
0.41932
0.44402
0.46362
0.47002
0.47331
0.47557
0.49764
0.57196
0.72686
0.95996
1.2205
1.4592
1.6085
1.6759
1.6638
1.5918
1.4768
1.3212
1.1508
0.97084
0.82788
0.74651
0.73062
0.78351
0.8635
0.94277
0.95147
0.89264
0.7925
0.67145
0.5738
0.49111
0.45601
0.42896
0.41661
0.45397
0.5581
0.77004
1.0621
1.4156
1.7333
1.9055
1.8717
1.643
1.3353
1.082
0.9268
0.87175
0.94337
1.1186
1.3469
1.5369
1.6853
1.7931
1.8596
1.9051
1.9508
2.001
2.0511
2.0902
2.1017
2.0963
2.0824
2.0692
2.0411
1.9671
1.8518
1.6914
1.5047
1.3174
1.1576
1.0388
0.94814
0.86138
0.75016
0.61111
0.47232
0.38327
0.35763
0.40312
0.53102
0.73838
0.97567
1.1859
1.3235
1.4052
1.4382
1.4594
1.468
1.4621
1.4228
1.3627
1.2889
1.2199
1.184
1.1547
1.1432
1.0861
1.0231
0.93825
0.88405
0.87942
0.93062
1.0275
1.1423
1.2665
1.3338
1.385
1.4152
1.4649
1.5116
1.5599
1.6277
1.6852
1.7316
1.7634
1.78
1.775
1.747
1.6917
1.6396
1.6008
1.6099
1.6661
1.7379
1.8281
1.8783
1.8674
1.7891
1.6561
1.4841
1.2523
0.98715
0.72618
0.5048
0.34822
0.27709
0.26356
0.29045
0.35099
0.39279
0.40975
0.36305
0.3067
0.26575
0.22754
0.21992
0.22502
0.24118
0.23583
0.22439
0.23337
0.25836
0.26048
0.2638
0.27125
0.26975
0.22773
0.18641
0.2163
0.29294
0.40633
0.54965
0.72566
0.9202
1.059
1.1766
1.252
1.2187
1.0895
0.901
0.77664
0.71341
0.69316
0.71425
0.7548
0.7806
0.75999
0.71447
0.72335
0.85966
1.1575
1.5474
1.954
2.287
2.5214
2.6433
2.6425
2.5911
2.4477
2.2508
2.0125
1.7517
1.4819
1.1866
0.91282
0.71956
0.58318
0.53513
0.55684
0.68046
0.91941
1.2534
1.5897
1.8273
1.9857
2.0258
1.9804
1.7974
1.6126
1.4549
1.3455
1.3043
1.3252
1.433
1.5646
1.7625
1.9564
2.1626
2.3472
2.4766
2.5244
2.4722
2.4221
2.3522
2.2843
2.2324
2.2524
2.292
2.3105
2.242
2.0594
1.8062
1.4844
1.1727
0.85708
0.60352
0.44421
0.30306
0.23436
0.20537
0.16515
0.15708
0.14371
0.15028
0.14606
0.21369
0.36706
0.54638
0.76505
1.1404
1.5438
1.9147
2.2371
2.4708
2.6392
2.6297
2.594
2.4977
2.3687
2.2654
2.1755
2.1104
1.9686
1.7994
1.6287
1.4899
1.3918
1.3431
1.3639
1.4232
1.6007
1.8117
1.9882
2.0501
1.9563
1.7313
1.4349
1.1232
0.80276
0.57744
0.46026
0.43131
0.44618
0.54917
0.75399
1.0165
1.3263
1.6264
1.8423
1.8659
1.8061
1.7116
1.6812
1.6927
1.7017
1.7423
1.7096
1.5997
1.3808
1.1309
0.85607
0.6051
0.4738
0.41786
0.40485
0.43406
0.54893
0.72325
0.8235
0.8948
0.94002
0.94647
0.85553
0.67191
0.55142
0.47675
0.42932
0.38392
0.35199
0.37011
0.37724
0.3742
0.46572
0.60297
0.81557
1.0364
1.2622
1.4303
1.4851
1.4927
1.4558
1.4312
1.3783
1.4068
1.4373
1.4682
1.4791
1.4177
1.3013
1.0941
0.83658
0.59054
0.41865
0.32892
0.29498
0.30947
0.38416
0.46574
0.48061
0.42683
0.36359
0.30694
0.24018
0.22768
0.28927
0.44473
0.64893
0.79704
0.96178
1.058
1.1051
1.0978
1.063
1.0208
0.93349
0.85901
0.8039
0.7678
0.68612
0.59677
0.49393
0.40461
0.34307
0.31017
0.3768
0.47931
0.61676
0.71528
0.77016
0.76021
0.63051
0.50082
0.41292
0.43211
0.51434
0.69233
0.93378
1.2296
1.5566
1.7842
1.9691
2.0672
2.1815
2.2489
2.225
2.2309
2.2025
2.1393
1.9905
1.8336
1.6955
1.5778
1.4939
1.3858
1.2707
1.1079
0.96657
0.75859
0.49422
0.31688
0.2272
0.21108
0.17155
0.15203
0.16476
0.17087
0.17051
0.15142
0.1523
0.2058
0.28644
0.35603
0.42638
0.50923
0.61046
0.68562
0.74831
0.85029
0.94706
1.0703
1.1876
1.3107
1.387
1.4274
1.3914
1.221
0.96918
0.74881
0.59595
0.49966
0.44054
0.48148
0.58885
0.65761
0.66543
0.59189
0.51544
0.45188
0.4035
0.37125
0.41284
0.52205
0.69833
0.86361
1.0159
1.1473
1.2637
1.372
1.4471
1.5086
1.5308
1.558
1.5384
1.5162
1.4407
1.3514
1.2625
1.1878
1.1654
1.0919
1.0165
0.91285
0.78185
0.66451
0.58259
0.55023
0.61241
0.76158
0.92375
0.97256
0.85402
0.75565
0.65071
0.57565
0.57085
0.69929
0.95775
1.1918
1.4224
1.5853
1.7426
1.8414
1.9081
1.9552
1.9405
1.9055
1.8455
1.8101
1.8012
1.801
1.7777
1.7098
1.5895
1.4647
1.317
1.1847
1.091
1.0028
0.91522
0.76198
0.60512
0.42751
0.32138
0.31908
0.39696
0.5182
0.64404
0.78019
0.83051
0.7799
0.66519
0.56869
0.4532
0.30627
0.21947
0.16204
0.21303
0.29969
0.43523
0.58804
0.69884
0.87162
0.94788
0.99427
0.98086
0.91925
0.80989
0.67351
0.57419
0.48448
0.3925
0.30805
0.3084
0.27722
0.23428
0.14603
0.12066
0.18518
0.31095
0.52212
0.79755
1.1853
1.5785
1.97
2.255
2.4511
2.5087
2.4263
2.3002
2.0794
1.8125
1.5669
1.4258
1.3547
1.3093
1.2844
1.2254
1.1211
0.93402
0.71738
0.50966
0.32297
0.22947
0.22189
0.31159
0.42263
0.6123
0.94195
1.3528
1.7573
2.0669
2.2434
2.2281
2.0161
1.6996
1.3331
1.0484
0.94727
0.95634
0.99881
1.0247
1.031
0.93365
0.73507
0.52852
0.37665
0.29994
0.24266
0.28697
0.32164
0.33035
0.29689
0.22773
0.18158
0.10271
0.075148
0.0498
0.068881
0.11325
0.14205
0.16661
0.21069
0.34096
0.42914
0.48597
0.51539
0.51671
0.53967
0.50924
0.54899
0.62525
0.76921
0.99174
1.181
1.3929
1.5584
1.6949
1.7785
1.8339
1.8798
1.8932
1.9167
1.8652
1.7588
1.5319
1.2722
0.94269
0.61121
0.3615
0.22931
0.21682
0.34231
0.60868
0.92147
1.2464
1.5595
1.8814
2.1256
2.3637
2.5856
2.8065
2.9668
3.0679
3.066
2.9327
2.7802
2.6065
2.4336
2.2231
2.0665
1.9678
1.8481
1.735
1.6098
1.4964
1.3674
1.2233
1.0741
0.88299
0.71043
0.5357
0.38056
0.25464
0.1515
0.13046
0.16188
0.2189
0.25989
0.25427
0.299
0.33745
0.39607
0.49055
0.6809
0.93398
1.1823
1.3924
1.5409
1.6486
1.6529
1.6562
1.6238
1.5716
1.4731
1.3312
1.1983
1.0031
0.79187
0.58016
0.44984
0.3884
0.30781
0.24121
0.18802
0.19413
0.15642
0.11979
0.13057
0.13008
0.12964
0.12938
0.13007
0.14455
0.17511
0.30726
0.5302
0.86119
1.2785
1.7345
2.1711
2.5134
2.7949
2.9479
3.0312
3.029
2.9771
2.9285
2.7981
2.6267
2.4087
2.156
1.8927
1.5872
1.318
1.0834
0.89143
0.75465
0.66684
0.65026
0.65261
0.70812
0.81069
0.96511
1.1294
1.2787
1.4582
1.6743
1.9049
2.1267
2.3478
2.5385
2.6274
2.5566
2.3886
2.1237
1.7839
1.4833
1.2629
1.1231
0.99754
0.92881
0.89186
0.86899
0.85422
0.82258
0.76382
0.63277
0.51012
0.39035
0.24841
0.13898
0.099848
0.13628
0.19574
0.2919
0.4067
0.55224
0.68874
0.80413
0.94248
1.0563
1.2272
1.4065
1.5543
1.6884
1.7367
1.7272
1.6264
1.4826
1.3164
1.1264
0.97428
0.85131
0.76948
0.72741
0.71116
0.66642
0.62577
0.57124
0.54338
0.44581
0.33677
0.32805
0.32166
0.27979
0.24806
0.35717
0.52205
0.72896
0.95881
1.279
1.571
1.7594
1.918
1.9638
2.0339
2.0465
2.1025
2.1907
2.2977
2.3968
2.3914
2.3697
2.2773
2.0968
1.8188
1.4992
1.2015
0.932
0.71856
0.56292
0.48158
0.45564
0.49382
0.55418
0.62355
0.70599
0.82285
0.93976
1.0503
1.1692
1.2155
1.2142
1.1317
1.0379
0.93838
0.85479
0.83483
0.85038
0.91044
0.99969
1.0449
1.026
0.93725
0.8396
0.74809
0.66425
0.61797
0.57805
0.56175
0.53274
0.44847
0.43476
0.50081
0.6087
0.6996
0.74999
0.75581
0.69828
0.58799
0.46743
0.42051
0.45453
0.60738
0.77318
0.98224
1.2578
1.567
1.9208
2.2358
2.503
2.6692
2.7453
2.7257
2.6445
2.5925
2.5095
2.4079
2.2858
2.1221
1.9285
1.6749
1.433
1.1927
0.96161
0.78922
0.62463
0.4676
0.35021
0.27341
0.22501
0.17983
0.20031
0.28699
0.40322
0.54895
0.72802
0.89276
0.98998
1.0564
1.0558
1.0345
0.98241
0.99476
1.0158
1.0451
1.1319
1.2064
1.268
1.2911
1.3307
1.2912
1.1889
1.0105
0.82715
0.60069
0.39233
0.29072
0.29514
0.34147
0.40943
0.42694
0.4335
0.3779
0.282
0.23108
0.15845
0.1575
0.15922
0.23257
0.3213
0.42528
0.55024
0.71469
0.91194
1.1093
1.2291
1.2999
1.3456
1.3425
1.2739
1.1598
1.0249
0.87384
0.70056
0.52666
0.38122
0.24773
0.20034
0.20695
0.27948
0.34292
0.453
0.59034
0.76659
0.90508
0.9643
0.9577
0.83238
0.67344
0.44713
0.25422
0.16231
0.24165
0.49342
0.85032
1.291
1.7569
2.1408
2.382
2.4391
2.3357
2.1454
1.9222
1.7063
1.5807
1.5086
1.4395
1.3909
1.3113
1.2686
1.175
1.0935
1.0495
0.98049
0.9175
0.81666
0.73422
0.63282
0.55002
0.47957
0.39058
0.31514
0.24794
0.24591
0.24142
0.29762
0.41363
0.58154
0.74217
0.82579
0.9294
0.98817
1.1066
1.1834
1.2418
1.2796
1.272
1.2554
1.1846
1.1264
1.0569
1.0038
0.87615
0.75137
0.59008
0.48559
0.47137
0.52391
0.65449
0.74971
0.82924
0.76577
0.65164
0.50926
0.38556
0.31517
0.26076
0.25361
0.25465
0.30234
0.39745
0.52197
0.73366
0.97996
1.1935
1.3197
1.3955
1.4603
1.4661
1.4406
1.4422
1.4832
1.5302
1.531
1.5168
1.494
1.4053
1.27
1.1006
0.96796
0.81619
0.68548
0.59609
0.53506
0.51995
0.41476
0.34549
0.28729
0.21685
0.15538
0.070751
0.10372
0.18367
0.3125
0.46575
0.64048
0.82008
1.0033
1.1854
1.3565
1.5555
1.7238
1.9091
2.0326
2.0938
2.1261
2.1122
2.0913
2.0123
1.9569
1.8672
1.7565
1.6327
1.5226
1.433
1.3055
1.2086
1.0775
0.91261
0.74763
0.61643
0.50076
0.41919
0.35781
0.30929
0.26703
0.21893
0.19763
0.15921
0.19352
0.31458
0.49207
0.72615
0.98171
1.2033
1.3886
1.557
1.6783
1.7417
1.7865
1.902
2.0303
2.1059
2.1139
2.0458
1.901
1.6814
1.461
1.2819
1.1395
1.0647
1.0031
0.91278
0.74752
0.55445
0.38272
0.23481
0.19314
0.20549
0.23904
0.27396
0.30922
0.35069
0.39882
0.48669
0.59636
0.74073
0.8927
1.0558
1.1325
1.1547
1.1943
1.2344
1.3014
1.3251
1.3807
1.4355
1.4955
1.5353
1.5227
1.4693
1.367
1.2154
1.0352
0.83646
0.68601
0.61049
0.57085
0.59045
0.59633
0.5355
0.45934
0.3704
0.32845
0.29649
0.35808
0.5266
0.71888
0.91867
1.1021
1.2802
1.4046
1.546
1.6799
1.787
1.8354
1.8426
1.7913
1.6964
1.6022
1.5167
1.4701
1.4502
1.4784
1.4721
1.4174
1.3294
1.2013
1.0563
0.85144
0.66778
0.4854
0.36919
0.27522
0.24456
0.23121
0.24735
0.36943
0.53276
0.77269
1.0137
1.2924
1.5224
1.6746
1.8334
1.9274
2.0338
2.1346
2.2851
2.4015
2.401
2.3872
2.314
2.2054
2.0627
1.9224
1.7925
1.628
1.4394
1.2234
0.93618
0.68413
0.46982
0.31915
0.17761
0.1082
0.15182
0.24966
0.41787
0.61025
0.80415
0.9813
1.0903
1.1115
1.0403
0.957
0.93393
0.92019
0.93366
0.96834
1.0398
1.069
1.0513
0.97244
0.88058
0.81014
0.70928
0.62705
0.60932
0.66539
0.70484
0.70769
0.71904
0.72118
0.64989
0.52082
0.39247
0.31031
0.27817
0.21439
0.20523
0.23587
0.32891
