0.96215
0.96193
0.96171
0.96149
0.96127
0.96105
0.96083
0.96061
0.96039
0.96016
0.95994
0.95972
0.9595
0.95928
0.95906
0.95884
0.95862
0.9584
0.95818
0.95796
0.95773
0.95751
0.95729
0.95707
0.95685
0.95663
0.9564
0.95618
0.95596
0.95574
0.95552
0.95529
0.95507
0.95485
0.95463
0.9544
0.95418
0.95396
0.95374
0.95351
0.95329
0.95307
0.95284
0.95262
0.9524
0.95218
0.95195
0.95173
0.95151
0.95128
0.95106
0.95084
0.95061
0.95039
0.95016
0.94994
0.94972
0.94949
0.94927
0.94905
0.94882
0.9486
0.94837
0.94815
0.94793
0.9477
0.94748
0.94725
0.94703
0.9468
0.94658
0.94635
0.94613
0.9459
0.94568
0.94546
0.94523
0.94501
0.94478
0.94456
0.94433
0.94411
0.94388
0.94366
0.94343
0.94321
0.94298
0.94275
0.94253
0.9423
0.94208
0.94185
0.94163
0.9414
0.94118
0.94095
0.94073
0.9405
0.94027
0.94005
0.93982
0.9396
0.93937
0.93914
0.93892
0.93869
0.93847
0.93824
0.93801
0.93779
0.93756
0.93734
0.93711
0.93688
0.93666
0.93643
0.93621
0.93598
0.93575
0.93553
0.9353
0.93507
0.93485
0.93462
0.93439
0.93417
0.93394
0.93372
0.93349
0.93326
0.93304
0.93281
0.93258
0.93236
0.93213
0.9319
0.93168
0.93145
0.93122
0.931
0.93077
0.93054
0.93032
0.93009
0.92986
0.92964
0.92941
0.92918
0.92896
0.92873
0.9285
0.92828
0.92805
0.92782
0.9276
0.92737
0.92714
0.92691
0.92669
0.92646
0.92623
0.92601
0.92578
0.92555
0.92533
0.9251
0.92487
0.92465
0.92442
0.92419
0.92397
0.92374
0.92351
0.92329
0.92306
0.92283
0.92261
0.92238
0.92215
0.92193
0.9217
0.92147
0.92125
0.92102
0.92079
0.92056
0.92034
0.92011
0.91988
0.91966
0.91943
0.91921
0.91898
0.91875
0.91853
0.9183
0.91807
0.91785
0.91762
0.91739
0.91717
0.91694
0.91671
0.91649
0.91626
0.91603
0.91581
0.91558
0.91536
0.91513
0.9149
0.91468
0.91445
0.91422
0.914
0.91377
0.91355
0.91332
0.91309
0.91287
0.91264
0.91242
0.91219
0.91196
0.91174
0.91151
0.91129
0.91106
0.91084
0.91061
0.91038
0.91016
0.90993
0.90971
0.90948
0.90926
0.90903
0.90881
0.90858
0.90836
0.90813
0.90791
0.90768
0.90746
0.90723
0.90701
0.90678
0.90656
0.90633
0.90611
0.90588
0.90566
0.90543
0.90521
0.90498
0.90476
0.90453
0.90431
0.90408
0.90386
0.90364
0.90341
0.90319
0.90296
0.90274
0.90251
0.90229
0.90207
0.90184
0.90162
0.9014
0.90117
0.90095
0.90072
0.9005
0.90028
0.90005
0.89983
0.89961
0.89938
0.89916
0.89894
0.89871
0.89849
0.89827
0.89805
0.89782
0.8976
0.89738
0.89716
0.89693
0.89671
0.89649
0.89627
0.89604
0.89582
0.8956
0.89538
0.89516
0.89493
0.89471
0.89449
0.89427
0.89405
0.89382
0.8936
0.89338
0.89316
0.89294
0.89272
0.8925
0.89228
0.89206
0.89183
0.89161
0.89139
0.89117
0.89095
0.89073
0.89051
0.89029
0.89007
0.88985
0.88963
0.88941
0.88919
0.88897
0.88875
0.88853
0.88831
0.88809
0.88787
0.88765
0.88743
0.88722
0.887
0.88678
0.88656
0.88634
0.88612
0.8859
0.88568
0.88547
0.88525
0.88503
0.88481
0.88459
0.88438
0.88416
0.88394
0.88372
0.88351
0.88329
0.88307
0.88285
0.88264
0.88242
0.8822
0.88199
0.88177
0.88155
0.88134
0.88112
0.8809
0.88069
0.88047
0.88025
0.88004
0.87982
0.87961
0.87939
0.87918
0.87896
0.87875
0.87853
0.87832
0.8781
0.87789
0.87767
0.87746
0.87724
0.87703
0.87681
0.8766
0.87639
0.87617
0.87596
0.87574
0.87553
0.87532
0.8751
0.87489
0.87468
0.87446
0.87425
0.87404
0.87383
0.87361
0.8734
0.87319
0.87298
0.87277
0.87255
0.87234
0.87213
0.87192
0.87171
0.8715
0.87128
0.87107
0.87086
0.87065
0.87044
0.87023
0.87002
0.86981
0.8696
0.86939
0.86918
0.86897
0.86876
0.86855
0.86834
0.86813
0.86792
0.86771
0.86751
0.8673
0.86709
0.86688
0.86667
0.86646
0.86626
0.86605
0.86584
0.86563
0.86542
0.86522
0.86501
0.8648
0.8646
0.86439
0.86418
0.86398
0.86377
0.86356
0.86336
0.86315
0.86295
0.86274
0.86253
0.86233
0.86212
0.86192
0.86171
0.86151
0.8613
0.8611
0.8609
0.86069
0.86049
0.86028
0.86008
0.85988
0.85967
0.85947
0.85927
0.85906
0.85886
0.85866
0.85846
0.85825
0.85805
0.85785
0.85765
0.85745
0.85724
0.85704
0.85684
0.85664
0.85644
0.85624
0.85604
0.85584
0.85564
0.85544
0.85524
0.85504
0.85484
0.85464
0.85444
0.85424
0.85404
0.85384
0.85364
0.85344
0.85324
0.85305
0.85285
0.85265
0.85245
0.85226
0.85206
0.85186
0.85166
0.85147
0.85127
0.85107
0.85088
0.85068
0.85048
0.85029
0.85009
0.8499
0.8497
0.84951
0.84931
0.84912
0.84892
0.84873
0.84853
0.84834
0.84815
0.84795
0.84776
0.84756
0.84737
0.84718
0.84698
0.84679
0.8466
0.84641
0.84621
0.84602
0.84583
0.84564
0.84545
0.84526
0.84507
0.84487
0.84468
0.84449
0.8443
0.84411
0.84392
0.84373
0.84354
0.84335
0.84316
0.84297
0.84279
0.8426
0.84241
0.84222
0.84203
0.84184
0.84166
0.84147
0.84128
0.84109
0.84091
0.84072
0.84053
0.84035
0.84016
0.83997
0.83979
0.8396
0.83942
0.83923
0.83905
0.83886
0.83868
0.83849
0.83831
0.83812
0.83794
0.83776
0.83757
0.83739
0.83721
0.83702
0.83684
0.83666
0.83647
0.83629
0.83611
0.83593
0.83575
0.83557
0.83538
0.8352
0.83502
0.83484
0.83466
0.83448
0.8343
0.83412
0.83394
0.83376
0.83358
0.8334
0.83323
0.83305
0.83287
0.83269
0.83251
0.83234
0.83216
0.83198
0.8318
0.83163
0.83145
0.83127
0.8311
0.83092
0.83074
0.83057
0.83039
0.83022
0.83004
0.82987
0.82969
0.82952
0.82935
0.82917
0.829
0.82882
0.82865
0.82848
0.82831
0.82813
0.82796
0.82779
0.82762
0.82744
0.82727
0.8271
0.82693
0.82676
0.82659
0.82642
0.82625
0.82608
0.82591
0.82574
0.82557
0.8254
0.82523
0.82506
0.82489
0.82473
0.82456
0.82439
0.82422
0.82405
0.82389
0.82372
0.82355
0.82339
0.82322
0.82306
0.82289
0.82272
0.82256
0.82239
0.82223
0.82206
0.8219
0.82174
0.82157
0.82141
0.82124
0.82108
0.82092
0.82076
0.82059
0.82043
0.82027
0.82011
0.81994
0.81978
0.81962
0.81946
0.8193
0.81914
0.81898
0.81882
0.81866
0.8185
0.81834
0.81818
0.81802
0.81786
0.81771
0.81755
0.81739
0.81723
0.81707
0.81692
0.81676
0.8166
0.81645
0.81629
0.81613
0.81598
0.81582
0.81567
0.81551
0.81536
0.8152
0.81505
0.8149
0.81474
0.81459
0.81443
0.81428
0.81413
0.81398
0.81382
0.81367
0.81352
0.81337
0.81322
0.81307
0.81291
0.81276
0.81261
0.81246
0.81231
0.81216
0.81201
0.81187
0.81172
0.81157
0.81142
0.81127
0.81112
0.81098
0.81083
0.81068
0.81053
0.81039
0.81024
0.81009
0.80995
0.8098
0.80966
0.80951
0.80937
0.80922
0.80908
0.80893
0.80879
0.80865
0.8085
0.80836
0.80822
0.80807
0.80793
0.80779
0.80765
0.80751
0.80736
0.80722
0.80708
0.80694
0.8068
0.80666
0.80652
0.80638
0.80624
0.8061
0.80597
0.80583
0.80569
0.80555
0.80541
0.80527
0.80514
0.805
0.80486
0.80473
0.80459
0.80446
0.80432
0.80418
0.80405
0.80391
0.80378
0.80365
0.80351
0.80338
0.80324
0.80311
0.80298
0.80284
0.80271
0.80258
0.80245
0.80232
0.80218
0.80205
0.80192
0.80179
0.80166
0.80153
0.8014
0.80127
0.80114
0.80101
0.80088
0.80076
0.80063
0.8005
0.80037
0.80024
0.80012
0.79999
0.79986
0.79974
0.79961
0.79949
0.79936
0.79923
0.79911
0.79898
0.79886
0.79874
0.79861
0.79849
0.79836
0.79824
0.79812
0.798
0.79787
0.79775
0.79763
0.79751
0.79739
0.79727
0.79715
0.79703
0.79691
0.79679
0.79667
0.79655
0.79643
0.79631
0.79619
0.79607
0.79595
0.79584
0.79572
0.7956
0.79549
0.79537
0.79525
0.79514
0.79502
0.79491
0.79479
0.79468
0.79456
0.79445
0.79433
0.79422
0.79411
0.79399
0.79388
0.79377
0.79365
0.79354
0.79343
0.79332
0.79321
0.7931
0.79299
0.79288
0.79277
0.79266
0.79255
0.79244
0.79233
0.79222
0.79211
0.792
0.7919
0.79179
0.79168
0.79157
0.79147
0.79136
0.79125
0.79115
0.79104
0.79094
0.79083
0.79073
0.79062
0.79052
0.79042
0.79031
0.79021
0.79011
0.79
0.7899
0.7898
0.7897
0.7896
0.78949
0.78939
0.78929
0.78919
0.78909
0.78899
0.78889
0.78879
0.78869
0.7886
0.7885
0.7884
0.7883
0.7882
0.78811
0.78801
0.78791
0.78782
0.78772
0.78762
0.78753
0.78743
0.78734
0.78724
0.78715
0.78706
0.78696
0.78687
0.78678
0.78668
0.78659
0.7865
0.78641
0.78631
0.78622
0.78613
0.78604
0.78595
0.78586
0.78577
0.78568
0.78559
0.7855
0.78541
0.78533
0.78524
0.78515
0.78506
0.78497
0.78489
0.7848
0.78471
0.78463
0.78454
0.78446
0.78437
0.78429
0.7842
0.78412
0.78403
0.78395
0.78387
0.78378
0.7837
0.78362
0.78354
0.78345
0.78337
0.78329
0.78321
0.78313
0.78305
0.78297
0.78289
0.78281
0.78273
0.78265
0.78257
0.78249
0.78241
0.78234
0.78226
0.78218
0.78211
0.78203
0.78195
0.78188
0.7818
0.78173
0.78165
0.78158
0.7815
0.78143
0.78135
0.78128
0.78121
0.78113
0.78106
0.78099
0.78092
0.78084
0.78077
0.7807
0.78063
0.78056
0.78049
0.78042
0.78035
0.78028
0.78021
0.78014
0.78007
0.78001
0.77994
0.77987
0.7798
0.77974
0.77967
0.7796
0.77954
0.77947
0.77941
0.77934
0.77928
0.77921
0.77915
0.77908
0.77902
0.77896
0.77889
0.77883
0.77877
0.77871
0.77864
0.77858
0.77852
0.77846
0.7784
0.77834
0.77828
0.77822
0.77816
0.7781
0.77804
0.77798
0.77793
0.77787
0.77781
0.77775
0.7777
0.77764
0.77758
0.77753
0.77747
0.77742
0.77736
0.77731
0.77725
0.7772
0.77714
0.77709
0.77704
0.77698
0.77693
0.77688
0.77683
0.77677
0.77672
0.77667
0.77662
0.77657
0.77652
0.77647
0.77642
0.77637
0.77632
0.77627
0.77623
0.77618
0.77613
0.77608
0.77604
0.77599
0.77594
0.7759
0.77585
0.7758
0.77576
0.77571
0.77567
0.77562
0.77558
0.77554
0.77549
0.77545
0.77541
0.77536
0.77532
0.77528
0.77524
0.7752
0.77516
0.77512
0.77508
0.77504
0.775
0.77496
0.77492
0.77488
0.77484
0.7748
0.77476
0.77473
0.77469
0.77465
0.77461
0.77458
0.77454
0.77451
0.77447
0.77444
0.7744
0.77437
0.77433
0.7743
0.77426
0.77423
0.7742
0.77417
0.77413
0.7741
0.77407
0.77404
0.77401
0.77398
0.77395
0.77391
0.77389
0.77386
0.77383
0.7738
0.77377
0.77374
0.77371
0.77368
0.77366
0.77363
0.7736
0.77358
0.77355
0.77352
0.7735
0.77347
0.77345
0.77342
0.7734
0.77338
0.77335
0.77333
0.7733
0.77328
0.77326
0.77324
0.77322
0.77319
0.77317
0.77315
0.77313
0.77311
0.77309
0.77307
0.77305
0.77303
0.77301
0.77299
0.77298
0.77296
0.77294
0.77292
0.77291
0.77289
0.77287
0.77286
0.77284
0.77283
0.77281
0.7728
0.77278
0.77277
0.77275
0.77274
0.77273
0.77271
0.7727
0.77269
0.77268
0.77267
0.77265
0.77264
0.77263
0.77262
0.77261
0.7726
0.77259
0.77258
0.77257
0.77256
0.77256
0.77255
0.77254
0.77253
0.77253
0.77252
0.77251
0.77251
0.7725
0.7725
0.77249
0.77248
0.77248
0.77248
0.77247
0.77247
0.77246
0.77246
0.77246
0.77246
0.77245
0.77245
0.77245
0.77245
0.77245
0.77245
0.77245
0.77245
0.77245
0.77245
0.77245
0.77245
0.77245
0.77245
0.77246
0.77246
0.77246
0.77246
0.77247
0.77247
0.77247
0.77248
0.77248
0.77249
0.77249
0.7725
0.7725
0.77251
0.77252
0.77252
0.77253
0.77254
0.77254
0.77255
0.77256
0.77257
0.77258
0.77259
0.7726
0.77261
0.77262
0.77263
0.77264
0.77265
0.77266
0.77267
0.77268
0.77269
0.77271
0.77272
0.77273
0.77275
0.77276
0.77277
0.77279
0.7728
0.77282
0.77283
0.77285
0.77286
0.77288
0.7729
0.77291
0.77293
0.77295
0.77296
0.77298
0.773
0.77302
0.77304
0.77306
0.77308
0.7731
0.77312
0.77314
0.77316
0.77318
0.7732
0.77322
0.77324
0.77326
0.77329
0.77331
0.77333
0.77336
0.77338
0.7734
0.77343
0.77345
0.77348
0.7735
0.77353
0.77355
0.77358
0.7736
0.77363
0.77366
0.77368
0.77371
0.77374
0.77377
0.7738
0.77383
0.77385
0.77388
0.77391
0.77394
0.77397
0.774
0.77403
0.77406
0.7741
0.77413
0.77416
0.77419
0.77422
0.77426
0.77429
0.77432
0.77436
0.77439
0.77443
0.77446
0.77449
0.77453
0.77457
0.7746
0.77464
0.77467
0.77471
0.77475
0.77478
0.77482
0.77486
0.7749
0.77494
0.77497
0.77501
0.77505
0.77509
0.77513
0.77517
0.77521
0.77525
0.77529
0.77534
0.77538
0.77542
0.77546
0.7755
0.77555
0.77559
0.77563
0.77568
0.77572
0.77576
0.77581
0.77585
0.7759
0.77594
0.77599
0.77604
0.77608
0.77613
0.77618
0.77622
0.77627
0.77632
0.77637
0.77641
0.77646
0.77651
0.77656
0.77661
0.77666
0.77671
0.77676
0.77681
0.77686
0.77691
0.77696
0.77702
0.77707
0.77712
0.77717
0.77722
0.77728
0.77733
0.77738
0.77744
0.77749
0.77755
0.7776
0.77766
0.77771
0.77777
0.77782
0.77788
0.77794
0.77799
0.77805
0.77811
0.77817
0.77822
0.77828
0.77834
0.7784
0.77846
0.77852
0.77858
0.77864
0.7787
0.77876
0.77882
0.77888
0.77894
0.779
0.77906
0.77913
0.77919
0.77925
0.77931
0.77938
0.77944
0.7795
0.77957
0.77963
0.7797
0.77976
0.77983
0.77989
0.77996
0.78002
0.78009
0.78016
0.78022
0.78029
0.78036
0.78042
0.78049
0.78056
0.78063
0.7807
0.78077
0.78084
0.78091
0.78097
0.78104
0.78112
0.78119
0.78126
0.78133
0.7814
0.78147
0.78154
0.78161
0.78169
0.78176
0.78183
0.78191
0.78198
0.78205
0.78213
0.7822
0.78228
0.78235
0.78243
0.7825
0.78258
0.78265
0.78273
0.78281
0.78288
0.78296
0.78304
0.78311
0.78319
0.78327
0.78335
0.78343
0.78351
0.78358
0.78366
0.78374
0.78382
0.7839
0.78398
0.78406
0.78415
0.78423
0.78431
0.78439
0.78447
0.78455
0.78464
0.78472
0.7848
0.78489
0.78497
0.78505
0.78514
0.78522
0.78531
0.78539
0.78548
0.78556
0.78565
0.78573
0.78582
0.7859
0.78599
0.78608
0.78616
0.78625
0.78634
0.78643
0.78652
0.7866
0.78669
0.78678
0.78687
0.78696
0.78705
0.78714
0.78723
0.78732
0.78741
0.7875
0.78759
0.78768
0.78777
0.78787
0.78796
0.78805
0.78814
0.78824
0.78833
0.78842
0.78852
0.78861
0.7887
0.7888
0.78889
0.78899
0.78908
0.78918
0.78927
0.78937
0.78947
0.78956
0.78966
0.78975
0.78985
0.78995
0.79005
0.79014
0.79024
0.79034
0.79044
0.79054
0.79064
0.79073
0.79083
0.79093
0.79103
0.79113
0.79123
0.79133
0.79144
0.79154
0.79164
0.79174
0.79184
0.79194
0.79204
0.79215
0.79225
0.79235
0.79246
0.79256
0.79266
0.79277
0.79287
0.79297
0.79308
0.79318
0.79329
0.79339
0.7935
0.79361
0.79371
0.79382
0.79392
0.79403
0.79414
0.79424
0.79435
0.79446
0.79457
0.79467
0.79478
0.79489
0.795
0.79511
0.79522
0.79533
0.79544
0.79555
0.79565
0.79577
0.79588
0.79599
0.7961
0.79621
0.79632
0.79643
0.79654
0.79665
0.79677
0.79688
0.79699
0.7971
0.79722
0.79733
0.79744
0.79756
0.79767
0.79778
0.7979
0.79801
0.79813
0.79824
0.79836
0.79847
0.79859
0.7987
0.79882
0.79894
0.79905
0.79917
0.79929
0.7994
0.79952
0.79964
0.79976
0.79987
0.79999
0.80011
0.80023
0.80035
0.80047
0.80058
0.8007
0.80082
0.80094
0.80106
0.80118
0.8013
0.80142
0.80154
0.80167
0.80179
0.80191
0.80203
0.80215
0.80227
0.8024
0.80252
0.80264
0.80276
0.80289
0.80301
0.80313
0.80326
0.80338
0.8035
0.80363
0.80375
0.80388
0.804
0.80412
0.80425
0.80437
0.8045
0.80463
0.80475
0.80488
0.805
0.80513
0.80526
0.80538
0.80551
0.80564
0.80576
0.80589
0.80602
0.80615
0.80628
0.8064
0.80653
0.80666
0.80679
0.80692
0.80705
0.80718
0.80731
0.80744
0.80757
0.8077
0.80783
0.80796
0.80809
0.80822
0.80835
0.80848
0.80861
0.80874
0.80887
0.80901
0.80914
0.80927
0.8094
0.80953
0.80967
0.8098
0.80993
0.81007
0.8102
0.81033
0.81047
0.8106
0.81073
0.81087
0.811
0.81114
0.81127
0.81141
0.81154
0.81168
0.81181
0.81195
0.81208
0.81222
0.81236
0.81249
0.81263
0.81276
0.8129
0.81304
0.81318
0.81331
0.81345
0.81359
0.81372
0.81386
0.814
0.81414
0.81428
0.81442
0.81455
0.81469
0.81483
0.81497
0.81511
0.81525
0.81539
0.81553
0.81567
0.81581
0.81595
0.81609
0.81623
0.81637
0.81651
0.81665
0.81679
0.81693
0.81707
0.81722
0.81736
0.8175
0.81764
0.81778
0.81792
0.81807
0.81821
0.81835
0.81849
0.81864
0.81878
0.81892
0.81907
0.81921
0.81935
0.8195
0.81964
0.81978
0.81993
0.82007
0.82022
0.82036
0.82051
0.82065
0.8208
0.82094
0.82109
0.82123
0.82138
0.82152
0.82167
0.82181
0.82196
0.82211
0.82225
0.8224
0.82255
0.82269
0.82284
0.82299
0.82313
0.82328
0.82343
0.82357
0.82372
0.82387
0.82402
0.82416
0.82431
0.82446
0.82461
0.82476
0.82491
0.82505
0.8252
0.82535
0.8255
0.82565
0.8258
0.82595
0.8261
0.82625
0.8264
0.82654
0.82669
0.82684
0.82699
0.82714
0.82729
0.82745
0.8276
0.82775
0.8279
0.82805
0.8282
0.82835
0.8285
0.82865
0.8288
0.82895
0.82911
0.82926
0.82941
0.82956
0.82971
0.82986
0.83002
0.83017
0.83032
0.83047
0.83063
0.83078
0.83093
0.83108
0.83124
0.83139
0.83154
0.8317
0.83185
0.832
0.83216
0.83231
0.83246
0.83262
0.83277
0.83292
0.83308
0.83323
0.83339
0.83354
0.83369
0.83385
0.834
0.83416
0.83431
0.83447
0.83462
0.83478
0.83493
0.83509
0.83524
0.8354
0.83555
0.83571
0.83586
0.83602
0.83617
0.83633
0.83648
0.83664
0.8368
0.83695
0.83711
0.83726
0.83742
0.83758
0.83773
0.83789
0.83804
0.8382
0.83836
0.83851
0.83867
0.83883
0.83898
0.83914
0.8393
0.83945
0.83961
0.83977
0.83993
0.84008
0.84024
0.8404
0.84055
0.84071
0.84087
0.84103
0.84118
0.84134
0.8415
0.84166
0.84182
0.84197
0.84213
0.84229
0.84245
0.84261
0.84276
0.84292
0.84308
0.84324
0.8434
0.84355
0.84371
0.84387
0.84403
0.84419
0.84435
0.84451
0.84466
0.84482
0.84498
0.84514
0.8453
0.84546
0.84562
0.84578
0.84594
0.84609
0.84625
0.84641
0.84657
0.84673
0.84689
0.84705
0.84721
0.84737
0.84753
0.84769
0.84785
0.848
0.84816
0.84832
0.84848
0.84864
0.8488
0.84896
0.84912
0.84928
0.84944
0.8496
0.84976
0.84992
0.85008
0.85024
0.8504
0.85056
0.85072
0.85088
0.85104
0.8512
0.85136
0.85152
0.85168
0.85184
0.852
0.85216
0.85232
0.85248
0.85264
0.8528
0.85296
0.85312
0.85328
0.85344
0.8536
0.85376
0.85392
0.85408
0.85424
0.8544
0.85456
0.85472
0.85488
0.85504
0.8552
0.85536
0.85552
0.85568
0.85584
0.856
0.85616
0.85632
0.85648
0.85664
0.8568
0.85696
0.85712
0.85728
0.85744
0.85759
0.85775
0.85791
0.85807
0.85823
0.85839
0.85855
0.85871
0.85887
0.85903
0.85919
0.85935
0.85951
0.85967
0.85983
0.85999
0.86015
0.86031
0.86047
0.86063
0.86079
0.86095
0.86111
0.86127
0.86143
0.86159
0.86175
0.86191
0.86206
0.86222
0.86238
0.86254
0.8627
0.86286
0.86302
0.86318
0.86334
0.8635
0.86366
0.86382
0.86397
0.86413
0.86429
0.86445
0.86461
0.86477
0.86493
0.86509
0.86524
0.8654
0.86556
0.86572
0.86588
0.86604
0.86619
0.86635
0.86651
0.86667
0.86683
0.86699
0.86714
0.8673
0.86746
0.86762
0.86778
0.86793
0.86809
0.86825
0.86841
0.86856
0.86872
0.86888
0.86904
0.86919
0.86935
0.86951
0.86966
0.86982
0.86998
0.87014
0.87029
0.87045
0.87061
0.87076
0.87092
0.87108
0.87123
0.87139
0.87155
0.8717
0.87186
0.87201
0.87217
0.87233
0.87248
0.87264
0.87279
0.87295
0.8731
0.87326
0.87342
0.87357
0.87373
0.87388
0.87404
0.87419
0.87435
0.8745
0.87466
0.87481
0.87497
0.87512
0.87527
0.87543
0.87558
0.87574
0.87589
0.87605
0.8762
0.87635
0.87651
0.87666
0.87681
0.87697
0.87712
0.87727
0.87743
0.87758
0.87773
0.87789
0.87804
0.87819
0.87835
0.8785
0.87865
0.8788
0.87895
0.87911
0.87926
0.87941
0.87956
0.87971
0.87987
0.88002
0.88017
0.88032
0.88047
0.88062
0.88077
0.88092
0.88107
0.88122
0.88138
0.88153
0.88168
0.88183
0.88198
0.88213
0.88228
0.88243
0.88257
0.88272
0.88287
0.88302
0.88317
0.88332
0.88347
0.88362
0.88377
0.88392
0.88406
0.88421
0.88436
0.88451
0.88466
0.8848
0.88495
0.8851
0.88525
0.88539
0.88554
0.88569
0.88583
0.88598
0.88613
0.88627
0.88642
0.88657
0.88671
0.88686
0.887
0.88715
0.88729
0.88744
0.88758
0.88773
0.88787
0.88802
0.88816
0.88831
0.88845
0.8886
0.88874
0.88888
0.88903
0.88917
0.88932
0.88946
0.8896
0.88974
0.88989
0.89003
0.89017
0.89031
0.89046
0.8906
0.89074
0.89088
0.89102
0.89117
0.89131
0.89145
0.89159
0.89173
0.89187
0.89201
0.89215
0.89229
0.89243
0.89257
0.89271
0.89285
0.89299
0.89313
0.89327
0.89341
0.89355
0.89368
0.89382
0.89396
0.8941
0.89424
0.89437
0.89451
0.89465
0.89479
0.89492
0.89506
0.8952
0.89533
0.89547
0.8956
0.89574
0.89588
0.89601
0.89615
0.89628
0.89642
0.89655
0.89669
0.89682
0.89696
0.89709
0.89722
0.89736
0.89749
0.89762
0.89776
0.89789
0.89802
0.89815
0.89829
0.89842
0.89855
0.89868
0.89881
0.89895
0.89908
0.89921
0.89934
0.89947
0.8996
0.89973
0.89986
0.89999
0.90012
0.90025
0.90038
0.90051
0.90064
0.90077
0.90089
0.90102
0.90115
0.90128
0.90141
0.90153
0.90166
0.90179
0.90191
0.90204
0.90217
0.90229
0.90242
0.90255
0.90267
0.9028
0.90292
0.90305
0.90317
0.9033
0.90342
0.90354
0.90367
0.90379
0.90391
0.90404
0.90416
0.90428
0.90441
0.90453
0.90465
0.90477
0.90489
0.90502
0.90514
0.90526
0.90538
0.9055
0.90562
0.90574
0.90586
0.90598
0.9061
0.90622
0.90634
0.90646
0.90657
0.90669
0.90681
0.90693
0.90705
0.90716
0.90728
0.9074
0.90751
0.90763
0.90775
0.90786
0.90798
0.90809
0.90821
0.90832
0.90844
0.90855
0.90867
0.90878
0.9089
0.90901
0.90912
0.90924
0.90935
0.90946
0.90957
0.90969
0.9098
0.90991
0.91002
0.91013
0.91024
0.91035
0.91046
0.91057
0.91068
0.91079
0.9109
0.91101
0.91112
0.91123
0.91134
0.91145
0.91155
0.91166
0.91177
0.91188
0.91198
0.91209
0.9122
0.9123
0.91241
0.91251
0.91262
0.91272
0.91283
0.91293
0.91304
0.91314
0.91325
0.91335
0.91345
0.91356
0.91366
0.91376
0.91386
0.91397
0.91407
0.91417
0.91427
0.91437
0.91447
0.91457
0.91467
0.91477
0.91487
0.91497
0.91507
0.91517
0.91527
0.91536
0.91546
0.91556
0.91566
0.91575
0.91585
0.91595
0.91604
0.91614
0.91624
0.91633
0.91643
0.91652
0.91662
0.91671
0.9168
0.9169
0.91699
0.91708
0.91718
0.91727
0.91736
0.91746
0.91755
0.91764
0.91773
0.91782
0.91791
0.918
0.91809
0.91818
0.91827
0.91836
0.91845
0.91854
0.91863
0.91871
0.9188
0.91889
0.91898
0.91906
0.91915
0.91924
0.91932
0.91941
0.91949
0.91958
0.91966
0.91975
0.91983
0.91992
0.92
0.92009
0.92017
0.92025
0.92033
0.92042
0.9205
0.92058
0.92066
0.92074
0.92082
0.9209
0.92098
0.92106
0.92114
0.92122
0.9213
0.92138
0.92146
0.92154
0.92161
0.92169
0.92177
0.92185
0.92192
0.922
0.92207
0.92215
0.92223
0.9223
0.92238
0.92245
0.92252
0.9226
0.92267
0.92274
0.92282
0.92289
0.92296
0.92303
0.92311
0.92318
0.92325
0.92332
0.92339
0.92346
0.92353
0.9236
0.92367
0.92374
0.92381
0.92387
0.92394
0.92401
0.92408
0.92414
0.92421
0.92428
0.92434
0.92441
0.92447
0.92454
0.9246
0.92467
0.92473
0.9248
0.92486
0.92492
0.92499
0.92505
0.92511
0.92517
0.92523
0.92529
0.92536
0.92542
0.92548
0.92554
0.9256
0.92566
0.92571
0.92577
0.92583
0.92589
0.92595
0.926
0.92606
0.92612
0.92617
0.92623
0.92629
0.92634
0.9264
0.92645
0.92651
0.92656
0.92661
0.92667
0.92672
0.92677
0.92683
0.92688
0.92693
0.92698
0.92703
0.92708
0.92713
0.92718
0.92723
0.92728
0.92733
0.92738
0.92743
0.92748
0.92753
0.92757
0.92762
0.92767
0.92772
0.92776
0.92781
0.92785
0.9279
0.92794
0.92799
0.92803
0.92808
0.92812
0.92816
0.92821
0.92825
0.92829
0.92833
0.92837
0.92841
0.92846
0.9285
0.92854
0.92858
0.92862
0.92866
0.92869
0.92873
0.92877
0.92881
0.92885
0.92888
0.92892
0.92896
0.92899
0.92903
0.92906
0.9291
0.92913
0.92917
0.9292
0.92924
0.92927
0.9293
0.92934
0.92937
0.9294
0.92943
0.92946
0.92949
0.92953
0.92956
0.92959
0.92962
0.92964
0.92967
0.9297
0.92973
0.92976
0.92979
0.92981
0.92984
0.92987
0.92989
0.92992
0.92995
0.92997
0.93
0.93002
0.93004
0.93007
0.93009
0.93011
0.93014
0.93016
0.93018
0.9302
0.93023
0.93025
0.93027
0.93029
0.93031
0.93033
0.93035
0.93037
0.93038
0.9304
0.93042
0.93044
0.93046
0.93047
0.93049
0.93051
0.93052
0.93054
0.93055
0.93057
0.93058
0.9306
0.93061
0.93062
0.93064
0.93065
0.93066
0.93068
0.93069
0.9307
0.93071
0.93072
0.93073
0.93074
0.93075
0.93076
0.93077
0.93078
0.93079
0.93079
0.9308
0.93081
0.93082
0.93082
0.93083
0.93084
0.93084
0.93085
0.93085
0.93086
0.93086
0.93086
0.93087
0.93087
0.93087
0.93088
0.93088
0.93088
0.93088
0.93088
0.93088
0.93088
0.93088
0.93088
0.93088
0.93088
0.93088
0.93088
0.93088
0.93087
0.93087
0.93087
0.93086
0.93086
0.93086
0.93085
0.93085
0.93084
0.93084
0.93083
0.93082
0.93082
0.93081
0.9308
0.9308
0.93079
0.93078
0.93077
0.93076
0.93075
0.93074
0.93073
0.93072
0.93071
0.9307
0.93069
0.93068
0.93067
0.93066
0.93064
0.93063
0.93062
0.9306
0.93059
0.93057
0.93056
0.93054
0.93053
0.93051
0.9305
0.93048
0.93046
0.93045
0.93043
0.93041
0.93039
0.93037
0.93036
0.93034
0.93032
0.9303
0.93028
0.93026
0.93023
0.93021
0.93019
0.93017
0.93015
0.93013
0.9301
0.93008
0.93006
0.93003
0.93001
0.92998
0.92996
0.92993
0.92991
0.92988
0.92985
0.92983
0.9298
0.92977
0.92975
0.92972
0.92969
0.92966
0.92963
0.9296
0.92957
0.92954
0.92951
0.92948
0.92945
0.92942
0.92939
0.92935
0.92932
0.92929
0.92926
0.92922
0.92919
0.92916
0.92912
0.92909
0.92905
0.92902
0.92898
0.92894
0.92891
0.92887
0.92883
0.9288
0.92876
0.92872
0.92868
0.92864
0.9286
0.92857
0.92853
0.92849
0.92845
0.9284
0.92836
0.92832
0.92828
0.92824
0.9282
0.92815
0.92811
0.92807
0.92802
0.92798
0.92794
0.92789
0.92785
0.9278
0.92776
0.92771
0.92766
0.92762
0.92757
0.92752
0.92748
0.92743
0.92738
0.92733
0.92728
0.92723
0.92718
0.92713
0.92708
0.92703
0.92698
0.92693
0.92688
0.92683
0.92678
0.92672
0.92667
0.92662
0.92657
0.92651
0.92646
0.9264
0.92635
0.92629
0.92624
0.92618
0.92613
0.92607
0.92602
0.92596
0.9259
0.92584
0.92579
0.92573
0.92567
0.92561
0.92555
0.92549
0.92543
0.92538
0.92531
0.92525
0.92519
0.92513
0.92507
0.92501
0.92495
0.92489
0.92482
0.92476
0.9247
0.92463
0.92457
0.92451
0.92444
0.92438
0.92431
0.92425
0.92418
0.92411
0.92405
0.92398
0.92391
0.92385
0.92378
0.92371
0.92364
0.92358
0.92351
0.92344
0.92337
0.9233
0.92323
0.92316
0.92309
0.92302
0.92295
0.92288
0.92281
0.92273
0.92266
0.92259
0.92252
0.92244
0.92237
0.9223
0.92222
0.92215
0.92207
0.922
0.92192
0.92185
0.92177
0.9217
0.92162
0.92154
0.92147
0.92139
0.92131
0.92124
0.92116
0.92108
0.921
0.92092
0.92084
0.92076
0.92069
0.92061
0.92053
0.92044
0.92036
0.92028
0.9202
0.92012
0.92004
0.91996
0.91987
0.91979
0.91971
0.91963
0.91954
0.91946
0.91937
0.91929
0.91921
0.91912
0.91904
0.91895
0.91887
0.91878
0.91869
0.91861
0.91852
0.91843
0.91835
0.91826
0.91817
0.91808
0.91799
0.91791
0.91782
0.91773
0.91764
0.91755
0.91746
0.91737
0.91728
0.91719
0.9171
0.91701
0.91692
0.91682
0.91673
0.91664
0.91655
0.91646
0.91636
0.91627
0.91618
0.91608
0.91599
0.91589
0.9158
0.91571
0.91561
0.91552
0.91542
0.91532
0.91523
0.91513
0.91504
0.91494
0.91484
0.91475
0.91465
0.91455
0.91445
0.91435
0.91426
0.91416
0.91406
0.91396
0.91386
0.91376
0.91366
0.91356
0.91346
0.91336
0.91326
0.91316
0.91306
0.91296
0.91286
0.91275
0.91265
0.91255
0.91245
0.91234
0.91224
0.91214
0.91204
0.91193
0.91183
0.91172
0.91162
0.91152
0.91141
0.91131
0.9112
0.9111
0.91099
0.91088
0.91078
0.91067
0.91057
0.91046
0.91035
0.91024
0.91014
0.91003
0.90992
0.90981
0.90971
0.9096
0.90949
0.90938
0.90927
0.90916
0.90905
0.90894
0.90883
0.90872
0.90861
0.9085
0.90839
0.90828
0.90817
0.90806
0.90795
0.90784
0.90772
0.90761
0.9075
0.90739
0.90727
0.90716
0.90705
0.90694
0.90682
0.90671
0.90659
0.90648
0.90637
0.90625
0.90614
0.90602
0.90591
0.90579
0.90568
0.90556
0.90545
0.90533
0.90521
0.9051
0.90498
0.90487
0.90475
0.90463
0.90451
0.9044
0.90428
0.90416
0.90404
0.90393
0.90381
0.90369
0.90357
0.90345
0.90333
0.90321
0.9031
0.90298
0.90286
0.90274
0.90262
0.9025
0.90238
0.90226
0.90214
0.90202
0.90189
0.90177
0.90165
0.90153
0.90141
0.90129
0.90117
0.90104
0.90092
0.9008
0.90068
0.90055
0.90043
0.90031
0.90019
0.90006
0.89994
0.89982
0.89969
0.89957
0.89944
0.89932
0.8992
0.89907
0.89895
0.89882
0.8987
0.89857
0.89845
0.89832
0.8982
0.89807
0.89795
0.89782
0.89769
0.89757
0.89744
0.89732
0.89719
0.89706
0.89694
0.89681
0.89668
0.89656
0.89643
0.8963
0.89617
0.89605
0.89592
0.89579
0.89566
0.89553
0.89541
0.89528
0.89515
0.89502
0.89489
0.89476
0.89464
0.89451
0.89438
0.89425
0.89412
0.89399
0.89386
0.89373
0.8936
0.89347
0.89334
0.89321
0.89308
0.89295
0.89282
0.89269
0.89256
0.89243
0.8923
0.89217
0.89203
0.8919
0.89177
0.89164
0.89151
0.89138
0.89125
0.89111
0.89098
0.89085
0.89072
0.89059
0.89045
0.89032
0.89019
0.89006
0.88992
0.88979
0.88966
0.88953
0.88939
0.88926
0.88913
0.88899
0.88886
0.88873
0.88859
0.88846
0.88833
0.88819
0.88806
0.88793
0.88779
0.88766
0.88753
0.88739
0.88726
0.88712
0.88699
0.88685
0.88672
0.88659
0.88645
0.88632
0.88618
0.88605
0.88591
0.88578
0.88564
0.88551
0.88537
0.88524
0.8851
0.88497
0.88483
0.8847
0.88456
0.88443
0.88429
0.88416
0.88402
0.88389
0.88375
0.88361
0.88348
0.88334
0.88321
0.88307
0.88294
0.8828
0.88266
0.88253
0.88239
0.88226
0.88212
0.88198
0.88185
0.88171
0.88158
0.88144
0.8813
0.88117
0.88103
0.88089
0.88076
0.88062
0.88048
0.88035
0.88021
0.88008
0.87994
0.8798
0.87967
0.87953
0.87939
0.87926
0.87912
0.87898
0.87885
0.87871
0.87857
0.87844
0.8783
0.87816
0.87803
0.87789
0.87775
0.87761
0.87748
0.87734
0.8772
0.87707
0.87693
0.87679
0.87666
0.87652
0.87638
0.87625
0.87611
0.87597
0.87584
0.8757
0.87556
0.87543
0.87529
0.87515
0.87502
0.87488
0.87474
0.87461
0.87447
0.87433
0.8742
0.87406
0.87392
0.87379
0.87365
0.87351
0.87338
0.87324
0.8731
0.87297
0.87283
0.87269
0.87256
0.87242
0.87228
0.87215
0.87201
0.87187
0.87174
0.8716
0.87147
0.87133
0.87119
0.87106
0.87092
0.87078
0.87065
0.87051
0.87038
0.87024
0.87011
0.86997
0.86983
0.8697
0.86956
0.86943
0.86929
0.86916
0.86902
0.86888
0.86875
0.86861
0.86848
0.86834
0.86821
0.86807
0.86794
0.8678
0.86767
0.86753
0.8674
0.86726
0.86713
0.86699
0.86686
0.86672
0.86659
0.86646
0.86632
0.86619
0.86605
0.86592
0.86578
0.86565
0.86552
0.86538
0.86525
0.86512
0.86498
0.86485
0.86471
0.86458
0.86445
0.86431
0.86418
0.86405
0.86392
0.86378
0.86365
0.86352
0.86338
0.86325
0.86312
0.86299
0.86285
0.86272
0.86259
0.86246
0.86233
0.86219
0.86206
0.86193
0.8618
0.86167
0.86154
0.8614
0.86127
0.86114
0.86101
0.86088
0.86075
0.86062
0.86049
0.86036
0.86023
0.8601
0.85997
0.85984
0.85971
0.85958
0.85945
0.85932
0.85919
0.85906
0.85893
0.8588
0.85867
0.85854
0.85841
0.85828
0.85816
0.85803
0.8579
0.85777
0.85764
0.85751
0.85739
0.85726
0.85713
0.857
0.85688
0.85675
0.85662
0.85649
0.85637
0.85624
0.85611
0.85599
0.85586
0.85574
0.85561
0.85548
0.85536
0.85523
0.85511
0.85498
0.85486
0.85473
0.85461
0.85448
0.85436
0.85423
0.85411
0.85398
0.85386
0.85374
0.85361
0.85349
0.85337
0.85324
0.85312
0.853
0.85287
0.85275
0.85263
0.85251
0.85238
0.85226
0.85214
0.85202
0.8519
0.85178
0.85165
0.85153
0.85141
0.85129
0.85117
0.85105
0.85093
0.85081
0.85069
0.85057
0.85045
0.85033
0.85021
0.85009
0.84997
0.84986
0.84974
0.84962
0.8495
0.84938
0.84927
0.84915
0.84903
0.84891
0.8488
0.84868
0.84856
0.84845
0.84833
0.84821
0.8481
0.84798
0.84787
0.84775
0.84764
0.84752
0.84741
0.84729
0.84718
0.84706
0.84695
0.84684
0.84672
0.84661
0.8465
0.84638
0.84627
0.84616
0.84604
0.84593
0.84582
0.84571
0.8456
0.84549
0.84537
0.84526
0.84515
0.84504
0.84493
0.84482
0.84471
0.8446
0.84449
0.84438
0.84427
0.84417
0.84406
0.84395
0.84384
0.84373
0.84362
0.84352
0.84341
0.8433
0.8432
0.84309
0.84298
0.84288
0.84277
0.84267
0.84256
0.84245
0.84235
0.84224
0.84214
0.84204
0.84193
0.84183
0.84172
0.84162
0.84152
0.84141
0.84131
0.84121
0.84111
0.84101
0.8409
0.8408
0.8407
0.8406
0.8405
0.8404
0.8403
0.8402
0.8401
0.84
0.8399
0.8398
0.8397
0.8396
0.8395
0.83941
0.83931
0.83921
0.83911
0.83902
0.83892
0.83882
0.83873
0.83863
0.83854
0.83844
0.83834
0.83825
0.83816
0.83806
0.83797
0.83787
0.83778
0.83769
0.83759
0.8375
0.83741
0.83731
0.83722
0.83713
0.83704
0.83695
0.83686
0.83677
0.83668
0.83659
0.8365
0.83641
0.83632
0.83623
0.83614
0.83605
0.83596
0.83587
0.83579
0.8357
0.83561
0.83552
0.83544
0.83535
0.83527
0.83518
0.83509
0.83501
0.83492
0.83484
0.83476
0.83467
0.83459
0.8345
0.83442
0.83434
0.83426
0.83417
0.83409
0.83401
0.83393
0.83385
0.83377
0.83369
0.83361
0.83353
0.83345
0.83337
0.83329
0.83321
0.83313
0.83305
0.83298
0.8329
0.83282
0.83274
0.83267
0.83259
0.83252
0.83244
0.83236
0.83229
0.83221
0.83214
0.83207
0.83199
0.83192
0.83185
0.83177
0.8317
0.83163
0.83156
0.83148
0.83141
0.83134
0.83127
0.8312
0.83113
0.83106
0.83099
0.83092
0.83085
0.83079
0.83072
0.83065
0.83058
0.83052
0.83045
0.83038
0.83032
0.83025
0.83018
0.83012
0.83005
0.82999
0.82993
0.82986
0.8298
0.82974
0.82967
0.82961
0.82955
0.82949
0.82942
0.82936
0.8293
0.82924
0.82918
0.82912
0.82906
0.829
0.82894
0.82889
0.82883
0.82877
0.82871
0.82866
0.8286
0.82854
0.82849
0.82843
0.82838
0.82832
0.82827
0.82821
0.82816
0.8281
0.82805
0.828
0.82794
0.82789
0.82784
0.82779
0.82774
0.82769
0.82764
0.82759
0.82754
0.82749
0.82744
0.82739
0.82734
0.82729
0.82725
0.8272
0.82715
0.8271
0.82706
0.82701
0.82697
0.82692
0.82688
0.82683
0.82679
0.82674
0.8267
0.82666
0.82662
0.82657
0.82653
0.82649
0.82645
0.82641
0.82637
0.82633
0.82629
0.82625
0.82621
0.82617
0.82613
0.8261
0.82606
0.82602
0.82598
0.82595
0.82591
0.82588
0.82584
0.82581
0.82577
0.82574
0.8257
0.82567
0.82564
0.8256
0.82557
0.82554
0.82551
0.82548
0.82545
0.82542
0.82539
0.82536
0.82533
0.8253
0.82527
0.82524
0.82522
0.82519
0.82516
0.82514
0.82511
0.82508
0.82506
0.82503
0.82501
0.82498
0.82496
0.82494
0.82491
0.82489
0.82487
0.82485
0.82483
0.82481
0.82479
0.82477
0.82475
0.82473
0.82471
0.82469
0.82467
0.82465
0.82463
0.82462
0.8246
0.82458
0.82457
0.82455
0.82454
0.82452
0.82451
0.8245
0.82448
0.82447
0.82446
0.82444
0.82443
0.82442
0.82441
0.8244
0.82439
0.82438
0.82437
0.82436
0.82435
0.82434
0.82434
0.82433
0.82432
0.82431
0.82431
0.8243
0.8243
0.82429
0.82429
0.82428
0.82428
0.82428
0.82427
0.82427
0.82427
0.82427
0.82427
0.82426
0.82426
0.82426
0.82426
0.82427
0.82427
0.82427
0.82427
0.82427
0.82428
0.82428
0.82428
0.82429
0.82429
0.8243
0.8243
0.82431
0.82431
0.82432
0.82433
0.82433
0.82434
0.82435
0.82436
0.82437
0.82438
0.82439
0.8244
0.82441
0.82442
0.82443
0.82444
0.82446
0.82447
0.82448
0.8245
0.82451
0.82452
0.82454
0.82455
0.82457
0.82459
0.8246
0.82462
0.82464
0.82466
0.82467
0.82469
0.82471
0.82473
0.82475
0.82477
0.82479
0.82482
0.82484
0.82486
0.82488
0.82491
0.82493
0.82495
0.82498
0.825
0.82503
0.82505
0.82508
0.82511
0.82513
0.82516
0.82519
0.82522
0.82525
0.82527
0.8253
0.82533
0.82537
0.8254
0.82543
0.82546
0.82549
0.82552
0.82556
0.82559
0.82562
0.82566
0.82569
0.82573
0.82576
0.8258
