0.82935
0.82938
0.8294
0.82943
0.82947
0.82951
0.82955
0.8296
0.82965
0.8297
0.82976
0.82982
0.82989
0.82996
0.83003
0.83011
0.83019
0.83028
0.83037
0.83046
0.83056
0.83066
0.83077
0.83087
0.83099
0.83111
0.83123
0.83135
0.83148
0.83162
0.83175
0.83189
0.83204
0.83219
0.83234
0.8325
0.83266
0.83282
0.83299
0.83317
0.83334
0.83353
0.83371
0.8339
0.83409
0.83429
0.83449
0.8347
0.83491
0.83512
0.83534
0.83556
0.83578
0.83601
0.83625
0.83648
0.83672
0.83697
0.83722
0.83747
0.83773
0.83799
0.83826
0.83853
0.8388
0.83908
0.83936
0.83964
0.83993
0.84023
0.84052
0.84082
0.84113
0.84144
0.84175
0.84207
0.84239
0.84272
0.84305
0.84338
0.84372
0.84406
0.8444
0.84475
0.84511
0.84546
0.84582
0.84619
0.84656
0.84693
0.84731
0.84769
0.84807
0.84846
0.84885
0.84925
0.84965
0.85005
0.85046
0.85087
0.85129
0.85171
0.85213
0.85256
0.85299
0.85343
0.85387
0.85431
0.85476
0.85521
0.85566
0.85612
0.85658
0.85705
0.85752
0.85799
0.85847
0.85895
0.85944
0.85993
0.86042
0.86091
0.86141
0.86192
0.86243
0.86294
0.86345
0.86397
0.86449
0.86502
0.86555
0.86608
0.86662
0.86716
0.86771
0.86825
0.86881
0.86936
0.86992
0.87048
0.87105
0.87162
0.87219
0.87277
0.87335
0.87393
0.87452
0.87511
0.87571
0.87631
0.87691
0.87751
0.87812
0.87873
0.87935
0.87997
0.88059
0.88122
0.88185
0.88248
0.88312
0.88375
0.8844
0.88504
0.88569
0.88635
0.887
0.88766
0.88832
0.88899
0.88966
0.89033
0.89101
0.89169
0.89237
0.89305
0.89374
0.89443
0.89513
0.89582
0.89653
0.89723
0.89794
0.89865
0.89936
0.90008
0.9008
0.90152
0.90224
0.90297
0.9037
0.90444
0.90517
0.90591
0.90666
0.9074
0.90815
0.9089
0.90966
0.91041
0.91117
0.91193
0.9127
0.91347
0.91424
0.91501
0.91579
0.91657
0.91735
0.91813
0.91892
0.91971
0.9205
0.9213
0.92209
0.92289
0.92369
0.9245
0.92531
0.92612
0.92693
0.92774
0.92856
0.92938
0.9302
0.93102
0.93185
0.93268
0.93351
0.93434
0.93518
0.93601
0.93685
0.93769
0.93854
0.93938
0.94023
0.94108
0.94193
0.94279
0.94365
0.9445
0.94536
0.94623
0.94709
0.94796
0.94882
0.94969
0.95057
0.95144
0.95231
0.95319
0.95407
0.95495
0.95583
0.95672
0.9576
0.95849
0.95938
0.96027
0.96116
0.96206
0.96295
0.96385
0.96474
0.96564
0.96655
0.96745
0.96835
0.96926
0.97016
0.97107
0.97198
0.97289
0.9738
0.97471
0.97563
0.97654
0.97746
0.97838
0.9793
0.98022
0.98114
0.98206
0.98298
0.9839
0.98483
0.98575
0.98668
0.98761
0.98854
0.98946
0.99039
0.99132
0.99225
0.99319
0.99412
0.99505
0.99599
0.99692
0.99785
0.99879
0.99973
1.0007
1.0016
1.0025
1.0035
1.0044
1.0054
1.0063
1.0072
1.0082
1.0091
1.01
1.011
1.0119
1.0129
1.0138
1.0147
1.0157
1.0166
1.0176
1.0185
1.0195
1.0204
1.0213
1.0223
1.0232
1.0242
1.0251
1.026
1.027
1.0279
1.0289
1.0298
1.0307
1.0317
1.0326
1.0335
1.0345
1.0354
1.0363
1.0373
1.0382
1.0391
1.0401
1.041
1.0419
1.0429
1.0438
1.0447
1.0457
1.0466
1.0475
1.0484
1.0494
1.0503
1.0512
1.0521
1.053
1.054
1.0549
1.0558
1.0567
1.0576
1.0585
1.0595
1.0604
1.0613
1.0622
1.0631
1.064
1.0649
1.0658
1.0667
1.0676
1.0685
1.0694
1.0703
1.0712
1.0721
1.073
1.0739
1.0747
1.0756
1.0765
1.0774
1.0783
1.0792
1.08
1.0809
1.0818
1.0826
1.0835
1.0844
1.0852
1.0861
1.087
1.0878
1.0887
1.0895
1.0904
1.0912
1.0921
1.0929
1.0938
1.0946
1.0954
1.0963
1.0971
1.0979
1.0988
1.0996
1.1004
1.1012
1.1021
1.1029
1.1037
1.1045
1.1053
1.1061
1.1069
1.1077
1.1085
1.1093
1.1101
1.1109
1.1116
1.1124
1.1132
1.114
1.1148
1.1155
1.1163
1.1171
1.1178
1.1186
1.1193
1.1201
1.1208
1.1216
1.1223
1.1231
1.1238
1.1245
1.1252
1.126
1.1267
1.1274
1.1281
1.1288
1.1295
1.1302
1.1309
1.1316
1.1323
1.133
1.1337
1.1344
1.1351
1.1358
1.1364
1.1371
1.1378
1.1384
1.1391
1.1397
1.1404
1.141
1.1417
1.1423
1.1429
1.1436
1.1442
1.1448
1.1454
1.146
1.1467
1.1473
1.1479
1.1485
1.1491
1.1496
1.1502
1.1508
1.1514
1.152
1.1525
1.1531
1.1537
1.1542
1.1548
1.1553
1.1559
1.1564
1.1569
1.1575
1.158
1.1585
1.159
1.1595
1.1601
1.1606
1.1611
1.1615
1.162
1.1625
1.163
1.1635
1.164
1.1644
1.1649
1.1653
1.1658
1.1662
1.1667
1.1671
1.1676
1.168
1.1684
1.1688
1.1693
1.1697
1.1701
1.1705
1.1709
1.1713
1.1717
1.172
1.1724
1.1728
1.1732
1.1735
1.1739
1.1742
1.1746
1.1749
1.1753
1.1756
1.1759
1.1763
1.1766
1.1769
1.1772
1.1775
1.1778
1.1781
1.1784
1.1787
1.179
1.1792
1.1795
1.1798
1.18
1.1803
1.1805
1.1808
1.181
1.1812
1.1815
1.1817
1.1819
1.1821
1.1823
1.1825
1.1827
1.1829
1.1831
1.1833
1.1835
1.1836
1.1838
1.184
1.1841
1.1843
1.1844
1.1846
1.1847
1.1848
1.185
1.1851
1.1852
1.1853
1.1854
1.1855
1.1856
1.1857
1.1858
1.1859
1.1859
1.186
1.1861
1.1861
1.1862
1.1862
1.1863
1.1863
1.1863
1.1864
1.1864
1.1864
1.1864
1.1864
1.1864
1.1864
1.1864
1.1864
1.1864
1.1863
1.1863
1.1863
1.1862
1.1862
1.1861
1.1861
1.186
1.186
1.1859
1.1858
1.1857
1.1856
1.1855
1.1854
1.1853
1.1852
1.1851
1.185
1.1849
1.1847
1.1846
1.1845
1.1843
1.1842
1.184
1.1839
1.1837
1.1835
1.1834
1.1832
1.183
1.1828
1.1826
1.1824
1.1822
1.182
1.1818
1.1816
1.1813
1.1811
1.1809
1.1806
1.1804
1.1801
1.1799
1.1796
1.1794
1.1791
1.1788
1.1785
1.1783
1.178
1.1777
1.1774
1.1771
1.1768
1.1765
1.1761
1.1758
1.1755
1.1752
1.1748
1.1745
1.1741
1.1738
1.1734
1.1731
1.1727
1.1723
1.172
1.1716
1.1712
1.1708
1.1704
1.17
1.1696
1.1692
1.1688
1.1684
1.168
1.1676
1.1671
1.1667
1.1663
1.1658
1.1654
1.1649
1.1645
1.164
1.1636
1.1631
1.1626
1.1622
1.1617
1.1612
1.1607
1.1602
1.1597
1.1592
1.1587
1.1582
1.1577
1.1572
1.1567
1.1561
1.1556
1.1551
1.1545
1.154
1.1534
1.1529
1.1523
1.1518
1.1512
1.1507
1.1501
1.1495
1.149
1.1484
1.1478
1.1472
1.1466
1.146
1.1454
1.1448
1.1442
1.1436
1.143
1.1424
1.1418
1.1411
1.1405
1.1399
1.1393
1.1386
1.138
1.1373
1.1367
1.136
1.1354
1.1347
1.1341
1.1334
1.1327
1.1321
1.1314
1.1307
1.13
1.1294
1.1287
1.128
1.1273
1.1266
1.1259
1.1252
1.1245
1.1238
1.1231
1.1224
1.1217
1.1209
1.1202
1.1195
1.1188
1.118
1.1173
1.1166
1.1158
1.1151
1.1144
1.1136
1.1129
1.1121
1.1114
1.1106
1.1099
1.1091
1.1083
1.1076
1.1068
1.106
1.1053
1.1045
1.1037
1.1029
1.1021
1.1014
1.1006
1.0998
1.099
1.0982
1.0974
1.0966
1.0958
1.095
1.0942
1.0934
1.0926
1.0918
1.091
1.0902
1.0894
1.0886
1.0877
1.0869
1.0861
1.0853
1.0845
1.0836
1.0828
1.082
1.0811
1.0803
1.0795
1.0786
1.0778
1.077
1.0761
1.0753
1.0745
1.0736
1.0728
1.0719
1.0711
1.0702
1.0694
1.0685
1.0677
1.0668
1.066
1.0651
1.0642
1.0634
1.0625
1.0617
1.0608
1.0599
1.0591
1.0582
1.0574
1.0565
1.0556
1.0548
1.0539
1.053
1.0522
1.0513
1.0504
1.0495
1.0487
1.0478
1.0469
1.0461
1.0452
1.0443
1.0434
1.0425
1.0417
1.0408
1.0399
1.039
1.0382
1.0373
1.0364
1.0355
1.0346
1.0338
1.0329
1.032
1.0311
1.0303
1.0294
1.0285
1.0276
1.0267
1.0258
1.025
1.0241
1.0232
1.0223
1.0214
1.0206
1.0197
1.0188
1.0179
1.017
1.0162
1.0153
1.0144
1.0135
1.0126
1.0118
1.0109
1.01
1.0091
1.0083
1.0074
1.0065
1.0056
1.0048
1.0039
1.003
1.0021
1.0013
1.0004
0.99952
0.99865
0.99778
0.99691
0.99604
0.99518
0.99431
0.99344
0.99258
0.99171
0.99085
0.98998
0.98912
0.98826
0.9874
0.98654
0.98568
0.98482
0.98396
0.98311
0.98225
0.9814
0.98055
0.97969
0.97884
0.97799
0.97714
0.9763
0.97545
0.9746
0.97376
0.97292
0.97208
0.97124
0.9704
0.96956
0.96872
0.96789
0.96705
0.96622
0.96539
0.96456
0.96373
0.9629
0.96208
0.96125
0.96043
0.95961
0.95879
0.95797
0.95715
0.95634
0.95552
0.95471
0.9539
0.95309
0.95228
0.95148
0.95067
0.94987
0.94907
0.94827
0.94747
0.94668
0.94588
0.94509
0.9443
0.94351
0.94272
0.94194
0.94115
0.94037
0.93959
0.93881
0.93803
0.93726
0.93649
0.93572
0.93495
0.93418
0.93341
0.93265
0.93189
0.93113
0.93037
0.92962
0.92886
0.92811
0.92736
0.92662
0.92587
0.92513
0.92439
0.92365
0.92291
0.92217
0.92144
0.92071
0.91998
0.91925
0.91853
0.91781
0.91709
0.91637
0.91565
0.91494
0.91423
0.91352
0.91281
0.9121
0.9114
0.9107
0.91
0.9093
0.90861
0.90792
0.90723
0.90654
0.90586
0.90517
0.90449
0.90381
0.90314
0.90246
0.90179
0.90112
0.90046
0.89979
0.89913
0.89847
0.89781
0.89716
0.89651
0.89586
0.89521
0.89456
0.89392
0.89328
0.89264
0.892
0.89137
0.89074
0.89011
0.88948
0.88886
0.88824
0.88762
0.887
0.88639
0.88577
0.88516
0.88456
0.88395
0.88335
0.88275
0.88215
0.88156
0.88097
0.88038
0.87979
0.8792
0.87862
0.87804
0.87746
0.87689
0.87631
0.87574
0.87517
0.87461
0.87405
0.87349
0.87293
0.87237
0.87182
0.87127
0.87072
0.87017
0.86963
0.86909
0.86855
0.86802
0.86748
0.86695
0.86642
0.8659
0.86537
0.86485
0.86433
0.86382
0.86331
0.86279
0.86229
0.86178
0.86128
0.86077
0.86028
0.85978
0.85929
0.85879
0.8583
0.85782
0.85733
0.85685
0.85637
0.8559
0.85542
0.85495
0.85448
0.85401
0.85355
0.85309
0.85263
0.85217
0.85171
0.85126
0.85081
0.85036
0.84992
0.84948
0.84904
0.8486
0.84816
0.84773
0.8473
0.84687
0.84644
0.84602
0.8456
0.84518
0.84476
0.84435
0.84393
0.84352
0.84312
0.84271
0.84231
0.84191
0.84151
0.84111
0.84072
0.84033
0.83994
0.83955
0.83917
0.83878
0.8384
0.83803
0.83765
0.83728
0.83691
0.83654
0.83617
0.8358
0.83544
0.83508
0.83472
0.83437
0.83401
0.83366
0.83331
0.83297
0.83262
0.83228
0.83194
0.8316
0.83126
0.83093
0.8306
0.83027
0.82994
0.82961
0.82929
0.82897
0.82865
0.82833
0.82801
0.8277
0.82739
0.82708
0.82677
0.82646
0.82616
0.82586
0.82556
0.82526
0.82496
0.82467
0.82438
0.82409
0.8238
0.82351
0.82323
0.82295
0.82267
0.82239
0.82211
0.82183
0.82156
0.82129
0.82102
0.82075
0.82049
0.82022
0.81996
0.8197
0.81944
0.81918
0.81893
0.81867
0.81842
0.81817
0.81792
0.81768
0.81743
0.81719
0.81694
0.8167
0.81647
0.81623
0.81599
0.81576
0.81553
0.8153
0.81507
0.81484
0.81461
0.81439
0.81417
0.81395
0.81373
0.81351
0.81329
0.81308
0.81286
0.81265
0.81244
0.81223
0.81202
0.81181
0.81161
0.8114
0.8112
0.811
0.8108
0.8106
0.8104
0.81021
0.81001
0.80982
0.80963
0.80944
0.80925
0.80906
0.80887
0.80869
0.8085
0.80832
0.80814
0.80796
0.80778
0.8076
0.80742
0.80724
0.80707
0.80689
0.80672
0.80655
0.80638
0.80621
0.80604
0.80587
0.80571
0.80554
0.80538
0.80521
0.80505
0.80489
0.80473
0.80457
0.80441
0.80425
0.8041
0.80394
0.80378
0.80363
0.80348
0.80332
0.80317
0.80302
0.80287
0.80272
0.80257
0.80243
0.80228
0.80213
0.80199
0.80184
0.8017
0.80156
0.80142
0.80127
0.80113
0.80099
0.80085
0.80071
0.80058
0.80044
0.8003
0.80017
0.80003
0.79989
0.79976
0.79963
0.79949
0.79936
0.79923
0.7991
0.79896
0.79883
0.7987
0.79857
0.79844
0.79832
0.79819
0.79806
0.79793
0.7978
0.79768
0.79755
0.79742
0.7973
0.79717
0.79705
0.79692
0.7968
0.79668
0.79655
0.79643
0.79631
0.79618
0.79606
0.79594
0.79582
0.7957
0.79557
0.79545
0.79533
0.79521
0.79509
0.79497
0.79485
0.79473
0.79461
0.79449
0.79437
0.79425
0.79413
0.79401
0.79389
0.79377
0.79365
0.79353
0.79342
0.7933
0.79318
0.79306
0.79294
0.79282
0.7927
0.79258
0.79247
0.79235
0.79223
0.79211
0.79199
0.79187
0.79175
0.79163
0.79151
0.79139
0.79127
0.79115
0.79103
0.79092
0.7908
0.79068
0.79055
0.79043
0.79031
0.79019
0.79007
0.78995
0.78983
0.78971
0.78959
0.78947
0.78934
0.78922
0.7891
0.78898
0.78885
0.78873
0.78861
0.78848
0.78836
0.78823
0.78811
0.78798
0.78786
0.78773
0.78761
0.78748
0.78736
0.78723
0.7871
0.78697
0.78685
0.78672
0.78659
0.78646
0.78633
0.7862
0.78607
0.78594
0.78581
0.78568
0.78555
0.78542
0.78528
0.78515
0.78502
0.78488
0.78475
0.78462
0.78448
0.78434
0.78421
0.78407
0.78394
0.7838
0.78366
0.78352
0.78338
0.78325
0.78311
0.78297
0.78283
0.78268
0.78254
0.7824
0.78226
0.78212
0.78197
0.78183
0.78168
0.78154
0.78139
0.78125
0.7811
0.78095
0.78081
0.78066
0.78051
0.78036
0.78021
0.78006
0.77991
0.77976
0.77961
0.77946
0.7793
0.77915
0.779
0.77884
0.77869
0.77853
0.77838
0.77822
0.77806
0.77791
0.77775
0.77759
0.77743
0.77727
0.77711
0.77695
0.77679
0.77663
0.77646
0.7763
0.77614
0.77597
0.77581
0.77564
0.77548
0.77531
0.77515
0.77498
0.77481
0.77464
0.77447
0.7743
0.77413
0.77396
0.77379
0.77362
0.77345
0.77328
0.7731
0.77293
0.77276
0.77258
0.77241
0.77223
0.77206
0.77188
0.7717
0.77152
0.77135
0.77117
0.77099
0.77081
0.77063
0.77045
0.77027
0.77009
0.76991
0.76972
0.76954
0.76936
0.76917
0.76899
0.76881
0.76862
0.76844
0.76825
0.76806
0.76788
0.76769
0.7675
0.76732
0.76713
0.76694
0.76675
0.76656
0.76637
0.76618
0.76599
0.7658
0.76561
0.76542
0.76522
0.76503
0.76484
0.76465
0.76445
0.76426
0.76407
0.76387
0.76368
0.76348
0.76329
0.76309
0.7629
0.7627
0.7625
0.76231
0.76211
0.76191
0.76172
0.76152
0.76132
0.76112
0.76093
0.76073
0.76053
0.76033
0.76013
0.75993
0.75973
0.75953
0.75933
0.75913
0.75893
0.75873
0.75853
0.75833
0.75813
0.75793
0.75773
0.75753
0.75733
0.75713
0.75693
0.75673
0.75653
0.75633
0.75613
0.75593
0.75572
0.75552
0.75532
0.75512
0.75492
0.75472
0.75452
0.75432
0.75412
0.75392
0.75372
0.75352
0.75332
0.75312
0.75292
0.75272
0.75252
0.75232
0.75212
0.75192
0.75172
0.75152
0.75132
0.75112
0.75092
0.75073
0.75053
0.75033
0.75013
0.74994
0.74974
0.74954
0.74935
0.74915
0.74895
0.74876
0.74856
0.74837
0.74817
0.74798
0.74779
0.74759
0.7474
0.74721
0.74702
0.74682
0.74663
0.74644
0.74625
0.74606
0.74587
0.74568
0.74549
0.74531
0.74512
0.74493
0.74475
0.74456
0.74437
0.74419
0.74401
0.74382
0.74364
0.74346
0.74327
0.74309
0.74291
0.74273
0.74255
0.74238
0.7422
0.74202
0.74184
0.74167
0.74149
0.74132
0.74115
0.74097
0.7408
0.74063
0.74046
0.74029
0.74012
0.73995
0.73979
0.73962
0.73945
0.73929
0.73913
0.73896
0.7388
0.73864
0.73848
0.73832
0.73816
0.738
0.73785
0.73769
0.73754
0.73739
0.73723
0.73708
0.73693
0.73678
0.73663
0.73649
0.73634
0.7362
0.73605
0.73591
0.73577
0.73563
0.73549
0.73535
0.73521
0.73508
0.73494
0.73481
0.73467
0.73454
0.73441
0.73428
0.73416
0.73403
0.73391
0.73378
0.73366
0.73354
0.73342
0.7333
0.73318
0.73307
0.73295
0.73284
0.73273
0.73262
0.73251
0.7324
0.73229
0.73219
0.73208
0.73198
0.73188
0.73178
0.73168
0.73159
0.73149
0.7314
0.73131
0.73122
0.73113
0.73104
0.73096
0.73087
0.73079
0.73071
0.73063
0.73055
0.73048
0.7304
0.73033
0.73026
0.73019
0.73012
0.73005
0.72999
0.72992
0.72986
0.7298
0.72974
0.72969
0.72963
0.72958
0.72953
0.72948
0.72943
0.72939
0.72934
0.7293
0.72926
0.72922
0.72918
0.72915
0.72911
0.72908
0.72905
0.72902
0.729
0.72897
0.72895
0.72893
0.72891
0.72889
0.72888
0.72887
0.72885
0.72885
0.72884
0.72883
0.72883
0.72883
0.72883
0.72883
0.72883
0.72884
0.72885
0.72886
0.72887
0.72889
0.7289
0.72892
0.72894
0.72896
0.72899
0.72901
0.72904
0.72907
0.72911
0.72914
0.72918
0.72922
0.72926
0.7293
0.72934
0.72939
0.72944
0.72949
0.72955
0.7296
0.72966
0.72972
0.72978
0.72984
0.72991
0.72998
0.73005
0.73012
0.7302
0.73027
0.73035
0.73043
0.73052
0.7306
0.73069
0.73078
0.73087
0.73097
0.73107
0.73116
0.73127
0.73137
0.73147
0.73158
0.73169
0.7318
0.73192
0.73204
0.73216
0.73228
0.7324
0.73253
0.73265
0.73278
0.73292
0.73305
0.73319
0.73333
0.73347
0.73361
0.73376
0.73391
0.73406
0.73421
0.73437
0.73452
0.73468
0.73485
0.73501
0.73518
0.73535
0.73552
0.73569
0.73587
0.73604
0.73623
0.73641
0.73659
0.73678
0.73697
0.73716
0.73736
0.73755
0.73775
0.73795
0.73816
0.73836
0.73857
0.73878
0.73899
0.73921
0.73943
0.73964
0.73987
0.74009
0.74032
0.74055
0.74078
0.74101
0.74125
0.74148
0.74172
0.74197
0.74221
0.74246
0.74271
0.74296
0.74321
0.74347
0.74373
0.74399
0.74425
0.74452
0.74478
0.74505
0.74533
0.7456
0.74588
0.74616
0.74644
0.74672
0.74701
0.74729
0.74758
0.74788
0.74817
0.74847
0.74877
0.74907
0.74937
0.74968
0.74998
0.75029
0.75061
0.75092
0.75124
0.75156
0.75188
0.7522
0.75253
0.75285
0.75318
0.75351
0.75385
0.75418
0.75452
0.75486
0.7552
0.75555
0.7559
0.75624
0.7566
0.75695
0.7573
0.75766
0.75802
0.75838
0.75874
0.75911
0.75948
0.75985
0.76022
0.76059
0.76097
0.76134
0.76172
0.7621
0.76249
0.76287
0.76326
0.76365
0.76404
0.76443
0.76483
0.76523
0.76562
0.76603
0.76643
0.76683
0.76724
0.76765
0.76806
0.76847
0.76888
0.7693
0.76972
0.77014
0.77056
0.77098
0.77141
0.77183
0.77226
0.77269
0.77312
0.77356
0.77399
0.77443
0.77487
0.77531
0.77575
0.77619
0.77664
0.77709
0.77754
0.77799
0.77844
0.77889
0.77935
0.7798
0.78026
0.78072
0.78118
0.78165
0.78211
0.78258
0.78304
0.78351
0.78398
0.78445
0.78493
0.7854
0.78588
0.78636
0.78683
0.78731
0.7878
0.78828
0.78876
0.78925
0.78974
0.79022
0.79071
0.7912
0.7917
0.79219
0.79268
0.79318
0.79368
0.79417
0.79467
0.79517
0.79568
0.79618
0.79668
0.79719
0.79769
0.7982
0.79871
0.79922
0.79973
0.80024
0.80075
0.80126
0.80178
0.80229
0.80281
0.80332
0.80384
0.80436
0.80488
0.8054
0.80592
0.80644
0.80696
0.80749
0.80801
0.80854
0.80906
0.80959
0.81011
0.81064
0.81117
0.8117
0.81223
0.81276
0.81329
0.81382
0.81435
0.81488
0.81542
0.81595
0.81648
0.81702
0.81755
0.81809
0.81862
0.81916
0.81969
0.82023
0.82077
0.82131
0.82184
0.82238
0.82292
0.82346
0.824
0.82453
0.82507
0.82561
0.82615
0.82669
0.82723
0.82777
0.82831
0.82885
0.82939
0.82993
0.83047
0.83101
0.83155
0.83209
0.83262
0.83316
0.8337
0.83424
0.83478
0.83532
0.83586
0.8364
0.83693
0.83747
0.83801
0.83855
0.83908
0.83962
0.84016
0.84069
0.84123
0.84176
0.8423
0.84283
0.84336
0.8439
0.84443
0.84496
0.84549
0.84602
0.84655
0.84708
0.84761
0.84814
0.84867
0.84919
0.84972
0.85024
0.85077
0.85129
0.85182
0.85234
0.85286
0.85338
0.8539
0.85442
0.85494
0.85545
0.85597
0.85648
0.857
0.85751
0.85802
0.85853
0.85904
0.85955
0.86005
0.86056
0.86107
0.86157
0.86207
0.86257
0.86307
0.86357
0.86407
0.86456
0.86506
0.86555
0.86604
0.86653
0.86702
0.86751
0.86799
0.86848
0.86896
0.86944
0.86992
0.8704
0.87088
0.87135
0.87183
0.8723
0.87277
0.87324
0.8737
0.87417
0.87463
0.87509
0.87555
0.87601
0.87646
0.87692
0.87737
0.87782
0.87827
0.87871
0.87916
0.8796
0.88004
0.88048
0.88092
0.88135
0.88178
0.88221
0.88264
0.88306
0.88349
0.88391
0.88433
0.88474
0.88516
0.88557
0.88598
0.88639
0.88679
0.8872
0.8876
0.888
0.88839
0.88879
0.88918
0.88957
0.88995
0.89034
0.89072
0.8911
0.89147
0.89184
0.89222
0.89258
0.89295
0.89331
0.89367
0.89403
0.89439
0.89474
0.89509
0.89543
0.89578
0.89612
0.89646
0.89679
0.89713
0.89746
0.89778
0.89811
0.89843
0.89875
0.89906
0.89937
0.89968
0.89999
0.90029
0.90059
0.90089
0.90119
0.90148
0.90176
0.90205
0.90233
0.90261
0.90289
0.90316
0.90343
0.90369
0.90396
0.90422
0.90447
0.90472
0.90497
0.90522
0.90546
0.9057
0.90594
0.90617
0.9064
0.90663
0.90685
0.90707
0.90729
0.9075
0.90771
0.90792
0.90812
0.90832
0.90851
0.9087
0.90889
0.90908
0.90926
0.90944
0.90961
0.90978
0.90995
0.91011
0.91027
0.91043
0.91058
0.91073
0.91087
0.91101
0.91115
0.91129
0.91142
0.91154
0.91166
0.91178
0.9119
0.91201
0.91212
0.91222
0.91232
0.91242
0.91251
0.9126
0.91268
0.91276
0.91284
0.91291
0.91298
0.91305
0.91311
0.91317
0.91322
0.91327
0.91332
0.91336
0.91339
0.91343
0.91346
0.91348
0.91351
0.91352
0.91354
0.91355
0.91355
0.91356
0.91355
0.91355
0.91354
0.91352
0.9135
0.91348
0.91345
0.91342
0.91339
0.91335
0.91331
0.91326
0.91321
0.91316
0.9131
0.91303
0.91297
0.91289
0.91282
0.91274
0.91265
0.91257
0.91247
0.91238
0.91228
0.91217
0.91206
0.91195
0.91183
0.91171
0.91159
0.91146
0.91133
0.91119
0.91105
0.9109
0.91075
0.91059
0.91044
0.91027
0.91011
0.90994
0.90976
0.90958
0.9094
0.90921
0.90902
0.90882
0.90862
0.90842
0.90821
0.908
0.90778
0.90756
0.90733
0.9071
0.90687
0.90663
0.90639
0.90614
0.90589
0.90564
0.90538
0.90512
0.90485
0.90458
0.90431
0.90403
0.90374
0.90346
0.90317
0.90287
0.90257
0.90227
0.90196
0.90165
0.90133
0.90101
0.90069
0.90036
0.90003
0.89969
0.89935
0.89901
0.89866
0.8983
0.89795
0.89759
0.89722
0.89685
0.89648
0.89611
0.89572
0.89534
0.89495
0.89456
0.89416
0.89376
0.89336
0.89295
0.89254
0.89212
0.8917
0.89128
0.89085
0.89042
0.88998
0.88954
0.8891
0.88865
0.8882
0.88775
0.88729
0.88683
0.88636
0.88589
0.88542
0.88494
0.88446
0.88398
0.88349
0.883
0.8825
0.882
0.8815
0.88099
0.88048
0.87997
0.87945
0.87893
0.8784
0.87787
0.87734
0.87681
0.87627
0.87573
0.87518
0.87463
0.87408
0.87352
0.87296
0.8724
0.87183
0.87126
0.87069
0.87011
0.86953
0.86894
0.86836
0.86777
0.86717
0.86658
0.86598
0.86537
0.86477
0.86416
0.86354
0.86293
0.86231
0.86168
0.86106
0.86043
0.8598
0.85916
0.85852
0.85788
0.85724
0.85659
0.85594
0.85529
0.85463
0.85397
0.85331
0.85264
0.85198
0.8513
0.85063
0.84995
0.84927
0.84859
0.84791
0.84722
0.84653
0.84584
0.84514
0.84444
0.84374
0.84304
0.84233
0.84162
0.84091
0.84019
0.83948
0.83876
0.83804
0.83731
0.83658
0.83586
0.83512
0.83439
0.83365
0.83291
0.83217
0.83143
0.83068
0.82994
0.82919
0.82843
0.82768
0.82692
0.82616
0.8254
0.82464
0.82387
0.8231
0.82233
0.82156
0.82079
0.82001
0.81923
0.81845
0.81767
0.81689
0.8161
0.81532
0.81453
0.81374
0.81294
0.81215
0.81135
0.81055
0.80976
0.80895
0.80815
0.80735
0.80654
0.80573
0.80492
0.80411
0.8033
0.80248
0.80167
0.80085
0.80003
0.79921
0.79839
0.79757
0.79675
0.79592
0.79509
0.79427
0.79344
0.79261
0.79178
0.79094
0.79011
0.78927
0.78844
0.7876
0.78676
0.78592
0.78508
0.78424
0.7834
0.78256
0.78171
0.78087
0.78002
0.77918
0.77833
0.77748
0.77663
0.77578
0.77493
0.77408
0.77323
0.77238
0.77153
0.77067
0.76982
0.76896
0.76811
0.76725
0.7664
0.76554
0.76468
0.76383
0.76297
0.76211
0.76125
0.76039
0.75953
0.75867
0.75781
0.75695
0.7561
0.75523
0.75437
0.75351
0.75265
0.75179
0.75093
0.75007
0.74921
0.74835
0.74749
0.74663
0.74577
0.74491
0.74405
0.74319
0.74233
0.74147
0.74061
0.73975
0.73889
0.73803
0.73718
0.73632
0.73546
0.7346
0.73375
0.73289
0.73203
0.73118
0.73032
0.72947
0.72862
0.72776
0.72691
0.72606
0.72521
0.72436
0.72351
0.72266
0.72181
0.72096
0.72012
0.71927
0.71842
0.71758
0.71674
0.71589
0.71505
0.71421
0.71337
0.71253
0.7117
0.71086
0.71002
0.70919
0.70835
0.70752
0.70669
0.70586
0.70503
0.7042
0.70338
0.70255
0.70173
0.7009
0.70008
0.69926
0.69844
0.69763
0.69681
0.69599
0.69518
0.69437
0.69356
0.69275
0.69194
0.69114
0.69033
0.68953
0.68873
0.68793
0.68713
0.68633
0.68554
0.68474
0.68395
0.68316
0.68238
0.68159
0.6808
0.68002
0.67924
0.67846
0.67768
0.67691
0.67613
0.67536
0.67459
0.67383
0.67306
0.6723
0.67153
0.67077
0.67002
0.66926
0.66851
0.66775
0.667
0.66626
0.66551
0.66477
0.66403
0.66329
0.66255
0.66182
0.66108
0.66035
0.65962
0.6589
0.65818
0.65745
0.65673
0.65602
0.6553
0.65459
0.65388
0.65318
0.65247
0.65177
0.65107
0.65037
0.64968
0.64898
0.64829
0.64761
0.64692
0.64624
0.64556
0.64488
0.64421
0.64353
0.64287
0.6422
0.64153
0.64087
0.64021
0.63956
0.6389
0.63825
0.6376
0.63696
0.63632
0.63568
0.63504
0.6344
0.63377
0.63314
0.63252
0.63189
0.63127
0.63065
0.63004
0.62943
0.62882
0.62821
0.62761
0.62701
0.62641
0.62582
0.62522
0.62463
0.62405
0.62347
0.62289
0.62231
0.62174
0.62116
0.6206
0.62003
0.61947
0.61891
0.61835
0.6178
0.61725
0.61671
0.61616
0.61562
0.61509
0.61455
0.61402
0.61349
0.61297
0.61245
0.61193
0.61141
0.6109
0.61039
0.60989
0.60938
0.60888
0.60839
0.60789
0.6074
0.60692
0.60644
0.60596
0.60548
0.60501
0.60454
0.60407
0.6036
0.60314
0.60269
0.60223
0.60178
0.60134
0.60089
0.60045
0.60001
0.59958
0.59915
0.59872
0.5983
0.59788
0.59746
0.59705
0.59664
0.59623
0.59583
0.59543
0.59503
0.59464
0.59425
0.59386
0.59348
0.5931
0.59272
0.59235
0.59198
0.59161
0.59125
0.59089
0.59053
0.59018
0.58983
0.58949
0.58914
0.58881
0.58847
0.58814
0.58781
0.58749
0.58716
0.58685
0.58653
0.58622
0.58591
0.58561
0.58531
0.58501
0.58472
0.58443
0.58414
0.58386
0.58358
0.5833
0.58303
0.58276
0.58249
0.58223
0.58197
0.58172
0.58147
0.58122
0.58097
0.58073
0.58049
0.58026
0.58003
0.5798
0.57958
0.57936
0.57914
0.57893
0.57872
0.57851
0.57831
0.57811
0.57791
0.57772
0.57753
0.57735
0.57716
0.57698
0.57681
0.57664
0.57647
0.57631
0.57614
0.57599
0.57583
0.57568
0.57553
0.57539
0.57525
0.57511
0.57498
0.57485
0.57472
0.5746
0.57448
0.57437
0.57425
0.57414
0.57404
0.57394
0.57384
0.57374
0.57365
0.57356
0.57348
0.57339
0.57332
0.57324
0.57317
0.5731
0.57304
0.57297
0.57292
0.57286
0.57281
0.57276
0.57272
0.57268
0.57264
0.57261
0.57257
0.57255
0.57252
0.5725
0.57248
0.57247
0.57246
0.57245
0.57245
0.57245
0.57245
0.57245
0.57246
0.57248
0.57249
0.57251
0.57253
0.57256
0.57259
0.57262
0.57265
0.57269
0.57273
0.57278
0.57283
0.57288
0.57293
0.57299
0.57305
0.57311
0.57318
0.57325
0.57333
0.5734
0.57348
0.57356
0.57365
0.57374
0.57383
0.57393
0.57403
0.57413
0.57423
0.57434
0.57445
0.57457
0.57468
0.5748
0.57493
0.57505
0.57518
0.57532
0.57545
0.57559
0.57573
0.57588
0.57602
0.57617
0.57633
0.57648
0.57664
0.5768
0.57697
0.57714
0.57731
0.57748
0.57766
0.57784
0.57802
0.57821
0.57839
0.57858
0.57878
0.57898
0.57917
0.57938
0.57958
0.57979
0.58
0.58021
0.58043
0.58065
0.58087
0.58109
0.58132
0.58155
0.58178
0.58202
0.58226
0.5825
0.58274
0.58298
0.58323
0.58348
0.58374
0.58399
0.58425
0.58451
0.58477
0.58504
0.58531
0.58558
0.58585
0.58613
0.58641
0.58669
0.58697
0.58726
0.58755
0.58784
0.58813
0.58843
0.58872
0.58902
0.58933
0.58963
0.58994
0.59025
0.59056
0.59087
0.59119
0.59151
0.59183
0.59215
0.59248
0.5928
0.59313
0.59347
0.5938
0.59414
0.59447
0.59481
0.59516
0.5955
0.59585
0.59619
0.59655
0.5969
0.59725
0.59761
0.59797
0.59833
0.59869
0.59906
0.59942
0.59979
0.60016
0.60053
0.60091
0.60128
0.60166
0.60204
0.60242
0.6028
0.60319
0.60357
0.60396
0.60435
0.60474
0.60514
0.60553
0.60593
0.60633
0.60673
0.60713
0.60753
0.60794
0.60834
0.60875
0.60916
0.60957
0.60998
0.6104
0.61081
0.61123
0.61165
0.61207
0.61249
0.61291
0.61333
0.61376
0.61418
0.61461
0.61504
0.61547
0.6159
0.61633
0.61677
0.6172
0.61764
0.61808
0.61852
0.61896
0.6194
0.61984
0.62028
0.62073
0.62117
0.62162
0.62207
0.62251
0.62296
0.62341
0.62387
0.62432
0.62477
0.62523
0.62568
0.62614
0.62659
0.62705
0.62751
0.62797
0.62843
0.62889
0.62935
0.62981
0.63027
0.63074
0.6312
0.63167
0.63213
0.6326
0.63306
0.63353
0.634
0.63447
0.63494
0.63541
0.63588
0.63635
0.63682
0.63729
0.63776
0.63823
0.6387
0.63918
0.63965
0.64012
0.6406
0.64107
0.64154
0.64202
0.64249
0.64297
0.64344
0.64392
0.64439
0.64487
0.64535
0.64582
0.6463
0.64677
0.64725
0.64773
0.6482
0.64868
0.64915
0.64963
0.65011
0.65058
0.65106
0.65153
0.65201
0.65248
0.65296
0.65343
0.65391
0.65438
0.65486
0.65533
0.65581
0.65628
0.65675
0.65723
0.6577
0.65817
0.65864
0.65911
0.65959
0.66006
0.66053
0.661
0.66147
0.66193
0.6624
0.66287
0.66334
0.6638
0.66427
0.66474
0.6652
0.66567
0.66613
0.66659
0.66705
0.66752
0.66798
0.66844
0.6689
0.66935
0.66981
0.67027
0.67072
0.67118
0.67163
0.67209
0.67254
0.67299
0.67344
0.67389
0.67434
0.67479
0.67524
0.67568
0.67613
0.67657
0.67701
0.67746
0.6779
0.67834
0.67878
0.67921
0.67965
0.68008
0.68052
0.68095
0.68138
0.68181
0.68224
0.68267
0.6831
0.68352
0.68395
0.68437
0.68479
0.68521
0.68563
0.68605
0.68646
0.68688
0.68729
0.6877
0.68811
0.68852
0.68893
0.68934
0.68974
0.69014
0.69055
0.69095
0.69135
0.69174
0.69214
0.69253
0.69292
0.69331
0.6937
0.69409
0.69448
0.69486
0.69524
0.69563
0.696
0.69638
0.69676
0.69713
0.6975
0.69788
0.69824
0.69861
0.69898
0.69934
0.6997
0.70006
0.70042
0.70078
0.70113
0.70148
0.70184
0.70218
0.70253
0.70288
0.70322
0.70356
0.7039
0.70424
0.70457
0.70491
0.70524
0.70557
0.7059
0.70622
0.70655
0.70687
0.70719
0.70751
0.70782
0.70814
0.70845
0.70876
0.70907
0.70937
0.70968
0.70998
0.71028
0.71057
0.71087
0.71116
0.71145
0.71174
0.71203
0.71231
0.7126
0.71288
0.71316
0.71343
0.71371
0.71398
0.71425
0.71451
0.71478
0.71504
0.7153
0.71556
0.71582
0.71607
0.71633
0.71658
0.71682
0.71707
0.71731
0.71755
0.71779
0.71803
0.71826
0.7185
0.71873
0.71895
0.71918
0.7194
0.71962
0.71984
0.72006
0.72027
0.72048
0.72069
0.7209
0.7211
0.72131
0.72151
0.72171
0.7219
0.7221
0.72229
0.72248
0.72266
0.72285
0.72303
0.72321
0.72339
0.72356
0.72374
0.72391
0.72407
0.72424
0.72441
0.72457
0.72473
0.72488
0.72504
0.72519
0.72534
0.72549
0.72563
0.72578
0.72592
0.72606
0.72619
0.72633
0.72646
0.72659
0.72672
0.72684
0.72697
0.72709
0.72721
0.72732
0.72744
0.72755
0.72766
0.72777
0.72787
0.72797
0.72807
0.72817
0.72827
0.72836
0.72845
0.72854
0.72863
0.72872
0.7288
0.72888
0.72896
0.72904
0.72911
0.72918
0.72925
0.72932
0.72939
0.72945
0.72951
0.72957
0.72963
0.72968
0.72974
0.72979
0.72984
0.72988
0.72993
0.72997
0.73001
0.73005
0.73008
0.73012
0.73015
0.73018
0.73021
0.73024
0.73026
0.73028
0.7303
0.73032
0.73034
0.73035
0.73036
0.73037
0.73038
0.73039
0.73039
0.7304
0.7304
0.7304
0.73039
0.73039
0.73038
0.73037
0.73036
0.73035
0.73033
0.73032
0.7303
0.73028
0.73026
0.73024
0.73021
0.73018
0.73016
0.73013
0.73009
0.73006
0.73003
0.72999
0.72995
0.72991
0.72987
0.72982
0.72978
0.72973
0.72968
0.72963
0.72958
0.72953
0.72947
0.72941
0.72936
0.7293
0.72924
0.72917
0.72911
0.72904
0.72898
0.72891
0.72884
0.72877
0.72869
0.72862
0.72854
0.72846
0.72839
0.72831
0.72823
0.72814
0.72806
0.72797
0.72789
0.7278
0.72771
0.72762
0.72753
0.72744
0.72734
0.72725
0.72715
0.72705
0.72695
0.72685
0.72675
0.72665
0.72655
0.72644
0.72634
0.72623
0.72612
0.72601
0.7259
0.72579
0.72568
0.72557
0.72546
0.72534
0.72523
0.72511
0.72499
0.72487
0.72475
0.72463
0.72451
0.72439
0.72427
0.72415
0.72402
0.7239
0.72377
0.72365
0.72352
0.72339
0.72326
0.72313
0.723
0.72287
0.72274
0.72261
0.72248
0.72234
0.72221
0.72208
0.72194
0.72181
0.72167
0.72153
0.7214
0.72126
0.72112
0.72098
0.72085
0.72071
0.72057
0.72043
0.72029
0.72015
0.72001
0.71986
0.71972
0.71958
0.71944
0.7193
0.71915
0.71901
0.71887
0.71873
0.71858
0.71844
0.7183
0.71815
0.71801
0.71786
0.71772
0.71758
0.71743
0.71729
0.71714
0.717
0.71685
0.71671
0.71656
0.71642
0.71628
0.71613
0.71599
0.71584
0.7157
0.71556
0.71541
0.71527
0.71513
0.71498
0.71484
0.7147
0.71456
0.71441
0.71427
0.71413
0.71399
0.71385
0.71371
0.71357
0.71343
0.71329
0.71315
0.71301
0.71287
0.71274
0.7126
0.71246
0.71233
0.71219
0.71205
0.71192
0.71179
0.71165
0.71152
0.71139
0.71125
0.71112
0.71099
0.71086
0.71073
0.7106
0.71048
0.71035
0.71022
0.7101
0.70997
0.70985
0.70972
0.7096
0.70948
0.70936
0.70924
0.70912
0.709
0.70888
0.70877
0.70865
0.70854
0.70842
0.70831
0.7082
0.70809
0.70798
0.70787
0.70776
0.70765
0.70754
0.70744
0.70734
0.70723
0.70713
0.70703
0.70693
0.70683
0.70674
0.70664
0.70654
0.70645
0.70636
0.70627
0.70618
0.70609
0.706
0.70591
0.70583
0.70575
0.70566
0.70558
0.7055
0.70542
0.70535
0.70527
0.7052
0.70512
0.70505
0.70498
0.70491
0.70485
0.70478
0.70472
0.70465
0.70459
0.70453
0.70447
0.70442
0.70436
0.70431
0.70425
0.7042
0.70416
0.70411
0.70406
0.70402
0.70397
0.70393
0.70389
0.70386
0.70382
0.70379
0.70375
0.70372
0.70369
0.70366
0.70364
0.70361
0.70359
0.70357
0.70355
0.70354
0.70352
0.70351
0.70349
0.70348
0.70348
0.70347
0.70347
0.70346
0.70346
0.70346
0.70347
0.70347
0.70348
0.70349
0.7035
0.70351
0.70353
0.70354
0.70356
0.70358
0.7036
0.70363
0.70365
0.70368
0.70371
0.70375
0.70378
0.70382
0.70386
0.7039
0.70394
0.70398
0.70403
0.70408
0.70413
0.70418
0.70424
0.7043
0.70435
0.70442
0.70448
0.70455
0.70461
0.70468
0.70476
0.70483
0.70491
0.70499
0.70507
0.70515
0.70524
0.70532
0.70541
0.70551
0.7056
0.7057
0.70579
0.7059
0.706
0.7061
0.70621
0.70632
0.70643
0.70655
0.70667
0.70679
0.70691
0.70703
0.70716
0.70729
0.70742
0.70755
0.70768
0.70782
0.70796
0.70811
0.70825
0.7084
0.70855
0.7087
0.70885
0.70901
0.70917
0.70933
0.70949
0.70966
0.70983
0.71
0.71017
0.71035
0.71053
0.71071
0.71089
0.71108
0.71126
0.71145
0.71165
0.71184
0.71204
0.71224
0.71244
0.71265
0.71285
0.71306
0.71328
0.71349
0.71371
0.71393
0.71415
0.71437
0.7146
0.71483
0.71506
0.7153
0.71553
0.71577
0.71601
0.71626
0.71651
0.71676
0.71701
0.71726
0.71752
0.71778
0.71804
0.7183
0.71857
0.71884
0.71911
0.71938
0.71966
0.71994
0.72022
0.72051
0.72079
0.72108
0.72137
0.72167
0.72196
0.72226
0.72256
0.72287
0.72317
0.72348
0.7238
0.72411
0.72443
0.72474
0.72507
0.72539
0.72572
0.72605
0.72638
0.72671
0.72705
0.72739
0.72773
0.72807
0.72842
0.72877
0.72912
0.72947
0.72983
0.73019
0.73055
0.73091
0.73128
0.73164
0.73201
0.73239
0.73276
0.73314
0.73352
0.73391
0.73429
0.73468
0.73507
0.73546
0.73586
0.73626
0.73666
0.73706
0.73746
0.73787
0.73828
0.73869
0.73911
0.73952
0.73994
0.74036
0.74079
0.74121
0.74164
0.74207
0.74251
0.74294
0.74338
0.74382
0.74426
0.74471
0.74516
0.74561
0.74606
0.74651
0.74697
0.74743
0.74789
0.74835
0.74882
0.74929
0.74976
0.75023
0.75071
0.75118
0.75166
0.75215
0.75263
0.75312
0.7536
0.7541
0.75459
0.75508
0.75558
0.75608
0.75658
0.75709
0.75759
0.7581
0.75861
0.75912
0.75964
0.76015
0.76067
0.76119
0.76172
0.76224
0.76277
0.7633
0.76383
0.76436
0.7649
0.76544
0.76598
0.76652
0.76706
0.76761
0.76816
0.76871
0.76926
0.76981
0.77037
0.77093
0.77149
0.77205
0.77261
0.77318
0.77374
0.77431
0.77488
0.77546
0.77603
0.77661
0.77719
0.77777
0.77835
0.77894
0.77952
0.78011
0.7807
0.78129
0.78189
0.78248
0.78308
0.78368
0.78428
0.78488
0.78548
0.78609
0.7867
0.78731
0.78792
