1.4003
1.5072
1.637
1.7599
1.9413
2.083
2.1992
2.2644
2.2587
2.195
2.0858
1.9526
1.801
1.6211
1.4184
1.2286
1.0628
0.87855
0.7
0.52288
0.36276
0.25365
0.19271
0.16579
0.17996
0.25081
0.34292
0.45061
0.58948
0.72976
0.85304
0.96215
1.0415
1.0939
1.0868
1.0684
1.0103
0.92673
0.82612
0.70567
0.57389
0.44636
0.36134
0.29616
0.22531
0.1913
0.22672
0.28057
0.33725
0.34292
0.33016
0.29616
0.30182
0.32025
0.29332
0.2664
0.22531
0.22956
0.2664
0.31599
0.35425
0.37551
0.3996
0.40952
0.43644
0.45344
0.46336
0.45486
0.43219
0.40668
0.38826
0.39251
0.42794
0.47895
0.4917
0.48604
0.50162
0.51721
0.51721
0.50587
0.50162
0.50729
0.54413
0.58523
0.57672
0.55264
0.52713
0.50304
0.45061
0.37693
0.29332
0.21397
0.1913
0.20263
0.24798
0.31033
0.40668
0.56397
0.75527
0.9664
1.1549
1.298
1.3703
1.3986
1.383
1.3547
1.3051
1.2739
1.2441
1.2328
1.2682
1.3306
1.4099
1.4454
1.4454
1.3844
1.2654
1.1379
1.0174
0.92531
0.81903
0.71134
0.61073
0.51438
0.46053
0.4081
0.35992
0.31458
0.30041
0.30324
0.30466
0.34717
0.3996
0.45061
0.47612
0.48178
0.45911
0.43077
0.41093
0.38968
0.38259
0.39251
0.43502
0.48462
0.53847
0.5583
0.5413
0.52571
0.54697
0.57814
0.61782
0.66741
0.7496
0.87713
1.0826
1.2866
1.4765
1.6367
1.7599
1.8435
1.8563
1.8336
1.7472
1.6437
1.502
1.3816
1.2441
1.1024
0.99333
0.88563
0.78503
0.66316
0.5413
0.4166
0.33016
0.25506
0.17996
0.16437
0.19555
0.2579
0.31458
0.3585
0.40385
0.47045
0.55264
0.58948
0.59373
0.55689
0.50729
0.4577
0.40101
0.32733
0.24798
0.17429
0.12328
0.14028
0.20263
0.27632
0.36276
0.47328
0.57389
0.66458
0.67875
0.62774
0.56964
0.48887
0.38826
0.27348
0.16862
0.076519
0.069434
0.11478
0.17713
0.22814
0.25931
0.28765
0.34575
0.40668
0.45486
0.47187
0.45344
0.49029
0.56822
0.68442
0.79636
0.91256
1.033
1.1733
1.3433
1.512
1.6466
1.7273
1.7642
1.7982
1.8138
1.8194
1.7613
1.631
1.4624
1.2696
1.0613
0.8828
0.72834
0.57106
0.44778
0.39393
0.42085
0.51721
0.67733
0.79778
0.87146
0.90972
0.93806
0.91256
0.83037
0.71134
0.56822
0.44919
0.35709
0.29332
0.23381
0.21539
0.23522
0.26215
0.30891
0.3415
0.38401
0.44919
0.53563
0.64332
0.73968
0.83745
0.8913
0.92531
0.94373
0.94231
0.90264
0.82045
0.73968
0.63624
0.5413
0.43644
0.38259
0.38118
0.43786
0.50587
0.56255
0.63057
0.69009
0.73685
0.73118
0.66033
0.55264
0.43361
0.333
0.25648
0.22247
0.24231
0.28624
0.35284
0.41802
0.4832
0.52996
0.54272
0.51579
0.4917
0.4577
0.40668
0.32875
0.29332
0.2579
0.23522
0.21114
0.17004
0.1332
0.1332
0.17571
0.17429
0.15871
0.1417
0.14595
0.16862
0.17996
0.16721
0.14028
0.11336
0.10628
0.1332
0.18563
0.23806
0.33867
0.45344
0.59515
0.75952
0.92106
1.0656
1.1705
1.2739
1.2952
1.2781
1.2016
1.0798
0.9409
0.79069
0.63907
0.45911
0.33016
0.22389
0.14737
0.10486
0.083604
0.062349
0.072268
0.099191
0.11761
0.16012
0.22531
0.31883
0.42652
0.54697
0.62774
0.7
0.74535
0.76944
0.75385
0.67592
0.56539
0.44494
0.35425
0.27065
0.24089
0.26215
0.34717
0.47753
0.62774
0.78928
0.94656
1.1124
1.2413
1.3051
1.2923
1.2172
1.118
1.0089
0.92248
0.85871
0.81762
0.79494
0.81478
0.8913
0.97774
1.0387
1.0571
1.0217
0.9664
0.90122
0.81762
0.68725
0.55122
0.44636
0.37409
0.32308
0.24656
0.1775
0.13708
0.14495
0.17972
0.23584
0.29178
0.3728
0.52732
0.70538
0.90535
1.1107
1.2861
1.4688
1.6387
1.8067
1.9352
2.0379
2.0907
2.1071
2.1037
2.0344
1.9384
1.832
1.707
1.578
1.4544
1.3767
1.3424
1.3231
1.3135
1.2669
1.2162
1.1694
1.1279
1.0655
1.0208
1.0036
1.0032
1.0386
1.1043
1.2031
1.3069
1.3844
1.4283
1.4482
1.4312
1.3915
1.3249
1.2385
1.1577
1.0925
1.0514
1.0259
1.0684
1.1152
1.1591
1.1974
1.2257
1.2824
1.3235
1.349
1.3249
1.2881
1.2668
1.2399
1.2059
1.1109
0.99616
0.87997
0.7326
0.63057
0.56114
0.48745
0.41093
0.3415
0.28907
0.26073
0.29616
0.30466
0.28624
0.26923
0.26782
0.31316
0.38968
0.4747
0.52571
0.56964
0.58664
0.58664
0.56822
0.52996
0.4747
0.41235
0.35567
0.30182
0.23806
0.19271
0.16437
0.14454
0.13037
0.12611
0.1417
0.15587
0.20547
0.24939
0.29757
0.34008
0.3585
0.35284
0.32025
0.28057
0.23097
0.22814
0.27348
0.34292
0.4251
0.50729
0.60365
0.70992
0.81195
0.85871
0.84596
0.82045
0.7992
0.76235
0.68725
0.58098
0.47895
0.41235
0.35567
0.29616
0.22531
0.17429
0.14028
0.15162
0.18138
0.20547
0.24798
0.27207
0.28624
0.27632
0.28482
0.29332
0.30466
0.30182
0.26356
0.22814
0.20263
0.23522
0.31033
0.40952
0.47045
0.51438
0.51296
0.52288
0.56822
0.61073
0.61782
0.6079
0.61782
0.65466
0.74535
0.80061
0.77369
0.68583
0.62065
0.55547
0.52146
0.48178
0.45344
0.45911
0.50729
0.61498
0.73968
0.87855
0.99049
1.0812
1.1421
1.1832
1.2059
1.1775
1.0883
0.97632
0.8998
0.85304
0.83037
0.81903
0.85729
0.94373
1.0486
1.1081
1.0982
1.0543
0.96924
0.86296
0.74535
0.64332
0.55547
0.50304
0.50021
0.50446
0.52571
0.57814
0.64332
0.6915
0.74818
0.8077
0.83745
0.87005
0.8998
0.90831
0.86438
0.78786
0.70567
0.62349
0.55264
0.47753
0.42227
0.39818
0.41944
0.48604
0.56539
0.66033
0.74677
0.83179
0.87146
0.86438
0.83887
0.78503
0.70709
0.57814
0.43786
0.31458
0.26073
0.26073
0.26073
0.25506
0.19838
0.17996
0.17571
0.17854
0.15871
0.13037
0.12895
0.13462
0.18138
0.23664
0.32025
0.41944
0.5498
0.6915
0.8077
0.92814
1.0401
1.1209
1.162
1.1152
1.0132
0.91681
0.85163
0.81053
0.75952
0.68867
0.57106
0.53138
0.52004
0.46336
0.37551
0.2579
0.20688
0.22531
0.33725
0.43361
0.55547
0.72693
0.92531
1.1053
1.2385
1.3192
1.3589
1.4312
1.485
1.5148
1.4723
1.4099
1.3419
1.2852
1.2399
1.1605
1.0628
0.93806
0.83179
0.72126
0.60648
0.51012
0.42227
0.33016
0.25365
0.19555
0.17288
0.18846
0.21539
0.2083
0.18563
0.17146
0.15162
0.1502
0.14737
0.16296
0.20122
0.27632
0.37267
0.47612
0.57247
0.64474
0.68867
0.68867
0.65749
0.60081
0.51296
0.40527
0.32025
0.27207
0.26356
0.2834
0.29899
0.30041
0.31883
0.37693
0.44778
0.49454
0.5328
0.55264
0.58098
0.61498
0.63482
0.58806
0.51012
0.43219
0.35425
0.26782
0.20688
0.1913
0.19696
0.22531
0.23522
0.23097
0.2168
0.23806
0.26923
0.30324
0.35992
0.44353
0.54413
0.61923
0.68583
0.71559
0.70709
0.65324
0.57672
0.49454
0.4251
0.37834
0.32733
0.28765
0.27207
0.30891
0.36417
0.42227
0.48604
0.54555
0.56397
0.54838
0.53988
0.47895
0.4166
0.37126
0.30749
0.22105
0.20547
0.27207
0.34292
0.45344
0.52004
0.57247
0.61498
0.6915
0.73401
0.70567
0.62915
0.55264
0.54697
0.59089
0.66458
0.74677
0.8162
0.90122
1.0032
1.0599
1.0373
0.93523
0.8077
0.65891
0.54432
0.50638
0.53359
0.64098
0.8076
1.0064
1.2052
1.3654
1.4819
1.5114
1.4805
1.4063
1.2971
1.1898
1.0952
1.0458
1.0318
1.0342
1.0055
0.90504
0.79911
0.73244
0.71473
0.74473
0.82783
0.95304
1.1082
1.2908
1.4292
1.4552
1.3913
1.2368
1.0457
0.83957
0.67903
0.57443
0.55456
0.6103
0.74055
0.94891
1.1676
1.3734
1.5205
1.6182
1.6466
1.6423
1.5658
1.4794
1.3858
1.2937
1.2172
1.1449
1.1138
1.0698
1.0316
0.97491
0.86721
0.72126
0.59798
0.52146
0.44778
0.4166
0.41093
0.39251
0.38401
0.39676
0.41377
0.41518
0.44353
0.46903
0.5328
0.67025
0.87146
1.1279
1.366
1.5828
1.7613
1.9059
1.9952
1.9852
1.9016
1.7514
1.5672
1.349
1.118
0.90547
0.69575
0.53705
0.3996
0.27632
0.20547
0.20547
0.22389
0.24089
0.28057
0.34008
0.44636
0.58523
0.68725
0.7496
0.81053
0.87288
0.91114
0.8913
0.82328
0.69717
0.56964
0.45203
0.35142
0.26782
0.22247
0.2083
0.20405
0.20688
0.22531
0.25931
0.3415
0.4577
0.60932
0.76235
0.92673
1.0868
1.2115
1.2994
1.3093
1.247
1.1039
0.92531
0.7411
0.60648
0.50021
0.42369
0.36984
0.37834
0.46195
0.61923
0.78928
0.9409
1.1109
1.2909
1.4864
1.6437
1.7543
1.7982
1.7925
1.7415
1.6182
1.4241
1.179
0.97349
0.78786
0.64474
0.48745
0.36134
0.31174
0.31458
0.35142
0.38968
0.44778
0.53563
0.69859
0.91539
1.118
1.3575
1.5998
1.8322
2.015
2.1156
2.1411
2.0717
2.0079
1.9116
1.8379
1.7443
1.6607
1.597
1.5871
1.6225
1.6296
1.6055
1.536
1.4397
1.3292
1.2229
1.1067
0.98482
0.86296
0.75952
0.65324
0.56539
0.50587
0.50446
0.57389
0.70284
0.88705
1.1109
1.3447
1.5587
1.7033
1.75
1.6862
1.546
1.3306
1.0656
0.84454
0.68583
0.60932
0.60932
0.65891
0.7666
0.92673
1.118
1.3122
1.5049
1.7373
1.9796
2.2445
2.4628
2.6243
2.7221
2.7589
2.7575
2.7065
2.6257
2.4769
2.2899
2.0745
1.852
1.6168
1.3547
1.1095
0.8743
0.67733
0.51721
0.42369
0.40243
0.41377
0.45344
0.45628
0.43219
0.40101
0.36701
0.35
0.33583
0.32025
0.29049
0.24089
0.2579
0.35425
0.53563
0.74393
0.95365
1.1577
1.3178
1.4454
1.4609
1.3674
1.1818
0.9664
0.72693
0.50162
0.33158
0.21114
0.16296
0.14737
0.16012
0.16862
0.20405
0.23806
0.28199
0.37126
0.46478
0.56397
0.64758
0.73543
0.81195
0.91256
1.0032
1.0798
1.1492
1.264
1.434
1.6111
1.7897
1.9356
2.0618
2.1439
2.2247
2.2743
2.2998
2.2941
2.2757
2.2601
2.2672
2.2814
2.263
2.2105
2.1213
2.0292
1.9186
1.7911
1.6452
1.5332
1.4142
1.3079
1.1846
1.0585
0.93665
0.82754
0.74535
0.64474
0.59373
0.55122
0.53705
0.50162
0.45203
0.4251
0.40385
0.38826
0.34008
0.29899
0.25506
0.23381
0.23522
0.21964
0.18563
0.14312
0.12328
0.085021
0.070851
0.0666
0.093523
0.15729
0.22389
0.27348
0.27773
0.30324
0.34008
0.40668
0.4662
0.48462
0.48037
0.4577
0.43786
0.44778
0.50729
0.6079
0.72551
0.87146
1.0245
1.203
1.4184
1.6296
1.7812
1.8492
1.886
1.879
1.8464
1.7628
1.5715
1.3221
1.084
0.86438
0.666
0.52146
0.43502
0.4081
0.47328
0.55264
0.60506
0.67308
0.74677
0.80628
0.84454
0.87855
0.89272
0.87997
0.84312
0.77369
0.68583
0.58381
0.47753
0.34717
0.27348
0.24231
0.24373
0.24798
0.22672
0.20122
0.22531
0.30466
0.35425
0.37409
0.38684
0.41235
0.49312
0.58381
0.6164
0.62774
0.65041
0.69575
0.74393
0.79211
0.8047
0.8044
0.81675
0.80933
0.77265
0.6999
0.61489
0.53429
0.45237
0.38574
0.32034
0.26022
0.21387
0.18718
0.19329
0.19077
0.19106
0.15963
0.15256
0.15702
0.16863
0.21024
0.25992
0.34137
0.43865
0.57919
0.7189
0.83784
0.93639
0.98875
0.99482
0.95842
0.91361
0.86168
0.79975
0.75971
0.73757
0.74189
0.74502
0.75791
0.74104
0.68867
0.61923
0.52855
0.43786
0.39535
0.43361
0.52996
0.64758
0.7496
0.83179
0.90547
0.97491
0.97916
0.91397
0.78644
0.67592
0.6164
0.57106
0.52855
0.4917
0.47895
0.50871
0.56964
0.62207
0.67733
0.72834
0.81337
0.85871
0.86296
0.80061
0.72268
0.65041
0.58381
0.54697
0.50162
0.50587
0.55689
0.65183
0.76235
0.84596
0.90831
0.97632
1.0854
1.2115
1.3362
1.4567
1.553
1.6508
1.7217
1.7231
1.6437
1.5077
1.3462
1.1563
0.9409
0.72976
0.53988
0.38118
0.26782
0.19696
0.14028
0.11053
0.10486
0.097774
0.085021
0.096357
0.086438
0.082187
0.12895
0.21114
0.32166
0.42794
0.52713
0.61073
0.72268
0.83604
0.91539
0.97349
1.0146
1.0528
1.0543
1.0302
0.98908
0.93948
0.90122
0.84171
0.75527
0.66033
0.61073
0.58381
0.51438
0.44636
0.34575
0.27065
0.22531
0.18279
0.13603
0.11053
0.1332
0.14312
0.18279
0.23239
0.31174
0.42794
0.57814
0.71276
0.8162
0.89839
0.95365
0.97916
0.97065
0.91964
0.80203
0.65749
0.56822
0.50162
0.45344
0.40668
0.34859
0.30749
0.30891
0.35142
0.35284
0.32308
0.31741
0.34717
0.38543
0.41944
0.44494
0.48037
0.53563
0.63482
0.70992
0.75527
0.79494
0.86013
0.94515
1.0429
1.1662
1.2937
1.4142
1.519
1.6097
1.6537
1.6395
1.5672
1.4609
1.332
1.196
1.0755
0.9664
0.89272
0.85446
0.83745
0.81903
0.82895
0.88422
0.96074
1.0358
1.0939
1.1407
1.1506
1.1265
1.0897
1.0146
0.91964
0.82045
0.72693
0.64758
0.60506
0.57672
0.51154
0.43361
0.35567
0.28765
0.24089
0.20263
0.17713
0.17429
0.19838
0.22105
0.23664
0.2664
0.29049
0.31033
0.32166
0.35567
0.41944
0.52855
0.66741
0.8162
0.96782
1.1294
1.3093
1.4524
1.5644
1.6324
1.6395
1.5672
1.417
1.2186
1.0415
0.89839
0.76094
0.66175
0.62774
0.69859
0.87146
1.1223
1.3391
1.5261
1.7273
1.9144
2.0858
2.2063
2.2729
2.2686
2.2233
2.1652
2.0759
1.9682
1.8435
1.7203
1.5856
1.4269
1.2427
1.0557
0.90689
0.79069
0.68725
0.58098
0.49879
0.46761
0.49879
0.5498
0.58948
0.62065
0.65183
0.71701
0.77369
0.81762
0.83887
0.84454
0.80061
0.71417
0.5994
0.47753
0.35709
0.24939
0.16437
0.10628
0.076519
0.09494
0.15162
0.21822
0.31599
0.43786
0.56681
0.67592
0.77794
0.82754
0.81195
0.73401
0.64049
0.54272
0.43927
0.35992
0.31883
0.31883
0.33442
0.36134
0.35992
0.33725
0.3245
0.31741
0.29049
0.2664
0.27915
0.32875
0.40952
0.48178
0.52288
0.55972
0.5994
0.65324
0.69292
0.75243
0.81337
0.88422
0.97491
1.0585
1.1435
1.2045
1.2824
1.3377
1.3745
1.3986
1.3873
1.3306
1.22
1.0585
0.90264
0.75243
0.6249
0.51579
0.45911
0.46478
0.52713
0.63341
0.72976
0.81337
0.89272
0.9664
1.0103
1.0089
0.97207
0.92106
0.83887
0.76519
0.69717
0.65183
0.62774
0.59656
0.56822
0.52004
0.4832
0.42369
0.35142
0.30041
0.23097
0.18563
0.14737
0.16012
0.20972
0.32166
0.48604
0.64616
0.81478
0.99049
1.1832
1.3773
1.5573
1.6834
1.7443
1.7302
1.6806
1.5913
1.4652
1.3122
1.1379
0.95223
0.73968
0.55689
0.40527
0.32166
0.2749
0.26498
0.26073
0.28765
0.36984
0.47612
0.62207
0.74952
0.88494
0.9464
0.99429
0.98082
0.94797
0.89033
0.8053
0.69984
0.57244
0.47691
0.37833
0.33257
0.30209
0.3067
0.32529
0.36335
0.42894
0.49407
0.59173
0.68746
0.80455
0.94436
1.0867
1.2413
1.3745
1.5217
1.6438
1.738
1.8
1.7983
1.7626
1.7008
1.6168
1.5062
1.3729
1.2304
1.0548
0.87509
0.69675
0.56192
0.47355
0.41518
0.37693
0.35567
0.35284
0.35142
0.34433
0.29757
0.24798
0.1913
0.17004
0.17571
0.23664
0.34008
0.49454
0.666
0.80345
0.8998
0.91539
0.8998
0.83887
0.7581
0.64616
0.53847
0.45486
0.43502
0.49029
0.56822
0.65466
0.74818
0.85304
0.95507
1.0599
1.1506
1.186
1.1804
1.1407
1.0741
0.96499
0.80911
0.65183
0.52855
0.45203
0.39818
0.34717
0.30041
0.28482
0.32166
0.37126
0.39251
0.37693
0.33442
0.30182
0.28482
0.27065
0.26215
0.25648
0.25648
0.29332
0.35567
0.42794
0.49737
0.56397
0.58948
0.58239
0.55405
0.53705
0.52004
0.47895
0.4081
0.37126
0.35992
0.36842
0.37976
0.36842
0.36559
0.38401
0.45061
0.51579
0.57389
0.60223
0.58523
0.52571
0.49737
0.4832
0.43786
0.333
0.24231
0.17996
0.17996
0.21539
0.18705
0.23522
0.38968
0.64758
0.91539
1.2059
1.4949
1.7826
2.0759
2.2531
2.3154
2.2672
2.1765
2.0334
1.8577
1.665
1.4822
1.3334
1.2257
1.1818
1.1676
1.1832
1.1917
1.2059
1.2016
1.1435
1.0316
0.8658
0.69009
0.49879
0.333
0.20405
0.16012
0.19271
0.24373
0.28907
0.29049
0.31316
0.36842
0.44353
0.49312
0.58381
0.73401
0.9579
1.2371
1.4808
1.6862
1.8251
1.9696
2.066
2.1425
2.195
2.2318
2.2956
2.365
2.4458
2.4529
2.4004
2.314
2.2006
2.0887
1.9753
1.8818
1.8152
1.8067
1.8549
1.9215
1.9796
2.0008
1.9696
1.8676
1.7174
1.5346
1.2909
1.067
0.90972
0.84879
0.87005
0.9409
1.0613
1.1577
1.2824
1.3249
1.2583
1.0911
0.91256
0.76519
0.64049
0.5583
0.48462
0.44919
0.4747
0.53847
0.58948
0.59656
0.56114
0.51863
0.47045
0.4251
0.42794
0.46903
0.53847
0.64332
0.75952
0.89272
1.0401
1.1903
1.2654
1.3136
1.3178
1.2796
1.2215
1.1251
1.0316
0.95932
0.93806
0.91822
0.92673
0.98199
1.0854
1.247
1.4142
1.563
1.6522
1.6678
1.6281
1.5346
1.4113
1.247
1.0826
0.91114
0.73401
0.58664
0.46478
0.37976
0.28907
0.22105
0.14737
0.10769
0.096357
0.10911
0.13603
0.15587
0.19838
0.25365
0.333
0.40527
0.47328
0.56964
0.65183
0.70426
0.67875
0.63341
0.59798
0.57531
0.55972
0.52713
0.52713
0.59798
0.76519
0.9409
1.0429
1.0755
1.0472
0.96499
0.89414
0.8332
0.75952
0.72693
0.75243
0.8247
0.95365
1.1166
1.2569
1.3221
1.3603
1.3504
1.3107
1.2456
1.1492
1.0302
0.85304
0.74818
0.71843
0.73968
0.80486
0.92389
1.0854
1.3022
1.5573
1.7585
1.8974
2.0122
2.0873
2.117
2.1099
2.0773
2.0547
1.9966
1.8974
1.7061
1.4723
1.2569
1.0472
0.82612
0.60365
0.45344
0.3585
0.34859
0.39251
0.4577
0.57531
0.74252
0.93665
1.1138
1.281
1.4241
1.5431
1.6296
1.6735
1.6579
1.5998
1.4949
1.3547
1.1917
1.0273
0.82895
0.66883
0.56255
0.50587
0.53988
0.65608
0.81195
0.99474
1.1719
1.2895
1.3235
1.2952
1.1747
0.96782
0.75102
0.54413
0.40952
0.34008
0.34859
0.37693
0.44353
0.5328
0.63199
0.71701
0.78219
0.78361
0.72551
0.64191
0.54697
0.46478
0.40668
0.35567
0.31316
0.31741
0.35
0.40952
0.47045
0.53847
0.60223
0.65608
0.71984
0.73401
0.73968
0.7496
0.76519
0.76225
0.68995
0.58552
0.48215
0.45033
0.4649
0.47519
0.47007
0.45935
0.457
0.48665
0.4745
0.42758
0.34281
0.25733
0.18504
0.12749
0.10278
0.083672
0.097104
0.098628
0.11189
0.12649
0.14676
0.16107
0.18388
0.21792
0.25591
0.32317
0.38436
0.42998
0.42816
0.43747
0.49423
0.61508
0.7764
0.96606
1.172
1.382
1.6152
1.8163
1.9349
1.9243
1.8053
1.6012
1.332
1.084
0.93523
0.84171
0.7992
0.78786
0.81195
0.88705
1.0231
1.1322
1.1251
1.0387
0.90405
0.79494
0.70567
0.63341
0.53138
0.41377
0.33867
0.35567
0.43644
0.52571
0.58523
0.58098
0.56822
0.56822
0.55972
0.49737
0.38684
0.26073
0.16012
0.089272
0.065183
0.070851
0.069434
0.073685
0.079353
0.089272
0.10344
0.13745
0.17288
0.22247
0.30041
0.38401
0.46903
0.51579
0.52571
0.50162
0.47895
0.44353
0.40385
0.34717
0.2749
0.21539
0.1998
0.21397
0.21255
0.22247
0.22672
0.24939
0.27773
0.29899
0.2834
0.30466
0.35425
0.40668
0.48037
0.58239
0.73968
0.91964
1.1053
1.1988
1.2257
1.2158
1.1832
1.1279
1.0373
0.9664
0.90122
0.83037
0.73543
0.74393
0.82187
0.92248
0.99191
1.0202
1.0316
1.0939
1.2144
1.2498
1.2356
1.1577
1.0826
0.98908
0.88705
0.77227
0.67025
0.59515
0.54272
0.59089
0.73685
0.94798
1.186
1.383
1.5091
1.5771
1.5842
1.5389
1.4298
1.3178
1.2243
1.1974
1.2215
1.2682
1.3263
1.3532
1.3504
1.315
1.2371
1.1124
0.9664
0.82045
0.65608
0.51154
0.38826
0.27632
0.19555
0.14028
0.12045
0.14028
0.20688
0.28907
0.37834
0.48037
0.60365
0.72126
0.83462
0.88422
0.89414
0.87288
0.86154
0.87005
0.8743
0.8913
0.8828
0.88422
0.87997
0.86863
0.81337
0.71701
0.60506
0.46336
0.37834
0.31316
0.26215
0.22389
0.21255
0.2168
0.21539
0.25223
0.25081
0.25648
0.27207
0.30749
0.33016
0.33016
0.33158
0.30041
0.27065
0.26215
0.28057
0.34008
0.41944
0.52288
0.63907
0.78077
0.91681
0.99616
1.0117
0.96357
0.88988
0.81053
0.71417
0.61923
0.5413
0.52004
0.51579
0.47612
0.43219
0.38968
0.38543
0.3996
0.42652
0.41518
0.40385
0.43644
0.48178
0.5328
0.5328
0.49737
0.41802
0.34859
0.31883
0.29757
0.26782
0.20547
0.18138
0.21255
0.28199
0.3585
0.40385
0.44353
0.49879
0.58806
0.69009
0.75243
0.80203
0.83604
0.87997
0.92248
0.94373
0.93239
0.87997
0.81478
0.72834
0.65041
0.54838
0.46761
0.41377
0.40243
0.4166
0.45628
0.55122
0.66883
0.83462
0.98341
1.1166
1.2059
1.2739
1.3079
1.3065
1.264
1.1903
1.0939
0.96782
0.83179
0.69434
0.56822
0.47328
0.42369
0.4081
0.41802
0.42652
0.44778
0.44919
0.46336
0.43502
0.41802
0.39818
0.39535
0.41802
0.44919
0.49595
0.52996
0.57389
0.59515
0.62915
0.65749
0.6915
0.71417
0.72268
0.72976
0.7326
0.75243
0.7581
0.75102
0.75102
0.75952
0.80628
0.86438
0.92106
0.92531
0.86154
0.7992
0.72268
0.65324
0.54413
0.43219
0.3585
0.31599
0.33158
0.34008
0.33867
0.34575
0.40385
0.47328
0.53705
0.59089
0.64474
0.67592
0.72409
0.77369
0.80345
0.82754
0.81337
0.78786
0.71417
0.62349
0.53988
0.45628
0.3585
0.26923
0.18846
0.13603
0.1247
0.14879
0.17713
0.19838
0.25223
0.29899
0.36842
0.43077
0.4832
0.54413
0.58948
0.61357
0.6079
0.58239
0.5328
0.46336
0.41093
0.39393
0.41802
0.47895
0.56114
0.67733
0.82612
1.016
1.2073
1.332
1.4028
1.4312
1.4439
1.4283
1.3844
1.2923
1.152
0.99758
0.81903
0.69859
0.62632
0.56964
0.52429
0.51721
0.53563
0.60932
0.73118
0.82895
0.87685
0.89327
0.88136
0.80653
0.73349
0.63985
0.55908
0.46447
0.40202
0.38434
0.39604
0.4439
0.47345
0.49176
0.49202
0.50881
0.51174
0.49671
0.44709
0.39725
0.37225
0.35551
0.32328
0.29648
0.25679
0.21963
0.18647
0.16169
0.12514
0.10435
0.13013
0.14121
0.1522
0.14876
0.16392
0.16899
0.21387
0.28823
0.35021
0.39772
0.42158
0.42824
0.41235
0.4251
0.41377
0.36984
0.29049
0.22389
0.22247
0.27773
0.3585
0.42085
0.47612
0.51863
0.58239
0.64191
0.66175
0.69009
0.74252
0.79494
0.83037
0.86013
0.88988
0.93239
0.97774
0.97491
0.93098
0.88138
0.86296
0.84596
0.81762
0.76944
0.70567
0.60648
0.53563
0.50021
0.48178
0.50871
0.59798
0.72693
0.91397
1.1747
1.4496
1.7273
2.0051
2.2814
2.518
2.7192
2.8454
2.885
2.8425
2.732
2.5605
2.314
2.0079
1.6749
1.3306
1.0217
0.78928
0.63057
0.51012
0.43077
0.38118
0.34292
0.33867
0.34292
0.33016
0.30466
0.30324
0.35142
0.43927
0.56539
0.69717
0.83462
0.95223
1.0288
1.0642
1.0401
0.99899
0.92531
0.81762
0.68725
0.57106
0.47045
0.36701
0.27773
0.18421
0.13887
0.16437
0.24656
0.35425
0.45628
0.56681
0.6745
0.77936
0.86296
0.92389
0.9409
0.90689
0.87005
0.81337
0.76944
0.73401
0.70142
0.66741
0.64191
0.65041
0.666
0.70284
0.75385
0.81337
0.88847
0.97632
1.0897
1.1889
1.264
1.3037
1.3122
1.281
1.2328
1.1818
1.1081
1.0231
0.90547
0.80061
0.67166
0.59089
0.53138
0.46761
0.41802
0.3911
0.41235
0.4662
0.55122
0.60506
0.66316
0.72126
0.82045
0.92956
1.0628
1.1761
1.2668
1.3646
1.4369
1.4978
1.5162
1.5318
1.5375
1.5488
1.5601
1.5559
1.512
1.4468
1.383
1.3192
1.2541
1.186
1.1138
1.0458
0.97207
0.89272
0.76802
0.64616
0.52288
0.39251
0.31599
0.30466
0.34717
0.43361
0.54697
0.63341
0.7
0.75385
0.75669
0.68867
0.6079
0.51721
0.48462
0.46903
0.44919
0.41377
0.37409
0.35709
0.35142
0.34575
0.25931
0.21822
0.25081
0.36984
0.52855
0.69575
0.81903
0.90831
1.033
1.1294
1.1974
1.2413
1.2824
1.298
1.3391
1.4071
1.4723
1.5134
1.5148
1.4539
1.3334
1.1605
1.0202
0.92106
0.86013
0.78644
0.72126
0.71417
0.77086
0.88705
0.94515
0.95365
0.92956
0.92531
0.90689
0.8332
0.73118
0.62207
0.56397
0.49879
0.44069
0.36134
0.31599
0.30041
0.32166
0.37976
0.44919
0.57531
0.72976
0.94373
1.1591
1.3915
1.6168
1.7968
1.9314
1.9952
2.015
2.0065
1.998
1.9753
1.9002
1.7968
1.682
1.5715
1.4581
1.3249
1.1705
1.0458
0.99049
1.0004
1.0217
0.99899
0.93806
0.86296
0.78503
0.67166
0.52996
0.39251
0.2834
0.23664
0.25648
0.3245
0.42085
0.52288
0.61782
0.67592
0.71276
0.73826
0.72409
0.67875
0.60506
0.56964
0.56114
0.58523
0.66883
0.8077
1.0146
1.2186
1.4028
1.529
1.5828
1.5956
1.536
1.3943
1.1775
0.93098
0.71417
0.52713
0.37693
0.27207
0.2168
0.23381
0.31458
0.4251
0.50304
0.51579
0.53138
0.53563
0.51863
0.47612
0.39251
0.34717
0.33016
0.38543
0.46336
0.52855
0.55547
0.56255
0.53138
0.4747
0.44069
0.4166
0.36701
0.32591
0.30749
0.30891
0.33158
0.33583
0.30182
0.24798
0.20405
0.15871
0.12186
0.082187
0.053847
0.035425
0.034008
0.046761
0.073685
0.085021
0.083604
0.10344
0.16012
0.22531
0.3245
0.39535
0.43219
0.47328
0.49595
0.47895
0.4251
0.36842
0.28765
0.21539
0.16579
0.12895
0.14737
0.2168
0.333
0.48462
0.64616
0.85021
1.0543
1.2427
1.3745
1.4454
1.4539
1.3901
1.2687
1.079
0.88071
0.72098
0.62011
0.55316
0.51856
0.50639
0.53184
0.59324
0.65841
0.66812
0.63789
0.57741
0.4934
0.41602
0.32978
0.24404
0.16124
0.11478
0.071851
0.05679
0.092665
0.16124
0.23126
0.28763
0.29438
0.30811
0.37917
0.46928
0.53968
0.58098
0.62373
0.70261
0.81084
0.90005
0.9048
0.84534
0.74732
0.63337
0.51962
0.39992
0.29757
0.20405
0.16296
0.14595
0.17713
0.25931
0.37976
0.4917
0.60223
0.70142
0.78786
0.89697
0.98057
0.99474
0.94798
0.84171
0.71701
0.65749
0.64332
0.62632
0.61782
0.60365
0.57956
0.56397
0.56397
0.50446
0.39251
0.2834
0.16437
0.089272
0.043927
0.039676
0.045344
0.055264
0.082187
0.11336
0.17996
0.26215
0.37834
0.51579
0.65749
0.79778
0.91964
1.0528
1.1733
1.2781
1.3476
1.383
1.4312
1.468
1.519
1.5233
1.502
1.4624
1.4354
1.4425
1.4298
1.451
1.4609
1.4709
1.4822
1.4879
1.4524
1.3674
1.2427
1.0557
0.85729
0.70709
0.57389
0.49029
0.4577
0.46336
0.51721
0.60506
0.70284
0.74535
0.78503
0.76944
0.73685
0.69434
0.65749
0.63907
0.64049
0.68442
0.73968
0.80203
0.84879
0.87005
0.84312
0.77794
0.67308
0.57247
0.48604
0.44494
0.41944
0.3996
0.3911
0.37693
0.4166
0.48462
0.56255
0.65466
0.77794
0.94231
1.152
1.4
1.5956
1.6933
1.6933
1.5885
1.4369
1.264
1.0798
0.86438
0.62915
0.4832
0.42227
0.42794
0.43644
0.45061
0.4662
0.52571
0.62774
0.68867
0.69575
0.7
0.70284
0.72409
0.73685
0.72976
0.72409
0.71843
0.70851
0.69575
0.68442
0.62915
0.56964
0.52429
0.48178
0.46336
0.48887
0.5498
0.63057
0.73118
0.83745
0.94231
1.0571
1.1534
1.2257
1.2172
1.1818
1.1336
1.0812
1.0089
0.91539
0.81478
0.72693
0.68867
0.67592
0.65183
0.57814
0.49879
0.43361
0.37267
0.30041
0.23948
0.18421
0.14595
0.15587
0.18138
0.24514
0.35709
0.53421
0.71417
0.88847
1.0415
1.2073
1.4043
1.5927
1.7259
1.7755
1.7755
1.7443
1.7061
1.6083
1.4283
1.179
0.93523
0.70709
0.55547
0.48604
0.51012
0.59656
0.74393
0.91681
1.101
1.3377
1.5375
1.6664
1.6976
1.6834
1.6352
1.5871
1.519
1.4028
1.2952
1.1945
1.1364
1.0925
1.0812
1.0798
1.1024
1.1095
1.084
1.0387
0.96074
0.89414
0.84029
0.79778
0.72551
0.64474
0.55689
0.48178
0.43077
0.4081
0.40101
0.37693
0.35709
0.33158
0.32025
0.31316
0.33867
0.40668
0.51863
0.72834
1.0075
1.332
1.6409
1.9328
2.1723
2.3423
2.4047
2.3494
2.2332
2.1085
2.0037
1.9271
1.8634
1.7713
1.6891
1.6367
1.5941
1.5488
1.4978
1.434
1.3759
1.3447
1.3249
1.2725
1.1988
1.1039
1.0288
0.97491
0.93381
0.90405
0.90122
0.94373
1.0514
1.1747
1.281
1.3504
1.4
1.4213
1.4099
1.3802
1.2937
1.1832
1.0486
0.92531
0.80628
0.69575
0.56114
0.45486
0.41377
0.43219
0.49595
0.59373
0.69575
0.80345
0.96499
1.1209
1.2654
1.3915
1.5063
1.5941
1.6777
1.7642
1.8138
1.8067
1.7075
1.5701
1.4113
1.247
1.0897
0.91681
0.72551
0.5498
0.41802
0.31883
0.25506
0.22814
0.21539
0.23806
0.33725
0.47187
0.63482
0.81762
1.0174
1.213
1.3873
1.502
1.5389
1.5417
1.5006
1.4241
1.2895
1.1138
0.91822
0.72976
0.5994
0.51863
0.48604
0.5328
0.63199
0.79211
0.99616
1.2271
1.4354
1.597
1.7288
1.7684
1.7585
1.7103
1.6395
1.5856
1.529
1.4808
1.4
1.3122
1.2271
1.1322
1.0273
0.8998
0.77652
0.67592
0.61498
0.5994
0.56397
0.52146
0.48745
0.4662
0.42683
0.35655
0.31181
0.29456
0.35882
0.47471
0.60513
0.74567
0.89068
1.0196
1.097
1.1234
1.0953
1.025
0.936
0.84991
0.77755
0.70384
0.63962
0.54782
0.47072
0.40147
0.34847
0.27535
0.19129
0.13477
0.084654
0.10502
0.1411
0.16665
0.14891
0.14265
0.14069
0.15019
0.16249
0.13177
0.098112
0.1033
0.14791
0.20819
0.2857
0.37302
0.46336
0.55547
0.64474
0.71843
0.81053
0.87713
0.90831
0.89839
0.90831
0.97065
1.0458
1.1194
1.1832
1.2456
1.3178
1.3674
1.3915
1.3717
1.3462
1.3249
1.3065
1.3178
1.3703
1.4907
1.6041
1.7047
1.7741
1.835
1.8662
1.8563
1.7599
1.5927
1.3887
1.1676
1.0004
0.89555
0.81337
0.74393
0.68867
0.68583
0.75952
0.89839
1.0061
1.0004
0.95932
0.8913
0.84454
0.75385
0.65466
0.53421
0.39818
0.30891
0.27632
0.30041
0.38401
0.52855
0.64899
0.77227
0.90405
1.0061
1.0613
1.0585
0.98341
0.86438
0.72268
0.58948
0.47753
0.4081
0.38826
0.44211
0.55689
0.68867
0.84171
0.98341
1.1237
1.2512
1.349
1.3717
1.3277
1.2328
1.1279
0.98199
0.80345
0.61357
0.44636
0.35425
0.34008
0.3996
0.46903
0.56114
0.65608
0.74677
0.80486
0.80911
0.76377
0.66883
0.55547
0.48604
0.44778
0.45203
0.47187
0.50729
0.56397
0.63482
0.71134
0.71276
0.65183
0.60081
0.57389
0.57247
0.57956
0.61923
0.66741
0.7411
0.83745
0.86154
0.8162
0.71276
0.59373
0.45628
0.34717
0.25648
0.20405
0.18988
0.22672
0.33442
0.46761
0.6079
0.70284
0.76519
0.77369
0.74393
0.69292
0.6249
0.56539
0.53421
0.56964
0.666
0.78928
0.97632
1.1492
1.2866
1.3887
1.4482
1.4595
1.4156
1.4
1.3603
1.3632
1.3703
1.3703
1.3745
1.3561
1.349
1.2611
1.1534
1.0259
0.8828
0.74393
0.60223
0.48604
0.37976
0.32591
0.27065
0.21822
0.23097
0.28199
0.38118
0.52996
0.70709
0.86863
1.0288
1.1747
1.2583
1.2923
1.2512
1.1421
0.99758
0.8828
0.81903
0.77936
0.73968
0.70709
0.70851
0.7581
0.81195
0.84171
0.79778
0.71843
0.63482
0.57247
0.56964
0.59231
0.67733
0.83745
1.0557
1.281
1.5035
1.6806
1.7656
1.7727
1.6848
1.502
1.2796
1.0401
0.80203
0.63199
0.54272
0.48037
0.46336
0.50021
0.59656
0.77369
1.0103
1.2059
1.3547
1.502
1.648
1.7996
1.9016
1.9555
1.9413
1.9016
1.8577
1.8209
1.7869
1.7047
1.6395
1.5587
1.502
1.4539
1.3929
1.3221
1.2314
1.1506
1.0117
0.83887
0.71559
0.62207
0.54697
0.42652
0.33583
0.30041
0.34859
0.4832
0.62632
0.78503
0.95223
1.1605
1.3263
1.4
1.4014
1.3221
1.1563
0.9494
0.73685
0.55689
0.44211
0.40385
0.43077
0.52146
0.67875
0.88705
1.0883
1.2696
1.3943
1.4595
1.4822
1.4581
1.3873
1.2966
1.2328
1.1733
1.1449
1.152
1.1775
1.2271
1.2696
1.2923
1.2739
1.2484
1.2115
1.1846
1.1747
1.2101
1.2909
1.3929
1.5332
1.6735
1.8109
1.913
2.0093
2.0816
2.1468
2.1992
2.2205
2.2148
2.1553
2.0773
1.9371
1.7599
1.5615
1.3873
1.2654
1.1903
1.196
1.2541
1.3263
1.3617
1.3362
1.2243
1.1109
0.99049
0.86296
0.7411
0.66175
0.65183
0.67875
0.75102
0.76235
0.7411
0.7
0.63057
0.55264
0.47045
0.3996
0.31741
0.29616
0.30891
0.33867
0.38684
0.42652
0.45628
0.50587
0.57672
0.58098
0.55405
0.48745
0.41802
0.37551
0.34292
0.36276
0.46195
0.6745
0.96499
1.315
1.6551
1.93
2.1411
2.2318
2.1935
2.0065
1.7132
1.3745
1.0826
0.87713
0.71276
0.59798
0.50162
0.43361
0.40952
0.39992
0.38621
0.40376
0.48919
0.62431
0.80032
0.98333
1.1319
1.2147
1.212
1.1107
0.94552
0.78625
0.6311
0.52656
0.45765
0.45924
0.52428
0.60814
0.66971
0.69019
0.71473
0.74335
0.77605
0.79926
0.79935
0.77218
0.74494
0.70252
0.63789
0.53968
0.44071
0.32681
0.22017
0.15533
0.16613
0.26633
0.41376
0.55947
0.7015
0.84486
1.0127
1.1662
1.2937
1.3362
1.3221
1.2923
1.2441
1.1804
1.0741
0.96215
0.84171
0.71701
0.60081
0.4917
0.40527
0.35425
0.31033
0.2579
0.23097
0.24939
0.27632
0.32166
0.35992
0.37409
0.38968
0.41802
0.40527
0.34859
0.32025
0.32166
0.37267
0.45628
0.54697
0.63624
0.70567
0.77936
0.80911
0.81762
0.79211
0.77936
0.7992
0.86438
0.95932
1.0755
1.213
1.3178
1.3773
1.3958
1.3603
1.2427
1.0599
0.92248
0.81337
0.74252
0.70709
0.65891
0.58948
0.52571
0.56822
0.57956
0.55405
0.48604
0.4081
0.34008
0.31033
0.32591
0.28624
0.22956
0.17146
0.14454
0.10628
0.085021
0.11903
0.16012
0.23522
0.333
0.45061
0.58098
0.73401
0.86863
0.91964
0.90689
0.83462
0.72976
0.60648
0.48887
0.38543
0.29757
0.26073
0.28907
0.38968
0.48745
0.58381
0.64616
0.69292
0.7496
0.79211
0.78928
0.70992
0.64332
0.61357
0.6249
0.62065
0.59515
0.54697
0.52713
0.51721
0.48604
0.43219
0.333
0.24231
0.20263
0.22389
0.28057
0.41802
0.62065
0.84879
1.1294
1.4255
1.6947
1.93
2.134
2.2899
2.3905
2.4798
2.5421
2.5931
2.647
2.6838
2.7022
2.7207
2.7448
2.7462
2.7051
2.63
2.5067
2.3735
2.2233
2.049
1.8705
1.6607
1.4666
1.2583
1.0557
0.87005
0.7326
0.6164
0.51579
0.46053
0.44353
0.47045
0.53847
0.62632
0.68442
0.70992
0.69575
0.65183
0.6079
0.59798
0.6164
0.6249
0.64758
0.69575
0.75527
0.82045
0.83179
0.81762
0.77511
0.75243
0.76519
0.8077
0.87855
0.96074
1.0656
1.1308
1.1761
1.1945
1.1719
1.0911
0.97207
0.83745
0.71701
0.61782
0.51863
0.39818
0.28482
0.2083
0.16296
0.1417
0.10769
0.093523
0.077936
0.072268
0.072268
0.082187
0.087855
0.11194
0.17288
0.25223
0.333
0.39535
0.44353
0.48037
0.52855
0.54697
0.53138
0.48178
0.41518
0.36701
0.34292
0.3585
0.40243
0.46053
0.50021
0.51863
0.57247
0.66883
0.78786
0.87288
0.93381
0.98482
1.0613
1.1761
1.2909
1.3362
1.2739
1.1464
1.0032
0.84312
0.68867
0.54838
0.4251
0.33158
0.29757
0.30324
0.32166
0.32875
0.30891
0.2834
0.24231
0.21964
0.17996
0.16862
0.20972
0.30749
0.43361
0.5413
0.61923
0.70284
0.82754
0.94373
1.0316
1.0656
1.0854
1.0925
1.101
1.0727
1.0401
1.0316
1.016
1.0883
1.1945
1.3759
1.5644
1.7585
1.9144
2.0022
2.0292
1.9441
1.7826
1.5247
1.2186
0.94373
0.71134
0.50871
0.33725
0.21255
0.17854
0.2083
0.31174
0.42085
0.51579
0.64191
0.78077
0.93806
1.0387
1.1053
1.1364
1.1322
1.0897
0.99333
0.85729
0.75669
0.70992
0.7
0.72834
0.80911
0.9494
1.1279
1.3192
1.4326
1.4935
1.5091
1.4978
1.4198
1.3122
1.1818
1.0472
0.92814
0.78786
0.65041
0.52004
0.44778
0.38401
0.33725
0.333
0.34292
0.35709
0.35567
0.33867
0.30466
0.26073
0.22672
0.17146
0.12186
0.10628
0.18988
0.37126
0.62207
0.90264
1.1676
1.4312
1.6905
1.9385
2.0802
2.1071
2.0377
1.9597
1.9002
1.8492
1.7741
1.6749
1.5786
1.4468
1.2838
1.0968
0.92389
0.75385
0.5994
0.46903
0.38259
0.34433
0.34717
0.38968
0.42227
0.45911
0.4577
0.41235
0.38543
0.40668
0.44069
0.50162
0.60094
0.75806
0.93829
1.1609
1.2934
1.3583
1.3784
1.3225
1.2009
1.0113
0.83615
0.67501
0.54685
0.44461
0.36556
0.31968
0.31856
0.35239
0.39715
0.4458
0.52448
0.61504
0.73381
0.86714
1.0016
1.1335
1.2818
1.4293
1.5516
1.6719
1.7519
1.7941
1.7819
1.7008
1.538
1.2897
1.0843
0.91519
0.79951
0.70397
0.65886
0.66603
0.70426
0.79778
0.83462
0.85588
0.88422
0.89697
0.88563
0.82187
0.76944
0.72551
0.69859
0.64332
0.54838
0.46761
0.37126
0.32733
0.34008
0.38543
0.45911
0.53705
0.57956
0.6234
0.70449
0.79532
0.83803
