0.76601
0.76547
0.76495
0.76446
0.76399
0.76355
0.76313
0.76273
0.76236
0.76201
0.76169
0.76139
0.76111
0.76086
0.76063
0.76042
0.76024
0.76008
0.75994
0.75983
0.75973
0.75966
0.75962
0.75959
0.75959
0.7596
0.75964
0.7597
0.75978
0.75988
0.76
0.76014
0.7603
0.76048
0.76067
0.76089
0.76112
0.76137
0.76163
0.76192
0.76222
0.76253
0.76286
0.76321
0.76357
0.76394
0.76433
0.76473
0.76514
0.76557
0.76601
0.76645
0.76691
0.76738
0.76786
0.76835
0.76884
0.76934
0.76985
0.77037
0.77089
0.77142
0.77195
0.77249
0.77303
0.77358
0.77412
0.77467
0.77522
0.77577
0.77632
0.77687
0.77741
0.77796
0.7785
0.77904
0.77958
0.78011
0.78063
0.78115
0.78167
0.78217
0.78267
0.78316
0.78364
0.78412
0.78458
0.78503
0.78547
0.7859
0.78631
0.78671
0.7871
0.78748
0.78784
0.78818
0.78851
0.78882
0.78911
0.78939
0.78965
0.78989
0.79011
0.79031
0.7905
0.79066
0.7908
0.79092
0.79102
0.7911
0.79115
0.79118
0.79119
0.79118
0.79114
0.79108
0.791
0.79089
0.79075
0.79059
0.79041
0.7902
0.78997
0.78971
0.78943
0.78912
0.78878
0.78842
0.78803
0.78762
0.78718
0.78672
0.78623
0.78571
0.78517
0.78461
0.78402
0.7834
0.78276
0.7821
0.78141
0.78069
0.77996
0.77919
0.77841
0.7776
0.77677
0.77592
0.77505
0.77415
0.77323
0.7723
0.77134
0.77036
0.76936
0.76835
0.76731
0.76626
0.76519
0.76411
0.76301
0.76189
0.76076
0.75961
0.75845
0.75728
0.75609
0.75489
0.75369
0.75247
0.75124
0.75
0.74876
0.74751
0.74625
0.74498
0.74371
0.74244
0.74116
0.73988
0.73859
0.73731
0.73602
0.73473
0.73345
0.73217
0.73088
0.72961
0.72833
0.72706
0.7258
0.72454
0.72329
0.72205
0.72082
0.71959
0.71838
0.71718
0.71598
0.71481
0.71364
0.71249
0.71135
0.71023
0.70912
0.70804
0.70697
0.70591
0.70488
0.70387
0.70287
0.7019
0.70095
0.70002
0.69911
0.69823
0.69738
0.69654
0.69573
0.69495
0.6942
0.69347
0.69277
0.6921
0.69146
0.69084
0.69026
0.68971
0.68918
0.68869
0.68823
0.6878
0.68741
0.68705
0.68672
0.68642
0.68616
0.68593
0.68574
0.68558
0.68546
0.68538
0.68533
0.68531
0.68534
0.6854
0.68549
0.68563
0.6858
0.68601
0.68626
0.68654
0.68687
0.68723
0.68763
0.68806
0.68854
0.68906
0.68961
0.6902
0.69083
0.6915
0.69221
0.69296
0.69374
0.69457
0.69543
0.69633
0.69727
0.69824
0.69926
0.70031
0.7014
0.70253
0.70369
0.70489
0.70613
0.70741
0.70872
0.71006
0.71145
0.71286
0.71432
0.7158
0.71733
0.71888
0.72047
0.72209
0.72375
0.72543
0.72715
0.7289
0.73068
0.73249
0.73433
0.7362
0.7381
0.74002
0.74198
0.74396
0.74596
0.748
0.75005
0.75214
0.75424
0.75637
0.75852
0.76069
0.76288
0.7651
0.76733
0.76958
0.77185
0.77413
0.77644
0.77875
0.78108
0.78343
0.78579
0.78816
0.79054
0.79294
0.79534
0.79775
0.80017
0.8026
0.80503
0.80747
0.80991
0.81236
0.8148
0.81726
0.81971
0.82216
0.82461
0.82705
0.8295
0.83194
0.83438
0.83681
0.83923
0.84165
0.84406
0.84646
0.84885
0.85123
0.8536
0.85595
0.8583
0.86062
0.86294
0.86523
0.86751
0.86977
0.87202
0.87424
0.87645
0.87863
0.88079
0.88293
0.88505
0.88714
0.88921
0.89126
0.89328
0.89527
0.89723
0.89917
0.90108
0.90296
0.90482
0.90664
0.90843
0.91019
0.91192
0.91362
0.91528
0.91691
0.91851
0.92008
0.92161
0.92311
0.92457
0.926
0.9274
0.92875
0.93008
0.93136
0.93261
0.93383
0.935
0.93615
0.93725
0.93832
0.93935
0.94034
0.9413
0.94222
0.9431
0.94395
0.94476
0.94553
0.94627
0.94697
0.94763
0.94826
0.94885
0.94941
0.94993
0.95041
0.95086
0.95128
0.95165
0.952
0.95231
0.95259
0.95283
0.95304
0.95322
0.95336
0.95348
0.95356
0.95361
0.95363
0.95362
0.95358
0.95351
0.95341
0.95329
0.95313
0.95295
0.95274
0.95251
0.95225
0.95196
0.95165
0.95132
0.95096
0.95058
0.95018
0.94975
0.94931
0.94884
0.94835
0.94785
0.94732
0.94678
0.94622
0.94564
0.94504
0.94443
0.94381
0.94317
0.94251
0.94185
0.94117
0.94047
0.93977
0.93906
0.93833
0.9376
0.93685
0.9361
0.93534
0.93457
0.93379
0.93301
0.93222
0.93143
0.93063
0.92983
0.92903
0.92822
0.92741
0.92659
0.92578
0.92497
0.92415
0.92333
0.92252
0.9217
0.92089
0.92008
0.91927
0.91847
0.91766
0.91687
0.91607
0.91528
0.9145
0.91372
0.91294
0.91217
0.91141
0.91066
0.90991
0.90917
0.90843
0.90771
0.90699
0.90628
0.90558
0.90489
0.90421
0.90354
0.90288
0.90223
0.90159
0.90096
0.90034
0.89974
0.89914
0.89856
0.89798
0.89742
0.89687
0.89633
0.89581
0.8953
0.8948
0.89431
0.89383
0.89337
0.89292
0.89249
0.89206
0.89165
0.89125
0.89087
0.8905
0.89014
0.88979
0.88946
0.88914
0.88883
0.88854
0.88826
0.88799
0.88774
0.8875
0.88727
0.88706
0.88685
0.88666
0.88648
0.88632
0.88616
0.88602
0.88589
0.88578
0.88567
0.88558
0.88549
0.88542
0.88536
0.88531
0.88527
0.88525
0.88523
0.88522
0.88522
0.88524
0.88526
0.88529
0.88533
0.88538
0.88544
0.8855
0.88558
0.88566
0.88575
0.88584
0.88595
0.88606
0.88618
0.8863
0.88643
0.88657
0.88671
0.88686
0.88701
0.88716
0.88732
0.88749
0.88765
0.88782
0.888
0.88817
0.88835
0.88853
0.88872
0.8889
0.88908
0.88927
0.88945
0.88964
0.88982
0.89001
0.89019
0.89037
0.89055
0.89073
0.89091
0.89108
0.89125
0.89141
0.89158
0.89173
0.89189
0.89203
0.89218
0.89231
0.89245
0.89257
0.89269
0.8928
0.8929
0.893
0.89309
0.89317
0.89324
0.8933
0.89335
0.8934
0.89343
0.89345
0.89346
0.89346
0.89345
0.89343
0.8934
0.89335
0.89329
0.89322
0.89314
0.89304
0.89293
0.89281
0.89267
0.89251
0.89234
0.89216
0.89196
0.89175
0.89152
0.89128
0.89102
0.89074
0.89045
0.89014
0.88981
0.88947
0.88911
0.88873
0.88834
0.88793
0.8875
0.88705
0.88659
0.88611
0.88561
0.88509
0.88455
0.884
0.88342
0.88283
0.88222
0.8816
0.88095
0.88029
0.87961
0.87891
0.87819
0.87745
0.8767
0.87593
0.87514
0.87433
0.8735
0.87266
0.8718
0.87092
0.87003
0.86911
0.86819
0.86724
0.86628
0.8653
0.86431
0.8633
0.86227
0.86123
0.86018
0.85911
0.85802
0.85692
0.85581
0.85468
0.85354
0.85239
0.85122
0.85005
0.84886
0.84766
0.84644
0.84522
0.84399
0.84274
0.84149
0.84023
0.83896
0.83768
0.83639
0.8351
0.8338
0.83249
0.83118
0.82986
0.82853
0.82721
0.82587
0.82454
0.8232
0.82186
0.82051
0.81917
0.81782
0.81648
0.81513
0.81379
0.81244
0.8111
0.80976
0.80842
0.80709
0.80576
0.80444
0.80312
0.8018
0.80049
0.79919
0.7979
0.79661
0.79534
0.79407
0.79281
0.79156
0.79032
0.7891
0.78788
0.78668
0.78549
0.78432
0.78315
0.78201
0.78088
0.77976
0.77866
0.77758
0.77651
0.77546
0.77443
0.77342
0.77243
0.77146
0.77051
0.76958
0.76867
0.76778
0.76691
0.76607
0.76525
0.76446
0.76368
0.76294
0.76221
0.76152
0.76085
0.7602
0.75958
0.75899
0.75843
0.75789
0.75739
0.75691
0.75646
0.75604
0.75564
0.75528
0.75495
0.75465
0.75438
0.75414
0.75394
0.75376
0.75362
0.75351
0.75343
0.75338
0.75337
0.75339
0.75345
0.75353
0.75365
0.75381
0.754
0.75422
0.75448
0.75478
0.7551
0.75547
0.75586
0.7563
0.75677
0.75727
0.75781
0.75838
0.75899
0.75964
0.76032
0.76103
0.76179
0.76257
0.7634
0.76425
0.76515
0.76608
0.76704
0.76804
0.76908
0.77015
0.77125
0.77239
0.77356
0.77477
0.77601
0.77729
0.7786
0.77995
0.78132
0.78274
0.78418
0.78566
0.78717
0.78871
0.79029
0.79189
0.79353
0.7952
0.7969
0.79863
0.80039
0.80219
0.80401
0.80586
0.80774
0.80964
0.81158
0.81354
0.81553
0.81755
0.81959
0.82166
0.82375
0.82587
0.82801
0.83018
0.83237
0.83458
0.83681
0.83907
0.84135
0.84365
0.84597
0.8483
0.85066
0.85304
0.85543
0.85784
0.86027
0.86271
0.86517
0.86764
0.87013
0.87263
0.87514
0.87766
0.8802
0.88275
0.88531
0.88787
0.89045
0.89303
0.89563
0.89823
0.90083
0.90344
0.90606
0.90868
0.9113
0.91393
0.91656
0.91919
0.92182
0.92445
0.92708
0.92971
0.93234
0.93497
0.93759
0.94021
0.94283
0.94544
0.94805
0.95065
0.95324
0.95583
0.9584
0.96097
0.96353
0.96608
0.96862
0.97115
0.97367
0.97618
0.97867
0.98115
0.98362
0.98608
0.98852
0.99094
0.99335
0.99575
0.99812
1.0005
1.0028
1.0052
1.0075
1.0098
1.012
1.0143
1.0165
1.0187
1.0209
1.0231
1.0253
1.0274
1.0295
1.0316
1.0337
1.0357
1.0377
1.0397
1.0417
1.0437
1.0456
1.0475
1.0494
1.0513
1.0531
1.055
1.0568
1.0585
1.0603
1.062
1.0637
1.0654
1.0671
1.0687
1.0703
1.0719
1.0735
1.075
1.0765
1.078
1.0795
1.0809
1.0824
1.0838
1.0852
1.0865
1.0879
1.0892
1.0905
1.0917
1.093
1.0942
1.0954
1.0966
1.0978
1.0989
1.1
1.1012
1.1022
1.1033
1.1043
1.1054
1.1064
1.1074
1.1083
1.1093
1.1102
1.1111
1.112
1.1129
1.1138
1.1146
1.1154
1.1162
1.117
1.1178
1.1186
1.1193
1.12
1.1208
1.1215
1.1221
1.1228
1.1235
1.1241
1.1247
1.1253
1.1259
1.1265
1.1271
1.1277
1.1282
1.1287
1.1292
1.1298
1.1302
1.1307
1.1312
1.1316
1.1321
1.1325
1.1329
1.1333
1.1337
1.1341
1.1345
1.1348
1.1352
1.1355
1.1358
1.1361
1.1364
1.1367
1.137
1.1372
1.1375
1.1377
1.1379
1.1381
1.1383
1.1385
1.1387
1.1388
1.139
1.1391
1.1392
1.1393
1.1394
1.1395
1.1395
1.1396
1.1396
1.1396
1.1396
1.1396
1.1395
1.1395
1.1394
1.1393
1.1392
1.1391
1.1389
1.1388
1.1386
1.1384
1.1382
1.1379
1.1377
1.1374
1.1371
1.1368
1.1364
1.1361
1.1357
1.1353
1.1348
1.1344
1.1339
1.1334
1.1329
1.1323
1.1317
1.1311
1.1305
1.1298
1.1291
1.1284
1.1277
1.1269
1.1261
1.1253
1.1244
1.1235
1.1226
1.1216
1.1206
1.1196
1.1186
1.1175
1.1164
1.1153
1.1141
1.1129
1.1116
1.1103
1.109
1.1077
1.1063
1.1049
1.1034
1.1019
1.1004
1.0989
1.0973
1.0956
1.094
1.0923
1.0905
1.0887
1.0869
1.0851
1.0832
1.0812
1.0793
1.0773
1.0752
1.0732
1.071
1.0689
1.0667
1.0645
1.0622
1.0599
1.0576
1.0552
1.0528
1.0503
1.0478
1.0453
1.0428
1.0402
1.0375
1.0349
1.0322
1.0295
1.0267
1.0239
1.0211
1.0182
1.0153
1.0124
1.0094
1.0064
1.0034
1.0003
0.99724
0.99413
0.99099
0.98782
0.98462
0.9814
0.97815
0.97487
0.97157
0.96824
0.9649
0.96152
0.95813
0.95471
0.95128
0.94782
0.94434
0.94085
0.93733
0.9338
0.93026
0.9267
0.92312
0.91953
0.91593
0.91231
0.90868
0.90504
0.9014
0.89774
0.89407
0.8904
0.88672
0.88304
0.87935
0.87566
0.87196
0.86827
0.86457
0.86087
0.85717
0.85347
0.84978
0.84609
0.8424
0.83872
0.83504
0.83137
0.82771
0.82405
0.82041
0.81677
0.81315
0.80954
0.80593
0.80235
0.79877
0.79521
0.79167
0.78814
0.78463
0.78114
0.77767
0.77421
0.77078
0.76737
0.76397
0.7606
0.75726
0.75393
0.75063
0.74736
0.74411
0.74088
0.73769
0.73452
0.73137
0.72826
0.72517
0.72212
0.71909
0.71609
0.71313
0.7102
0.70729
0.70442
0.70159
0.69878
0.69601
0.69328
0.69057
0.68791
0.68527
0.68268
0.68011
0.67759
0.6751
0.67265
0.67023
0.66785
0.66551
0.66321
0.66094
0.65871
0.65653
0.65437
0.65226
0.65019
0.64815
0.64616
0.6442
0.64229
0.64041
0.63857
0.63677
0.63501
0.63329
0.63162
0.62998
0.62838
0.62682
0.6253
0.62382
0.62238
0.62098
0.61962
0.6183
0.61702
0.61578
0.61458
0.61342
0.6123
0.61121
0.61017
0.60917
0.6082
0.60728
0.60639
0.60555
0.60474
0.60397
0.60324
0.60254
0.60189
0.60127
0.60069
0.60015
0.59964
0.59918
0.59875
0.59835
0.598
0.59768
0.59739
0.59714
0.59693
0.59675
0.59661
0.59651
0.59643
0.5964
0.59639
0.59643
0.59649
0.59659
0.59672
0.59688
0.59708
0.59731
0.59757
0.59787
0.59819
0.59855
0.59894
0.59935
0.5998
0.60028
0.60079
0.60133
0.6019
0.60249
0.60312
0.60377
0.60445
0.60516
0.60589
0.60665
0.60744
0.60826
0.6091
0.60996
0.61086
0.61177
0.61271
0.61368
0.61467
0.61568
0.61672
0.61778
0.61886
0.61996
0.62109
0.62224
0.6234
0.62459
0.6258
0.62703
0.62828
0.62955
0.63084
0.63215
0.63348
0.63482
0.63618
0.63756
0.63896
0.64037
0.64181
0.64325
0.64472
0.64619
0.64769
0.6492
0.65072
0.65226
0.65381
0.65538
0.65696
0.65855
0.66016
0.66178
0.66341
0.66506
0.66671
0.66838
0.67006
0.67175
0.67345
0.67516
0.67688
0.67861
0.68036
0.68211
0.68387
0.68564
0.68742
0.68921
0.691
0.69281
0.69462
0.69644
0.69827
0.70011
0.70195
0.70381
0.70566
0.70753
0.7094
0.71128
0.71316
0.71506
0.71695
0.71886
0.72076
0.72268
0.7246
0.72652
0.72845
0.73039
0.73233
0.73428
0.73623
0.73818
0.74014
0.7421
0.74407
0.74604
0.74802
0.75
0.75198
0.75397
0.75596
0.75795
0.75995
0.76195
0.76395
0.76596
0.76797
0.76998
0.772
0.77401
0.77603
0.77806
0.78008
0.78211
0.78414
0.78617
0.7882
0.79024
0.79227
0.79431
0.79635
0.79839
0.80043
0.80247
0.80451
0.80655
0.80859
0.81064
0.81268
0.81472
0.81676
0.8188
0.82085
0.82289
0.82492
0.82696
0.829
0.83103
0.83306
0.83509
0.83712
0.83914
0.84117
0.84318
0.8452
0.84721
0.84922
0.85122
0.85321
0.85521
0.85719
0.85917
0.86115
0.86312
0.86508
0.86704
0.86898
0.87092
0.87285
0.87477
0.87669
0.87859
0.88049
0.88237
0.88424
0.8861
0.88795
0.88979
0.89162
0.89343
0.89523
0.89701
0.89878
0.90053
0.90227
0.904
0.9057
0.90739
0.90907
0.91072
0.91235
0.91397
0.91557
0.91714
0.9187
0.92023
0.92174
0.92323
0.9247
0.92614
0.92756
0.92895
0.93032
0.93166
0.93297
0.93426
0.93552
0.93675
0.93796
0.93913
0.94027
0.94139
0.94247
0.94352
0.94454
0.94553
0.94648
0.9474
0.94828
0.94913
0.94995
0.95073
0.95147
0.95218
0.95284
0.95348
0.95407
0.95462
0.95514
0.95562
0.95605
0.95645
0.9568
0.95712
0.95739
0.95762
0.95781
0.95796
0.95807
0.95813
0.95815
0.95813
0.95806
0.95795
0.95779
0.95759
0.95735
0.95706
0.95673
0.95636
0.95593
0.95547
0.95496
0.9544
0.9538
0.95316
0.95247
0.95174
0.95096
0.95014
0.94927
0.94836
0.94741
0.94641
0.94537
0.94429
0.94316
0.94199
0.94078
0.93953
0.93823
0.9369
0.93552
0.9341
0.93264
0.93115
0.92961
0.92804
0.92643
0.92478
0.92309
0.92137
0.91961
0.91782
0.91599
0.91413
0.91224
0.91031
0.90835
0.90636
0.90435
0.9023
0.90022
0.89812
0.89598
0.89383
0.89164
0.88944
0.8872
0.88495
0.88267
0.88038
0.87806
0.87572
0.87337
0.871
0.86861
0.86621
0.86379
0.86135
0.85891
0.85645
0.85399
0.85151
0.84902
0.84653
0.84403
0.84153
0.83902
0.8365
0.83398
0.83147
0.82895
0.82643
0.82391
0.82139
0.81888
0.81637
0.81387
0.81137
0.80888
0.80639
0.80392
0.80145
0.799
0.79656
0.79413
0.79171
0.78931
0.78692
0.78455
0.78219
0.77986
0.77754
0.77524
0.77296
0.77071
0.76847
0.76626
0.76407
0.76191
0.75977
0.75765
0.75557
0.75351
0.75148
0.74947
0.7475
0.74555
0.74364
0.74176
0.73991
0.73809
0.7363
0.73455
0.73284
0.73115
0.72951
0.72789
0.72632
0.72478
0.72328
0.72182
0.72039
0.719
0.71766
0.71635
0.71508
0.71385
0.71266
0.71151
0.71041
0.70934
0.70832
0.70734
0.7064
0.70551
0.70466
0.70385
0.70308
0.70236
0.70168
0.70105
0.70046
0.69991
0.69941
0.69895
0.69854
0.69817
0.69785
0.69757
0.69734
0.69715
0.697
0.6969
0.69685
0.69684
0.69688
0.69696
0.69709
0.69726
0.69747
0.69773
0.69804
0.69838
0.69878
0.69921
0.69969
0.70022
0.70079
0.7014
0.70205
0.70275
0.70348
0.70427
0.70509
0.70595
0.70686
0.7078
0.70879
0.70982
0.71089
0.71199
0.71314
0.71432
0.71554
0.7168
0.7181
0.71943
0.7208
0.72221
0.72365
0.72512
0.72663
0.72817
0.72975
0.73135
0.73299
0.73466
0.73636
0.73809
0.73985
0.74163
0.74344
0.74528
0.74714
0.74903
0.75095
0.75288
0.75484
0.75682
0.75882
0.76084
0.76288
0.76494
0.76702
0.76911
0.77121
0.77334
0.77547
0.77761
0.77977
0.78194
0.78412
0.7863
0.78849
0.79069
0.79289
0.7951
0.79731
0.79952
0.80173
0.80394
0.80615
0.80836
0.81056
0.81276
0.81495
0.81713
0.81931
0.82147
0.82363
0.82577
0.8279
0.83001
0.83211
0.8342
0.83626
0.83831
0.84034
0.84234
0.84432
0.84628
0.84822
0.85013
0.85201
0.85386
0.85569
0.85748
0.85925
0.86098
0.86268
0.86434
0.86597
0.86757
0.86912
0.87064
0.87212
0.87356
0.87496
0.87631
0.87763
0.8789
0.88012
0.88131
0.88244
0.88353
0.88457
0.88556
0.88651
0.88741
0.88825
0.88905
0.88979
0.89048
0.89112
0.89171
0.89225
0.89273
0.89316
0.89354
0.89386
0.89412
0.89434
0.89449
0.89459
0.89464
0.89463
0.89457
0.89445
0.89427
0.89404
0.89376
0.89342
0.89302
0.89257
0.89206
0.89151
0.89089
0.89022
0.8895
0.88873
0.8879
0.88702
0.88609
0.88511
0.88408
0.88299
0.88186
0.88068
0.87945
0.87817
0.87685
0.87548
0.87406
0.8726
0.8711
0.86955
0.86797
0.86634
0.86467
0.86296
0.86121
0.85943
0.85761
0.85576
0.85387
0.85195
0.84999
0.84801
0.84599
0.84395
0.84188
0.83979
0.83767
0.83552
0.83336
0.83117
0.82896
0.82673
0.82449
0.82223
0.81995
0.81767
0.81536
0.81305
0.81073
0.8084
0.80606
0.80371
0.80136
0.79901
0.79665
0.79429
0.79194
0.78958
0.78723
0.78488
0.78254
0.7802
0.77787
0.77555
0.77324
0.77094
0.76865
0.76638
0.76412
0.76188
0.75965
0.75745
0.75526
0.75309
0.75095
0.74882
0.74672
0.74465
0.7426
0.74058
0.73858
0.73662
0.73468
0.73277
0.7309
0.72906
0.72725
0.72548
0.72374
0.72204
0.72037
0.71874
0.71715
0.7156
0.71409
0.71262
0.71119
0.7098
0.70846
0.70716
0.7059
0.70469
0.70352
0.7024
0.70132
0.70029
0.69931
0.69838
0.6975
0.69666
0.69587
0.69514
0.69445
0.69382
0.69323
0.6927
0.69222
0.69179
0.69142
0.69109
0.69082
0.69061
0.69044
0.69033
0.69028
0.69028
0.69033
0.69044
0.6906
0.69082
0.69109
0.69141
0.6918
0.69223
0.69273
0.69328
0.69388
0.69454
0.69525
0.69602
0.69684
0.69772
0.69866
0.69965
0.70069
0.70179
0.70294
0.70414
0.7054
0.70672
0.70809
0.70951
0.71098
0.71251
0.71408
0.71571
0.71739
0.71913
0.72091
0.72274
0.72463
0.72656
0.72854
0.73057
0.73264
0.73477
0.73694
0.73915
0.74142
0.74372
0.74607
0.74846
0.7509
0.75338
0.7559
0.75845
0.76105
0.76369
0.76636
0.76907
0.77182
0.7746
0.77741
0.78026
0.78314
0.78605
0.78899
0.79196
0.79496
0.79798
0.80103
0.80411
0.8072
0.81032
0.81346
0.81662
0.8198
0.82299
0.82621
0.82943
0.83267
0.83592
0.83918
0.84245
0.84573
0.84902
0.85231
0.85561
0.8589
0.8622
0.8655
0.8688
0.87209
0.87538
0.87866
0.88194
0.88521
0.88847
0.89171
0.89494
0.89816
0.90136
0.90455
0.90772
0.91086
0.91399
0.91709
0.92017
0.92322
0.92624
0.92924
0.93221
0.93514
0.93805
0.94092
0.94375
0.94655
0.94932
0.95204
0.95473
0.95737
0.95997
0.96253
0.96504
0.96751
0.96994
0.97231
0.97464
0.97692
0.97915
0.98133
0.98345
0.98553
0.98754
0.98951
0.99142
0.99328
0.99508
0.99682
0.9985
1.0001
1.0017
1.0032
1.0047
1.006
1.0074
1.0086
1.0099
1.011
1.0121
1.0131
1.0141
1.015
1.0158
1.0166
1.0173
1.018
1.0185
1.0191
1.0195
1.0199
1.0203
1.0206
1.0208
1.021
1.0211
1.0211
1.0211
1.021
1.0209
1.0207
1.0204
1.0201
1.0198
1.0194
1.0189
1.0184
1.0178
1.0172
1.0165
1.0158
1.015
1.0141
1.0133
1.0123
1.0114
1.0103
1.0093
1.0082
1.007
1.0058
1.0046
1.0033
1.002
1.0006
0.99925
0.99783
0.99637
0.99487
0.99335
0.99179
0.9902
0.98858
0.98693
0.98526
0.98356
0.98183
0.98008
0.97831
0.97651
0.9747
0.97286
0.97101
0.96914
0.96725
0.96535
0.96343
0.9615
0.95955
0.9576
0.95563
0.95366
0.95167
0.94968
0.94769
0.94568
0.94368
0.94167
0.93966
0.93764
0.93563
0.93361
0.9316
0.92958
0.92758
0.92557
0.92357
0.92157
0.91958
0.91759
0.91562
0.91365
0.91169
0.90973
0.90779
0.90586
0.90394
0.90203
0.90014
0.89825
0.89638
0.89453
0.89269
0.89086
0.88905
0.88725
0.88547
0.88371
0.88196
0.88024
0.87852
0.87683
0.87516
0.8735
0.87186
0.87024
0.86864
0.86706
0.8655
0.86396
0.86244
0.86094
0.85946
0.858
0.85656
0.85514
0.85374
0.85236
0.851
0.84966
0.84835
0.84705
0.84577
0.84452
0.84328
0.84207
0.84087
0.83969
0.83854
0.8374
0.83629
0.83519
0.83411
0.83305
0.83202
0.83099
0.82999
0.82901
0.82804
0.8271
0.82617
0.82525
0.82436
0.82348
0.82262
0.82177
0.82094
0.82013
0.81933
0.81854
0.81777
0.81702
0.81628
0.81555
0.81484
0.81414
0.81346
0.81278
0.81212
0.81147
0.81083
0.81021
0.80959
0.80899
0.80839
0.80781
0.80723
0.80667
0.80611
0.80556
0.80503
0.8045
0.80397
0.80346
0.80295
0.80245
0.80196
0.80147
0.80099
0.80051
0.80004
0.79958
0.79912
0.79866
0.79821
0.79777
0.79733
0.79689
0.79646
0.79603
0.7956
0.79518
0.79476
0.79434
0.79393
0.79352
0.79311
0.79271
0.7923
0.7919
0.7915
0.7911
0.79071
0.79032
0.78992
0.78954
0.78915
0.78876
0.78838
0.788
0.78762
0.78724
0.78686
0.78649
0.78611
0.78574
0.78537
0.78501
0.78464
0.78428
0.78392
0.78357
0.78321
0.78286
0.78251
0.78217
0.78183
0.78149
0.78116
0.78083
0.7805
0.78018
0.77986
0.77955
0.77924
0.77894
0.77865
0.77836
0.77807
0.7778
0.77752
0.77726
0.777
0.77675
0.77651
0.77628
0.77605
0.77584
0.77563
0.77543
0.77524
0.77506
0.77489
0.77474
0.77459
0.77445
0.77433
0.77422
0.77412
0.77403
0.77396
0.7739
0.77385
0.77381
0.7738
0.77379
0.7738
0.77383
0.77387
0.77392
0.774
0.77409
0.77419
0.77432
0.77446
0.77462
0.77479
0.77499
0.7752
0.77543
0.77569
0.77596
0.77625
0.77656
0.77689
0.77724
0.77762
0.77801
0.77842
0.77886
0.77932
0.7798
0.7803
0.78082
0.78137
0.78194
0.78253
0.78314
0.78378
0.78444
0.78512
0.78583
0.78656
0.78731
0.78809
0.78889
0.78972
0.79057
0.79144
0.79234
0.79326
0.7942
0.79517
0.79616
0.79717
0.79821
0.79928
0.80036
0.80147
0.80261
0.80376
0.80494
0.80615
0.80737
0.80862
0.80989
0.81119
0.8125
0.81384
0.8152
0.81658
0.81798
0.81941
0.82085
0.82232
0.8238
0.82531
0.82683
0.82837
0.82994
0.83152
0.83312
0.83473
0.83637
0.83802
0.83968
0.84137
0.84307
0.84478
0.84651
0.84825
0.85001
0.85178
0.85356
0.85536
0.85716
0.85898
0.86081
0.86264
0.86449
0.86635
0.86821
0.87008
0.87196
0.87384
0.87573
0.87763
0.87953
0.88143
0.88334
0.88524
0.88715
0.88907
0.89098
0.89289
0.8948
0.89671
0.89861
0.90051
0.90241
0.90431
0.90619
0.90808
0.90995
0.91182
0.91368
0.91553
0.91737
0.9192
0.92102
0.92283
0.92463
0.92641
0.92818
0.92993
0.93167
0.93339
0.93509
0.93678
0.93845
0.9401
0.94173
0.94334
0.94492
0.94649
0.94804
0.94956
0.95105
0.95253
0.95398
0.9554
0.9568
0.95817
0.95951
0.96082
0.96211
0.96337
0.9646
0.96579
0.96696
0.9681
0.9692
0.97027
0.97131
0.97232
0.97329
0.97423
0.97513
0.976
0.97684
0.97764
0.9784
0.97913
0.97982
0.98047
0.98109
0.98167
0.98221
0.98271
0.98318
0.98361
0.984
0.98435
0.98466
0.98493
0.98516
0.98536
0.98551
0.98563
0.9857
0.98574
0.98573
0.98569
0.98561
0.98548
0.98532
0.98512
0.98488
0.98459
0.98427
0.98391
0.98352
0.98308
0.9826
0.98209
0.98153
0.98094
0.98031
0.97964
0.97893
0.97819
0.97741
0.97659
0.97574
0.97485
0.97392
0.97296
0.97196
0.97093
0.96986
0.96876
0.96763
0.96646
0.96526
0.96402
0.96276
0.96146
0.96013
0.95877
0.95738
0.95595
0.9545
0.95302
0.95151
0.94998
0.94841
0.94682
0.9452
0.94355
0.94188
0.94019
0.93847
0.93672
0.93495
0.93316
0.93135
0.92951
0.92766
0.92578
0.92388
0.92196
0.92003
0.91807
0.9161
0.91411
0.9121
0.91007
0.90803
0.90598
0.90391
0.90182
0.89973
0.89762
0.89549
0.89336
0.89121
0.88906
0.88689
0.88471
0.88253
0.88033
0.87813
0.87592
0.87371
0.87148
0.86926
0.86702
0.86478
0.86254
0.8603
0.85805
0.8558
0.85354
0.85129
0.84903
0.84678
0.84452
0.84226
0.84001
0.83776
0.8355
0.83326
0.83101
0.82877
0.82653
0.82429
0.82207
0.81984
0.81762
0.81541
0.81321
0.81101
0.80882
0.80663
0.80446
0.80229
0.80014
0.79799
0.79585
0.79372
0.79161
0.7895
0.78741
0.78533
0.78326
0.7812
0.77916
0.77713
0.77511
0.77311
0.77113
0.76915
0.76719
0.76525
0.76333
0.76141
0.75952
0.75764
0.75578
0.75394
0.75211
0.75031
0.74852
0.74674
0.74499
0.74326
0.74154
0.73985
0.73817
0.73652
0.73488
0.73327
0.73167
0.7301
0.72855
0.72702
0.72551
0.72402
0.72256
0.72111
0.71969
0.71829
0.71692
0.71557
0.71424
0.71293
0.71165
0.71039
0.70915
0.70794
0.70675
0.70559
0.70445
0.70333
0.70224
0.70117
0.70013
0.69911
0.69812
0.69716
0.69621
0.6953
0.69441
0.69354
0.6927
0.69188
0.69109
0.69033
0.68959
0.68888
0.68819
0.68753
0.68689
0.68628
0.6857
0.68514
0.68461
0.6841
0.68362
0.68316
0.68273
0.68233
0.68195
0.6816
0.68127
0.68097
0.68069
0.68044
0.68021
0.68001
0.67984
0.67969
0.67956
0.67946
0.67938
0.67933
0.6793
0.6793
0.67932
0.67937
0.67943
0.67953
0.67964
0.67978
0.67994
0.68013
0.68034
0.68056
0.68082
0.68109
0.68139
0.6817
0.68204
0.6824
0.68278
0.68318
0.68361
0.68405
0.68451
0.68499
0.68549
0.686
0.68654
0.68709
0.68767
0.68825
0.68886
0.68948
0.69012
0.69077
0.69144
0.69213
0.69283
0.69354
0.69427
0.69501
0.69576
0.69653
0.69731
0.6981
0.6989
0.69971
0.70053
0.70136
0.7022
0.70305
0.70391
0.70477
0.70565
0.70653
0.70741
0.7083
0.7092
0.7101
0.711
0.71191
0.71282
0.71373
0.71465
0.71557
0.71648
0.7174
0.71832
0.71923
0.72015
0.72106
0.72197
0.72288
0.72378
0.72468
0.72557
0.72646
0.72734
0.72822
0.72909
0.72995
0.7308
0.73165
0.73248
0.73331
0.73412
0.73493
0.73572
0.7365
0.73727
0.73802
0.73877
0.73949
0.74021
0.74091
0.74159
0.74226
0.74291
0.74354
0.74416
0.74476
0.74534
0.74591
0.74645
0.74698
0.74748
0.74797
0.74843
0.74888
0.74931
0.74971
0.75009
0.75045
0.75079
0.75111
0.7514
0.75167
0.75192
0.75215
0.75235
0.75253
0.75268
0.75282
0.75293
0.75301
0.75307
0.75311
0.75312
0.75311
0.75308
0.75302
0.75294
0.75283
0.7527
0.75255
0.75237
0.75217
0.75195
0.75171
0.75144
0.75115
0.75083
0.7505
0.75014
0.74976
0.74936
0.74894
0.74849
0.74803
0.74755
0.74704
0.74652
0.74598
0.74542
0.74484
0.74425
0.74363
0.743
0.74236
0.7417
0.74102
0.74033
0.73962
0.7389
0.73817
0.73742
0.73667
0.7359
0.73512
0.73433
0.73353
0.73272
0.73191
0.73108
0.73025
0.72941
0.72857
0.72772
0.72687
0.72602
0.72516
0.7243
0.72343
0.72257
0.72171
0.72084
0.71998
0.71912
0.71827
0.71741
0.71657
0.71572
0.71488
0.71405
0.71323
0.71241
0.7116
0.7108
0.71001
0.70924
0.70847
0.70771
0.70697
0.70624
0.70553
0.70483
0.70415
0.70348
0.70283
0.7022
0.70159
0.70099
0.70042
0.69986
0.69933
0.69882
0.69833
0.69786
0.69742
0.697
0.6966
0.69624
0.69589
0.69558
0.69529
0.69503
0.69479
0.69459
0.69442
0.69427
0.69416
0.69408
0.69402
0.694
0.69402
0.69406
0.69414
0.69426
0.6944
0.69458
0.6948
0.69506
0.69534
0.69567
0.69603
0.69643
0.69687
0.69734
0.69785
0.69841
0.699
0.69962
0.70029
0.701
0.70175
0.70254
0.70337
0.70424
0.70515
0.7061
0.70709
0.70812
0.7092
0.71032
0.71148
0.71268
0.71392
0.71521
0.71653
0.7179
0.71932
0.72077
0.72227
0.72381
0.72539
0.72702
0.72869
0.7304
0.73215
0.73394
0.73578
0.73766
0.73958
0.74155
0.74355
0.7456
0.74769
0.74981
0.75198
0.75419
0.75645
0.75874
0.76107
0.76344
0.76585
0.7683
0.77078
0.77331
0.77587
0.77847
0.78111
0.78379
0.7865
0.78924
0.79202
0.79484
0.79769
0.80057
0.80349
0.80644
0.80942
0.81243
0.81548
0.81855
0.82165
0.82478
0.82794
0.83113
0.83434
0.83758
0.84084
0.84413
0.84744
0.85078
0.85413
0.85751
0.86091
0.86433
0.86776
0.87122
0.87469
0.87817
0.88167
0.88519
0.88872
0.89226
0.89581
0.89937
0.90295
0.90653
0.91011
0.91371
0.91731
0.92091
0.92452
0.92813
0.93174
0.93535
0.93896
0.94257
0.94618
0.94978
0.95338
0.95697
0.96056
0.96414
0.96771
0.97127
0.97482
0.97836
0.98188
0.98539
0.98889
0.99237
0.99583
0.99928
1.0027
1.0061
1.0095
1.0129
1.0162
1.0195
1.0228
1.0261
1.0293
1.0326
1.0358
1.0389
1.042
1.0452
1.0482
1.0513
1.0543
1.0573
1.0602
1.0631
1.066
1.0688
1.0716
1.0744
1.0771
1.0798
1.0825
1.0851
1.0877
1.0902
1.0927
1.0951
1.0976
1.0999
1.1023
1.1046
1.1068
1.109
1.1112
1.1133
1.1154
1.1174
1.1194
1.1214
1.1233
1.1251
1.127
1.1287
1.1305
1.1322
1.1338
1.1354
1.137
1.1385
1.14
1.1414
1.1428
1.1441
1.1455
1.1467
1.148
1.1491
1.1503
1.1514
1.1525
1.1535
1.1545
1.1554
1.1563
1.1572
1.1581
1.1589
1.1596
1.1604
1.1611
1.1617
1.1623
1.1629
1.1635
1.164
1.1646
1.165
1.1655
1.1659
1.1663
1.1666
1.167
1.1673
1.1676
1.1678
1.1681
1.1683
1.1685
1.1686
1.1688
1.1689
1.169
1.1691
1.1692
1.1692
1.1693
1.1693
1.1693
1.1693
1.1693
1.1693
1.1692
1.1692
1.1691
1.1691
1.169
1.1689
1.1688
1.1687
1.1686
1.1685
1.1684
1.1683
1.1682
1.1681
1.168
1.1679
1.1677
1.1676
1.1675
1.1674
1.1673
1.1672
1.1671
1.167
1.1669
1.1668
1.1668
1.1667
1.1666
1.1666
1.1665
1.1665
1.1665
1.1665
1.1664
1.1665
1.1665
1.1665
1.1665
1.1666
1.1666
1.1667
1.1668
1.1669
1.167
1.1671
1.1673
1.1674
1.1676
1.1678
1.168
1.1682
1.1684
1.1687
1.1689
1.1692
1.1695
1.1698
1.1701
1.1704
1.1708
1.1711
1.1715
1.1719
1.1723
1.1727
1.1731
1.1736
1.174
1.1745
1.175
1.1755
1.176
1.1765
1.177
1.1776
1.1781
1.1787
1.1793
1.1799
1.1805
1.1811
1.1817
1.1823
1.1829
1.1836
1.1842
1.1849
1.1856
1.1862
1.1869
1.1876
1.1883
1.1889
1.1896
1.1903
1.191
1.1917
1.1924
1.1931
1.1938
1.1945
1.1952
1.1959
1.1965
1.1972
1.1979
1.1986
1.1992
1.1999
1.2005
1.2012
1.2018
1.2024
1.2031
1.2037
1.2043
1.2048
1.2054
1.206
1.2065
1.207
1.2075
1.208
1.2085
1.209
1.2094
1.2098
1.2102
1.2106
1.211
1.2113
1.2116
1.2119
1.2122
1.2125
1.2127
1.2129
1.2131
1.2132
1.2133
1.2134
1.2135
1.2135
1.2135
1.2135
1.2134
1.2134
1.2132
1.2131
1.2129
1.2127
1.2125
1.2122
1.2119
1.2115
1.2112
1.2108
1.2103
1.2098
1.2093
1.2088
1.2082
1.2076
1.2069
1.2062
1.2055
1.2047
1.2039
1.2031
1.2022
1.2013
1.2004
1.1994
1.1984
1.1973
1.1962
1.1951
1.1939
1.1927
1.1915
1.1902
1.1889
1.1875
1.1862
1.1847
1.1833
1.1818
1.1803
1.1787
1.1772
1.1755
1.1739
1.1722
1.1705
1.1687
1.167
1.1651
1.1633
1.1614
1.1595
1.1576
1.1556
1.1536
1.1516
1.1496
1.1475
1.1454
1.1433
1.1412
1.139
1.1368
1.1346
1.1324
1.1301
1.1278
1.1255
1.1232
1.1209
1.1185
1.1161
1.1138
1.1114
1.1089
1.1065
1.1041
1.1016
1.0991
1.0966
1.0941
1.0916
1.0891
1.0866
1.0841
1.0815
1.079
1.0764
1.0739
1.0713
1.0687
1.0662
1.0636
1.061
1.0584
1.0559
1.0533
1.0507
1.0481
1.0456
1.043
1.0404
1.0379
1.0353
1.0328
1.0302
1.0277
1.0252
1.0227
1.0202
1.0177
1.0152
1.0127
1.0102
1.0078
1.0053
1.0029
1.0005
0.99806
0.99567
0.99329
0.99093
0.98858
0.98625
0.98394
0.98164
0.97936
0.97709
0.97485
0.97262
0.97041
0.96822
0.96605
0.9639
0.96177
0.95966
0.95757
0.9555
0.95344
0.95141
0.94941
0.94742
0.94545
0.94351
0.94159
0.93969
0.93781
0.93595
0.93412
0.9323
0.93051
0.92875
0.927
0.92528
0.92358
0.9219
0.92024
0.91861
0.917
0.91541
0.91385
0.9123
0.91078
0.90928
0.9078
0.90634
0.90491
0.90349
0.9021
0.90072
0.89937
0.89804
0.89673
0.89544
0.89417
0.89292
0.89169
0.89047
0.88928
0.88811
0.88695
0.88581
0.88469
0.88359
0.8825
0.88143
0.88038
0.87934
0.87832
0.87731
0.87632
0.87534
0.87438
0.87343
0.87249
0.87157
0.87066
0.86976
0.86887
0.868
0.86713
0.86628
0.86544
0.8646
0.86378
0.86296
0.86215
0.86135
0.86055
0.85977
0.85899
0.85821
0.85744
0.85668
0.85592
0.85516
0.85441
0.85366
0.85291
0.85216
0.85142
0.85068
0.84994
0.8492
0.84845
0.84771
0.84697
0.84622
0.84548
0.84473
0.84398
0.84322
0.84246
0.8417
0.84093
0.84016
0.83938
0.83859
0.8378
0.83701
0.8362
0.83539
0.83457
0.83374
0.83291
0.83206
0.83121
0.83035
0.82947
0.82859
0.8277
0.8268
0.82588
0.82495
0.82402
0.82307
0.82211
0.82114
0.82015
0.81915
0.81814
0.81712
0.81608
0.81503
0.81397
0.81289
0.8118
0.8107
0.80958
0.80845
0.80731
0.80615
0.80497
0.80379
0.80258
0.80137
0.80014
0.7989
0.79764
0.79637
0.79508
0.79378
0.79247
0.79114
0.7898
0.78845
0.78708
0.7857
0.78431
0.7829
0.78148
0.78005
0.77861
0.77716
0.77569
0.77421
0.77273
0.77123
0.76972
0.7682
0.76667
0.76513
0.76358
0.76202
0.76045
0.75888
0.75729
0.7557
0.75411
0.7525
0.75089
0.74928
0.74765
0.74603
0.7444
0.74276
0.74112
0.73948
0.73784
0.73619
0.73454
0.73289
0.73124
0.72959
0.72794
0.72629
0.72464
0.72299
0.72135
0.7197
0.71807
0.71643
0.7148
0.71318
0.71156
0.70994
0.70834
0.70674
0.70514
0.70356
0.70198
0.70042
0.69886
0.69732
0.69578
0.69426
0.69275
0.69125
0.68977
0.68829
0.68684
0.68539
0.68397
0.68256
0.68116
0.67978
0.67842
0.67708
0.67576
0.67445
0.67317
0.6719
0.67066
0.66943
0.66823
0.66705
0.66589
0.66476
0.66365
0.66256
0.6615
0.66046
0.65944
0.65846
0.6575
0.65656
0.65565
0.65477
0.65392
0.6531
0.6523
0.65154
0.6508
0.65009
0.64942
0.64877
0.64816
0.64757
0.64702
0.6465
0.64602
0.64556
0.64514
0.64475
0.6444
0.64408
0.64379
0.64354
0.64332
0.64314
0.643
0.64288
0.64281
0.64277
0.64277
0.6428
0.64287
0.64298
0.64313
0.64331
0.64353
0.64379
0.64409
0.64442
0.64479
0.6452
0.64565
0.64614
0.64667
0.64723
0.64784
0.64848
0.64917
0.64989
0.65065
0.65145
0.65229
0.65317
0.65409
0.65505
0.65605
0.65709
0.65817
0.65929
0.66044
0.66164
0.66288
0.66415
0.66547
0.66682
0.66821
0.66964
0.67112
0.67263
0.67417
0.67576
0.67738
0.67905
0.68075
0.68249
0.68426
0.68608
0.68793
0.68982
0.69174
0.6937
0.6957
0.69773
0.6998
0.7019
0.70404
0.70621
0.70842
0.71066
0.71293
0.71524
0.71758
0.71995
0.72235
0.72479
0.72725
0.72975
0.73227
0.73483
0.73741
0.74002
0.74266
0.74533
0.74802
0.75074
0.75349
0.75626
0.75905
0.76187
0.76471
0.76758
0.77046
0.77337
0.7763
0.77924
0.78221
0.7852
0.7882
0.79122
0.79425
0.7973
0.80037
0.80345
0.80654
0.80965
0.81276
0.81589
0.81903
0.82217
0.82533
0.82849
0.83166
0.83483
0.83802
0.8412
0.84439
0.84758
0.85077
0.85396
0.85716
0.86035
0.86354
0.86673
0.86992
0.8731
0.87627
0.87944
0.88261
0.88576
0.88891
0.89205
0.89518
0.8983
0.9014
0.9045
0.90758
0.91064
0.91369
0.91673
0.91975
0.92275
0.92574
0.9287
0.93165
0.93458
0.93748
0.94037
0.94323
0.94607
0.94888
0.95167
0.95444
0.95718
0.95989
0.96258
0.96524
0.96787
0.97048
0.97305
0.9756
0.97811
0.9806
0.98305
0.98547
0.98786
0.99022
0.99254
0.99483
0.99709
0.99931
1.0015
1.0037
1.0058
1.0079
1.0099
1.0119
1.0139
1.0158
1.0177
1.0196
1.0214
1.0232
1.025
1.0267
1.0284
1.03
1.0316
1.0332
1.0347
1.0362
1.0377
1.0391
1.0405
1.0418
1.0431
1.0444
1.0456
1.0468
1.0479
1.0491
1.0501
1.0512
1.0522
1.0531
1.0541
1.055
1.0558
1.0566
1.0574
1.0582
1.0589
1.0596
1.0602
1.0608
1.0614
1.0619
1.0625
1.0629
1.0634
1.0638
1.0642
1.0645
1.0648
1.0651
1.0654
1.0656
1.0658
1.0659
1.0661
1.0662
1.0663
1.0663
1.0663
1.0663
1.0663
1.0662
1.0661
