1.6345
1.6648
1.7008
1.7416
1.786
1.8334
1.8833
1.9361
1.9922
2.0511
2.1111
2.1692
2.2213
2.2634
2.2917
2.3041
2.2991
2.2767
2.2371
2.1812
2.1108
2.0291
1.9409
1.8524
1.7695
1.6971
1.6378
1.5913
1.5549
1.524
1.4924
1.4537
1.4017
1.3325
1.2444
1.1394
1.0227
0.90218
0.78719
0.68668
0.60748
0.55327
0.52479
0.52066
0.5381
0.57303
0.61994
0.67215
0.72286
0.76645
0.79953
0.82123
0.83285
0.83728
0.83831
0.83999
0.84592
0.85845
0.87794
0.90231
0.92715
0.94664
0.95507
0.94837
0.9252
0.88727
0.83878
0.78541
0.73298
0.68646
0.64937
0.62372
0.61031
0.60917
0.61981
0.64134
0.67259
0.71226
0.75928
0.81312
0.87401
0.94285
1.0209
1.1093
1.2087
1.3189
1.4385
1.5649
1.6939
1.8203
1.9381
2.0408
2.1229
2.1798
2.2096
2.2124
2.1911
2.1506
2.0977
2.04
1.9847
1.9372
1.9002
1.8734
1.8542
1.8386
1.8218
1.7993
1.7667
1.7204
1.6582
1.5799
1.4877
1.3869
1.285
1.1902
1.11
1.0491
1.0088
0.98687
0.97829
0.97657
0.97467
0.96585
0.94449
0.90689
0.85214
0.78266
0.70401
0.62382
0.55002
0.48916
0.44561
0.42181
0.41937
0.44011
0.48677
0.56293
0.67213
0.81637
0.99488
1.2036
1.4358
1.6829
1.9351
2.1824
2.4145
2.6219
2.7964
2.9316
3.0232
3.0693
3.0704
3.0295
2.9524
2.847
2.7229
2.5898
2.4566
2.3301
2.2147
2.1127
2.0247
1.9498
1.8868
1.8343
1.7914
1.758
1.7346
1.7226
1.7235
1.739
1.7696
1.8141
1.8686
1.9261
1.9776
2.0127
2.0221
1.9988
1.939
1.8428
1.7141
1.5595
1.3884
1.2117
1.0406
0.88436
0.74956
0.63859
0.55031
0.48134
0.42751
0.38514
0.35165
0.32584
0.30794
0.29945
0.30311
0.32285
0.36303
0.42561
0.50776
0.61148
0.73558
0.8763
1.0336
1.2115
1.3856
1.4967
1.4958
1.3751
1.1551
0.86887
0.58782
0.43098
0.45557
0.67284
1.0304
1.4301
1.8108
2.1055
2.2976
2.3235
2.2128
2.0854
1.9923
1.9697
1.9893
1.9952
1.9589
1.9067
1.8327
1.7786
1.7667
1.7844
1.8585
1.9304
1.9668
1.9606
1.929
1.8598
1.7611
1.6502
1.5074
1.3935
1.301
1.2346
1.1711
1.0975
1.0582
1.0505
1.1413
1.32
1.5452
1.7533
1.8802
1.9152
1.9018
1.8895
1.9094
1.9887
2.0661
2.1358
2.1521
2.0879
1.9712
1.7983
1.6082
1.4145
1.2191
1.043
0.87183
0.67752
0.48253
0.29102
0.1628
0.12326
0.13136
0.20747
0.32703
0.45306
0.52494
0.54704
0.52189
0.47507
0.4785
0.50525
0.53036
0.5211
0.42711
0.32349
0.30626
0.39118
0.57879
0.79085
0.95529
1.0981
1.2614
1.475
1.6855
1.8417
1.9808
2.0906
2.2005
2.2935
2.3262
2.2808
2.1596
2.0159
1.8906
1.8326
1.8696
1.9741
2.105
2.2308
2.3251
2.3761
2.3692
2.3072
2.2134
2.105
2.0236
1.9715
1.9047
1.8269
1.745
1.7017
1.714
1.7734
1.8372
1.8747
1.8906
1.8835
1.8773
1.8585
1.815
1.7531
1.6638
1.5656
1.496
1.4753
1.4725
1.4764
1.423
1.2555
0.98078
0.63787
0.38131
0.25288
0.22757
0.30027
0.36225
0.37404
0.33908
0.24788
0.14917
0.095228
0.082071
0.09147
0.13787
0.15303
0.15495
0.1484
0.17883
0.30779
0.46139
0.60978
0.69368
0.73045
0.79752
0.90297
1.06
1.2502
1.4333
1.6168
1.7684
1.8779
2.0001
2.147
2.2768
2.3616
2.3615
2.2737
2.1771
2.1184
2.1198
2.1237
2.0851
1.9762
1.7971
1.5921
1.4017
1.2935
1.2495
1.2638
1.3015
1.3002
1.2774
1.2839
1.3326
1.4516
1.637
1.82
1.961
2.0273
2.0462
2.0776
2.1507
2.267
2.3902
2.4445
2.4028
2.2678
2.0694
1.8662
1.7149
1.6202
1.5557
1.4902
1.4101
1.3725
1.3897
1.4691
1.5526
1.581
1.5149
1.3695
1.1869
1.0032
0.88084
0.8456
0.86528
0.86191
0.77671
0.56508
0.3686
0.25495
0.22357
0.28219
0.33348
0.33625
0.28575
0.22803
0.22591
0.33844
0.53076
0.72228
0.85149
0.89367
0.92812
1.0526
1.2844
1.6028
1.9554
2.2494
2.4285
2.4769
2.4209
2.2657
1.9757
1.5634
1.0859
0.68937
0.54798
0.64913
0.93963
1.3093
1.5708
1.6977
1.7117
1.6213
1.4655
1.2286
0.96936
0.68757
0.44073
0.25807
0.13222
0.079033
0.055731
0.062949
0.094882
0.16698
0.28707
0.45681
0.65438
0.83538
0.9583
0.98193
0.8921
0.70441
0.48592
0.30446
0.21916
0.23044
0.31204
0.43681
0.56813
0.67208
0.79299
0.9607
1.1504
1.3443
1.4771
1.5191
1.4623
1.3188
1.0899
0.81753
0.5747
0.41231
0.35641
0.40519
0.51547
0.64322
0.74312
0.76321
0.74503
0.74772
0.78294
0.90221
1.0843
1.2846
1.5228
1.8149
2.1266
2.4478
2.7111
2.8349
2.8203
2.7099
2.6032
2.5422
2.5512
2.5908
2.6031
2.592
2.5602
2.5293
2.4986
2.495
2.5131
2.5411
2.5843
2.636
2.7453
2.9269
3.1675
3.4165
3.574
3.6179
3.5698
3.4796
3.4118
3.3827
3.3841
3.3779
3.3022
3.1414
2.9185
2.6897
2.552
2.5313
2.5779
2.6263
2.6264
2.5387
2.3827
2.1918
1.9911
1.8427
1.7349
1.6742
1.5922
1.4843
1.3938
1.3563
1.3995
1.4756
1.5588
1.5971
1.5998
1.5858
1.5772
1.5805
1.6198
1.6671
1.6784
1.6294
1.5365
1.4499
1.3821
1.3609
1.3515
1.3545
1.3821
1.4201
1.4554
1.4632
1.4785
1.5266
1.6054
1.6707
1.6649
1.6197
1.5736
1.5406
1.5116
1.4392
1.3288
1.1895
1.0278
0.8655
0.73384
0.65075
0.60258
0.57068
0.55785
0.57245
0.61629
0.68403
0.77389
0.88524
1.0173
1.1651
1.3227
1.4826
1.6366
1.7763
1.8943
1.9851
2.0461
2.0775
2.0821
2.0646
2.0306
1.9857
1.9348
1.8824
1.8316
1.7853
1.7457
1.715
1.6951
1.6877
1.6937
1.7128
1.7428
1.7799
1.8192
1.8547
1.881
1.8936
1.8899
1.8696
1.8343
1.7876
1.7339
1.678
1.6237
1.5739
1.5303
1.4938
1.4652
1.4454
1.4354
1.4356
1.4459
1.4646
1.4888
1.5145
1.5371
1.5525
1.558
1.5531
1.5394
1.5207
1.5011
1.4845
1.4724
1.4642
1.4573
1.4482
1.4342
1.4149
1.3921
1.37
1.3536
1.3478
1.3557
1.3782
1.413
1.4549
1.4969
1.531
1.5504
1.5513
1.5333
1.4994
1.4544
1.403
1.3477
1.2891
1.2253
1.1544
1.0759
0.99149
0.90578
0.82545
0.75789
0.7098
0.68612
0.68968
0.7212
0.77903
0.85901
0.95477
1.0589
1.165
1.2686
1.3681
1.4638
1.5567
1.6462
1.7295
1.8012
1.8541
1.8809
1.877
1.8415
1.7777
1.6928
1.5962
1.4978
1.4064
1.3291
1.2701
1.2316
1.2134
1.2139
1.2306
1.2609
1.3018
1.3506
1.4046
1.4602
1.5133
1.5593
1.5933
1.6111
1.6093
1.5867
1.5433
1.481
1.4023
1.3104
1.2084
1.0994
0.98656
0.87343
0.76388
0.66208
0.57214
0.4977
0.44155
0.40552
0.39081
0.39856
0.43012
0.48652
0.56721
0.66851
0.78315
0.9013
1.0126
1.1076
1.1791
1.2221
1.2345
1.2169
1.1734
1.1107
1.0377
0.96359
0.89621
0.8407
0.79922
0.77146
0.75561
0.74921
0.74958
0.75381
0.75851
0.75987
0.75402
0.73784
0.70972
0.67004
0.62103
0.5643
0.50311
0.44421
0.39225
0.34814
0.30929
0.29416
0.31804
0.3613
0.39884
0.40595
0.39542
0.43584
0.54384
0.68663
0.87591
1.0881
1.3259
1.5548
1.7313
1.8501
1.9158
1.9066
1.8758
1.8556
1.8501
1.9035
1.9858
2.0305
1.9997
1.8859
1.6638
1.4188
1.2104
1.0695
1.0323
0.99106
0.92799
0.80695
0.68903
0.65053
0.66569
0.64723
0.54559
0.51236
0.57668
0.82706
1.1717
1.4032
1.5719
1.6837
1.8413
2.0229
2.0939
1.9864
1.6328
1.1034
0.58203
0.25986
0.15761
0.22819
0.39222
0.56232
0.66842
0.77481
0.87383
1.0037
1.0818
1.0416
0.93801
0.80095
0.83459
1.0234
1.3213
1.6176
1.7977
1.8155
1.6721
1.4493
1.2212
1.0171
0.8823
0.81778
0.74914
0.67143
0.60335
0.5558
0.53694
0.53203
0.4919
0.39563
0.2599
0.1747
0.20102
0.34211
0.56442
0.79323
0.91779
0.96552
1.0437
1.1599
1.2825
1.3861
1.4553
1.5119
1.6175
1.7775
1.9743
2.1451
2.2545
2.3019
2.2706
2.1803
2.0734
1.9819
1.8945
1.8184
1.6694
1.3871
1.0209
0.66736
0.46677
0.40896
0.38446
0.34025
0.2727
0.17871
0.20238
0.35621
0.61645
0.89761
0.99666
0.86538
0.61193
0.48201
0.58424
0.92353
1.3495
1.6863
1.8905
1.9604
2.0112
2.029
2.0574
2.1411
2.2435
2.3947
2.5081
2.5807
2.6173
2.6439
2.7183
2.8306
2.9257
2.9553
2.9427
2.8343
2.6776
2.4986
2.2794
2.129
2.0112
1.9685
1.9692
1.9304
1.901
1.8574
1.831
1.8605
1.9331
2.0397
2.1886
2.4004
2.6918
3.015
3.3303
3.5587
3.6488
3.6459
3.5841
3.5175
3.4367
3.3401
3.2021
3.0223
2.8115
2.5821
2.3736
2.18
2.0604
1.9871
1.924
1.8277
1.6837
1.5582
1.4511
1.3997
1.3592
1.2436
1.0289
0.75037
0.46941
0.24688
0.12649
0.075627
0.050003
0.061321
0.077875
0.14675
0.32214
0.55031
0.81341
1.0501
1.2164
1.3487
1.4573
1.5634
1.6693
1.7501
1.7897
1.7946
1.7835
1.7562
1.7185
1.6867
1.6675
1.6655
1.6831
1.7205
1.7757
1.8446
1.9218
2.0009
2.0748
2.1362
2.1776
2.1923
2.1758
2.1264
2.0461
1.9402
1.8156
1.6799
1.5401
1.4026
1.2728
1.1557
1.055
0.97316
0.91154
0.87066
0.85095
0.85316
0.8783
0.92698
0.99835
1.0891
1.1933
1.3026
1.4082
1.5016
1.5754
1.6244
1.6453
1.6377
1.604
1.5486
1.477
1.3948
1.3067
1.2167
1.128
1.043
0.96295
0.88853
0.82019
0.75895
0.70665
0.66555
0.63775
0.62486
0.62807
0.64817
0.68546
0.73931
0.80768
0.88692
0.9719
1.0564
1.1335
1.1967
1.2403
1.2607
1.2564
1.2286
1.1806
1.117
1.0427
0.96302
0.88236
0.80465
0.73301
0.67004
0.61795
0.57872
0.55381
0.54404
0.54955
0.57012
0.60546
0.65518
0.71825
0.79218
0.87249
0.95316
1.0279
1.0917
1.1412
1.175
1.1929
1.1955
1.184
1.1608
1.1289
1.0925
1.0558
1.0224
0.99483
0.97403
0.95972
0.95109
0.94727
0.94729
0.94967
0.95229
0.95272
0.94924
0.94172
0.93197
0.9233
0.91967
0.92473
0.94137
0.97141
1.0156
1.0732
1.1422
1.2189
1.2988
1.3765
1.447
1.5056
1.549
1.5754
1.585
1.5804
1.5649
1.5421
1.5146
1.4839
1.4509
1.4162
1.3812
1.3471
1.315
1.2857
1.2596
1.2374
1.2205
1.2106
1.2092
1.2161
1.2294
1.245
1.2579
1.2633
1.258
1.2406
1.2119
1.1747
1.1336
1.0944
1.0634
1.0469
1.0498
1.0749
1.1223
1.1888
1.2681
1.3514
1.429
1.4914
1.5301
1.5386
1.5125
1.4502
1.3538
1.2289
1.0847
0.93248
0.78062
0.64291
0.53082
0.44599
0.38653
0.34897
0.32993
0.32715
0.33981
0.36834
0.41382
0.47704
0.55737
0.65204
0.75618
0.86374
0.96882
1.0667
1.1546
1.2316
1.2982
1.3566
1.4022
1.4368
1.469
1.4985
1.5233
1.5396
1.5431
1.5301
1.4989
1.4502
1.3867
1.3125
1.232
1.1488
1.0654
0.9835
0.9039
0.82718
0.75393
0.68508
0.62216
0.56733
0.52294
0.49089
0.47211
0.4665
0.47306
0.49034
0.51686
0.55156
0.59402
0.64444
0.70334
0.77115
0.84773
0.93183
1.0206
1.1096
1.1928
1.2639
1.3177
1.3517
1.3665
1.3657
1.3543
1.3372
1.3185
1.3011
1.2867
1.2765
1.271
1.2695
1.2708
1.2726
1.2735
1.2731
1.2726
1.2747
1.2824
1.2974
1.3198
1.3473
1.3765
1.4047
1.4314
1.4592
1.4927
1.5367
1.5941
1.6644
1.7446
1.8303
1.917
2.0009
2.0784
2.1453
2.1974
2.2319
2.2489
2.252
2.247
2.2393
2.2312
2.2209
2.2032
2.1722
2.1236
2.0563
1.9719
1.8739
1.7655
1.6489
1.5256
1.397
1.2656
1.1359
1.0129
0.9009
0.80216
0.71695
0.64484
0.58618
0.54255
0.51601
0.50785
0.51757
0.54268
0.57957
0.62521
0.67889
0.74271
0.82037
0.91475
1.026
1.151
1.2847
1.4219
1.5584
1.6905
1.814
1.9237
2.0136
2.0793
2.1203
2.14
2.1456
2.1447
2.1431
2.1429
2.1434
2.143
2.1406
2.1366
2.1321
2.1279
2.1237
2.1187
2.1126
2.1055
2.0984
2.0916
2.0835
2.0706
2.0488
2.0146
1.967
1.9075
1.8398
1.7685
1.6978
1.6316
1.5729
1.524
1.4867
1.4621
1.4498
1.4487
1.4567
1.4717
1.4917
1.5148
1.5391
1.5627
1.5831
1.5974
1.6022
1.5941
1.5705
1.5301
1.474
1.4053
1.3284
1.2484
1.1701
1.0973
1.0324
0.97629
0.92831
0.88281
0.83631
0.78489
0.73106
0.68779
0.66329
0.65602
0.65503
0.6447
0.61518
0.55921
0.47845
0.38874
0.32917
0.33575
0.42792
0.60402
0.79878
0.9409
1.0256
1.0889
1.1838
1.3265
1.512
1.7213
1.9014
2.0099
2.0238
1.9631
1.8693
1.7775
1.6882
1.5661
1.377
1.1206
0.84871
0.63582
0.52685
0.51244
0.55127
0.60584
0.67248
0.76185
0.89338
1.0783
1.2867
1.5004
1.7135
1.9125
2.0924
2.2228
2.292
2.3017
2.2584
2.1893
2.1077
2.0225
1.9469
1.8891
1.8496
1.815
1.7526
1.6431
1.4899
1.3407
1.243
1.211
1.2029
1.162
1.0637
0.91551
0.76732
0.6489
0.55848
0.47874
0.38958
0.28647
0.19304
0.13421
0.11167
0.11697
0.15142
0.20459
0.27179
0.34726
0.39831
0.39331
0.32851
0.26132
0.23593
0.26132
0.31709
0.36198
0.39308
0.45935
0.60294
0.81256
1.0243
1.1783
1.2736
1.3378
1.3849
1.4139
1.4337
1.4521
1.4651
1.4654
1.4642
1.4933
1.5978
1.7824
1.9989
2.1838
2.295
2.3472
2.3648
2.3758
2.3882
2.3937
2.3875
2.3694
2.3435
2.2979
2.2451
2.2029
2.1918
2.2268
2.2878
2.3423
2.3563
2.3308
2.3002
2.3013
2.3514
2.4324
2.4998
2.5146
2.4678
2.3802
2.2851
2.2024
2.1372
2.0693
1.9799
1.8767
1.7866
1.7453
1.7603
1.8011
1.8038
1.7167
1.5337
1.3002
1.0959
0.94921
0.84858
0.73519
0.58011
0.42947
0.35915
0.39984
0.55902
0.80677
1.0122
1.0881
1.0012
0.78335
0.55202
0.43369
0.46503
0.6466
0.92842
1.1775
1.3397
1.4251
1.473
1.5213
1.5706
1.6008
1.5869
1.516
1.3759
1.1685
0.90696
0.63391
0.42628
0.33039
0.31542
0.34006
0.34062
0.30587
0.29874
0.3607
0.5213
0.73826
0.91727
1.0303
1.1007
1.1463
1.1658
1.1466
1.102
1.0675
1.0431
1.0254
1.0277
1.0579
1.1059
1.133
1.119
1.079
1.036
1.0001
0.96068
0.92098
0.89057
0.86849
0.85044
0.83495
0.8248
0.81698
0.80808
0.79825
0.78777
0.77727
0.76371
0.7447
0.71894
0.68627
0.64788
0.60631
0.56544
0.52978
0.50358
0.49006
0.49125
0.50844
0.54273
0.59537
0.66766
0.76038
0.87298
1.0029
1.1455
1.2939
1.4397
1.5736
1.6872
1.7738
1.8299
1.856
1.8565
1.8379
1.8084
1.7755
1.7455
1.723
1.7109
1.7112
1.7251
1.7535
1.7966
1.8531
1.9198
1.9906
2.0577
2.1126
2.1475
2.1577
2.1421
2.1033
2.0473
1.9819
1.9166
1.8604
1.8209
1.8028
1.8065
1.8285
1.8629
1.9034
1.9454
1.9859
2.0232
2.0545
2.0754
2.0796
2.0602
2.0117
1.9314
1.8209
1.6862
1.5366
1.3834
1.2371
1.1057
0.99295
0.8982
0.8184
0.75013
0.69132
0.64181
0.60255
0.57431
0.5566
0.54744
0.54371
0.54204
0.53961
0.53484
0.52761
0.51908
0.51134
0.50701
0.50903
0.52049
0.54421
0.5822
0.63502
0.70144
0.77893
0.86475
0.95706
1.0553
1.1598
1.2701
1.3848
1.5001
1.6113
1.713
1.8006
1.8714
1.9253
1.9645
1.9933
2.016
2.0363
2.0559
2.0747
2.0913
2.1042
2.1126
2.1168
2.1181
2.1172
2.1139
2.1062
2.0901
2.0614
2.0163
1.9528
1.8711
1.7737
1.665
1.5509
1.4381
1.3332
1.242
1.168
1.1133
1.0787
1.0643
1.07
1.0957
1.1401
1.2008
1.2735
1.3527
1.4315
1.5034
1.5629
1.6073
1.6362
1.6525
1.6604
1.6648
1.6697
1.6775
1.6889
1.7031
1.7184
1.7324
1.7425
1.7462
1.7418
1.7287
1.7074
1.6786
1.6425
1.5991
1.5478
1.4894
1.4263
1.3625
1.3035
1.2539
1.2168
1.1929
1.1805
1.1764
1.1713
1.1635
1.1582
1.1558
1.1587
1.1702
1.193
1.2279
1.2737
1.3275
1.3857
1.4456
1.5055
1.5645
1.6218
1.6755
1.7232
1.7624
1.7904
1.8054
1.8057
1.7907
1.7524
1.6943
1.6291
1.5617
1.4968
1.4381
1.3868
1.3416
1.2985
1.2526
1.1993
1.1362
1.063
0.98146
0.8946
0.806
0.71942
0.63867
0.56732
0.50828
0.46371
0.4351
0.42376
0.43112
0.45868
0.50743
0.57715
0.666
0.77091
0.88815
1.0134
1.1412
1.2646
1.3763
1.4702
1.5434
1.596
1.6301
1.6492
1.6569
1.657
1.6527
1.6465
1.6397
1.6328
1.6262
1.6201
1.6147
1.6091
1.6008
1.5868
1.5637
1.5289
1.4811
1.4201
1.3476
1.2674
1.1849
1.1064
1.0378
0.98303
0.94381
0.92036
0.91216
0.91864
0.93915
0.97241
1.0161
1.0673
1.1227
1.1801
1.2383
1.2971
1.3564
1.4162
1.4767
1.5369
1.5949
1.6472
1.6899
1.7203
1.7383
1.746
1.7464
1.7406
1.7279
1.7061
1.6736
1.6309
1.5806
1.5261
1.4712
1.4193
1.3732
1.3349
1.3046
1.2807
1.2597
1.2378
1.2128
1.1843
1.153
1.1197
1.084
1.0442
0.99823
0.94486
0.88395
0.81672
0.74541
0.67292
0.60249
0.5374
0.4808
0.4355
0.40386
0.3876
0.38758
0.40353
0.43389
0.4759
0.52642
0.58325
0.64596
0.71581
0.7949
0.88514
0.98733
1.1002
1.2193
1.3367
1.4415
1.522
1.569
1.5783
1.551
1.4931
1.4131
1.3197
1.2215
1.1252
1.0361
0.95749
0.89061
0.83554
0.79195
0.76001
0.74071
0.73562
0.74636
0.77404
0.8188
0.87932
0.95246
1.0331
1.1146
1.1898
1.2531
1.3016
1.3366
1.3626
1.386
1.4128
1.4472
1.4909
1.5432
1.6012
1.6613
1.719
1.7706
1.8129
1.8438
1.8626
1.8692
1.865
1.8517
1.8312
1.8041
1.7617
1.704
1.6418
1.5789
1.5196
1.4677
1.4253
1.3929
1.3706
1.3585
1.3566
1.3645
1.381
1.4043
1.4315
1.4597
1.4851
1.5038
1.5114
1.5046
1.4807
1.4392
1.3743
1.2895
1.196
1.0981
0.9999
0.90571
0.82004
0.74741
0.69166
0.65496
0.63728
0.63624
0.64747
0.66529
0.68361
0.69682
0.70041
0.69123
0.66785
0.63102
0.58426
0.53373
0.48706
0.45138
0.43168
0.43037
0.44784
0.48341
0.53606
0.60456
0.6867
0.77767
0.86924
0.9509
1.0132
1.0512
1.0656
1.0611
1.0438
1.0179
0.98579
0.9492
0.91012
0.87103
0.83356
0.7971
0.75866
0.7144
0.66202
0.60244
0.5398
0.47983
0.428
0.38875
0.3659
0.36383
0.3888
0.44971
0.55719
0.71904
0.93399
1.19
1.4696
1.7552
2.0322
2.2884
2.5128
2.6956
2.8299
2.9139
2.9516
2.9525
2.9288
2.8914
2.8468
2.7963
2.7371
2.6656
2.5789
2.4763
2.3573
2.2201
2.061
1.877
1.6692
1.446
1.223
1.019
0.84976
0.72363
0.64102
0.59847
0.59282
0.62284
0.68775
0.78381
0.90175
1.0276
1.1466
1.2481
1.3262
1.3789
1.4054
1.4048
1.3769
1.3234
1.249
1.1613
1.0691
0.98038
0.90102
0.83487
0.78431
0.75112
0.73715
0.74448
0.77502
0.82973
0.90766
1.0056
1.1183
1.2406
1.3678
1.4972
1.6268
1.7545
1.877
1.9908
2.0929
2.1824
2.2604
2.3283
2.3868
2.4344
2.4685
2.4865
2.4878
2.4737
2.4462
2.4077
2.3598
2.3046
2.2454
2.1862
2.1301
2.0774
2.0241
1.9632
1.8878
1.7936
1.6808
1.553
1.4155
1.2736
1.1329
0.99983
0.88239
0.78876
0.72528
0.69465
0.69549
0.72278
0.76868
0.82367
0.87836
0.92502
0.95861
0.9769
0.98024
0.97124
0.95459
0.93675
0.92513
0.92675
0.9466
0.98651
1.0449
1.1178
1.1941
1.2683
1.3406
1.4053
1.4574
1.4938
1.5142
1.5217
1.5217
1.5197
1.5191
1.5206
1.5233
1.5258
1.5274
1.5269
1.5226
1.5117
1.4921
1.4632
1.4276
1.3914
1.3553
1.3279
1.3243
1.3517
1.4149
1.5157
1.652
1.818
2.0039
2.1976
2.3853
2.5537
2.6912
2.7889
2.8416
2.8475
2.8083
2.728
2.6127
2.4694
2.3053
2.1276
1.9426
1.7559
1.572
1.3944
1.226
1.069
0.92571
0.7983
0.68875
0.59825
0.5268
0.47334
0.43634
0.41445
0.4069
0.41369
0.43543
0.47305
0.52728
0.59828
0.68533
0.78697
0.90115
1.0255
1.1569
1.2919
1.426
1.5541
1.6713
1.7729
1.8544
1.9119
1.9421
1.9428
1.9139
1.8577
1.7797
1.6879
1.5919
1.502
1.4279
1.377
1.3545
1.3623
1.3995
1.4621
1.5441
1.6375
1.7335
1.8234
1.8998
1.9575
1.9939
2.0089
2.0049
1.9858
1.9563
1.9208
1.8829
1.8445
1.8062
1.7675
1.7269
1.6825
1.6326
1.5756
1.5115
1.4424
1.3729
1.3098
1.2607
1.233
1.2326
1.2637
1.3284
1.4262
1.5529
1.7008
1.858
2.0109
2.145
2.248
2.3101
2.3258
2.2929
2.2127
2.0894
1.9294
1.741
1.5336
1.317
1.1013
0.89676
0.71307
0.55905
0.44061
0.35931
0.31325
0.30004
0.31998
0.37762
0.48026
0.63245
0.82931
1.0551
1.2884
1.5081
1.6968
1.8426
1.9391
1.9859
1.9883
1.9561
1.9019
1.8389
1.7779
1.7257
1.6847
1.6526
1.6241
1.5923
1.5505
1.493
1.417
1.3228
1.214
1.0969
0.9793
0.86897
0.77246
0.69416
0.63603
0.59809
0.5793
0.57867
0.59599
0.63224
0.6894
0.76972
0.87439
1.0023
1.1495
1.3095
1.4742
1.6353
1.7843
1.9133
2.0157
2.0868
2.1247
2.1297
2.1039
2.0497
1.9687
1.862
1.73
1.566
1.3753
1.1731
0.96935
0.77621
0.60658
0.47095
0.37388
0.31359
0.28527
0.28487
0.31101
0.36449
0.44617
0.55398
0.68098
0.81618
0.94733
1.0638
1.1583
1.2274
1.2718
1.2882
1.2812
1.2631
1.2397
1.216
1.196
1.1822
1.1758
1.1755
1.1779
1.1784
1.172
1.1541
1.1216
1.0728
1.0079
0.92922
0.84167
0.75171
0.666
0.5897
0.5255
0.47395
0.43451
0.40646
0.38942
0.38337
0.38848
0.40507
0.43362
0.47462
0.52849
0.59537
0.67496
0.7664
0.86814
0.97752
1.0904
1.2011
1.303
1.3896
1.4561
1.4999
1.5211
1.522
1.5062
1.4787
1.445
1.4108
1.381
1.3595
1.3481
1.3469
1.3549
1.3703
1.3913
1.4158
1.4414
1.4655
1.486
1.5016
1.5127
1.5213
1.5301
1.5418
1.5576
1.5771
1.5988
1.6206
1.641
1.6589
1.6743
1.6878
1.7002
1.7125
1.7252
1.7382
1.7505
1.761
1.7683
1.7713
1.7684
1.7577
1.7368
1.7038
1.6576
1.5984
1.5275
1.4468
1.3589
1.2671
1.1758
1.0898
1.0133
0.94916
0.89854
0.86176
0.83925
0.83213
0.84198
0.87005
0.91652
0.98037
1.0597
1.1524
1.2564
1.3697
1.4899
1.6141
1.7386
1.8596
1.9728
2.0737
2.1577
2.2199
2.2561
2.2633
2.2412
2.192
2.1205
2.0338
1.9392
1.844
1.7547
1.6769
1.6153
1.574
1.5555
1.5601
1.5856
1.6265
1.6758
1.726
1.7711
1.8072
1.8333
1.8505
1.8617
1.8705
1.8808
1.8965
1.9209
1.956
2.0016
2.0549
2.1096
2.1576
2.1893
2.1956
2.1695
2.1075
2.0095
1.8793
1.7242
1.5542
1.3809
1.2163
1.0711
0.95267
0.86375
0.80241
0.76334
0.73951
0.72376
0.70987
0.69291
0.66933
0.63702
0.59575
0.54752
0.49653
0.44818
0.40761
0.37843
0.36251
0.36044
0.37237
0.39843
0.43781
0.48944
0.55496
0.63726
0.7219
0.78771
0.84824
0.9354
1.0988
1.3132
1.5253
1.7194
1.8865
2.0177
2.0996
2.1268
2.1086
2.0724
2.0267
1.9958
1.975
1.9881
2.0151
1.9925
1.9237
1.8157
1.7205
1.6712
1.6671
1.7131
1.7672
1.8826
2.0634
2.3026
2.5456
2.7253
2.7628
2.6132
2.2755
1.8017
1.3684
1.0755
1.005
1.0782
1.1331
1.055
0.81232
0.4919
0.26357
0.18013
0.1863
0.2761
0.38664
0.48517
0.58719
0.72772
0.91769
1.1935
1.5491
1.8946
2.2088
2.466
2.6481
2.7839
2.8591
2.8451
2.7652
2.6002
2.3358
1.9894
1.5643
1.2091
0.99554
0.95936
0.94626
0.84605
0.68433
0.56861
0.63114
0.86304
1.1796
1.4265
1.582
1.6603
1.7614
1.9094
2.0724
2.2383
2.349
2.4022
2.4444
2.4871
2.5411
2.5771
2.5955
2.6102
2.6075
2.5803
2.5374
2.4916
2.4571
2.4699
2.4941
2.5055
2.4729
2.3833
2.2731
2.1211
1.9861
1.8494
1.7317
1.6478
1.6143
1.6712
1.7692
1.9141
2.039
2.0903
2.0339
1.902
1.7357
1.5645
1.4667
1.412
1.3856
1.3657
1.3219
1.2458
1.162
1.1178
1.117
1.1555
1.1381
1.0841
0.9864
0.85842
0.73643
0.5591
0.37791
0.25989
0.21463
0.28321
0.37649
0.46199
0.51736
0.53784
0.61612
0.69861
0.77506
0.783
0.68096
0.50604
0.43275
0.49476
0.71836
1.103
1.4641
1.7844
2.0649
2.2953
2.502
2.6416
2.6928
2.6883
2.6245
2.5742
2.5274
2.4721
2.3881
2.2006
1.9795
1.8069
1.7638
1.8707
2.0642
2.2563
2.3594
2.3924
2.398
2.4025
2.3745
2.2949
2.1015
1.7933
1.4074
1.0077
0.64946
0.34873
0.18923
0.097582
0.068519
0.084123
0.10261
0.18816
0.33461
0.53525
0.76641
0.94644
1.0676
1.2129
1.4035
1.6483
1.9147
2.1114
2.2135
2.2149
2.153
2.0257
1.848
1.6556
1.5007
1.3847
1.2982
1.2225
1.1438
1.0766
1.0215
0.97194
0.92656
0.88808
0.85631
0.8273
0.79463
0.75511
0.71044
0.66184
0.61272
0.56667
0.52574
0.49011
0.4592
0.43319
0.41406
0.40531
0.4108
0.43355
0.47483
0.53375
0.60783
0.69459
0.79323
0.90491
1.031
1.1704
1.3185
1.467
1.6074
1.7332
1.8419
1.9345
2.0134
2.0802
2.1344
2.1743
2.1986
2.2089
2.21
2.2082
2.209
2.2142
2.222
2.2275
2.2257
2.2139
2.1921
2.1627
2.128
2.0887
2.0438
1.9911
1.9299
1.8616
1.79
1.7199
1.6554
1.5992
1.5531
1.5186
1.4975
1.4916
1.5009
1.523
1.5527
1.583
1.6069
1.6182
1.6124
1.5865
1.5394
1.4718
1.3869
1.2898
1.1873
1.0867
0.99424
0.91464
0.85
0.79993
0.76203
0.73272
0.70834
0.68625
0.66568
0.64779
0.63484
0.62895
0.63108
0.64073
0.65656
0.67726
0.7024
0.73246
0.76841
0.81096
0.86022
0.91573
0.97653
1.0411
1.1068
1.1696
1.2239
1.2649
1.2896
1.2991
1.2979
1.293
1.2911
1.2974
1.315
1.3461
1.3918
1.4532
1.5302
1.6206
1.7196
1.8198
1.9125
1.9888
2.0414
2.0659
2.0616
2.0321
1.9833
1.9218
1.8518
1.775
1.6905
1.5982
1.5
1.4017
1.3111
1.2349
1.1762
1.1339
1.1032
1.0786
1.056
1.0335
1.0105
0.98602
0.95826
0.92469
0.88366
0.83578
0.78423
0.73369
0.68844
0.65072
0.62034
0.59552
0.57425
0.55563
0.54029
0.52984
0.52583
0.52866
0.53706
0.54857
0.56077
0.57291
0.58679
0.6063
0.63565
0.67727
0.73038
0.79111
0.85441
0.91654
0.97671
1.0366
1.0985
1.1629
1.2281
1.2906
1.3471
1.3958
1.4367
1.4696
1.4939
1.5073
1.4998
1.4707
1.4296
1.3805
1.3282
1.2768
1.2285
1.1844
1.1452
1.1123
1.0883
1.0768
1.0826
1.1109
1.1669
1.254
1.3729
1.5205
1.6908
1.8755
2.0646
2.2476
2.4041
2.5265
2.6186
2.6738
2.688
2.6604
2.5938
2.4943
2.3697
2.2288
2.0804
1.9322
1.7907
1.6608
1.5454
1.4457
1.3607
1.2875
1.2213
1.1564
1.088
1.0128
0.93114
0.84627
0.76362
0.68884
0.62623
0.57809
0.54494
0.52629
0.5212
0.52843
0.54642
0.57305
0.60569
0.64141
0.67732
0.71093
0.74045
0.76512
0.78583
0.80574
0.83051
0.86794
0.92666
1.0142
1.135
1.2884
1.4686
1.6665
1.8714
2.0737
2.2653
2.4395
2.5904
2.7131
2.8041
2.8614
2.8852
2.878
2.844
2.7882
2.716
2.6324
2.5417
2.4483
2.3563
2.2706
2.1966
2.1401
2.1063
2.0983
2.1166
2.1586
2.2191
2.2909
2.3656
2.4339
2.4873
2.5185
2.5229
2.4991
2.4485
2.3748
2.2822
2.1751
2.0576
1.9342
1.8094
1.6875
1.5717
1.4631
1.3606
1.2622
1.1664
1.0736
0.98705
0.91182
0.85373
0.81762
0.80641
0.82097
0.86043
0.92257
1.0039
1.0996
1.2031
1.3062
1.3998
1.4742
1.521
1.5337
1.5095
1.4496
1.3597
1.2496
1.1322
1.0216
0.93094
0.87025
0.84603
0.86149
0.91701
1.01
1.1346
1.2821
1.4426
1.6059
1.7631
1.9059
2.0271
2.1202
2.1807
2.2069
2.2002
2.1649
2.107
2.0326
1.9472
1.8561
1.7649
1.6792
1.6049
1.5465
1.5066
1.4852
1.4799
1.4864
1.4995
1.5144
1.5268
1.5338
1.5334
1.5241
1.5057
1.4786
1.4445
1.4063
1.3673
1.3309
1.2996
1.2752
1.2587
1.2503
1.2499
1.2563
1.2671
1.2783
1.2854
1.2839
1.2702
1.2423
1.2001
1.1451
1.08
1.008
0.93235
0.85683
0.78222
0.71312
0.65676
0.61873
0.5975
0.58244
0.57537
0.58506
0.62916
0.69423
0.75257
0.80389
0.85527
0.94033
1.042
1.1483
1.2307
1.257
1.2526
1.2338
1.2345
1.2523
1.2898
1.3212
1.3341
1.3299
1.3106
1.3087
1.3451
1.4381
1.5534
1.6347
1.6179
1.4854
1.2747
1.033
0.84018
0.75969
0.77788
0.84102
0.89888
0.89972
0.843
0.82642
0.88021
0.9752
1.0726
1.1241
1.102
1.0682
1.0549
1.0635
1.0984
1.074
0.98606
0.8017
0.5632
0.35554
0.27563
0.31158
0.4361
0.58336
0.61467
0.50952
0.35686
0.31165
0.3743
0.56852
0.79046
0.92047
0.93474
0.90773
0.89998
0.88624
0.83618
0.68427
0.48195
0.33211
0.30501
0.38392
0.56598
0.766
0.90934
1.028
1.152
1.2846
1.4011
1.4963
1.5057
1.4481
1.3405
1.145
0.88944
0.59415
0.38992
0.37668
0.53382
0.87065
1.2214
1.4584
1.6046
1.6989
1.7966
1.9019
1.9885
2.0452
2.0844
2.0712
2.006
1.9077
1.7762
1.6681
1.5882
1.5344
1.4965
1.4806
1.5332
1.6628
1.8436
1.9808
2.0388
1.9943
1.8777
1.7611
1.6472
1.5449
1.4485
1.3548
1.2874
1.2627
1.2683
1.3076
1.3029
1.2046
1.0514
0.84454
0.64988
0.51539
0.44043
0.42722
0.49755
0.65083
0.85798
1.0783
1.2494
1.3604
1.4166
1.4499
1.4671
1.439
1.3532
1.2136
1.0573
0.94176
0.89994
0.93759
1.0239
1.1254
1.2245
1.2973
1.3548
1.4273
1.521
1.6189
1.7001
1.7439
1.7753
1.831
1.9435
2.0915
2.2305
2.3159
2.327
2.2773
2.1717
2.0603
1.9539
1.8819
1.8713
1.9249
2.0253
2.1173
2.1784
2.1855
2.1331
2.0133
1.8265
1.5622
1.2716
1.045
0.91706
0.84822
0.75532
0.59475
0.3997
0.28194
0.2946
0.43588
0.68146
0.96705
1.2056
1.3647
1.4728
1.5247
1.5378
1.5587
1.5708
1.5512
1.4739
1.3312
1.1676
1.0154
0.90146
0.81047
0.73257
0.68252
0.65393
0.65249
0.67548
0.71439
0.76327
0.82002
0.88523
0.95985
1.0466
1.1445
1.2521
1.3663
1.4826
1.5946
1.6957
1.78
1.8443
1.8885
1.9162
1.933
1.945
1.9571
1.9716
1.9877
2.002
2.0098
2.0059
1.9872
1.9534
1.9075
1.8555
1.8043
1.7603
1.7278
1.7088
1.7033
1.7093
1.723
1.7394
1.7529
1.7588
1.7554
1.7444
1.7307
1.7204
1.7174
1.7216
1.7281
1.7283
1.7131
1.6752
1.6117
1.525
1.4226
1.3155
1.2157
1.1338
1.0764
1.0456
1.0383
1.0479
1.0653
1.0815
1.0894
1.0849
1.0677
1.0406
1.0082
0.975
0.9443
0.91771
0.89533
0.87652
0.86083
0.84875
0.84217
0.84469
0.86132
0.89781
0.95921
1.048
1.1622
1.2943
1.4322
1.5612
1.6682
1.7441
1.786
1.7978
1.7881
1.7681
1.7489
1.7384
1.7407
1.7556
1.78
1.8098
1.8414
1.8731
1.905
1.9386
1.9757
2.0174
2.0638
2.1134
2.1636
2.2113
2.2535
2.2876
2.3122
2.3272
2.3342
2.3368
2.3395
2.3464
2.3588
2.3744
2.3865
2.3864
2.3651
2.3165
2.2389
2.1356
2.0145
1.8859
1.7603
1.647
1.5519
1.4766
1.4192
1.3748
1.3375
1.3017
1.2633
1.2207
1.1741
1.1251
1.0763
1.0302
0.98844
0.95147
0.91843
0.88773
0.85801
0.82913
0.80263
0.78176
0.77091
0.77483
0.79784
0.84294
0.91092
0.99955
1.1032
1.2136
1.321
1.4167
1.4946
1.5525
1.5919
1.617
1.6336
1.6464
1.6589
1.6725
1.6874
1.7035
1.721
1.7411
1.7657
1.7963
1.8339
1.8785
1.9292
1.9846
2.0428
2.1017
2.158
2.2077
2.2455
2.2668
2.268
2.2485
2.2107
2.1482
2.07
1.9942
1.9184
1.8459
1.7871
1.7405
1.6893
1.6342
1.607
1.6334
1.7159
1.8157
1.9039
1.975
2.0176
2.0342
2.0268
2.0289
2.082
2.1758
2.2812
2.3339
2.2913
2.1714
2.0156
1.8896
1.8089
1.7365
1.5962
1.3243
0.94947
0.57687
0.31585
0.1888
0.13811
0.11974
0.11598
0.12449
0.14459
0.21605
0.34938
0.53232
0.75059
0.94379
1.1302
1.3269
1.5273
1.6986
1.7836
1.7673
1.6562
1.4955
1.3302
1.1948
1.0918
1.0061
0.90617
0.74309
0.54389
0.38752
0.3445
0.45026
0.72498
1.088
1.4282
1.704
1.9244
2.1414
2.3464
2.5327
2.6908
2.7837
2.8119
2.769
2.6743
2.5579
2.4326
2.2789
2.0523
1.7363
1.3618
1.0004
0.72298
0.55858
0.47803
0.44896
0.43894
0.4422
0.45028
0.46364
0.49887
0.55201
0.63356
0.73313
0.84471
0.95762
1.0559
1.1141
1.1135
1.0657
1.0068
0.94603
0.83232
0.62055
0.35943
0.18401
0.13579
0.20679
0.3979
0.63926
0.79679
0.8203
0.74234
0.59691
0.41008
0.25199
0.18171
0.18664
0.28219
0.4692
0.712
0.97239
1.2423
1.5071
1.7358
1.9194
2.0478
2.1209
2.1668
2.1918
2.1974
2.1939
2.1694
2.1381
2.1095
2.1062
2.1187
2.1159
2.0814
2.02
1.9658
1.9451
1.9559
1.9719
1.9599
1.9137
1.8382
1.7517
1.6699
1.6027
1.5576
1.5241
1.503
1.4839
1.444
1.3758
1.2806
1.1811
1.1243
1.1056
1.1011
1.0658
0.98305
0.90636
0.86812
0.87272
0.8684
0.81143
0.71472
0.62082
0.59818
0.66355
0.78854
0.94302
1.0733
1.135
1.1167
1.0299
0.93594
0.88616
0.89827
0.94207
0.94102
0.86777
0.74429
0.62885
0.55062
0.51088
0.48993
0.46167
0.42781
0.37625
0.3196
0.25678
0.20682
0.17856
0.15846
0.15932
0.167
0.20725
0.29006
0.42396
0.59735
0.7674
0.91476
1.039
1.1552
1.2473
1.3129
1.3423
1.3494
1.3319
1.2687
1.1558
0.98585
0.8105
0.67471
0.58785
0.54477
0.54167
0.54915
0.51802
0.45664
0.36782
0.2709
0.22613
0.21778
0.22385
0.22619
0.29961
0.46968
0.80818
1.2423
1.508
1.4956
1.1898
0.86896
0.82794
1.1354
1.7331
2.3467
2.7356
2.8904
2.8923
2.8344
2.7308
2.56
2.3151
1.9813
1.6133
1.2505
0.89516
0.58127
0.3875
0.32226
0.37901
0.50507
0.62771
0.71126
0.74581
0.79409
0.84162
0.84703
0.81454
0.7892
0.82351
0.93423
1.1203
1.265
1.2692
1.0889
0.71729
0.35886
0.15212
0.12296
0.2754
0.60529
1.0562
1.4795
1.8173
2.0543
2.1897
2.2144
2.1603
2.0976
2.0573
2.031
1.9803
1.8864
1.778
1.6616
1.5269
1.3954
1.2408
1.0926
0.95725
0.81356
0.63347
0.41366
0.27523
0.24928
0.3098
0.46579
0.5911
0.62206
0.59679
0.52252
0.4207
0.29346
0.21054
0.21867
0.30338
0.45563
0.61945
0.75902
0.98425
1.3862
1.9446
2.5427
3.0338
3.327
3.4342
3.4318
3.3823
3.3625
3.3422
3.333
3.3118
3.2304
3.1027
2.9038
2.7048
2.5106
2.3734
2.2609
2.0829
1.8745
1.6484
1.5044
1.4884
1.5586
1.6637
1.7178
1.6727
1.5389
1.2955
1.0081
0.77393
0.59239
0.47245
0.34873
0.25114
0.20675
0.20478
0.2638
0.29044
0.28046
0.28469
0.32265
0.39884
0.43887
0.37567
0.32646
0.33043
0.41246
0.59928
0.77571
0.94086
1.1254
1.3232
1.4934
1.5833
1.5737
1.4928
1.3956
1.327
1.2806
1.2227
1.1268
0.97324
0.756
0.51026
0.31997
0.2225
0.2145
0.25256
0.25804
0.20659
0.13293
0.08897
0.08784
0.12013
0.1639
0.19731
0.20417
0.15271
0.088931
0.046957
0.027752
0.048515
0.097564
0.16702
0.24855
0.3099
0.35308
0.32944
0.26637
0.2289
0.22422
0.31274
0.39806
0.43556
0.37914
0.28158
0.26822
0.32896
0.49685
0.77206
1.0937
1.4389
1.8351
2.1852
2.4146
2.4981
2.4267
2.2166
1.9581
1.7561
1.6376
1.5534
1.4255
1.2051
0.95324
0.79093
0.75386
0.86131
0.98352
1.0631
1.0945
1.0465
1.0138
1.0284
1.1395
1.3105
1.5235
1.7619
1.9899
2.2513
2.5263
2.8078
3.0374
3.2241
3.3258
3.3119
3.2413
3.1016
2.9978
2.8955
2.7838
2.6296
2.3672
2.0279
1.6316
1.2539
0.89161
0.65366
0.53614
0.49931
0.48737
0.4064
0.31486
0.19481
0.17516
0.26521
0.39092
0.56316
0.71201
0.82226
0.87545
0.88765
0.875
0.82927
0.80669
0.83893
0.91552
1.0498
1.2148
1.4037
1.6024
1.8089
2.0721
2.2496
2.3205
1.8914
1.64
1.3327
