1.0561
1.0589
1.0617
1.0645
1.0674
1.0703
1.0732
1.0762
1.0792
1.0822
1.0852
1.0883
1.0914
1.0945
1.0976
1.1007
1.1039
1.1071
1.1103
1.1135
1.1167
1.1199
1.1232
1.1264
1.1297
1.133
1.1363
1.1395
1.1428
1.1461
1.1494
1.1527
1.156
1.1593
1.1626
1.1659
1.1692
1.1724
1.1757
1.179
1.1822
1.1855
1.1887
1.1919
1.1951
1.1983
1.2015
1.2047
1.2078
1.2109
1.214
1.2171
1.2202
1.2232
1.2263
1.2293
1.2322
1.2352
1.2381
1.241
1.2439
1.2467
1.2495
1.2523
1.2551
1.2578
1.2605
1.2631
1.2657
1.2683
1.2709
1.2734
1.2759
1.2784
1.2808
1.2832
1.2855
1.2878
1.2901
1.2923
1.2945
1.2967
1.2988
1.3008
1.3029
1.3049
1.3068
1.3088
1.3106
1.3125
1.3143
1.316
1.3178
1.3194
1.3211
1.3227
1.3242
1.3257
1.3272
1.3286
1.33
1.3314
1.3327
1.334
1.3352
1.3364
1.3375
1.3387
1.3397
1.3408
1.3417
1.3427
1.3436
1.3445
1.3453
1.3461
1.3469
1.3476
1.3483
1.3489
1.3495
1.3501
1.3507
1.3511
1.3516
1.352
1.3524
1.3528
1.3531
1.3534
1.3536
1.3539
1.354
1.3542
1.3543
1.3544
1.3544
1.3545
1.3545
1.3544
1.3543
1.3542
1.3541
1.3539
1.3537
1.3535
1.3532
1.3529
1.3526
1.3523
1.3519
1.3515
1.3511
1.3506
1.3501
1.3496
1.3491
1.3485
1.3479
1.3473
1.3467
1.346
1.3453
1.3446
1.3439
1.3431
1.3423
1.3415
1.3407
1.3398
1.339
1.3381
1.3371
1.3362
1.3352
1.3343
1.3332
1.3322
1.3312
1.3301
1.329
1.3279
1.3268
1.3256
1.3245
1.3233
1.3221
1.3209
1.3197
1.3184
1.3171
1.3158
1.3145
1.3132
1.3119
1.3105
1.3092
1.3078
1.3064
1.305
1.3036
1.3021
1.3007
1.2992
1.2977
1.2962
1.2947
1.2932
1.2917
1.2901
1.2886
1.287
1.2854
1.2838
1.2822
1.2806
1.279
1.2774
1.2757
1.2741
1.2724
1.2708
1.2691
1.2674
1.2657
1.264
1.2623
1.2606
1.2589
1.2572
1.2555
1.2538
1.252
1.2503
1.2485
1.2468
1.245
1.2433
1.2415
1.2398
1.238
1.2363
1.2345
1.2327
1.231
1.2292
1.2274
1.2257
1.2239
1.2222
1.2204
1.2186
1.2169
1.2151
1.2134
1.2116
1.2099
1.2082
1.2064
1.2047
1.203
1.2012
1.1995
1.1978
1.1961
1.1944
1.1928
1.1911
1.1894
1.1878
1.1861
1.1845
1.1828
1.1812
1.1796
1.178
1.1764
1.1749
1.1733
1.1717
1.1702
1.1687
1.1672
1.1657
1.1642
1.1627
1.1613
1.1599
1.1584
1.157
1.1557
1.1543
1.153
1.1516
1.1503
1.149
1.1478
1.1465
1.1453
1.1441
1.1429
1.1417
1.1406
1.1394
1.1383
1.1373
1.1362
1.1352
1.1342
1.1332
1.1322
1.1313
1.1304
1.1295
1.1287
1.1278
1.127
1.1262
1.1255
1.1248
1.1241
1.1234
1.1228
1.1222
1.1216
1.121
1.1205
1.12
1.1196
1.1191
1.1187
1.1184
1.118
1.1177
1.1175
1.1172
1.117
1.1168
1.1167
1.1166
1.1165
1.1164
1.1164
1.1164
1.1165
1.1166
1.1167
1.1168
1.117
1.1172
1.1174
1.1177
1.118
1.1184
1.1188
1.1192
1.1196
1.1201
1.1206
1.1211
1.1217
1.1223
1.1229
1.1236
1.1242
1.125
1.1257
1.1265
1.1273
1.1281
1.129
1.1299
1.1308
1.1318
1.1328
1.1338
1.1348
1.1358
1.1369
1.138
1.1391
1.1403
1.1415
1.1426
1.1439
1.1451
1.1463
1.1476
1.1489
1.1502
1.1515
1.1528
1.1542
1.1555
1.1569
1.1583
1.1596
1.161
1.1624
1.1638
1.1653
1.1667
1.1681
1.1695
1.1709
1.1723
1.1738
1.1752
1.1766
1.178
1.1794
1.1808
1.1821
1.1835
1.1848
1.1862
1.1875
1.1888
1.1901
1.1913
1.1926
1.1938
1.195
1.1961
1.1972
1.1983
1.1994
1.2004
1.2014
1.2024
1.2033
1.2042
1.205
1.2058
1.2066
1.2073
1.208
1.2086
1.2091
1.2096
1.2101
1.2105
1.2108
1.2111
1.2113
1.2114
1.2115
1.2115
1.2115
1.2113
1.2112
1.2109
1.2106
1.2101
1.2097
1.2091
1.2085
1.2077
1.2069
1.206
1.2051
1.204
1.2029
1.2016
1.2003
1.1989
1.1974
1.1958
1.1941
1.1924
1.1905
1.1885
1.1865
1.1843
1.1821
1.1797
1.1773
1.1747
1.1721
1.1694
1.1665
1.1636
1.1605
1.1574
1.1542
1.1508
1.1474
1.1439
1.1402
1.1365
1.1327
1.1287
1.1247
1.1206
1.1164
1.1121
1.1077
1.1032
1.0986
1.0939
1.0891
1.0842
1.0793
1.0743
1.0691
1.0639
1.0586
1.0533
1.0478
1.0423
1.0367
1.031
1.0252
1.0194
1.0135
1.0076
1.0016
0.99547
0.98933
0.98313
0.97688
0.97058
0.96422
0.95782
0.95137
0.94488
0.93835
0.93179
0.92519
0.91856
0.9119
0.90521
0.8985
0.89178
0.88503
0.87827
0.8715
0.86472
0.85794
0.85116
0.84437
0.83759
0.83082
0.82405
0.8173
0.81057
0.80385
0.79716
0.79049
0.78384
0.77723
0.77065
0.76411
0.75761
0.75115
0.74473
0.73836
0.73204
0.72578
0.71957
0.71342
0.70732
0.70129
0.69533
0.68943
0.68361
0.67785
0.67217
0.66657
0.66104
0.6556
0.65023
0.64496
0.63977
0.63466
0.62965
0.62473
0.6199
0.61516
0.61052
0.60598
0.60154
0.5972
0.59296
0.58882
0.58479
0.58086
0.57704
0.57332
0.56971
0.56621
0.56282
0.55955
0.55638
0.55332
0.55038
0.54756
0.54484
0.54224
0.53976
0.53739
0.53514
0.53301
0.53099
0.5291
0.52732
0.52566
0.52412
0.5227
0.52139
0.52021
0.51915
0.51822
0.5174
0.51671
0.51613
0.51568
0.51536
0.51515
0.51507
0.51511
0.51528
0.51557
0.51599
0.51653
0.5172
0.51799
0.5189
0.51995
0.52112
0.52241
0.52383
0.52538
0.52706
0.52886
0.53079
0.53284
0.53503
0.53734
0.53978
0.54235
0.54504
0.54787
0.55082
0.5539
0.55711
0.56044
0.5639
0.56749
0.57121
0.57505
0.57902
0.58312
0.58734
0.59169
0.59616
0.60075
0.60547
0.61032
0.61528
0.62036
0.62557
0.63089
0.63634
0.6419
0.64757
0.65336
0.65927
0.66528
0.67141
0.67764
0.68398
0.69043
0.69698
0.70363
0.71038
0.71723
0.72417
0.73121
0.73833
0.74555
0.75285
0.76023
0.76769
0.77523
0.78285
0.79054
0.79829
0.80612
0.814
0.82195
0.82995
0.83801
0.84611
0.85427
0.86247
0.8707
0.87898
0.88729
0.89562
0.90399
0.91238
0.92078
0.92921
0.93764
0.94609
0.95454
0.96299
0.97144
0.97988
0.98832
0.99674
1.0051
1.0135
1.0219
1.0302
1.0386
1.0468
1.0551
1.0633
1.0714
1.0795
1.0876
1.0956
1.1036
1.1115
1.1193
1.1271
1.1348
1.1425
1.1501
1.1576
1.165
1.1723
1.1796
1.1868
1.1939
1.2009
1.2079
1.2147
1.2214
1.2281
1.2347
1.2411
1.2475
1.2538
1.2599
1.266
1.272
1.2778
1.2836
1.2892
1.2948
1.3002
1.3056
1.3108
1.3159
1.3209
1.3258
1.3306
1.3353
1.3399
1.3443
1.3487
1.3529
1.3571
1.3611
1.365
1.3689
1.3726
1.3762
1.3797
1.3831
1.3864
1.3895
1.3926
1.3956
1.3985
1.4013
1.4039
1.4065
1.409
1.4114
1.4137
1.4159
1.418
1.42
1.4219
1.4237
1.4255
1.4271
1.4287
1.4302
1.4316
1.4329
1.4341
1.4353
1.4364
1.4374
1.4383
1.4392
1.44
1.4407
1.4414
1.4419
1.4425
1.4429
1.4433
1.4436
1.4439
1.4441
1.4443
1.4443
1.4444
1.4444
1.4443
1.4442
1.444
1.4438
1.4435
1.4432
1.4428
1.4424
1.442
1.4415
1.441
1.4404
1.4398
1.4392
1.4385
1.4378
1.437
1.4362
1.4354
1.4346
1.4337
1.4328
1.4319
1.4309
1.4299
1.4289
1.4279
1.4268
1.4258
1.4247
1.4235
1.4224
1.4212
1.42
1.4188
1.4176
1.4164
1.4151
1.4138
1.4125
1.4112
1.4099
1.4086
1.4072
1.4059
1.4045
1.4031
1.4017
1.4003
1.3989
1.3974
1.396
1.3946
1.3931
1.3916
1.3902
1.3887
1.3872
1.3857
1.3842
1.3827
1.3812
1.3797
1.3782
1.3766
1.3751
1.3736
1.372
1.3705
1.369
1.3674
1.3659
1.3644
1.3628
1.3613
1.3597
1.3582
1.3567
1.3551
1.3536
1.3521
1.3505
1.349
1.3475
1.346
1.3445
1.343
1.3415
1.34
1.3385
1.337
1.3355
1.3341
1.3326
1.3312
1.3297
1.3283
1.3269
1.3255
1.3241
1.3227
1.3213
1.32
1.3186
1.3173
1.316
1.3147
1.3134
1.3121
1.3108
1.3096
1.3084
1.3072
1.306
1.3048
1.3036
1.3025
1.3013
1.3002
1.2991
1.298
1.297
1.2959
1.2949
1.2939
1.2929
1.2919
1.291
1.2901
1.2891
1.2882
1.2874
1.2865
1.2857
1.2848
1.284
1.2833
1.2825
1.2817
1.281
1.2803
1.2796
1.2789
1.2782
1.2776
1.2769
1.2763
1.2757
1.2751
1.2745
1.2739
1.2733
1.2727
1.2722
1.2716
1.2711
1.2706
1.27
1.2695
1.269
1.2685
1.268
1.2675
1.2669
1.2664
1.2659
1.2654
1.2648
1.2643
1.2637
1.2632
1.2626
1.262
1.2614
1.2608
1.2602
1.2596
1.2589
1.2582
1.2575
1.2568
1.256
1.2552
1.2544
1.2536
1.2527
1.2518
1.2508
1.2498
1.2488
1.2478
1.2467
1.2455
1.2443
1.2431
1.2418
1.2404
1.2391
1.2376
1.2361
1.2346
1.233
1.2313
1.2296
1.2278
1.2259
1.224
1.222
1.22
1.2179
1.2157
1.2134
1.2111
1.2087
1.2063
1.2037
1.2011
1.1984
1.1956
1.1928
1.1899
1.1869
1.1838
1.1806
1.1774
1.174
1.1706
1.1672
1.1636
1.16
1.1562
1.1524
1.1485
1.1446
1.1405
1.1364
1.1322
1.1279
1.1236
1.1191
1.1146
1.11
1.1054
1.1007
1.0959
1.091
1.086
1.081
1.076
1.0708
1.0656
1.0603
1.055
1.0496
1.0442
1.0387
1.0332
1.0276
1.0219
1.0163
1.0105
1.0048
0.99896
0.99312
0.98725
0.98135
0.97542
0.96946
0.96349
0.95749
0.95148
0.94545
0.93942
0.93337
0.92732
0.92127
0.91522
0.90918
0.90314
0.89711
0.89109
0.88509
0.87911
0.87315
0.86722
0.86131
0.85544
0.8496
0.84379
0.83803
0.8323
0.82663
0.821
0.81542
0.8099
0.80443
0.79902
0.79368
0.7884
0.78318
0.77804
0.77296
0.76796
0.76304
0.7582
0.75344
0.74876
0.74416
0.73966
0.73524
0.73092
0.72668
0.72255
0.71851
0.71457
0.71073
0.70699
0.70336
0.69983
0.6964
0.69309
0.68988
0.68679
0.6838
0.68093
0.67817
0.67553
0.673
0.67059
0.6683
0.66613
0.66407
0.66214
0.66032
0.65863
0.65706
0.65561
0.65429
0.65309
0.65201
0.65106
0.65023
0.64953
0.64896
0.64851
0.64818
0.64799
0.64792
0.64797
0.64815
0.64846
0.6489
0.64946
0.65015
0.65097
0.65191
0.65298
0.65417
0.65549
0.65694
0.65851
0.66021
0.66203
0.66397
0.66604
0.66823
0.67054
0.67298
0.67553
0.67821
0.681
0.68391
0.68694
0.69009
0.69335
0.69673
0.70022
0.70382
0.70754
0.71136
0.71529
0.71933
0.72347
0.72772
0.73207
0.73652
0.74107
0.74571
0.75045
0.75528
0.76021
0.76522
0.77032
0.7755
0.78077
0.78612
0.79154
0.79704
0.80261
0.80825
0.81396
0.81973
0.82557
0.83146
0.83741
0.84342
0.84947
0.85557
0.86172
0.86791
0.87413
0.8804
0.88669
0.89301
0.89936
0.90573
0.91212
0.91853
0.92495
0.93138
0.93782
0.94426
0.9507
0.95713
0.96356
0.96998
0.97639
0.98278
0.98916
0.99551
1.0018
1.0081
1.0144
1.0206
1.0268
1.033
1.0391
1.0451
1.0512
1.0571
1.063
1.0689
1.0747
1.0804
1.0861
1.0917
1.0972
1.1027
1.1081
1.1134
1.1187
1.1238
1.1289
1.1339
1.1389
1.1437
1.1485
1.1531
1.1577
1.1622
1.1666
1.1709
1.1751
1.1792
1.1832
1.1871
1.191
1.1947
1.1983
1.2019
1.2053
1.2087
1.2119
1.2151
1.2181
1.221
1.2239
1.2267
1.2293
1.2319
1.2343
1.2367
1.239
1.2411
1.2432
1.2452
1.2471
1.2489
1.2506
1.2522
1.2538
1.2552
1.2566
1.2578
1.259
1.2601
1.2611
1.2621
1.2629
1.2637
1.2644
1.2651
1.2656
1.2661
1.2665
1.2669
1.2672
1.2674
1.2675
1.2676
1.2676
1.2676
1.2675
1.2673
1.2671
1.2669
1.2666
1.2662
1.2658
1.2654
1.2649
1.2643
1.2637
1.2631
1.2625
1.2618
1.261
1.2603
1.2595
1.2586
1.2578
1.2569
1.256
1.255
1.2541
1.2531
1.2521
1.2511
1.25
1.249
1.2479
1.2468
1.2457
1.2446
1.2435
1.2424
1.2412
1.2401
1.2389
1.2378
1.2366
1.2354
1.2343
1.2331
1.2319
1.2308
1.2296
1.2284
1.2272
1.2261
1.2249
1.2238
1.2226
1.2215
1.2203
1.2192
1.2181
1.2169
1.2158
1.2147
1.2136
1.2125
1.2114
1.2103
1.2093
1.2082
1.2072
1.2061
1.2051
1.2041
1.2031
1.2021
1.2011
1.2001
1.1991
1.1981
1.1972
1.1962
1.1953
1.1944
1.1934
1.1925
1.1916
1.1907
1.1898
1.1889
1.1881
1.1872
1.1863
1.1855
1.1846
1.1838
1.1829
1.1821
1.1813
1.1805
1.1796
1.1788
1.178
1.1772
1.1764
1.1756
1.1748
1.174
1.1732
1.1724
1.1716
1.1708
1.17
1.1692
1.1684
1.1676
1.1668
1.166
1.1652
1.1644
1.1636
1.1628
1.162
1.1612
1.1604
1.1596
1.1587
1.1579
1.1571
1.1562
1.1554
1.1545
1.1537
1.1528
1.152
1.1511
1.1502
1.1493
1.1484
1.1476
1.1467
1.1457
1.1448
1.1439
1.143
1.1421
1.1411
1.1402
1.1392
1.1383
1.1373
1.1363
1.1354
1.1344
1.1334
1.1324
1.1314
1.1304
1.1294
1.1284
1.1274
1.1264
1.1254
1.1243
1.1233
1.1223
1.1212
1.1202
1.1192
1.1181
1.1171
1.1161
1.115
1.114
1.1129
1.1119
1.1109
1.1098
1.1088
1.1078
1.1068
1.1057
1.1047
1.1037
1.1027
1.1017
1.1007
1.0997
1.0987
1.0978
1.0968
1.0958
1.0949
1.0939
1.093
1.0921
1.0912
1.0903
1.0894
1.0886
1.0877
1.0869
1.0861
1.0852
1.0845
1.0837
1.0829
1.0822
1.0814
1.0807
1.0801
1.0794
1.0787
1.0781
1.0775
1.0769
1.0763
1.0758
1.0753
1.0748
1.0743
1.0738
1.0734
1.073
1.0726
1.0722
1.0719
1.0716
1.0713
1.071
1.0708
1.0706
1.0704
1.0702
1.0701
1.07
1.0699
1.0698
1.0698
1.0697
1.0698
1.0698
1.0698
1.0699
1.07
1.0702
1.0703
1.0705
1.0707
1.0709
1.0711
1.0714
1.0717
1.072
1.0723
1.0726
1.073
1.0734
1.0737
1.0742
1.0746
1.075
1.0755
1.0759
1.0764
1.0769
1.0774
1.0779
1.0784
1.0789
1.0795
1.08
1.0805
1.0811
1.0816
1.0822
1.0827
1.0832
1.0838
1.0843
1.0848
1.0853
1.0858
1.0863
1.0868
1.0873
1.0877
1.0882
1.0886
1.089
1.0894
1.0898
1.0901
1.0904
1.0907
1.0909
1.0912
1.0914
1.0915
1.0917
1.0917
1.0918
1.0918
1.0918
1.0917
1.0916
1.0914
1.0912
1.091
1.0907
1.0903
1.0899
1.0894
1.0889
1.0883
1.0877
1.087
1.0863
1.0855
1.0846
1.0836
1.0826
1.0815
1.0804
1.0792
1.0779
1.0765
1.0751
1.0736
1.0721
1.0704
1.0687
1.0669
1.065
1.0631
1.0611
1.059
1.0568
1.0546
1.0522
1.0498
1.0474
1.0448
1.0422
1.0394
1.0367
1.0338
1.0309
1.0278
1.0247
1.0216
1.0183
1.015
1.0116
1.0082
1.0047
1.0011
0.99739
0.99366
0.98986
0.986
0.98207
0.97808
0.97403
0.96992
0.96575
0.96153
0.95725
0.95292
0.94854
0.94411
0.93963
0.9351
0.93054
0.92593
0.92128
0.91659
0.91187
0.90712
0.90234
0.89752
0.89268
0.88782
0.88293
0.87803
0.87311
0.86817
0.86322
0.85826
0.85329
0.84831
0.84333
0.83836
0.83338
0.8284
0.82344
0.81848
0.81353
0.80859
0.80367
0.79877
0.79388
0.78902
0.78418
0.77937
0.77459
0.76983
0.76511
0.76042
0.75577
0.75116
0.74658
0.74205
0.73756
0.73312
0.72872
0.72437
0.72007
0.71583
0.71163
0.70749
0.70341
0.69938
0.69541
0.6915
0.68765
0.68386
0.68014
0.67648
0.67288
0.66935
0.66589
0.66249
0.65916
0.6559
0.6527
0.64958
0.64653
0.64354
0.64063
0.63779
0.63502
0.63233
0.6297
0.62715
0.62467
0.62226
0.61992
0.61766
0.61547
0.61335
0.6113
0.60933
0.60743
0.6056
0.60384
0.60215
0.60053
0.59898
0.5975
0.59609
0.59475
0.59348
0.59228
0.59114
0.59008
0.58907
0.58814
0.58727
0.58646
0.58572
0.58504
0.58442
0.58387
0.58337
0.58294
0.58257
0.58225
0.58199
0.58179
0.58165
0.58156
0.58153
0.58155
0.58163
0.58176
0.58194
0.58217
0.58245
0.58278
0.58316
0.58358
0.58406
0.58458
0.58514
0.58575
0.5864
0.5871
0.58784
0.58862
0.58944
0.5903
0.5912
0.59214
0.59311
0.59413
0.59518
0.59626
0.59739
0.59854
0.59973
0.60096
0.60222
0.60351
0.60483
0.60618
0.60757
0.60898
0.61043
0.61191
0.61342
0.61495
0.61652
0.61811
0.61974
0.62139
0.62307
0.62478
0.62652
0.62828
0.63008
0.6319
0.63375
0.63563
0.63754
0.63948
0.64144
0.64344
0.64546
0.64751
0.6496
0.65171
0.65385
0.65602
0.65823
0.66046
0.66273
0.66503
0.66736
0.66972
0.67212
0.67455
0.67702
0.67952
0.68206
0.68463
0.68724
0.68989
0.69257
0.69529
0.69806
0.70086
0.7037
0.70658
0.70951
0.71248
0.71549
0.71854
0.72164
0.72478
0.72796
0.7312
0.73447
0.7378
0.74117
0.74459
0.74806
0.75158
0.75514
0.75875
0.76242
0.76613
0.7699
0.77371
0.77758
0.78149
0.78546
0.78948
0.79355
0.79767
0.80184
0.80606
0.81033
0.81465
0.81903
0.82345
0.82792
0.83244
0.83701
0.84163
0.84629
0.851
0.85576
0.86056
0.86541
0.8703
0.87523
0.8802
0.88521
0.89026
0.89535
0.90047
0.90562
0.91081
0.91603
0.92128
0.92656
0.93187
0.93719
0.94254
0.94791
0.9533
0.95871
0.96412
0.96955
0.97499
0.98043
0.98588
0.99134
0.99679
1.0022
1.0077
1.0131
1.0185
1.0239
1.0293
1.0347
1.04
1.0454
1.0507
1.0559
1.0612
1.0664
1.0715
1.0766
1.0817
1.0867
1.0917
1.0966
1.1014
1.1062
1.1109
1.1156
1.1202
1.1247
1.1292
1.1335
1.1378
1.142
1.1462
1.1502
1.1541
1.158
1.1617
1.1654
1.1689
1.1724
1.1757
1.179
1.1821
1.1851
1.1881
1.1909
1.1935
1.1961
1.1986
1.2009
1.2031
1.2052
1.2072
1.209
1.2107
1.2123
1.2138
1.2152
1.2164
1.2175
1.2185
1.2193
1.22
1.2206
1.2211
1.2215
1.2217
1.2218
1.2218
1.2216
1.2214
1.221
1.2205
1.2199
1.2192
1.2184
1.2174
1.2164
1.2152
1.214
1.2126
1.2111
1.2096
1.2079
1.2062
1.2044
1.2025
1.2005
1.1984
1.1962
1.194
1.1917
1.1894
1.1869
1.1845
1.1819
1.1793
1.1767
1.174
1.1713
1.1685
1.1657
1.1628
1.16
1.1571
1.1542
1.1513
1.1483
1.1454
1.1424
1.1395
1.1365
1.1336
1.1307
1.1278
1.1249
1.122
1.1192
1.1163
1.1135
1.1108
1.1081
1.1054
1.1028
1.1002
1.0977
1.0953
1.0929
1.0905
1.0883
1.0861
1.0839
1.0819
1.0799
1.078
1.0762
1.0745
1.0728
1.0713
1.0698
1.0685
1.0672
1.0661
1.065
1.064
1.0632
1.0624
1.0618
1.0613
1.0608
1.0605
1.0603
1.0602
1.0603
1.0604
1.0607
1.0611
1.0616
1.0622
1.0629
1.0638
1.0647
1.0658
1.067
1.0684
1.0698
1.0714
1.073
1.0748
1.0767
1.0787
1.0809
1.0831
1.0855
1.0879
1.0905
1.0932
1.096
1.0989
1.1019
1.1049
1.1081
1.1114
1.1148
1.1182
1.1218
1.1254
1.1291
1.1329
1.1368
1.1407
1.1448
1.1488
1.153
1.1572
1.1615
1.1658
1.1701
1.1745
1.179
1.1835
1.188
1.1925
1.1971
1.2017
1.2063
1.211
1.2156
1.2203
1.2249
1.2295
1.2342
1.2388
1.2434
1.248
1.2525
1.2571
1.2615
1.266
1.2704
1.2748
1.2791
1.2833
1.2875
1.2916
1.2956
1.2996
1.3035
1.3073
1.311
1.3146
1.3182
1.3216
1.3249
1.3281
1.3312
1.3342
1.3371
1.3398
1.3424
1.3449
1.3473
1.3495
1.3516
1.3535
1.3553
1.357
1.3585
1.3598
1.361
1.362
1.3629
1.3636
1.3642
1.3646
1.3648
1.3649
1.3648
1.3645
1.364
1.3634
1.3626
1.3617
1.3605
1.3592
1.3578
1.3561
1.3543
1.3523
1.3502
1.3478
1.3453
1.3427
1.3399
1.3369
1.3337
1.3304
1.3269
1.3233
1.3195
1.3156
1.3115
1.3072
1.3028
1.2983
1.2937
1.2888
1.2839
1.2788
1.2736
1.2683
1.2629
1.2573
1.2516
1.2459
1.24
1.234
1.2279
1.2217
1.2155
1.2091
1.2027
1.1962
1.1896
1.1829
1.1762
1.1695
1.1626
1.1558
1.1489
1.1419
1.1349
1.1279
1.1209
1.1138
1.1067
1.0996
1.0925
1.0854
1.0783
1.0713
1.0642
1.0571
1.0501
1.0431
1.0361
1.0291
1.0222
1.0153
1.0085
1.0017
0.99501
0.98835
0.98175
0.97521
0.96874
0.96235
0.95603
0.94978
0.94363
0.93755
0.93157
0.92568
0.91988
0.91418
0.90858
0.90308
0.89768
0.89239
0.88722
0.88215
0.8772
0.87236
0.86764
0.86304
0.85856
0.8542
0.84997
0.84586
0.84188
0.83803
0.8343
0.83071
0.82724
0.82391
0.82071
0.81764
0.81471
0.81191
0.80924
0.80671
0.80431
0.80205
0.79993
0.79794
0.79609
0.79437
0.79279
0.79134
0.79003
0.78885
0.78781
0.7869
0.78612
0.78548
0.78497
0.78459
0.78434
0.78422
0.78423
0.78437
0.78463
0.78502
0.78554
0.78618
0.78694
0.78783
0.78883
0.78996
0.7912
0.79255
0.79402
0.7956
0.7973
0.7991
0.80101
0.80303
0.80515
0.80737
0.80969
0.81211
0.81463
0.81723
0.81993
0.82272
0.8256
0.82856
0.8316
0.83472
0.83792
0.84119
0.84453
0.84794
0.85142
0.85496
0.85856
0.86221
0.86592
0.86968
0.87349
0.87735
0.88125
0.88518
0.88915
0.89316
0.89719
0.90125
0.90533
0.90943
0.91354
0.91767
0.92181
0.92595
0.93009
0.93423
0.93837
0.9425
0.94662
0.95072
0.95481
0.95887
0.96291
0.96692
0.97089
0.97483
0.97874
0.9826
0.98642
0.99019
0.9939
0.99757
1.0012
1.0047
1.0082
1.0116
1.015
1.0182
1.0214
1.0246
1.0276
1.0306
1.0335
1.0363
1.039
1.0416
1.0441
1.0465
1.0489
1.0511
1.0532
1.0553
1.0572
1.059
1.0607
1.0624
1.0639
1.0653
1.0665
1.0677
1.0688
1.0698
1.0706
1.0713
1.072
1.0725
1.0729
1.0731
1.0733
1.0734
1.0733
1.0732
1.0729
1.0725
1.0721
1.0715
1.0708
1.07
1.0691
1.0681
1.067
1.0658
1.0645
1.0631
1.0616
1.0601
1.0584
1.0567
1.0548
1.0529
1.0509
1.0489
1.0467
1.0445
1.0423
1.0399
1.0375
1.0351
1.0325
1.03
1.0274
1.0247
1.022
1.0192
1.0164
1.0136
1.0108
1.0079
1.005
1.0021
0.99916
0.99622
0.99327
0.99031
0.98735
0.98439
0.98143
0.97849
0.97556
0.97264
0.96975
0.96687
0.96403
0.96121
0.95843
0.95569
0.95298
0.95032
0.94771
0.94515
0.94264
0.94019
0.93781
0.93548
0.93322
0.93104
0.92892
0.92689
0.92493
0.92305
0.92126
0.91956
0.91795
0.91644
0.91501
0.91369
0.91247
0.91136
0.91035
0.90945
0.90866
0.90799
0.90743
0.90699
0.90667
0.90647
0.9064
0.90645
0.90663
0.90694
0.90738
0.90796
0.90866
0.90951
0.91049
0.91162
0.91288
0.91428
0.91583
0.91752
0.91936
0.92134
0.92346
0.92574
0.92816
0.93074
0.93346
0.93633
0.93935
0.94252
0.94584
0.94932
0.95294
0.95671
0.96064
0.96471
0.96894
0.97331
0.97783
0.9825
0.98732
0.99228
0.99738
1.0026
1.008
1.0136
1.0192
1.0251
1.031
1.0371
1.0433
1.0497
1.0561
1.0627
1.0695
1.0763
1.0833
1.0904
1.0976
1.1049
1.1123
1.1198
1.1274
1.1351
1.1429
1.1508
1.1588
1.1669
1.175
1.1832
1.1915
1.1999
1.2083
1.2167
1.2253
1.2338
1.2424
1.2511
1.2598
1.2685
1.2772
1.2859
1.2947
1.3035
1.3122
1.321
1.3298
1.3385
1.3472
1.3559
1.3646
1.3732
1.3818
1.3904
1.3989
1.4073
1.4157
1.424
1.4323
1.4405
1.4486
1.4566
1.4645
1.4723
1.48
1.4876
1.4951
1.5025
1.5098
1.5169
1.5239
1.5308
1.5375
1.5441
1.5506
1.5569
1.563
1.569
1.5749
1.5805
1.586
1.5914
1.5965
1.6015
1.6063
1.6109
1.6154
1.6196
1.6237
1.6276
1.6312
1.6347
1.638
1.6411
1.644
1.6467
1.6492
1.6515
1.6536
1.6554
1.6571
1.6586
1.6599
1.6609
1.6618
1.6625
1.6629
1.6632
1.6632
1.6631
1.6627
1.6622
1.6614
1.6605
1.6594
1.658
1.6565
1.6548
1.6529
1.6509
1.6486
1.6462
1.6436
1.6408
1.6379
1.6348
1.6315
1.628
1.6244
1.6207
1.6168
1.6127
1.6086
1.6042
1.5998
1.5952
1.5905
1.5856
1.5807
1.5756
1.5704
1.5651
1.5597
1.5542
1.5486
1.5429
1.5372
1.5314
1.5254
1.5195
1.5134
1.5073
1.5011
1.4949
1.4887
1.4823
1.476
1.4696
1.4632
1.4568
1.4503
1.4439
1.4374
1.4309
1.4244
1.4179
1.4114
1.4049
1.3985
1.392
1.3856
1.3792
1.3728
1.3665
1.3602
1.3539
1.3477
1.3415
1.3354
1.3294
1.3233
1.3174
1.3115
1.3057
1.2999
1.2942
1.2886
1.2831
1.2776
1.2722
1.2669
1.2617
1.2566
1.2515
1.2466
1.2417
1.2369
1.2323
1.2277
1.2232
1.2188
1.2145
1.2103
1.2062
1.2022
1.1983
1.1946
1.1909
1.1873
1.1838
1.1804
1.1771
1.174
1.1709
1.1679
1.1651
1.1623
1.1596
1.1571
1.1546
1.1523
1.15
1.1478
1.1457
1.1438
1.1419
1.1401
1.1384
1.1368
1.1353
1.1339
1.1325
1.1313
1.1301
1.129
1.128
1.1271
1.1262
1.1255
1.1248
1.1241
1.1236
1.1231
1.1226
1.1223
1.1219
1.1217
1.1215
1.1214
1.1213
1.1213
1.1213
1.1214
1.1215
1.1217
1.1219
1.1222
1.1225
1.1228
1.1232
1.1236
1.124
1.1245
1.125
1.1255
1.126
1.1265
1.1271
1.1277
1.1282
1.1288
1.1294
1.13
1.1307
1.1313
1.1319
1.1325
1.1331
1.1337
1.1343
1.1349
1.1354
1.136
1.1365
1.137
1.1375
1.138
1.1385
1.1389
1.1393
1.1397
1.1401
1.1404
1.1407
1.141
1.1413
1.1415
1.1417
1.1418
1.1419
1.142
1.142
1.1421
1.142
1.142
1.1419
1.1418
1.1416
1.1414
1.1411
1.1409
1.1406
1.1402
1.1398
1.1394
1.139
1.1385
1.1379
1.1374
1.1368
1.1362
1.1355
1.1349
1.1341
1.1334
1.1326
1.1319
1.131
1.1302
1.1293
1.1285
1.1276
1.1266
1.1257
1.1247
1.1238
1.1228
1.1218
1.1208
1.1197
1.1187
1.1177
1.1166
1.1156
1.1146
1.1135
1.1125
1.1114
1.1104
1.1094
1.1083
1.1073
1.1063
1.1053
1.1043
1.1034
1.1024
1.1015
1.1006
1.0997
1.0988
1.098
1.0971
1.0964
1.0956
1.0948
1.0941
1.0935
1.0928
1.0922
1.0916
1.0911
1.0906
1.0901
1.0897
1.0893
1.0889
1.0886
1.0884
1.0881
1.0879
1.0878
1.0877
1.0877
1.0877
1.0877
1.0878
1.0879
1.0881
1.0883
1.0886
1.0889
1.0893
1.0897
1.0902
1.0907
1.0912
1.0918
1.0925
1.0932
1.0939
1.0947
1.0955
1.0964
1.0973
1.0983
1.0993
1.1003
1.1014
1.1025
1.1037
1.1049
1.1061
1.1074
1.1087
1.11
1.1114
1.1128
1.1142
1.1157
1.1172
1.1187
1.1202
1.1218
1.1234
1.125
1.1266
1.1282
1.1299
1.1315
1.1332
1.1349
1.1366
1.1383
1.14
1.1417
1.1435
1.1452
1.1469
1.1486
1.1503
1.152
1.1537
1.1553
1.157
1.1587
1.1603
1.1619
1.1635
1.1651
1.1666
1.1681
1.1696
1.1711
1.1725
1.1739
1.1753
1.1766
1.1779
1.1792
1.1804
1.1815
1.1827
1.1837
1.1848
1.1858
1.1867
1.1876
1.1884
1.1892
1.1899
1.1906
1.1912
1.1917
1.1922
1.1926
1.193
1.1933
1.1935
1.1937
1.1938
1.1939
1.1939
1.1938
1.1936
1.1934
1.1931
1.1927
1.1923
1.1918
1.1913
1.1906
1.1899
1.1892
1.1883
1.1874
1.1864
1.1854
1.1843
1.1831
1.1819
1.1805
1.1792
1.1777
1.1762
1.1746
1.173
1.1713
1.1695
1.1677
1.1658
1.1639
1.1619
1.1599
1.1578
1.1556
1.1534
1.1511
1.1488
1.1464
1.144
1.1416
1.1391
1.1365
1.134
1.1313
1.1287
1.126
1.1232
1.1205
1.1177
1.1149
1.112
1.1091
1.1062
1.1033
1.1004
1.0974
1.0944
1.0914
1.0884
1.0854
1.0823
1.0793
1.0762
1.0732
1.0701
1.067
1.064
1.0609
1.0578
1.0548
1.0517
1.0487
1.0456
1.0426
1.0396
1.0366
1.0336
1.0306
1.0277
1.0247
1.0218
1.0189
1.0161
1.0132
1.0104
1.0076
1.0048
1.0021
0.99937
0.99669
0.99405
0.99143
0.98885
0.9863
0.98378
0.9813
0.97886
0.97645
0.97408
0.97175
0.96946
0.9672
0.96499
0.96281
0.96068
0.95858
0.95653
0.95452
0.95255
0.95062
0.94873
0.94688
0.94508
0.94331
0.94159
0.93991
0.93828
0.93668
0.93513
0.93362
0.93214
0.93071
0.92933
0.92798
0.92667
0.9254
0.92417
0.92299
0.92184
0.92073
0.91965
0.91862
0.91762
0.91666
0.91574
0.91485
0.914
0.91318
0.9124
0.91166
0.91094
0.91026
0.90961
0.909
0.90841
0.90786
0.90734
0.90685
0.90639
0.90595
0.90555
0.90517
0.90482
0.9045
0.90421
0.90394
0.90369
0.90348
0.90328
0.90312
0.90297
0.90285
0.90276
0.90268
0.90263
0.9026
0.9026
0.90262
0.90265
0.90271
0.90279
0.9029
0.90302
0.90317
0.90333
0.90352
0.90372
0.90395
0.9042
0.90447
0.90476
0.90507
0.9054
0.90575
0.90613
0.90652
0.90694
0.90738
0.90784
0.90832
0.90883
0.90936
0.90991
0.91048
0.91108
0.91171
0.91235
0.91303
0.91372
0.91445
0.9152
0.91597
0.91678
0.91761
0.91847
0.91936
0.92028
0.92122
0.9222
0.92321
0.92425
0.92532
0.92643
0.92757
0.92874
0.92994
0.93118
0.93246
0.93377
0.93511
0.9365
0.93792
0.93937
0.94087
0.9424
0.94398
0.94559
0.94724
0.94894
0.95067
0.95244
0.95426
0.95611
0.95801
0.95995
0.96193
0.96396
0.96602
0.96813
0.97028
0.97248
0.97472
0.97699
0.97932
0.98168
0.98409
0.98654
0.98903
0.99156
0.99414
0.99675
0.99941
1.0021
1.0048
1.0076
1.0104
1.0133
1.0161
1.0191
1.022
1.025
1.028
1.0311
1.0342
1.0373
1.0405
1.0437
1.0469
1.0502
1.0534
1.0568
1.0601
1.0635
1.0669
1.0703
1.0737
1.0772
1.0807
1.0842
1.0877
1.0913
1.0948
1.0984
1.102
1.1056
1.1092
1.1128
1.1164
1.12
1.1237
1.1273
1.1309
1.1345
1.1382
1.1418
1.1454
1.149
1.1526
1.1562
1.1598
1.1633
1.1669
1.1704
1.1739
1.1774
1.1808
1.1842
1.1876
1.191
1.1944
1.1977
1.2009
1.2042
1.2074
1.2105
1.2137
1.2168
1.2198
1.2228
1.2257
1.2286
1.2315
1.2343
1.237
1.2397
1.2423
1.2449
1.2474
1.2499
1.2523
1.2547
1.2569
1.2592
1.2613
1.2634
1.2654
1.2674
1.2693
1.2711
1.2729
1.2746
1.2762
1.2777
1.2792
1.2806
1.282
1.2832
1.2844
1.2855
1.2866
1.2876
1.2885
1.2893
1.2901
1.2908
1.2914
1.292
1.2925
1.2929
1.2932
1.2935
1.2937
1.2939
1.2939
1.2939
1.2939
1.2938
1.2936
1.2933
1.293
1.2926
1.2922
1.2917
1.2912
1.2905
1.2899
1.2892
1.2884
1.2876
1.2867
1.2857
1.2848
1.2837
1.2827
1.2816
1.2804
1.2792
1.2779
1.2767
1.2753
1.274
1.2726
1.2711
1.2697
1.2682
1.2666
1.2651
1.2635
1.2619
1.2603
1.2586
1.2569
1.2552
1.2535
1.2518
1.25
1.2482
1.2464
1.2446
1.2428
1.241
1.2392
1.2373
1.2355
1.2336
1.2317
1.2299
1.228
1.2261
1.2242
1.2224
1.2205
1.2186
1.2167
1.2148
1.213
1.2111
1.2092
1.2074
1.2055
1.2037
1.2018
1.2
1.1982
1.1963
1.1945
1.1927
1.1909
1.1891
1.1873
1.1856
1.1838
1.1821
1.1803
1.1786
1.1769
1.1751
1.1734
1.1718
1.1701
1.1684
1.1667
1.1651
1.1634
1.1618
1.1602
1.1586
1.157
1.1554
1.1538
1.1522
1.1506
1.1491
1.1475
1.146
1.1444
1.1429
1.1414
1.1399
1.1383
1.1368
1.1353
1.1338
1.1323
1.1308
1.1294
1.1279
1.1264
1.1249
1.1234
1.122
1.1205
1.119
1.1176
1.1161
1.1146
1.1132
1.1117
1.1102
1.1088
1.1073
1.1059
1.1044
1.1029
1.1015
1.1
1.0986
1.0971
1.0956
1.0942
1.0927
1.0912
1.0898
1.0883
1.0869
1.0854
1.0839
1.0825
1.081
1.0795
1.0781
1.0766
1.0752
1.0737
1.0723
1.0708
1.0694
1.0679
1.0665
1.065
1.0636
1.0622
1.0607
1.0593
1.0579
1.0565
1.0551
1.0537
1.0523
1.0509
1.0496
1.0482
1.0468
1.0455
1.0442
1.0428
1.0415
1.0402
1.039
1.0377
1.0364
1.0352
1.0339
1.0327
1.0315
1.0303
1.0292
1.028
1.0269
1.0257
1.0246
1.0235
1.0225
1.0214
1.0204
1.0194
1.0184
1.0174
1.0164
1.0155
1.0146
1.0137
1.0128
1.0119
1.0111
1.0103
1.0095
1.0087
1.0079
1.0072
1.0064
1.0057
1.005
1.0044
1.0037
1.0031
1.0025
1.0019
1.0013
1.0007
1.0001
0.99959
0.99907
0.99855
0.99805
0.99755
0.99707
0.9966
0.99614
0.99569
0.99524
0.99481
0.99438
0.99395
0.99353
0.99311
0.99269
0.99227
0.99186
0.99144
0.99102
0.99059
0.99017
0.98973
0.98929
0.98884
0.98838
0.98791
0.98743
0.98693
0.98642
0.98589
0.98535
0.98479
0.98421
0.9836
0.98298
0.98233
0.98166
0.98096
0.98023
0.97947
0.97869
0.97787
0.97703
0.97614
0.97523
0.97428
0.97329
0.97227
0.9712
0.9701
0.96895
0.96777
0.96654
0.96527
0.96396
0.9626
0.96119
0.95974
0.95824
0.9567
0.95511
0.95347
0.95178
0.95004
0.94825
0.94642
0.94454
0.9426
0.94062
0.93859
0.9365
0.93437
0.93219
0.92996
0.92769
0.92536
0.92299
0.92057
0.91811
0.9156
0.91305
0.91045
0.90781
0.90513
0.90241
0.89965
0.89685
0.89401
0.89114
0.88823
0.8853
0.88233
0.87933
0.8763
0.87325
0.87017
0.86707
0.86394
0.8608
0.85765
0.85447
0.85129
0.84809
0.84488
0.84167
0.83845
0.83523
0.83201
0.8288
0.82558
0.82238
0.81918
0.816
0.81282
0.80967
0.80653
0.80342
0.80033
0.79726
0.79423
0.79122
0.78825
0.78531
0.78241
0.77956
0.77674
0.77397
0.77125
0.76858
0.76596
0.7634
0.7609
0.75845
0.75607
0.75374
0.75149
0.7493
0.74719
0.74515
0.74318
0.74129
0.73948
0.73775
0.7361
0.73453
0.73306
0.73167
0.73037
0.72916
0.72805
0.72703
0.72611
0.72529
0.72457
0.72395
0.72343
0.72302
0.72272
0.72252
0.72243
0.72245
0.72258
0.72282
0.72317
0.72365
0.72423
0.72493
0.72575
0.72669
0.72774
0.72892
0.73022
0.73163
0.73317
0.73483
0.73662
0.73852
0.74055
0.7427
0.74498
0.74738
0.74991
0.75255
0.75533
0.75823
0.76125
0.76439
0.76766
0.77105
0.77456
0.7782
0.78196
0.78583
0.78983
0.79395
0.79818
0.80253
0.807
0.81158
0.81627
0.82108
0.82599
0.83102
0.83615
0.84139
0.84673
0.85217
0.85772
0.86336
0.86909
0.87492
0.88084
0.88684
0.89293
0.8991
0.90536
0.91169
0.91809
0.92457
0.93111
0.93771
0.94438
0.95111
0.95789
0.96472
0.9716
0.97852
0.98548
0.99248
0.99951
1.0066
1.0137
1.0208
1.0279
1.035
1.0422
1.0493
1.0565
1.0636
1.0707
1.0779
1.085
1.0921
1.0991
1.1062
1.1132
1.1202
1.1271
1.134
1.1408
1.1476
1.1543
1.161
1.1676
1.1741
1.1806
1.187
1.1933
1.1995
1.2056
1.2117
1.2176
1.2235
1.2292
1.2349
1.2404
1.2459
1.2512
1.2564
1.2615
1.2665
1.2713
1.276
1.2806
1.2851
1.2894
1.2936
1.2977
1.3017
1.3054
1.3091
1.3126
1.316
1.3192
1.3223
1.3252
1.328
1.3307
1.3332
1.3355
1.3377
1.3397
1.3416
1.3434
1.345
1.3464
1.3477
1.3489
1.3499
1.3508
1.3515
1.352
1.3525
1.3527
1.3529
1.3528
1.3527
1.3524
1.352
1.3514
1.3507
1.3499
1.3489
1.3478
1.3466
1.3452
1.3438
1.3422
1.3405
1.3386
1.3367
1.3346
1.3325
1.3302
1.3278
1.3253
1.3227
1.32
1.3173
1.3144
1.3114
1.3084
1.3053
1.302
1.2987
1.2954
1.2919
1.2884
1.2848
1.2812
1.2775
1.2737
1.2699
1.266
1.2621
1.2581
1.2541
1.25
1.2459
1.2418
1.2376
1.2334
1.2292
1.2249
1.2207
1.2164
1.212
1.2077
1.2033
1.199
1.1946
1.1902
1.1859
1.1815
1.1771
1.1727
1.1684
1.164
1.1597
1.1553
1.151
1.1467
1.1424
1.1381
1.1339
1.1296
1.1254
1.1212
1.1171
1.113
1.1089
1.1048
1.1008
1.0968
1.0929
1.0889
1.0851
1.0812
1.0774
1.0737
1.07
1.0663
1.0627
1.0591
1.0556
1.0521
1.0487
1.0453
1.0419
1.0386
1.0354
1.0322
1.0291
1.026
1.023
1.02
1.0171
1.0142
1.0114
1.0086
1.0059
1.0032
1.0006
0.99807
0.99557
0.99313
0.99074
0.9884
0.98612
0.98389
0.98171
0.97959
0.97752
0.9755
0.97354
0.97163
0.96977
0.96796
0.96621
0.9645
0.96285
0.96125
0.9597
0.9582
0.95675
0.95535
0.954
0.95269
0.95144
0.95023
0.94907
0.94795
0.94689
0.94587
0.94489
0.94396
0.94307
0.94223
0.94143
0.94068
0.93996
0.93929
0.93867
0.93808
0.93753
0.93703
0.93656
0.93613
0.93574
0.93539
0.93508
0.9348
0.93456
0.93436
0.93419
0.93406
