1.1067
1.1065
1.1063
1.1061
1.1059
1.1056
1.1054
1.1051
1.1048
1.1045
1.1042
1.1038
1.1035
1.1031
1.1027
1.1023
1.1019
1.1015
1.101
1.1006
1.1001
1.0996
1.0991
1.0986
1.098
1.0975
1.0969
1.0963
1.0957
1.0951
1.0945
1.0938
1.0932
1.0925
1.0918
1.0911
1.0904
1.0897
1.0889
1.0882
1.0874
1.0866
1.0858
1.085
1.0842
1.0834
1.0825
1.0817
1.0808
1.0799
1.079
1.0781
1.0772
1.0762
1.0753
1.0743
1.0734
1.0724
1.0714
1.0704
1.0694
1.0683
1.0673
1.0663
1.0652
1.0641
1.0631
1.062
1.0609
1.0598
1.0587
1.0576
1.0564
1.0553
1.0541
1.053
1.0518
1.0507
1.0495
1.0483
1.0471
1.0459
1.0447
1.0435
1.0423
1.0411
1.0398
1.0386
1.0374
1.0361
1.0349
1.0336
1.0324
1.0311
1.0298
1.0286
1.0273
1.026
1.0247
1.0235
1.0222
1.0209
1.0196
1.0183
1.017
1.0157
1.0144
1.0132
1.0119
1.0106
1.0093
1.008
1.0067
1.0054
1.0041
1.0028
1.0015
1.0002
0.99894
0.99766
0.99637
0.99509
0.99382
0.99254
0.99127
0.99001
0.98874
0.98748
0.98623
0.98497
0.98373
0.98249
0.98125
0.98002
0.97879
0.97757
0.97636
0.97515
0.97395
0.97275
0.97157
0.97039
0.96921
0.96805
0.96689
0.96574
0.9646
0.96346
0.96234
0.96122
0.96012
0.95902
0.95793
0.95685
0.95578
0.95472
0.95368
0.95264
0.95161
0.9506
0.94959
0.9486
0.94762
0.94665
0.94569
0.94474
0.94381
0.94289
0.94198
0.94108
0.9402
0.93933
0.93847
0.93763
0.9368
0.93599
0.93519
0.9344
0.93363
0.93287
0.93213
0.9314
0.93069
0.92999
0.92931
0.92864
0.92799
0.92736
0.92674
0.92613
0.92555
0.92498
0.92442
0.92389
0.92337
0.92287
0.92238
0.92191
0.92146
0.92103
0.92062
0.92022
0.91984
0.91948
0.91914
0.91881
0.91851
0.91822
0.91795
0.9177
0.91747
0.91726
0.91707
0.91689
0.91674
0.91661
0.91649
0.9164
0.91632
0.91627
0.91623
0.91622
0.91622
0.91625
0.91629
0.91636
0.91644
0.91655
0.91668
0.91683
0.917
0.91719
0.9174
0.91763
0.91788
0.91816
0.91845
0.91877
0.91911
0.91947
0.91985
0.92025
0.92068
0.92112
0.92159
0.92208
0.92259
0.92312
0.92368
0.92426
0.92485
0.92548
0.92612
0.92678
0.92747
0.92818
0.92891
0.92966
0.93044
0.93123
0.93205
0.93289
0.93376
0.93464
0.93555
0.93648
0.93743
0.93841
0.93941
0.94042
0.94147
0.94253
0.94361
0.94472
0.94585
0.947
0.94818
0.94937
0.95059
0.95183
0.95309
0.95438
0.95568
0.95701
0.95836
0.95973
0.96112
0.96254
0.96397
0.96543
0.96691
0.96841
0.96993
0.97148
0.97304
0.97463
0.97623
0.97786
0.97951
0.98118
0.98287
0.98458
0.98631
0.98806
0.98983
0.99163
0.99344
0.99527
0.99712
0.999
1.0009
1.0028
1.0047
1.0067
1.0087
1.0106
1.0126
1.0147
1.0167
1.0188
1.0209
1.023
1.0251
1.0272
1.0294
1.0315
1.0337
1.0359
1.0382
1.0404
1.0427
1.0449
1.0472
1.0495
1.0518
1.0542
1.0565
1.0589
1.0613
1.0637
1.0661
1.0685
1.071
1.0734
1.0759
1.0784
1.0809
1.0834
1.0859
1.0884
1.091
1.0935
1.0961
1.0987
1.1013
1.1039
1.1065
1.1091
1.1117
1.1144
1.117
1.1197
1.1224
1.1251
1.1278
1.1304
1.1332
1.1359
1.1386
1.1413
1.1441
1.1468
1.1495
1.1523
1.155
1.1578
1.1606
1.1634
1.1661
1.1689
1.1717
1.1745
1.1773
1.1801
1.1828
1.1856
1.1884
1.1912
1.194
1.1968
1.1996
1.2024
1.2052
1.208
1.2108
1.2136
1.2164
1.2192
1.222
1.2247
1.2275
1.2303
1.233
1.2358
1.2386
1.2413
1.2441
1.2468
1.2495
1.2522
1.255
1.2577
1.2604
1.2631
1.2657
1.2684
1.2711
1.2737
1.2764
1.279
1.2816
1.2842
1.2868
1.2894
1.292
1.2945
1.2971
1.2996
1.3021
1.3046
1.3071
1.3095
1.312
1.3144
1.3168
1.3192
1.3216
1.324
1.3263
1.3286
1.3309
1.3332
1.3355
1.3377
1.34
1.3422
1.3444
1.3465
1.3487
1.3508
1.3529
1.3549
1.357
1.359
1.361
1.363
1.3649
1.3669
1.3688
1.3706
1.3725
1.3743
1.3761
1.3779
1.3796
1.3813
1.383
1.3847
1.3863
1.3879
1.3895
1.391
1.3925
1.394
1.3955
1.3969
1.3983
1.3996
1.401
1.4023
1.4035
1.4048
1.406
1.4072
1.4083
1.4094
1.4105
1.4115
1.4125
1.4135
1.4144
1.4153
1.4162
1.4171
1.4179
1.4186
1.4194
1.4201
1.4207
1.4214
1.422
1.4225
1.423
1.4235
1.424
1.4244
1.4248
1.4251
1.4255
1.4257
1.426
1.4262
1.4263
1.4265
1.4266
1.4266
1.4266
1.4266
1.4266
1.4265
1.4264
1.4262
1.426
1.4258
1.4255
1.4252
1.4248
1.4244
1.424
1.4236
1.4231
1.4226
1.422
1.4214
1.4207
1.4201
1.4194
1.4186
1.4178
1.417
1.4162
1.4153
1.4143
1.4134
1.4124
1.4114
1.4103
1.4092
1.4081
1.4069
1.4057
1.4044
1.4032
1.4019
1.4005
1.3991
1.3977
1.3963
1.3948
1.3933
1.3917
1.3902
1.3886
1.3869
1.3852
1.3835
1.3818
1.38
1.3782
1.3764
1.3745
1.3726
1.3707
1.3688
1.3668
1.3648
1.3627
1.3607
1.3586
1.3564
1.3543
1.3521
1.3499
1.3476
1.3454
1.3431
1.3408
1.3384
1.3361
1.3337
1.3312
1.3288
1.3263
1.3238
1.3213
1.3188
1.3162
1.3136
1.311
1.3084
1.3057
1.303
1.3003
1.2976
1.2949
1.2921
1.2893
1.2865
1.2837
1.2809
1.278
1.2751
1.2722
1.2693
1.2664
1.2635
1.2605
1.2575
1.2545
1.2515
1.2485
1.2455
1.2424
1.2393
1.2363
1.2332
1.2301
1.227
1.2238
1.2207
1.2175
1.2144
1.2112
1.208
1.2048
1.2016
1.1984
1.1952
1.192
1.1888
1.1855
1.1823
1.179
1.1758
1.1725
1.1692
1.1659
1.1627
1.1594
1.1561
1.1528
1.1495
1.1462
1.1429
1.1396
1.1363
1.133
1.1297
1.1264
1.123
1.1197
1.1164
1.1131
1.1098
1.1065
1.1032
1.0999
1.0966
1.0933
1.09
1.0867
1.0834
1.0801
1.0769
1.0736
1.0703
1.067
1.0638
1.0605
1.0573
1.054
1.0508
1.0476
1.0444
1.0412
1.038
1.0348
1.0316
1.0284
1.0252
1.0221
1.0189
1.0158
1.0127
1.0096
1.0064
1.0034
1.0003
0.9972
0.99415
0.9911
0.98807
0.98505
0.98204
0.97905
0.97607
0.9731
0.97015
0.96721
0.96429
0.96138
0.95849
0.95561
0.95275
0.9499
0.94707
0.94426
0.94146
0.93868
0.93591
0.93316
0.93043
0.92772
0.92502
0.92235
0.91969
0.91704
0.91442
0.91181
0.90923
0.90666
0.90411
0.90158
0.89907
0.89657
0.8941
0.89165
0.88922
0.88681
0.88441
0.88204
0.87969
0.87736
0.87505
0.87276
0.87049
0.86825
0.86602
0.86382
0.86163
0.85947
0.85733
0.85522
0.85312
0.85105
0.849
0.84697
0.84496
0.84298
0.84101
0.83907
0.83716
0.83526
0.83339
0.83155
0.82972
0.82792
0.82614
0.82439
0.82266
0.82095
0.81926
0.8176
0.81597
0.81435
0.81276
0.8112
0.80965
0.80814
0.80664
0.80517
0.80373
0.8023
0.80091
0.79953
0.79818
0.79686
0.79556
0.79428
0.79303
0.7918
0.7906
0.78942
0.78827
0.78714
0.78603
0.78495
0.78389
0.78286
0.78186
0.78087
0.77992
0.77898
0.77807
0.77719
0.77633
0.7755
0.77469
0.7739
0.77314
0.77241
0.7717
0.77101
0.77035
0.76971
0.7691
0.76851
0.76795
0.76741
0.7669
0.76641
0.76594
0.7655
0.76509
0.7647
0.76433
0.76399
0.76367
0.76338
0.76311
0.76286
0.76264
0.76245
0.76228
0.76213
0.76201
0.76191
0.76183
0.76178
0.76175
0.76175
0.76177
0.76182
0.76188
0.76198
0.76209
0.76223
0.76239
0.76258
0.76279
0.76302
0.76328
0.76356
0.76387
0.76419
0.76454
0.76491
0.76531
0.76573
0.76617
0.76663
0.76712
0.76763
0.76816
0.76871
0.76929
0.76989
0.77051
0.77115
0.77181
0.7725
0.77321
0.77394
0.77469
0.77546
0.77625
0.77707
0.7779
0.77876
0.77964
0.78054
0.78145
0.78239
0.78335
0.78433
0.78533
0.78635
0.78739
0.78845
0.78953
0.79063
0.79175
0.79288
0.79404
0.79521
0.79641
0.79762
0.79885
0.80009
0.80136
0.80264
0.80394
0.80526
0.8066
0.80795
0.80932
0.81071
0.81211
0.81353
0.81497
0.81642
0.81789
0.81937
0.82087
0.82239
0.82392
0.82546
0.82702
0.82859
0.83018
0.83178
0.8334
0.83503
0.83667
0.83832
0.83999
0.84167
0.84336
0.84507
0.84679
0.84851
0.85025
0.852
0.85377
0.85554
0.85732
0.85911
0.86092
0.86273
0.86455
0.86638
0.86822
0.87007
0.87193
0.87379
0.87566
0.87754
0.87943
0.88132
0.88322
0.88513
0.88704
0.88896
0.89089
0.89281
0.89475
0.89669
0.89863
0.90058
0.90253
0.90448
0.90644
0.9084
0.91036
0.91232
0.91429
0.91626
0.91823
0.9202
0.92217
0.92414
0.92611
0.92808
0.93005
0.93202
0.93398
0.93595
0.93792
0.93988
0.94184
0.94379
0.94575
0.9477
0.94965
0.95159
0.95353
0.95546
0.95739
0.95931
0.96123
0.96315
0.96505
0.96695
0.96885
0.97073
0.97261
0.97448
0.97635
0.9782
0.98005
0.98189
0.98372
0.98554
0.98735
0.98915
0.99094
0.99272
0.99448
0.99624
0.99799
0.99972
1.0014
1.0032
1.0049
1.0065
1.0082
1.0099
1.0115
1.0132
1.0148
1.0164
1.018
1.0196
1.0211
1.0227
1.0242
1.0257
1.0272
1.0287
1.0302
1.0316
1.0331
1.0345
1.0359
1.0373
1.0387
1.04
1.0414
1.0427
1.044
1.0453
1.0465
1.0478
1.049
1.0502
1.0514
1.0526
1.0538
1.0549
1.056
1.0571
1.0582
1.0593
1.0603
1.0613
1.0624
1.0633
1.0643
1.0653
1.0662
1.0671
1.068
1.0688
1.0697
1.0705
1.0713
1.0721
1.0729
1.0736
1.0744
1.0751
1.0758
1.0764
1.0771
1.0777
1.0783
1.0789
1.0795
1.08
1.0806
1.0811
1.0816
1.0821
1.0825
1.0829
1.0834
1.0838
1.0841
1.0845
1.0848
1.0851
1.0854
1.0857
1.086
1.0862
1.0865
1.0867
1.0868
1.087
1.0872
1.0873
1.0874
1.0875
1.0876
1.0877
1.0877
1.0877
1.0878
1.0878
1.0877
1.0877
1.0876
1.0876
1.0875
1.0874
1.0873
1.0871
1.087
1.0868
1.0866
1.0864
1.0862
1.086
1.0858
1.0855
1.0853
1.085
1.0847
1.0844
1.0841
1.0837
1.0834
1.083
1.0827
1.0823
1.0819
1.0815
1.0811
1.0806
1.0802
1.0797
1.0793
1.0788
1.0783
1.0778
1.0773
1.0768
1.0763
1.0757
1.0752
1.0746
1.0741
1.0735
1.0729
1.0723
1.0717
1.0711
1.0705
1.0699
1.0693
1.0686
1.068
1.0674
1.0667
1.066
1.0654
1.0647
1.064
1.0633
1.0626
1.0619
1.0612
1.0605
1.0598
1.0591
1.0584
1.0576
1.0569
1.0562
1.0554
1.0547
1.0539
1.0532
1.0524
1.0517
1.0509
1.0502
1.0494
1.0486
1.0479
1.0471
1.0463
1.0455
1.0448
1.044
1.0432
1.0424
1.0416
1.0408
1.04
1.0392
1.0385
1.0377
1.0369
1.0361
1.0353
1.0345
1.0337
1.0329
1.0321
1.0313
1.0305
1.0297
1.0289
1.0281
1.0273
1.0265
1.0257
1.0249
1.0241
1.0233
1.0225
1.0218
1.021
1.0202
1.0194
1.0186
1.0178
1.017
1.0162
1.0154
1.0147
1.0139
1.0131
1.0123
1.0115
1.0107
1.01
1.0092
1.0084
1.0076
1.0069
1.0061
1.0053
1.0046
1.0038
1.003
1.0023
1.0015
1.0007
0.99997
0.99921
0.99846
0.9977
0.99694
0.99619
0.99544
0.99468
0.99393
0.99318
0.99244
0.99169
0.99094
0.9902
0.98945
0.98871
0.98797
0.98723
0.98649
0.98575
0.98501
0.98427
0.98354
0.9828
0.98207
0.98133
0.9806
0.97986
0.97913
0.9784
0.97767
0.97694
0.9762
0.97547
0.97474
0.97401
0.97328
0.97255
0.97182
0.97109
0.97036
0.96963
0.96889
0.96816
0.96743
0.9667
0.96597
0.96523
0.9645
0.96376
0.96303
0.96229
0.96156
0.96082
0.96008
0.95934
0.9586
0.95785
0.95711
0.95637
0.95562
0.95487
0.95412
0.95337
0.95262
0.95187
0.95111
0.95036
0.9496
0.94884
0.94807
0.94731
0.94654
0.94577
0.945
0.94423
0.94346
0.94268
0.9419
0.94112
0.94033
0.93954
0.93875
0.93796
0.93717
0.93637
0.93557
0.93477
0.93396
0.93315
0.93234
0.93152
0.93071
0.92989
0.92906
0.92824
0.92741
0.92657
0.92574
0.9249
0.92405
0.92321
0.92236
0.92151
0.92065
0.91979
0.91893
0.91807
0.9172
0.91632
0.91545
0.91457
0.91369
0.9128
0.91191
0.91102
0.91012
0.90922
0.90832
0.90741
0.9065
0.90559
0.90468
0.90376
0.90283
0.9019
0.90097
0.90004
0.8991
0.89816
0.89722
0.89627
0.89532
0.89437
0.89342
0.89246
0.89149
0.89053
0.88956
0.88859
0.88761
0.88664
0.88566
0.88467
0.88369
0.8827
0.88171
0.88071
0.87972
0.87872
0.87772
0.87671
0.8757
0.8747
0.87368
0.87267
0.87166
0.87064
0.86962
0.8686
0.86757
0.86655
0.86552
0.86449
0.86346
0.86243
0.8614
0.86037
0.85933
0.85829
0.85726
0.85622
0.85518
0.85414
0.85309
0.85205
0.85101
0.84997
0.84892
0.84788
0.84684
0.84579
0.84475
0.8437
0.84266
0.84162
0.84057
0.83953
0.83849
0.83745
0.83641
0.83537
0.83433
0.83329
0.83225
0.83122
0.83018
0.82915
0.82812
0.82709
0.82606
0.82504
0.82402
0.823
0.82198
0.82096
0.81995
0.81893
0.81793
0.81692
0.81592
0.81492
0.81392
0.81293
0.81194
0.81095
0.80997
0.80899
0.80801
0.80704
0.80608
0.80511
0.80415
0.8032
0.80225
0.8013
0.80036
0.79943
0.7985
0.79757
0.79665
0.79574
0.79483
0.79392
0.79302
0.79213
0.79124
0.79036
0.78949
0.78862
0.78775
0.7869
0.78605
0.7852
0.78437
0.78354
0.78271
0.7819
0.78109
0.78029
0.77949
0.7787
0.77793
0.77715
0.77639
0.77563
0.77488
0.77414
0.77341
0.77269
0.77197
0.77126
0.77056
0.76987
0.76919
0.76852
0.76785
0.7672
0.76655
0.76591
0.76529
0.76467
0.76406
0.76346
0.76287
0.76228
0.76171
0.76115
0.7606
0.76006
0.75953
0.759
0.75849
0.75799
0.7575
0.75702
0.75655
0.75609
0.75564
0.7552
0.75477
0.75435
0.75395
0.75355
0.75317
0.75279
0.75243
0.75208
0.75174
0.75141
0.75109
0.75079
0.75049
0.75021
0.74994
0.74968
0.74943
0.74919
0.74896
0.74875
0.74855
0.74836
0.74818
0.74802
0.74786
0.74772
0.74759
0.74747
0.74736
0.74727
0.74719
0.74712
0.74706
0.74702
0.74699
0.74697
0.74696
0.74696
0.74698
0.74701
0.74705
0.74711
0.74717
0.74725
0.74734
0.74745
0.74757
0.7477
0.74784
0.74799
0.74816
0.74834
0.74853
0.74874
0.74896
0.74919
0.74943
0.74969
0.74996
0.75024
0.75053
0.75084
0.75116
0.75149
0.75183
0.75219
0.75256
0.75294
0.75334
0.75375
0.75417
0.7546
0.75505
0.7555
0.75597
0.75646
0.75695
0.75746
0.75798
0.75851
0.75906
0.75961
0.76018
0.76077
0.76136
0.76197
0.76259
0.76322
0.76386
0.76451
0.76518
0.76586
0.76655
0.76725
0.76797
0.76869
0.76943
0.77018
0.77094
0.77172
0.7725
0.7733
0.77411
0.77492
0.77576
0.7766
0.77745
0.77831
0.77919
0.78008
0.78097
0.78188
0.7828
0.78373
0.78467
0.78562
0.78659
0.78756
0.78854
0.78953
0.79054
0.79155
0.79258
0.79361
0.79465
0.79571
0.79677
0.79784
0.79893
0.80002
0.80112
0.80223
0.80335
0.80448
0.80562
0.80677
0.80793
0.80909
0.81026
0.81145
0.81264
0.81384
0.81505
0.81626
0.81749
0.81872
0.81996
0.82121
0.82246
0.82372
0.82499
0.82627
0.82756
0.82885
0.83015
0.83145
0.83277
0.83408
0.83541
0.83674
0.83808
0.83942
0.84077
0.84213
0.84349
0.84486
0.84623
0.84761
0.84899
0.85038
0.85178
0.85317
0.85458
0.85598
0.8574
0.85881
0.86023
0.86166
0.86309
0.86452
0.86596
0.86739
0.86884
0.87028
0.87173
0.87318
0.87464
0.8761
0.87756
0.87902
0.88048
0.88195
0.88342
0.88489
0.88636
0.88783
0.88931
0.89078
0.89226
0.89373
0.89521
0.89669
0.89817
0.89965
0.90113
0.90261
0.90409
0.90557
0.90705
0.90853
0.91
0.91148
0.91296
0.91443
0.9159
0.91737
0.91884
0.92031
0.92178
0.92324
0.92471
0.92617
0.92762
0.92908
0.93053
0.93198
0.93342
0.93486
0.9363
0.93774
0.93917
0.9406
0.94202
0.94344
0.94486
0.94627
0.94768
0.94908
0.95048
0.95187
0.95325
0.95464
0.95601
0.95738
0.95875
0.96011
0.96146
0.96281
0.96415
0.96549
0.96682
0.96814
0.96946
0.97076
0.97207
0.97336
0.97465
0.97593
0.9772
0.97847
0.97973
0.98098
0.98222
0.98345
0.98468
0.9859
0.98711
0.98831
0.9895
0.99068
0.99186
0.99302
0.99418
0.99533
0.99647
0.9976
0.99872
0.99983
1.0009
1.002
1.0031
1.0042
1.0052
1.0063
1.0073
1.0084
1.0094
1.0104
1.0114
1.0124
1.0134
1.0143
1.0153
1.0162
1.0172
1.0181
1.019
1.0199
1.0208
1.0217
1.0225
1.0234
1.0242
1.0251
1.0259
1.0267
1.0275
1.0283
1.0291
1.0298
1.0306
1.0313
1.032
1.0327
1.0334
1.0341
1.0348
1.0355
1.0361
1.0368
1.0374
1.038
1.0386
1.0392
1.0398
1.0403
1.0409
1.0414
1.042
1.0425
1.043
1.0435
1.044
1.0444
1.0449
1.0453
1.0457
1.0461
1.0465
1.0469
1.0473
1.0477
1.048
1.0483
1.0487
1.049
1.0493
1.0496
1.0498
1.0501
1.0503
1.0506
1.0508
1.051
1.0512
1.0514
1.0515
1.0517
1.0518
1.052
1.0521
1.0522
1.0523
1.0524
1.0524
1.0525
1.0525
1.0526
1.0526
1.0526
1.0526
1.0526
1.0525
1.0525
1.0524
1.0524
1.0523
1.0522
1.0521
1.052
1.0518
1.0517
1.0515
1.0514
1.0512
1.051
1.0508
1.0506
1.0504
1.0501
1.0499
1.0496
1.0493
1.0491
1.0488
1.0485
1.0481
1.0478
1.0475
1.0471
1.0468
1.0464
1.046
1.0456
1.0452
1.0448
1.0444
1.0439
1.0435
1.043
1.0426
1.0421
1.0416
1.0411
1.0406
1.0401
1.0395
1.039
1.0384
1.0379
1.0373
1.0367
1.0361
1.0355
1.0349
1.0343
1.0337
1.0331
1.0324
1.0318
1.0311
1.0304
1.0297
1.0291
1.0284
1.0277
1.0269
1.0262
1.0255
1.0247
1.024
1.0232
1.0225
1.0217
1.0209
1.0201
1.0193
1.0185
1.0177
1.0169
1.0161
1.0153
1.0144
1.0136
1.0127
1.0119
1.011
1.0101
1.0092
1.0084
1.0075
1.0066
1.0057
1.0048
1.0038
1.0029
1.002
1.0011
1.0001
0.99917
0.99822
0.99726
0.9963
0.99534
0.99437
0.99339
0.99241
0.99142
0.99043
0.98944
0.98844
0.98743
0.98643
0.98541
0.9844
0.98338
0.98235
0.98133
0.98029
0.97926
0.97822
0.97718
0.97613
0.97509
0.97403
0.97298
0.97192
0.97086
0.9698
0.96874
0.96767
0.9666
0.96553
0.96445
0.96338
0.9623
0.96122
0.96014
0.95905
0.95797
0.95688
0.95579
0.9547
0.95361
0.95252
0.95143
0.95034
0.94924
0.94815
0.94706
0.94596
0.94487
0.94377
0.94267
0.94158
0.94048
0.93939
0.93829
0.9372
0.9361
0.93501
0.93391
0.93282
0.93173
0.93064
0.92955
0.92846
0.92737
0.92629
0.9252
0.92412
0.92304
0.92196
0.92088
0.91981
0.91873
0.91766
0.91659
0.91553
0.91446
0.9134
0.91234
0.91128
0.91023
0.90918
0.90813
0.90708
0.90604
0.905
0.90397
0.90294
0.90191
0.90088
0.89986
0.89884
0.89783
0.89682
0.89581
0.89481
0.89382
0.89282
0.89183
0.89085
0.88987
0.8889
0.88792
0.88696
0.886
0.88504
0.88409
0.88315
0.88221
0.88127
0.88034
0.87942
0.8785
0.87758
0.87667
0.87577
0.87488
0.87399
0.8731
0.87222
0.87135
0.87048
0.86962
0.86877
0.86792
0.86708
0.86624
0.86542
0.86459
0.86378
0.86297
0.86217
0.86137
0.86058
0.8598
0.85903
0.85826
0.8575
0.85675
0.856
0.85526
0.85453
0.85381
0.85309
0.85238
0.85168
0.85099
0.8503
0.84962
0.84895
0.84829
0.84763
0.84699
0.84635
0.84572
0.84509
0.84448
0.84387
0.84327
0.84268
0.84209
0.84152
0.84095
0.84039
0.83984
0.8393
0.83876
0.83824
0.83772
0.83721
0.83671
0.83621
0.83573
0.83525
0.83479
0.83433
0.83388
0.83344
0.833
0.83258
0.83216
0.83175
0.83136
0.83096
0.83058
0.83021
0.82984
0.82949
0.82914
0.8288
0.82847
0.82815
0.82784
0.82753
0.82724
0.82695
0.82667
0.8264
0.82614
0.82589
0.82564
0.82541
0.82518
0.82496
0.82475
0.82455
0.82435
0.82417
0.82399
0.82383
0.82367
0.82351
0.82337
0.82324
0.82311
0.82299
0.82288
0.82278
0.82269
0.8226
0.82252
0.82245
0.82239
0.82234
0.82229
0.82225
0.82223
0.8222
0.82219
0.82218
0.82218
0.82219
0.82221
0.82223
0.82227
0.8223
0.82235
0.8224
0.82247
0.82253
0.82261
0.82269
0.82278
0.82288
0.82298
0.82309
0.82321
0.82333
0.82347
0.8236
0.82375
0.8239
0.82405
0.82422
0.82439
0.82456
0.82475
0.82493
0.82513
0.82533
0.82553
0.82575
0.82596
0.82619
0.82641
0.82665
0.82689
0.82713
0.82738
0.82764
0.8279
0.82816
0.82843
0.82871
0.82899
0.82927
0.82956
0.82986
0.83015
0.83046
0.83076
0.83107
0.83139
0.83171
0.83203
0.83235
0.83268
0.83302
0.83335
0.83369
0.83404
0.83438
0.83473
0.83509
0.83544
0.8358
0.83616
0.83653
0.83689
0.83726
0.83763
0.83801
0.83838
0.83876
0.83914
0.83952
0.83991
0.84029
0.84068
0.84107
0.84146
0.84185
0.84224
0.84263
0.84303
0.84342
0.84382
0.84422
0.84461
0.84501
0.84541
0.84581
0.84621
0.84661
0.84701
0.84741
0.84781
0.84821
0.8486
0.849
0.8494
0.8498
0.8502
0.85059
0.85099
0.85138
0.85178
0.85217
0.85256
0.85295
0.85334
0.85373
0.85412
0.8545
0.85489
0.85527
0.85565
0.85603
0.8564
0.85678
0.85715
0.85752
0.85789
0.85826
0.85862
0.85898
0.85934
0.8597
0.86005
0.8604
0.86075
0.8611
0.86144
0.86178
0.86212
0.86246
0.86279
0.86312
0.86344
0.86377
0.86409
0.8644
0.86472
0.86503
0.86533
0.86564
0.86594
0.86624
0.86653
0.86682
0.86711
0.86739
0.86767
0.86794
0.86822
0.86848
0.86875
0.86901
0.86927
0.86952
0.86977
0.87002
0.87026
0.8705
0.87074
0.87097
0.8712
0.87142
0.87164
0.87186
0.87207
0.87228
0.87249
0.87269
0.87289
0.87308
0.87327
0.87346
0.87364
0.87382
0.874
0.87417
0.87434
0.87451
0.87467
0.87483
0.87498
0.87513
0.87528
0.87542
0.87557
0.8757
0.87584
0.87597
0.8761
0.87622
0.87634
0.87646
0.87658
0.87669
0.8768
0.8769
0.87701
0.87711
0.87721
0.8773
0.87739
0.87748
0.87757
0.87765
0.87774
0.87781
0.87789
0.87797
0.87804
0.87811
0.87817
0.87824
0.8783
0.87836
0.87842
0.87848
0.87854
0.87859
0.87864
0.87869
0.87874
0.87879
0.87883
0.87888
0.87892
0.87896
0.879
0.87904
0.87908
0.87911
0.87915
0.87918
0.87922
0.87925
0.87928
0.87931
0.87934
0.87937
0.8794
0.87943
0.87946
0.87948
0.87951
0.87954
0.87956
0.87959
0.87962
0.87964
0.87967
0.8797
0.87972
0.87975
0.87978
0.8798
0.87983
0.87986
0.87989
0.87991
0.87994
0.87997
0.88
0.88003
0.88006
0.8801
0.88013
0.88016
0.88019
0.88023
0.88026
0.8803
0.88034
0.88038
0.88042
0.88046
0.8805
0.88054
0.88058
0.88063
0.88067
0.88072
0.88076
0.88081
0.88086
0.88091
0.88096
0.88102
0.88107
0.88113
0.88118
0.88124
0.8813
0.88136
0.88142
0.88148
0.88154
0.88161
0.88167
0.88174
0.88181
0.88187
0.88194
0.88201
0.88208
0.88216
0.88223
0.8823
0.88238
0.88245
0.88253
0.88261
0.88268
0.88276
0.88284
0.88292
0.883
0.88308
0.88316
0.88324
0.88332
0.88341
0.88349
0.88357
0.88365
0.88373
0.88381
0.8839
0.88398
0.88406
0.88414
0.88422
0.8843
0.88438
0.88445
0.88453
0.88461
0.88468
0.88476
0.88483
0.8849
0.88497
0.88504
0.88511
0.88518
0.88524
0.88531
0.88537
0.88542
0.88548
0.88554
0.88559
0.88564
0.88568
0.88573
0.88577
0.88581
0.88584
0.88588
0.8859
0.88593
0.88595
0.88597
0.88599
0.886
0.886
0.88601
0.88601
0.886
0.88599
0.88598
0.88596
0.88593
0.8859
0.88587
0.88583
0.88579
0.88574
0.88568
0.88562
0.88555
0.88548
0.8854
0.88531
0.88522
0.88512
0.88502
0.8849
0.88479
0.88466
0.88453
0.88439
0.88424
0.88409
0.88392
0.88375
0.88358
0.88339
0.8832
0.88299
0.88278
0.88257
0.88234
0.8821
0.88186
0.88161
0.88134
0.88107
0.88079
0.8805
0.88021
0.8799
0.87958
0.87925
0.87892
0.87857
0.87821
0.87785
0.87747
0.87709
0.87669
0.87628
0.87587
0.87544
0.875
0.87456
0.8741
0.87363
0.87315
0.87266
0.87216
0.87165
0.87112
0.87059
0.87005
0.86949
0.86892
0.86835
0.86776
0.86716
0.86655
0.86593
0.8653
0.86465
0.864
0.86333
0.86266
0.86197
0.86127
0.86056
0.85984
0.85911
0.85837
0.85762
0.85686
0.85608
0.8553
0.8545
0.85369
0.85288
0.85205
0.85121
0.85036
0.8495
0.84863
0.84776
0.84687
0.84597
0.84506
0.84414
0.84321
0.84227
0.84132
0.84037
0.8394
0.83842
0.83744
0.83644
0.83544
0.83443
0.83341
0.83238
0.83134
0.8303
0.82925
0.82819
0.82712
0.82604
0.82496
0.82387
0.82277
0.82167
0.82056
0.81944
0.81831
0.81718
0.81605
0.8149
0.81376
0.8126
0.81145
0.81028
0.80912
0.80794
0.80677
0.80558
0.8044
0.80321
0.80202
0.80082
0.79962
0.79842
0.79722
0.79601
0.7948
0.79359
0.79238
0.79116
0.78995
0.78873
0.78751
0.78629
0.78508
0.78386
0.78264
0.78142
0.78021
0.77899
0.77777
0.77656
0.77535
0.77414
0.77293
0.77172
0.77052
0.76932
0.76812
0.76693
0.76574
0.76456
0.76337
0.7622
0.76102
0.75986
0.75869
0.75754
0.75639
0.75524
0.7541
0.75297
0.75185
0.75073
0.74962
0.74851
0.74742
0.74633
0.74525
0.74418
0.74312
0.74206
0.74102
0.73998
0.73896
0.73795
0.73694
0.73595
0.73496
0.73399
0.73303
0.73208
0.73115
0.73022
0.72931
0.72841
0.72752
0.72664
0.72578
0.72493
0.7241
0.72328
0.72247
0.72168
0.7209
0.72014
0.71939
0.71866
0.71794
0.71724
0.71655
0.71588
0.71523
0.71459
0.71397
0.71337
0.71278
0.71221
0.71166
0.71113
0.71061
0.71011
0.70963
0.70917
0.70873
0.70831
0.7079
0.70752
0.70715
0.70681
0.70648
0.70618
0.70589
0.70562
0.70538
0.70516
0.70495
0.70477
0.70461
0.70447
0.70435
0.70426
0.70418
0.70413
0.7041
0.70409
0.70411
0.70414
0.7042
0.70429
0.70439
0.70452
0.70468
0.70485
0.70505
0.70528
0.70552
0.7058
0.70609
0.70641
0.70676
0.70713
0.70752
0.70794
0.70838
0.70885
0.70934
0.70986
0.71041
0.71098
0.71157
0.71219
0.71284
0.71351
0.71421
0.71493
0.71568
0.71646
0.71726
0.71809
0.71895
0.71983
0.72074
0.72168
0.72264
0.72363
0.72464
0.72569
0.72676
0.72785
0.72898
0.73013
0.73131
0.73251
0.73374
0.735
0.73629
0.73761
0.73895
0.74032
0.74171
0.74314
0.74459
0.74607
0.74757
0.74911
0.75067
0.75226
0.75387
0.75552
0.75719
0.75889
0.76061
0.76237
0.76415
0.76596
0.76779
0.76965
0.77154
0.77346
0.7754
0.77737
0.77937
0.78139
0.78344
0.78552
0.78762
0.78975
0.79191
0.79409
0.7963
0.79853
0.80079
0.80308
0.80539
0.80773
0.81009
0.81248
0.81489
0.81732
0.81979
0.82227
0.82478
0.82732
0.82988
0.83246
0.83506
0.83769
0.84034
0.84302
0.84572
0.84844
0.85118
0.85394
0.85673
0.85953
0.86236
0.86521
0.86808
0.87097
0.87387
0.8768
0.87975
0.88272
0.8857
0.8887
0.89172
0.89476
0.89782
0.90089
0.90398
0.90708
0.91021
0.91334
0.91649
0.91966
0.92284
0.92603
0.92924
0.93246
0.93569
0.93893
0.94218
0.94545
0.94873
0.95201
0.95531
0.95861
0.96192
0.96524
0.96857
0.97191
0.97525
0.9786
0.98195
0.98531
0.98867
0.99204
0.99541
0.99878
1.0022
1.0055
1.0089
1.0123
1.0157
1.019
1.0224
1.0258
1.0291
1.0325
1.0359
1.0392
1.0426
1.0459
1.0493
1.0526
1.0559
1.0592
1.0625
1.0658
1.0691
1.0724
1.0757
1.0789
1.0822
1.0854
1.0886
1.0918
1.095
1.0982
1.1013
1.1044
1.1075
1.1106
1.1137
1.1168
1.1198
1.1228
1.1258
1.1288
1.1317
1.1347
1.1375
1.1404
1.1433
1.1461
1.1489
1.1516
1.1544
1.1571
1.1598
1.1624
1.165
1.1676
1.1702
1.1727
1.1752
1.1776
1.1801
1.1824
1.1848
1.1871
1.1894
1.1916
1.1938
1.196
1.1981
1.2002
1.2023
1.2043
1.2063
1.2082
1.2101
1.2119
1.2137
1.2155
1.2172
1.2189
1.2205
1.2221
1.2236
1.2251
1.2266
1.228
1.2294
1.2307
1.232
1.2332
1.2344
1.2355
1.2366
1.2376
1.2386
1.2395
1.2404
1.2413
1.2421
1.2428
1.2435
1.2442
1.2448
1.2453
1.2458
1.2463
1.2467
1.247
1.2473
1.2476
1.2478
1.2479
1.248
1.2481
1.2481
1.248
1.2479
1.2478
1.2476
1.2474
1.2471
1.2467
1.2463
1.2459
1.2454
1.2449
1.2443
1.2437
1.243
1.2423
1.2415
1.2407
1.2398
1.2389
1.2379
1.2369
1.2359
1.2348
1.2336
1.2324
1.2312
1.2299
1.2286
1.2272
1.2258
1.2244
1.2229
1.2213
1.2198
1.2181
1.2165
1.2148
1.213
1.2113
1.2094
1.2076
1.2057
1.2038
1.2018
1.1998
1.1977
1.1957
1.1936
1.1914
1.1892
1.187
1.1848
1.1825
1.1802
1.1779
1.1755
1.1731
1.1707
1.1682
1.1657
1.1632
1.1607
1.1581
1.1555
1.1529
1.1502
1.1476
1.1449
1.1421
1.1394
1.1366
1.1339
1.1311
1.1282
1.1254
1.1225
1.1197
1.1168
1.1138
1.1109
1.108
1.105
1.102
1.099
1.096
1.093
1.09
1.0869
1.0839
1.0808
1.0777
1.0747
1.0716
1.0685
1.0654
1.0622
1.0591
1.056
1.0528
1.0497
1.0466
1.0434
1.0403
1.0371
1.0339
1.0308
1.0276
1.0244
1.0213
1.0181
1.015
1.0118
1.0086
1.0055
1.0023
0.99916
0.99601
0.99286
0.98972
0.98658
0.98345
0.98032
0.9772
0.97409
0.97098
0.96788
0.96478
0.9617
0.95862
0.95555
0.95249
0.94944
0.9464
0.94337
0.94035
0.93734
0.93434
0.93135
0.92838
0.92541
0.92246
0.91953
0.9166
0.91369
0.91079
0.90791
0.90504
0.90218
0.89934
0.89652
0.89371
0.89091
0.88813
0.88537
0.88262
0.87989
0.87718
0.87448
0.8718
0.86913
0.86649
0.86386
0.86125
0.85866
0.85608
0.85352
0.85098
0.84846
0.84596
0.84348
0.84101
0.83857
0.83614
0.83374
0.83135
0.82898
0.82663
0.8243
0.822
0.81971
0.81744
0.81519
0.81296
0.81075
0.80856
0.80639
0.80425
0.80212
0.80001
0.79792
0.79586
0.79381
0.79179
0.78978
0.7878
0.78584
0.7839
0.78198
0.78007
0.77819
0.77634
0.7745
0.77268
0.77088
0.76911
0.76735
0.76562
0.7639
0.76221
0.76054
0.75889
0.75726
0.75565
0.75406
0.75249
0.75094
0.74941
0.7479
0.74641
0.74495
0.7435
0.74207
0.74067
0.73928
0.73791
0.73657
0.73524
0.73393
0.73264
0.73138
0.73013
0.7289
0.72769
0.7265
0.72533
0.72418
0.72305
0.72194
0.72085
0.71977
0.71872
0.71768
0.71666
0.71566
0.71468
0.71372
0.71278
0.71185
0.71095
0.71006
0.70918
0.70833
0.70749
0.70668
0.70588
0.70509
0.70433
0.70358
0.70285
0.70213
0.70144
0.70075
0.70009
0.69944
0.69881
0.6982
0.6976
0.69702
0.69645
0.6959
0.69537
0.69485
0.69435
0.69386
0.69339
0.69293
0.69249
0.69206
0.69165
0.69126
0.69087
0.69051
0.69015
0.68981
0.68949
0.68918
0.68888
0.6886
0.68833
0.68808
0.68784
0.68761
0.68739
0.68719
0.687
0.68683
0.68666
0.68651
0.68638
0.68625
0.68614
0.68604
0.68595
0.68587
0.68581
0.68575
0.68571
0.68568
0.68566
0.68565
0.68566
0.68567
0.6857
0.68573
0.68578
0.68584
0.6859
0.68598
0.68607
0.68617
0.68627
0.68639
0.68652
0.68666
0.6868
0.68696
0.68712
0.6873
0.68748
0.68767
0.68787
0.68808
0.6883
0.68852
0.68876
0.689
0.68925
0.68951
0.68978
0.69005
0.69033
0.69062
0.69091
0.69122
0.69153
0.69185
0.69217
0.6925
0.69284
0.69318
0.69353
0.69389
0.69426
0.69463
0.695
0.69538
0.69577
0.69616
0.69656
0.69697
0.69738
0.69779
0.69821
0.69864
0.69907
0.6995
0.69994
0.70039
0.70083
0.70129
0.70175
0.70221
0.70267
0.70314
0.70362
0.7041
0.70458
0.70506
0.70555
0.70605
0.70654
0.70704
0.70754
0.70805
0.70856
0.70907
0.70958
0.7101
0.71062
0.71114
0.71167
0.7122
0.71273
0.71326
0.71379
0.71433
0.71486
0.7154
0.71595
0.71649
0.71703
0.71758
0.71813
0.71868
0.71923
0.71978
0.72033
0.72088
0.72144
0.72199
0.72255
0.72311
0.72366
0.72422
0.72478
0.72534
0.7259
0.72646
0.72702
0.72758
0.72814
0.7287
0.72926
0.72982
0.73037
0.73093
0.73149
0.73205
0.73261
0.73316
0.73372
0.73427
0.73483
0.73538
0.73594
0.73649
0.73704
0.73759
0.73813
0.73868
0.73923
0.73977
0.74031
0.74085
0.74139
0.74193
0.74247
0.743
0.74353
0.74406
0.74459
0.74512
0.74564
0.74616
0.74668
0.7472
0.74772
0.74823
0.74874
0.74925
0.74975
0.75025
0.75075
0.75125
0.75174
0.75224
0.75272
0.75321
0.75369
0.75417
0.75465
0.75512
0.75559
0.75606
0.75652
0.75698
0.75744
0.75789
0.75834
0.75878
0.75923
0.75967
0.7601
0.76053
0.76096
0.76138
0.7618
0.76221
0.76263
0.76303
0.76344
0.76383
0.76423
0.76462
0.765
0.76539
0.76576
0.76613
0.7665
0.76687
0.76722
0.76758
0.76793
0.76827
0.76861
0.76895
0.76928
0.7696
0.76992
0.77024
0.77055
0.77085
0.77115
0.77145
0.77174
0.77202
0.7723
0.77258
0.77284
0.77311
0.77337
0.77362
0.77386
0.77411
0.77434
0.77457
0.7748
0.77502
0.77523
0.77544
0.77564
0.77583
0.77602
0.77621
0.77639
0.77656
0.77672
0.77689
0.77704
0.77719
0.77733
0.77747
0.7776
0.77772
0.77784
0.77795
0.77806
0.77816
0.77825
0.77834
0.77842
0.77849
0.77856
0.77862
0.77868
0.77873
0.77877
0.77881
0.77884
0.77886
0.77888
0.77889
0.77889
0.77889
0.77888
0.77887
0.77885
0.77882
0.77878
0.77874
0.7787
0.77864
0.77858
0.77852
0.77844
0.77836
0.77828
0.77819
0.77809
0.77798
0.77787
0.77775
0.77763
0.7775
0.77736
0.77722
0.77707
0.77691
0.77675
0.77658
0.77641
0.77622
0.77604
0.77584
0.77564
0.77544
0.77523
0.77501
0.77478
0.77455
0.77432
0.77407
0.77383
0.77357
0.77331
0.77305
0.77277
0.7725
0.77221
0.77192
0.77163
0.77133
0.77103
0.77071
0.7704
0.77008
0.76975
0.76942
0.76908
0.76874
0.76839
0.76804
0.76768
0.76731
0.76695
0.76657
0.7662
0.76581
0.76543
0.76504
0.76464
0.76424
0.76384
0.76343
0.76301
0.7626
0.76217
0.76175
0.76132
0.76089
0.76045
0.76001
0.75956
0.75912
0.75867
0.75821
0.75775
0.75729
0.75683
0.75636
0.75589
0.75542
0.75494
0.75446
0.75398
0.7535
0.75301
0.75253
0.75204
0.75154
0.75105
0.75055
0.75005
0.74955
0.74905
0.74855
0.74805
0.74754
0.74703
0.74653
0.74602
0.74551
0.745
0.74449
0.74397
0.74346
0.74295
0.74244
0.74192
0.74141
0.7409
0.74038
0.73987
0.73936
0.73885
0.73834
0.73783
0.73732
0.73681
0.7363
0.7358
0.73529
0.73479
0.73429
0.73379
0.73329
0.73279
0.7323
0.7318
0.73131
0.73083
0.73034
0.72986
0.72938
0.7289
0.72842
0.72795
0.72748
0.72702
0.72656
0.7261
0.72564
0.72519
0.72474
0.7243
0.72386
0.72342
0.72299
0.72257
0.72214
0.72172
0.72131
0.7209
0.7205
0.7201
0.71971
0.71932
0.71894
0.71856
0.71819
0.71782
0.71746
0.7171
0.71675
0.71641
0.71608
0.71575
0.71542
0.7151
0.71479
0.71449
0.71419
0.7139
0.71362
0.71334
0.71307
0.71281
0.71255
0.71231
0.71207
0.71183
0.71161
0.71139
0.71118
0.71098
0.71079
0.71061
0.71043
0.71026
0.7101
0.70995
0.70981
0.70968
0.70955
0.70943
0.70933
0.70923
0.70914
0.70906
0.70899
0.70893
0.70887
0.70883
0.7088
0.70878
0.70876
0.70876
0.70876
0.70878
0.7088
0.70884
0.70888
0.70894
0.709
0.70908
0.70917
0.70926
0.70937
0.70949
0.70961
0.70975
0.7099
0.71006
0.71023
0.71041
0.7106
0.7108
0.71102
0.71124
0.71148
0.71172
0.71198
0.71225
0.71253
0.71282
0.71312
0.71343
0.71376
0.71409
0.71444
0.71479
0.71516
0.71554
0.71593
0.71634
0.71675
0.71718
0.71762
0.71806
0.71852
0.719
0.71948
0.71997
0.72048
0.721
0.72153
0.72207
0.72262
0.72318
0.72376
0.72435
0.72494
0.72555
0.72617
0.72681
0.72745
0.72811
0.72877
0.72945
0.73014
0.73084
0.73156
0.73228
0.73301
0.73376
0.73452
0.73529
0.73607
0.73686
0.73766
0.73848
0.7393
0.74014
0.74098
0.74184
0.74271
0.74359
0.74448
0.74538
0.7463
0.74722
0.74815
0.7491
0.75005
0.75102
0.75199
0.75298
0.75398
0.75498
0.756
0.75703
0.75806
0.75911
0.76017
0.76123
0.76231
0.7634
0.76449
0.7656
0.76671
0.76784
0.76897
0.77012
0.77127
0.77243
0.7736
0.77478
0.77597
0.77716
0.77837
0.77958
0.78081
0.78204
0.78328
0.78452
0.78578
0.78704
0.78831
0.78959
0.79088
0.79217
0.79347
0.79478
0.7961
0.79742
0.79875
0.80008
0.80143
0.80278
0.80413
0.8055
0.80686
0.80824
0.80962
0.81101
0.8124
0.8138
0.8152
0.81661
0.81802
0.81944
0.82087
0.8223
0.82373
0.82517
0.82661
0.82806
0.82951
0.83096
0.83242
0.83388
0.83535
0.83682
0.83829
0.83977
0.84125
0.84273
0.84421
0.8457
0.84719
0.84868
0.85017
0.85167
0.85317
0.85467
0.85617
0.85767
0.85917
0.86068
0.86218
0.86369
0.8652
0.8667
0.86821
0.86972
0.87123
0.87273
0.87424
0.87575
