0.86919
0.86818
0.86717
0.86616
0.86514
0.86412
0.8631
0.86207
0.86104
0.86
0.85896
0.85792
0.85687
0.85582
0.85476
0.85371
0.85265
0.85158
0.85051
0.84944
0.84837
0.84729
0.84621
0.84513
0.84404
0.84295
0.84186
0.84076
0.83966
0.83856
0.83746
0.83635
0.83524
0.83413
0.83301
0.8319
0.83078
0.82965
0.82853
0.8274
0.82627
0.82514
0.82401
0.82287
0.82173
0.82059
0.81945
0.8183
0.81716
0.81601
0.81486
0.8137
0.81255
0.81139
0.81024
0.80908
0.80792
0.80675
0.80559
0.80442
0.80326
0.80209
0.80092
0.79975
0.79858
0.7974
0.79623
0.79506
0.79388
0.7927
0.79152
0.79035
0.78917
0.78799
0.78681
0.78562
0.78444
0.78326
0.78208
0.78089
0.77971
0.77852
0.77734
0.77615
0.77497
0.77378
0.7726
0.77141
0.77023
0.76904
0.76786
0.76667
0.76549
0.7643
0.76312
0.76193
0.76075
0.75957
0.75838
0.7572
0.75602
0.75484
0.75366
0.75248
0.7513
0.75013
0.74895
0.74777
0.7466
0.74542
0.74425
0.74308
0.74191
0.74074
0.73957
0.73841
0.73724
0.73608
0.73492
0.73375
0.7326
0.73144
0.73028
0.72913
0.72798
0.72683
0.72568
0.72453
0.72338
0.72224
0.7211
0.71996
0.71883
0.71769
0.71656
0.71543
0.7143
0.71317
0.71205
0.71093
0.70981
0.7087
0.70758
0.70647
0.70537
0.70426
0.70316
0.70206
0.70096
0.69987
0.69877
0.69769
0.6966
0.69552
0.69444
0.69336
0.69229
0.69122
0.69015
0.68909
0.68803
0.68697
0.68592
0.68487
0.68382
0.68278
0.68174
0.6807
0.67967
0.67864
0.67761
0.67659
0.67557
0.67456
0.67355
0.67254
0.67154
0.67054
0.66954
0.66855
0.66757
0.66658
0.6656
0.66463
0.66366
0.66269
0.66173
0.66077
0.65981
0.65886
0.65792
0.65698
0.65604
0.65511
0.65418
0.65325
0.65233
0.65142
0.65051
0.6496
0.6487
0.6478
0.64691
0.64602
0.64514
0.64426
0.64339
0.64252
0.64166
0.6408
0.63994
0.63909
0.63825
0.63741
0.63657
0.63574
0.63492
0.6341
0.63328
0.63247
0.63167
0.63087
0.63007
0.62928
0.6285
0.62772
0.62694
0.62617
0.62541
0.62465
0.6239
0.62315
0.62241
0.62167
0.62093
0.62021
0.61949
0.61877
0.61806
0.61735
0.61665
0.61595
0.61526
0.61458
0.6139
0.61323
0.61256
0.6119
0.61124
0.61059
0.60994
0.6093
0.60867
0.60804
0.60741
0.60679
0.60618
0.60557
0.60497
0.60438
0.60378
0.6032
0.60262
0.60205
0.60148
0.60092
0.60036
0.59981
0.59926
0.59872
0.59819
0.59766
0.59714
0.59662
0.59611
0.59561
0.59511
0.59461
0.59412
0.59364
0.59316
0.59269
0.59223
0.59177
0.59131
0.59087
0.59042
0.58999
0.58956
0.58913
0.58871
0.5883
0.58789
0.58749
0.58709
0.5867
0.58632
0.58594
0.58557
0.5852
0.58484
0.58448
0.58413
0.58379
0.58345
0.58312
0.58279
0.58247
0.58215
0.58184
0.58154
0.58124
0.58095
0.58066
0.58038
0.58011
0.57984
0.57957
0.57932
0.57906
0.57882
0.57858
0.57834
0.57811
0.57789
0.57767
0.57746
0.57725
0.57705
0.57686
0.57667
0.57648
0.5763
0.57613
0.57597
0.5758
0.57565
0.5755
0.57535
0.57521
0.57508
0.57495
0.57483
0.57471
0.5746
0.5745
0.5744
0.5743
0.57421
0.57413
0.57405
0.57398
0.57391
0.57385
0.5738
0.57374
0.5737
0.57366
0.57362
0.5736
0.57357
0.57355
0.57354
0.57353
0.57353
0.57353
0.57354
0.57356
0.57357
0.5736
0.57363
0.57366
0.5737
0.57375
0.5738
0.57385
0.57391
0.57398
0.57405
0.57413
0.57421
0.57429
0.57439
0.57448
0.57458
0.57469
0.5748
0.57492
0.57504
0.57517
0.5753
0.57544
0.57558
0.57572
0.57587
0.57603
0.57619
0.57636
0.57653
0.5767
0.57688
0.57707
0.57726
0.57745
0.57765
0.57786
0.57806
0.57828
0.57849
0.57872
0.57894
0.57918
0.57941
0.57965
0.5799
0.58015
0.5804
0.58066
0.58093
0.58119
0.58147
0.58174
0.58202
0.58231
0.5826
0.58289
0.58319
0.58349
0.5838
0.58411
0.58443
0.58475
0.58507
0.5854
0.58573
0.58607
0.58641
0.58675
0.5871
0.58745
0.58781
0.58817
0.58853
0.5889
0.58927
0.58965
0.59003
0.59041
0.5908
0.59119
0.59159
0.59199
0.59239
0.5928
0.59321
0.59362
0.59404
0.59446
0.59489
0.59532
0.59575
0.59619
0.59662
0.59707
0.59751
0.59796
0.59842
0.59887
0.59933
0.5998
0.60027
0.60074
0.60121
0.60169
0.60217
0.60265
0.60314
0.60363
0.60412
0.60462
0.60512
0.60562
0.60613
0.60663
0.60715
0.60766
0.60818
0.6087
0.60922
0.60975
0.61028
0.61081
0.61135
0.61189
0.61243
0.61297
0.61352
0.61407
0.61462
0.61518
0.61574
0.6163
0.61686
0.61742
0.61799
0.61856
0.61914
0.61971
0.62029
0.62087
0.62146
0.62204
0.62263
0.62322
0.62382
0.62441
0.62501
0.62561
0.62622
0.62682
0.62743
0.62804
0.62865
0.62927
0.62988
0.6305
0.63112
0.63175
0.63237
0.633
0.63363
0.63426
0.63489
0.63553
0.63617
0.63681
0.63745
0.63809
0.63874
0.63939
0.64004
0.64069
0.64134
0.642
0.64266
0.64332
0.64398
0.64464
0.6453
0.64597
0.64664
0.64731
0.64798
0.64865
0.64933
0.65001
0.65068
0.65136
0.65205
0.65273
0.65341
0.6541
0.65479
0.65548
0.65617
0.65686
0.65756
0.65825
0.65895
0.65965
0.66035
0.66105
0.66176
0.66246
0.66317
0.66387
0.66458
0.66529
0.66601
0.66672
0.66743
0.66815
0.66887
0.66959
0.67031
0.67103
0.67175
0.67248
0.6732
0.67393
0.67466
0.67539
0.67612
0.67685
0.67758
0.67832
0.67905
0.67979
0.68053
0.68127
0.68201
0.68275
0.6835
0.68424
0.68499
0.68573
0.68648
0.68723
0.68798
0.68873
0.68949
0.69024
0.691
0.69175
0.69251
0.69327
0.69403
0.69479
0.69555
0.69632
0.69708
0.69785
0.69862
0.69939
0.70016
0.70093
0.7017
0.70247
0.70325
0.70402
0.7048
0.70558
0.70636
0.70714
0.70792
0.7087
0.70949
0.71027
0.71106
0.71185
0.71264
0.71343
0.71422
0.71501
0.71581
0.7166
0.7174
0.7182
0.719
0.7198
0.7206
0.72141
0.72221
0.72302
0.72382
0.72463
0.72544
0.72626
0.72707
0.72788
0.7287
0.72952
0.73033
0.73115
0.73198
0.7328
0.73362
0.73445
0.73528
0.7361
0.73693
0.73777
0.7386
0.73943
0.74027
0.74111
0.74195
0.74279
0.74363
0.74448
0.74532
0.74617
0.74702
0.74787
0.74872
0.74958
0.75043
0.75129
0.75215
0.75301
0.75387
0.75474
0.75561
0.75647
0.75734
0.75822
0.75909
0.75997
0.76084
0.76172
0.7626
0.76349
0.76437
0.76526
0.76615
0.76704
0.76794
0.76883
0.76973
0.77063
0.77153
0.77243
0.77334
0.77425
0.77516
0.77607
0.77699
0.7779
0.77882
0.77974
0.78067
0.78159
0.78252
0.78345
0.78438
0.78532
0.78626
0.7872
0.78814
0.78909
0.79003
0.79098
0.79194
0.79289
0.79385
0.79481
0.79577
0.79674
0.7977
0.79867
0.79965
0.80062
0.8016
0.80258
0.80357
0.80455
0.80554
0.80653
0.80753
0.80853
0.80953
0.81053
0.81154
0.81255
0.81356
0.81457
0.81559
0.81661
0.81764
0.81866
0.81969
0.82073
0.82176
0.8228
0.82384
0.82489
0.82594
0.82699
0.82804
0.8291
0.83016
0.83122
0.83229
0.83336
0.83443
0.83551
0.83659
0.83768
0.83876
0.83985
0.84095
0.84204
0.84314
0.84424
0.84535
0.84646
0.84758
0.84869
0.84981
0.85094
0.85206
0.85319
0.85433
0.85547
0.85661
0.85775
0.8589
0.86005
0.86121
0.86237
0.86353
0.86469
0.86586
0.86704
0.86821
0.86939
0.87058
0.87177
0.87296
0.87415
0.87535
0.87655
0.87776
0.87897
0.88018
0.8814
0.88262
0.88384
0.88507
0.8863
0.88754
0.88878
0.89002
0.89127
0.89252
0.89377
0.89503
0.89629
0.89755
0.89882
0.9001
0.90137
0.90265
0.90394
0.90522
0.90651
0.90781
0.90911
0.91041
0.91172
0.91303
0.91434
0.91566
0.91698
0.9183
0.91963
0.92096
0.9223
0.92363
0.92498
0.92632
0.92767
0.92903
0.93038
0.93175
0.93311
0.93448
0.93585
0.93722
0.9386
0.93999
0.94137
0.94276
0.94415
0.94555
0.94695
0.94835
0.94976
0.95117
0.95258
0.954
0.95542
0.95684
0.95827
0.9597
0.96113
0.96257
0.96401
0.96545
0.9669
0.96835
0.9698
0.97126
0.97272
0.97418
0.97564
0.97711
0.97858
0.98006
0.98154
0.98302
0.9845
0.98599
0.98747
0.98897
0.99046
0.99196
0.99346
0.99496
0.99647
0.99798
0.99949
1.001
1.0025
1.004
1.0056
1.0071
1.0086
1.0101
1.0117
1.0132
1.0147
1.0163
1.0178
1.0193
1.0209
1.0224
1.024
1.0255
1.0271
1.0286
1.0302
1.0318
1.0333
1.0349
1.0364
1.038
1.0396
1.0411
1.0427
1.0443
1.0458
1.0474
1.049
1.0506
1.0521
1.0537
1.0553
1.0569
1.0585
1.06
1.0616
1.0632
1.0648
1.0664
1.068
1.0696
1.0711
1.0727
1.0743
1.0759
1.0775
1.0791
1.0807
1.0823
1.0839
1.0855
1.087
1.0886
1.0902
1.0918
1.0934
1.095
1.0966
1.0982
1.0998
1.1014
1.1029
1.1045
1.1061
1.1077
1.1093
1.1109
1.1125
1.114
1.1156
1.1172
1.1188
1.1204
1.1219
1.1235
1.1251
1.1267
1.1282
1.1298
1.1314
1.1329
1.1345
1.136
1.1376
1.1392
1.1407
1.1423
1.1438
1.1454
1.1469
1.1485
1.15
1.1515
1.1531
1.1546
1.1561
1.1577
1.1592
1.1607
1.1622
1.1637
1.1653
1.1668
1.1683
1.1698
1.1713
1.1728
1.1743
1.1757
1.1772
1.1787
1.1802
1.1816
1.1831
1.1846
1.186
1.1875
1.1889
1.1904
1.1918
1.1933
1.1947
1.1961
1.1975
1.199
1.2004
1.2018
1.2032
1.2046
1.206
1.2074
1.2087
1.2101
1.2115
1.2129
1.2142
1.2156
1.2169
1.2183
1.2196
1.2209
1.2222
1.2236
1.2249
1.2262
1.2275
1.2288
1.2301
1.2313
1.2326
1.2339
1.2351
1.2364
1.2376
1.2389
1.2401
1.2413
1.2425
1.2438
1.245
1.2462
1.2473
1.2485
1.2497
1.2509
1.252
1.2532
1.2543
1.2555
1.2566
1.2577
1.2588
1.2599
1.261
1.2621
1.2632
1.2642
1.2653
1.2664
1.2674
1.2684
1.2695
1.2705
1.2715
1.2725
1.2735
1.2745
1.2755
1.2764
1.2774
1.2783
1.2793
1.2802
1.2811
1.282
1.2829
1.2838
1.2847
1.2856
1.2865
1.2873
1.2882
1.289
1.2898
1.2906
1.2914
1.2922
1.293
1.2938
1.2946
1.2953
1.2961
1.2968
1.2975
1.2983
1.299
1.2997
1.3004
1.301
1.3017
1.3024
1.303
1.3036
1.3043
1.3049
1.3055
1.3061
1.3067
1.3072
1.3078
1.3083
1.3089
1.3094
1.3099
1.3104
1.3109
1.3114
1.3119
1.3124
1.3128
1.3133
1.3137
1.3141
1.3146
1.315
1.3153
1.3157
1.3161
1.3165
1.3168
1.3171
1.3175
1.3178
1.3181
1.3184
1.3187
1.3189
1.3192
1.3194
1.3197
1.3199
1.3201
1.3203
1.3205
1.3207
1.3209
1.321
1.3212
1.3213
1.3214
1.3216
1.3217
1.3218
1.3218
1.3219
1.322
1.322
1.3221
1.3221
1.3221
1.3221
1.3221
1.3221
1.3221
1.322
1.322
1.3219
1.3219
1.3218
1.3217
1.3216
1.3215
1.3213
1.3212
1.3211
1.3209
1.3207
1.3206
1.3204
1.3202
1.32
1.3198
1.3195
1.3193
1.319
1.3188
1.3185
1.3182
1.3179
1.3176
1.3173
1.317
1.3167
1.3163
1.316
1.3156
1.3152
1.3149
1.3145
1.3141
1.3136
1.3132
1.3128
1.3124
1.3119
1.3114
1.311
1.3105
1.31
1.3095
1.309
1.3085
1.3079
1.3074
1.3069
1.3063
1.3057
1.3052
1.3046
1.304
1.3034
1.3028
1.3022
1.3015
1.3009
1.3003
1.2996
1.2989
1.2983
1.2976
1.2969
1.2962
1.2955
1.2948
1.2941
1.2934
1.2926
1.2919
1.2911
1.2904
1.2896
1.2888
1.288
1.2872
1.2864
1.2856
1.2848
1.284
1.2832
1.2823
1.2815
1.2807
1.2798
1.2789
1.2781
1.2772
1.2763
1.2754
1.2745
1.2736
1.2727
1.2718
1.2709
1.2699
1.269
1.268
1.2671
1.2661
1.2652
1.2642
1.2632
1.2623
1.2613
1.2603
1.2593
1.2583
1.2573
1.2563
1.2553
1.2542
1.2532
1.2522
1.2512
1.2501
1.2491
1.248
1.247
1.2459
1.2448
1.2438
1.2427
1.2416
1.2405
1.2394
1.2384
1.2373
1.2362
1.2351
1.234
1.2329
1.2317
1.2306
1.2295
1.2284
1.2273
1.2261
1.225
1.2239
1.2227
1.2216
1.2204
1.2193
1.2181
1.217
1.2158
1.2147
1.2135
1.2123
1.2112
1.21
1.2088
1.2077
1.2065
1.2053
1.2041
1.203
1.2018
1.2006
1.1994
1.1982
1.197
1.1959
1.1947
1.1935
1.1923
1.1911
1.1899
1.1887
1.1875
1.1863
1.1851
1.1839
1.1827
1.1815
1.1803
1.1791
1.1779
1.1767
1.1755
1.1743
1.1731
1.1719
1.1707
1.1695
1.1683
1.1671
1.1659
1.1647
1.1635
1.1623
1.1611
1.1599
1.1587
1.1576
1.1564
1.1552
1.154
1.1528
1.1516
1.1504
1.1492
1.148
1.1469
1.1457
1.1445
1.1433
1.1421
1.141
1.1398
1.1386
1.1374
1.1363
1.1351
1.1339
1.1328
1.1316
1.1305
1.1293
1.1282
1.127
1.1259
1.1247
1.1236
1.1224
1.1213
1.1202
1.119
1.1179
1.1168
1.1156
1.1145
1.1134
1.1123
1.1112
1.1101
1.109
1.1079
1.1068
1.1057
1.1046
1.1035
1.1024
1.1013
1.1002
1.0992
1.0981
1.097
1.096
1.0949
1.0938
1.0928
1.0917
1.0907
1.0897
1.0886
1.0876
1.0866
1.0855
1.0845
1.0835
1.0825
1.0815
1.0805
1.0795
1.0785
1.0775
1.0765
1.0755
1.0745
1.0736
1.0726
1.0716
1.0707
1.0697
1.0688
1.0678
1.0669
1.066
1.065
1.0641
1.0632
1.0623
1.0614
1.0604
1.0595
1.0586
1.0578
1.0569
1.056
1.0551
1.0542
1.0534
1.0525
1.0516
1.0508
1.05
1.0491
1.0483
1.0474
1.0466
1.0458
1.045
1.0442
1.0434
1.0426
1.0418
1.041
1.0402
1.0394
1.0386
1.0379
1.0371
1.0364
1.0356
1.0349
1.0341
1.0334
1.0327
1.0319
1.0312
1.0305
1.0298
1.0291
1.0284
1.0277
1.027
1.0263
1.0257
1.025
1.0243
1.0237
1.023
1.0224
1.0217
1.0211
1.0204
1.0198
1.0192
1.0186
1.018
1.0174
1.0168
1.0162
1.0156
1.015
1.0144
1.0138
1.0133
1.0127
1.0122
1.0116
1.0111
1.0105
1.01
1.0095
1.0089
1.0084
1.0079
1.0074
1.0069
1.0064
1.0059
1.0054
1.0049
1.0045
1.004
1.0035
1.0031
1.0026
1.0022
1.0017
1.0013
1.0008
1.0004
0.99999
0.99957
0.99916
0.99875
0.99835
0.99795
0.99755
0.99717
0.99678
0.9964
0.99603
0.99566
0.9953
0.99494
0.99458
0.99423
0.99389
0.99355
0.99322
0.99289
0.99256
0.99224
0.99192
0.99161
0.99131
0.991
0.99071
0.99041
0.99012
0.98984
0.98956
0.98929
0.98902
0.98875
0.98849
0.98823
0.98798
0.98773
0.98749
0.98725
0.98701
0.98678
0.98655
0.98633
0.98611
0.9859
0.98568
0.98548
0.98527
0.98508
0.98488
0.98469
0.9845
0.98432
0.98414
0.98396
0.98379
0.98362
0.98346
0.9833
0.98314
0.98299
0.98284
0.98269
0.98255
0.98241
0.98227
0.98214
0.98201
0.98188
0.98176
0.98164
0.98152
0.98141
0.9813
0.98119
0.98109
0.98099
0.98089
0.98079
0.9807
0.98061
0.98052
0.98044
0.98036
0.98028
0.98021
0.98013
0.98006
0.98
0.97993
0.97987
0.97981
0.97975
0.9797
0.97964
0.97959
0.97954
0.9795
0.97945
0.97941
0.97937
0.97934
0.9793
0.97927
0.97924
0.97921
0.97918
0.97915
0.97913
0.97911
0.97909
0.97907
0.97905
0.97904
0.97903
0.97901
0.979
0.97899
0.97899
0.97898
0.97897
0.97897
0.97897
0.97897
0.97897
0.97897
0.97897
0.97898
0.97898
0.97899
0.97899
0.979
0.97901
0.97902
0.97903
0.97904
0.97905
0.97906
0.97907
0.97909
0.9791
0.97912
0.97913
0.97915
0.97916
0.97918
0.97919
0.97921
0.97923
0.97924
0.97926
0.97928
0.9793
0.97932
0.97933
0.97935
0.97937
0.97939
0.9794
0.97942
0.97944
0.97945
0.97947
0.97949
0.9795
0.97952
0.97953
0.97955
0.97956
0.97958
0.97959
0.9796
0.97961
0.97962
0.97963
0.97964
0.97965
0.97966
0.97967
0.97967
0.97968
0.97968
0.97969
0.97969
0.97969
0.97969
0.97969
0.97969
0.97968
0.97968
0.97967
0.97967
0.97966
0.97965
0.97964
0.97962
0.97961
0.97959
0.97958
0.97956
0.97954
0.97952
0.97949
0.97947
0.97944
0.97941
0.97938
0.97935
0.97932
0.97928
0.97924
0.9792
0.97916
0.97912
0.97907
0.97903
0.97898
0.97892
0.97887
0.97882
0.97876
0.9787
0.97864
0.97857
0.97851
0.97844
0.97837
0.97829
0.97822
0.97814
0.97806
0.97798
0.97789
0.9778
0.97771
0.97762
0.97753
0.97743
0.97733
0.97723
0.97712
0.97701
0.9769
0.97679
0.97668
0.97656
0.97644
0.97631
0.97619
0.97606
0.97593
0.97579
0.97565
0.97551
0.97537
0.97523
0.97508
0.97493
0.97477
0.97462
0.97446
0.97429
0.97413
0.97396
0.97379
0.97361
0.97344
0.97326
0.97307
0.97289
0.9727
0.9725
0.97231
0.97211
0.97191
0.97171
0.9715
0.97129
0.97108
0.97086
0.97064
0.97042
0.97019
0.96996
0.96973
0.9695
0.96926
0.96902
0.96877
0.96853
0.96828
0.96802
0.96777
0.96751
0.96725
0.96698
0.96671
0.96644
0.96616
0.96589
0.96561
0.96532
0.96503
0.96474
0.96445
0.96415
0.96385
0.96355
0.96325
0.96294
0.96263
0.96231
0.96199
0.96167
0.96135
0.96102
0.96069
0.96036
0.96002
0.95969
0.95934
0.959
0.95865
0.9583
0.95795
0.95759
0.95723
0.95687
0.9565
0.95613
0.95576
0.95539
0.95501
0.95463
0.95425
0.95387
0.95348
0.95309
0.95269
0.9523
0.9519
0.95149
0.95109
0.95068
0.95027
0.94986
0.94944
0.94903
0.94861
0.94818
0.94776
0.94733
0.9469
0.94646
0.94603
0.94559
0.94515
0.94471
0.94426
0.94381
0.94336
0.94291
0.94245
0.94199
0.94153
0.94107
0.94061
0.94014
0.93967
0.9392
0.93872
0.93825
0.93777
0.93729
0.93681
0.93632
0.93584
0.93535
0.93486
0.93437
0.93387
0.93338
0.93288
0.93238
0.93188
0.93137
0.93087
0.93036
0.92985
0.92934
0.92883
0.92831
0.92779
0.92728
0.92676
0.92624
0.92571
0.92519
0.92466
0.92414
0.92361
0.92308
0.92255
0.92201
0.92148
0.92094
0.92041
0.91987
0.91933
0.91879
0.91825
0.91771
0.91716
0.91662
0.91607
0.91552
0.91498
0.91443
0.91388
0.91333
0.91277
0.91222
0.91167
0.91111
0.91056
0.91
0.90944
0.90889
0.90833
0.90777
0.90721
0.90665
0.90609
0.90553
0.90497
0.9044
0.90384
0.90328
0.90272
0.90215
0.90159
0.90102
0.90046
0.89989
0.89933
0.89876
0.8982
0.89763
0.89707
0.8965
0.89594
0.89537
0.8948
0.89424
0.89367
0.89311
0.89254
0.89198
0.89141
0.89085
0.89028
0.88972
0.88915
0.88859
0.88803
0.88746
0.8869
0.88634
0.88578
0.88522
0.88466
0.8841
0.88354
0.88298
0.88242
0.88186
0.8813
0.88075
0.88019
0.87964
0.87908
0.87853
0.87798
0.87743
0.87688
0.87633
0.87578
0.87523
0.87468
0.87414
0.87359
0.87305
0.87251
0.87196
0.87142
0.87089
0.87035
0.86981
0.86927
0.86874
0.86821
0.86768
0.86715
0.86662
0.86609
0.86556
0.86504
0.86451
0.86399
0.86347
0.86295
0.86244
0.86192
0.86141
0.86089
0.86038
0.85987
0.85936
0.85886
0.85835
0.85785
0.85735
0.85685
0.85635
0.85586
0.85536
0.85487
0.85438
0.85389
0.85341
0.85292
0.85244
0.85196
0.85148
0.851
0.85053
0.85006
0.84959
0.84912
0.84865
0.84819
0.84772
0.84726
0.8468
0.84635
0.84589
0.84544
0.84499
0.84454
0.8441
0.84366
0.84321
0.84278
0.84234
0.8419
0.84147
0.84104
0.84062
0.84019
0.83977
0.83935
0.83893
0.83851
0.8381
0.83769
0.83728
0.83687
0.83647
0.83607
0.83567
0.83527
0.83488
0.83448
0.8341
0.83371
0.83332
0.83294
0.83256
0.83218
0.83181
0.83144
0.83107
0.8307
0.83034
0.82997
0.82961
0.82926
0.8289
0.82855
0.8282
0.82785
0.82751
0.82717
0.82683
0.82649
0.82616
0.82582
0.82549
0.82517
0.82484
0.82452
0.8242
0.82389
0.82357
0.82326
0.82295
0.82264
0.82234
0.82204
0.82174
0.82144
0.82115
0.82086
0.82057
0.82028
0.82
0.81972
0.81944
0.81916
0.81889
0.81862
0.81835
0.81809
0.81782
0.81756
0.8173
0.81705
0.81679
0.81654
0.81629
0.81605
0.8158
0.81556
0.81532
0.81509
0.81485
0.81462
0.81439
0.81417
0.81394
0.81372
0.8135
0.81328
0.81307
0.81285
0.81264
0.81244
0.81223
0.81203
0.81183
0.81163
0.81143
0.81124
0.81104
0.81085
0.81067
0.81048
0.8103
0.81012
0.80994
0.80976
0.80959
0.80941
0.80924
0.80908
0.80891
0.80875
0.80858
0.80842
0.80827
0.80811
0.80796
0.8078
0.80765
0.80751
0.80736
0.80722
0.80707
0.80693
0.80679
0.80666
0.80652
0.80639
0.80626
0.80613
0.806
0.80588
0.80575
0.80563
0.80551
0.80539
0.80527
0.80516
0.80504
0.80493
0.80482
0.80471
0.8046
0.80449
0.80439
0.80429
0.80418
0.80408
0.80398
0.80389
0.80379
0.80369
0.8036
0.80351
0.80342
0.80333
0.80324
0.80315
0.80307
0.80298
0.8029
0.80281
0.80273
0.80265
0.80257
0.8025
0.80242
0.80234
0.80227
0.80219
0.80212
0.80205
0.80198
0.8019
0.80184
0.80177
0.8017
0.80163
0.80156
0.8015
0.80143
0.80137
0.80131
0.80124
0.80118
0.80112
0.80106
0.801
0.80094
0.80088
0.80082
0.80076
0.8007
0.80064
0.80058
0.80053
0.80047
0.80041
0.80036
0.8003
0.80024
0.80019
0.80013
0.80008
0.80002
0.79997
0.79991
0.79986
0.7998
0.79975
0.79969
0.79964
0.79958
0.79953
0.79947
0.79942
0.79936
0.79931
0.79925
0.7992
0.79914
0.79908
0.79903
0.79897
0.79891
0.79886
0.7988
0.79874
0.79868
0.79862
0.79856
0.7985
0.79844
0.79838
0.79832
0.79826
0.79819
0.79813
0.79807
0.798
0.79794
0.79787
0.7978
0.79773
0.79767
0.7976
0.79753
0.79746
0.79738
0.79731
0.79724
0.79716
0.79709
0.79701
0.79693
0.79685
0.79677
0.79669
0.79661
0.79653
0.79645
0.79636
0.79628
0.79619
0.7961
0.79601
0.79592
0.79583
0.79573
0.79564
0.79554
0.79545
0.79535
0.79525
0.79515
0.79504
0.79494
0.79484
0.79473
0.79462
0.79451
0.7944
0.79429
0.79417
0.79406
0.79394
0.79382
0.7937
0.79358
0.79346
0.79333
0.79321
0.79308
0.79295
0.79282
0.79268
0.79255
0.79241
0.79227
0.79213
0.79199
0.79185
0.7917
0.79156
0.79141
0.79126
0.79111
0.79095
0.7908
0.79064
0.79048
0.79032
0.79016
0.78999
0.78983
0.78966
0.78949
0.78931
0.78914
0.78896
0.78879
0.78861
0.78842
0.78824
0.78805
0.78787
0.78768
0.78749
0.78729
0.7871
0.7869
0.7867
0.7865
0.7863
0.78609
0.78589
0.78568
0.78547
0.78525
0.78504
0.78482
0.7846
0.78438
0.78416
0.78393
0.78371
0.78348
0.78325
0.78302
0.78278
0.78254
0.78231
0.78207
0.78182
0.78158
0.78133
0.78108
0.78083
0.78058
0.78033
0.78007
0.77981
0.77955
0.77929
0.77903
0.77876
0.77849
0.77822
0.77795
0.77768
0.7774
0.77713
0.77685
0.77657
0.77629
0.776
0.77571
0.77543
0.77514
0.77485
0.77455
0.77426
0.77396
0.77366
0.77336
0.77306
0.77275
0.77245
0.77214
0.77183
0.77152
0.77121
0.77089
0.77058
0.77026
0.76994
0.76962
0.7693
0.76897
0.76865
0.76832
0.76799
0.76766
0.76733
0.76699
0.76666
0.76632
0.76598
0.76565
0.7653
0.76496
0.76462
0.76427
0.76393
0.76358
0.76323
0.76288
0.76253
0.76218
0.76182
0.76147
0.76111
0.76075
0.76039
0.76003
0.75967
0.75931
0.75894
0.75858
0.75821
0.75785
0.75748
0.75711
0.75674
0.75637
0.756
0.75562
0.75525
0.75487
0.7545
0.75412
0.75375
0.75337
0.75299
0.75261
0.75223
0.75185
0.75146
0.75108
0.7507
0.75031
0.74993
0.74954
0.74916
0.74877
0.74838
0.748
0.74761
0.74722
0.74683
0.74644
0.74605
0.74566
0.74527
0.74488
0.74449
0.74409
0.7437
0.74331
0.74292
0.74252
0.74213
0.74174
0.74135
0.74095
0.74056
0.74016
0.73977
0.73938
0.73898
0.73859
0.7382
0.7378
0.73741
0.73702
0.73662
0.73623
0.73584
0.73544
0.73505
0.73466
0.73427
0.73387
0.73348
0.73309
0.7327
0.73231
0.73192
0.73153
0.73114
0.73075
0.73036
0.72998
0.72959
0.7292
0.72882
0.72843
0.72805
0.72766
0.72728
0.7269
0.72651
0.72613
0.72575
0.72537
0.72499
0.72461
0.72424
0.72386
0.72348
0.72311
0.72273
0.72236
0.72199
0.72162
0.72125
0.72088
0.72051
0.72014
0.71978
0.71941
0.71905
0.71869
0.71832
0.71796
0.71761
0.71725
0.71689
0.71654
0.71618
0.71583
0.71548
0.71513
0.71478
0.71443
0.71408
0.71374
0.7134
0.71305
0.71271
0.71238
0.71204
0.7117
0.71137
0.71103
0.7107
0.71037
0.71005
0.70972
0.70939
0.70907
0.70875
0.70843
0.70811
0.70779
0.70748
0.70717
0.70685
0.70654
0.70624
0.70593
0.70563
0.70532
0.70502
0.70472
0.70443
0.70413
0.70384
0.70355
0.70326
0.70297
0.70268
0.7024
0.70212
0.70184
0.70156
0.70128
0.70101
0.70074
0.70047
0.7002
0.69993
0.69967
0.69941
0.69915
0.69889
0.69863
0.69838
0.69813
0.69788
0.69763
0.69739
0.69714
0.6969
0.69666
0.69643
0.69619
0.69596
0.69573
0.6955
0.69527
0.69505
0.69483
0.69461
0.69439
0.69418
0.69396
0.69375
0.69355
0.69334
0.69314
0.69293
0.69274
0.69254
0.69234
0.69215
0.69196
0.69177
0.69159
0.6914
0.69122
0.69104
0.69087
0.69069
0.69052
0.69035
0.69018
0.69002
0.68985
0.68969
0.68953
0.68938
0.68922
0.68907
0.68892
0.68878
0.68863
0.68849
0.68835
0.68821
0.68807
0.68794
0.68781
0.68768
0.68755
0.68743
0.68731
0.68719
0.68707
0.68695
0.68684
0.68673
0.68662
0.68652
0.68641
0.68631
0.68621
0.68611
0.68602
0.68592
0.68583
0.68575
0.68566
0.68558
0.68549
0.68541
0.68534
0.68526
0.68519
0.68512
0.68505
0.68498
0.68492
0.68485
0.68479
0.68474
0.68468
0.68463
0.68458
0.68453
0.68448
0.68443
0.68439
0.68435
0.68431
0.68427
0.68424
0.6842
0.68417
0.68414
0.68412
0.68409
0.68407
0.68405
0.68403
0.68401
0.684
0.68399
0.68398
0.68397
0.68396
0.68395
0.68395
0.68395
0.68395
0.68395
0.68396
0.68396
0.68397
0.68398
0.68399
0.68401
0.68402
0.68404
0.68406
0.68408
0.6841
0.68413
0.68415
0.68418
0.68421
0.68424
0.68427
0.68431
0.68434
0.68438
0.68442
0.68446
0.68451
0.68455
0.6846
0.68464
0.68469
0.68475
0.6848
0.68485
0.68491
0.68497
0.68502
0.68508
0.68515
0.68521
0.68527
0.68534
0.68541
0.68548
0.68555
0.68562
0.68569
0.68577
0.68585
0.68592
0.686
0.68608
0.68616
0.68625
0.68633
0.68642
0.68651
0.68659
0.68668
0.68677
0.68687
0.68696
0.68705
0.68715
0.68725
0.68734
0.68744
0.68754
0.68765
0.68775
0.68785
0.68796
0.68806
0.68817
0.68828
0.68839
0.6885
0.68861
0.68872
0.68884
0.68895
0.68907
0.68919
0.6893
0.68942
0.68954
0.68966
0.68978
0.68991
0.69003
0.69015
0.69028
0.69041
0.69053
0.69066
0.69079
0.69092
0.69105
0.69118
0.69131
0.69145
0.69158
0.69172
0.69185
0.69199
0.69213
0.69226
0.6924
0.69254
0.69268
0.69282
0.69296
0.69311
0.69325
0.69339
0.69354
0.69368
0.69383
0.69397
0.69412
0.69427
0.69442
0.69457
0.69472
0.69487
0.69502
0.69517
0.69532
0.69547
0.69562
0.69578
0.69593
0.69609
0.69624
0.6964
0.69656
0.69671
0.69687
0.69703
0.69719
0.69734
0.6975
0.69766
0.69782
0.69799
0.69815
0.69831
0.69847
0.69863
0.6988
0.69896
0.69912
0.69929
0.69945
0.69962
0.69979
0.69995
0.70012
0.70029
0.70045
0.70062
0.70079
0.70096
0.70113
0.7013
0.70147
0.70164
0.70181
0.70198
0.70215
0.70232
0.70249
0.70266
0.70284
0.70301
0.70318
0.70336
0.70353
0.7037
0.70388
0.70405
0.70423
0.70441
0.70458
0.70476
0.70493
0.70511
0.70529
0.70547
0.70564
0.70582
0.706
0.70618
0.70636
0.70654
0.70672
0.7069
0.70708
0.70726
0.70744
0.70762
0.7078
0.70798
0.70816
0.70834
0.70853
0.70871
0.70889
0.70908
0.70926
0.70944
0.70963
0.70981
0.71
0.71018
0.71037
0.71055
0.71074
0.71092
0.71111
0.7113
0.71148
0.71167
0.71186
0.71205
0.71223
0.71242
0.71261
0.7128
0.71299
0.71318
0.71337
0.71356
0.71375
0.71394
0.71413
0.71432
0.71451
0.7147
0.71489
0.71508
0.71528
0.71547
0.71566
0.71585
0.71605
0.71624
0.71643
0.71663
0.71682
0.71702
0.71721
0.71741
0.7176
0.7178
0.71799
0.71819
0.71838
0.71858
0.71878
0.71898
0.71917
0.71937
0.71957
0.71977
0.71996
0.72016
0.72036
0.72056
0.72076
0.72096
0.72116
0.72136
0.72156
0.72176
0.72196
0.72216
0.72236
0.72257
0.72277
0.72297
0.72317
0.72338
0.72358
0.72378
0.72398
0.72419
0.72439
0.7246
0.7248
0.725
0.72521
0.72541
0.72562
0.72582
0.72603
0.72623
0.72644
0.72665
0.72685
0.72706
0.72727
0.72747
0.72768
0.72789
0.72809
0.7283
0.72851
0.72872
0.72893
0.72913
0.72934
0.72955
0.72976
0.72997
0.73018
0.73039
0.7306
0.73081
0.73102
0.73122
0.73143
0.73164
0.73185
0.73206
0.73227
0.73248
0.73269
0.7329
0.73312
0.73333
0.73354
0.73375
0.73396
0.73417
0.73438
0.73459
0.7348
0.73501
0.73522
0.73543
0.73564
0.73585
0.73606
0.73627
0.73648
0.7367
0.73691
0.73712
0.73733
0.73754
0.73775
0.73796
0.73817
0.73838
0.73859
0.7388
0.739
0.73921
0.73942
0.73963
0.73984
0.74005
0.74026
0.74046
0.74067
0.74088
0.74109
0.74129
0.7415
0.74171
0.74191
0.74212
0.74232
0.74253
0.74273
0.74294
0.74314
0.74335
0.74355
0.74375
0.74396
0.74416
0.74436
0.74456
0.74476
0.74496
0.74516
0.74536
0.74556
0.74576
0.74596
0.74615
0.74635
0.74655
0.74674
0.74694
0.74713
0.74733
0.74752
0.74771
0.7479
0.74809
0.74828
0.74847
0.74866
0.74885
0.74904
0.74923
0.74941
0.7496
0.74978
0.74996
0.75015
0.75033
0.75051
0.75069
0.75087
0.75105
0.75123
0.7514
0.75158
0.75175
0.75193
0.7521
0.75227
0.75244
0.75261
0.75278
0.75295
0.75311
0.75328
0.75344
0.75361
0.75377
0.75393
0.75409
0.75425
0.7544
0.75456
0.75471
0.75487
0.75502
0.75517
0.75532
0.75547
0.75562
0.75576
0.75591
0.75605
0.75619
0.75633
0.75647
0.75661
0.75674
0.75688
0.75701
0.75714
0.75727
0.7574
0.75753
0.75765
0.75778
0.7579
0.75802
0.75814
0.75826
0.75837
0.75849
0.7586
0.75871
0.75882
0.75893
0.75903
0.75914
0.75924
0.75934
0.75944
0.75954
0.75963
0.75973
0.75982
0.75991
0.76
0.76009
0.76017
0.76025
0.76033
0.76041
0.76049
0.76057
0.76064
0.76071
0.76078
0.76085
0.76091
0.76098
0.76104
0.7611
0.76116
0.76121
0.76127
0.76132
0.76137
0.76142
0.76146
0.76151
0.76155
0.76159
0.76163
0.76166
0.7617
0.76173
0.76176
0.76178
0.76181
0.76183
0.76185
0.76187
0.76189
0.7619
0.76191
0.76192
0.76193
0.76194
0.76194
0.76194
0.76194
0.76194
0.76194
0.76193
0.76192
0.76191
0.7619
0.76188
0.76186
0.76184
0.76182
0.7618
0.76177
0.76174
0.76171
0.76168
0.76164
0.7616
0.76156
0.76152
0.76148
0.76143
0.76139
0.76134
0.76128
0.76123
0.76117
0.76111
0.76105
0.76099
0.76092
0.76086
0.76079
0.76071
0.76064
0.76057
0.76049
0.76041
0.76033
0.76024
0.76016
0.76007
0.75998
0.75988
0.75979
0.75969
0.7596
0.7595
0.75939
0.75929
0.75918
0.75908
0.75897
0.75885
0.75874
0.75862
0.75851
0.75839
0.75827
0.75814
0.75802
0.75789
0.75776
0.75763
0.7575
0.75737
0.75723
0.75709
0.75695
0.75681
0.75667
0.75653
0.75638
0.75623
0.75608
0.75593
0.75578
0.75563
0.75547
0.75532
0.75516
0.755
0.75484
0.75468
0.75451
0.75435
0.75418
0.75401
0.75384
0.75367
0.7535
0.75333
0.75315
0.75298
0.7528
0.75263
0.75245
0.75227
0.75209
0.7519
0.75172
0.75154
0.75135
0.75117
0.75098
0.75079
0.7506
0.75041
0.75022
0.75003
0.74984
0.74965
0.74946
0.74926
0.74907
0.74887
0.74868
0.74848
0.74829
0.74809
0.74789
0.74769
0.7475
0.7473
0.7471
0.7469
0.7467
0.7465
0.7463
0.7461
0.7459
0.7457
0.7455
0.7453
0.7451
0.7449
0.7447
0.7445
0.7443
0.7441
0.7439
0.7437
0.7435
0.7433
0.7431
0.7429
0.74271
0.74251
0.74231
0.74212
0.74192
0.74172
0.74153
0.74134
0.74114
0.74095
0.74076
0.74057
0.74038
0.74019
0.74
0.73981
0.73963
0.73944
0.73926
0.73907
0.73889
0.73871
0.73853
0.73835
0.73818
0.738
0.73782
0.73765
0.73748
0.73731
0.73714
0.73697
0.73681
0.73664
0.73648
0.73632
0.73616
0.73601
0.73585
0.7357
0.73555
0.7354
0.73525
0.7351
0.73496
0.73482
0.73468
0.73454
0.7344
0.73427
0.73414
0.73401
0.73389
0.73376
0.73364
0.73352
0.73341
0.73329
0.73318
0.73307
0.73297
0.73286
0.73276
0.73267
0.73257
0.73248
0.73239
0.7323
0.73222
0.73214
0.73206
0.73198
0.73191
0.73184
0.73178
0.73172
0.73166
0.7316
0.73155
0.7315
0.73146
0.73141
0.73137
0.73134
0.73131
0.73128
0.73125
0.73123
0.73121
0.7312
0.73119
0.73118
0.73118
0.73118
0.73119
0.7312
0.73121
0.73123
0.73125
0.73127
0.7313
0.73133
0.73137
0.73141
0.73145
0.7315
0.73156
0.73161
0.73168
0.73174
0.73181
0.73189
0.73197
0.73205
0.73214
0.73223
0.73233
0.73243
0.73254
0.73265
0.73277
0.73289
0.73301
0.73314
0.73328
0.73342
0.73356
0.73371
0.73386
0.73402
0.73418
0.73435
0.73453
0.7347
0.73489
0.73508
0.73527
0.73547
0.73567
0.73588
0.7361
0.73632
0.73654
0.73677
0.737
0.73724
0.73749
0.73774
0.738
0.73826
0.73852
0.7388
0.73907
0.73936
0.73965
0.73994
0.74024
0.74054
0.74085
0.74117
0.74149
0.74182
0.74215
0.74249
0.74283
0.74318
0.74354
0.7439
0.74427
0.74464
0.74502
0.7454
0.74579
0.74618
0.74658
0.74699
0.7474
0.74782
0.74825
0.74868
0.74911
0.74955
0.75
0.75045
0.75091
0.75138
0.75185
0.75233
0.75281
0.7533
0.75379
0.75429
0.7548
0.75531
0.75583
0.75635
0.75688
0.75742
0.75796
0.75851
0.75906
0.75962
0.76019
0.76076
0.76134
0.76193
0.76252
0.76311
0.76371
0.76432
0.76494
0.76555
0.76618
0.76681
0.76745
0.76809
0.76874
0.7694
0.77006
0.77073
0.7714
0.77208
0.77277
0.77346
0.77416
0.77486
0.77557
0.77629
0.77701
0.77773
0.77847
0.77921
0.77995
0.7807
0.78146
0.78222
0.78299
0.78376
0.78454
0.78533
0.78612
0.78692
0.78772
0.78853
0.78934
0.79016
0.79099
0.79182
0.79266
0.7935
0.79435
0.7952
0.79606
0.79693
0.7978
0.79867
0.79956
0.80044
0.80134
0.80223
0.80314
0.80405
0.80496
0.80588
0.80681
0.80774
0.80867
0.80961
0.81056
0.81151
0.81247
0.81343
0.8144
0.81537
0.81634
0.81733
0.81831
0.81931
0.8203
0.8213
0.82231
0.82332
0.82434
0.82536
0.82639
0.82742
0.82845
0.82949
0.83054
0.83159
0.83264
0.8337
0.83477
0.83583
0.83691
0.83798
0.83906
0.84015
0.84124
0.84233
0.84343
0.84453
0.84564
0.84675
0.84786
0.84898
0.8501
0.85123
0.85236
0.85349
0.85463
0.85577
0.85692
0.85806
0.85922
0.86037
0.86153
0.86269
0.86386
0.86503
0.8662
0.86738
0.86856
0.86974
0.87093
0.87211
0.87331
0.8745
0.8757
0.8769
0.8781
0.87931
0.88052
0.88173
0.88294
0.88416
0.88538
0.8866
0.88782
0.88905
0.89028
0.89151
0.89274
0.89398
0.89522
0.89646
0.8977
0.89894
0.90018
0.90143
0.90268
0.90393
0.90518
0.90644
0.90769
0.90895
0.9102
0.91146
0.91272
0.91399
0.91525
0.91651
0.91778
0.91904
0.92031
0.92158
0.92285
0.92411
0.92538
0.92665
0.92792
0.9292
0.93047
0.93174
0.93301
0.93428
0.93556
0.93683
0.9381
0.93938
0.94065
0.94192
0.94319
0.94446
0.94574
0.94701
0.94828
0.94955
0.95082
0.95209
0.95335
0.95462
0.95589
0.95715
0.95842
0.95968
0.96094
0.9622
0.96346
0.96472
0.96598
0.96724
0.96849
0.96974
0.97099
0.97224
0.97349
0.97474
0.97598
0.97722
0.97846
0.9797
0.98093
0.98217
0.9834
0.98462
0.98585
0.98707
0.98829
0.98951
0.99073
0.99194
0.99315
0.99436
0.99556
0.99676
0.99796
0.99916
1.0003
1.0015
1.0027
1.0039
1.0051
1.0063
1.0074
1.0086
1.0098
1.0109
1.0121
1.0132
1.0144
1.0155
1.0167
1.0178
1.0189
1.0201
1.0212
1.0223
1.0234
1.0245
1.0256
1.0267
1.0278
1.0289
1.03
1.0311
1.0322
1.0332
1.0343
1.0354
1.0364
1.0375
1.0385
1.0396
1.0406
1.0416
1.0427
1.0437
1.0447
1.0457
1.0467
1.0477
1.0487
1.0497
1.0506
1.0516
1.0526
1.0536
1.0545
1.0555
1.0564
1.0573
1.0583
1.0592
1.0601
1.061
1.0619
1.0628
1.0637
1.0646
1.0655
1.0664
1.0672
1.0681
1.0689
1.0698
1.0706
1.0715
1.0723
1.0731
1.0739
1.0747
1.0755
1.0763
1.0771
1.0779
1.0786
1.0794
1.0801
1.0809
1.0816
1.0824
1.0831
1.0838
1.0845
1.0852
1.0859
1.0866
1.0873
1.0879
1.0886
1.0893
1.0899
1.0906
1.0912
1.0918
1.0924
1.093
1.0936
1.0942
1.0948
1.0954
1.096
1.0965
1.0971
1.0976
1.0982
1.0987
1.0992
1.0997
1.1002
1.1007
1.1012
1.1017
1.1022
1.1026
1.1031
1.1035
1.104
1.1044
1.1048
1.1053
1.1057
1.1061
1.1065
1.1068
1.1072
1.1076
1.1079
1.1083
1.1086
1.109
1.1093
1.1096
1.1099
1.1102
1.1105
1.1108
1.1111
1.1113
1.1116
1.1118
1.1121
1.1123
1.1125
1.1128
1.113
1.1132
1.1134
1.1135
1.1137
1.1139
1.114
1.1142
1.1143
1.1145
