0.83766
0.83747
0.83727
0.83708
0.83689
0.8367
0.83651
0.83632
0.83613
0.83595
0.83576
0.83558
0.83539
0.83521
0.83503
0.83485
0.83467
0.83449
0.83431
0.83413
0.83396
0.83378
0.83361
0.83344
0.83326
0.83309
0.83292
0.83275
0.83259
0.83242
0.83225
0.83209
0.83192
0.83176
0.8316
0.83144
0.83128
0.83112
0.83096
0.83081
0.83065
0.8305
0.83034
0.83019
0.83004
0.82989
0.82974
0.82959
0.82944
0.8293
0.82915
0.82901
0.82886
0.82872
0.82858
0.82844
0.8283
0.82816
0.82803
0.82789
0.82776
0.82762
0.82749
0.82736
0.82723
0.8271
0.82697
0.82684
0.82672
0.82659
0.82647
0.82634
0.82622
0.8261
0.82598
0.82586
0.82574
0.82563
0.82551
0.8254
0.82528
0.82517
0.82506
0.82495
0.82484
0.82473
0.82463
0.82452
0.82442
0.82431
0.82421
0.82411
0.82401
0.82391
0.82381
0.82371
0.82362
0.82352
0.82343
0.82333
0.82324
0.82315
0.82306
0.82297
0.82289
0.8228
0.82271
0.82263
0.82255
0.82247
0.82239
0.82231
0.82223
0.82215
0.82207
0.822
0.82192
0.82185
0.82178
0.82171
0.82164
0.82157
0.8215
0.82144
0.82137
0.82131
0.82124
0.82118
0.82112
0.82106
0.821
0.82094
0.82089
0.82083
0.82078
0.82072
0.82067
0.82062
0.82057
0.82052
0.82048
0.82043
0.82038
0.82034
0.8203
0.82025
0.82021
0.82017
0.82014
0.8201
0.82006
0.82003
0.81999
0.81996
0.81993
0.8199
0.81987
0.81984
0.81981
0.81978
0.81976
0.81973
0.81971
0.81969
0.81967
0.81965
0.81963
0.81961
0.8196
0.81958
0.81957
0.81955
0.81954
0.81953
0.81952
0.81951
0.81951
0.8195
0.8195
0.81949
0.81949
0.81949
0.81949
0.81949
0.81949
0.81949
0.81949
0.8195
0.8195
0.81951
0.81952
0.81953
0.81954
0.81955
0.81956
0.81958
0.81959
0.81961
0.81963
0.81964
0.81966
0.81968
0.8197
0.81973
0.81975
0.81978
0.8198
0.81983
0.81986
0.81989
0.81992
0.81995
0.81998
0.82001
0.82005
0.82008
0.82012
0.82016
0.8202
0.82024
0.82028
0.82032
0.82037
0.82041
0.82046
0.8205
0.82055
0.8206
0.82065
0.8207
0.82075
0.82081
0.82086
0.82092
0.82097
0.82103
0.82109
0.82115
0.82121
0.82127
0.82133
0.8214
0.82146
0.82153
0.8216
0.82167
0.82173
0.8218
0.82188
0.82195
0.82202
0.8221
0.82217
0.82225
0.82233
0.82241
0.82249
0.82257
0.82265
0.82273
0.82282
0.8229
0.82299
0.82308
0.82317
0.82326
0.82335
0.82344
0.82353
0.82362
0.82372
0.82382
0.82391
0.82401
0.82411
0.82421
0.82431
0.82441
0.82452
0.82462
0.82472
0.82483
0.82494
0.82505
0.82516
0.82527
0.82538
0.82549
0.8256
0.82572
0.82583
0.82595
0.82607
0.82618
0.8263
0.82642
0.82655
0.82667
0.82679
0.82692
0.82704
0.82717
0.82729
0.82742
0.82755
0.82768
0.82781
0.82795
0.82808
0.82821
0.82835
0.82849
0.82862
0.82876
0.8289
0.82904
0.82918
0.82932
0.82947
0.82961
0.82975
0.8299
0.83005
0.8302
0.83034
0.83049
0.83064
0.8308
0.83095
0.8311
0.83126
0.83141
0.83157
0.83172
0.83188
0.83204
0.8322
0.83236
0.83252
0.83269
0.83285
0.83301
0.83318
0.83335
0.83351
0.83368
0.83385
0.83402
0.83419
0.83436
0.83454
0.83471
0.83488
0.83506
0.83523
0.83541
0.83559
0.83577
0.83595
0.83613
0.83631
0.83649
0.83667
0.83686
0.83704
0.83723
0.83742
0.8376
0.83779
0.83798
0.83817
0.83836
0.83855
0.83874
0.83894
0.83913
0.83933
0.83952
0.83972
0.83992
0.84011
0.84031
0.84051
0.84071
0.84091
0.84112
0.84132
0.84152
0.84173
0.84193
0.84214
0.84235
0.84255
0.84276
0.84297
0.84318
0.84339
0.8436
0.84381
0.84403
0.84424
0.84446
0.84467
0.84489
0.8451
0.84532
0.84554
0.84576
0.84598
0.8462
0.84642
0.84664
0.84686
0.84709
0.84731
0.84753
0.84776
0.84799
0.84821
0.84844
0.84867
0.8489
0.84913
0.84936
0.84959
0.84982
0.85005
0.85028
0.85052
0.85075
0.85098
0.85122
0.85146
0.85169
0.85193
0.85217
0.85241
0.85265
0.85289
0.85313
0.85337
0.85361
0.85385
0.85409
0.85434
0.85458
0.85483
0.85507
0.85532
0.85556
0.85581
0.85606
0.85631
0.85656
0.8568
0.85705
0.85731
0.85756
0.85781
0.85806
0.85831
0.85857
0.85882
0.85907
0.85933
0.85958
0.85984
0.8601
0.86035
0.86061
0.86087
0.86113
0.86139
0.86164
0.8619
0.86216
0.86243
0.86269
0.86295
0.86321
0.86347
0.86374
0.864
0.86426
0.86453
0.86479
0.86506
0.86533
0.86559
0.86586
0.86613
0.86639
0.86666
0.86693
0.8672
0.86747
0.86774
0.86801
0.86828
0.86855
0.86882
0.86909
0.86936
0.86964
0.86991
0.87018
0.87045
0.87073
0.871
0.87128
0.87155
0.87183
0.8721
0.87238
0.87265
0.87293
0.87321
0.87348
0.87376
0.87404
0.87432
0.87459
0.87487
0.87515
0.87543
0.87571
0.87599
0.87627
0.87655
0.87683
0.87711
0.87739
0.87767
0.87795
0.87823
0.87852
0.8788
0.87908
0.87936
0.87965
0.87993
0.88021
0.8805
0.88078
0.88106
0.88135
0.88163
0.88191
0.8822
0.88248
0.88277
0.88305
0.88334
0.88362
0.88391
0.88419
0.88448
0.88476
0.88505
0.88534
0.88562
0.88591
0.88619
0.88648
0.88677
0.88705
0.88734
0.88763
0.88791
0.8882
0.88849
0.88877
0.88906
0.88935
0.88963
0.88992
0.89021
0.8905
0.89078
0.89107
0.89136
0.89164
0.89193
0.89222
0.89251
0.89279
0.89308
0.89337
0.89365
0.89394
0.89423
0.89452
0.8948
0.89509
0.89538
0.89566
0.89595
0.89624
0.89652
0.89681
0.8971
0.89738
0.89767
0.89796
0.89824
0.89853
0.89881
0.8991
0.89938
0.89967
0.89996
0.90024
0.90053
0.90081
0.9011
0.90138
0.90166
0.90195
0.90223
0.90252
0.9028
0.90308
0.90337
0.90365
0.90393
0.90422
0.9045
0.90478
0.90506
0.90535
0.90563
0.90591
0.90619
0.90647
0.90675
0.90703
0.90731
0.90759
0.90787
0.90815
0.90843
0.90871
0.90899
0.90926
0.90954
0.90982
0.9101
0.91037
0.91065
0.91093
0.9112
0.91148
0.91175
0.91203
0.9123
0.91258
0.91285
0.91312
0.9134
0.91367
0.91394
0.91421
0.91449
0.91476
0.91503
0.9153
0.91557
0.91584
0.91611
0.91638
0.91664
0.91691
0.91718
0.91745
0.91771
0.91798
0.91824
0.91851
0.91877
0.91904
0.9193
0.91956
0.91983
0.92009
0.92035
0.92061
0.92087
0.92113
0.92139
0.92165
0.92191
0.92217
0.92242
0.92268
0.92294
0.92319
0.92345
0.9237
0.92396
0.92421
0.92446
0.92471
0.92497
0.92522
0.92547
0.92572
0.92597
0.92621
0.92646
0.92671
0.92696
0.9272
0.92745
0.92769
0.92794
0.92818
0.92842
0.92867
0.92891
0.92915
0.92939
0.92963
0.92987
0.9301
0.93034
0.93058
0.93081
0.93105
0.93128
0.93152
0.93175
0.93198
0.93221
0.93245
0.93268
0.9329
0.93313
0.93336
0.93359
0.93381
0.93404
0.93426
0.93449
0.93471
0.93493
0.93516
0.93538
0.9356
0.93582
0.93603
0.93625
0.93647
0.93668
0.9369
0.93711
0.93733
0.93754
0.93775
0.93796
0.93817
0.93838
0.93859
0.9388
0.939
0.93921
0.93941
0.93962
0.93982
0.94002
0.94022
0.94042
0.94062
0.94082
0.94102
0.94121
0.94141
0.9416
0.9418
0.94199
0.94218
0.94237
0.94256
0.94275
0.94294
0.94313
0.94331
0.9435
0.94368
0.94386
0.94405
0.94423
0.94441
0.94459
0.94476
0.94494
0.94512
0.94529
0.94547
0.94564
0.94581
0.94598
0.94615
0.94632
0.94649
0.94666
0.94682
0.94699
0.94715
0.94731
0.94747
0.94763
0.94779
0.94795
0.94811
0.94826
0.94842
0.94857
0.94873
0.94888
0.94903
0.94918
0.94933
0.94947
0.94962
0.94976
0.94991
0.95005
0.95019
0.95033
0.95047
0.95061
0.95075
0.95088
0.95102
0.95115
0.95128
0.95141
0.95154
0.95167
0.9518
0.95193
0.95205
0.95218
0.9523
0.95242
0.95254
0.95266
0.95278
0.9529
0.95301
0.95313
0.95324
0.95335
0.95346
0.95357
0.95368
0.95379
0.95389
0.954
0.9541
0.9542
0.9543
0.9544
0.9545
0.9546
0.9547
0.95479
0.95488
0.95498
0.95507
0.95516
0.95524
0.95533
0.95542
0.9555
0.95559
0.95567
0.95575
0.95583
0.95591
0.95598
0.95606
0.95613
0.9562
0.95628
0.95635
0.95642
0.95648
0.95655
0.95661
0.95668
0.95674
0.9568
0.95686
0.95692
0.95698
0.95703
0.95709
0.95714
0.95719
0.95724
0.95729
0.95734
0.95738
0.95743
0.95747
0.95751
0.95756
0.9576
0.95763
0.95767
0.95771
0.95774
0.95777
0.9578
0.95783
0.95786
0.95789
0.95792
0.95794
0.95796
0.95798
0.958
0.95802
0.95804
0.95806
0.95807
0.95808
0.9581
0.95811
0.95812
0.95812
0.95813
0.95814
0.95814
0.95814
0.95814
0.95814
0.95814
0.95813
0.95813
0.95812
0.95812
0.95811
0.9581
0.95808
0.95807
0.95806
0.95804
0.95802
0.958
0.95798
0.95796
0.95794
0.95791
0.95788
0.95786
0.95783
0.9578
0.95777
0.95773
0.9577
0.95766
0.95762
0.95758
0.95754
0.9575
0.95746
0.95741
0.95737
0.95732
0.95727
0.95722
0.95717
0.95711
0.95706
0.957
0.95694
0.95688
0.95682
0.95676
0.9567
0.95663
0.95656
0.9565
0.95643
0.95636
0.95628
0.95621
0.95613
0.95606
0.95598
0.9559
0.95582
0.95574
0.95565
0.95557
0.95548
0.95539
0.9553
0.95521
0.95512
0.95502
0.95493
0.95483
0.95473
0.95463
0.95453
0.95443
0.95432
0.95422
0.95411
0.954
0.95389
0.95378
0.95367
0.95355
0.95344
0.95332
0.9532
0.95308
0.95296
0.95283
0.95271
0.95258
0.95246
0.95233
0.9522
0.95206
0.95193
0.9518
0.95166
0.95152
0.95138
0.95124
0.9511
0.95096
0.95081
0.95067
0.95052
0.95037
0.95022
0.95007
0.94992
0.94976
0.94961
0.94945
0.94929
0.94913
0.94897
0.9488
0.94864
0.94847
0.94831
0.94814
0.94797
0.94779
0.94762
0.94745
0.94727
0.94709
0.94692
0.94674
0.94655
0.94637
0.94619
0.946
0.94581
0.94563
0.94544
0.94524
0.94505
0.94486
0.94466
0.94446
0.94427
0.94407
0.94387
0.94366
0.94346
0.94326
0.94305
0.94284
0.94263
0.94242
0.94221
0.942
0.94178
0.94157
0.94135
0.94113
0.94091
0.94069
0.94047
0.94024
0.94002
0.93979
0.93956
0.93933
0.9391
0.93887
0.93864
0.9384
0.93816
0.93793
0.93769
0.93745
0.93721
0.93696
0.93672
0.93647
0.93623
0.93598
0.93573
0.93548
0.93523
0.93498
0.93472
0.93447
0.93421
0.93395
0.93369
0.93343
0.93317
0.93291
0.93264
0.93237
0.93211
0.93184
0.93157
0.9313
0.93103
0.93075
0.93048
0.9302
0.92993
0.92965
0.92937
0.92909
0.9288
0.92852
0.92824
0.92795
0.92766
0.92738
0.92709
0.9268
0.9265
0.92621
0.92592
0.92562
0.92533
0.92503
0.92473
0.92443
0.92413
0.92382
0.92352
0.92322
0.92291
0.9226
0.92229
0.92198
0.92167
0.92136
0.92105
0.92074
0.92042
0.9201
0.91979
0.91947
0.91915
0.91883
0.9185
0.91818
0.91786
0.91753
0.91721
0.91688
0.91655
0.91622
0.91589
0.91556
0.91522
0.91489
0.91455
0.91422
0.91388
0.91354
0.9132
0.91286
0.91252
0.91218
0.91183
0.91149
0.91114
0.9108
0.91045
0.9101
0.90975
0.9094
0.90905
0.9087
0.90834
0.90799
0.90763
0.90727
0.90692
0.90656
0.9062
0.90584
0.90547
0.90511
0.90475
0.90438
0.90402
0.90365
0.90328
0.90291
0.90254
0.90217
0.9018
0.90143
0.90106
0.90068
0.90031
0.89993
0.89955
0.89918
0.8988
0.89842
0.89804
0.89766
0.89727
0.89689
0.89651
0.89612
0.89574
0.89535
0.89496
0.89457
0.89418
0.89379
0.8934
0.89301
0.89262
0.89222
0.89183
0.89143
0.89104
0.89064
0.89024
0.88985
0.88945
0.88905
0.88865
0.88824
0.88784
0.88744
0.88703
0.88663
0.88622
0.88582
0.88541
0.885
0.88459
0.88418
0.88377
0.88336
0.88295
0.88254
0.88213
0.88171
0.8813
0.88088
0.88047
0.88005
0.87963
0.87922
0.8788
0.87838
0.87796
0.87754
0.87712
0.87669
0.87627
0.87585
0.87542
0.875
0.87457
0.87415
0.87372
0.87329
0.87287
0.87244
0.87201
0.87158
0.87115
0.87072
0.87029
0.86985
0.86942
0.86899
0.86856
0.86812
0.86769
0.86725
0.86681
0.86638
0.86594
0.8655
0.86506
0.86463
0.86419
0.86375
0.86331
0.86286
0.86242
0.86198
0.86154
0.8611
0.86065
0.86021
0.85976
0.85932
0.85887
0.85843
0.85798
0.85753
0.85709
0.85664
0.85619
0.85574
0.85529
0.85484
0.85439
0.85394
0.85349
0.85304
0.85259
0.85214
0.85168
0.85123
0.85078
0.85033
0.84987
0.84942
0.84896
0.84851
0.84805
0.8476
0.84714
0.84668
0.84623
0.84577
0.84531
0.84485
0.84439
0.84394
0.84348
0.84302
0.84256
0.8421
0.84164
0.84118
0.84072
0.84025
0.83979
0.83933
0.83887
0.83841
0.83794
0.83748
0.83702
0.83656
0.83609
0.83563
0.83516
0.8347
0.83423
0.83377
0.83331
0.83284
0.83237
0.83191
0.83144
0.83098
0.83051
0.83004
0.82958
0.82911
0.82864
0.82818
0.82771
0.82724
0.82677
0.82631
0.82584
0.82537
0.8249
0.82443
0.82397
0.8235
0.82303
0.82256
0.82209
0.82162
0.82115
0.82068
0.82021
0.81974
0.81927
0.8188
0.81833
0.81786
0.81739
0.81692
0.81645
0.81598
0.81551
0.81504
0.81457
0.8141
0.81363
0.81316
0.81269
0.81222
0.81175
0.81128
0.81081
0.81034
0.80987
0.8094
0.80893
0.80846
0.80799
0.80752
0.80705
0.80657
0.8061
0.80563
0.80516
0.80469
0.80422
0.80375
0.80328
0.80281
0.80234
0.80187
0.8014
0.80093
0.80046
0.79999
0.79952
0.79905
0.79858
0.79811
0.79765
0.79718
0.79671
0.79624
0.79577
0.7953
0.79483
0.79436
0.7939
0.79343
0.79296
0.79249
0.79202
0.79156
0.79109
0.79062
0.79015
0.78969
0.78922
0.78875
0.78829
0.78782
0.78736
0.78689
0.78642
0.78596
0.78549
0.78503
0.78456
0.7841
0.78363
0.78317
0.78271
0.78224
0.78178
0.78132
0.78085
0.78039
0.77993
0.77947
0.779
0.77854
0.77808
0.77762
0.77716
0.7767
0.77624
0.77578
0.77532
0.77486
0.7744
0.77394
0.77348
0.77302
0.77256
0.77211
0.77165
0.77119
0.77073
0.77028
0.76982
0.76937
0.76891
0.76846
0.768
0.76755
0.76709
0.76664
0.76618
0.76573
0.76528
0.76483
0.76437
0.76392
0.76347
0.76302
0.76257
0.76212
0.76167
0.76122
0.76077
0.76032
0.75987
0.75943
0.75898
0.75853
0.75809
0.75764
0.75719
0.75675
0.7563
0.75586
0.75541
0.75497
0.75453
0.75409
0.75364
0.7532
0.75276
0.75232
0.75188
0.75144
0.751
0.75056
0.75012
0.74968
0.74924
0.74881
0.74837
0.74793
0.7475
0.74706
0.74663
0.74619
0.74576
0.74533
0.74489
0.74446
0.74403
0.7436
0.74317
0.74274
0.74231
0.74188
0.74145
0.74102
0.74059
0.74017
0.73974
0.73931
0.73889
0.73846
0.73804
0.73761
0.73719
0.73677
0.73635
0.73592
0.7355
0.73508
0.73466
0.73424
0.73382
0.73341
0.73299
0.73257
0.73215
0.73174
0.73132
0.73091
0.73049
0.73008
0.72967
0.72925
0.72884
0.72843
0.72802
0.72761
0.7272
0.72679
0.72638
0.72598
0.72557
0.72516
0.72476
0.72435
0.72395
0.72354
0.72314
0.72274
0.72233
0.72193
0.72153
0.72113
0.72073
0.72033
0.71994
0.71954
0.71914
0.71874
0.71835
0.71795
0.71756
0.71717
0.71677
0.71638
0.71599
0.7156
0.71521
0.71482
0.71443
0.71404
0.71365
0.71327
0.71288
0.7125
0.71211
0.71173
0.71134
0.71096
0.71058
0.7102
0.70982
0.70944
0.70906
0.70868
0.7083
0.70792
0.70755
0.70717
0.7068
0.70642
0.70605
0.70568
0.7053
0.70493
0.70456
0.70419
0.70382
0.70345
0.70309
0.70272
0.70235
0.70199
0.70162
0.70126
0.70089
0.70053
0.70017
0.69981
0.69945
0.69909
0.69873
0.69837
0.69801
0.69766
0.6973
0.69695
0.69659
0.69624
0.69589
0.69553
0.69518
0.69483
0.69448
0.69413
0.69378
0.69344
0.69309
0.69274
0.6924
0.69205
0.69171
0.69137
0.69103
0.69068
0.69034
0.69
0.68967
0.68933
0.68899
0.68865
0.68832
0.68798
0.68765
0.68732
0.68698
0.68665
0.68632
0.68599
0.68566
0.68533
0.685
0.68468
0.68435
0.68402
0.6837
0.68338
0.68305
0.68273
0.68241
0.68209
0.68177
0.68145
0.68113
0.68081
0.6805
0.68018
0.67987
0.67955
0.67924
0.67893
0.67862
0.67831
0.678
0.67769
0.67738
0.67707
0.67676
0.67646
0.67615
0.67585
0.67555
0.67524
0.67494
0.67464
0.67434
0.67404
0.67374
0.67344
0.67315
0.67285
0.67256
0.67226
0.67197
0.67168
0.67139
0.67109
0.6708
0.67052
0.67023
0.66994
0.66965
0.66937
0.66908
0.6688
0.66852
0.66823
0.66795
0.66767
0.66739
0.66711
0.66683
0.66656
0.66628
0.666
0.66573
0.66546
0.66518
0.66491
0.66464
0.66437
0.6641
0.66383
0.66356
0.6633
0.66303
0.66276
0.6625
0.66224
0.66197
0.66171
0.66145
0.66119
0.66093
0.66067
0.66041
0.66016
0.6599
0.65965
0.65939
0.65914
0.65889
0.65864
0.65839
0.65814
0.65789
0.65764
0.65739
0.65714
0.6569
0.65665
0.65641
0.65617
0.65593
0.65569
0.65544
0.65521
0.65497
0.65473
0.65449
0.65426
0.65402
0.65379
0.65355
0.65332
0.65309
0.65286
0.65263
0.6524
0.65217
0.65195
0.65172
0.65149
0.65127
0.65105
0.65082
0.6506
0.65038
0.65016
0.64994
0.64972
0.6495
0.64929
0.64907
0.64886
0.64864
0.64843
0.64822
0.648
0.64779
0.64758
0.64738
0.64717
0.64696
0.64675
0.64655
0.64634
0.64614
0.64594
0.64574
0.64553
0.64533
0.64514
0.64494
0.64474
0.64454
0.64435
0.64415
0.64396
0.64376
0.64357
0.64338
0.64319
0.643
0.64281
0.64262
0.64244
0.64225
0.64207
0.64188
0.6417
0.64151
0.64133
0.64115
0.64097
0.64079
0.64061
0.64044
0.64026
0.64008
0.63991
0.63973
0.63956
0.63939
0.63922
0.63905
0.63888
0.63871
0.63854
0.63837
0.63821
0.63804
0.63788
0.63771
0.63755
0.63739
0.63723
0.63707
0.63691
0.63675
0.63659
0.63644
0.63628
0.63613
0.63597
0.63582
0.63567
0.63551
0.63536
0.63521
0.63506
0.63492
0.63477
0.63462
0.63448
0.63433
0.63419
0.63405
0.6339
0.63376
0.63362
0.63348
0.63334
0.63321
0.63307
0.63293
0.6328
0.63266
0.63253
0.6324
0.63226
0.63213
0.632
0.63187
0.63175
0.63162
0.63149
0.63137
0.63124
0.63112
0.63099
0.63087
0.63075
0.63063
0.63051
0.63039
0.63027
0.63015
0.63004
0.62992
0.62981
0.62969
0.62958
0.62947
0.62935
0.62924
0.62913
0.62902
0.62892
0.62881
0.6287
0.6286
0.62849
0.62839
0.62828
0.62818
0.62808
0.62798
0.62788
0.62778
0.62768
0.62759
0.62749
0.62739
0.6273
0.6272
0.62711
0.62702
0.62693
0.62684
0.62675
0.62666
0.62657
0.62648
0.62639
0.62631
0.62622
0.62614
0.62606
0.62597
0.62589
0.62581
0.62573
0.62565
0.62557
0.6255
0.62542
0.62534
0.62527
0.62519
0.62512
0.62505
0.62497
0.6249
0.62483
0.62476
0.62469
0.62463
0.62456
0.62449
0.62443
0.62436
0.6243
0.62424
0.62417
0.62411
0.62405
0.62399
0.62393
0.62387
0.62382
0.62376
0.6237
0.62365
0.62359
0.62354
0.62349
0.62343
0.62338
0.62333
0.62328
0.62323
0.62319
0.62314
0.62309
0.62305
0.623
0.62296
0.62291
0.62287
0.62283
0.62279
0.62275
0.62271
0.62267
0.62263
0.62259
0.62256
0.62252
0.62249
0.62245
0.62242
0.62239
0.62235
0.62232
0.62229
0.62226
0.62223
0.62221
0.62218
0.62215
0.62213
0.6221
0.62208
0.62205
0.62203
0.62201
0.62199
0.62197
0.62195
0.62193
0.62191
0.62189
0.62188
0.62186
0.62185
0.62183
0.62182
0.6218
0.62179
0.62178
0.62177
0.62176
0.62175
0.62174
0.62173
0.62173
0.62172
0.62171
0.62171
0.62171
0.6217
0.6217
0.6217
0.6217
0.6217
0.6217
0.6217
0.6217
0.6217
0.6217
0.62171
0.62171
0.62172
0.62172
0.62173
0.62174
0.62175
0.62175
0.62176
0.62177
0.62178
0.6218
0.62181
0.62182
0.62184
0.62185
0.62187
0.62188
0.6219
0.62191
0.62193
0.62195
0.62197
0.62199
0.62201
0.62203
0.62206
0.62208
0.6221
0.62213
0.62215
0.62218
0.6222
0.62223
0.62226
0.62229
0.62231
0.62234
0.62237
0.6224
0.62244
0.62247
0.6225
0.62254
0.62257
0.6226
0.62264
0.62268
0.62271
0.62275
0.62279
0.62283
0.62287
0.62291
0.62295
0.62299
0.62303
0.62308
0.62312
0.62316
0.62321
0.62326
0.6233
0.62335
0.6234
0.62344
0.62349
0.62354
0.62359
0.62364
0.62369
0.62375
0.6238
0.62385
0.62391
0.62396
0.62402
0.62407
0.62413
0.62419
0.62424
0.6243
0.62436
0.62442
0.62448
0.62454
0.6246
0.62466
0.62473
0.62479
0.62485
0.62492
0.62498
0.62505
0.62512
0.62518
0.62525
0.62532
0.62539
0.62546
0.62553
0.6256
0.62567
0.62574
0.62581
0.62589
0.62596
0.62603
0.62611
0.62618
0.62626
0.62634
0.62641
0.62649
0.62657
0.62665
0.62673
0.62681
0.62689
0.62697
0.62705
0.62713
0.62721
0.6273
0.62738
0.62747
0.62755
0.62764
0.62772
0.62781
0.6279
0.62799
0.62807
0.62816
0.62825
0.62834
0.62843
0.62853
0.62862
0.62871
0.6288
0.6289
0.62899
0.62908
0.62918
0.62927
0.62937
0.62947
0.62957
0.62966
0.62976
0.62986
0.62996
0.63006
0.63016
0.63026
0.63036
0.63046
0.63057
0.63067
0.63077
0.63088
0.63098
0.63109
0.63119
0.6313
0.6314
0.63151
0.63162
0.63173
0.63184
0.63195
0.63206
0.63217
0.63228
0.63239
0.6325
0.63261
0.63272
0.63284
0.63295
0.63306
0.63318
0.63329
0.63341
0.63353
0.63364
0.63376
0.63388
0.63399
0.63411
0.63423
0.63435
0.63447
0.63459
0.63471
0.63483
0.63495
0.63508
0.6352
0.63532
0.63545
0.63557
0.63569
0.63582
0.63594
0.63607
0.6362
0.63632
0.63645
0.63658
0.6367
0.63683
0.63696
0.63709
0.63722
0.63735
0.63748
0.63761
0.63774
0.63788
0.63801
0.63814
0.63827
0.63841
0.63854
0.63868
0.63881
0.63895
0.63908
0.63922
0.63935
0.63949
0.63963
0.63977
0.6399
0.64004
0.64018
0.64032
0.64046
0.6406
0.64074
0.64088
0.64102
0.64116
0.64131
0.64145
0.64159
0.64173
0.64188
0.64202
0.64217
0.64231
0.64246
0.6426
0.64275
0.64289
0.64304
0.64319
0.64333
0.64348
0.64363
0.64378
0.64393
0.64407
0.64422
0.64437
0.64452
0.64467
0.64482
0.64498
0.64513
0.64528
0.64543
0.64558
0.64574
0.64589
0.64604
0.6462
0.64635
0.6465
0.64666
0.64681
0.64697
0.64713
0.64728
0.64744
0.64759
0.64775
0.64791
0.64807
0.64822
0.64838
0.64854
0.6487
0.64886
0.64902
0.64918
0.64934
0.6495
0.64966
0.64982
0.64998
0.65014
0.6503
0.65047
0.65063
0.65079
0.65095
0.65112
0.65128
0.65144
0.65161
0.65177
0.65194
0.6521
0.65227
0.65243
0.6526
0.65276
0.65293
0.6531
0.65326
0.65343
0.6536
0.65376
0.65393
0.6541
0.65427
0.65444
0.65461
0.65477
0.65494
0.65511
0.65528
0.65545
0.65562
0.65579
0.65596
0.65613
0.6563
0.65648
0.65665
0.65682
0.65699
0.65716
0.65733
0.65751
0.65768
0.65785
0.65802
0.6582
0.65837
0.65855
0.65872
0.65889
0.65907
0.65924
0.65942
0.65959
0.65977
0.65994
0.66012
0.66029
0.66047
0.66064
0.66082
0.661
0.66117
0.66135
0.66153
0.6617
0.66188
0.66206
0.66223
0.66241
0.66259
0.66277
0.66295
0.66312
0.6633
0.66348
0.66366
0.66384
0.66402
0.6642
0.66438
0.66455
0.66473
0.66491
0.66509
0.66527
0.66545
0.66563
0.66581
0.66599
0.66617
0.66636
0.66654
0.66672
0.6669
0.66708
0.66726
0.66744
0.66762
0.6678
0.66799
0.66817
0.66835
0.66853
0.66871
0.6689
0.66908
0.66926
0.66944
0.66963
0.66981
0.66999
0.67017
0.67036
0.67054
0.67072
0.67091
0.67109
0.67127
0.67146
0.67164
0.67182
0.67201
0.67219
0.67237
0.67256
0.67274
0.67293
0.67311
0.67329
0.67348
0.67366
0.67385
0.67403
0.67421
0.6744
0.67458
0.67477
0.67495
0.67514
0.67532
0.6755
0.67569
0.67587
0.67606
0.67624
0.67643
0.67661
0.6768
0.67698
0.67717
0.67735
0.67753
0.67772
0.6779
0.67809
0.67827
0.67846
0.67864
0.67883
0.67901
0.6792
0.67938
0.67957
0.67975
0.67994
0.68012
0.68031
0.68049
0.68068
0.68086
0.68105
0.68123
0.68141
0.6816
0.68178
0.68197
0.68215
0.68234
0.68252
0.68271
0.68289
0.68307
0.68326
0.68344
0.68363
0.68381
0.684
0.68418
0.68436
0.68455
0.68473
0.68492
0.6851
0.68528
0.68547
0.68565
0.68584
0.68602
0.6862
0.68639
0.68657
0.68675
0.68694
0.68712
0.6873
0.68748
0.68767
0.68785
0.68803
0.68822
0.6884
0.68858
0.68876
0.68895
0.68913
0.68931
0.68949
0.68967
0.68986
0.69004
0.69022
0.6904
0.69058
0.69076
0.69095
0.69113
0.69131
0.69149
0.69167
0.69185
0.69203
0.69221
0.69239
0.69257
0.69275
0.69293
0.69311
0.69329
0.69347
0.69365
0.69383
0.69401
0.69419
0.69437
0.69455
0.69473
0.69491
0.69508
0.69526
0.69544
0.69562
0.6958
0.69597
0.69615
0.69633
0.69651
0.69668
0.69686
0.69704
0.69721
0.69739
0.69757
0.69774
0.69792
0.6981
0.69827
0.69845
0.69862
0.6988
0.69897
0.69915
0.69932
0.6995
0.69967
0.69985
0.70002
0.70019
0.70037
0.70054
0.70071
0.70089
0.70106
0.70123
0.70141
0.70158
0.70175
0.70192
0.70209
0.70227
0.70244
0.70261
0.70278
0.70295
0.70312
0.70329
0.70346
0.70363
0.7038
0.70397
0.70414
0.70431
0.70448
0.70465
0.70482
0.70499
0.70515
0.70532
0.70549
0.70566
0.70583
0.70599
0.70616
0.70633
0.70649
0.70666
0.70682
0.70699
0.70716
0.70732
0.70749
0.70765
0.70782
0.70798
0.70814
0.70831
0.70847
0.70864
0.7088
0.70896
0.70913
0.70929
0.70945
0.70961
0.70977
0.70994
0.7101
0.71026
0.71042
0.71058
0.71074
0.7109
0.71106
0.71122
0.71138
0.71154
0.7117
0.71186
0.71201
0.71217
0.71233
0.71249
0.71264
0.7128
0.71296
0.71312
0.71327
0.71343
0.71358
0.71374
0.71389
0.71405
0.7142
0.71436
0.71451
0.71467
0.71482
0.71497
0.71513
0.71528
0.71543
0.71558
0.71574
0.71589
0.71604
0.71619
0.71634
0.71649
0.71664
0.71679
0.71694
0.71709
0.71724
0.71739
0.71754
0.71769
0.71783
0.71798
0.71813
0.71828
0.71842
0.71857
0.71872
0.71886
0.71901
0.71915
0.7193
0.71944
0.71959
0.71973
0.71988
0.72002
0.72016
0.72031
0.72045
0.72059
0.72074
0.72088
0.72102
0.72116
0.7213
0.72144
0.72158
0.72172
0.72186
0.722
0.72214
0.72228
0.72242
0.72256
0.7227
0.72283
0.72297
0.72311
0.72325
0.72338
0.72352
0.72366
0.72379
0.72393
0.72406
0.7242
0.72433
0.72447
0.7246
0.72473
0.72487
0.725
0.72513
0.72526
0.7254
0.72553
0.72566
0.72579
0.72592
0.72605
0.72618
0.72631
0.72644
0.72657
0.7267
0.72683
0.72696
0.72708
0.72721
0.72734
0.72747
0.72759
0.72772
0.72785
0.72797
0.7281
0.72822
0.72835
0.72847
0.7286
0.72872
0.72885
0.72897
0.72909
0.72921
0.72934
0.72946
0.72958
0.7297
0.72982
0.72994
0.73007
0.73019
0.73031
0.73043
0.73055
0.73066
0.73078
0.7309
0.73102
0.73114
0.73126
0.73137
0.73149
0.73161
0.73172
0.73184
0.73195
0.73207
0.73218
0.7323
0.73241
0.73253
0.73264
0.73276
0.73287
0.73298
0.73309
0.73321
0.73332
0.73343
0.73354
0.73365
0.73376
0.73387
0.73398
0.73409
0.7342
0.73431
0.73442
0.73453
0.73464
0.73475
0.73486
0.73496
0.73507
0.73518
0.73528
0.73539
0.7355
0.7356
0.73571
0.73581
0.73592
0.73602
0.73613
0.73623
0.73633
0.73644
0.73654
0.73664
0.73675
0.73685
0.73695
0.73705
0.73715
0.73725
0.73735
0.73745
0.73755
0.73765
0.73775
0.73785
0.73795
0.73805
0.73815
0.73825
0.73835
0.73844
0.73854
0.73864
0.73873
0.73883
0.73893
0.73902
0.73912
0.73921
0.73931
0.7394
0.7395
0.73959
0.73969
0.73978
0.73987
0.73997
0.74006
0.74015
0.74025
0.74034
0.74043
0.74052
0.74061
0.7407
0.74079
0.74088
0.74097
0.74106
0.74115
0.74124
0.74133
0.74142
0.74151
0.7416
0.74169
0.74178
0.74186
0.74195
0.74204
0.74212
0.74221
0.7423
0.74238
0.74247
0.74256
0.74264
0.74273
0.74281
0.7429
0.74298
0.74306
0.74315
0.74323
0.74332
0.7434
0.74348
0.74356
0.74365
0.74373
0.74381
0.74389
0.74398
0.74406
0.74414
0.74422
0.7443
0.74438
0.74446
0.74454
0.74462
0.7447
0.74478
0.74486
0.74494
0.74502
0.74509
0.74517
0.74525
0.74533
0.74541
0.74548
0.74556
0.74564
0.74572
0.74579
0.74587
0.74594
0.74602
0.7461
0.74617
0.74625
0.74632
0.7464
0.74647
0.74655
0.74662
0.7467
0.74677
0.74684
0.74692
0.74699
0.74706
0.74714
0.74721
0.74728
0.74736
0.74743
0.7475
0.74757
0.74764
0.74772
0.74779
0.74786
0.74793
0.748
0.74807
0.74814
0.74821
0.74828
0.74835
0.74843
0.7485
0.74856
0.74863
0.7487
0.74877
0.74884
0.74891
0.74898
0.74905
0.74912
0.74919
0.74925
0.74932
0.74939
0.74946
0.74953
0.74959
0.74966
0.74973
0.7498
0.74986
0.74993
0.75
0.75006
0.75013
0.7502
0.75026
0.75033
0.7504
0.75046
0.75053
0.75059
0.75066
0.75072
0.75079
0.75085
0.75092
0.75098
0.75105
0.75111
0.75118
0.75124
0.75131
0.75137
0.75144
0.7515
0.75157
0.75163
0.75169
0.75176
0.75182
0.75189
0.75195
0.75201
0.75208
0.75214
0.7522
0.75227
0.75233
0.75239
0.75246
0.75252
0.75258
0.75265
0.75271
0.75277
0.75283
0.7529
0.75296
0.75302
0.75308
0.75315
0.75321
0.75327
0.75333
0.7534
0.75346
0.75352
0.75358
0.75365
0.75371
0.75377
0.75383
0.75389
0.75395
0.75402
0.75408
0.75414
0.7542
0.75426
0.75433
0.75439
0.75445
0.75451
0.75457
0.75463
0.7547
0.75476
0.75482
0.75488
0.75494
0.755
0.75507
0.75513
0.75519
0.75525
0.75531
0.75537
0.75544
0.7555
0.75556
0.75562
0.75568
0.75574
0.75581
0.75587
0.75593
0.75599
0.75605
0.75612
0.75618
0.75624
0.7563
0.75636
0.75643
0.75649
0.75655
0.75661
0.75667
0.75674
0.7568
0.75686
0.75692
0.75699
0.75705
0.75711
0.75717
0.75724
0.7573
0.75736
0.75742
0.75749
0.75755
0.75761
0.75768
0.75774
0.7578
0.75787
0.75793
0.75799
0.75806
0.75812
0.75818
0.75825
0.75831
0.75838
0.75844
0.7585
0.75857
0.75863
0.7587
0.75876
0.75883
0.75889
0.75896
0.75902
0.75909
0.75915
0.75922
0.75928
0.75935
0.75941
0.75948
0.75954
0.75961
0.75968
0.75974
0.75981
0.75987
0.75994
0.76001
0.76007
0.76014
0.76021
0.76028
0.76034
0.76041
0.76048
0.76055
0.76061
0.76068
0.76075
0.76082
0.76089
0.76096
0.76103
0.76109
0.76116
0.76123
0.7613
0.76137
0.76144
0.76151
0.76158
0.76165
0.76172
0.76179
0.76186
0.76194
0.76201
0.76208
0.76215
0.76222
0.76229
0.76237
0.76244
0.76251
0.76258
0.76266
0.76273
0.7628
0.76288
0.76295
0.76302
0.7631
0.76317
0.76325
0.76332
0.76339
0.76347
0.76355
0.76362
0.7637
0.76377
0.76385
0.76393
0.764
0.76408
0.76416
0.76423
0.76431
0.76439
0.76447
0.76454
0.76462
0.7647
0.76478
0.76486
0.76494
0.76502
0.7651
0.76518
0.76526
0.76534
0.76542
0.7655
0.76558
0.76566
0.76575
0.76583
0.76591
0.76599
0.76608
0.76616
0.76624
0.76633
0.76641
0.76649
0.76658
0.76666
0.76675
0.76683
0.76692
0.76701
0.76709
0.76718
0.76727
0.76735
0.76744
0.76753
0.76761
0.7677
0.76779
0.76788
0.76797
0.76806
0.76815
0.76824
0.76833
0.76842
0.76851
0.7686
0.76869
0.76878
0.76888
0.76897
0.76906
0.76915
0.76925
0.76934
0.76944
0.76953
0.76962
0.76972
0.76981
0.76991
0.77001
0.7701
0.7702
0.77029
0.77039
0.77049
0.77059
0.77069
0.77078
0.77088
0.77098
0.77108
0.77118
0.77128
0.77138
0.77148
0.77158
0.77169
0.77179
0.77189
0.77199
0.7721
0.7722
0.7723
0.77241
0.77251
0.77262
0.77272
0.77283
0.77293
0.77304
0.77315
0.77325
0.77336
0.77347
0.77357
0.77368
0.77379
0.7739
0.77401
0.77412
0.77423
0.77434
0.77445
0.77456
0.77468
0.77479
0.7749
0.77501
0.77513
0.77524
0.77535
0.77547
0.77558
0.7757
0.77582
0.77593
0.77605
0.77616
0.77628
0.7764
0.77652
0.77664
0.77675
0.77687
0.77699
0.77711
0.77723
0.77736
0.77748
0.7776
0.77772
0.77784
0.77797
0.77809
0.77821
0.77834
0.77846
0.77859
0.77871
0.77884
0.77896
0.77909
0.77922
0.77934
0.77947
0.7796
0.77973
0.77986
0.77999
0.78012
0.78025
0.78038
0.78051
0.78064
0.78078
0.78091
0.78104
0.78117
0.78131
0.78144
0.78158
0.78171
0.78185
0.78199
0.78212
0.78226
0.7824
0.78253
0.78267
0.78281
0.78295
0.78309
0.78323
0.78337
0.78351
0.78365
0.7838
0.78394
0.78408
0.78422
0.78437
0.78451
0.78466
0.7848
0.78495
0.78509
0.78524
0.78539
0.78553
0.78568
0.78583
0.78598
0.78613
0.78628
0.78643
0.78658
0.78673
0.78688
0.78703
0.78719
0.78734
0.78749
0.78765
0.7878
0.78796
0.78811
0.78827
0.78842
0.78858
0.78874
0.78889
0.78905
0.78921
0.78937
0.78953
0.78969
0.78985
0.79001
0.79017
0.79033
0.7905
0.79066
0.79082
0.79099
0.79115
0.79132
0.79148
0.79165
0.79181
0.79198
0.79215
0.79231
0.79248
0.79265
0.79282
0.79299
0.79316
0.79333
0.7935
0.79367
0.79385
0.79402
0.79419
0.79436
0.79454
0.79471
0.79489
0.79506
0.79524
0.79542
0.79559
0.79577
0.79595
0.79613
0.79631
0.79649
0.79666
0.79685
0.79703
0.79721
0.79739
0.79757
0.79775
0.79794
0.79812
0.79831
0.79849
0.79868
0.79886
0.79905
0.79923
0.79942
0.79961
0.7998
0.79999
0.80018
0.80037
0.80056
0.80075
0.80094
0.80113
0.80132
0.80151
0.80171
0.8019
0.8021
0.80229
0.80249
0.80268
0.80288
0.80307
0.80327
0.80347
0.80367
0.80387
0.80406
0.80426
0.80446
0.80467
0.80487
0.80507
0.80527
0.80547
0.80568
0.80588
0.80608
0.80629
0.80649
0.8067
0.80691
0.80711
0.80732
0.80753
0.80773
0.80794
0.80815
0.80836
0.80857
0.80878
0.80899
0.8092
0.80942
0.80963
0.80984
0.81006
0.81027
0.81048
0.8107
0.81091
0.81113
0.81135
0.81156
0.81178
0.812
0.81222
0.81244
0.81266
0.81288
0.8131
0.81332
0.81354
0.81376
0.81398
0.8142
0.81443
0.81465
0.81488
0.8151
0.81533
0.81555
0.81578
0.816
0.81623
0.81646
0.81669
0.81692
0.81714
0.81737
0.8176
0.81784
0.81807
0.8183
0.81853
0.81876
0.81899
0.81923
0.81946
0.8197
0.81993
0.82017
0.8204
0.82064
0.82088
0.82111
0.82135
0.82159
0.82183
0.82207
0.82231
0.82255
0.82279
0.82303
0.82327
0.82351
0.82375
0.824
0.82424
0.82448
0.82473
0.82497
0.82522
0.82546
0.82571
0.82595
0.8262
0.82645
0.8267
0.82694
0.82719
0.82744
0.82769
0.82794
0.82819
0.82844
0.8287
0.82895
0.8292
0.82945
0.82971
0.82996
0.83021
0.83047
0.83072
0.83098
0.83124
0.83149
0.83175
0.83201
0.83226
0.83252
0.83278
0.83304
0.8333
0.83356
0.83382
0.83408
0.83434
0.8346
0.83487
0.83513
0.83539
0.83565
0.83592
0.83618
0.83645
0.83671
0.83698
0.83724
0.83751
0.83778
0.83804
0.83831
0.83858
0.83885
0.83912
0.83939
0.83966
0.83993
0.8402
0.84047
0.84074
0.84101
0.84128
0.84156
0.84183
0.8421
0.84238
0.84265
0.84292
0.8432
0.84347
0.84375
0.84403
0.8443
0.84458
0.84486
0.84513
0.84541
0.84569
0.84597
0.84625
0.84653
0.84681
0.84709
0.84737
0.84765
0.84793
0.84821
0.8485
0.84878
0.84906
0.84935
0.84963
0.84991
0.8502
0.85048
0.85077
0.85105
0.85134
0.85163
0.85191
0.8522
0.85249
0.85278
0.85306
0.85335
0.85364
0.85393
0.85422
0.85451
0.8548
0.85509
0.85538
0.85567
0.85596
0.85626
0.85655
0.85684
0.85713
0.85743
0.85772
0.85801
0.85831
0.8586
0.8589
0.85919
0.85949
0.85978
0.86008
0.86038
0.86067
0.86097
0.86127
0.86156
0.86186
0.86216
0.86246
0.86276
0.86306
0.86336
0.86366
0.86396
0.86426
0.86456
0.86486
0.86516
0.86546
0.86576
0.86607
0.86637
0.86667
0.86697
0.86728
0.86758
0.86789
0.86819
0.86849
0.8688
0.8691
0.86941
0.86971
0.87002
0.87033
0.87063
0.87094
0.87124
0.87155
0.87186
0.87217
0.87247
0.87278
0.87309
0.8734
0.87371
0.87402
0.87433
0.87464
0.87495
0.87526
0.87557
0.87588
0.87619
0.8765
0.87681
0.87712
0.87743
0.87774
0.87805
0.87837
0.87868
0.87899
0.8793
0.87962
0.87993
0.88024
0.88056
0.88087
0.88119
0.8815
0.88181
0.88213
0.88244
0.88276
0.88307
0.88339
0.8837
0.88402
0.88434
0.88465
0.88497
0.88528
0.8856
0.88592
0.88623
0.88655
0.88687
0.88719
0.8875
0.88782
0.88814
0.88846
0.88878
0.88909
0.88941
0.88973
0.89005
0.89037
0.89069
0.89101
0.89133
0.89165
0.89197
0.89229
0.8926
0.89292
0.89324
0.89357
0.89389
0.89421
0.89453
0.89485
0.89517
0.89549
0.89581
0.89613
0.89645
0.89677
0.89709
0.89742
0.89774
0.89806
0.89838
0.8987
0.89902
0.89935
0.89967
0.89999
0.90031
0.90063
0.90096
0.90128
0.9016
0.90192
0.90225
0.90257
0.90289
0.90322
0.90354
0.90386
0.90418
0.90451
0.90483
0.90515
0.90548
0.9058
0.90612
0.90645
0.90677
0.90709
0.90742
0.90774
0.90806
0.90839
0.90871
0.90903
0.90936
0.90968
0.91
0.91033
0.91065
0.91097
0.9113
0.91162
0.91194
0.91227
0.91259
0.91291
0.91324
0.91356
0.91388
0.91421
0.91453
0.91485
0.91518
0.9155
0.91582
0.91615
0.91647
0.91679
0.91712
0.91744
0.91776
0.91808
0.91841
0.91873
0.91905
0.91938
0.9197
0.92002
0.92034
0.92067
0.92099
0.92131
0.92163
0.92196
0.92228
0.9226
0.92292
0.92324
0.92356
0.92389
0.92421
0.92453
0.92485
0.92517
0.92549
0.92581
0.92614
0.92646
0.92678
0.9271
0.92742
0.92774
0.92806
0.92838
0.9287
0.92902
0.92934
0.92966
