1.129
1.1291
1.1292
1.1293
1.1294
1.1295
1.1296
1.1297
1.1298
1.1299
1.13
1.1301
1.1302
1.1303
1.1304
1.1305
1.1306
1.1307
1.1309
1.131
1.1311
1.1312
1.1313
1.1315
1.1316
1.1317
1.1319
1.132
1.1321
1.1323
1.1324
1.1325
1.1327
1.1328
1.1329
1.1331
1.1332
1.1334
1.1335
1.1337
1.1338
1.134
1.1341
1.1343
1.1344
1.1346
1.1347
1.1349
1.1351
1.1352
1.1354
1.1356
1.1357
1.1359
1.1361
1.1362
1.1364
1.1366
1.1368
1.1369
1.1371
1.1373
1.1375
1.1377
1.1378
1.138
1.1382
1.1384
1.1386
1.1388
1.139
1.1392
1.1393
1.1395
1.1397
1.1399
1.1401
1.1403
1.1405
1.1407
1.1409
1.1411
1.1413
1.1416
1.1418
1.142
1.1422
1.1424
1.1426
1.1428
1.143
1.1433
1.1435
1.1437
1.1439
1.1441
1.1443
1.1446
1.1448
1.145
1.1452
1.1455
1.1457
1.1459
1.1462
1.1464
1.1466
1.1469
1.1471
1.1473
1.1476
1.1478
1.148
1.1483
1.1485
1.1488
1.149
1.1492
1.1495
1.1497
1.15
1.1502
1.1505
1.1507
1.151
1.1512
1.1515
1.1517
1.152
1.1522
1.1525
1.1527
1.153
1.1532
1.1535
1.1538
1.154
1.1543
1.1545
1.1548
1.1551
1.1553
1.1556
1.1559
1.1561
1.1564
1.1567
1.1569
1.1572
1.1575
1.1577
1.158
1.1583
1.1585
1.1588
1.1591
1.1593
1.1596
1.1599
1.1602
1.1604
1.1607
1.161
1.1613
1.1615
1.1618
1.1621
1.1624
1.1627
1.1629
1.1632
1.1635
1.1638
1.1641
1.1643
1.1646
1.1649
1.1652
1.1655
1.1657
1.166
1.1663
1.1666
1.1669
1.1672
1.1675
1.1677
1.168
1.1683
1.1686
1.1689
1.1692
1.1695
1.1697
1.17
1.1703
1.1706
1.1709
1.1712
1.1715
1.1717
1.172
1.1723
1.1726
1.1729
1.1732
1.1735
1.1738
1.174
1.1743
1.1746
1.1749
1.1752
1.1755
1.1758
1.1761
1.1764
1.1766
1.1769
1.1772
1.1775
1.1778
1.1781
1.1784
1.1787
1.1789
1.1792
1.1795
1.1798
1.1801
1.1804
1.1807
1.1809
1.1812
1.1815
1.1818
1.1821
1.1824
1.1826
1.1829
1.1832
1.1835
1.1838
1.1841
1.1843
1.1846
1.1849
1.1852
1.1855
1.1857
1.186
1.1863
1.1866
1.1869
1.1871
1.1874
1.1877
1.188
1.1882
1.1885
1.1888
1.1891
1.1893
1.1896
1.1899
1.1901
1.1904
1.1907
1.1909
1.1912
1.1915
1.1917
1.192
1.1923
1.1925
1.1928
1.1931
1.1933
1.1936
1.1939
1.1941
1.1944
1.1946
1.1949
1.1951
1.1954
1.1957
1.1959
1.1962
1.1964
1.1967
1.1969
1.1972
1.1974
1.1977
1.1979
1.1981
1.1984
1.1986
1.1989
1.1991
1.1994
1.1996
1.1998
1.2001
1.2003
1.2005
1.2008
1.201
1.2012
1.2015
1.2017
1.2019
1.2021
1.2024
1.2026
1.2028
1.203
1.2033
1.2035
1.2037
1.2039
1.2041
1.2043
1.2046
1.2048
1.205
1.2052
1.2054
1.2056
1.2058
1.206
1.2062
1.2064
1.2066
1.2068
1.207
1.2072
1.2074
1.2076
1.2078
1.2079
1.2081
1.2083
1.2085
1.2087
1.2089
1.209
1.2092
1.2094
1.2096
1.2097
1.2099
1.2101
1.2103
1.2104
1.2106
1.2107
1.2109
1.2111
1.2112
1.2114
1.2115
1.2117
1.2118
1.212
1.2121
1.2123
1.2124
1.2126
1.2127
1.2128
1.213
1.2131
1.2132
1.2134
1.2135
1.2136
1.2137
1.2139
1.214
1.2141
1.2142
1.2143
1.2145
1.2146
1.2147
1.2148
1.2149
1.215
1.2151
1.2152
1.2153
1.2154
1.2155
1.2156
1.2157
1.2157
1.2158
1.2159
1.216
1.2161
1.2161
1.2162
1.2163
1.2164
1.2164
1.2165
1.2166
1.2166
1.2167
1.2167
1.2168
1.2168
1.2169
1.2169
1.217
1.217
1.2171
1.2171
1.2172
1.2172
1.2172
1.2172
1.2173
1.2173
1.2173
1.2173
1.2174
1.2174
1.2174
1.2174
1.2174
1.2174
1.2174
1.2174
1.2174
1.2174
1.2174
1.2174
1.2174
1.2174
1.2174
1.2174
1.2173
1.2173
1.2173
1.2173
1.2172
1.2172
1.2172
1.2171
1.2171
1.2171
1.217
1.217
1.2169
1.2169
1.2168
1.2168
1.2167
1.2166
1.2166
1.2165
1.2164
1.2164
1.2163
1.2162
1.2161
1.2161
1.216
1.2159
1.2158
1.2157
1.2156
1.2155
1.2154
1.2153
1.2152
1.2151
1.215
1.2149
1.2148
1.2147
1.2145
1.2144
1.2143
1.2142
1.214
1.2139
1.2138
1.2136
1.2135
1.2133
1.2132
1.213
1.2129
1.2127
1.2126
1.2124
1.2123
1.2121
1.2119
1.2117
1.2116
1.2114
1.2112
1.211
1.2109
1.2107
1.2105
1.2103
1.2101
1.2099
1.2097
1.2095
1.2093
1.2091
1.2089
1.2087
1.2084
1.2082
1.208
1.2078
1.2076
1.2073
1.2071
1.2069
1.2066
1.2064
1.2061
1.2059
1.2056
1.2054
1.2051
1.2049
1.2046
1.2044
1.2041
1.2038
1.2036
1.2033
1.203
1.2027
1.2025
1.2022
1.2019
1.2016
1.2013
1.201
1.2007
1.2004
1.2001
1.1998
1.1995
1.1992
1.1989
1.1986
1.1982
1.1979
1.1976
1.1973
1.1969
1.1966
1.1963
1.1959
1.1956
1.1953
1.1949
1.1946
1.1942
1.1939
1.1935
1.1932
1.1928
1.1924
1.1921
1.1917
1.1913
1.191
1.1906
1.1902
1.1898
1.1894
1.1891
1.1887
1.1883
1.1879
1.1875
1.1871
1.1867
1.1863
1.1859
1.1855
1.1851
1.1846
1.1842
1.1838
1.1834
1.183
1.1825
1.1821
1.1817
1.1812
1.1808
1.1804
1.1799
1.1795
1.179
1.1786
1.1781
1.1777
1.1772
1.1768
1.1763
1.1758
1.1754
1.1749
1.1744
1.174
1.1735
1.173
1.1725
1.172
1.1716
1.1711
1.1706
1.1701
1.1696
1.1691
1.1686
1.1681
1.1676
1.1671
1.1666
1.1661
1.1656
1.1651
1.1645
1.164
1.1635
1.163
1.1624
1.1619
1.1614
1.1609
1.1603
1.1598
1.1592
1.1587
1.1582
1.1576
1.1571
1.1565
1.156
1.1554
1.1549
1.1543
1.1537
1.1532
1.1526
1.152
1.1515
1.1509
1.1503
1.1498
1.1492
1.1486
1.148
1.1474
1.1469
1.1463
1.1457
1.1451
1.1445
1.1439
1.1433
1.1427
1.1421
1.1415
1.1409
1.1403
1.1397
1.1391
1.1385
1.1379
1.1373
1.1367
1.136
1.1354
1.1348
1.1342
1.1335
1.1329
1.1323
1.1317
1.131
1.1304
1.1298
1.1291
1.1285
1.1279
1.1272
1.1266
1.1259
1.1253
1.1246
1.124
1.1233
1.1227
1.122
1.1214
1.1207
1.1201
1.1194
1.1187
1.1181
1.1174
1.1168
1.1161
1.1154
1.1148
1.1141
1.1134
1.1127
1.1121
1.1114
1.1107
1.11
1.1094
1.1087
1.108
1.1073
1.1066
1.1059
1.1053
1.1046
1.1039
1.1032
1.1025
1.1018
1.1011
1.1004
1.0997
1.099
1.0983
1.0976
1.0969
1.0962
1.0955
1.0948
1.0941
1.0934
1.0927
1.092
1.0913
1.0906
1.0899
1.0892
1.0885
1.0877
1.087
1.0863
1.0856
1.0849
1.0842
1.0834
1.0827
1.082
1.0813
1.0806
1.0799
1.0791
1.0784
1.0777
1.077
1.0762
1.0755
1.0748
1.0741
1.0733
1.0726
1.0719
1.0712
1.0704
1.0697
1.069
1.0682
1.0675
1.0668
1.066
1.0653
1.0646
1.0638
1.0631
1.0624
1.0616
1.0609
1.0602
1.0594
1.0587
1.058
1.0572
1.0565
1.0558
1.055
1.0543
1.0536
1.0528
1.0521
1.0513
1.0506
1.0499
1.0491
1.0484
1.0477
1.0469
1.0462
1.0454
1.0447
1.044
1.0432
1.0425
1.0418
1.041
1.0403
1.0395
1.0388
1.0381
1.0373
1.0366
1.0359
1.0351
1.0344
1.0336
1.0329
1.0322
1.0314
1.0307
1.03
1.0292
1.0285
1.0278
1.027
1.0263
1.0256
1.0248
1.0241
1.0234
1.0226
1.0219
1.0212
1.0204
1.0197
1.019
1.0182
1.0175
1.0168
1.0161
1.0153
1.0146
1.0139
1.0132
1.0124
1.0117
1.011
1.0103
1.0095
1.0088
1.0081
1.0074
1.0067
1.0059
1.0052
1.0045
1.0038
1.0031
1.0023
1.0016
1.0009
1.0002
0.9995
0.99879
0.99808
0.99737
0.99666
0.99595
0.99525
0.99454
0.99384
0.99313
0.99243
0.99173
0.99103
0.99033
0.98963
0.98893
0.98824
0.98754
0.98685
0.98615
0.98546
0.98477
0.98408
0.98339
0.98271
0.98202
0.98134
0.98065
0.97997
0.97929
0.97861
0.97793
0.97725
0.97658
0.9759
0.97523
0.97456
0.97389
0.97322
0.97255
0.97188
0.97122
0.97055
0.96989
0.96923
0.96857
0.96791
0.96725
0.9666
0.96594
0.96529
0.96464
0.96399
0.96334
0.9627
0.96205
0.96141
0.96077
0.96013
0.95949
0.95886
0.95822
0.95759
0.95696
0.95633
0.9557
0.95507
0.95445
0.95382
0.9532
0.95258
0.95196
0.95135
0.95073
0.95012
0.94951
0.9489
0.94829
0.94769
0.94708
0.94648
0.94588
0.94529
0.94469
0.9441
0.9435
0.94291
0.94233
0.94174
0.94115
0.94057
0.93999
0.93941
0.93884
0.93826
0.93769
0.93712
0.93655
0.93599
0.93542
0.93486
0.9343
0.93374
0.93319
0.93263
0.93208
0.93153
0.93098
0.93044
0.9299
0.92935
0.92882
0.92828
0.92775
0.92721
0.92668
0.92616
0.92563
0.92511
0.92459
0.92407
0.92355
0.92304
0.92253
0.92202
0.92151
0.92101
0.92051
0.92001
0.91951
0.91901
0.91852
0.91803
0.91754
0.91706
0.91657
0.91609
0.91562
0.91514
0.91467
0.9142
0.91373
0.91326
0.9128
0.91234
0.91188
0.91142
0.91097
0.91052
0.91007
0.90963
0.90918
0.90874
0.90831
0.90787
0.90744
0.90701
0.90658
0.90616
0.90573
0.90531
0.9049
0.90448
0.90407
0.90366
0.90326
0.90285
0.90245
0.90206
0.90166
0.90127
0.90088
0.90049
0.90011
0.89973
0.89935
0.89897
0.8986
0.89823
0.89786
0.89749
0.89713
0.89677
0.89642
0.89606
0.89571
0.89537
0.89502
0.89468
0.89434
0.894
0.89367
0.89334
0.89301
0.89269
0.89236
0.89205
0.89173
0.89142
0.89111
0.8908
0.8905
0.89019
0.8899
0.8896
0.88931
0.88902
0.88873
0.88845
0.88817
0.88789
0.88762
0.88735
0.88708
0.88681
0.88655
0.88629
0.88604
0.88578
0.88553
0.88529
0.88504
0.8848
0.88456
0.88433
0.8841
0.88387
0.88364
0.88342
0.8832
0.88299
0.88278
0.88257
0.88236
0.88216
0.88196
0.88176
0.88157
0.88138
0.88119
0.88101
0.88082
0.88065
0.88047
0.8803
0.88013
0.87997
0.87981
0.87965
0.87949
0.87934
0.87919
0.87905
0.87891
0.87877
0.87863
0.8785
0.87837
0.87825
0.87812
0.878
0.87789
0.87778
0.87767
0.87756
0.87746
0.87736
0.87726
0.87717
0.87708
0.877
0.87691
0.87683
0.87676
0.87669
0.87662
0.87655
0.87649
0.87643
0.87637
0.87632
0.87627
0.87623
0.87619
0.87615
0.87611
0.87608
0.87605
0.87603
0.876
0.87599
0.87597
0.87596
0.87595
0.87595
0.87595
0.87595
0.87595
0.87596
0.87598
0.87599
0.87601
0.87603
0.87606
0.87609
0.87612
0.87616
0.8762
0.87624
0.87629
0.87634
0.8764
0.87645
0.87652
0.87658
0.87665
0.87672
0.8768
0.87687
0.87696
0.87704
0.87713
0.87722
0.87732
0.87742
0.87752
0.87763
0.87774
0.87785
0.87797
0.87809
0.87822
0.87834
0.87848
0.87861
0.87875
0.87889
0.87904
0.87919
0.87934
0.8795
0.87966
0.87982
0.87999
0.88016
0.88033
0.88051
0.88069
0.88087
0.88106
0.88125
0.88145
0.88165
0.88185
0.88206
0.88227
0.88248
0.8827
0.88292
0.88314
0.88337
0.8836
0.88384
0.88407
0.88432
0.88456
0.88481
0.88506
0.88532
0.88558
0.88584
0.88611
0.88638
0.88665
0.88693
0.88721
0.8875
0.88779
0.88808
0.88837
0.88867
0.88898
0.88928
0.88959
0.88991
0.89022
0.89054
0.89087
0.8912
0.89153
0.89186
0.8922
0.89254
0.89289
0.89324
0.89359
0.89395
0.89431
0.89467
0.89504
0.89541
0.89578
0.89616
0.89654
0.89693
0.89732
0.89771
0.89811
0.89851
0.89891
0.89932
0.89973
0.90014
0.90056
0.90098
0.9014
0.90183
0.90226
0.9027
0.90313
0.90358
0.90402
0.90447
0.90492
0.90538
0.90584
0.9063
0.90677
0.90724
0.90772
0.90819
0.90867
0.90916
0.90965
0.91014
0.91063
0.91113
0.91163
0.91214
0.91265
0.91316
0.91368
0.9142
0.91472
0.91525
0.91578
0.91631
0.91685
0.91739
0.91793
0.91848
0.91903
0.91959
0.92014
0.92071
0.92127
0.92184
0.92241
0.92299
0.92356
0.92415
0.92473
0.92532
0.92591
0.92651
0.92711
0.92771
0.92832
0.92892
0.92954
0.93015
0.93077
0.9314
0.93202
0.93265
0.93328
0.93392
0.93456
0.9352
0.93585
0.9365
0.93715
0.93781
0.93847
0.93913
0.9398
0.94047
0.94114
0.94182
0.9425
0.94318
0.94386
0.94455
0.94525
0.94594
0.94664
0.94734
0.94805
0.94876
0.94947
0.95018
0.9509
0.95162
0.95235
0.95308
0.95381
0.95454
0.95528
0.95602
0.95676
0.95751
0.95826
0.95902
0.95977
0.96053
0.96129
0.96206
0.96283
0.9636
0.96437
0.96515
0.96593
0.96672
0.9675
0.96829
0.96909
0.96988
0.97068
0.97149
0.97229
0.9731
0.97391
0.97472
0.97554
0.97636
0.97718
0.97801
0.97884
0.97967
0.98051
0.98134
0.98218
0.98303
0.98387
0.98472
0.98557
0.98643
0.98729
0.98815
0.98901
0.98987
0.99074
0.99161
0.99249
0.99337
0.99425
0.99513
0.99601
0.9969
0.99779
0.99868
0.99958
1.0005
1.0014
1.0023
1.0032
1.0041
1.005
1.0059
1.0068
1.0078
1.0087
1.0096
1.0105
1.0115
1.0124
1.0133
1.0143
1.0152
1.0161
1.0171
1.018
1.019
1.0199
1.0209
1.0219
1.0228
1.0238
1.0247
1.0257
1.0267
1.0276
1.0286
1.0296
1.0306
1.0315
1.0325
1.0335
1.0345
1.0355
1.0365
1.0375
1.0385
1.0395
1.0405
1.0415
1.0425
1.0435
1.0445
1.0455
1.0465
1.0475
1.0485
1.0495
1.0506
1.0516
1.0526
1.0536
1.0547
1.0557
1.0567
1.0577
1.0588
1.0598
1.0609
1.0619
1.0629
1.064
1.065
1.0661
1.0671
1.0682
1.0692
1.0703
1.0713
1.0724
1.0734
1.0745
1.0756
1.0766
1.0777
1.0788
1.0798
1.0809
1.082
1.083
1.0841
1.0852
1.0863
1.0873
1.0884
1.0895
1.0906
1.0917
1.0928
1.0938
1.0949
1.096
1.0971
1.0982
1.0993
1.1004
1.1015
1.1026
1.1037
1.1048
1.1059
1.107
1.1081
1.1092
1.1103
1.1114
1.1125
1.1136
1.1147
1.1158
1.1169
1.118
1.1191
1.1202
1.1213
1.1225
1.1236
1.1247
1.1258
1.1269
1.128
1.1291
1.1303
1.1314
1.1325
1.1336
1.1347
1.1359
1.137
1.1381
1.1392
1.1403
1.1415
1.1426
1.1437
1.1448
1.146
1.1471
1.1482
1.1493
1.1505
1.1516
1.1527
1.1538
1.155
1.1561
1.1572
1.1583
1.1595
1.1606
1.1617
1.1628
1.164
1.1651
1.1662
1.1673
1.1685
1.1696
1.1707
1.1718
1.173
1.1741
1.1752
1.1764
1.1775
1.1786
1.1797
1.1808
1.182
1.1831
1.1842
1.1853
1.1865
1.1876
1.1887
1.1898
1.1909
1.1921
1.1932
1.1943
1.1954
1.1965
1.1976
1.1988
1.1999
1.201
1.2021
1.2032
1.2043
1.2054
1.2066
1.2077
1.2088
1.2099
1.211
1.2121
1.2132
1.2143
1.2154
1.2165
1.2176
1.2187
1.2198
1.2209
1.222
1.2231
1.2242
1.2253
1.2264
1.2275
1.2285
1.2296
1.2307
1.2318
1.2329
1.234
1.235
1.2361
1.2372
1.2383
1.2393
1.2404
1.2415
1.2426
1.2436
1.2447
1.2458
1.2468
1.2479
1.2489
1.25
1.2511
1.2521
1.2532
1.2542
1.2553
1.2563
1.2574
1.2584
1.2594
1.2605
1.2615
1.2625
1.2636
1.2646
1.2656
1.2667
1.2677
1.2687
1.2697
1.2708
1.2718
1.2728
1.2738
1.2748
1.2758
1.2768
1.2778
1.2788
1.2798
1.2808
1.2818
1.2828
1.2838
1.2848
1.2857
1.2867
1.2877
1.2887
1.2897
1.2906
1.2916
1.2926
1.2935
1.2945
1.2954
1.2964
1.2973
1.2983
1.2992
1.3002
1.3011
1.302
1.303
1.3039
1.3048
1.3058
1.3067
1.3076
1.3085
1.3094
1.3103
1.3112
1.3122
1.3131
1.3139
1.3148
1.3157
1.3166
1.3175
1.3184
1.3193
1.3201
1.321
1.3219
1.3227
1.3236
1.3245
1.3253
1.3262
1.327
1.3279
1.3287
1.3295
1.3304
1.3312
1.332
1.3329
1.3337
1.3345
1.3353
1.3361
1.3369
1.3377
1.3385
1.3393
1.3401
1.3409
1.3417
1.3425
1.3432
1.344
1.3448
1.3455
1.3463
1.3471
1.3478
1.3486
1.3493
1.3501
1.3508
1.3515
1.3523
1.353
1.3537
1.3544
1.3551
1.3558
1.3565
1.3572
1.3579
1.3586
1.3593
1.36
1.3607
1.3614
1.362
1.3627
1.3634
1.364
1.3647
1.3653
1.366
1.3666
1.3673
1.3679
1.3685
1.3692
1.3698
1.3704
1.371
1.3716
1.3722
1.3728
1.3734
1.374
1.3746
1.3752
1.3758
1.3763
1.3769
1.3775
1.378
1.3786
1.3791
1.3797
1.3802
1.3808
1.3813
1.3818
1.3823
1.3829
1.3834
1.3839
1.3844
1.3849
1.3854
1.3859
1.3864
1.3869
1.3873
1.3878
1.3883
1.3887
1.3892
1.3897
1.3901
1.3905
1.391
1.3914
1.3918
1.3923
1.3927
1.3931
1.3935
1.3939
1.3943
1.3947
1.3951
1.3955
1.3959
1.3963
1.3966
1.397
1.3974
1.3977
1.3981
1.3984
1.3988
1.3991
1.3995
1.3998
1.4001
1.4004
1.4007
1.4011
1.4014
1.4017
1.402
1.4022
1.4025
1.4028
1.4031
1.4034
1.4036
1.4039
1.4041
1.4044
1.4046
1.4049
1.4051
1.4053
1.4056
1.4058
1.406
1.4062
1.4064
1.4066
1.4068
1.407
1.4072
1.4074
1.4076
1.4077
1.4079
1.4081
1.4082
1.4084
1.4085
1.4087
1.4088
1.4089
1.4091
1.4092
1.4093
1.4094
1.4095
1.4096
1.4097
1.4098
1.4099
1.41
1.4101
1.4101
1.4102
1.4103
1.4103
1.4104
1.4104
1.4105
1.4105
1.4106
1.4106
1.4106
1.4106
1.4106
1.4107
1.4107
1.4107
1.4107
1.4106
1.4106
1.4106
1.4106
1.4106
1.4105
1.4105
1.4104
1.4104
1.4103
1.4103
1.4102
1.4102
1.4101
1.41
1.4099
1.4098
1.4097
1.4096
1.4095
1.4094
1.4093
1.4092
1.4091
1.409
1.4088
1.4087
1.4086
1.4084
1.4083
1.4081
1.408
1.4078
1.4076
1.4075
1.4073
1.4071
1.4069
1.4067
1.4065
1.4064
1.4061
1.4059
1.4057
1.4055
1.4053
1.4051
1.4048
1.4046
1.4044
1.4041
1.4039
1.4036
1.4034
1.4031
1.4028
1.4026
1.4023
1.402
1.4017
1.4014
1.4011
1.4009
1.4006
1.4002
1.3999
1.3996
1.3993
1.399
1.3987
1.3983
1.398
1.3977
1.3973
1.397
1.3966
1.3963
1.3959
1.3955
1.3952
1.3948
1.3944
1.394
1.3937
1.3933
1.3929
1.3925
1.3921
1.3917
1.3913
1.3909
1.3904
1.39
1.3896
1.3892
1.3887
1.3883
1.3879
1.3874
1.387
1.3865
1.3861
1.3856
1.3852
1.3847
1.3842
1.3837
1.3833
1.3828
1.3823
1.3818
1.3813
1.3808
1.3803
1.3798
1.3793
1.3788
1.3783
1.3778
1.3773
1.3767
1.3762
1.3757
1.3752
1.3746
1.3741
1.3735
1.373
1.3724
1.3719
1.3713
1.3708
1.3702
1.3696
1.3691
1.3685
1.3679
1.3673
1.3668
1.3662
1.3656
1.365
1.3644
1.3638
1.3632
1.3626
1.362
1.3614
1.3608
1.3601
1.3595
1.3589
1.3583
1.3577
1.357
1.3564
1.3558
1.3551
1.3545
1.3538
1.3532
1.3525
1.3519
1.3512
1.3506
1.3499
1.3492
1.3486
1.3479
1.3472
1.3466
1.3459
1.3452
1.3445
1.3438
1.3432
1.3425
1.3418
1.3411
1.3404
1.3397
1.339
1.3383
1.3376
1.3369
1.3362
1.3354
1.3347
1.334
1.3333
1.3326
1.3319
1.3311
1.3304
1.3297
1.3289
1.3282
1.3275
1.3267
1.326
1.3253
1.3245
1.3238
1.323
1.3223
1.3215
1.3208
1.32
1.3193
1.3185
1.3177
1.317
1.3162
1.3154
1.3147
1.3139
1.3131
1.3124
1.3116
1.3108
1.31
1.3093
1.3085
1.3077
1.3069
1.3061
1.3053
1.3046
1.3038
1.303
1.3022
1.3014
1.3006
1.2998
1.299
1.2982
1.2974
1.2966
1.2958
1.295
1.2942
1.2934
1.2926
1.2918
1.291
1.2902
1.2893
1.2885
1.2877
1.2869
1.2861
1.2853
1.2845
1.2836
1.2828
1.282
1.2812
1.2804
1.2795
1.2787
1.2779
1.2771
1.2762
1.2754
1.2746
1.2738
1.2729
1.2721
1.2713
1.2704
1.2696
1.2688
1.2679
1.2671
1.2663
1.2654
1.2646
1.2638
1.2629
1.2621
1.2613
1.2604
1.2596
1.2587
1.2579
1.2571
1.2562
1.2554
1.2545
1.2537
1.2529
1.252
1.2512
1.2503
1.2495
1.2487
1.2478
1.247
1.2461
1.2453
1.2444
1.2436
1.2428
1.2419
1.2411
1.2402
1.2394
1.2385
1.2377
1.2369
1.236
1.2352
1.2343
1.2335
1.2326
1.2318
1.231
1.2301
1.2293
1.2284
1.2276
1.2268
1.2259
1.2251
1.2242
1.2234
1.2225
1.2217
1.2209
1.22
1.2192
1.2184
1.2175
1.2167
1.2158
1.215
1.2142
1.2133
1.2125
1.2117
1.2108
1.21
1.2092
1.2083
1.2075
1.2067
1.2058
1.205
1.2042
1.2034
1.2025
1.2017
1.2009
1.2
1.1992
1.1984
1.1976
1.1967
1.1959
1.1951
1.1943
1.1935
1.1926
1.1918
1.191
1.1902
1.1894
1.1886
1.1877
1.1869
1.1861
1.1853
1.1845
1.1837
1.1829
1.1821
1.1813
1.1805
1.1797
1.1788
1.178
1.1772
1.1764
1.1756
1.1748
1.174
1.1733
1.1725
1.1717
1.1709
1.1701
1.1693
1.1685
1.1677
1.1669
1.1661
1.1653
1.1646
1.1638
1.163
1.1622
1.1614
1.1607
1.1599
1.1591
1.1583
1.1576
1.1568
1.156
1.1553
1.1545
1.1537
1.153
1.1522
1.1514
1.1507
1.1499
1.1492
1.1484
1.1476
1.1469
1.1461
1.1454
1.1446
1.1439
1.1431
1.1424
1.1417
1.1409
1.1402
1.1394
1.1387
1.138
1.1372
1.1365
1.1358
1.135
1.1343
1.1336
1.1329
1.1321
1.1314
1.1307
1.13
1.1293
1.1285
1.1278
1.1271
1.1264
1.1257
1.125
1.1243
1.1236
1.1229
1.1222
1.1215
1.1208
1.1201
1.1194
1.1187
1.118
1.1173
1.1166
1.1159
1.1153
1.1146
1.1139
1.1132
1.1125
1.1119
1.1112
1.1105
1.1098
1.1092
1.1085
1.1079
1.1072
1.1065
1.1059
1.1052
1.1046
1.1039
1.1032
1.1026
1.1019
1.1013
1.1007
1.1
1.0994
1.0987
1.0981
1.0975
1.0968
1.0962
1.0956
1.0949
1.0943
1.0937
1.0931
1.0924
1.0918
1.0912
1.0906
1.09
1.0894
1.0888
1.0881
1.0875
1.0869
1.0863
1.0857
1.0851
1.0845
1.0839
1.0834
1.0828
1.0822
1.0816
1.081
1.0804
1.0798
1.0793
1.0787
1.0781
1.0775
1.077
1.0764
1.0758
1.0753
1.0747
1.0741
1.0736
1.073
1.0725
1.0719
1.0714
1.0708
1.0703
1.0697
1.0692
1.0686
1.0681
1.0675
1.067
1.0665
1.0659
1.0654
1.0649
1.0644
1.0638
1.0633
1.0628
1.0623
1.0617
1.0612
1.0607
1.0602
1.0597
1.0592
1.0587
1.0582
1.0577
1.0572
1.0567
1.0562
1.0557
1.0552
1.0547
1.0542
1.0537
1.0533
1.0528
1.0523
1.0518
1.0513
1.0509
1.0504
1.0499
1.0495
1.049
1.0485
1.0481
1.0476
1.0472
1.0467
1.0462
1.0458
1.0453
1.0449
1.0444
1.044
1.0436
1.0431
1.0427
1.0422
1.0418
1.0414
1.0409
1.0405
1.0401
1.0397
1.0392
1.0388
1.0384
1.038
1.0376
1.0372
1.0367
1.0363
1.0359
1.0355
1.0351
1.0347
1.0343
1.0339
1.0335
1.0331
1.0327
1.0323
1.032
1.0316
1.0312
1.0308
1.0304
1.03
1.0297
1.0293
1.0289
1.0286
1.0282
1.0278
1.0275
1.0271
1.0267
1.0264
1.026
1.0257
1.0253
1.0249
1.0246
1.0242
1.0239
1.0236
1.0232
1.0229
1.0225
1.0222
1.0219
1.0215
1.0212
1.0209
1.0205
1.0202
1.0199
1.0196
1.0193
1.0189
1.0186
1.0183
1.018
1.0177
1.0174
1.0171
1.0168
1.0165
1.0162
1.0159
1.0156
1.0153
1.015
1.0147
1.0144
1.0141
1.0138
1.0135
1.0132
1.013
1.0127
1.0124
1.0121
1.0118
1.0116
1.0113
1.011
1.0108
1.0105
1.0102
1.01
1.0097
1.0095
1.0092
1.0089
1.0087
1.0084
1.0082
1.0079
1.0077
1.0075
1.0072
1.007
1.0067
1.0065
1.0063
1.006
1.0058
1.0056
1.0053
1.0051
1.0049
1.0047
1.0044
1.0042
1.004
1.0038
1.0036
1.0034
1.0031
1.0029
1.0027
1.0025
1.0023
1.0021
1.0019
1.0017
1.0015
1.0013
1.0011
1.0009
1.0007
1.0006
1.0004
1.0002
0.99999
0.99981
0.99963
0.99945
0.99928
0.9991
0.99893
0.99875
0.99858
0.99841
0.99825
0.99808
0.99792
0.99775
0.99759
0.99743
0.99728
0.99712
0.99697
0.99681
0.99666
0.99651
0.99637
0.99622
0.99608
0.99593
0.99579
0.99565
0.99551
0.99538
0.99524
0.99511
0.99498
0.99485
0.99472
0.99459
0.99447
0.99435
0.99422
0.9941
0.99399
0.99387
0.99375
0.99364
0.99353
0.99342
0.99331
0.9932
0.99309
0.99299
0.99289
0.99278
0.99269
0.99259
0.99249
0.9924
0.9923
0.99221
0.99212
0.99203
0.99194
0.99186
0.99177
0.99169
0.99161
0.99153
0.99145
0.99138
0.9913
0.99123
0.99116
0.99109
0.99102
0.99095
0.99088
0.99082
0.99076
0.9907
0.99064
0.99058
0.99052
0.99047
0.99041
0.99036
0.99031
0.99026
0.99021
0.99017
0.99012
0.99008
0.99004
0.99
0.98996
0.98992
0.98989
0.98985
0.98982
0.98979
0.98976
0.98973
0.98971
0.98968
0.98966
0.98964
0.98962
0.9896
0.98958
0.98956
0.98955
0.98953
0.98952
0.98951
0.9895
0.9895
0.98949
0.98949
0.98948
0.98948
0.98948
0.98948
0.98948
0.98949
0.98949
0.9895
0.98951
0.98952
0.98953
0.98954
0.98956
0.98957
0.98959
0.98961
0.98963
0.98965
0.98967
0.9897
0.98972
0.98975
0.98978
0.98981
0.98984
0.98987
0.98991
0.98994
0.98998
0.99002
0.99006
0.9901
0.99014
0.99019
0.99023
0.99028
0.99033
0.99038
0.99043
0.99048
0.99054
0.99059
0.99065
0.99071
0.99077
0.99083
0.99089
0.99095
0.99102
0.99108
0.99115
0.99122
0.99129
0.99136
0.99144
0.99151
0.99159
0.99166
0.99174
0.99182
0.99191
0.99199
0.99207
0.99216
0.99225
0.99233
0.99242
0.99252
0.99261
0.9927
0.9928
0.99289
0.99299
0.99309
0.99319
0.99329
0.99339
0.9935
0.99361
0.99371
0.99382
0.99393
0.99404
0.99415
0.99427
0.99438
0.9945
0.99462
0.99474
0.99486
0.99498
0.9951
0.99523
0.99535
0.99548
0.99561
0.99574
0.99587
0.996
0.99614
0.99627
0.99641
0.99654
0.99668
0.99682
0.99696
0.99711
0.99725
0.9974
0.99754
0.99769
0.99784
0.99799
0.99814
0.99829
0.99845
0.9986
0.99876
0.99892
0.99908
0.99924
0.9994
0.99956
0.99973
0.99989
1.0001
1.0002
1.0004
1.0006
1.0007
1.0009
1.0011
1.0013
1.0014
1.0016
1.0018
1.002
1.0022
1.0023
1.0025
1.0027
1.0029
1.0031
1.0033
1.0035
1.0037
1.0038
1.004
1.0042
1.0044
1.0046
1.0048
1.005
1.0052
1.0054
1.0056
1.0058
1.006
1.0062
1.0065
1.0067
1.0069
1.0071
1.0073
1.0075
1.0077
1.0079
1.0082
1.0084
1.0086
1.0088
1.009
1.0093
1.0095
1.0097
1.0099
1.0102
1.0104
1.0106
1.0108
1.0111
1.0113
1.0115
1.0118
1.012
1.0122
1.0125
1.0127
1.013
1.0132
1.0134
1.0137
1.0139
1.0142
1.0144
1.0147
1.0149
1.0152
1.0154
1.0157
1.0159
1.0162
1.0164
1.0167
1.0169
1.0172
1.0175
1.0177
1.018
1.0182
1.0185
1.0188
1.019
1.0193
1.0196
1.0198
1.0201
1.0204
1.0206
1.0209
1.0212
1.0214
1.0217
1.022
1.0223
1.0225
1.0228
1.0231
1.0234
1.0237
1.0239
1.0242
1.0245
1.0248
1.0251
1.0253
1.0256
1.0259
1.0262
1.0265
1.0268
1.0271
1.0274
1.0277
1.0279
1.0282
1.0285
1.0288
1.0291
1.0294
1.0297
1.03
1.0303
1.0306
1.0309
1.0312
1.0315
1.0318
1.0321
1.0324
1.0327
1.033
1.0333
1.0336
1.0339
1.0342
1.0346
1.0349
1.0352
1.0355
1.0358
1.0361
1.0364
1.0367
1.037
1.0373
1.0377
1.038
1.0383
1.0386
1.0389
1.0392
1.0396
1.0399
1.0402
1.0405
1.0408
1.0411
1.0415
1.0418
1.0421
1.0424
1.0428
1.0431
1.0434
1.0437
1.044
1.0444
1.0447
1.045
1.0453
1.0457
1.046
1.0463
1.0466
1.047
1.0473
1.0476
1.048
1.0483
1.0486
1.0489
1.0493
1.0496
1.0499
1.0503
1.0506
1.0509
1.0513
1.0516
1.0519
1.0523
1.0526
1.0529
1.0532
1.0536
1.0539
1.0542
1.0546
1.0549
1.0552
1.0556
1.0559
1.0562
1.0566
1.0569
1.0572
1.0576
1.0579
1.0582
1.0586
1.0589
1.0593
1.0596
1.0599
1.0603
1.0606
1.0609
1.0613
1.0616
1.0619
1.0623
1.0626
1.0629
1.0633
1.0636
1.0639
1.0643
1.0646
1.0649
1.0653
1.0656
1.0659
1.0663
1.0666
1.0669
1.0673
1.0676
1.0679
1.0682
1.0686
1.0689
1.0692
1.0696
1.0699
1.0702
1.0706
1.0709
1.0712
1.0715
1.0719
1.0722
1.0725
1.0728
1.0732
1.0735
1.0738
1.0741
1.0745
1.0748
1.0751
1.0754
1.0758
1.0761
1.0764
1.0767
1.0771
1.0774
1.0777
1.078
1.0783
1.0786
1.079
1.0793
1.0796
1.0799
1.0802
1.0805
1.0809
1.0812
1.0815
1.0818
1.0821
1.0824
1.0827
1.083
1.0833
1.0836
1.0839
1.0842
1.0846
1.0849
1.0852
1.0855
1.0858
1.0861
1.0864
1.0867
1.087
1.0873
1.0875
1.0878
1.0881
1.0884
1.0887
1.089
1.0893
1.0896
1.0899
1.0902
1.0905
1.0907
1.091
1.0913
1.0916
1.0919
1.0921
1.0924
1.0927
1.093
1.0933
1.0935
1.0938
1.0941
1.0943
1.0946
1.0949
1.0952
1.0954
1.0957
1.0959
1.0962
1.0965
1.0967
1.097
1.0972
1.0975
1.0978
1.098
1.0983
1.0985
1.0988
1.099
1.0993
1.0995
1.0997
1.1
1.1002
1.1005
1.1007
1.1009
1.1012
1.1014
1.1016
1.1019
1.1021
1.1023
1.1026
1.1028
1.103
1.1032
1.1034
1.1037
1.1039
1.1041
1.1043
1.1045
1.1047
1.1049
1.1051
1.1054
1.1056
1.1058
1.106
1.1062
1.1064
1.1065
1.1067
1.1069
1.1071
1.1073
1.1075
1.1077
1.1079
1.1081
1.1082
1.1084
1.1086
1.1088
1.1089
1.1091
1.1093
1.1094
1.1096
1.1098
1.1099
1.1101
1.1102
1.1104
1.1106
1.1107
1.1109
1.111
1.1112
1.1113
1.1114
1.1116
1.1117
1.1119
1.112
1.1121
1.1123
1.1124
1.1125
1.1126
1.1128
1.1129
1.113
1.1131
1.1132
1.1133
1.1134
1.1136
1.1137
1.1138
1.1139
1.114
1.1141
1.1142
1.1143
1.1143
1.1144
1.1145
1.1146
1.1147
1.1148
1.1149
1.1149
1.115
1.1151
1.1151
1.1152
1.1153
1.1153
1.1154
1.1155
1.1155
1.1156
1.1156
1.1157
1.1157
1.1158
1.1158
1.1159
1.1159
1.1159
1.116
1.116
1.116
1.1161
1.1161
1.1161
1.1161
1.1161
1.1162
1.1162
1.1162
1.1162
1.1162
1.1162
1.1162
1.1162
1.1162
1.1162
1.1162
1.1162
1.1162
1.1162
1.1161
1.1161
1.1161
1.1161
1.1161
1.116
1.116
1.116
1.1159
1.1159
1.1159
1.1158
1.1158
1.1157
1.1157
1.1156
1.1156
1.1155
1.1155
1.1154
1.1153
1.1153
1.1152
1.1151
1.1151
1.115
1.1149
1.1148
1.1148
1.1147
1.1146
1.1145
1.1144
1.1143
1.1142
1.1141
1.114
1.1139
1.1138
1.1137
1.1136
1.1135
1.1134
1.1133
1.1131
1.113
1.1129
1.1128
1.1126
1.1125
1.1124
1.1122
1.1121
1.112
1.1118
1.1117
1.1115
1.1114
1.1112
1.1111
1.1109
1.1108
1.1106
1.1104
1.1103
1.1101
1.1099
1.1098
1.1096
1.1094
1.1093
1.1091
1.1089
1.1087
1.1085
1.1083
1.1081
1.1079
1.1078
1.1076
1.1074
1.1072
1.1069
1.1067
1.1065
1.1063
1.1061
1.1059
1.1057
1.1055
1.1052
1.105
1.1048
1.1046
1.1043
1.1041
1.1039
1.1036
1.1034
1.1032
1.1029
1.1027
1.1024
1.1022
1.1019
1.1017
1.1014
1.1012
1.1009
1.1007
1.1004
1.1001
1.0999
1.0996
1.0993
1.0991
1.0988
1.0985
1.0982
1.0979
1.0977
1.0974
1.0971
1.0968
1.0965
1.0962
1.0959
1.0957
1.0954
1.0951
1.0948
1.0945
1.0942
1.0939
1.0935
1.0932
1.0929
1.0926
1.0923
1.092
1.0917
1.0914
1.091
1.0907
1.0904
1.0901
1.0897
1.0894
1.0891
1.0888
1.0884
1.0881
1.0878
1.0874
1.0871
1.0867
1.0864
1.0861
1.0857
1.0854
1.085
1.0847
1.0843
1.084
1.0836
1.0833
1.0829
1.0826
1.0822
1.0818
1.0815
1.0811
1.0808
1.0804
1.08
1.0797
1.0793
1.0789
1.0786
1.0782
1.0778
1.0774
1.0771
1.0767
1.0763
1.0759
1.0755
1.0752
1.0748
1.0744
1.074
1.0736
1.0733
1.0729
1.0725
1.0721
1.0717
1.0713
1.0709
1.0705
1.0701
1.0697
1.0693
1.0689
1.0685
1.0682
1.0678
1.0674
1.067
1.0666
1.0662
1.0657
1.0653
1.0649
1.0645
1.0641
1.0637
1.0633
1.0629
1.0625
1.0621
1.0617
1.0613
1.0609
1.0605
1.0601
1.0596
1.0592
1.0588
1.0584
1.058
1.0576
1.0572
1.0567
1.0563
1.0559
1.0555
1.0551
1.0547
1.0543
1.0538
1.0534
1.053
1.0526
1.0522
1.0518
1.0513
1.0509
1.0505
1.0501
1.0497
1.0492
1.0488
1.0484
1.048
1.0476
1.0471
1.0467
1.0463
1.0459
1.0455
1.0451
1.0446
1.0442
1.0438
1.0434
1.043
1.0425
1.0421
1.0417
1.0413
1.0409
1.0405
1.04
1.0396
1.0392
1.0388
1.0384
1.038
1.0375
1.0371
1.0367
1.0363
1.0359
1.0355
1.0351
1.0346
1.0342
1.0338
1.0334
1.033
1.0326
1.0322
1.0318
1.0314
1.031
1.0305
1.0301
1.0297
1.0293
1.0289
1.0285
1.0281
1.0277
1.0273
1.0269
1.0265
1.0261
1.0257
1.0253
1.0249
1.0245
1.0241
1.0237
1.0233
1.0229
1.0225
1.0222
1.0218
1.0214
1.021
1.0206
1.0202
1.0198
1.0194
1.0191
1.0187
1.0183
1.0179
1.0175
1.0172
1.0168
1.0164
1.016
1.0157
1.0153
1.0149
1.0145
1.0142
1.0138
1.0134
1.0131
1.0127
1.0123
1.012
1.0116
1.0113
1.0109
1.0106
1.0102
1.0098
1.0095
1.0091
1.0088
1.0084
1.0081
1.0078
1.0074
1.0071
1.0067
1.0064
1.0061
1.0057
1.0054
1.0051
1.0047
1.0044
1.0041
1.0037
1.0034
1.0031
1.0028
1.0025
1.0021
1.0018
1.0015
1.0012
1.0009
1.0006
1.0003
0.99996
0.99965
0.99935
0.99905
0.99875
0.99846
0.99816
0.99787
0.99758
0.99729
0.997
0.99671
0.99643
0.99615
0.99587
0.99559
0.99531
0.99504
0.99477
0.9945
0.99423
0.99396
0.9937
0.99344
0.99318
0.99292
0.99266
0.99241
0.99216
0.99191
0.99166
0.99141
0.99117
0.99093
0.99069
0.99045
0.99022
0.98998
0.98975
0.98952
0.9893
0.98907
0.98885
0.98863
0.98841
0.9882
0.98798
0.98777
0.98756
0.98736
0.98715
0.98695
0.98675
0.98656
0.98636
0.98617
0.98598
0.98579
0.9856
0.98542
0.98524
0.98506
0.98488
0.98471
0.98454
0.98437
0.9842
0.98404
0.98388
0.98372
0.98356
0.9834
0.98325
0.9831
0.98295
0.98281
0.98267
0.98253
0.98239
0.98225
0.98212
0.98199
0.98186
0.98174
0.98162
0.9815
0.98138
0.98126
0.98115
0.98104
0.98093
0.98083
0.98073
0.98063
0.98053
0.98044
0.98034
0.98025
0.98017
0.98008
0.98
0.97992
0.97985
0.97977
0.9797
0.97963
0.97957
0.9795
0.97944
0.97938
0.97933
0.97928
0.97923
0.97918
0.97913
0.97909
0.97905
0.97901
0.97898
0.97895
0.97892
0.97889
0.97887
0.97885
0.97883
0.97882
0.9788
0.97879
0.97879
0.97878
0.97878
0.97878
0.97878
0.97879
0.9788
0.97881
0.97882
0.97884
0.97886
0.97888
0.97891
0.97894
0.97897
0.979
0.97904
0.97908
0.97912
0.97916
0.97921
0.97926
0.97931
0.97937
0.97943
0.97949
0.97955
0.97962
0.97968
0.97976
0.97983
0.97991
0.97999
0.98007
0.98016
0.98024
0.98033
0.98043
0.98052
0.98062
0.98073
0.98083
0.98094
0.98105
0.98116
0.98128
0.98139
0.98152
0.98164
0.98177
0.98189
0.98203
0.98216
0.9823
0.98244
0.98258
0.98273
0.98288
0.98303
0.98318
0.98334
0.9835
0.98366
0.98382
0.98399
0.98416
0.98433
0.98451
0.98468
0.98487
0.98505
0.98524
0.98542
0.98562
0.98581
0.98601
0.98621
0.98641
0.98661
0.98682
0.98703
0.98724
0.98746
0.98768
0.9879
0.98812
0.98835
0.98858
0.98881
0.98904
0.98928
0.98952
0.98976
0.99
0.99025
0.9905
0.99075
0.99101
0.99127
0.99153
0.99179
0.99205
0.99232
0.99259
0.99286
0.99314
0.99342
0.9937
0.99398
0.99427
0.99456
0.99485
0.99514
0.99544
0.99573
0.99603
0.99634
0.99664
0.99695
0.99726
0.99757
0.99789
0.99821
0.99853
0.99885
0.99918
0.99951
0.99984
1.0002
1.0005
1.0008
1.0012
1.0015
1.0019
1.0022
1.0026
1.0029
1.0033
1.0036
1.004
1.0043
1.0047
1.0051
1.0054
1.0058
1.0062
1.0066
1.0069
1.0073
1.0077
1.0081
1.0085
1.0089
1.0093
1.0096
1.01
1.0104
1.0108
1.0112
1.0116
1.0121
1.0125
1.0129
1.0133
1.0137
1.0141
1.0145
1.015
1.0154
1.0158
1.0162
1.0167
1.0171
1.0175
1.018
1.0184
1.0188
1.0193
1.0197
1.0202
1.0206
1.0211
1.0215
1.022
1.0224
1.0229
