0.88751
0.79162
0.69127
0.50758
0.36785
0.29601
0.31191
0.41166
0.58751
0.83943
1.0717
1.2557
1.3513
1.3109
1.1154
0.98358
0.94358
1.0115
1.1675
1.4234
1.7706
1.9708
2.0271
1.9114
1.6912
1.383
1.0313
0.77552
0.63583
0.65179
0.79963
1.0754
1.4509
1.783
2.0511
2.235
2.3309
2.3547
2.3226
2.2308
2.0909
1.915
1.6832
1.4194
1.1474
0.89933
0.65153
0.43985
0.29996
0.22785
0.17585
0.13198
0.1279
0.12791
0.14392
0.17199
0.24788
0.36373
0.5037
0.6756
0.84356
0.97165
1.0795
1.1394
1.1513
1.1073
1.0195
0.91545
0.73979
0.56785
0.40383
0.28368
0.18379
0.11203
0.099991
0.10799
0.16375
0.21188
0.29586
0.36794
0.43182
0.45966
0.43181
0.43174
0.44774
0.4997
0.57577
0.68376
0.81156
0.9034
0.9155
0.87553
0.77566
0.65568
0.51577
0.38784
0.29976
0.22781
0.17597
0.164
0.2038
0.24784
0.33184
0.44385
0.58772
0.73157
0.85152
0.96737
1.0315
1.0836
1.1195
1.1154
1.0833
1.0073
0.8995
0.73982
0.56392
0.39183
0.24774
0.14778
0.083959
0.056075
0.075974
0.1278
0.21172
0.3199
0.46407
0.67176
0.86749
1.0632
1.2192
1.3114
1.3235
1.2235
1.0593
0.82752
0.66761
0.59573
0.63972
0.8076
1.0954
1.4791
1.8431
2.175
2.4548
2.6866
2.8744
3.0304
3.1424
3.2024
3.1943
3.0823
2.8625
2.5706
2.2069
1.8191
1.4474
1.1434
0.91136
0.73162
0.64372
0.63176
0.69964
0.82753
1.0154
1.2273
1.4393
1.6473
1.8271
1.9789
2.0788
2.1387
2.1229
2.0191
1.8312
1.5446
1.1982
0.84542
0.5973
0.4642
0.41409
0.45425
0.55233
0.67611
0.72232
0.69192
0.65358
0.57713
0.49666
0.43894
0.43894
0.46594
0.5006
0.58106
0.69171
0.81745
0.9473
1.0703
1.1522
1.2044
1.2339
1.2174
1.1734
1.133
1.1078
1.0664
1.0036
0.93156
0.81158
0.67157
0.51167
0.36782
0.28391
0.25991
0.28382
0.32374
0.33185
0.39185
0.51174
0.67564
0.9115
1.1754
1.5072
1.771
1.895
1.911
1.7752
1.5712
1.3073
1.0034
0.74356
0.54773
0.45579
0.43981
0.49577
0.6316
0.7755
0.87553
0.91959
0.88767
0.82362
0.71157
0.57158
0.41573
0.27994
0.25191
0.26785
0.31979
0.38777
0.46775
0.52373
0.49981
0.4518
0.38778
0.32381
0.28783
0.28381
0.26388
0.23196
0.20394
0.17585
0.12387
0.07196
0.048004
0.05599
0.095925
0.16386
0.26782
0.37985
0.49982
0.58776
0.65963
0.70356
0.73556
0.77559
0.82762
0.8956
0.97554
1.0714
1.1593
1.2153
1.2554
1.2634
1.2154
1.1074
0.94744
0.73558
0.5637
0.46774
0.4198
0.41983
0.45581
0.51966
0.52761
0.4438
0.39984
0.38784
0.43179
0.55167
0.72755
0.91948
1.0475
1.0915
1.0475
0.87553
0.66765
0.51968
0.41974
0.35984
0.34392
0.40779
0.46768
0.46371
0.41577
0.33985
0.27592
0.27187
0.31579
0.39574
0.51572
0.6517
0.7357
0.73168
0.64764
0.53161
0.39975
0.31589
0.3119
0.3878
0.51567
0.65959
0.78356
0.84359
0.81567
0.73169
0.61965
0.49163
0.34379
0.23994
0.22391
0.25585
0.3278
0.45175
0.61171
0.77563
0.87158
0.8875
0.81153
0.68371
0.64767
0.6677
0.76705
0.95969
1.1969
1.4272
1.5082
1.4732
1.3165
1.0321
0.8026
0.68409
0.69553
0.82829
1.0841
1.4769
1.8583
2.1437
2.3481
2.4752
2.5358
2.4995
2.388
2.2233
1.9892
1.7036
1.3962
1.1085
0.85642
0.68408
0.58455
0.55203
0.55574
0.6077
0.69961
0.80355
0.91551
1.0115
1.0955
1.1315
1.1394
1.1194
1.0674
1.0274
0.9755
0.8956
0.77568
0.63168
0.48366
0.3557
0.24789
0.2
0.21993
0.29176
0.37166
0.41179
0.41589
0.3759
0.29984
0.20385
0.11993
0.071968
0.051976
0.051952
0.051999
0.079989
0.16383
0.26781
0.41183
0.59577
0.79161
0.93553
1.0075
0.99145
0.89142
0.70764
0.55578
0.48378
0.49574
0.60364
0.79159
1.0754
1.3393
1.5473
1.7072
1.831
1.9269
1.963
1.9391
1.8551
1.6551
1.3472
1.0395
0.8356
0.7676
0.80763
0.97952
1.2592
1.5231
1.6592
1.6593
1.5473
1.3272
1.0114
0.75558
0.5917
0.52378
0.54781
0.68364
0.9073
1.0594
1.1036
1.0357
0.8836
0.68757
0.51957
0.37978
0.30792
0.28796
0.32777
0.33971
0.30781
0.25595
0.2399
0.24383
0.25189
0.31984
0.43976
0.6196
0.78364
0.94759
1.0874
1.1673
1.1634
1.0874
0.93557
0.75161
0.55568
0.38781
0.29583
0.2519
0.27187
0.35176
0.45572
0.54377
0.57583
0.57168
0.51159
0.40778
0.35589
0.39184
0.51568
0.69961
0.94353
1.2153
1.4233
1.5472
1.5553
1.4873
1.3432
1.1073
0.83164
0.63971
0.5397
0.51968
0.55575
0.6637
0.78757
0.81957
0.74759
0.60367
0.47174
0.39184
0.4118
0.52374
0.7675
1.0703
1.3498
1.5422
1.6425
1.6252
1.5003
1.3234
1.1331
0.95211
0.78352
0.65339
0.54237
0.47335
0.46586
0.51219
0.5889
0.69557
0.85069
0.99434
1.127
1.2529
1.3872
1.5039
1.5878
1.646
1.6473
1.5943
1.4666
1.2796
1.0057
0.78751
0.66362
0.60757
0.61562
0.6678
0.77959
0.83953
0.79167
0.6796
0.53161
0.39185
0.33579
0.30397
0.34379
0.38773
0.42367
0.41188
0.41187
0.43973
0.49574
0.6316
0.8157
1.0873
1.3034
1.4712
1.5511
1.5512
1.4912
1.3634
1.1795
0.97133
0.73162
0.56774
0.49575
0.5077
0.58368
0.67584
0.78754
0.79548
0.71154
0.59168
0.50381
0.48386
0.55177
0.70755
0.93126
1.1393
1.2954
1.3476
1.2876
1.1434
0.93519
0.70339
0.51978
0.43601
0.47188
0.61163
0.85928
1.1631
1.4473
1.6794
1.8193
1.8471
1.7469
1.5508
1.2314
0.93976
0.76372
0.6916
0.7155
0.79963
0.95544
1.0555
1.0276
0.90355
0.71949
0.53573
0.44378
0.43581
0.51577
0.69557
0.93949
1.2313
1.4873
1.7232
1.9349
2.0828
2.1709
2.1909
2.123
1.9711
1.779
1.5591
1.3673
1.2394
1.2114
1.2713
1.3833
1.5671
1.7431
1.9071
2.047
2.1668
2.2507
2.3028
2.3347
2.2989
2.187
1.979
1.6948
1.3113
0.98755
0.77965
0.69566
0.71963
0.8276
0.99932
1.1034
1.0915
0.96361
0.77959
0.59971
0.51163
0.49567
0.55576
0.69176
0.85172
0.98737
0.9913
0.88745
0.75172
0.68771
0.70766
0.82361
1.0435
1.3471
1.6309
1.7872
1.8233
1.7354
1.5591
1.307
1.0034
0.78762
0.65979
0.63593
0.70364
0.83751
1.0206
1.1202
1.1607
1.1123
1.0068
0.85636
0.67629
0.53823
0.46523
0.44625
0.48516
0.56979
0.70678
0.82036
0.89231
0.95295
0.97993
1.0109
1.0347
1.0474
1.0412
1.0236
0.99036
0.91016
0.84466
0.78269
0.73537
0.70363
0.73964
0.83156
0.92751
1.0275
1.0914
1.1314
1.1034
1.0315
0.90354
0.74362
0.59168
0.45975
0.3758
0.33984
0.36383
0.44776
0.5557
0.64766
0.67565
0.64365
0.53575
0.47575
0.44776
0.47974
0.5717
0.72364
0.9275
1.0755
1.2034
1.2633
1.2793
1.2394
1.1874
1.0954
0.9515
0.77158
0.57572
0.46776
0.42776
0.43579
0.53573
0.69165
0.86353
0.94749
0.91552
0.78362
0.66366
0.57169
0.53571
0.55173
0.63569
0.79153
0.86755
0.89556
0.83561
0.72363
0.58766
0.43576
0.34381
0.28787
0.29985
0.35181
0.43577
0.55169
0.64366
0.71564
0.75564
0.79161
0.83154
0.84752
0.83557
0.83159
0.83957
0.83158
0.83156
0.82755
0.80756
0.76363
0.73963
0.7316
0.70367
0.75161
0.84754
0.98744
1.1194
1.2594
1.4033
1.4672
1.4992
1.4552
1.3593
1.1914
0.98356
0.7636
0.52369
0.34378
0.21989
0.17593
0.19194
0.31979
0.52365
0.77958
1.0715
1.3754
1.6671
1.867
2.0149
2.0669
2.027
1.895
1.6671
1.3433
1.0675
0.89953
0.84354
0.88353
0.99553
1.2193
1.3633
1.3833
1.2754
1.0834
0.83156
0.64769
0.57971
0.60768
0.71562
0.86358
1.0714
1.2074
1.2594
1.2793
1.2314
1.1554
1.0155
0.81962
0.68763
0.56369
0.48774
0.45579
0.48378
0.56767
0.59168
0.55971
0.48821
0.39355
0.33916
0.32057
0.32981
0.37851
0.47769
0.59502
0.68784
0.7453
0.77944
0.79062
0.77526
0.71452
0.64608
0.53914
0.41952
0.3608
0.31722
0.34427
0.38291
0.43694
0.48299
0.44331
0.38744
0.33101
0.2741
0.25281
0.25511
0.30178
0.36842
0.38778
0.3758
0.34385
0.36782
0.44375
0.57568
0.7676
0.99951
1.2594
1.4752
1.6151
1.6711
1.6392
1.5432
1.3673
1.0874
0.81157
0.61966
0.50774
0.49177
0.56774
0.75158
0.94744
1.0475
1.1114
1.0915
1.0235
0.89154
0.74758
0.59964
0.43979
0.36384
0.35983
0.43176
0.56368
0.7436
0.9515
1.1074
1.1754
1.1914
1.1714
1.1314
1.0274
0.88357
0.71968
0.56773
0.43174
0.29181
0.17592
0.11596
0.11993
0.13192
0.15592
0.21589
0.29585
0.36383
0.41181
0.44775
0.44773
0.39579
0.33984
0.26789
0.2079
0.15191
0.09994
0.067964
0.055974
0.059973
0.079966
0.13592
0.21986
0.31582
0.39582
0.47177
0.49176
0.44378
0.35182
0.26783
0.19585
0.11596
0.095985
0.15191
0.25181
0.37976
0.51578
0.68772
0.8476
0.95549
1.0434
1.0594
1.0515
0.99154
0.8796
0.73162
0.55568
0.40376
0.30383
0.2479
0.2559
0.32382
0.38376
0.39977
0.37584
0.38782
0.43976
0.52771
0.66366
0.87955
1.1074
1.2714
1.3473
1.3393
1.2553
1.0874
0.86359
0.63172
0.45175
0.31178
0.19988
0.13197
0.15194
0.24784
0.39574
0.59569
0.8716
1.2074
1.5392
1.831
2.0709
2.2588
2.3668
2.3748
2.2829
2.1149
1.835
1.4792
1.0874
0.79559
0.59169
0.45178
0.37183
0.34782
0.3398
0.33182
0.34051
0.40163
0.53753
0.727
0.98019
1.2185
1.4271
1.584
1.698
1.766
1.7887
1.7404
1.6179
1.4065
1.1063
0.91084
0.81285
0.79406
0.86233
1.0177
1.2566
1.3872
1.4166
1.351
1.2005
0.99034
0.79318
0.6563
0.60011
0.64738
0.78735
1.0035
1.2193
1.3433
1.3873
1.3273
1.1994
1.0235
0.79557
0.57569
0.40779
0.32384
0.31184
0.35982
0.46775
0.59968
0.68764
0.68764
0.58772
0.51573
0.47174
0.47974
0.53974
0.71165
0.99146
1.2593
1.4792
1.6791
1.847
1.963
2.0309
2.0549
2.0589
1.987
1.879
1.7111
1.4792
1.1914
0.87156
0.63967
0.49974
0.43978
0.47176
0.55972
0.69961
0.74362
0.70365
0.59969
0.47574
0.38378
0.31985
0.34783
0.43977
0.58368
0.74361
0.89555
1.0275
1.0994
1.1034
1.0674
0.97549
0.84356
0.69564
0.55969
0.4078
0.29986
0.23188
0.19588
0.1599
0.11197
0.13992
0.16791
0.23187
0.30784
0.4158
0.55571
0.67166
0.79957
0.85957
0.90355
0.90354
0.85953
0.75958
0.60772
0.57172
0.61567
0.73161
0.93552
1.2274
1.5712
1.8271
1.983
2.0829
2.0869
2.011
1.8511
1.6272
1.3313
0.9915
0.73561
0.55969
0.44377
0.37983
0.38382
0.45573
0.49172
0.49976
0.53175
0.57571
0.60766
0.58368
0.52772
0.46378
0.43978
0.45976
0.5397
0.65565
0.79159
0.88755
0.87956
0.78759
0.61967
0.48373
0.3878
0.36782
0.41979
0.51574
0.66364
0.77959
0.85555
0.87555
0.85158
0.81158
0.73961
0.63965
0.50774
0.4118
0.36781
0.35581
0.3838
0.43978
0.53571
0.59168
0.57971
0.54772
0.4882
0.42135
0.33519
0.2688
0.22613
0.16699
0.11916
0.08691
0.083426
0.079833
0.071862
0.076574
0.085469
0.10269
0.085904
0.077385
0.073015
0.064214
0.063976
0.050652
0.063291
0.096686
0.1292
0.17324
0.20452
0.23945
0.26614
0.28875
0.34266
0.39732
0.46024
0.49977
0.53975
0.52376
0.46776
0.39973
0.29583
0.2279
0.21991
0.26387
0.36777
0.47975
0.61569
0.71965
0.77561
0.81153
0.77958
0.73163
0.6557
0.55972
0.43577
0.31981
0.24784
0.19592
0.21193
0.31583
0.48769
0.66363
0.80363
0.91954
0.96747
0.9195
0.79164
0.63971
0.47974
0.32379
0.20386
0.12795
0.10798
0.16391
0.28379
0.47569
0.6957
0.96361
1.2234
1.4272
1.5951
1.719
1.819
1.8711
1.9111
1.923
1.8909
1.779
1.6191
1.3993
1.1355
0.87159
0.61564
0.4117
0.24388
0.17993
0.18392
0.24787
0.37577
0.55568
0.76359
0.93957
1.1115
1.2593
1.3713
1.4592
1.5152
1.5592
1.5432
1.4913
1.3753
1.1954
0.96746
0.71964
0.56371
0.47577
0.48375
0.55971
0.7156
0.87552
0.96354
1.0035
0.97949
0.91549
0.81955
0.71564
0.61169
0.4718
0.34785
0.27581
0.19986
0.14392
0.09999
0.09597
0.1079
0.075951
0.05996
0.039991
0.035994
0.051956
0.051974
0.063964
0.075952
0.079959
0.087961
0.095982
0.16389
0.24782
0.33982
0.46777
0.57175
0.6597
0.71963
0.76356
0.77554
0.75161
0.73165
0.69966
0.6397
0.5677
0.4917
0.39178
0.31985
0.29985
0.31984
0.38779
0.49175
0.63566
0.76758
0.81559
0.80359
0.72363
0.59969
0.45977
0.33184
0.23587
0.17188
0.11594
0.091971
0.10451
0.13781
0.19937
0.29271
0.41294
0.52001
0.57525
0.56404
0.51017
0.40178
0.32
0.25716
0.24969
0.28592
0.37273
0.47759
0.56594
0.64988
0.71075
0.77543
0.83269
0.91308
0.96351
1.0221
1.062
1.0755
1.0736
1.0718
1.1167
1.1511
1.2258
1.3033
1.3713
1.4153
1.4433
1.4872
1.5232
1.5792
1.6271
1.6391
1.5792
1.4553
1.2434
0.95151
0.68764
0.49973
0.3878
0.34783
0.38781
0.49174
0.55171
0.5637
0.50374
0.43178
0.3998
0.43977
0.54771
0.70763
0.94751
1.2074
1.4273
1.6032
1.7711
1.919
2.0629
2.1549
2.1949
2.1069
1.919
1.6272
1.2513
0.88753
0.59569
0.43578
0.38381
0.44377
0.59568
0.77958
0.93552
1.0355
1.0914
1.1354
1.1434
1.1274
1.0874
1.0235
0.89954
0.72762
0.55571
0.41978
0.33183
0.27987
0.30784
0.3718
0.43976
0.45977
0.47977
0.49975
0.50373
0.46374
0.38381
0.38381
0.44377
0.54771
0.69165
0.89555
1.1594
1.3513
1.4672
1.5352
1.5312
1.4673
1.3553
1.2114
0.97948
0.74762
0.62369
0.61968
0.71163
0.88355
1.1714
1.4872
1.6911
1.7591
1.7191
1.5872
1.3593
1.0794
0.7836
0.5757
0.43577
0.36781
0.35982
0.3998
0.46775
0.49174
0.47175
0.3918
0.31984
0.28785
0.29984
0.36381
0.47175
0.62767
0.77161
0.87556
0.93552
0.92351
0.84354
0.69164
0.5877
0.54372
0.55172
0.62768
0.7676
0.95948
1.0994
1.1554
1.1514
1.0715
0.93951
0.79156
0.59569
0.46377
0.4118
0.43578
0.52372
0.63567
0.79958
0.89954
0.91954
0.84757
0.69164
0.52372
0.39978
0.30054
0.25395
0.27141
0.37221
0.48387
0.5513
0.59857
0.59893
0.55285
0.45639
0.36723
0.3167
0.31326
0.36081
0.46212
0.57745
0.67651
0.68791
0.61929
0.51932
0.47249
0.45639
0.47523
0.55628
0.69169
0.79659
0.79709
0.71131
0.59375
0.54096
0.54008
0.63967
0.84357
1.1594
1.5072
1.7871
2.019
2.1909
2.2828
2.3068
2.2708
2.1949
2.0749
1.931
1.7751
1.5912
1.4273
1.2833
1.1714
1.0914
1.0794
1.1274
1.2274
1.3633
1.4992
1.6272
1.7111
1.803
1.851
1.875
1.871
1.8151
1.6831
1.4512
1.1514
0.87954
0.69563
0.60769
0.6237
0.75162
0.96348
1.1634
1.2993
1.3593
1.3473
1.2474
1.1154
0.9355
0.72362
0.55172
0.42778
0.3718
0.35183
0.3918
0.47974
0.5797
0.71563
0.87156
1.0634
1.2633
1.4832
1.6831
1.8271
1.899
1.875
1.7551
1.5512
1.3153
1.0514
0.78357
0.55172
0.4198
0.39579
0.43178
0.54372
0.72761
0.90753
1.0275
1.0555
1.0315
0.93548
0.7676
0.57174
0.40381
0.27984
0.17588
0.095949
0.051989
0.059964
0.063961
0.075957
0.09595
0.11595
0.14792
0.16392
0.19989
0.22388
0.24387
0.26786
0.25988
0.26386
0.22788
0.1919
0.15592
0.13992
0.12394
0.13593
0.1759
0.21989
0.29585
0.39181
0.5477
0.67964
0.80359
0.90754
0.93953
0.90753
0.79556
0.62767
0.48775
0.39182
0.38781
0.45975
0.59167
0.75559
0.86758
0.91156
0.84757
0.69962
0.5277
0.39178
0.30785
0.30386
0.37182
0.5317
0.73558
0.91953
1.0635
1.1475
1.1754
1.0914
0.89154
0.74763
0.69166
0.73162
0.8591
1.0924
1.4004
1.6151
1.6953
1.6356
1.4539
1.1407
0.88714
0.73765
0.71462
0.78303
0.94916
1.2154
1.4508
1.6301
1.7578
1.8787
1.9821
2.0604
2.0984
2.1072
2.0748
2.0007
1.9034
1.7861
1.6175
1.4197
1.1934
0.93813
0.67171
0.44777
0.29981
0.19189
0.11997
0.095958
0.091922
0.083953
0.091966
0.12394
0.17191
0.22788
0.26389
0.29579
0.26385
0.21992
0.21589
0.2279
0.29582
0.39579
0.54769
0.70361
0.79567
0.87159
0.90751
0.92344
0.90749
0.87559
0.85158
0.76768
0.67965
0.55965
0.4357
0.31186
0.23994
0.2319
0.26781
0.31977
0.3718
0.40784
0.39588
0.34783
0.25982
0.17986
0.12392
0.095994
0.11597
0.19583
0.28379
0.37182
0.44784
0.50377
0.52369
0.49974
0.48373
0.44381
0.41977
0.38374
0.31187
0.28389
0.30384
0.37176
0.4837
0.60377
0.76366
0.86752
0.85549
0.74759
0.61973
0.56371
0.55571
0.61573
0.79558
1.0833
1.3912
1.6632
1.8432
1.9431
1.9309
1.8269
1.635
1.3674
1.0876
0.7838
0.5397
0.34363
0.17982
0.084006
0.068022
0.11591
0.19981
0.33576
0.52775
0.73176
0.93168
1.1554
1.3552
1.5391
1.6911
1.8192
1.9071
1.9511
1.9869
1.9829
1.967
1.967
1.991
2.011
2.007
1.9869
1.9269
1.8311
1.7072
1.5792
1.4313
1.2753
1.1153
0.92352
0.73568
0.55578
0.40776
0.27182
0.16792
0.11994
0.10394
0.10395
0.11995
0.14794
0.18388
0.19986
0.18392
0.18392
0.18793
0.22788
0.29183
0.37978
0.49967
0.57969
0.5918
0.56382
0.49576
0.40766
0.29573
0.18395
0.14799
0.17662
0.27398
0.43045
0.65236
0.94525
1.2495
1.5232
1.7598
1.9261
1.997
1.9624
1.8233
1.5917
1.2942
0.97853
0.67647
0.46596
0.32549
0.28953
0.30088
0.33182
0.33503
0.33027
0.39233
0.49332
0.65664
0.8556
1.0991
1.3017
1.4205
1.4728
1.4752
1.4752
1.4752
1.4592
1.4312
1.3473
1.2234
1.0635
0.86757
0.66366
0.46775
0.3278
0.20789
0.14794
0.17592
0.27584
0.40777
0.55572
0.72763
0.84358
0.91153
0.93951
0.96748
0.98748
0.9955
1.0395
1.0834
1.1234
1.1314
1.1114
1.0395
0.91553
0.77558
0.5797
0.42778
0.32784
0.27985
0.25586
0.2159
0.23188
0.24786
0.25986
0.27587
0.31185
0.35181
0.37179
0.34383
0.33583
0.35582
0.3958
0.49175
0.64766
0.83955
0.99949
1.1354
1.2514
1.3313
1.3713
1.4073
1.4073
1.3873
1.3473
1.3113
1.2473
1.1594
1.0834
1.0155
0.98349
0.9795
1.0315
1.0794
1.1514
1.1994
1.1954
1.1514
1.0755
1.0434
0.98748
0.9515
0.91953
0.86756
0.7756
0.62368
0.47175
0.34381
0.24387
0.18791
0.17991
0.21188
0.24386
0.26387
0.29985
0.32384
0.35582
0.3918
0.44776
0.49574
0.52774
0.57171
0.5877
0.59968
0.60769
0.65565
0.71163
0.77961
0.85157
0.89153
0.87554
0.79558
0.69563
0.55573
0.44378
0.35182
0.29982
0.23587
0.19192
0.22788
0.29584
0.3758
0.45978
0.55571
0.59568
0.55971
0.53574
0.59169
0.71961
0.92352
1.1994
1.4952
1.7351
1.863
1.891
1.835
1.6831
1.4912
1.2354
0.97148
0.71562
0.53173
0.44777
0.41979
0.45577
0.51573
0.5517
0.52012
0.4373
0.38689
0.36428
0.36153
0.41398
0.50504
0.59503
0.63012
0.61495
0.5767
0.48452
0.37223
0.31758
0.30593
0.32965
0.36886
0.46198
0.60775
0.74118
0.86692
1.0044
1.1274
1.1942
1.1389
0.99424
0.82052
0.68378
0.59635
0.59589
0.67572
0.81156
0.91949
0.93949
0.87147
0.69574
0.58776
0.54372
0.58759
0.67161
0.81165
1.0275
1.1874
1.2914
1.3233
1.3113
1.2472
1.1194
0.93959
0.72373
0.51176
0.32779
0.19985
0.1279
0.087988
0.091984
0.13591
0.21982
0.3398
0.51976
0.75966
1.0475
1.3593
1.6672
1.9789
2.2108
2.3507
2.3508
2.203
1.9231
1.5393
1.1194
0.74347
0.46368
0.29191
0.22796
0.22791
0.25979
0.27974
0.25588
0.24394
0.26392
0.33581
0.46769
0.66759
0.92351
1.1834
1.4073
1.5632
1.6591
1.6671
1.6111
1.4592
1.2113
0.91561
0.70366
0.57966
0.53171
0.56376
0.69963
0.88742
1.0035
1.0316
1.0196
0.96345
0.87544
0.78749
0.67968
0.58377
0.46386
0.35981
0.2598
0.17984
0.12394
0.096017
0.11995
0.16785
0.21183
0.2359
0.26789
0.29187
0.31587
0.37182
0.48767
0.62761
0.80358
0.99955
1.1995
1.3873
1.5512
1.687
1.759
1.7951
1.7671
1.6512
1.4433
1.1914
0.91147
0.68355
0.5157
0.41186
0.38388
0.39981
0.43963
0.40774
0.35987
0.35184
0.36783
0.43978
0.58769
0.83548
1.1234
1.3953
1.6273
1.7791
1.803
1.6631
1.4073
1.0955
0.83953
0.65565
0.56377
0.58371
0.64367
0.7076
0.71158
0.63164
0.5038
0.42382
0.4038
0.4637
0.57968
0.76763
1.0075
1.1955
1.3533
1.4325
1.4712
1.4627
1.3961
1.2649
1.0774
0.84185
0.66475
0.54169
0.5112
0.55778
0.65365
0.79402
0.83177
0.80527
0.67652
0.53133
0.43067
0.3874
0.41808
0.52235
0.69936
0.88022
1.0197
1.1064
1.1397
1.1382
1.1017
1.0485
0.96674
0.85559
0.71964
0.54372
0.40376
0.27983
0.18791
0.15594
0.17592
0.23985
0.27185
0.30385
0.34383
0.37182
0.42378
0.47176
0.5517
0.62766
0.67965
0.72363
0.72364
0.67967
0.59171
0.48773
0.36778
0.25986
0.19192
0.18792
0.24387
0.3518
0.50372
0.68364
0.86357
1.0355
1.1914
1.2913
1.3353
1.2633
1.0834
0.87157
0.71563
0.62367
0.5877
0.64767
0.77958
0.89552
0.92353
0.85558
0.73562
0.56771
0.41978
0.31982
0.24786
0.19591
0.18392
0.2039
0.25584
0.28784
0.32385
0.37982
0.41179
0.41976
0.35182
0.30384
0.27185
0.25986
0.27186
0.29987
0.3718
0.41576
0.39977
0.33185
0.30387
0.33982
0.41176
0.51573
0.65968
0.82358
0.88356
0.85155
0.71562
0.5717
0.46376
0.40381
0.43178
0.51573
0.65563
0.76359
0.79563
0.78363
0.72761
0.61164
0.46376
0.39181
0.40379
0.46775
0.56772
0.73163
0.92749
1.0474
1.0715
1.0195
0.91154
0.73162
0.5397
0.35981
0.26386
0.2159
0.21989
0.26386
0.30783
0.31183
0.26387
0.21188
0.15592
0.14393
0.17592
0.30382
0.5077
0.73563
0.96755
1.1554
1.3033
1.3512
1.2793
1.1474
0.94755
0.71963
0.48772
0.31182
0.20789
0.16794
0.22789
0.36778
0.5397
0.71165
0.87957
1.0035
1.0834
1.1434
1.2154
1.2833
1.3433
1.4193
1.4792
1.5007
1.4601
1.365
1.193
0.96854
0.73057
0.54404
0.40802
0.34998
0.3744
0.46861
0.56544
0.59633
0.56586
0.47759
0.41566
0.33745
0.27
0.22159
0.21704
0.24846
0.24768
0.23877
0.20966
0.19243
0.17913
0.17787
0.15644
0.11504
0.12984
0.18458
0.26784
0.38779
0.57571
0.83158
1.1194
1.4113
1.6991
1.959
2.1789
2.3508
2.4627
2.5227
2.5667
2.5746
2.5507
2.5067
2.4387
2.3348
2.1789
2.0109
1.8151
1.6192
1.4393
1.2753
1.1234
0.9835
0.89553
0.83555
0.81158
0.83558
0.91953
1.0195
1.1234
1.2194
1.2673
1.2713
1.2154
1.1274
0.97549
0.79157
0.5877
0.44777
0.37179
0.31984
0.32385
0.36782
0.45972
0.50373
0.52775
0.55573
0.5757
0.5757
0.58368
0.59568
0.6077
0.65168
0.71963
0.78359
0.82357
0.84356
0.82756
0.78359
0.72364
0.69164
0.64367
0.60369
0.57569
0.52772
0.47975
0.4358
0.44377
0.46376
0.51173
0.58369
0.67165
0.76762
0.89156
1.0595
1.2433
1.4472
1.6471
1.8111
1.911
1.951
1.923
1.811
1.6591
1.4712
1.2514
1.0155
0.79163
0.61566
0.43574
0.30782
0.21591
0.20791
0.26385
0.33981
0.43975
0.47977
0.48777
0.49174
0.47173
0.43977
0.42382
0.45578
0.51568
0.49171
0.42382
0.43581
0.52373
0.69161
0.95948
1.3313
1.7711
2.1429
2.4388
2.6306
2.7026
2.6706
2.5507
2.3748
2.1229
1.8671
1.5912
1.3073
1.0634
0.87154
0.76361
0.72765
0.7756
0.86353
0.9395
0.99548
1.0315
1.0315
0.99551
0.97151
0.92351
0.84753
0.7236
0.57972
0.49975
0.44779
0.46426
0.53299
0.6403
0.75052
0.77372
0.73451
0.62967
0.49012
0.35387
0.24367
0.1677
0.1478
0.16881
0.22193
0.2702
0.28222
0.26227
0.24206
0.25767
0.31273
0.37507
0.45253
0.56059
0.61827
0.61797
0.55131
0.4839
0.39601
0.27993
0.19017
0.12053
0.075952
0.047977
0.031995
0.047973
0.06795
0.083942
0.08796
0.099969
0.15193
0.23986
0.3478
0.49573
0.67165
0.83159
0.95154
0.99951
0.97948
0.86751
0.69162
0.53172
0.4318
0.42779
0.49975
0.68763
0.95947
1.2553
1.5272
1.7311
1.891
1.955
1.939
1.831
1.6671
1.4552
1.2274
0.99552
0.76762
0.55171
0.37977
0.24385
0.14394
0.12396
0.17591
0.29181
0.43575
0.6157
0.80762
0.95954
1.0834
1.1594
1.1634
1.1074
1.0035
0.87155
0.69163
0.49575
0.37981
0.33582
0.3558
0.39579
0.45978
0.54372
0.53173
0.45576
0.33581
0.23986
0.17591
0.15994
0.21989
0.3398
0.49172
0.63169
0.75564
0.83958
0.90351
0.9235
0.92752
0.92353
0.87955
0.7796
0.63968
0.53171
0.44775
0.38781
0.39182
0.47976
0.62763
0.7316
0.78761
0.80362
0.77562
0.70761
0.59166
0.45976
0.37581
0.33584
0.36382
0.43976
0.55969
0.69562
0.78761
0.84358
0.81159
0.72361
0.57569
0.44377
0.3798
0.34783
0.37581
0.44777
0.54771
0.63966
0.66367
0.67165
0.64367
0.61968
0.63167
0.66765
0.71564
0.77561
0.85554
0.89952
0.91553
0.92354
0.93552
0.90753
0.82757
0.71961
0.59969
0.53173
0.53173
0.61569
0.83156
1.1434
1.5232
1.899
2.2229
2.4747
2.6147
2.6786
2.6546
2.5467
2.3748
2.1669
1.9152
1.6023
1.2785
0.93476
0.67211
0.4808
0.36775
0.34509
0.36571
0.41347
0.39463
0.35219
0.36442
0.43483
0.56589
0.7939
1.1137
1.4853
1.817
2.0907
2.2799
2.3309
2.2461
2.0313
1.6922
1.2689
0.9218
0.66007
0.47796
0.35775
0.34462
0.4357
0.50369
0.57966
0.63969
0.7076
0.73561
0.70372
0.62775
0.49975
0.35575
0.24376
0.14795
0.11601
0.14795
0.23978
0.37167
0.48382
0.6038
0.68366
0.68364
0.65564
0.61966
0.58767
0.5437
0.47977
0.40784
0.35582
0.31578
0.26785
0.2319
0.20393
0.19987
0.19186
0.17992
0.19193
0.22791
0.28784
0.35177
0.39175
0.39179
0.34788
0.28792
0.23588
0.19979
0.14389
0.104
0.10797
0.13991
0.19585
0.26786
0.36384
0.45578
0.49179
0.49573
0.47172
0.44773
0.42779
0.41586
0.42379
0.40774
0.35579
0.30384
0.2639
0.27184
0.29187
0.34785
0.45171
0.54368
0.63167
0.70372
0.80762
0.92349
1.0274
1.1314
1.1914
1.1914
1.1395
1.0475
0.93148
0.78758
0.66764
0.58767
0.53974
0.54775
0.6117
0.7316
0.87954
1.0634
1.2433
1.3713
1.4194
1.3914
1.2793
1.0673
0.79556
0.58774
0.49178
0.49178
0.61167
0.85549
1.2033
1.5432
1.8312
2.087
2.2667
2.3547
2.3627
2.2669
2.059
1.7432
1.3713
1.0394
0.8035
0.67967
0.67973
0.78766
0.97144
1.1353
1.2353
1.2953
1.3033
1.2554
1.1754
1.0235
0.82353
0.61166
0.46372
0.38777
0.3559
0.39988
0.49972
0.58753
0.58757
0.49985
0.46786
0.49177
0.59162
0.75955
1.0035
1.3232
1.5592
1.6992
1.6912
1.5672
1.3332
1.0122
0.74684
0.55405
0.48397
0.53179
0.69939
0.97591
1.2302
1.4593
1.6228
1.7329
1.783
1.7737
1.7352
1.6638
1.5781
1.474
1.3664
1.2287
1.1055
1.0043
0.9177
0.85336
0.80391
0.82373
0.84776
0.89168
0.96314
1.0678
1.1939
1.3313
1.4872
1.6352
1.7751
1.8791
1.951
1.939
1.875
1.7511
1.5792
1.3594
1.1195
0.89148
0.64761
0.44378
0.32386
0.28785
0.29184
0.33584
0.43577
0.57962
0.67565
0.7357
0.78764
0.81554
0.8075
0.7636
0.75163
0.76763
0.81561
0.89554
0.99145
1.0634
1.0874
1.0635
0.97155
0.83963
0.70363
0.57959
0.42776
0.32387
0.2839
0.30383
0.35578
0.43176
0.55169
0.6557
0.73968
0.78361
0.77154
0.68759
0.58372
0.53574
0.53973
0.5957
0.70365
0.85953
1.0154
1.0834
1.0755
0.98755
0.85955
0.70756
0.53172
0.42778
0.37584
0.40779
0.50371
0.65964
0.87551
1.0435
1.1794
1.2354
1.2273
1.1593
1.0315
0.86763
0.68373
0.5197
0.35575
0.22387
0.15594
0.13596
0.16389
0.17992
0.20791
0.23983
0.21988
0.2039
0.19594
0.24789
0.36776
0.53568
0.76359
1.0075
1.1994
1.3274
1.3473
1.2753
1.1273
0.88751
0.6597
0.51577
0.45577
0.46373
0.50376
0.62763
0.75154
0.81161
0.82367
0.79965
0.76351
0.64758
0.51575
0.43982
0.4278
0.46774
0.53972
0.65965
0.78754
0.83558
0.81562
0.75164
0.67163
0.58366
0.49575
0.43977
0.3838
0.31986
0.27587
0.25584
0.23985
0.22788
0.2199
0.19993
0.17193
0.1479
0.12787
0.091966
0.084011
0.13992
0.25175
0.34379
0.43586
0.5242
0.5766
0.53352
0.43958
0.40109
0.38637
0.39137
0.41593
0.50243
0.60331
0.68403
0.75647
0.82838
0.92992
1.0199
1.091
1.1212
1.103
1.0321
0.88541
0.71459
0.54552
0.43229
0.37264
0.35595
0.39431
0.44451
0.46722
0.44664
0.38574
0.30453
0.24797
0.24794
0.30377
0.39169
0.50376
0.66364
0.80764
0.92762
1.0076
1.0394
1.0312
0.91545
0.77977
0.71173
0.70765
0.7915
0.95151
1.2193
1.4791
1.6033
1.5794
1.3993
1.1154
0.8713
0.68354
0.59186
0.63588
0.80363
1.0791
1.3032
1.5153
1.6793
1.7792
1.7991
1.727
1.5589
1.2634
0.99159
0.79566
0.70363
0.70366
0.81162
1.0392
1.2432
1.3355
1.3116
1.1874
0.98722
0.75947
0.61174
0.58383
0.68769
0.90749
1.2273
1.5831
1.8951
2.147
2.3229
2.4227
2.4346
2.3467
2.151
1.903
1.6032
1.2993
1.0234
0.78357
0.5837
0.41188
0.29193
0.23575
0.18382
0.15196
0.14806
0.20391
0.30362
0.39566
0.49183
0.59191
0.69172
0.72359
0.67556
0.57159
0.43581
0.34784
0.30387
0.30787
0.36381
0.46375
0.61154
0.72362
0.80771
0.87958
0.9115
0.89554
0.84357
0.74761
0.62363
0.49564
0.3599
0.28393
0.2479
0.2398
0.24372
0.20802
0.22792
0.25583
0.28387
0.3478
0.43574
0.54364
0.60778
0.63582
0.63557
0.55956
0.43586
0.36789
0.36373
0.38376
0.45979
0.59579
0.81148
0.99148
1.1315
1.2393
1.2872
1.2832
1.1835
1.0436
0.8436
0.6196
0.41971
0.28783
0.22787
0.20397
0.21597
0.25976
0.25981
0.23985
0.20788
0.17199
0.17192
0.17195
0.19982
0.21252
0.20206
0.19544
0.20475
0.21809
0.23144
0.25266
0.26969
0.26271
0.23168
0.20837
0.23311
0.28551
0.39205
0.56974
0.79019
1.0425
1.2792
1.5128
1.729
1.9057
2.0313
2.1243
2.1728
2.1609
2.0721
1.8973
1.6347
1.2768
0.91461
0.61982
0.39978
0.26388
0.20792
0.22787
0.24783
0.22788
0.2239
0.25588
0.33583
0.47974
0.69163
0.97149
1.2594
1.5152
1.7191
1.8351
1.871
1.7831
1.5712
1.2674
0.99948
0.81155
0.68764
0.65969
0.75962
0.94349
1.1034
1.1914
1.2194
1.1754
1.0595
0.93951
0.77957
0.62364
0.45179
0.39181
0.40778
0.46775
0.55971
0.64768
0.71561
0.64768
0.57969
0.49573
0.43178
0.39582
0.3998
0.44372
0.39579
0.36383
0.37182
0.43178
0.55969
0.72362
0.94749
1.1234
1.2474
1.3153
1.3473
1.3673
1.3753
1.3793
1.3513
1.2874
1.1994
1.0754
0.92751
0.7756
0.61969
0.47575
0.33184
0.23988
0.18389
0.14791
0.12794
0.13595
0.19589
0.26384
0.32383
0.3998
0.48376
0.5757
0.62368
0.64366
0.61566
0.53171
0.43178
0.36383
0.35982
0.41178
0.52372
0.69164
0.89953
1.0675
1.1954
1.2833
1.3833
1.4432
1.4832
1.4553
1.3433
1.1634
0.88753
0.65563
0.47574
0.38382
0.39582
0.49575
0.67561
0.81955
0.89955
0.91954
0.84758
0.71164
0.53572
0.37978
0.24786
0.14793
0.10396
0.11193
0.12793
0.17192
0.27986
0.46376
0.70763
0.96751
1.2553
1.4952
1.6511
1.6991
1.6232
1.4592
1.1834
0.94751
0.79958
0.74762
0.83158
1.0635
1.4552
1.891
2.2948
2.6707
2.9705
3.1663
3.2503
3.187
3.0024
2.7026
2.3249
1.8518
1.3618
0.99908
0.78764
0.70704
0.74137
0.90808
1.1411
1.3129
1.3984
1.4319
1.4284
1.3804
1.3251
1.2663
1.1962
1.1106
1.0017
0.90326
0.79613
0.67611
0.57031
0.46722
0.37939
0.29415
0.2166
0.17191
0.15592
0.16391
0.17991
0.21988
0.25187
0.27985
0.29984
0.31584
0.34382
0.37182
0.41179
0.42777
0.3878
0.32384
0.30784
0.30784
0.33583
0.43179
0.62767
0.87951
1.0794
1.2474
1.3553
1.3473
1.2074
0.97149
0.7476
0.59169
0.49976
0.55573
0.7516
1.0514
1.3473
1.5712
1.7431
1.7951
1.7551
1.6431
1.4992
1.3113
1.1034
0.90753
0.72761
0.5637
0.44777
0.3958
0.37581
0.39579
0.42378
0.47974
0.52772
0.58371
0.65966
0.69965
0.73161
0.68763
0.5837
0.51574
0.48375
0.51173
0.58371
0.73162
0.93949
1.0874
1.1754
1.1914
1.1474
1.0355
0.86753
0.65565
0.49974
0.4078
0.41579
0.51972
0.69962
0.95949
1.1674
1.2994
1.3033
1.1834
0.98748
0.86355
0.85556
0.96751
1.2154
1.5752
1.979
2.2628
2.3828
2.3548
2.1749
1.911
1.5912
1.2113
0.84756
0.62369
0.53173
0.53972
0.61569
0.80358
1.0634
1.2633
1.3993
1.4473
1.4273
1.2793
1.0434
0.80758
0.63967
0.55172
0.53574
0.61968
0.76758
0.87553
0.90354
0.86358
0.7836
0.68363
0.5677
0.49973
0.42778
0.37581
0.31984
0.26386
0.21587
0.14393
0.11194
0.087958
0.08396
0.095949
0.11593
0.12793
0.13993
0.12395
0.11594
0.095947
0.067965
0.063957
0.039985
0.047979
0.075958
0.11993
0.15192
0.1726
0.19004
0.18734
0.16856
0.15366
0.19929
0.27259
0.38054
0.51797
0.63032
0.75657
0.84369
0.90763
0.94124
0.95607
0.94093
0.85437
0.72966
0.58485
0.49614
0.44145
0.47585
0.58379
0.77645
1.0351
1.2726
1.5088
1.6972
1.8058
1.8009
1.6481
1.3433
1.0875
0.90753
0.82756
0.83557
0.91955
1.1034
1.1794
1.1314
0.97549
0.75562
0.61968
0.57969
0.62767
0.7876
1.0635
1.4312
1.7791
2.0749
2.3308
2.5467
2.7026
2.7865
2.8185
2.7906
2.7266
2.6306
2.5347
2.4307
2.3308
2.2588
2.2069
2.1589
2.1069
2.0749
2.0309
1.999
1.979
1.963
1.967
1.971
1.9869
1.939
1.835
1.6711
1.4353
1.1394
0.81159
0.56768
0.37978
0.25187
0.19192
0.19191
0.22786
0.21588
0.18391
0.16791
0.13994
0.13993
0.15192
0.18389
0.20389
0.19991
0.21988
0.2119
0.23589
0.31583
0.45174
0.62367
0.80761
1.0195
1.1914
1.2953
1.3273
1.3033
1.1754
0.97551
0.73962
0.53971
0.40377
0.29586
0.26388
0.28785
0.32381
0.30783
0.24789
0.2119
0.19189
0.16391
0.14793
0.17191
0.21588
0.26785
0.32385
0.4238
0.57169
0.72361
0.88353
1.0075
1.0915
1.1314
1.1314
1.1034
1.0275
0.93951
0.84357
0.71165
0.55973
0.41978
0.28784
0.1879
0.12794
0.10396
0.12393
0.15592
0.24785
0.35581
0.46779
0.6077
0.69164
0.7156
0.63567
0.56772
0.5597
0.5797
0.67965
0.86356
1.1674
1.4712
1.7111
1.935
2.1229
2.2668
2.3228
2.3028
2.1909
1.955
1.6352
1.2433
0.90351
0.65565
0.50775
0.45179
0.45179
0.50414
0.50896
0.43454
0.40395
0.42874
0.52781
0.69167
0.92627
1.2188
1.4554
1.6264
1.7404
1.7905
1.7812
1.7128
1.5778
1.3722
1.1066
0.85096
0.66114
0.51118
0.40577
0.37756
0.40409
0.42663
0.35477
0.29807
0.31664
0.38179
0.51605
0.69562
0.96345
1.2034
1.3714
1.4713
1.4833
1.4152
1.2353
0.9795
0.77563
0.65167
0.59571
0.6157
0.71563
0.88745
0.98746
1.0235
0.99956
0.93552
0.8195
0.63567
0.51574
0.45977
0.47973
0.54772
0.6757
0.89151
1.0354
1.0754
1.0035
0.83959
0.71564
0.64768
0.67963
0.7756
0.9555
1.1673
1.2793
1.2634
1.1435
0.95147
0.70759
0.50372
0.37183
0.33183
0.33185
0.40778
0.5197
0.63565
0.74362
0.81962
0.89953
0.92752
0.93551
0.91951
0.86355
0.78759
0.69566
0.62767
0.55172
0.48376
0.42378
0.36381
0.31183
0.25988
0.24386
0.2239
0.23588
0.25187
0.28784
0.3318
0.36383
0.42779
0.47179
0.52371
0.51571
0.45578
0.41977
0.38779
0.37982
0.41183
0.51175
0.67159
0.80352
0.89152
0.90359
0.83966
0.73565
0.57566
0.40371
0.24785
0.15595
0.13596
0.16393
0.26382
0.41971
0.59968
0.75967
0.84766
0.86356
0.77557
0.65961
0.56765
0.49576
0.4798
0.49181
0.5517
0.57561
0.50372
0.43978
0.39983
0.41981
0.51572
0.67163
0.88751
1.1034
1.2714
1.3753
1.3993
1.3473
1.2513
1.0834
0.86753
0.6437
0.50375
0.43976
0.43577
0.49176
0.63166
0.79156
0.89554
0.92357
0.91952
0.86752
0.77559
0.67964
0.55973
0.43978
0.31984
0.23587
0.18789
0.16391
0.15994
0.1999
0.23588
0.28052
0.26596
0.21945
0.19273
0.19401
0.22738
0.26462
0.34903
0.45186
0.52623
0.54593
0.50771
0.43457
0.40375
0.40785
0.48919
0.64229
0.86583
1.1148
1.3078
1.4528
1.4933
1.428
1.2631
1.0313
0.79272
0.59383
0.46326
0.41412
0.42117
0.47623
0.50375
0.48376
0.41977
0.31182
0.21189
0.15594
0.15992
0.21188
0.29184
0.41178
0.53173
0.59572
0.60771
0.57169
0.48772
0.37979
0.29585
0.25587
0.24788
0.26787
0.33182
0.40377
0.46375
0.49177
0.50376
0.49975
0.49571
0.45974
0.4038
0.36782
0.31585
0.27585
0.20789
0.1599
0.11993
0.075983
0.075981
0.16782
0.19183
0.23382
0.30374
