0.94703
0.93645
0.92104
0.89998
0.87266
0.83868
0.79801
0.751
0.69844
0.64158
0.58205
0.52176
0.46271
0.40682
0.35568
0.31045
0.2718
0.23993
0.2147
0.19575
0.18269
0.17518
0.17304
0.17634
0.18536
0.20069
0.22315
0.25375
0.29356
0.34346
0.40384
0.47433
0.55357
0.63913
0.72771
0.81543
0.89825
0.97235
1.0344
1.0817
1.1125
1.1257
1.1211
1.0993
1.0616
1.0101
0.94747
0.87677
0.80136
0.7246
0.6496
0.57902
0.51485
0.45834
0.41005
0.36997
0.33766
0.31248
0.29366
0.28042
0.27205
0.26788
0.26732
0.26984
0.27495
0.28219
0.29118
0.30155
0.31306
0.32552
0.33891
0.3533
0.36893
0.38617
0.40553
0.42761
0.45311
0.48278
0.51739
0.55768
0.60429
0.6577
0.71812
0.78544
0.85912
0.93819
1.0212
1.1064
1.1916
1.2744
1.3524
1.4231
1.4843
1.5337
1.5696
1.5904
1.5951
1.5828
1.5534
1.5069
1.4441
1.3662
1.2751
1.173
1.063
0.94842
0.83312
0.72093
0.61548
0.51974
0.43575
0.36445
0.30576
0.25883
0.22233
0.19483
0.17494
0.16152
0.1537
0.1509
0.15283
0.15945
0.17092
0.18755
0.20969
0.23763
0.27142
0.31072
0.35463
0.40166
0.44979
0.49661
0.53959
0.5764
0.60511
0.6244
0.63364
0.63292
0.62298
0.6051
0.58091
0.55229
0.52112
0.48916
0.45797
0.42875
0.4024
0.37951
0.36038
0.34513
0.33368
0.3259
0.32157
0.32041
0.32214
0.32645
0.333
0.34142
0.35132
0.3623
0.37393
0.38577
0.39736
0.40826
0.41799
0.42613
0.43223
0.4359
0.43677
0.43455
0.42906
0.42023
0.40817
0.39314
0.37558
0.35609
0.33538
0.31423
0.2934
0.2736
0.25545
0.23939
0.22577
0.21479
0.20654
0.20106
0.1983
0.19819
0.20064
0.20551
0.21261
0.22171
0.23249
0.24457
0.25748
0.27071
0.28375
0.29608
0.30729
0.31709
0.32531
0.33195
0.33718
0.34128
0.3446
0.34758
0.35066
0.35427
0.3588
0.36458
0.3719
0.38097
0.39193
0.40489
0.41988
0.43687
0.45577
0.47645
0.49871
0.52227
0.54682
0.57194
0.59716
0.62195
0.64571
0.66782
0.68763
0.70447
0.71774
0.72689
0.73146
0.73113
0.7257
0.71516
0.69968
0.67961
0.65546
0.62794
0.59784
0.56608
0.53359
0.5013
0.47007
0.44064
0.41362
0.38942
0.36833
0.35043
0.33571
0.32401
0.31511
0.30868
0.30437
0.30178
0.3005
0.30014
0.30035
0.30084
0.30145
0.30212
0.30294
0.30413
0.30604
0.30911
0.31386
0.32084
0.3306
0.34368
0.36054
0.38153
0.40685
0.43642
0.46986
0.50644
0.545
0.58406
0.62187
0.65658
0.68646
0.71002
0.72625
0.73469
0.73544
0.72921
0.71716
0.7008
0.68185
0.66204
0.64301
0.62623
0.6129
0.60397
0.60015
0.60195
0.60971
0.62363
0.64379
0.67013
0.70249
0.74051
0.78367
0.83123
0.88222
0.93546
0.98953
1.0428
1.0937
1.1402
1.1808
1.2137
1.2374
1.2508
1.253
1.2436
1.2225
1.1901
1.1474
1.0958
1.037
0.97309
0.90639
0.83924
0.77388
0.71233
0.65623
0.60678
0.56474
0.53047
0.50399
0.48507
0.47332
0.4682
0.46908
0.47521
0.48569
0.4995
0.51542
0.53215
0.54829
0.5625
0.57358
0.58056
0.58286
0.58029
0.57306
0.56179
0.54741
0.53102
0.51385
0.49708
0.48179
0.46884
0.45893
0.45246
0.44961
0.45033
0.45428
0.46087
0.46925
0.47829
0.48665
0.49284
0.49534
0.49277
0.48407
0.46862
0.44642
0.41812
0.38494
0.34859
0.31103
0.27419
0.23974
0.20891
0.18244
0.16063
0.14345
0.13067
0.122
0.11721
0.1162
0.11901
0.12592
0.1376
0.15495
0.17886
0.21029
0.25007
0.29871
0.3561
0.42137
0.49286
0.56828
0.64499
0.72035
0.79198
0.85794
0.91681
0.96768
1.0101
1.044
1.0695
1.0873
1.0979
1.1022
1.1012
1.0959
1.0875
1.0772
1.0659
1.0547
1.0443
1.0353
1.0279
1.0222
1.0178
1.0142
1.0106
1.0062
1
0.99121
0.97901
0.96295
0.94282
0.91876
0.89127
0.86114
0.82942
0.79732
0.76611
0.73701
0.71112
0.68939
0.67212
0.65966
0.65248
0.6506
0.65384
0.6618
0.67389
0.68929
0.70697
0.72572
0.74415
0.76081
0.7742
0.78295
0.78588
0.78208
0.77104
0.75266
0.72728
0.69568
0.65901
0.6187
0.57633
0.53351
0.49176
0.45238
0.41637
0.38445
0.35707
0.3344
0.31648
0.30321
0.29445
0.29007
0.28994
0.29399
0.30215
0.31439
0.33068
0.35094
0.37502
0.40263
0.43333
0.46647
0.5012
0.53646
0.57107
0.6037
0.63305
0.65786
0.67706
0.68978
0.69545
0.69384
0.68504
0.66946
0.6478
0.62099
0.59011
0.55632
0.5208
0.48465
0.44888
0.4143
0.3816
0.35125
0.3236
0.29884
0.27708
0.25833
0.24256
0.22974
0.2198
0.21272
0.20847
0.20706
0.20853
0.21293
0.22032
0.23075
0.24417
0.26044
0.27923
0.29997
0.32183
0.34368
0.36417
0.38185
0.39526
0.40316
0.40468
0.39944
0.38767
0.37012
0.34802
0.32292
0.29646
0.2702
0.24545
0.2232
0.20407
0.1884
0.17629
0.16772
0.16259
0.16081
0.16229
0.16701
0.17498
0.1862
0.20069
0.2184
0.23919
0.26279
0.28881
0.31671
0.34587
0.37559
0.40524
0.43421
0.46206
0.48851
0.51342
0.53681
0.55881
0.57961
0.5994
0.61834
0.63646
0.65368
0.66979
0.6844
0.69699
0.70699
0.71375
0.7167
0.71535
0.70944
0.69893
0.68408
0.66543
0.64382
0.62026
0.59593
0.57203
0.54973
0.53007
0.51392
0.50196
0.49464
0.49221
0.49473
0.50202
0.51365
0.52897
0.547
0.56653
0.58607
0.604
0.61869
0.62863
0.6326
0.62986
0.62021
0.60406
0.5824
0.55668
0.5287
0.50037
0.47356
0.44996
0.43102
0.41789
0.41153
0.41273
0.42222
0.44067
0.46871
0.50676
0.55495
0.61278
0.67898
0.75135
0.82674
0.90123
0.97047
1.0301
1.0759
1.1047
1.1141
1.1029
1.0712
1.0205
0.95338
0.87374
0.78618
0.69568
0.60707
0.52448
0.45088
0.38796
0.33617
0.29504
0.26355
0.24045
0.2245
0.21457
0.20965
0.20889
0.21144
0.21649
0.22318
0.23057
0.23773
0.24374
0.24786
0.24953
0.24856
0.24506
0.23946
0.23244
0.22479
0.21737
0.21094
0.20618
0.20365
0.20377
0.20684
0.21304
0.22242
0.23487
0.25002
0.26722
0.28551
0.30357
0.31989
0.33286
0.34105
0.34339
0.3394
0.3293
0.31393
0.29469
0.27326
0.25138
0.23062
0.21225
0.19717
0.18599
0.17912
0.1769
0.17971
0.18808
0.20278
0.22482
0.25545
0.29606
0.34801
0.41231
0.48926
0.57817
0.67724
0.7836
0.89367
1.0035
1.1094
1.2079
1.2962
1.3721
1.4344
1.4821
1.515
1.5335
1.5382
1.5301
1.5106
1.4812
1.4435
1.3991
1.3498
1.2972
1.2428
1.1879
1.1339
1.0815
1.0316
0.98474
0.94118
0.90109
0.86446
0.83115
0.80091
0.7734
0.74823
0.72492
0.70299
0.6819
0.66111
0.64005
0.61819
0.59506
0.57025
0.54347
0.51462
0.48378
0.45122
0.41745
0.38314
0.34907
0.31608
0.28496
0.25636
0.23078
0.20853
0.18974
0.17439
0.16235
0.15345
0.14749
0.1443
0.14372
0.14561
0.14985
0.15633
0.16491
0.1754
0.18755
0.20102
0.21539
0.23017
0.24485
0.25889
0.27181
0.28338
0.29345
0.30178
0.30821
0.31272
0.31547
0.31672
0.31686
0.3163
0.31549
0.31485
0.31479
0.31565
0.3177
0.32115
0.32616
0.33283
0.3412
0.35128
0.36305
0.37648
0.39153
0.40815
0.42633
0.44602
0.46721
0.48983
0.51378
0.53885
0.56473
0.59094
0.61687
0.6417
0.66452
0.68433
0.70013
0.71102
0.7163
0.71554
0.70869
0.69605
0.6783
0.65642
0.63166
0.60537
0.57894
0.55367
0.53071
0.51102
0.49536
0.48405
0.47727
0.47523
0.47806
0.48582
0.49858
0.51638
0.53928
0.56731
0.60052
0.63895
0.68264
0.73164
0.78595
0.84559
0.91053
0.98066
1.0558
1.1356
1.2194
1.3066
1.3959
1.4861
1.5754
1.6619
1.7432
1.817
1.881
1.9328
1.9702
1.9915
1.9955
1.9814
1.9493
1.8999
1.8349
1.7564
1.6674
1.5714
1.4722
1.3738
1.2798
1.1937
1.1185
1.0562
1.0086
0.97667
0.96104
0.96211
0.98009
1.0151
1.0669
1.1354
1.2196
1.3184
1.4302
1.5525
1.6828
1.8183
1.9557
2.0922
2.2249
2.351
2.4684
2.5749
2.6689
2.749
2.8142
2.8638
2.8973
2.9144
2.915
2.8995
2.8679
2.8209
2.7591
2.6832
2.5944
2.4938
2.3829
2.2634
2.1373
2.0067
1.8738
1.741
1.6107
1.4851
1.3662
1.2555
1.1544
1.0634
0.98292
0.91275
0.85239
0.80112
0.75805
0.72224
0.69279
0.66882
0.64961
0.63453
0.6231
0.61502
0.6101
0.60833
0.60982
0.61478
0.62354
0.63648
0.65401
0.67655
0.70447
0.73807
0.77748
0.82264
0.87326
0.92874
0.98821
1.0505
1.1142
1.1776
1.2391
1.2969
1.3493
1.3947
1.4316
1.4589
1.4754
1.4804
1.4733
1.4537
1.4217
1.3775
1.3216
1.2548
1.1784
1.094
1.0037
0.90975
0.81474
0.72136
0.63217
0.5494
0.47472
0.40917
0.35308
0.30622
0.26793
0.23731
0.21336
0.19514
0.18177
0.17253
0.1668
0.16412
0.16408
0.16636
0.17069
0.17683
0.18455
0.19363
0.20383
0.21492
0.22666
0.23881
0.25109
0.26326
0.27504
0.28615
0.29631
0.30523
0.31265
0.31832
0.32204
0.32369
0.3232
0.3206
0.31599
0.30954
0.30147
0.29204
0.28153
0.27018
0.25823
0.24586
0.23324
0.22048
0.2077
0.19498
0.18243
0.17016
0.1583
0.14701
0.13645
0.12681
0.11824
0.1109
0.10493
0.10047
0.097629
0.096561
0.097432
0.10047
0.10595
0.11425
0.12582
0.14117
0.16081
0.1852
0.21458
0.24887
0.2875
0.32937
0.37285
0.41598
0.45667
0.49299
0.52346
0.54717
0.5639
0.57409
0.57874
0.57926
0.57731
0.57464
0.57294
0.57378
0.57854
0.58837
0.60422
0.62679
0.65658
0.69379
0.73833
0.78975
0.84723
0.90958
0.97525
1.0425
1.1092
1.1736
1.2336
1.2874
1.3336
1.3708
1.3981
1.4148
1.4207
1.4157
1.4001
1.3746
1.3399
1.2973
1.2479
1.1933
1.135
1.0745
1.0134
0.95301
0.89459
0.83906
0.78708
0.73903
0.69501
0.6549
0.61835
0.58488
0.55395
0.52496
0.49736
0.47065
0.44445
0.41854
0.39281
0.36734
0.34232
0.31803
0.29481
0.27303
0.253
0.235
0.21924
0.20586
0.19496
0.18657
0.18074
0.17749
0.17688
0.179
0.18396
0.19194
0.20313
0.21773
0.2359
0.25771
0.28306
0.31163
0.34277
0.37549
0.40846
0.44006
0.46852
0.4921
0.50924
0.51879
0.52012
0.51319
0.49859
0.47747
0.45137
0.42209
0.39146
0.36118
0.33264
0.30689
0.28459
0.26609
0.2515
0.24074
0.23363
0.22994
0.22942
0.23182
0.23688
0.24435
0.25396
0.26546
0.27858
0.29306
0.30863
0.32507
0.34216
0.3597
0.37758
0.39576
0.41404
0.43209
0.44958
0.46623
0.48179
0.49602
0.50876
0.51988
0.52932
0.5371
0.54336
0.5483
0.55227
0.55572
0.5592
0.56335
0.56892
0.57669
0.58752
0.60226
0.6218
0.64703
0.67877
0.71781
0.76479
0.82013
0.88401
0.95619
1.036
1.1222
1.2132
1.3066
1.3997
1.4897
1.5732
1.647
1.708
1.7533
1.7804
1.7876
1.7738
1.7389
1.6836
1.6099
1.5206
1.4195
1.3111
1.2001
1.0904
0.98634
0.89224
0.81049
0.74247
0.6886
0.64861
0.62173
0.60692
0.60302
0.60874
0.62272
0.64342
0.66914
0.69803
0.72814
0.7575
0.78431
0.807
0.8244
0.83575
0.84078
0.8396
0.83274
0.82095
0.80517
0.78642
0.76567
0.7438
0.72155
0.69946
0.67792
0.65712
0.63711
0.61779
0.599
0.58048
0.56198
0.54322
0.52396
0.50404
0.48338
0.46202
0.44009
0.41787
0.39574
0.37414
0.35357
0.33454
0.31752
0.30292
0.29109
0.28227
0.27663
0.27423
0.27505
0.27897
0.28572
0.2949
0.30589
0.31791
0.32999
0.34104
0.34997
0.3558
0.35781
0.35562
0.3493
0.33937
0.32666
0.31227
0.2974
0.28319
0.27067
0.26066
0.25381
0.2506
0.25137
0.25637
0.26576
0.27958
0.29773
0.31988
0.34537
0.37321
0.40201
0.4301
0.45562
0.4767
0.49173
0.4995
0.49936
0.49132
0.47599
0.45453
0.42849
0.39963
0.36968
0.34025
0.31263
0.28776
0.26627
0.24845
0.23441
0.22407
0.21729
0.21386
0.21355
0.21611
0.22123
0.22855
0.23765
0.24798
0.25895
0.26987
0.28007
0.28893
0.29599
0.30098
0.30388
0.30496
0.30469
0.30377
0.303
0.30327
0.30545
0.31041
0.31898
0.33193
0.34998
0.37377
0.40381
0.44041
0.48359
0.533
0.58785
0.64697
0.70884
0.77173
0.83393
0.8939
0.95041
1.0027
1.0503
1.0935
1.1326
1.1683
1.2015
1.2332
1.2641
1.2951
1.3265
1.3586
1.3916
1.4252
1.4591
1.4927
1.5254
1.5565
1.5853
1.6111
1.6332
1.651
1.6638
1.6711
1.6724
1.6672
1.6551
1.6357
1.6091
1.5751
1.5341
1.4865
1.4331
1.3749
1.3132
1.2493
1.1848
1.1213
1.0601
1.0025
0.94969
0.90231
0.86089
0.82563
0.79652
0.77332
0.75565
0.74302
0.73487
0.73059
0.72957
0.73123
0.73502
0.74044
0.74709
0.75465
0.7629
0.77171
0.78104
0.79094
0.8015
0.81284
0.82514
0.83853
0.85315
0.8691
0.88644
0.90516
0.92522
0.9465
0.96882
0.99192
1.0155
1.0392
1.0625
1.085
1.1061
1.1252
1.1417
1.155
1.1647
1.1702
1.1713
1.1679
1.1602
1.1483
1.133
1.1149
1.095
1.0743
1.0538
1.0347
1.0178
1.004
0.99381
0.98776
0.98602
0.98859
0.99527
1.0057
1.0193
1.0354
1.0532
1.0719
1.0906
1.1084
1.1244
1.1378
1.1478
1.1539
1.1554
1.152
1.1436
1.13
1.1113
1.088
1.0604
1.0292
0.99526
0.95952
0.92301
0.88685
0.85219
0.82015
0.79182
0.76822
0.75032
0.73899
0.73507
0.73936
0.75266
0.77574
0.80935
0.85419
0.9108
0.97951
1.0603
1.1527
1.2557
1.3679
1.487
1.6106
1.7357
1.8592
1.9777
2.0878
2.1862
2.2697
2.3354
2.3808
2.4037
2.4025
2.3763
2.3248
2.2486
2.1491
2.0286
1.8905
1.7388
1.5784
1.4148
1.2538
1.101
0.96141
0.83883
0.73559
0.65254
0.58935
0.54499
0.51824
0.5081
0.51397
0.53578
0.57388
0.62881
0.70101
0.79041
0.89608
1.016
1.1473
1.2859
1.4276
1.568
1.7029
1.8285
1.9419
2.0406
2.123
2.1881
2.2358
2.2662
2.2804
2.2775
2.2587
2.228
2.1881
2.1418
2.092
2.0409
1.9907
1.9431
1.8993
1.8601
1.8257
1.7961
1.7709
1.7494
1.7306
1.7136
1.6972
1.6801
1.661
1.6386
1.6117
1.5791
1.5397
1.4927
1.4377
1.3744
1.3032
1.2247
1.1403
1.0514
0.96011
0.86849
0.7787
0.69271
0.61218
0.53831
0.47183
0.41303
0.36179
0.31775
0.28037
0.24905
0.22317
0.20218
0.1856
0.17304
0.1642
0.1589
0.15706
0.15876
0.16391
0.17244
0.18457
0.20054
0.22066
0.24521
0.27445
0.30855
0.34759
0.39151
0.44014
0.49317
0.55018
0.61069
0.67413
0.7399
0.80738
0.87594
0.94494
1.0138
1.0819
1.1488
1.214
1.2771
1.338
1.3962
1.4515
1.5037
1.5524
1.5971
1.6373
1.6722
1.7009
1.7225
1.7358
1.7399
1.734
1.7172
1.6892
1.6501
1.6001
1.5403
1.4721
1.3971
1.3178
1.2363
1.1554
1.0773
1.0044
0.93855
0.88115
0.83321
0.79535
0.7678
0.75055
0.74338
0.74596
0.75778
0.77823
0.80652
0.84167
0.88247
0.92753
0.97528
1.0241
1.0722
1.1183
1.1608
1.1988
1.2315
1.2584
1.2795
1.2947
1.3045
1.3092
1.3094
1.3054
1.2978
1.287
1.2736
1.2577
1.24
1.2207
1.2004
1.1795
1.1586
1.138
1.1181
1.0992
1.0816
1.0653
1.0501
1.0359
1.0224
1.0093
0.99617
0.98295
0.96951
0.95591
0.94241
0.92936
0.91726
0.90663
0.89801
0.89184
0.88845
0.888
0.89046
0.89562
0.9031
0.91237
0.92284
0.93386
0.94485
0.95528
0.96477
0.97304
0.97997
0.98552
0.98968
0.99247
0.99382
0.99358
0.99146
0.98706
0.97986
0.96929
0.95482
0.93597
0.91246
0.88421
0.85143
0.81465
0.77462
0.73237
0.68903
0.64584
0.60395
0.56444
0.52819
0.49586
0.4679
0.4446
0.42603
0.4122
0.40297
0.39815
0.3975
0.40069
0.4073
0.41681
0.42856
0.44176
0.45548
0.46871
0.48039
0.48953
0.49528
0.49705
0.49456
0.48788
0.47745
0.46399
0.44844
0.43185
0.41528
0.39967
0.38582
0.37431
0.36555
0.35971
0.35681
0.35669
0.35907
0.36354
0.3696
0.37669
0.38424
0.39166
0.39845
0.4042
0.40862
0.41153
0.4129
0.41274
0.41115
0.40823
0.40407
0.39872
0.39219
0.38448
0.37554
0.36537
0.35401
0.34159
0.3283
0.31446
0.30048
0.28679
0.27388
0.26223
0.25227
0.24442
0.239
0.23635
0.23673
0.24042
0.24769
0.2588
0.27404
0.29362
0.31771
0.34634
0.37936
0.41636
0.45667
0.49932
0.54307
0.58647
0.628
0.66611
0.69939
0.72662
0.74689
0.75963
0.76464
0.76208
0.75251
0.73676
0.71595
0.69138
0.66446
0.6366
0.60918
0.58344
0.56045
0.5411
0.52608
0.51591
0.51096
0.51146
0.51753
0.52919
0.54632
0.56866
0.59575
0.62696
0.66145
0.69816
0.73587
0.77329
0.80907
0.84192
0.87069
0.89441
0.91231
0.92388
0.92882
0.92708
0.91875
0.90413
0.88367
0.85793
0.82765
0.79368
0.75703
0.71881
0.68025
0.64263
0.60723
0.57528
0.54789
0.52607
0.51067
0.50245
0.50208
0.5102
0.52743
0.55435
0.59145
0.63906
0.69721
0.7655
0.84309
0.92858
1.0202
1.1158
1.2131
1.31
1.4042
1.494
1.5776
1.6536
1.7208
1.7779
1.8239
1.8579
1.8791
1.8869
1.8807
1.8606
1.8266
1.7795
1.7202
1.6502
1.5716
1.4865
1.3974
1.3069
1.2176
1.1317
1.0512
0.97759
0.91197
0.85484
0.80633
0.76618
0.73386
0.70863
0.68963
0.67588
0.66631
0.65983
0.6553
0.65161
0.64766
0.64248
0.63526
0.6254
0.61258
0.5968
0.57836
0.55774
0.53577
0.51343
0.49163
0.47127
0.45312
0.43776
0.42559
0.41676
0.41121
0.40868
0.40873
0.41077
0.41408
0.41784
0.42123
0.42342
0.42373
0.4216
0.41671
0.40897
0.39854
0.38582
0.37139
0.35596
0.34032
0.32526
0.31153
0.29984
0.29081
0.28501
0.283
0.28536
0.29277
0.30605
0.32625
0.35468
0.39299
0.44316
0.50743
0.58818
0.68759
0.80734
0.94811
1.1093
1.2889
1.4836
1.6889
1.8999
2.111
2.3158
2.5103
2.6926
2.859
3.0064
3.1319
3.2329
3.3074
3.354
3.3716
3.3598
3.3189
3.2496
3.1535
3.0325
2.8894
2.7273
2.5501
2.362
2.1676
1.9716
1.7791
1.5949
1.4231
1.2675
1.1306
1.0137
0.91701
0.83992
0.78099
0.73848
0.7105
0.69517
0.69067
0.69526
0.7072
0.72478
0.74624
0.76986
0.79395
0.81697
0.83759
0.85472
0.86761
0.87585
0.87931
0.87819
0.87288
0.86394
0.85203
0.83782
0.82196
0.80504
0.78755
0.76989
0.75236
0.73516
0.71844
0.70229
0.68677
0.67189
0.65769
0.64417
0.63133
0.61916
0.60764
0.59673
0.58636
0.57645
0.5669
0.55762
0.54851
0.53949
0.53051
0.52157
0.51274
0.50411
0.49586
0.48822
0.48144
0.47583
0.47169
0.46935
0.46912
0.47131
0.47622
0.48413
0.49532
0.51005
0.52856
0.55107
0.57776
0.60875
0.64406
0.6836
0.72708
0.77401
0.82363
0.87494
0.92665
0.97722
1.0249
1.068
1.1046
1.133
1.1518
1.1599
1.1566
1.1418
1.1158
1.0796
1.0345
0.98241
0.92536
0.86559
0.80526
0.74635
0.69054
0.63906
0.59276
0.55204
0.51697
0.48734
0.46275
0.44272
0.42668
0.41409
0.40447
0.39739
0.39253
0.38969
0.38877
0.38981
0.39296
0.39849
0.40675
0.41815
0.43316
0.45228
0.47596
0.50463
0.5386
0.57799
0.6227
0.67232
0.7261
0.78294
0.84141
0.8998
0.95626
1.0089
1.0559
1.0958
1.1272
1.1494
1.1621
1.1654
1.16
1.1469
1.1276
1.1037
1.0771
1.0495
1.0227
0.99827
0.97747
0.96136
0.95068
0.94593
0.94731
0.9548
0.96816
0.98696
1.0106
1.0383
1.0691
1.1019
1.1357
1.1692
1.2012
1.2305
1.256
1.2766
1.2916
1.3003
1.3023
1.2976
1.2866
1.2696
1.2478
1.2224
1.1947
1.1666
1.1399
1.1165
1.0982
1.0871
1.0847
1.0927
1.1127
1.1459
1.1933
1.2555
1.3327
1.4245
1.5297
1.6464
1.7719
1.9029
2.0354
2.1652
2.288
2.3995
2.4957
2.5729
2.6282
2.6591
2.6639
2.642
2.5934
2.5191
2.421
2.3016
2.1646
2.014
1.8545
1.691
1.5286
1.3721
1.2259
1.0932
0.97641
0.87663
0.79383
0.72714
0.67506
0.63577
0.60732
0.58774
0.57509
0.56753
0.56324
0.56054
0.55789
0.55393
0.54761
0.53816
0.5252
0.5087
0.48898
0.46661
0.44237
0.41714
0.39181
0.3672
0.34401
0.32279
0.30396
0.28781
0.27452
0.26421
0.25694
0.2528
0.25186
0.25425
0.26012
0.26966
0.28308
0.30057
0.32229
0.34827
0.37837
0.41218
0.44896
0.48764
0.5268
0.56476
0.59969
0.62975
0.65329
0.66899
0.67597
0.67389
0.66296
0.64394
0.61806
0.58688
0.55217
0.51575
0.47934
0.44443
0.41221
0.38355
0.35903
0.33897
0.32351
0.31269
0.30649
0.30491
0.30798
0.31578
0.32847
0.34625
0.36937
0.39807
0.43256
0.47296
0.51923
0.57117
0.62833
0.69002
0.75534
0.82322
0.89244
0.96175
1.0299
1.0958
1.1583
1.2166
1.2701
1.3183
1.3608
1.3976
1.4287
1.4544
1.475
1.4908
1.5025
1.5107
1.5158
1.5186
1.5196
1.5193
1.5171
1.5129
1.5085
1.5041
1.5
1.4962
1.4924
1.4884
1.4838
1.478
1.4704
1.4605
1.4475
1.4309
1.4102
1.3849
1.3547
1.3191
1.2781
1.2317
1.1799
1.1231
1.0619
0.99701
0.92958
0.86086
0.7923
0.72546
0.66189
0.60301
0.55002
0.50383
0.46506
0.43404
0.41093
0.39576
0.38858
0.38952
0.39882
0.4169
0.44432
0.48173
0.52976
0.58893
0.65946
0.74113
0.83322
0.93442
1.0429
1.1566
1.2722
1.3873
1.5009
1.6111
1.7165
1.8158
1.9077
1.9913
2.0657
2.13
2.1835
2.2256
2.2556
2.2732
2.2779
2.2696
2.2484
2.2144
2.1681
2.1103
2.0419
1.9641
1.8782
1.7858
1.6885
1.5881
1.4862
1.3845
1.2846
1.1878
1.0953
1.0079
0.92628
0.85077
0.78146
0.71822
0.66078
0.60875
0.56168
0.51908
0.48048
0.44546
0.41362
0.38466
0.3583
0.33435
0.31265
0.29311
0.27564
0.26021
0.24677
0.2353
0.22582
0.2183
0.21277
0.20926
0.2078
0.20845
0.21131
0.21646
0.22405
0.23421
0.24708
0.26279
0.28145
0.30309
0.32767
0.355
0.38476
0.41645
0.44942
0.48282
0.51573
0.54712
0.57601
0.60146
0.62269
0.63914
0.65049
0.6567
0.65799
0.65488
0.64807
0.63847
0.62707
0.61494
0.60315
0.59269
0.58448
0.57934
0.57793
0.58082
0.58841
0.60098
0.61864
0.64136
0.66886
0.70068
0.7361
0.77418
0.81375
0.85352
0.89208
0.92803
0.96006
0.98703
1.008
1.0223
1.0297
1.0298
1.023
1.0096
0.98992
0.96472
0.93464
0.9004
0.86272
0.82232
0.77993
0.7363
0.69213
0.64819
0.60519
0.56386
0.52486
0.48883
0.45627
0.42761
0.40315
0.3831
0.36754
0.35651
0.34995
0.34776
0.34975
0.35568
0.36517
0.37769
0.39255
0.40883
0.42541
0.44103
0.45437
0.46412
0.4692
0.46884
0.46269
0.45092
0.43414
0.41343
0.39013
0.36571
0.34163
0.31917
0.29938
0.28303
0.27061
0.26244
0.25869
0.25944
0.2647
0.27443
0.28848
0.30656
0.32818
0.35259
0.37878
0.40543
0.43109
0.4542
0.47329
0.48711
0.49475
0.49574
0.49005
0.4781
0.46069
0.43891
0.41404
0.38738
0.36022
0.33368
0.3087
0.28597
0.26598
0.24903
0.23525
0.22468
0.21731
0.21308
0.21194
0.21386
0.21881
0.22678
0.23777
0.25174
0.26862
0.28824
0.31039
0.33471
0.36073
0.3879
0.41556
0.44299
0.46946
0.49426
0.51672
0.53626
0.55239
0.56477
0.57315
0.57743
0.57763
0.5739
0.56648
0.5557
0.54197
0.52577
0.50761
0.48803
0.46757
0.44676
0.42612
0.40613
0.38721
0.36975
0.35409
0.34048
0.32916
0.32028
0.31394
0.31022
0.30909
0.3105
0.31429
0.32022
0.32796
0.33703
0.34686
0.35679
0.36608
0.37402
0.37994
0.38336
0.38399
0.38179
0.37699
0.37008
0.36171
0.35266
0.34374
0.33576
0.32942
0.32537
0.32411
0.32607
0.33159
0.34091
0.3542
0.37152
0.39281
0.41787
0.44629
0.47747
0.51057
0.54457
0.57829
0.61045
0.6398
0.66515
0.68554
0.70023
0.70884
0.71132
0.70801
0.69954
0.68687
0.67116
0.65372
0.6359
0.61902
0.60433
0.59293
0.58577
0.58366
0.58723
0.59699
0.61329
0.6363
0.666
0.70209
0.74396
0.7906
0.84065
0.89236
0.94365
0.99226
1.0358
1.0721
1.0991
1.115
1.1186
1.1093
1.0869
1.0519
1.0055
0.94935
0.88546
0.81631
0.74453
0.67269
0.60319
0.53804
0.47875
0.4263
0.38113
0.34326
0.3124
0.28805
0.26967
0.25668
0.24854
0.24478
0.24495
0.24864
0.25539
0.26469
0.27594
0.28842
0.30128
0.31362
0.32453
0.33318
0.33905
0.34191
0.34161
0.3383
0.33245
0.32484
0.31643
0.30825
0.30132
0.29657
0.29486
0.29693
0.30348
0.31516
0.33258
0.35637
0.38707
0.42509
0.47064
0.5236
0.58343
0.64914
0.71932
0.7922
0.86583
0.93818
1.0074
1.0717
1.13
1.1811
1.2246
1.2602
1.2881
1.3086
1.3222
1.3296
1.3314
1.3284
1.3211
1.3101
1.2959
1.2788
1.2591
1.2368
1.2121
1.185
1.1554
1.1235
1.0892
1.0526
1.0134
0.97211
0.9296
0.88628
0.8426
0.79911
0.75641
0.71519
0.67615
0.64
0.60745
0.57913
0.55564
0.53749
0.52515
0.51907
0.51966
0.52731
0.54244
0.5654
0.59648
0.63581
0.68332
0.73859
0.80082
0.8688
0.94092
1.0153
1.0897
1.1621
1.2304
1.2928
1.3477
1.394
1.4311
1.4585
1.4764
1.485
1.485
1.4771
1.4625
1.442
1.4168
1.3878
1.356
1.3222
1.2872
1.2516
1.216
1.1808
1.1463
1.1129
1.0808
1.0502
1.0212
0.99413
0.96901
0.946
0.92521
0.90674
0.89066
0.877
0.86576
0.85693
0.85041
0.8461
0.8438
0.84329
0.84427
0.84635
0.84912
0.85207
0.85465
0.8563
0.85643
0.8545
0.85004
0.84269
0.83221
0.81853
0.80175
0.78214
0.76007
0.73603
0.71057
0.68421
0.65744
0.63065
0.60412
0.57802
0.55239
0.52718
0.50228
0.47758
0.45295
0.42835
0.40378
0.37939
0.35537
0.33202
0.3097
0.28877
0.26958
0.25244
0.23762
0.22531
0.21566
0.20877
0.20474
0.20364
0.20559
0.2107
0.21914
0.23107
0.24667
0.26608
0.28939
0.31656
0.3474
0.38151
0.41828
0.45688
0.49628
0.53532
0.57278
0.60742
0.63811
0.66385
0.68383
0.69747
0.70445
0.70469
0.69841
0.68603
0.66824
0.6459
0.62003
0.59177
0.56228
0.5327
0.50408
0.47736
0.45331
0.43254
0.41551
0.40253
0.39381
0.38948
0.38961
0.39425
0.40342
0.41709
0.43522
0.45768
0.4843
0.51477
0.5487
0.58556
0.62473
0.66551
0.7071
0.74872
0.78958
0.82893
0.86608
0.90045
0.93154
0.95895
0.9824
1.0017
1.0167
1.0274
1.0339
1.0363
1.0347
1.0296
1.0212
1.0099
0.99628
0.98081
0.964
0.94637
0.92838
0.91044
0.89284
0.87578
0.85934
0.84345
0.82795
0.81259
0.79705
0.781
0.76409
0.7461
0.72684
0.70629
0.68457
0.66196
0.63884
0.61574
0.59325
0.57196
0.55247
0.53534
0.52101
0.50986
0.50214
0.49799
0.49744
0.50041
0.50667
0.51589
0.52758
0.54111
0.55571
0.57054
0.58465
0.59711
0.60703
0.61368
0.61652
0.61528
0.60999
0.60096
0.58879
0.57432
0.55851
0.54244
0.52716
0.51368
0.5029
0.49557
0.49232
0.49362
0.4998
0.51107
0.52744
0.54878
0.57471
0.60462
0.63761
0.67255
0.70803
0.74253
0.77441
0.80213
0.82431
0.83986
0.84808
0.84873
0.84204
0.82869
0.80981
0.78684
0.76143
0.73536
0.7104
0.68819
0.67021
0.6577
0.6517
0.65302
0.66226
0.67983
0.70587
0.74027
0.78254
0.83176
0.88657
0.9451
1.0051
1.064
1.1192
1.168
1.2081
1.2375
1.2549
1.2594
1.2509
1.2301
1.1981
1.1567
1.108
1.0546
0.99899
0.94383
0.89149
0.84405
0.80324
0.77038
0.74645
0.73212
0.72785
0.73394
0.75053
0.77762
0.81502
0.8623
0.91867
0.98299
1.0537
1.129
1.2066
1.2841
1.3594
1.4301
1.4941
1.5498
1.5957
1.6307
1.6541
1.6652
1.664
1.6503
1.6244
1.5867
1.5374
1.4774
1.4073
1.3282
1.2411
1.1475
1.0491
0.94782
0.84597
0.7459
0.65
0.56048
0.47917
0.40731
0.3455
0.29371
0.2514
0.21788
0.19222
0.17323
0.16003
0.15192
0.1485
0.14961
0.15539
0.16628
0.18303
0.20676
0.2389
0.28117
0.3354
0.40328
0.48596
0.5836
0.69509
0.81789
0.94828
1.0817
1.2134
1.3388
1.4538
1.5552
1.6404
1.708
1.7572
1.7878
1.8006
1.7963
1.7764
1.7421
1.6951
1.637
1.5691
1.4933
1.4111
1.3244
1.2351
1.1456
1.0581
0.97495
0.89826
0.82992
0.77137
0.72359
0.68709
0.66202
0.64822
0.64503
0.65184
0.66826
0.69355
0.72681
0.76688
0.81236
0.86163
0.91283
0.96399
1.0131
1.0582
1.0974
1.1292
1.1519
1.1646
1.1662
1.1562
1.1344
1.1009
1.0563
1.0017
0.93841
0.86839
0.79387
0.71732
0.64128
0.56814
0.49996
0.43828
0.38407
0.33772
0.29915
0.26795
0.24353
0.22526
0.21254
0.20492
0.20207
0.20384
0.21024
0.22143
0.23766
0.25928
0.28659
0.3198
0.35885
0.40335
0.45243
0.50475
0.55856
0.6118
0.66235
0.70826
0.7479
0.78016
0.80453
0.82111
0.83056
0.83397
0.83276
0.82851
0.82281
0.81712
0.81267
0.81041
0.81091
0.81437
0.82064
0.82919
0.83917
0.84946
0.85871
0.86549
0.86836
0.86597
0.85721
0.84131
0.81791
0.7871
0.74945
0.70601
0.6582
0.60768
0.55628
0.50577
0.45776
0.41353
0.37402
0.33977
0.311
0.28765
0.26949
0.25619
0.24736
0.24258
0.24144
0.24349
0.24823
0.25512
0.26348
0.27258
0.28161
0.28977
0.29631
0.30066
0.30246
0.30164
0.29844
0.29334
0.28702
0.28029
0.27396
0.26883
0.26562
0.26495
0.26736
0.2733
0.28317
0.29728
0.31589
0.33914
0.36702
0.3993
0.43555
0.47504
0.51684
0.5598
0.60265
0.6441
0.6829
0.71794
0.74827
0.77319
0.79218
0.80496
0.81144
0.81174
0.80616
0.79516
0.77934
0.75946
0.73639
0.71108
0.68451
0.65771
0.63164
0.60719
0.58517
0.56625
0.55099
0.53982
0.53311
0.53109
0.534
0.54197
0.55512
0.57352
0.59717
0.62599
0.65979
0.69824
0.74084
0.78692
0.83561
0.88591
0.93669
0.98678
1.0351
1.0805
1.1222
1.1596
1.1924
1.2206
1.2443
1.2641
1.2806
1.2944
1.3063
1.3169
1.3267
1.3357
1.344
1.3512
1.3567
1.3596
1.3589
1.3535
1.3424
1.3245
1.2992
1.266
1.225
1.1767
1.122
1.0622
0.99916
0.93477
0.87112
0.81024
0.75393
0.7037
0.66067
0.6256
0.59894
0.58087
0.57141
0.57049
0.57796
0.59363
0.61722
0.64838
0.68662
0.73127
0.78149
0.83622
0.89429
0.95439
1.0151
1.0751
1.133
1.1873
1.237
1.2807
1.3175
1.3465
1.3669
1.3781
1.3798
1.3718
1.3542
1.3272
1.2914
1.2475
1.1964
1.1391
1.0769
1.0111
0.94318
0.87461
0.80698
0.74182
0.68058
0.62455
0.57479
0.53211
0.49707
0.47
0.45108
0.44039
0.43798
0.44387
0.45806
0.48047
0.51079
0.54843
0.59228
0.64069
0.69145
0.74181
0.78875
0.82913
0.86006
0.87906
0.88435
0.87493
0.85074
0.81262
0.76231
0.70236
0.63588
0.56634
0.49719
0.43152
0.37174
0.31946
0.27544
0.23973
0.21192
0.19139
0.17748
0.1697
0.16779
0.17179
0.18213
0.19958
0.22525
0.26051
0.30672
0.3649
0.43521
0.51655
0.60619
0.69996
0.79266
0.87871
0.95289
1.0108
1.0494
1.067
1.0633
1.0395
0.99798
0.94222
0.8763
0.80469
0.73176
0.66146
0.59697
0.54055
0.49357
0.45664
0.42984
0.413
0.40584
0.40816
0.41985
0.44091
0.47133
0.51101
0.55957
0.61621
0.67964
0.74804
0.81916
0.89048
0.95943
1.0236
1.0809
1.1296
1.1687
1.1974
1.2156
1.2226
1.2187
1.2052
1.1833
1.154
1.1184
1.0776
1.0326
0.98459
0.93471
0.88417
0.8343
0.78648
0.74213
0.7026
0.66914
0.64284
0.62462
0.61523
0.61526
0.62515
0.64521
0.67551
0.71584
0.76556
0.82354
0.88806
0.95684
1.0272
1.096
1.1603
1.2171
1.2639
1.2983
1.319
1.3251
1.3163
1.2932
1.2571
1.2097
1.1536
1.0914
1.0263
0.96131
0.89924
0.84265
0.79359
0.75358
0.72369
0.70457
0.69626
0.69891
0.71284
0.73795
0.77401
0.82051
0.87662
0.9411
1.0123
1.088
1.1659
1.2432
1.3173
1.3856
1.4457
1.4954
1.5333
1.558
1.569
1.5659
1.5491
1.5193
1.4776
1.4255
1.3646
1.2969
1.2246
1.1495
1.0738
0.99909
0.927
0.8587
0.79501
0.73639
0.68295
0.63454
0.59074
0.55101
0.5147
0.48118
0.44985
0.4202
0.39189
0.36472
0.33867
0.31386
0.29055
0.26905
0.24969
0.23278
0.21859
0.20733
0.19917
0.19421
0.19259
0.19441
0.1998
0.20888
0.22176
0.23845
0.25884
0.28255
0.30893
0.33698
0.36536
0.39248
0.41664
0.43622
0.44987
0.45669
0.4563
0.44897
0.43547
0.41707
0.3953
0.3718
0.34817
0.32577
0.30571
0.28878
0.2755
0.26619
0.26098
0.25994
0.26306
0.2703
0.28156
0.29668
0.31538
0.33723
0.36163
0.38779
0.41472
0.44133
0.46644
0.48886
0.50754
0.52156
0.53028
0.53332
0.53064
0.52253
0.50956
0.49262
0.47275
0.45115
0.42906
0.40768
0.38809
0.37124
0.3579
0.3487
0.34414
0.34463
0.35051
0.36208
0.37953
0.40294
0.43219
0.46683
0.50605
0.54855
0.59261
0.63613
0.6768
0.71226
0.74037
0.75936
0.76799
0.76571
0.75261
0.72948
0.69773
0.65921
0.61611
0.57072
0.52529
0.48176
0.44176
0.40644
0.37657
0.35256
0.33459
0.32267
0.31677
0.31688
0.32303
0.33533
0.35392
0.37895
0.41047
0.44841
0.49239
0.54174
0.59537
0.65184
0.70937
0.76593
0.81943
0.86777
0.90903
0.94153
0.96398
0.97545
0.9755
0.96414
0.94185
0.90956
0.86861
0.82069
0.7677
0.71169
0.65468
0.59855
0.54491
0.49503
0.44977
0.40965
0.37483
0.34523
0.32059
0.30056
0.28471
0.27265
0.26398
0.25837
0.25551
0.25514
0.25701
0.26091
0.26663
0.27394
0.2826
0.29231
0.30274
0.31351
0.32419
0.33433
0.34345
0.35111
0.35691
0.36053
0.36178
0.36059
0.35705
0.35137
0.34391
0.33509
0.32542
0.31541
0.30555
0.29631
0.28807
0.28115
0.2758
0.2722
0.27048
0.2707
0.27292
0.27712
0.2833
0.29143
0.30147
0.31335
0.32704
0.34245
0.35954
0.37822
0.3984
0.41998
0.44279
0.46663
0.49123
0.51622
0.54114
0.56545
0.58852
0.6097
0.6283
0.64374
0.6555
0.66329
0.66704
0.66692
0.66343
0.65732
0.64956
0.64132
0.63387
0.62855
0.62667
0.62951
0.63827
0.65406
0.67787
0.71056
0.75277
0.80487
0.86684
0.93818
1.0178
1.1042
1.1951
1.2881
1.3804
1.4692
1.5518
1.6256
1.6887
1.7391
1.7756
1.7974
1.804
1.7955
1.7723
1.7352
1.6856
1.6251
1.5555
1.4791
1.3983
1.3156
1.2335
1.1547
1.0812
1.0151
0.95787
0.91067
0.87428
0.84916
0.8355
0.83332
0.84248
0.86269
0.89349
0.93425
0.98405
1.0417
1.1058
1.1745
1.246
1.3184
1.3898
1.4583
1.5224
1.5809
1.6328
1.6777
1.7152
1.7454
1.7685
1.7851
1.7957
1.8006
1.8004
1.7953
1.7854
1.7705
1.7502
1.7239
1.691
1.6507
1.6022
1.5449
1.4787
1.4035
1.32
1.2294
1.1332
1.0337
0.93338
0.83504
0.74137
0.65452
0.57645
0.5085
0.45114
0.40425
0.36723
0.33926
0.31946
0.307
0.30115
0.30134
0.30708
0.31796
0.33361
0.35358
0.37738
0.40437
0.43381
0.46484
0.49656
0.52805
0.55843
0.58695
0.61294
0.6359
0.65543
0.67127
0.68321
0.69114
0.69501
0.69487
0.69083
0.68315
0.67223
0.65864
0.6431
0.62652
0.6099
0.59436
0.58103
0.57107
0.56557
0.56559
0.57213
0.58616
0.60855
0.6401
0.68147
0.73303
0.79482
0.86601
0.94558
1.0325
1.1246
1.2196
1.3144
1.4061
1.4917
1.5682
1.633
1.684
1.7195
1.7385
1.7405
1.7261
1.6962
1.6525
1.5976
1.5343
1.4661
1.3964
1.3287
1.2666
1.213
1.1704
1.1409
1.126
1.1266
1.1435
1.1767
1.226
1.2905
1.3689
1.459
1.5584
1.6638
1.7719
1.8791
1.9818
2.0768
2.1612
2.2326
2.2893
2.3299
2.354
2.3615
2.3531
2.3298
2.2932
2.2453
2.1882
2.1242
2.0558
1.9853
1.915
1.8469
1.7829
1.7244
1.6727
1.6286
1.5927
1.5652
1.5461
1.5353
1.5323
1.5365
1.5473
1.5639
1.5853
1.6106
1.6387
1.6687
1.6995
1.7302
1.7598
1.7875
1.8126
1.8346
1.8532
1.868
1.8791
1.8865
1.8905
1.8913
1.8892
1.8846
1.8778
1.869
1.8584
1.8461
1.832
1.8161
1.7983
1.7783
1.7559
1.731
1.7033
1.6728
1.6394
1.603
1.5638
1.5219
1.4775
1.431
1.3828
1.3333
1.283
1.2325
1.1824
1.1331
1.0852
1.0392
0.99545
0.9543
0.91591
0.88035
0.84757
0.81742
0.78963
0.76385
0.7397
0.71676
0.69462
0.67294
0.65143
0.62992
0.60834
0.58677
0.56538
0.54444
0.52432
0.5054
0.48807
0.47268
0.45955
0.44888
0.4408
0.43533
0.43234
0.43164
0.43288
0.4356
0.43926
0.44321
0.44675
0.44918
0.44983
0.44812
0.44358
0.43595
0.42514
0.41127
0.39464
0.37572
0.35508
0.33335
0.31118
0.28918
0.26788
0.24776
0.22915
0.2123
0.19737
0.18443
0.17349
0.16452
0.15748
0.15227
0.14883
0.14709
0.147
0.1485
0.15158
0.15621
0.16241
0.17017
0.17952
0.19047
0.20304
0.21719
0.23287
0.24997
0.2683
0.28756
0.30738
0.32728
0.34672
0.36511
0.38189
0.39656
0.40873
0.41821
0.42501
0.42933
0.43158
0.43233
0.43225
0.43206
0.43249
0.43424
0.43794
0.44409
0.45313
0.46536
0.48098
0.50003
0.52247
0.54808
0.57655
0.60742
0.64015
0.67412
0.70865
0.74308
0.77675
0.80908
0.83955
