0.49389
0.6889
0.82633
0.92275
0.99182
0.98057
1.049
1.0625
1.0547
1.0067
1.0634
1.0803
0.99657
0.90225
0.87531
0.97648
1.1117
1.1843
1.2168
1.1818
1.1719
0.93297
0.20813
-0.53865
-0.8711
-1.0632
-1.1448
-1.1251
-1.0759
-1.0238
-1.083
-1.28
-1.5095
-1.0677
-0.364
0.231
-0.21708
-0.90657
-1.2905
-1.3502
-1.5278
-1.1031
-0.73407
0.072361
0.73244
1.6596
1.6313
1.1472
0.31611
-0.33061
-0.819
-0.99486
-1.1687
-1.2644
-1.2079
-1.0991
-1.1231
-0.98057
-0.715
-0.8008
-0.90501
-1.0644
-0.93427
-0.79325
-0.73356
-0.75525
-0.76854
-0.9332
-1.0391
-1.062
-0.94212
-0.9086
-0.93051
-0.86711
-0.96421
-1.0246
-1.0441
-1.0563
-0.99273
-0.95087
-0.93343
-0.92261
-0.99955
-1.0361
-1.042
-1.0284
-1.0038
-1.0136
-0.9413
-0.95346
-0.94957
-0.97579
-0.99375
-1.0069
-1.0458
-1.0993
-1.1208
-1.0674
-1.066
-1.0299
-0.96289
-0.94695
-0.90356
-0.93514
-0.96912
-1.0254
-0.9702
-0.97514
-0.96139
-1.0431
-1.0272
-1.0624
-1.1385
-1.1907
-1.1181
-1.3347
-1.1893
-0.64813
0.076025
1.911
1.1363
0.32465
-0.83417
-0.858
0.069034
0.7297
1.6216
1.5246
0.86293
-0.026113
-0.64202
-0.93281
-1.0652
-1.0382
-1.0581
-1.0262
-1.0027
-0.97287
-1.0178
-1.0531
-1.1058
-1.0721
-1.0031
-1.0304
-0.99855
-0.99844
-0.95333
-0.93497
-0.98793
-0.96279
-1.0157
-0.99142
-0.99862
-1.084
-1.1044
-1.0431
-0.98682
-1.085
-1.229
-1.3837
-1.0987
-0.67231
0.154
0.75075
0.82225
0.78681
0.87632
1.0164
1.0618
1.1098
1.1801
1.3641
1.1428
0.80463
0.61425
0.69759
0.90011
0.88642
0.95712
0.98724
1.0539
1.1686
1.2017
1.1723
1.0529
0.97375
0.71603
0.66058
0.78934
0.89299
1.1021
1.1508
1.0251
0.81723
0.82783
1.0246
1.299
1.6322
1.3361
0.57141
-0.26394
-0.65185
0.51718
0.79555
0.90326
0.85248
0.98211
1.2942
1.707
0.96525
0.29915
-0.79374
-1.249
-1.0942
-1.1428
-1.2012
-1.0804
-1.1625
-0.93116
-0.70659
-0.68489
-0.94832
-1.2756
-1.4866
-1.3497
-1.001
-0.081162
0.396
0.61967
0.68547
0.94967
1.0717
1.2521
1.2275
1.1578
1.001
1.001
1.0465
1.0537
0.8085
0.693
0.9282
0.819
0.81258
0.69096
0.728
0.81603
0.99419
1.1067
1.23
1.4191
1.1625
0.39634
-0.5202
-1.1271
-1.1395
-1.0168
-0.96007
-0.90677
-0.93093
-0.95466
-0.93182
-0.9594
-0.97081
-0.98859
-0.99134
-1.0051
-1.0161
-1.002
-0.98449
-0.9828
-0.99528
-1.0365
-1.0738
-1.0729
-1.0739
-1.0733
-1.0784
-1.0763
-1.0539
-1.1107
-1.0936
-1.2012
-1.1825
-0.72361
0.071928
0.57344
0.81284
0.85331
0.91795
0.97304
1.0279
1.0549
1.0692
1.0433
1.0302
1.0247
0.99925
0.97045
0.96312
0.96871
0.98144
1.0733
1.0981
1.1457
1.0822
1.0838
0.85574
0.67568
0.71372
0.85313
0.96747
0.98023
1.0223
1.0333
1.0565
1.1073
1.0814
1.0967
1.0669
1.1423
1.1567
1.169
1.1244
0.759
-0.03229
-0.47416
-0.82633
-0.94751
-1.0429
-1.0249
-0.96579
-0.98038
-0.9903
-1.0189
-1.0349
-1.0441
-1.0361
-1.0404
-0.98018
-0.9152
-0.90044
-0.94229
-0.95642
-0.93936
-0.93185
-0.97993
-0.99902
-1.0076
-1.0101
-0.9963
-0.99067
-1.0227
-1.0551
-1.063
-1.0638
-1.0507
-1.055
-1.0335
-1.0284
-1.0327
-1.0481
-1.0416
-1.0612
-1.0469
-1.0038
-1.0333
-1.088
-1.1621
-1.2069
-1.2012
-1.1567
-0.95111
-0.97466
-1.0009
-0.98861
-0.98219
-0.99269
-0.83937
-1.0765
-0.95075
-0.60579
-0.74709
-0.9009
-1.2082
-1.2102
-1.0533
-1.0664
-1.0451
-1.0963
-1.0698
-1.1064
-1.1453
-0.96763
-0.8085
-0.76132
-0.9438
-1.0077
-0.97103
-0.819
-0.77
-0.79491
-0.99786
-0.99556
-0.91426
-0.95374
-0.95085
-1.1166
-1.1073
-1.1811
-1.0534
-0.91492
-0.9143
-0.88978
-0.92638
-1.0035
-1.0264
-0.95938
-0.94897
-0.96567
-0.9274
-0.9867
-1.1456
-1.293
-1.2673
-0.96469
-0.69758
-0.53656
-0.83989
-1.0078
-0.99139
-0.96838
-0.98349
-0.99354
-0.9728
-0.96482
-0.98687
-0.98132
-0.99156
-0.98268
-1.0021
-1.0075
-0.99134
-1.0084
-1.0138
-1.0106
-1.0193
-1.0086
-0.98899
-0.99547
-1.0224
-1.053
-1.0539
-1.0549
-1.1144
-1.1158
-1.1011
-0.98833
-0.82026
-0.85171
-0.96631
-1.039
-1.0281
-0.9552
-0.98396
-0.98864
-0.93844
-0.93949
-0.97109
-0.9828
-0.9587
-1.0177
-1.0445
-1.0787
-1.0937
-1.0817
-1.0445
-1.0507
-1.0961
-1.1014
-0.93297
-0.89769
-0.93275
-0.9363
-1.0122
-1.1027
-1.2546
-1.4696
-1.0987
-0.429
0.41421
1.3032
1.291
1.3213
1.54
1.0487
0.11122
-0.11776
-0.78767
-0.91856
-0.86527
-0.84084
-0.78613
-0.85441
-0.8489
-0.98579
-1.0905
-1.0383
-1.1812
-1.1607
-1.2309
-1.0229
-0.9584
-0.81563
-0.64215
-0.81063
-1.1509
-1.3265
-1.4083
-1.3698
-0.95217
-0.4004
-0.12257
-0.44489
-1.0445
-1.0566
-1.1402
-1.1724
-1.0879
-0.9148
-1.1886
-1.1194
-0.8945
-0.33858
0.31798
0.65963
0.86423
1.0579
1.2998
1.5198
1.3187
0.7951
0.23334
-0.66366
-1.6652
-1.2793
-0.13151
-0.35651
-0.88479
-1.4479
-1.2605
-0.82506
0.052313
0.62121
0.83684
0.86422
0.92529
0.93051
0.96791
1.0144
1.092
1.1052
1.0525
0.98922
0.92864
0.91369
1.0194
1.0886
1.1409
1.1923
1.2155
1.1967
0.83666
0.82274
1.0313
1.1854
1.1316
0.52994
-0.429
-0.97598
-0.924
-0.73987
-0.76319
-0.78339
-0.819
-0.99214
-1.022
-1.0799
-1.144
-1.1358
-1.0659
-0.94628
-1.2105
-1.2186
-1.1791
-1.0537
-0.86834
-0.42296
0.25025
0.71811
1.001
0.84084
1.0445
0.90501
0.74792
0.86625
0.89278
0.89622
0.89523
0.89014
0.96648
0.98664
1.0206
1.086
1.1447
1.2166
1.2412
1.2431
0.97048
0.43389
-0.22712
-0.924
-0.9855
-0.93297
-0.95032
-0.92574
-1.0131
-0.98333
-1.0163
-1.0267
-1.0827
-1.1231
-1.093
-1.0964
-1.1335
-1.248
-1.1591
-0.99547
-0.11054
0.3282
0.76672
0.85008
0.92846
1.0092
1.0193
1.0129
1.0376
1.0646
1.0647
1.0497
1.024
1.0113
1.0434
1.0694
1.0949
1.087
1.0649
1.0854
0.82383
0.80636
0.95986
0.86834
0.79814
0.79858
0.83455
0.93735
0.95894
1.0485
1.0614
1.1116
1.1509
1.1901
1.2096
1.1866
0.88058
0.27076
-0.48886
-0.84429
-0.94212
-0.95085
-0.99046
-1.0285
-1.0333
-1.0278
-0.98502
-0.94295
-0.94745
-0.96947
-0.98583
-1.0096
-1.0642
-1.0302
-1.0232
-1.0074
-1.001
-1.005
-1.0218
-1.0558
-1.0679
-1.0462
-1.034
-1.0058
-1.0366
-1.0409
-1.0984
-1.1586
-1.093
-1.1277
-1.0788
-1.0353
-1.0725
-0.7657
-0.34599
0.49926
1.094
1.3594
1.0736
0.86538
0.92803
1.2369
1.2953
0.76979
0.20711
-0.51026
-1.1687
-1.4763
-1.3889
-1.0953
-0.2436
0.34798
0.81475
1.0131
1.0465
1.106
1.1528
1.1887
1.2965
1.2417
1.0401
0.40581
-0.11625
-0.572
-0.86133
-0.97207
-0.90788
-0.92671
-0.94232
-0.94979
-1.0298
-1.0146
-1.0206
-0.99581
-1.0192
-1.0401
-0.97145
-0.92286
-0.88613
-0.9035
-0.95305
-0.99731
-1.0174
-1.0077
-1.024
-1.0497
-1.0328
-1.0001
-0.98965
-1.0073
-1.038
-1.043
-1.0388
-1.0251
-1.0401
-1.0467
-1.0594
-1.0335
-1.0194
-0.99289
-0.93404
-0.91462
-0.99764
-1.0208
-1.0107
-1.0399
-0.99777
-0.9755
-0.9349
-0.95695
-0.97914
-0.97417
-1.0614
-1.1122
-1.0578
-1.0087
-0.99771
-1.0802
-1.0571
-1.2316
-1.148
-1.1014
-1.0058
-1.1107
-0.95145
-0.68423
-0.462
-0.51665
-0.60998
-0.97598
-0.96469
-1.2234
-1.0143
-1.0051
-0.8008
-0.66104
-0.8234
-0.93759
-0.9876
-0.95894
-0.97345
-0.99956
-1.0204
-1.0502
-1.0746
-1.0408
-1.0159
-0.98536
-1.0471
-1.0219
-1.0488
-1.0746
-1.0456
-1.0079
-0.9545
-1.0216
-0.9735
-1.0797
-1.0528
-0.84084
-1.0099
-1.0989
-1.2677
-1.3662
-1.2074
-0.73329
-0.035123
0.63397
1.2459
1.6266
1.6016
1.0492
0.19374
-0.25175
-0.72187
-0.902
-1.0887
-1.1582
-1.1332
-1.1448
-1.1887
-1.308
-1.092
-0.88019
-0.6006
-0.69837
-1.6016
-0.62131
-0.4095
-0.3432
0.33367
0.7955
1.1038
1.1348
1.1707
0.96299
1.0054
1.1419
1.1394
1.2568
1.2341
1.0381
-0.071651
-0.5305
-1.2538
-1.1569
-1.4751
-1.3473
-0.80304
-0.0956
-0.061088
-0.21441
-0.67479
-0.80874
-0.97322
-0.96149
-0.97535
-1.0133
-1.0704
-1.1057
-1.1674
-1.1514
-1.1292
-1.019
-0.95094
-0.89953
-0.89868
-0.98994
-1.0399
-1.0409
-1.0699
-1.0262
-0.99919
-0.8641
-0.88713
-0.95193
-1.0417
-1.118
-1.086
-1.0875
-1.0573
-0.97553
-0.9438
-0.85451
-0.87128
-0.96271
-1.0199
-1.0775
-1.1077
-1.1275
-1.1498
-1.1171
-1.1182
-1.0435
-0.9856
-0.93336
-1.0537
-0.89745
-1.365
-1.2465
-0.65283
-0.273
1.001
0.819
1.3013
0.66733
-0.36558
-0.76672
-1.0577
-1.4739
-1.6043
-1.287
-0.71039
-0.1018
1.456
1.3138
0.6825
-0.11332
-0.924
-0.96393
-0.98175
-1.001
-1.0424
-1.1719
-0.924
-0.84
-0.7315
-0.924
-1.1942
-1.3387
-1.2954
-0.95059
-0.64186
-0.57836
-0.72361
-0.82547
-0.83857
-1.001
-0.95771
-0.98147
-1.0316
-1.1555
-1.162
-1.1408
-1.0866
-1.0699
-1.0061
-1.001
-0.80617
-0.74047
-0.81162
-1.171
-1.0476
-0.91671
-0.89513
-0.77902
-0.83907
-0.9649
-1.1002
-1.0888
-1.1578
-1.1505
-0.95689
-0.8105
-0.74822
-0.93724
-1.0556
-1.2382
-1.344
-1.332
-0.858
-0.2833
0.5666
1.1581
1.2644
1.3213
1.1327
1.0313
0.92092
1.1678
1.592
0.58392
-0.096871
-1.0599
-1.4132
-1.0656
-0.9438
-0.539
-0.87893
-1.1602
-1.2512
-0.84196
-0.858
-0.693
-1.001
-1.3195
-1.5015
-1.2673
-0.71039
-0.53218
-0.7392
-1.3462
-1.7604
-0.858
0.40719
0.82435
1.7351
1.0395
0.93197
-0.33996
-1.083
-1.0551
-0.46528
-0.81822
-0.89796
-1.1348
-1.0586
-1.1138
-0.94354
-0.8668
-0.81127
-0.87592
-1.0189
-1.1236
-1.0656
-0.93762
-0.91916
-0.99739
-0.92657
-1.0303
-1.0643
-1.1286
-1.0104
-0.9107
-0.88958
-0.82661
-0.98642
-1.0414
-1.0174
-0.9794
-1.0458
-1.1021
-1.1348
-1.0558
-1.0698
-1.0936
-1.0436
-1.2615
-1.1791
-1.1625
-0.44726
-0.385
0.87043
1.3535
1.3535
1.3249
0.9828
0.75075
1.1064
0.38336
0.11122
-1.2593
-1.3685
-0.69973
-0.69837
-0.80617
-0.88846
-1.2593
-1.2337
-1.0445
-1.1509
-0.76587
-1.008
-0.91126
-0.78
-0.96991
-1.2228
-0.98344
-1.1493
-1.2098
-1.2534
-1.1098
-0.847
-0.33367
0.6082
0.8085
0.75075
0.77497
0.95249
0.98239
0.98459
1.004
1.0568
1.0599
1.0953
1.0885
1.0586
1.1245
1.3057
1.2095
0.87267
0.28875
-0.50518
-0.81682
-1.0395
-1.0618
-1.0155
-0.94007
-0.7854
-0.87843
-0.8991
-0.97225
-0.98905
-1.0374
-1.1278
-1.1086
-1.0555
-1.0445
-0.99198
-1.0376
-1.0302
-1.0613
-1.0895
-1.1758
-1.0725
-0.67148
-0.74631
-0.71205
-0.81094
-0.99364
-1.0795
-1.1273
-1.004
-1.0343
-0.93672
-0.99497
-0.91162
-1.0069
-1.0839
-1.0871
-1.0195
-1.0864
-1.1964
-1.3414
-1.17
-0.89854
0.052684
0.49636
1.0157
1.1493
1.2698
1.1669
0.95954
0.8855
0.95268
1.164
1.3104
1.291
0.64771
-0.2184
-1.0267
-0.84
-1.0797
-0.94832
-1.1574
-1.3462
-1.2012
-0.91126
-0.67267
-0.82841
-1.0742
-0.82691
-1.1323
-1.4046
-1.1165
0
0.83805
1.8677
1.456
1.0131
0.7644
-0.032118
-0.68562
-1.1685
-1.1859
-1.0267
-0.96031
-0.91995
-0.95507
-1.0211
-1.0498
-1.0276
-0.99651
-1.0244
-1.0651
-1.0883
-1.1321
-1.1601
-1.0441
-0.90749
-0.93808
-1.0222
-1.1905
-1.3161
-1.1617
-0.8073
-0.2403
0.41203
0.6588
0.92868
1.0888
1.0476
1.0618
1.0647
0.92677
0.89817
0.91605
0.95562
0.9291
0.92171
0.89958
0.9407
1.0086
1.1303
1.1102
1.0184
1.106
1.1363
1.1391
1.0355
1.0137
0.87967
0.96648
0.86834
0.9428
0.89232
1.0737
1.1876
1.0174
0.9291
0.84354
1.0333
0.88759
0.832
0.91498
0.94171
1.0105
1.0219
1.0438
0.99273
0.93006
0.8914
0.858
0.8991
1.0103
1.1154
1.1466
1.1965
1.1545
1.0844
1.0259
0.94103
1.0131
1.1198
1.1776
0.79325
0
-0.59728
-0.76877
-0.85292
-1.0157
-1.0908
-1.0853
-1.0786
-1.0242
-1.0341
-1.0104
-0.97472
-0.94605
-0.8903
-0.9941
-1.072
-1.072
-1.1154
-1.0236
-1.0063
-0.94922
-1.0437
-1.052
-0.975
-0.97067
-1.0473
-1.086
-1.0792
-1.001
-1.1606
-1.0599
-0.91617
-0.76821
-0.87238
-0.87967
-0.90219
-0.85495
-0.84488
-0.92525
-1.1001
-1.0525
-1.0647
-1.0312
-1.0229
-1.111
-1.2124
-1.2189
-1.1332
-0.897
-1.1079
-0.84592
-0.62749
-0.29298
-0.37247
-0.58221
-0.74527
-0.95095
-0.99875
-0.95076
-0.98356
-1.0156
-0.99173
-1.0267
-1.0545
-1.0843
-1.0693
-1.0454
-1.0048
-0.89798
-0.89798
-0.9501
-0.95165
-0.97287
-0.99
-1.0327
-1.0099
-1.0215
-1.0383
-1.0538
-1.1021
-1.1828
-1.2067
-1.2085
-1.1404
-0.82225
-0.19219
0.6552
0.8316
0.78044
0.80438
0.95651
0.98175
1.0331
1.0677
1.0874
1.065
1.1409
1.0695
1.0954
1.092
1.1411
1.0802
1.0884
0.78846
0.18519
-0.59828
-0.62735
-0.7699
-0.72604
-0.94475
-0.92797
-1.0169
-1.0238
-0.98118
-1.0494
-1.0983
-1.0256
-0.91919
-0.8701
-0.91503
-1.0054
-0.91928
-0.93767
-0.95058
-0.98023
-1.0019
-0.98544
-0.98542
-0.99405
-1.0203
-1.0246
-1.0315
-1.0467
-1.0805
-1.1134
-1.0871
-1.0611
-1.0313
-1.0852
-1.2238
-1.247
-1.0368
-0.924
-0.14649
0.455
1.6487
1.3138
0.81331
0.14077
-0.53308
-1.0147
-0.96939
-0.94922
-0.95792
-0.93336
-0.95411
-0.93427
-0.97367
-0.9945
-1.0763
-1.1212
-1.0957
-1.0046
-1.0148
-0.99042
-0.9923
-0.89367
-0.924
-0.99273
-0.97173
-0.98988
-0.9867
-1.0167
-1.0487
-1.09
-1.0899
-0.997
-0.98374
-1.0549
-1.0563
-1.0196
-0.96818
-0.87893
-0.84268
-0.90657
-0.95106
-1.0556
-1.0571
-1.0159
-0.95113
-0.86956
-0.88076
-0.94295
-0.94227
-0.96826
-1.0275
-1.0426
-1.0595
-1.0649
-1.0958
-1.0711
-1.0408
-1.0956
-1.1864
-1.2578
-1.0133
-0.44996
0.33784
0.89592
1.078
1.1493
1.1865
1.1985
1.2142
1.261
0.98328
0.36315
-0.17967
-0.74018
-1.0648
-1.0647
-1.0599
-1.0704
-1.0628
-1.1985
-1.1556
-0.98432
-0.74631
-0.77954
-0.8556
-0.99848
-1.109
-1.1454
-1.3292
-1.3255
-1.1529
-0.858
-0.049636
0.71358
1.0296
1.135
1.0465
1.2669
1.2225
1.0862
1.1363
0.858
0.3696
0.546
0.69973
0.90567
1.22
1.7518
1.4101
0.49591
-0.21643
-0.6006
-0.58595
-0.79936
-1.0254
-1.252
-1.3764
-1.3631
-1.1428
-0.50755
0.066
1.638
1.5103
0.72072
0.11923
-0.49423
-0.87387
-1.0925
-1.1366
-1.1112
-1.1283
-1.1064
-1.0401
-0.98027
-0.96105
-0.97739
-1.0138
-1.0779
-1.09
-1.1177
-1.0985
-1.0928
-1.0805
-1.0916
-1.0928
-1.0448
-1.0476
-1.0342
-1.0518
-0.94366
-0.89052
-0.87592
-0.94171
-1.027
-1.1575
-1.2155
-1.2054
-1.1338
-0.96691
-0.78437
-0.83628
-0.9123
-0.89152
-0.91581
-1.014
-0.95671
-0.95256
-0.93093
-0.9797
-1.0445
-1.0846
-1.0534
-1.0292
-1.0084
-1.014
-1.0629
-1.1005
-1.227
-1.1293
-1.0804
-0.90501
-0.88613
-0.73758
-0.6468
-0.75075
-0.71631
-0.78429
-0.76672
-0.93803
-0.97851
-1.0441
-1.0336
-1.001
-1.0837
-1.1053
-1.1772
-1.2303
-1.236
-1.0521
-0.50249
0.085191
0.60223
0.81319
0.86405
0.90898
0.95937
0.97772
0.99572
0.99608
0.99498
1.001
1.0067
1.0167
1.0243
1.0323
1.0298
1.0206
1.0165
1.0335
1.0705
1.0817
1.0972
1.0652
0.99741
0.94118
0.96899
1.0417
1.0793
1.0969
1.1386
1.272
1.2128
0.77629
-0.019627
-0.68057
-1.0173
-0.99012
-1.0291
-0.98963
-0.97051
-0.9921
-1.0035
-1.0452
-1.0621
-1.0603
-1.0637
-1.0364
-1.0496
-1.0802
-1.0351
-1.0511
-1.0719
-1.0822
-1.0113
-0.96567
-1.0143
-1.001
-0.93752
-0.87043
-0.93244
-0.9123
-0.91346
-0.97675
-0.97184
-1.0511
-1.1513
-1.1801
-1.271
-1.2195
-0.77725
-0.429
-0.5005
-0.69392
-0.91396
-0.98057
-1.0787
-0.997
-0.94948
-0.90657
-0.92984
-0.9293
-0.94212
-0.96357
-1.0306
-1.0196
-1.0541
-1.0587
-1.0587
-1.0538
-1.0273
-1.0236
-0.9771
-0.97445
-0.99616
-1.0075
-0.99771
-1.0316
-1.1058
-1.1632
-1.1127
-1.0764
-0.96225
-0.85628
-0.78215
-0.78988
-0.82204
-0.83185
-0.89982
-0.88941
-0.98005
-1.1077
-1.1814
-1.1855
-1.1018
-1.0711
-1.0489
-1.0711
-1.0729
-1.1
-1.0987
-1.097
-1.0433
-0.94089
-0.92396
-0.92053
-0.92851
-0.9259
-1.1319
-1.2753
-1.2147
-0.88202
-0.80684
-0.85105
-1.1323
-1.0854
-0.94832
-0.88
-0.902
-1.1234
-1.0827
-0.84991
-0.83269
-0.94476
-1.0383
-1.13
-1.0752
-1.0193
-0.97618
-1.0578
-1.1224
-1.1575
-1.0873
-1.1363
-1.3096
-0.96096
-0.72361
0.077
0.6006
0.97395
1.0521
1.0991
1.1637
1.0072
1.001
1.0725
1.155
0.8234
1.0424
0.8301
0.80932
0.76377
0.73046
0.715
0.8162
0.79919
0.92011
1.0706
1.1461
1.1594
1.1391
1.0969
1.1177
1.1976
1.2113
0.924
0.51614
-0.16839
-0.75751
-1.1567
-0.90593
-0.83032
-0.86864
-1.1382
-1.3178
-1.4448
-1.1457
-0.92027
-0.79026
-1.0677
-0.62131
-0.858
-0.858
-1.386
-0.858
-0.462
1.092
2.6693
0.66733
-0.858
0
-1.5015
0
-0.75075
-0.37537
0.546
0.231
0.74047
1.2012
1.3347
1.6114
1.287
0.75075
-0.13347
-0.73244
-0.83805
-1.4681
-1.2705
-0.819
-0.22522
-0.84791
-1.4649
-1.43
-0.8008
0.30539
1.5161
1.8018
1.2426
0.95333
0.3917
0.35329
-0.12916
0.34919
0.52128
0.85565
1.1018
1.1486
1.2059
1.1756
1.1567
1.1059
1.1293
1.001
0.4004
-0.31762
-0.66487
-0.85565
-0.92007
-0.97845
-0.94879
-0.91671
-0.9866
-0.96254
-0.97476
-0.95189
-0.98574
-1.0434
-1.0925
-1.1035
-1.0405
-0.98872
-0.9708
-0.93926
-0.94109
-0.95564
-0.96969
-1.0039
-1.031
-1.0609
-1.0863
-1.1065
-1.1171
-1.1344
-1.0851
-1.0513
-1.0216
-1.0277
-1.1601
-1.2706
-1.2323
-0.95192
-0.65709
0.45539
0.51681
0.47289
0.083666
0.39111
0.5847
0.76533
0.92816
1.2613
1.27
1.3007
1.2663
1.1723
1.0449
0.43217
-0.32261
-0.75504
-1.0296
-1.0049
-0.93781
-0.94354
-0.94832
-1.0112
-0.95748
-1.0173
-1.0819
-1.0458
-1.1396
-1.2301
-1.3195
-1.1764
-0.91
-0.462
0.6006
1.638
1.144
0
-0.27935
-0.42296
-0.58465
-0.78829
-0.924
-0.97772
-0.99089
-0.96753
-1.0498
-0.97395
-0.98308
-0.90601
-0.95986
-0.95579
-0.97492
-0.98034
-0.96223
-0.96256
-1.0026
-1.0245
-1.0461
-1.0515
-1.0382
-0.98783
-0.94153
-0.91353
-0.92895
-0.93656
-0.95422
-1.0173
-1.0142
-1.0127
-1.0565
-1.0637
-1.0296
-0.99068
-1.0064
-1.0052
-1.0476
-1.0116
-1.0458
-1.0929
-1.0847
-1.118
-1.1047
-1.1587
-1.1168
-0.90716
-0.74609
-0.68525
-0.79325
-1.0306
-1.1591
-1.3942
-1.17
-0.82096
-1.0104
-1.1261
-1.7437
-0.7644
0.24349
0.056131
-0.42623
-1.001
-1.2155
-1.1391
-1.0341
-0.99089
-1.001
-0.92092
-0.88267
-0.9464
-1.0039
-1.0119
-1.019
-0.91839
-0.91455
-0.91532
-0.9009
-0.88613
-0.92468
-0.99167
-1.0196
-1.048
-1.1177
-1.1818
-1.1956
-1.1177
-1.0906
-1.1058
-1.1159
-0.85041
-0.35329
0.5775
0.3003
-0.3917
-0.86486
-0.924
-1.1562
-1.0816
-0.858
-0.87835
-0.93082
-1.021
-0.9282
-0.95279
-1.0481
-1.1147
-1.1349
-1.1285
-1.1098
-1.0053
-0.99597
-1.0367
-0.95059
-1.3903
-1.2916
-0.6006
0.1102
0.71258
1.3823
1.5588
1.3296
0.97164
0.47368
1.3958
1.0075
0.99731
0
-0.61028
-0.80199
-0.86018
-1.0485
-1.298
-1.4559
-1.0086
-0.35425
0.23164
0.84523
1.3595
1.4792
1.3975
0.95279
0.70271
0.73257
1.0433
1.117
1.2037
1.3615
1.1474
0.60025
-0.19551
-0.65327
-0.9095
-1.0565
-1.1616
-1.162
-1.19
-1.1323
-1.1843
-1.1733
-0.84354
-0.24586
0.5005
0.83927
1.0148
1.0749
0.89084
0.86162
0.89402
1.0113
0.99
0.99222
1.0194
1.0346
1.0694
1.0798
1.0511
1.0247
1.0084
1.0942
1.001
0.9372
0.84295
0.85978
0.98536
0.99917
1.093
1.1192
1.2285
1.3692
1.1738
0.79598
0.12944
-0.49861
-0.73948
-0.97136
-1.0559
-0.99935
-0.998
-0.93818
-0.93183
-0.97395
-0.98596
-0.9988
-1.0128
-1.0262
-1.0156
-1.0157
-1.0116
-0.98407
-0.96299
-0.96972
-1.002
-0.95978
-0.96434
-0.96226
-0.97186
-0.98621
-0.99862
-1.0235
-1.025
-1.0538
-1.0657
-1.0526
-1.0183
-1.0069
-1.0125
-1.0387
-1.0439
-1.0717
-1.0698
-1.0148
-1.0423
-1.0415
-1.0944
-1.0537
-1.1339
-1.1036
-0.97598
-0.86625
-0.87134
-0.84902
-0.9856
-1.1514
-1.2143
-1.2528
-1.1154
-0.858
-0.77497
-1.1064
-1.5253
-0.81437
-1.001
-0.42147
-0.58595
-0.45045
-0.67925
-0.90501
-1.0265
-0.93787
-0.9086
-0.87926
-0.92678
-0.97395
-0.98475
-0.94785
-0.93589
-0.94832
-0.96736
-0.97606
-0.99278
-1.0259
-1.0304
-1.0536
-1.0541
-1.036
-0.98783
-0.97376
-0.98114
-1.0296
-1.0452
-1.0545
-1.0765
-1.0434
-1.0866
-1.155
-1.2361
-1.1378
-1.0161
-0.30282
0.48767
1.1057
1.2968
1.254
1.2012
1.0633
1.0511
1.1235
1.2523
0.87037
0.26973
-0.10327
-0.38401
-0.42616
-0.92504
-1.1662
-1.2368
-1.2939
-1.2838
-1.0782
-0.9073
-0.060422
0.70708
1.1049
1.1197
1.1558
1.0112
1.0591
0.89307
0.60672
0.6478
1.1842
1.2562
1.3443
0.86997
0.68179
0.68638
0.85528
1.001
1.0445
0.8316
0.90738
1.2275
1.2769
1.3775
1.1145
0.48048
-0.16232
-0.728
-1.1404
-1.188
-1.22
-1.1472
-1.0135
-1.1075
-0.74493
-0.87893
-1.0725
-1.2234
-1.2365
-0.96871
-0.87893
-1.1625
-1.1797
-1.1591
-0.10355
1.0199
1.5616
1.183
0.429
-0.53387
-1.1602
-1.782
-1.254
-0.70283
-0.55726
-0.429
-0.88978
-1.0662
-0.96323
-0.80713
-0.87545
-0.89826
-0.94668
-1.0223
-1.0822
-1.0773
-1.1086
-1.1031
-1.0719
-1.0462
-0.99347
-1.1348
-1.2644
-1.1843
-0.6093
-0.28771
-0.38336
-0.64788
-0.845
-0.99927
-1.1273
-1.125
-1.1848
-1.1122
-1.0995
-1.1225
-1.0599
-0.99293
-1.092
-0.858
-0.819
-0.69635
-0.61139
-0.7436
-0.91346
-0.92117
-0.9516
-0.94832
-1.0073
-1.0231
-1.0813
-1.0789
-1.0429
-1.1031
-1.0458
-1.023
-1.0071
-0.9945
-0.945
-0.98639
-1.1205
-0.86417
-0.903
-0.945
-1.184
-1.294
-1.4033
-1.0061
-0.28875
0.31999
0.75823
1.0196
1.182
1.1932
1.2012
1.2179
1.188
1.1507
0.51944
-0.099
-0.82316
-1.1198
-1.0862
-1.1249
-1.1313
-1.078
-1.1011
-1.0787
-1.0858
-0.9797
-1.1787
-1.483
-0.6864
-0.24682
0.429
0.6552
0.9941
1.0401
0.98649
0.988
0.92046
0.78767
0.82841
0.98485
1.3049
1.4787
1.1827
0.48992
-0.30453
-0.84321
-1.005
-1.0374
-1.029
-1.0597
-1.1012
-1.1466
-1.156
-1.0703
-1.082
-1.0907
-1.0638
-1.0679
-1.141
-1.0249
-0.82211
-0.22478
0.41077
0.79969
1.0226
1.0764
1.1164
1.1114
1.0926
1.0349
1.1004
1.0648
1.118
1.2592
1.2516
1.0397
0.30855
-0.56149
-1.4088
-1.2155
-1.2967
-0.82582
-0.7722
-1.5309
-1.2012
-0.51904
0
0.63444
1.2587
1.5015
1.3834
1.0169
0.25497
-0.39574
-0.86067
-0.9887
-1.0774
-1.0806
-1.045
-1.0586
-1.028
-1.0355
-1.0468
-1.0591
-1.0134
-1.0149
-1.2294
-1.3804
-1.0054
-0.38274
0.693
1.6232
1.1704
0.20631
-0.572
-0.97659
-1.1472
-1.1493
-1.1488
-1.1872
-1.208
-1.2512
-1.0526
-0.65819
0.14649
0.72072
0.86336
0.86185
0.74301
0.84382
0.9327
1.072
1.2323
1.3378
1.3079
1.1363
0.858
0.50471
0.31281
0.6006
1.0537
1.2593
1.5015
1.4132
1.0122
0.14649
-0.429
-0.80493
-1.0086
-0.91856
-0.84507
-0.98729
-1.1404
-0.99312
-0.97395
-1.0203
-1.1077
-1.14
-1.5533
-1.1031
-0.588
-0.07955
0.572
0.88535
0.94738
0.94525
0.96096
1.0029
1.0262
1.0287
1.0164
1.0373
1.0586
1.092
1.1373
1.0999
1.0208
1.1368
1.2416
1.2986
1.001
0.4368
0
-0.5005
-1.3347
-1.8018
-0.66733
-0.1365
0.067483
-0.3465
-0.72175
-0.89809
-1.0083
-0.9332
-0.90753
-0.88878
-0.95295
-0.97924
-0.99654
-1.0105
-1.0298
-1.0305
-1.0142
-1.0102
-0.99068
-0.97311
-0.99268
-1.0336
-1.0554
-1.0294
-1.0236
-1.0128
-0.99855
-1.0213
-1.0036
-1.0565
-1.0895
-1.1531
-1.1451
-1.1516
-1.1695
-1.1843
-0.71674
-0.24576
-0.27466
-0.60975
-0.7899
-0.89409
-0.92906
-0.96696
-1.0236
-1.0582
-1.0832
-1.0728
-1.0903
-1.0947
-1.0871
-1.0966
-1.1432
-1.1546
-1.1229
-1.146
-1.2577
-1.2232
-0.80623
-0.10376
0.49914
1.0599
1.0754
1.039
1.1204
0.94703
0.90916
0.90766
1.0259
1.0653
1.0971
1.145
1.1736
1.2537
1.1353
0.81714
0.154
-0.44599
-0.73987
-0.82404
-0.96346
-1.0046
-1.0299
-1.0572
-1.0321
-1.0189
-1.0317
-1.0587
-1.0498
-1.037
-1.0404
-1.122
-1.0852
-1.0344
-0.9755
-1.0276
-1.2407
-1.3462
-0.97156
-0.70659
-0.924
-0.56056
-0.66733
-0.79026
-0.76076
-0.819
-0.85461
-0.80959
-0.90012
-0.92604
-0.99515
-1.0299
-1.0647
-1.0472
-1.0395
-1.0631
-1.0359
-1.0346
-1.127
-1.1518
-1.1734
-1.0599
-1.1011
-0.79246
-0.63894
-0.41184
-0.54172
-0.67309
-0.8883
-1.093
-1.0564
-1.0861
-1.0698
-1.0559
-1.0302
-1.0328
-1.0988
-1.1413
-1.1011
-1.1352
-1.092
-1.1493
-0.8645
-0.3917
0.27935
0.65
0.9118
1.0355
1.0794
1.0462
1.0479
1.0848
1.0933
1.1122
1.16
1.1595
1.1111
1.0725
0.99
1.1391
0.286
-0.16232
-0.77497
-1.7437
-1.3057
-0.462
0.14649
0.924
1.0465
0.9295
0.96096
0.87698
0.90927
1.056
1.001
0.97861
0.98879
0.95671
0.99518
1.1329
1.1662
1.2788
1.2644
0.99528
0.41291
-0.31611
-0.7436
-0.88578
-0.92271
-0.95422
-0.96242
-0.96486
-0.94058
-0.95448
-0.97713
-1.0157
-1.0387
-1.0655
-1.101
-1.0984
-1.0757
-1.1628
-1.2578
-1.2426
-0.858
-0.16683
0.6493
1.5015
1.6136
1.0317
0.23669
-0.35053
-0.80554
-0.96844
-1.012
-1.0841
-1.1193
-1.1021
-1.1135
-1.1369
-1.1629
-1.2964
-1.2205
-0.81574
-0.17365
0.43396
0.7589
0.92575
1.0689
1.1576
1.1209
1.108
1.0044
0.95935
0.95903
0.98291
1.0164
1.0912
1.1599
1.226
1.2355
1.1933
0.92593
0.26693
-0.39384
-0.86685
-1.0174
-1.0631
-1.078
-1.0548
-1.0504
-0.93261
-0.96195
-0.95276
-0.9179
-0.9248
-0.90799
-0.92069
-1.0063
-1.0339
-1.0797
-1.1054
-1.124
-1.1449
-1.2376
-1.2341
-1.1382
-0.7315
-0.20188
0.043209
-0.29155
-0.77894
-1.0371
-1.0806
-0.99735
-0.96256
-0.94138
-0.95249
-0.97484
-0.95881
-0.95696
-0.94867
-0.97193
-0.97363
-0.98239
-1.0262
-1.0339
-1.0375
-1.0521
-1.0256
-1.0158
-1.0072
-1.016
-1.0088
-1.0254
-1.0512
-1.0603
-1.02
-0.97952
-0.98901
-0.99326
-1.001
-1.0026
-0.97142
-0.94158
-0.97564
-1.0039
-1.0238
-1.0165
-1.0502
-1.1081
-1.214
-1.3197
-1.2247
-0.76298
-0.060667
0.57643
0.98793
1.1269
1.1728
1.2362
1.3567
1.2751
0.79649
-0.023553
-0.74148
-1.2784
-1.3746
-1.1887
-0.94948
-0.84131
-0.78239
-0.77429
-0.91835
-0.96922
-0.96375
-0.96912
-1.021
-1.0279
-1.0391
-1.0415
-1.0606
-1.0412
-1.0794
-1.1544
-1.0789
-1.0862
-1.0491
-1.0401
-1.1398
-1.274
-0.88324
-1.1031
-0.29298
0
-0.53218
-0.65612
-0.79827
-1.1501
-1.1625
-0.98006
-0.87835
-0.96648
-0.92899
-1.001
-0.91835
-0.95279
-0.96818
-1.1544
-1.2635
-1.4014
-1.2125
-0.975
-0.062562
0.96096
0.70659
-0.24615
-0.86361
-1.155
-1.0374
-1.0806
-0.97193
-1.0628
-1.0218
-0.92208
-1.0491
-1.1188
-1.1351
-1.0127
-1.2203
-1.0691
-0.99295
-1.1486
-1.1272
-0.54173
-0.29683
-0.40148
-0.8208
-0.8341
-1.1822
-1.6197
-1.7077
-0.25841
0
0
-0.49543
-0.85651
-0.91817
-0.87662
-0.95942
-1.0123
-1.1461
-1.0746
-1.0736
-0.89278
-0.89684
-0.93439
-1.0219
-1.1493
-1.2914
-1.3025
-1.182
-0.88978
-0.7297
-0.056131
0.45158
0.88725
0.94162
0.93653
0.98057
0.94913
0.97739
0.97895
1.0158
1.0944
1.2537
1.4343
1.254
0.70493
-0.10854
-0.91126
-0.9295
-0.90917
-0.84791
-0.99754
-1.0073
-1.0706
-1.0953
-1.1226
-1.0143
-0.98319
-1.0641
-1.0223
-1.1261
-1.1198
-1.3927
-1.1079
-1.001
-0.083417
0.3041
0.81635
0.7955
0.76174
0.91291
1.001
1.043
0.99818
1.0737
1.1659
1.1734
1.2543
1.3057
0.9702
0.74231
0.10725
-0.715
-1.3764
-0.539
-0.36879
-0.69457
-1.001
-1.0944
-1.0164
-0.94615
-0.83467
-0.82404
-0.86585
-0.96096
-1.0101
-1.0997
-1.1669
-1.1073
-1.003
-0.94491
-0.94103
-1.0229
-1.059
-1.0708
-0.97179
-0.9735
-0.99813
-0.99823
-0.90567
-0.77037
-0.94491
-0.89152
-1.1151
-1.1351
-1.2104
-1.1712
-1.2662
-1.0882
-0.49076
0.32398
1.0753
1.515
1.5346
1.0537
0.3489
-0.40339
-0.7598
-0.9728
-0.99321
-1.0939
-1.0847
-1.0628
-1.0505
-1.1261
-1.182
-1.2469
-1.2147
-0.8202
-0.10773
0.4814
0.79618
0.84009
0.91119
0.94148
0.94868
0.9637
0.98022
0.98873
0.98199
0.99626
0.99719
0.99287
0.98587
0.99395
0.9941
0.99353
1.0023
1.015
1.0117
1.0199
1.0411
1.0432
1.0361
1.0318
1.0262
1.0351
1.0606
1.0909
1.1188
1.1241
1.1338
1.1174
1.1835
1.0862
0.80913
0
-0.55116
-0.88576
-0.9555
-1.0997
-1.1001
-1.0774
-1.0715
-1.0618
-1.0328
-1.0156
-1.0148
-0.80256
-0.72807
-0.82763
-0.91098
-0.88358
-0.94465
-0.97924
-0.96224
-0.9667
-0.99874
-1.0043
-0.99898
-0.96908
-0.97772
-0.98655
-0.99225
-1.0044
-0.98118
-0.98642
-1.0139
-1.0599
-1.0786
-1.0643
-1.0698
-1.0748
-1.1002
-1.1278
-1.1199
-1.0288
-1.1024
-1.1244
-1.1422
-0.43522
0.20291
0.60396
0.858
1.0748
1.2169
1.293
1.4405
1.0364
0.39513
-0.2145
-0.83805
-1.0445
-1.1486
-1.1616
-1.1168
-1.1462
-1.1397
-1.1247
-1.0355
-1.053
-0.858
-0.65412
-0.90413
-0.91929
-0.9724
-1.0281
-1.1391
-0.9009
-1.0267
-1.102
-1.2245
-1.0797
-1.0381
-0.98729
-0.468
-0.82841
-0.75804
-0.91
-0.9009
-0.84507
-0.87588
-0.82841
-0.90264
-0.90461
-0.96409
-0.99508
-1.0378
-1.0187
-1.0219
-1.0417
-1.0445
-1.0612
-0.98517
-1.0257
-0.99887
-0.92996
-0.99446
-1.0032
-0.9947
-0.93051
-0.91
-0.98239
-1.0982
-1.4194
-1.4447
-1.3535
-0.35503
0.03575
0.32465
-0.63098
-0.97688
-1.2162
-1.1518
-1.0234
-1.1049
-0.99084
-1.0174
-1.0641
-1.0496
-1.037
-1.1077
-1.1839
-1.0401
-0.94434
-0.756
-0.7816
-0.92685
-0.76607
-0.84732
-0.86402
-0.96096
-1.0737
-1.0736
-0.95919
-0.96731
-0.98202
-1.0033
-0.95729
-0.90817
-0.87679
-0.85384
-0.90897
-0.9361
-0.96096
-0.98887
-0.97591
-0.9672
-0.96586
-0.98398
-0.97823
-0.98203
-0.99827
-1.0279
-1.0447
-1.0548
-1.0573
-1.071
-1.03
-1.0135
-1
-0.966
-0.96514
-0.97334
-1.0048
-1.0075
-1.0112
-1.0149
-1.0008
-1.0303
-1.0856
-1.1414
-1.1373
-1.1301
-1.1014
-1.0928
-1.0522
-1.1582
-1.2183
-1.1355
-1.0808
-0.99721
-0.5702
0.15068
0.44398
0.74292
0.90992
0.9506
0.97767
0.95672
0.97302
0.96722
1.0032
1.0234
1.0254
1.0192
1.0225
1.0677
1.0599
1.1
1.1099
1.0959
1.07
1.1533
1.1226
0.96393
0.924
1.1261
1.1122
1.1719
0.43946
0
-0.3575
-0.715
-0.85312
-0.96096
-1.0237
-1.0077
-0.98579
-0.90593
-0.90628
-0.94019
-0.93963
-0.9605
-0.9555
-0.9423
-0.89706
-0.92046
-0.9224
-0.98511
-1.0148
-1.0273
-1.0148
-1.0192
-1.0074
-0.98639
-1.0318
-1.0712
-1.1028
-1.1069
-1.0725
-1.0197
-0.95902
-0.92562
-0.97695
-0.98963
-1.0391
-0.99722
-0.94774
-0.91907
-0.93494
-0.96779
-0.9553
-0.97058
-1.0102
-1.001
-1.0108
-1.0119
-1.0083
-1.0083
-1.0131
-0.98042
-0.98897
-0.96296
-0.99284
-0.98955
-1.01
-1.0257
-1.0212
-0.98867
-0.99419
-1.0276
-1.0544
-1.0481
-1.0683
-1.074
-1.0417
-1.0252
-1.0144
-1.0479
-1.0476
-0.99347
-0.95333
-0.97888
-0.96981
-1.0807
-1.1394
-1.3321
-1.1908
-0.75994
-0.064813
0.6694
1.1946
1.338
1.3978
1.2896
1.1404
0.9271
0.51904
0.143
0.6435
-0.429
-1.1261
-1.7437
-0.97772
-0.4923
0.14472
0.68921
0.79638
0.71886
0.81738
0.91958
0.96676
0.99211
1.029
1.0421
1.0381
0.99486
0.97964
0.96493
0.93871
0.93921
0.93104
0.93209
0.92646
0.96026
0.95452
0.99344
1.0484
1.0783
1.0856
1.0621
1.0498
1.0073
1.0284
1.0247
1.033
0.98962
0.99687
1.0436
1.0625
1.0448
1.0113
0.96577
0.93368
0.98106
1.0425
1.0781
1.1011
1.154
1.1993
1.2472
1.2147
0.9119
0.49139
-0.26677
-0.65266
-1.0155
-1.1248
-1.1027
-1.1212
-1.1763
-1.2003
-1.1213
-0.99968
-0.85071
-0.7279
-0.78527
-0.99194
-1.07
-1.0036
-0.97112
-0.97434
-1.0514
-1.0153
-1.0414
-0.95646
-0.9282
-0.884
-0.95276
-0.94654
-1.0028
-1.0428
-0.96962
-0.91186
-0.88827
-0.91997
-0.97692
-1.0053
-1.0497
-1.074
-1.0655
-1.0662
-1.1015
-1.0829
-1.0644
-0.99192
-1.0239
-0.96152
-0.99114
-0.924
-0.97993
-1.0742
-1.1011
-0.98982
-0.96371
-0.90892
-1.0789
-1.0219
-0.94007
-0.96927
-0.9457
-0.94913
-0.87617
-0.92203
-0.90788
-1.0152
-1.011
-1.0263
-0.98879
-0.96166
-0.91378
-0.92221
-0.94044
-0.93096
-0.94027
-0.96661
-1.0001
-1.0369
-1.0378
-1.0347
-1.032
-0.99519
-0.99247
-1.0107
-1.0532
-1.0093
-1.0162
-1.0148
-1.0122
-1.0232
-1.0208
-1.0181
-1.0321
-1.0572
-1.092
-1.0937
-1.0299
-1.043
-0.99884
-0.99128
-1.1209
-1.1542
-1.2358
-1.092
-0.70493
0.10094
0.72335
1.1824
1.1948
1.1252
1.1556
1.1668
1.2301
1.2346
0.90316
0.48697
-0.1144
-0.72486
-1.2012
-0.98511
-0.806
-0.8778
-0.95597
-1.0478
-1.0156
-1.0094
-1.0481
-1.0122
-1.0757
-1.2052
-1.3154
-1.0273
-0.60963
0.051042
0.59033
1.0131
1.2275
1.3194
1.365
1.27
0.8866
0.21159
-0.4923
-0.98175
-1.028
-1.0324
-1.0286
-1.0319
-1.0039
-1.0243
-1.0383
-1.0256
-1.0673
-1.0526
-1.034
-1.0248
-1.0226
-1.0549
-1.0553
-1.0609
-1.0834
-1.0232
-1.1896
-1.4171
-0.89194
-0.37635
0.39134
0.91637
1.1654
0.822
0.82256
0.81984
0.88793
0.91958
0.97839
1.1148
1.1921
1.2132
1.1445
1.1416
1.1358
1.1971
1.1592
0.81812
0.16503
-0.42954
-0.72875
-0.99077
-1.3825
-1.0814
-0.92429
-0.7657
-0.71753
-1.0105
-1.0407
-0.93082
-0.99057
-1.0459
-1.142
-1.2104
-1.156
-1.232
-1.1217
-0.9856
-0.26113
0.45879
1.164
1.7971
1.3205
0.62639
-0.16871
-0.73244
-1.1202
-1.0138
-0.97576
-1.0305
-1.0788
-1.144
-1.1642
-1.1288
-1.1112
-1.144
-1.2012
-0.82187
-0.23553
0.21148
0.49325
0.79401
0.97312
0.95024
0.96431
1.009
1.0642
1.1115
1.1292
1.0544
0.94774
0.93217
0.98849
1.1053
1.1691
1.235
1.1887
1.0504
0.82717
0.75075
0.83417
1.021
1.1501
1.3425
1.155
0.83417
0.49364
0.75075
0.74301
0.97659
0.85246
0.84022
0.83927
0.93774
0.99437
1.0286
1.1017
1.0757
1.0698
1.1288
1.2273
1.3456
0.8736
0.28431
-0.31119
-0.87954
-1.0176
-1.0997
-1.1064
-1.078
-0.9984
-0.96611
-1.0065
-0.99547
-0.96495
-1.0291
-1.067
-1.0271
-0.98632
-0.93623
-0.9428
-0.96981
-0.98751
-0.9555
-0.92073
-0.94972
-1.0031
-1.0293
-1.001
-0.97304
-0.94212
-0.92635
-0.96871
-1.0056
-1.034
-1.0615
-1.1115
-1.0616
-0.9922
-1.0476
-1.0837
-1.1233
-1.1762
-1.144
-1.0355
-1.092
-1.001
-0.26342
0.26693
0.80782
0.91795
0.987
1.0227
1.1363
1.2128
1.3104
1.2455
0.98211
0.88613
0.273
-0.23461
-0.86879
-0.96682
-1.0742
-1.1363
-1.2401
-1.3282
-1.2719
-0.84084
-0.195
0.37116
0.84211
1.0727
1.0822
1.0677
1.0635
1.1301
1.1176
1.0955
1.0719
0.96978
0.961
0.83251
0.94696
1.0186
1.2705
1.3836
0.68261
-0.029212
-0.55319
-0.7811
-0.96388
-1.0222
-1.0833
-1.0949
-1.0414
-0.97788
-0.93881
-0.98388
-1.0578
-1.0895
-1.097
-1.0711
-1.051
-1.0352
-1.0755
-1.1145
-1.1243
-1.1191
-1.1811
-1.1719
-0.93672
-0.637
-0.1716
1.001
0.546
0.075075
-0.58595
-0.72072
-0.94162
-1.008
-1.0381
-1.0762
-1.0762
-1.0453
-1.0903
-0.94521
-1.029
-1.1003
-0.98153
-0.94957
-0.81794
-1.0088
-1.0942
-1.3178
-1.1092
-0.8824
-0.73966
-0.75412
-0.7854
-0.86361
-1.0498
-1.0339
-0.96915
-0.8847
-0.91
-0.93124
-0.99938
-1.0517
-1.0457
-1.0367
-1.0286
-1.0554
-1.0611
-1.0838
-1.1446
-1.0746
-1.0349
-0.86625
-0.924
-0.94124
-1.0652
-1.0774
-1.0289
-1.1112
-1.2759
-1.1284
-0.9797
-0.62462
-0.70937
-0.77776
-0.8991
-0.95748
-0.8054
-0.7768
-0.9075
-1.0784
-1.1474
-1.1148
-1.0296
-0.98057
-1.0431
-1.1449
-1.1409
-1.2012
-1.2081
-0.94615
-0.364
0.46922
1.164
1.3492
1.293
1.0838
0.88784
0.89809
0.72486
0.5577
0.8372
1.0431
1.2071
1.2759
1.4196
1.0883
0.47416
-0.17769
-0.73966
-1.0323
-1.0286
-0.9516
-0.89952
-0.95493
-0.9605
-1.0082
-1.0445
-1.0562
-1.0668
-1.1139
-1.1245
-1.1298
-1.092
-1.1276
-0.98175
-0.78936
-0.67126
-0.70121
-0.6435
-0.81815
-0.88281
-0.90264
-0.8775
-0.99811
-1.0519
-1.0899
-1.07
-1.107
-1.0979
-1.1813
-1.2819
-1.1688
-0.63668
0.1675
0.92797
1.4623
1.463
1.3703
0.90593
0.35111
0.19364
0.50225
0.89046
1.2337
1.4106
1.3534
1.3149
1.0039
0.54218
-0.11077
-0.82178
-1.0584
-1.0074
-0.87967
-0.89482
-1.0266
-1.0796
-1.0729
-1.0799
-1.0785
-1.1022
-1.0881
-1.1085
-1.1424
-1.1951
-1.2911
-1.1761
-0.50035
0
1.0233
1.2902
1.2242
1.0445
0.95032
0.88088
1.088
1.3579
1.4272
1.0115
0.132
-0.53987
-1.2679
-1.2954
-1.2465
-1.0748
-1.092
-1.3104
-1.2012
-0.75075
0
0.41421
1.0296
1.144
1.3514
1.3967
0.79325
0
-0.858
-1.8323
-1.2986
-0.87728
0.19374
0.97924
1.7367
1.6114
1.3057
0.4368
-0.35329
0.52695
2.6707
-0.23123
