-0.18115
0.051893
0.31213
0.4693
0.70549
0.73312
0.89191
0.89349
0.86862
0.76447
0.89749
0.95145
0.89958
0.821
0.66266
0.42441
0.29196
0.15933
-0.026565
-0.34544
-0.47839
-0.61133
-0.47843
-0.3455
-0.186
-0.10626
-0.10622
-0.21236
-0.34491
-0.50383
-0.74205
-0.76805
-0.84692
-0.87274
-0.73993
-0.66012
-0.58042
-0.3954
-0.39506
-0.23682
-0.05258
-0.10507
-0.15746
-0.36707
-0.57632
-0.57582
-0.60149
-0.60099
-0.5744
-0.52179
-0.62569
-0.88578
-1.0935
-1.2229
-1.3263
-1.3776
-1.351
-1.3245
-1.3241
-1.3237
-1.4532
-1.5309
-1.7384
-1.8681
-1.998
-2.2838
-2.3882
-2.4668
-2.3639
-2.0531
-1.6122
-1.1188
-0.67698
-0.18241
0.20864
0.60041
0.81006
1.1248
1.2309
1.2324
1.2077
1.1305
1.0268
1.081
1.1355
0.97863
0.87427
0.79613
0.79751
0.66578
0.48023
0.45438
0.32134
0.21463
0.080641
-0.32318
-0.64761
-0.78404
-0.48758
-0.24426
-0.16315
-0.46312
-1.0098
-1.7499
-2.52
-2.8261
-2.9683
-2.7804
-2.3711
-1.9604
-1.3825
-0.96903
-0.36036
-0.111
0.083336
0.27804
0.38955
0.3898
0.36214
0.30654
0.39023
0.36238
0.50171
0.52944
0.4178
0.38971
0.16689
0.083362
-0.13877
-0.19402
-0.16604
-0.27624
-0.24812
-0.41262
-0.60371
-0.71159
-0.87328
-0.76175
-0.7321
-0.67545
-0.67288
-0.67016
-0.74737
-0.69086
-0.66113
-0.57889
-0.41881
-0.28635
-0.23295
-0.23157
-0.10228
-0.076221
0
0.025065
-0.024887
-0.14823
-0.39231
-0.43793
-0.50686
-0.50273
-0.49853
-0.30598
-0.023331
0.20811
0.43535
0.68103
0.85451
1.0913
1.2351
1.2447
1.2539
1.3054
1.2709
1.111
0.91269
0.84149
0.77163
0.80354
0.77501
0.64867
0.5444
0.32692
0.22823
0
-0.05581
-0.073594
-0.036392
0.017996
0.21357
0.52808
0.81828
1.0332
1.0561
1.3143
1.6003
1.8966
1.9907
1.8084
1.7097
1.5972
1.5183
1.4411
1.4114
1.2152
0.87247
0.52145
0.25089
0.10235
-0.072438
-0.20101
-0.44117
-0.71951
-0.9652
-1.193
-1.3622
-1.5288
-1.5982
-1.6937
-1.7612
-1.8148
-1.8284
-1.9335
-2.0376
-2.1149
-2.2171
-2.2548
-2.2672
-2.305
-2.3678
-2.3308
-2.1085
-1.7776
-1.4501
-1.2237
-1.1091
-1.0563
-0.9436
-0.85602
-0.80525
-0.76694
-0.6334
-0.50069
-0.32114
-0.10683
0.094786
0.30756
0.47252
0.67256
0.89591
1.0955
1.3658
1.4831
1.4948
1.4244
1.3425
1.3079
1.2382
1.2158
1.0755
0.91134
0.74687
0.66511
0.60697
0.50099
0.44244
0.35969
0.26453
0.19298
0.15731
0.20642
0.29249
0.40372
0.55275
0.67845
0.73101
0.73438
0.71289
0.76671
0.83384
0.87639
0.81736
0.7321
0.62012
0.4679
0.3531
0.31586
0.38416
0.46674
0.61763
0.70308
0.66726
0.65842
0.67715
0.75193
0.7297
0.72131
0.71285
0.67556
0.73914
0.90615
1.135
1.3233
1.53
1.6648
1.7104
1.6953
1.6644
1.6486
1.6167
1.6643
1.7128
1.697
1.5655
1.4147
1.1768
1.036
0.99513
1.0054
1.051
1.0974
1.1806
1.2293
1.279
1.2743
1.1575
0.96249
0.78225
0.69441
0.66308
0.74932
0.8773
1.0887
1.3048
1.3195
1.2927
1.1808
1.0235
0.84106
0.58888
0.24264
-0.089238
-0.31589
-0.54769
-0.66932
-0.77031
-0.77907
-0.83567
-0.821
-0.65935
-0.51863
-0.27472
0.025256
0.051078
0.23242
0.54834
1.0296
1.2812
1.3223
1.3913
1.5443
1.7561
2.0004
2.1641
2.0431
1.7156
1.2046
0.65306
0.14994
-0.15146
-0.45895
-0.77253
-0.99855
-1.1028
-1.2088
-1.4771
-1.5234
-1.7337
-1.6834
-1.5653
-0.9743
-0.37276
0.1367
0.72368
0.7296
0.42026
-0.070594
-0.49796
-0.68087
-0.90245
-0.83619
-0.73218
-0.47913
-0.11129
0.26134
0.63859
0.98248
1.2542
1.3757
1.3062
1.2742
1.3192
0.97447
0.82215
0.55037
0.31573
0.079221
-0.27822
-0.55821
-0.87974
-1.1627
-1.2861
-1.3694
-1.4527
-1.3742
-1.2141
-1.0129
-0.81094
-0.40568
-0.12174
0.24346
0.40565
0.60811
0.76961
0.76872
0.92922
0.80663
0.72451
0.68269
0.52071
0.47928
0.31851
0.27774
0.31624
0.43309
0.19601
-0.039023
-0.42717
-0.42498
-0.53795
-0.42026
-0.53169
-0.49062
-0.6374
-0.85651
-0.88743
-0.88093
-0.61925
-0.61439
-0.6811
-0.92424
-1.3039
-1.8163
-2.0766
-2.2287
-2.2073
-1.9839
-1.9639
-1.8779
-1.9886
-1.7738
-1.6268
-1.1671
-0.65493
-0.40077
-0.45701
-0.69243
-0.83279
-0.96949
-1.0735
-1.0887
-1.0183
-1.061
-1.1299
-0.95188
-0.83191
-0.55601
-0.23507
0.20611
0.63525
0.70165
0.79073
0.70658
0.72066
0.92362
1.1673
1.3578
1.5199
1.6546
1.763
1.868
1.8839
1.7934
1.4763
1.1886
0.86848
0.55736
0.45124
0.46408
0.47648
0.48844
0.48147
0.41986
0.28794
0.17742
0.12245
0.086246
-0.068039
-0.11743
-0.26472
-0.34272
-0.28979
-0.20649
0.031345
0.18559
0.58003
0.66293
0.6247
0.33776
0
-0.24347
-0.28293
-0.23758
-0.23475
-0.36844
-0.47206
-0.53331
-0.54048
-0.5084
-0.41258
-0.40814
-0.40382
-0.49953
-0.61803
-0.83209
-1.0056
-1.1519
-1.2956
-1.366
-1.4353
-1.4573
-1.5364
-1.6258
-1.7139
-1.812
-1.9199
-1.9713
-2.0005
-2.0295
-2.0369
-2.0018
-1.893
-1.7965
-1.628
-1.514
-1.4224
-1.3631
-1.243
-1.1346
-1.0072
-0.87095
-0.76637
-0.66283
-0.55024
-0.43861
-0.36759
-0.32682
-0.2765
-0.22651
-0.18666
-0.12744
0.039133
0.17579
0.3023
0.40905
0.49618
0.58328
0.67039
0.77701
0.85463
0.94216
1.03
1.0889
1.0509
0.95465
0.8096
0.70339
0.69486
0.74529
0.83543
0.91633
0.98799
1.0801
1.1531
1.2767
1.4316
1.618
1.7558
1.885
1.9751
1.9641
1.9225
1.8602
1.7976
1.7346
1.7238
1.7661
1.7985
1.8103
1.8656
1.8894
1.9248
1.9169
1.8759
1.801
1.7477
1.705
1.7193
1.6761
1.6324
1.541
1.4481
1.2938
1.1608
1.0254
0.8505
0.73442
0.59091
0.46991
0.34644
0.28523
0.30135
0.39727
0.57557
0.71717
0.76613
0.78849
0.85329
0.8488
0.8871
0.91175
0.93691
0.97741
1.0188
1.0459
1.0275
1.0862
1.1618
1.2709
1.302
1.285
1.3167
1.3489
1.4155
1.5004
1.5354
1.5011
1.3421
1.1077
0.81333
0.62163
0.46234
0.26187
0.11351
-0.019131
0
0
0.039549
0.13993
0.16164
0.04084
-0.041271
-0.10425
-0.18958
-0.27662
-0.34387
-0.34727
-0.37256
-0.33189
-0.24568
-0.22542
-0.13649
-0.27544
-0.25471
-0.39707
-0.40045
-0.38005
-0.26343
-0.096563
0.12166
0.49039
0.71645
1.0702
1.1782
1.1866
1.0169
0.84464
0.5926
0.36306
0.39146
0.47267
0.63404
0.66437
0.82858
0.96765
1.0541
1.1413
1.2019
1.2904
1.2693
1.2755
1.1701
0.86768
0.78727
0.64956
0.59564
0.48423
0.54343
0.45947
0.40363
0.23153
0.02905
-0.2041
-0.4682
-0.46984
-0.67772
-0.88695
-1.0085
-1.0415
-1.194
-1.2277
-1.4115
-1.747
-2.1145
-2.3628
-2.4908
-2.8021
-2.901
-2.9084
-2.885
-2.6766
-2.4671
-2.1637
-1.8897
-1.5213
-1.2134
-0.99762
-0.68721
-0.31296
-0.062707
0.062817
0.37754
0.56721
0.75743
0.82173
0.88614
0.72882
0.44415
0.31759
0.063579
-0.15909
-0.47763
-0.66912
-0.89265
-0.76546
-0.44665
-0.06382
0.22338
0.38291
0.57425
0.60594
0.47814
0.31855
0.12732
-0.0636
-0.41294
-0.38069
-0.53853
-0.60091
-0.50513
-0.56715
-0.66025
-0.87827
-0.87605
-0.90487
-0.99556
-0.96144
-0.8346
-0.58524
-0.33756
0
0.21308
0.4546
0.69386
0.72055
0.50783
0.29716
0.11822
0.029386
0.058426
0.058069
0
-0.057322
-0.11387
-0.16961
-0.19645
-0.16713
-0.082929
0.24683
0.40807
0.62054
0.61529
0.37127
0.39427
0.52093
0.64513
0.76685
0.73416
0.45122
0.17373
-0.098266
-0.072941
-0.048119
-0.023804
0.023548
-0.023292
-0.16125
-0.47834
-0.56304
-0.69022
-0.79233
-0.8484
-1.0105
-1.211
-1.4276
-1.5973
-1.824
-1.964
-2.1802
-2.4304
-2.5373
-2.4677
-2.0757
-1.7304
-1.4305
-1.3028
-1.2325
-1.3247
-1.4146
-1.5021
-1.5872
-1.4997
-1.2963
-0.94802
-0.64084
-0.24352
0.096248
0.33288
0.5326
0.71216
0.82631
0.89242
0.94204
0.99051
1.0086
0.96852
0.91498
0.87674
0.7414
0.692
0.53408
0.3117
0.093893
-0.10622
-0.23661
-0.41651
-0.55426
-0.75323
-0.89791
-1.0024
-1.0305
-1.0951
-1.1831
-1.2575
-1.4027
-1.5694
-1.816
-1.9769
-2.1587
-2.2458
-2.2404
-2.2013
-2.0728
-1.8905
-1.6442
-1.4567
-1.2498
-1.0131
-0.76868
-0.60264
-0.43863
-0.30849
-0.24331
-0.12626
0
0.12498
0.20728
0.24756
0.32859
0.33737
0.41738
0.58805
0.75744
1.0564
1.193
1.2089
1.0058
0.7346
0.51467
0.52309
0.54138
0.60875
0.6269
0.64506
0.63397
0.68142
0.74823
0.74701
0.70714
0.62879
0.52175
0.36676
0.24106
0.086713
-0.12517
-0.29832
-0.48096
-0.68278
-0.89422
-1.0673
-1.2501
-1.4043
-1.4914
-1.5595
-1.5604
-1.5422
-1.476
-1.4194
-1.3243
-1.1806
-1.0174
-0.88299
-0.79684
-0.62292
-0.44848
-0.22465
0.029357
0.25494
0.41268
0.49236
0.59218
0.63316
0.73388
0.80535
0.86727
0.87961
0.89209
0.91475
0.97793
1.082
1.2172
1.3431
1.4291
1.526
1.6236
1.6704
1.7175
1.7963
1.8235
1.9138
1.9838
2.0544
2.041
1.9532
2.046
2.1181
2.1156
2.0485
1.9159
1.8801
1.8986
1.9172
1.892
1.8114
1.7633
1.6703
1.5654
1.4708
1.4092
1.3697
1.2844
1.1984
1.0772
0.96659
0.82033
0.73085
0.60568
0.53795
0.52836
0.50689
0.44972
0.41583
0.40552
0.32327
0.28845
0.25334
0.25429
0.23092
0.26835
0.34277
0.31941
0.32052
0.37111
0.37236
0.34869
0.28736
0.30081
0.31432
0.35312
0.41743
0.41865
0.40713
0.47206
0.56289
0.66699
0.60441
0.54146
0.47815
0.42746
0.5193
0.62452
0.67799
0.6663
0.61523
0.51146
0.39413
0.27636
0.23726
0.23762
0.25118
0.31772
0.37114
0.39813
0.43843
0.43888
0.39936
0.33309
0.26668
0.16012
-0.10681
-0.40076
-0.68161
-0.76209
-0.74894
-0.73574
-0.85626
-1.0035
-1.2042
-1.3914
-1.5517
-1.7253
-1.8184
-1.938
-1.9238
-1.8027
-1.6282
-1.5872
-1.7194
-1.8247
-1.9031
-1.835
-1.7004
-1.6457
-1.6971
-1.788
-1.7992
-1.8235
-1.8081
-1.7794
-1.7508
-1.8141
-1.8116
-1.7697
-1.7017
-1.5946
-1.5138
-1.4333
-1.3009
-1.1949
-1.1021
-1.0097
-0.90458
-0.76112
-0.59239
-0.44994
-0.28232
-0.16652
-0.10229
-0.10211
-0.063701
0
0.076162
0.25341
0.32882
0.44183
0.50403
0.70434
0.91649
1.0151
1.0633
1.0239
0.9722
0.98292
0.95635
0.95469
0.96542
1.0997
1.2335
1.3177
1.291
1.2766
1.2133
1.1992
1.2219
1.2201
1.1939
1.1193
1.1178
1.1041
1.1391
1.1982
1.2572
1.1954
1.2545
1.205
1.0473
0.75768
0.49267
0.33618
0.26395
0.20382
0.095854
-0.035925
-0.1556
-0.20339
-0.23919
-0.34673
-0.41838
-0.49003
-0.63341
-0.80074
-0.90838
-1.052
-1.2077
-1.2559
-1.2325
-1.1972
-1.126
-1.1028
-1.0556
-1.0445
-0.94936
-0.87815
-0.81891
-0.67521
-0.48292
-0.29016
-0.10897
0.08489
0.27939
0.49893
0.74371
0.96507
1.0895
1.1532
1.205
1.2079
1.1244
1.0281
0.99363
1.0088
1.0367
1.0398
0.95503
0.80679
0.68295
0.6218
0.58576
0.66452
0.87216
1.0428
1.2019
1.2585
1.2506
1.2427
1.2742
1.4775
1.7358
1.9166
1.9922
2.0148
1.9569
1.8713
1.6761
1.4789
1.2524
1.1619
1.1262
1.1181
1.1802
1.2713
1.3776
1.4707
1.5937
1.6603
1.6986
1.7081
1.7325
1.7276
1.6929
1.7475
1.7726
1.798
1.8236
1.8648
1.8757
1.8402
1.8354
1.7053
1.4477
1.2029
0.95516
0.75253
0.57972
0.48586
0.43977
0.40949
0.32944
0.33127
0.38307
0.41866
0.38725
0.28776
0.2042
0.051318
0.034389
-0.10369
-0.15632
-0.192
-0.26309
-0.35245
-0.44263
-0.35573
-0.268
-0.10767
0
0
-0.12721
-0.21894
-0.34801
-0.40449
-0.53515
-0.72226
-0.79909
-0.87635
-0.87919
-0.84441
-0.88459
-0.86828
-0.85178
-0.83507
-0.8943
-0.89649
-0.86035
-0.88142
-0.86409
-0.75038
-0.61687
-0.4828
-0.27082
-0.13563
-0.019404
0.038862
0.019456
0.01948
-0.13651
-0.078085
-0.019539
0.15645
0.29357
0.29377
0.19597
0.039215
0.078467
0.13737
0.13742
0.078548
0.058925
0.13751
0.27506
0.58947
0.88423
1.1986
1.3754
1.6111
1.6698
1.7089
1.8461
1.9832
2.1595
2.2375
2.3547
2.3541
2.3143
2.1961
2.0191
1.6854
1.3127
1.0969
0.90082
0.86145
0.97869
1.0959
1.1935
1.2911
1.3691
1.3884
1.3686
1.2903
1.2119
1.075
0.99672
1.0357
1.1334
1.1334
1.1138
1.1138
1.0747
1.1529
1.1921
1.2508
1.3485
1.505
1.6028
1.5247
1.5053
1.4272
1.3295
1.2123
1.1146
0.97771
0.6844
0.39108
0.039106
-0.078206
-0.097747
0.05864
0.19543
0.15631
0.19533
0.21479
0.25374
0.17558
0.11699
-0.058459
-0.29209
-0.54481
-0.75818
-0.95167
-1.1253
-1.2983
-1.4708
-1.6041
-1.6788
-1.7146
-1.8461
-1.9769
-1.9729
-2.0258
-1.9448
-1.8068
-1.6502
-1.4942
-1.452
-1.3158
-1.1428
-0.93337
-0.72532
-0.61133
-0.49813
-0.44088
-0.42061
-0.50965
-0.56149
-0.43249
-0.26887
-0.19609
-0.088622
0.035239
0.087558
0.24361
0.36302
0.44642
0.42627
0.28779
0.067215
-0.15009
-0.23166
-0.11491
0
0.1453
0.30413
0.31734
0.26733
0.17141
0.1235
0.045876
-0.015145
0.059988
0.20787
0.36746
0.4219
0.37434
0.2137
0.042286
-0.097609
-0.26207
-0.35469
-0.48568
-0.50695
-0.54084
-0.57385
-0.63179
-0.75203
-0.93239
-1.0711
-1.1449
-1.2167
-1.2146
-1.2123
-1.2335
-1.2771
-1.3311
-1.3496
-1.4011
-1.4292
-1.4455
-1.4613
-1.4766
-1.4915
-1.464
-1.3958
-1.2881
-1.1423
-0.96967
-0.85026
-0.65519
-0.46432
-0.49763
-0.53971
-0.54343
-0.63053
-0.84434
-1.1901
-1.4571
-1.4873
-1.3847
-1.1968
-1.0384
-0.90879
-0.73062
-0.67358
-0.60925
-0.60401
-0.5825
-0.58582
-0.61336
-0.68056
-0.8024
-0.95402
-1.1035
-1.2121
-1.3348
-1.4329
-1.5224
-1.6033
-1.6834
-1.7703
-1.8267
-1.9197
-1.9973
-2.0744
-2.1438
-2.1767
-2.1952
-2.1496
-2.1046
-2.0037
-1.8968
-1.777
-1.6865
-1.5689
-1.4104
-1.281
-1.1596
-1.0736
-1.0159
-0.96553
-0.88113
-0.76285
-0.67253
-0.57574
-0.48614
-0.3968
-0.30767
-0.21186
-0.10249
0.0068327
0.13668
0.25296
0.40361
0.4861
0.58253
0.63813
0.67339
0.72954
0.79291
0.85669
0.85859
0.83985
0.77246
0.72578
0.70697
0.77946
0.87372
0.9688
1.0861
1.1403
1.1952
1.2363
1.3214
1.3858
1.3926
1.3705
1.3336
1.3039
1.2667
1.2741
1.2366
1.2368
1.2524
1.253
1.2538
1.208
1.1852
1.1148
1.0674
1.0114
0.98699
0.94596
0.93725
0.94506
0.96981
1.0372
1.1314
1.2017
1.23
1.2326
1.2354
1.2294
1.2503
1.2989
1.3394
1.3159
1.2638
1.1634
1.0418
0.92726
0.8591
0.80919
0.73823
0.66569
0.62211
0.56722
0.58408
0.63294
0.70424
0.72319
0.84081
0.95009
1.1625
1.3685
1.5908
1.7836
1.887
1.9928
1.9568
1.8347
1.6479
1.4812
1.2976
1.0839
0.85187
0.61402
0.37025
0.21415
0.2032
0.13711
0.20815
0.3511
0.46902
0.54656
0.56763
0.70692
0.77488
0.8443
0.88467
0.78694
0.74919
0.69462
0.78235
0.80732
0.86532
0.80888
0.83444
0.80977
0.81848
0.89612
0.94038
1.0381
1.0844
1.0954
1.0701
1.0806
1.0727
1.0269
0.98011
0.9512
0.97912
0.94921
0.97718
0.96598
0.89473
0.90226
0.90971
0.87633
0.63679
0.49684
0.2086
-0.042031
-0.23286
-0.36245
-0.45086
-0.71334
-0.87042
-1.0513
-1.1021
-1.0867
-0.9148
-0.80796
-0.83516
-0.86251
-0.98128
-1.1012
-1.1759
-1.1354
-1.1409
-1.1228
-0.98689
-0.99119
-1.0428
-1.0232
-0.93168
-0.86327
-0.48134
-0.16906
0.12116
0.12156
0.024386
0.22013
0.44151
0.66405
0.88768
0.88985
1.0158
1.1422
1.4182
1.6703
1.8732
2.0515
2.1801
2.1332
1.9853
1.8117
1.4863
1.1348
0.70674
0.15157
-0.3792
-0.58179
-0.58209
-0.43042
-0.32924
0.025332
0.38002
0.68404
1.14
1.4184
1.5953
1.7466
1.847
1.8966
1.8701
1.8435
1.842
1.79
1.7631
1.7612
1.6587
1.4057
1.2535
1.1015
1.225
1.2231
1.271
1.1694
1.0183
0.94214
0.91564
0.83978
0.64091
0.7134
0.68735
0.68586
0.61102
0.41455
0
-0.46114
-0.77477
-0.89362
-0.91546
-0.86506
-0.76694
-0.71711
-0.596
-0.45173
-0.52163
-0.63841
-0.61305
-0.65834
-0.67992
-0.58446
-0.34967
-0.046488
0.25494
0.46219
0.52997
0.3676
0.29781
0.045683
-0.22775
-0.56773
-0.81517
-0.90314
-0.92307
-0.89801
-0.87309
-0.87066
-0.95731
-1.1323
-1.2178
-1.325
-1.0352
-0.72499
-0.43828
-0.043719
0.23987
0.54387
0.4775
0.41146
0.19448
0.12938
0.10759
0.21476
0.30008
0.4493
0.57666
0.61834
0.55349
0.46764
0.53066
0.42396
0.27524
0.10574
-0.084505
-0.29549
-0.63266
-0.82186
-1.0319
-1.1156
-1.031
-0.88342
-0.79914
-0.90421
-0.9463
-1.1988
-1.3043
-1.368
-1.495
-1.7066
-1.8555
-2.0892
-2.2814
-2.4531
-2.4985
-2.5655
-2.548
-2.5096
-2.4926
-2.4758
-2.5235
-2.5073
-2.3626
-2.2174
-1.9207
-1.6877
-1.5837
-1.4577
-1.2437
-1.1162
-1.0759
-1.0133
-1.0167
-0.99814
-0.84592
-0.69267
-0.51589
-0.42785
-0.2487
-0.24973
-0.27359
-0.50377
-0.552
-0.64691
-0.62669
-0.39644
-0.21088
0.023545
0.3076
0.68964
0.95607
1.1772
1.2075
0.99541
0.70784
0.41718
0.24674
-0.099238
-0.29937
-0.42647
-0.52978
-0.60889
-0.58684
-0.53887
-0.43873
-0.49317
-0.52212
-0.52514
-0.47536
-0.3453
-0.24044
-0.05374
0.05405
0.16308
0.027336
-0.16496
-0.24884
-0.25025
-0.055923
0.25306
0.50892
0.73915
0.80034
0.9196
0.83783
0.78416
0.61307
0.55753
0.67832
0.5335
0.50633
0.11971
-0.15035
-0.39271
-0.36415
-0.060961
0.030613
0.15372
-0.12348
-0.58889
-0.9957
-0.93702
-0.40754
0.22022
0.82079
1.2036
1.3345
1.4342
1.6302
1.6348
1.6713
1.9011
2.0994
2.3307
2.4006
2.4703
2.4423
2.3812
2.2869
2.0283
1.7689
1.3117
1.2474
1.2484
1.3479
1.6775
1.9085
1.7773
1.5142
1.2508
1.0531
0.8883
0.78924
0.78876
0.85387
0.95156
0.91782
0.94951
0.94831
1.1429
1.2716
1.0416
0.71483
0
-0.51783
-0.87197
-0.90222
-0.67506
-0.54512
-0.41578
-0.38276
-0.38169
-0.47573
-0.28459
-0.15762
0
0.21924
0.34337
0.3422
0.31
0.37066
0.40009
0.3986
0.48873
0.426
0.42434
0.51323
0.60139
0.65885
0.71581
0.83166
0.85778
0.88364
0.79192
0.93458
1.0178
1.2451
1.3551
1.378
1.2291
1.053
0.87846
0.70537
0.50568
0.3077
0.055705
-0.13867
-0.33139
-0.35748
-0.43813
-0.4363
-0.2444
0.027044
0.2424
0.37555
0.4542
0.37257
0.39762
0.42249
0.44718
0.39309
0.36553
0.1821
-0.077761
-0.51658
-0.92662
-1.103
-1.3294
-1.1977
-0.889
-0.633
-0.20194
0.22649
0.70258
1.1009
1.3972
1.5675
1.8115
1.98
2.2219
2.3149
2.2357
2.255
2.1276
2.001
1.8993
1.8711
1.8188
1.7185
1.6186
1.4469
1.2036
0.91317
0.7917
0.69462
0.6457
0.69248
0.73915
0.80952
0.76084
0.71232
0.59281
0.49732
0.44939
0.33072
0.14156
-0.23565
-0.42367
-0.70529
-0.89232
-1.1258
-1.2885
-1.4274
-1.4958
-1.4007
-1.4456
-1.4672
-1.3491
-1.0454
-0.64962
-0.20853
0.16197
0.43902
0.80757
1.0598
1.3112
1.424
1.5363
1.5566
1.5539
1.3914
1.3432
1.2042
1.0884
0.97295
0.72247
0.56314
0.56181
0.80702
1.0733
1.2266
1.3122
1.2198
1.0836
0.92598
0.87915
0.70106
0.56773
0.43523
0.32528
0.21607
0.086107
-0.021445
0.021361
0
-0.084751
-0.31648
-0.60923
-0.96211
-1.0827
-1.2228
-1.1346
-0.94442
-0.77639
-0.69124
-0.64732
-0.6239
-0.50055
-0.37842
-0.15849
0.059115
0.11759
0.13643
0.11629
0.057822
0
-0.1334
-0.18948
-0.33911
-0.54319
-0.76351
-1.0183
-1.0492
-1.1345
-1.2189
-1.3746
-1.5104
-1.6268
-1.7951
-1.8731
-1.8624
-1.6771
-1.5286
-1.2955
-1.1509
-1.1104
-1.1213
-1.166
-1.1262
-1.137
-0.98146
-0.84408
-0.70814
-0.57359
-0.29358
-0.097403
0.12928
0.35394
0.54464
0.66997
0.79434
0.90199
0.94586
0.97383
1.0017
1.0764
1.0885
0.96113
0.80379
0.58579
0.3229
0.13806
-0.076529
-0.29022
-0.38117
-0.38053
-0.37997
-0.28841
-0.13646
-0.060596
0.10597
0.31774
0.55966
0.75622
0.9378
1.1197
1.3322
1.5149
1.7134
1.9431
2.1129
2.2533
2.3183
2.3535
2.2974
2.1648
2.0781
1.9297
1.8272
1.7866
1.7929
1.7526
1.7752
1.7826
1.8538
1.9418
2.0151
2.0573
1.9873
1.9655
1.8949
1.7909
1.6034
1.447
1.2387
0.96048
0.76345
0.39294
0
-0.39869
-0.73355
-0.88004
-0.92249
-0.80476
-0.68519
-0.63641
-0.67855
-0.75848
-0.91453
-0.92279
-0.91225
-0.69056
-0.50344
-0.33232
-0.039476
0.17938
0.36232
0.50827
0.55448
0.45641
0.37727
0.29648
0.12839
0.12974
0.13111
0.15459
0.13392
-0.067678
-0.25082
-0.53009
-0.67559
-0.84773
-0.9283
-1.0586
-1.1674
-1.2537
-1.2672
-1.2557
-1.1168
-0.84653
-0.72588
-0.41916
-0.10589
0.37446
0.54047
0.40951
0.082732
-0.64066
-1.069
-1.3352
-1.3195
-1.1873
-0.90625
-0.53112
-0.14889
-0.090141
-0.24251
-0.55043
-1.0178
-1.2751
-1.4111
-1.3593
-0.9558
-0.80264
-0.67929
-0.61911
-0.36099
-0.13218
0.13307
0.30138
0.1348
-0.13562
-0.4775
-0.44593
-0.34492
-0.17337
-0.034851
0.1751
0.31666
0.45943
0.88725
1.1759
1.3592
1.364
1.2606
0.97551
0.65225
0.65402
0.91064
1.3874
1.9391
2.4192
2.46
2.4636
2.4299
2.3588
2.3609
2.3994
2.2898
1.9579
1.5517
1.0714
0.84948
0.62761
0.59033
0.4424
0.11049
0
-0.2572
-0.36691
-0.62275
-0.6948
-0.69349
-0.65566
-0.39981
-0.32636
-0.47027
-0.75772
-0.75568
-0.64591
-0.35779
-0.10701
0.071117
0.21266
0.31792
0.56326
0.56127
0.52429
0.592
0.41631
0.17279
-0.20654
-0.30858
-0.58051
-0.57812
-0.37252
-0.47213
-0.43654
-0.63527
-0.66581
-0.82862
-0.89097
-0.91987
-0.75224
-0.74888
-0.77793
-0.77442
-0.7388
-0.5436
-0.28649
-0.15844
-0.25236
-0.47103
-0.78152
-1.027
-1.1773
-1.0178
-0.95188
-1.0394
-1.2175
-1.4849
-1.5992
-1.7425
-1.7351
-1.6086
-1.5426
-1.3294
-1.0592
-0.7912
-0.58374
-0.58145
-0.55024
-0.66353
-0.66104
-0.71586
-0.74178
-0.93812
-0.93483
-0.9316
-1.041
-0.95341
-0.95032
-1.003
-0.88881
-0.69227
-0.57979
-0.6607
-0.76865
-1.0403
-1.2833
-1.4978
-1.3311
-1.1923
-1.1625
-1.0789
-1.1034
-1.1279
-1.1792
-1.1501
-1.2281
-1.1725
-1.0907
-1.142
-1.1932
-1.1914
-0.97815
-0.92401
-0.87008
-0.86901
-0.81541
-0.86707
-0.83995
-0.83916
-0.91703
-0.96866
-0.68018
-0.183
0.33965
0.91396
1.2267
1.2262
1.1736
1.1733
1.1469
1.0164
1.0162
1.0422
1.1985
1.433
1.6937
1.9545
1.9809
1.877
1.4863
1.0955
0.86104
0.91356
1.0967
1.2539
1.3591
1.3074
1.282
1.2303
1.3096
1.3366
1.1277
1.0759
0.94534
0.94599
0.99925
1.0789
1.106
1.1596
1.1341
1.0294
0.9509
0.79303
0.76719
0.55598
0.42393
0.31819
0.31844
0.15934
0.079732
-0.18618
-0.63881
-0.93228
-1.0662
-1.067
-0.90758
-0.77464
-0.56132
-0.58843
-0.61556
-0.64271
-0.5895
-0.61664
-0.69744
-0.77831
-0.88609
-0.91336
-0.83312
-0.64525
-0.59169
-0.61879
-0.6728
-0.78065
-0.83468
-0.78098
-0.8619
-0.88893
-0.70042
-0.43104
-0.32327
-0.2155
0.026935
0.26931
0.29618
0.24227
0
-0.10761
-0.16135
-0.05376
-0.21493
-0.34907
-0.4562
-0.50953
-0.50917
-0.50877
-0.37457
-0.26731
-0.053411
0
-0.02665
-0.21295
-0.42539
-0.55761
-0.79552
-1.0062
-1.2427
-1.716
-2.2403
-2.6838
-2.8104
-2.8053
-2.6429
-2.5071
-2.4237
-2.4185
-2.4651
-2.4335
-2.4019
-2.2415
-2.0302
-1.7686
-1.5337
-1.2746
-1.0167
-0.83634
-0.55587
-0.17632
0.10043
0.12513
0.074824
-0.04971
-0.17337
-0.32081
-0.31962
-0.14696
-0.097593
0
0
0.048207
0.024002
0.11949
0.023794
-0.071065
-0.21223
-0.3286
-0.37378
-0.32549
-0.23137
-0.18418
-0.22907
-0.15953
-0.068019
-0.045109
-0.022435
-0.066943
-0.11097
-0.19864
-0.19753
-0.24007
-0.30381
-0.40994
-0.51482
-0.5971
-0.74197
-0.65326
-0.64934
-0.68706
-0.82773
-0.94606
-1.1242
-1.1985
-1.2112
-1.1033
-0.85718
-0.71311
-0.41335
-0.35206
-0.077738
0.23173
0.69076
0.95327
0.98508
0.95998
0.91646
0.96638
0.97871
1.0826
1.1669
1.2502
1.3324
1.3777
1.4225
1.5551
1.686
1.7281
1.7176
1.6211
1.4228
1.1588
0.91483
0.75794
0.61962
0.58281
0.64577
0.75747
0.9171
1.0425
1.1018
1.0799
1.0102
0.84556
0.69849
0.55291
0.566
0.65724
0.79443
1.0235
1.158
1.2299
1.3014
1.3876
1.4581
1.5282
1.6582
1.7725
1.7514
1.5516
1.3831
1.2009
1.2417
1.3414
1.426
1.4957
1.6238
1.7952
1.9516
2.1076
2.1617
2.1001
1.8944
1.6462
1.6008
1.5414
1.5543
1.553
1.4945
1.3357
1.1773
1.0479
0.90427
0.78952
0.70357
0.66077
0.57491
0.46026
0.18715
-0.043234
-0.31743
-0.46235
-0.53542
-0.71027
-0.7842
-0.82945
-0.75835
-0.76013
-0.76205
-0.76409
-0.79574
-0.78336
-0.81551
-0.86287
-0.85097
-0.73423
-0.72201
-0.63429
-0.62178
-0.62448
-0.70379
-0.83005
-0.77229
-0.6054
-0.39008
-0.15686
-0.063091
-0.015862
-0.11168
-0.048149
-0.048445
0.04875
0.09813
0.11524
0.066299
0.066759
0.033616
-0.033859
-0.051164
-0.034367
0
-0.13961
-0.22868
-0.12413
0.03576
0.37863
0.67281
0.95378
1.1287
1.2508
1.394
1.4638
1.5542
1.6269
1.6816
1.5991
1.5748
1.6306
1.6874
1.8276
2.0121
2.0536
1.9689
1.9893
1.9885
1.9657
1.9423
1.9184
1.8712
1.6406
1.451
1.2804
1.1766
1.2608
1.3466
1.4341
1.376
1.3413
1.155
0.65987
0
-0.59638
-0.99589
-1.2449
-1.151
-0.83857
-0.49201
-0.082853
0.33483
0.59192
0.76873
0.80516
0.69694
0.64507
0.47364
0.508
0.45239
0.27391
0.27636
0.30976
0.46863
0.88211
1.334
1.5687
1.355
0.81262
0.42564
0
-0.033195
0.033412
-0.067242
-0.16911
-0.47621
-0.58139
-0.72187
-0.55266
-0.38167
-0.20906
-0.10494
0.07021
0.28175
0.38854
0.46038
0.39043
0.21337
-0.4274
-1.3907
-2.0344
-2.7853
-2.8929
-2.6066
-2.2483
-1.747
-1.2463
-0.63989
-0.035478
0.63708
1.0942
1.3723
1.3325
1.048
0.66094
0.13852
-0.27568
-0.5142
-0.71588
-0.77943
-0.74089
-0.63565
-0.63127
-0.56074
-0.78567
-1.0069
-1.353
-1.4374
-1.4565
-1.2551
-0.87044
-0.43106
-0.21341
-0.18108
-0.26882
-0.17732
0.029235
0.14457
0.14295
0.11305
0.083807
0.22085
0.24549
0.37725
0.47909
0.60457
0.49317
0.30753
0.050601
-0.2997
-0.54233
-0.68124
-0.64829
-0.54497
-0.30395
-0.023071
0.20488
0.47167
0.62051
0.80902
0.86295
0.95789
1.1132
1.2228
1.3906
1.5338
1.5933
1.4742
1.4357
1.398
1.3423
1.3999
1.4375
1.5106
1.4559
1.4203
1.2452
1.0396
0.95882
0.9645
0.98679
0.99205
0.98088
1.0023
1.0713
1.1231
1.2364
1.3319
1.3949
1.4568
1.3673
1.2053
1.1054
1.0952
1.0563
0.97522
0.90989
0.83169
0.83879
0.83203
0.99059
1.1468
1.3822
1.6144
1.75
1.8177
1.8848
1.9906
2.0043
1.9924
2.0324
2.0723
2.074
2.0254
1.9525
1.8932
1.7723
1.7399
1.6957
1.6152
1.5479
1.4079
1.2569
1.0584
0.86135
0.6413
0.39833
0.25292
0.16828
0.10798
0.10781
0.08373
-0.023894
-0.14321
-0.29811
-0.32175
-0.4169
-0.50014
-0.55964
-0.60733
-0.65515
-0.66738
-0.73937
-0.82353
-0.93188
-1.0167
-1.054
-1.0317
-0.92526
-0.89088
-0.83238
-0.8463
-0.76347
-0.7654
-0.75528
-0.72078
-0.64942
-0.59001
-0.50564
-0.34651
-0.3105
-0.28673
-0.36293
-0.49005
-0.63089
-0.73498
-0.78916
-0.8567
-0.84788
-0.8778
-0.94701
-1.1344
-1.3106
-1.4493
-1.5102
-1.5185
-1.3262
-1.1048
-0.88085
-0.69524
-0.57601
-0.52436
-0.40266
-0.25151
-0.084372
-0.070766
-0.085476
-0.17209
-0.23099
-0.27616
-0.35122
-0.36838
-0.50448
-0.59766
-0.73731
-0.90925
-1.1142
-1.2144
-1.2696
-1.3724
-1.4139
-1.5983
-1.7694
-1.959
-2.0382
-2.1021
-2.2325
-2.282
-2.3322
-2.2654
-2.1807
-1.9412
-1.8011
-1.5896
-1.3923
-1.2621
-1.183
-1.227
-1.1999
-1.2806
-1.3259
-1.2985
-1.2338
-1.131
-1.0081
-0.77051
-0.60537
-0.34276
0.038331
0.40506
0.64054
0.76172
0.96291
1.0874
1.2529
1.2803
1.2071
0.99138
0.91549
0.81818
0.7814
0.90948
1.0387
1.0648
0.67133
0.35833
-0.021175
-0.34032
-0.46997
-0.4505
-0.38773
-0.28114
-0.086837
0.087159
0.21868
0.24138
0.2642
0.22087
0.17724
0.15554
0.066849
0.044686
0.089602
0.22456
0.36013
0.42859
0.51991
0.40768
0.29498
0.2273
0.25043
0.1368
0.22832
0.41149
0.57218
0.61862
0.68801
0.84928
0.91884
1.1263
1.334
1.5878
1.6806
1.7042
1.8428
1.8893
2.0278
2.0048
1.9357
1.8204
1.7741
1.843
1.7274
1.6119
1.5654
1.5189
1.3803
1.1498
1.0115
0.85019
0.78092
0.73466
0.64254
0.41288
0.32098
0.22917
0.16034
0.18317
0.20598
0.25165
0.20581
0.22859
0.25136
0.20559
0.18269
0.02283
0
-0.18256
-0.18253
-0.25095
-0.41061
-0.52464
-0.6615
-0.79839
-0.88972
-0.86702
-0.91282
-1.0043
-1.1644
-1.2334
-1.211
-1.2344
-1.0749
-1.0983
-1.1906
-1.3059
-1.3068
-1.3536
-1.3088
-1.172
-1.15
-1.2892
-1.4748
-1.6147
-1.7781
-1.8494
-1.8746
-1.8305
-1.9023
-1.9976
-1.9768
-2.0959
-1.982
-1.7979
-1.4964
-1.358
-1.2427
-1.1975
-1.1757
-1.0832
-0.94322
-0.8265
-0.80403
-0.80517
-0.68773
-0.5937
-0.45183
-0.23813
-0.023845
-0.023876
0
-0.071809
-0.095861
-0.07198
0.048041
0.3126
0.4092
0.38551
0.31351
0.07241
-0.12078
-0.24173
-0.16932
-0.16942
-0.024216
0.096904
0.072703
-0.096963
-0.33943
-0.70317
-0.94564
-0.99404
-1.1393
-1.139
-1.1628
-0.9685
-0.77435
-0.48364
0.048325
0.57938
1.1335
1.5658
1.9008
1.8742
1.7276
1.5572
1.4111
1.4087
1.4537
1.6886
1.8038
1.8472
1.9138
1.8621
1.6693
1.4774
1.2161
0.88618
0.62782
0.3941
0.13866
-0.023036
-0.25257
-0.29748
-0.36486
-0.38628
-0.4528
-0.47367
-0.6741
-0.69388
-0.73573
-0.64396
-0.46441
-0.26428
-0.065793
0.021837
0.1522
0.064945
-0.086211
-0.40768
-0.70488
-1.0844
-1.3758
-1.538
-1.6567
-1.6072
-1.475
-1.1579
-0.90546
-0.73732
-0.52997
-0.46659
-0.42398
-0.34158
-0.11998
0
0.13864
0.35481
0.51006
0.58573
0.4275
0.27076
-0.076996
-0.38318
-0.55301
-0.60739
-0.45344
-0.24448
-0.037441
0.055907
0.22262
0.42478
0.66192
0.95189
1.2393
1.5788
1.7527
1.9251
2.0782
2.3015
2.4873
2.6718
2.749
2.6853
2.5697
2.4377
2.2374
1.8832
1.6006
1.3545
1.1273
1.0381
0.88165
0.82776
0.77428
0.78829
0.81893
0.89933
0.92941
1.042
1.1373
1.1171
1.0806
0.96277
0.86201
0.66466
0.38781
0
-0.38532
-0.72018
-0.94125
-1.0655
-1.1732
-1.2327
-1.418
-1.6178
-1.7381
-1.764
-1.6497
-1.4585
-1.1138
-0.78652
-0.43051
-0.15329
0.015283
0.13713
0.1671
0.3332
0.4077
0.52691
0.60038
0.6285
0.64153
0.65447
0.74148
0.70967
0.69279
0.57313
0.43954
0.17528
0
-0.20326
-0.4487
-0.51949
-0.51791
-0.32988
-0.14299
0.014255
0.17054
0.25504
0.33901
0.47881
0.63179
0.68586
0.69774
0.63998
0.49934
0.34572
0.15166
0
-0.31522
-0.58759
-0.79023
-0.85584
-0.81272
-0.71583
-0.60604
-0.63118
-0.61601
-0.66771
-0.77241
-0.92968
-1.0729
-1.1625
-1.2122
-1.2222
-1.2715
-1.3468
-1.4609
-1.4834
-1.5578
-1.619
-1.6929
-1.7537
-1.7757
-1.772
-1.7044
-1.5987
-1.4681
-1.3125
-1.2847
-1.3588
-1.5595
-1.7343
-1.9341
-2.0198
-2.0045
-1.9014
-1.7106
-1.4575
-1.0795
-0.70233
-0.3133
0
0.21277
0.28772
0.41264
0.60002
0.76236
0.88724
1.0622
1.1747
1.2624
1.4003
1.4884
1.6143
1.6904
1.7919
1.856
1.8703
1.8847
1.824
1.7129
1.5639
1.503
1.4674
1.4191
1.409
1.3353
1.1978
1.0471
0.93425
0.78249
0.56579
0.33518
0.14218
0.025922
0
0.15644
0.2746
0.40665
0.46062
0.44896
0.37102
0.31915
0.33366
0.34831
0.40345
0.54006
0.69136
0.84395
0.83384
0.86489
0.77217
0.78949
0.83485
0.83875
0.8006
0.70567
0.63821
0.4846
0.4011
0.41755
0.49208
0.55286
0.5558
0.63231
0.66532
0.77303
0.9866
1.1725
1.285
1.4291
1.4985
1.5072
1.485
1.4315
1.4243
1.4327
1.568
1.6411
1.7151
1.7416
1.736
1.616
1.281
0.99138
0.7481
0.61888
0.69
0.7789
0.88592
0.95993
1.1038
1.18
1.292
1.335
1.3079
1.2447
1.1807
1.2239
1.1769
1.0019
0.69634
0.51615
0.29669
0.20518
0.075049
-0.094358
-0.22777
-0.32453
-0.28799
-0.27031
-0.1165
-0.03905
0.13743
0.35533
0.67483
1.0975
1.3441
1.452
1.4799
1.4671
1.4336
1.4203
1.4687
1.4967
1.5875
1.7631
1.919
1.9068
1.7453
1.5394
1.3744
1.2511
1.2565
1.2183
1.2016
1.1407
1.0572
0.95085
0.86577
0.82452
0.69342
0.51637
0.51824
0.61053
0.58996
0.54643
0.50257
0.3667
0.16094
-0.092254
-0.53208
-0.90491
-1.2333
-1.4235
-1.5679
-1.7364
-1.6939
-1.6982
-1.5606
-1.4696
-1.283
-1.0716
-0.78758
-0.52619
-0.26364
-0.19213
-0.16844
-0.048218
-0.024153
0.096784
0.16966
0.12139
0
-0.17047
-0.29266
-0.34192
-0.26901
-0.024487
0.073552
0.024546
-0.27031
-0.54118
-0.98496
-1.2817
-1.6282
-1.9011
-2.1003
-2.176
-2.0785
-1.9313
-1.759
-1.5864
-1.3888
-1.2901
-1.0921
-1.0428
-1.0431
-0.86945
-0.79508
-0.5467
-0.59646
-0.62135
-0.64622
-0.82018
-0.9941
-1.1928
-1.292
-1.3911
-1.1673
-0.94351
-0.79429
-0.74439
-0.7193
-0.61983
-0.39651
-0.04954
0.19805
0.47012
0.61821
0.86496
1.0126
1.1106
1.3318
1.5033
1.6252
1.5501
1.5488
1.351
1.0553
0.80913
0.61241
0.56288
0.66012
0.75715
0.78078
0.85308
0.77913
0.60804
0.34013
0.048535
-0.02424
-0.096848
0.024184
0.19324
0.50666
0.72293
0.93868
1.2741
1.4646
1.5827
1.5568
1.3635
1.0273
0.71582
0.50044
0.42841
0.47541
0.641
0.8536
0.99462
1.1353
1.1575
1.1561
1.084
1.1062
1.2224
1.127
0.96151
0.72614
0.46794
0.21033
0.14006
0.30313
0.53573
0.93071
1.3481
1.6486
1.8557
1.9698
1.9216
1.7348
1.5483
1.3623
1.2458
1.1756
1.2438
1.3809
1.495
1.5629
1.5389
1.4002
1.2388
1.1694
0.98545
0.96209
0.89299
0.96131
1.0525
1.1208
1.1434
0.89163
0.64003
0.43424
0.27423
0.045703
-0.091406
-0.20567
-0.38852
-0.48
-0.5258
-0.50305
-0.57179
-0.755
-0.98413
-1.3051
-1.4202
-1.4667
-1.5362
-1.583
-1.5151
-1.3094
-1.2183
-1.1502
-0.98996
-0.82949
-0.66878
-0.53089
-0.5776
-0.57817
-0.62506
-0.67207
-0.69601
-0.81293
-0.95341
-1.1175
-1.1189
-1.0503
-0.79459
-0.49143
-0.25776
-0.023465
0.14099
0.21179
0.2121
0.35402
0.37818
0.44977
0.2845
0.047491
-0.19026
-0.45259
-0.66803
-1.0276
-1.4361
-1.6782
-1.7049
-1.6115
-1.3973
-1.0618
-0.94266
-0.75052
-0.50925
-0.36435
-0.26762
-0.14621
0.048816
0.31781
0.66112
1.0545
1.3509
1.476
1.5029
1.6779
1.6804
1.7572
1.7845
1.936
1.9884
2.0658
2.1184
2.0713
2.074
2.0016
1.8287
1.4547
1.1551
0.93012
0.88082
0.83137
0.88268
0.83307
0.65699
0.70819
0.81008
1.1402
1.4707
1.6495
1.6508
1.4995
1.5513
1.5014
1.4005
1.1974
1.0706
0.91813
0.76546
0.66368
0.56179
0.56199
0.45996
0.46009
0.2301
0.051146
-0.15347
-0.33257
-0.3582
-0.51177
-0.33268
-0.3071
-0.076778
0.15356
0.35829
0.40946
0.38385
0.38382
0.23027
0
-0.15348
-0.30691
-0.33243
-0.25567
0
0.12779
0.28108
0.33212
0.38313
0.2809
0.12766
-0.051051
-0.45936
-0.76543
-1.0204
-1.1221
-1.1219
-0.94323
-0.8156
-0.94285
-1.0701
-1.1718
-1.1716
-1.1714
-1.0694
-1.0947
-1.0946
-1.0944
-1.1961
-1.247
-1.3996
-1.3741
-1.4249
-1.5776
-1.7048
-1.7557
-1.654
-1.476
-1.0943
-0.76357
-0.61093
-0.78922
-1.0185
-1.2988
-1.4519
-1.5031
-1.5544
-1.6058
-1.7082
-1.5811
-1.5051
-1.48
-1.3784
-1.2001
-0.76627
-0.30661
0.20448
0.56254
0.86971
0.99799
0.89599
0.79391
0.89671
1.2815
1.5897
1.9752
2.2326
2.4132
2.3371
2.1839
1.9792
1.8256
1.5691
1.3638
1.1584
0.92702
0.72125
0.41228
0.15465
0
-0.051578
-0.10318
-0.28381
-0.28386
-0.33553
-0.41302
-0.64542
-0.67129
-0.77461
-0.69717
-0.54224
-0.59386
-0.80036
-1.0068
-1.0583
-0.98066
-0.72243
-0.4643
-0.43838
-0.36089
-0.4123
-0.38637
-0.43768
-0.51466
-0.56582
-0.79682
-0.87338
-0.92413
-0.82086
-0.64081
-0.51224
-0.56299
-0.66476
-0.86849
-0.99524
-0.86677
-0.76399
-0.48333
-0.25409
-0.050759
-0.025348
0
0.025284
0
0.12608
0.40289
0.6286
0.72811
0.72702
0.75094
0.77475
0.84838
0.99648
1.0197
0.94353
0.91714
0.96506
1.0869
1.2576
1.3292
1.4251
1.349
1.2731
1.1486
0.97574
0.8035
0.82632
0.84904
0.77482
0.82172
0.89255
1.0835
1.3218
1.5593
1.8676
2.0793
2.2663
2.286
2.1392
2.0167
1.9894
1.9858
1.8879
1.7668
1.458
1.1268
0.84367
0.74866
0.77077
0.81614
0.90793
0.88323
0.7658
0.55607
0.48582
0.30029
0.25371
0.16122
0.09199
-0.068894
-0.32106
-0.50383
-0.73185
-0.86793
-1.0265
-1.1391
-1.2742
-1.318
-1.3391
-1.2922
-1.2228
-1.1083
-1.0618
-1.2186
-1.3977
-1.5313
-1.7096
-1.6179
-1.4367
-1.1886
-0.98574
-0.69381
-0.42482
-0.15636
0.022315
0.24523
0.42318
0.62303
0.73359
0.79951
0.90968
0.84231
0.90792
0.90704
0.97245
1.1481
1.3234
1.5644
1.6289
1.7151
1.7572
1.6895
1.6438
1.423
1.1371
0.87364
0.80714
0.80613
0.93567
1.0431
1.1068
0.95359
0.64926
0.36738
-0.021579
-0.15082
-0.1721
-0.15034
-0.064326
0.085622
0.10684
-0.08532
-0.36194
-0.65877
-0.78475
-0.9737
-1.0351
-0.99077
-0.92555
-0.71363
