-0.8959
-0.9433
-1.0012
-1.0883
-1.0754
-1.007
-0.98087
-1.0566
-1.046
-1.1253
-0.99188
-1.0108
-0.88546
-0.85045
-1.0417
-1.0238
-1.0086
-1.089
-0.99276
-0.98319
-0.95976
-0.85142
-1.1575
-1.125
-1.1889
-1.0265
-1.216
-1.2239
-1.2323
0
1.0372
-0.56115
-0.7656
-0.99005
-0.79442
-0.8212
-0.96431
-0.96038
-1.0445
-1.0793
-1.0102
-1.0402
-0.96095
-0.9285
-0.93669
-1.04
-0.98029
-1.0051
-0.98488
-0.99291
-0.99709
-0.97022
-1.0554
-1.0288
-1.0132
-0.97562
-1.0179
-0.99251
-1.0727
-1.094
-1.1504
-1.107
-1.065
-1.1965
-1.4727
-1.0386
-0.26619
-0.16011
-0.47165
-0.84073
-0.94828
-0.91224
-0.98192
-0.86285
-1.0062
-0.96915
-0.99657
-1.0094
-1.0266
-0.98828
-0.97131
-1.0445
-1.0725
-0.99628
-1.0525
-1.0722
-0.94353
-0.95552
-0.90408
-1.021
-0.96785
-1.0779
-1.0203
-0.95622
-1.0472
-1.0326
-1.0454
-1.0563
-1.1897
-1.1545
-1.0485
-0.90212
-0.81234
-1.0282
-0.96521
-1.0252
-1.1092
-0.82848
-0.96642
-1.0651
-0.9398
-1.011
-1.011
-1.0843
-0.95949
-0.91765
-0.94443
-0.86738
-0.93041
-0.8953
-1.1136
-1.0792
-1.1321
-1.1342
-1.076
-1.1124
-1.0583
-1.531
-0.96101
-0.22223
-1.1773
-1.4142
-1.3358
-0.33372
1.332
0.80133
0.34823
-0.5842
-0.47877
-0.73739
-0.8333
-0.94796
-0.97077
-1.0151
-1.0202
-1.0318
-1.0725
-1.1092
-1.1767
-1.0902
-1.1234
-1.0677
-0.96469
-1.0295
-1.0807
-1.1334
-1.1832
-0.88946
-0.94154
-0.65204
-0.78689
-0.95872
-0.92379
-0.76584
-0.88022
-0.93293
-0.87954
-0.89494
-0.89402
-0.90692
-0.99855
-1.0364
-1.0911
-1.0833
-1.0619
-1.0906
-1.06
-1.0666
-1.123
-1.0505
-0.84287
-0.87046
-0.98169
-0.91659
-0.84925
-0.99054
-1.0297
-1.0353
-1.0854
-1.046
-1.1295
-1.0111
-1.0955
-1.0997
-0.99772
-1.0037
-1.0649
-0.98885
-0.97245
-1.0515
-1.0724
-1.0808
-1.1593
-1.13
-1.0361
-1.1106
-1.1262
-1.0172
-1.206
-0.92899
-0.93855
-1.001
-0.88988
-0.84635
-0.94529
-0.92401
-1.001
-1.1221
-1.0297
-1.0196
-1.0075
-1.0288
-1.0864
-1.2377
-1.0586
-1.0755
-0.7391
-0.70073
-0.75764
-0.9176
-0.97269
-0.96004
-1.0296
-0.95081
-1.0518
-1.0627
-1.0731
-1.1094
-1.2611
-1.2059
-0.88241
-1.2638
-0.61593
-0.66727
-1.1443
-1.2261
-1.2104
-0.63671
-0.46421
-0.52095
-0.78841
-0.92866
-0.99142
-1.0128
-1.0757
-1.1037
-1.0439
-1.0424
-1.1328
-1.1372
-1.0599
-1.001
-1.0764
-0.86113
-0.80847
-0.84455
-0.91809
-0.96276
-1.0373
-1.0772
-0.91632
-0.88976
-0.87893
-0.95536
-0.948
-1.0068
-0.99274
-1.023
-1.0287
-0.99534
-1.0363
-1.0537
-1.0796
-1.1061
-1.0461
-1.0435
-1.0613
-1.0011
-1.092
-1.0173
-0.92645
-0.82523
-0.94062
-0.98901
-1.012
-0.88973
-0.96313
-0.97954
-0.95722
-1.001
-1.0232
-0.94713
-0.98685
-1.036
-1.0894
-1.0762
-0.97062
-1.0055
-0.94212
-1.0192
-1.0955
-1.0976
-0.96797
-0.94339
-0.95121
-0.95435
-1.006
-1.0403
-1.0772
-0.9904
-0.94207
-0.96942
-1.0482
-1.0764
-1.0919
-1.156
-1.001
-1.2718
-1.2079
-0.95341
-0.87563
-0.66726
-0.73535
-0.70084
-0.69642
-0.99422
-0.93214
-0.8657
-0.97256
-1.023
-0.99386
-1.1418
-1.0291
-0.96159
-1.0055
-1.0011
-0.99648
-1.0832
-1.0677
-0.97385
-0.93422
-1.0466
-1.1912
-1.2628
-0.98047
-1.0007
-0.92413
-1.0011
-1.098
-0.77687
-0.93224
-0.94211
-1.0121
-1.1248
-1.1231
-1.0009
-0.95678
-0.89825
-0.97876
-0.91953
-1.1218
-0.90358
-0.99614
-1.0658
-0.89284
-0.9116
-0.97954
-1.0312
-1.0678
-1.0238
-1.1485
-1.1938
-1.291
-1.1879
-0.90605
-0.9877
-0.97925
-1.4965
-0.62376
-0.62611
-0.92211
-1.242
-1.4299
-1.3286
0
-0.3162
-0.72835
-0.96944
-0.93414
-0.94895
-1.0288
-1.0077
-0.93767
-0.91323
-0.96799
-1.0861
-0.98564
-0.93358
-1.0861
-1.0549
-0.96731
-1.0433
-1.0069
-0.80529
-0.99085
-0.88788
-0.97348
-0.9794
-1.036
-1.0507
-1.0863
-1.1595
-1.1707
-1.2995
-1.1443
-0.68385
1.0003
1.3343
-0.3535
-0.65172
-0.94225
-0.674
-0.81813
-0.84291
-0.87856
-1.0577
-1.0921
-1.0392
-1.009
-0.95489
-0.9885
-1.0178
-1.0475
-1.0096
-0.99206
-0.95669
-1.0276
-1.0323
-1.078
-1.1788
-1.059
-0.87676
-0.94043
-1.0084
-1.001
-1.0215
-1.0294
-1.109
-1.1186
-1.1502
-0.76462
-0.73839
-0.76551
-0.97152
-1.0268
-0.9962
-0.95495
-0.95737
-0.97222
-1.0547
-1.1671
-1.1351
-0.96378
-0.9938
-0.9862
-1.0473
-0.98564
-0.94743
-0.97865
-0.9732
-0.93001
-0.95904
-0.95236
-0.93627
-1.0009
-0.9541
-0.93006
-0.97161
-1.0329
-1.0288
-0.99383
-1.0528
-1.0604
-1.1133
-1.0884
-0.99486
-1.0341
-0.87755
-1.1074
-1.0601
-1.1636
-1.1145
-0.97637
-0.7537
-0.78421
-0.93858
-0.79592
-1.001
-0.98209
-1.0372
-0.97919
-1.0011
-1.2153
-1.0983
-1.043
-0.93626
-0.98352
-1.1023
-1.0201
-0.93275
-0.89352
-0.84461
-1.06
-1.1778
-1.0324
-0.98255
-1.0676
-0.83107
-1.0884
-1.068
-1.0215
-1.0444
-0.9445
-0.9081
-0.83901
-1.1545
-1.0368
-0.98332
-0.71382
-0.87259
-0.88986
-0.93717
-0.9896
-1.0153
-0.99406
-0.97724
-1.0463
-1.1313
-1.0952
-1.1533
-1.0901
-0.99492
-0.86956
-1.0274
-1.1664
-1.2858
-0.98637
-0.95977
-0.74622
-1.0735
-1.2101
-1.1046
-0.62959
-0.76805
-0.76748
-0.85847
-1.0156
-1.0584
-1.0696
-1.054
-0.97399
-1.0267
-1.0285
-1.1091
-1.0743
-0.99437
-0.92781
-0.93535
-1.0398
-1.0323
-1.0331
-1.0574
-1.0049
-1.0668
-1.0653
-1.2035
-0.98055
-0.96181
-0.8494
-0.92
-0.91858
-1.001
-1.0372
-1.0846
-0.9275
-0.95886
-0.87757
-0.8683
-1.0264
-1.0354
-1.042
-0.98346
-0.9624
-1.0115
-1.051
-1.1157
-1.0429
-0.96424
-0.91409
-0.96183
-1.0095
-1.0172
-1.0379
-1.057
-1.0238
-0.96804
-1.0012
-1.0455
-0.96164
-0.9715
-0.97752
-1.0292
-1.0783
-1.0635
-1.0705
-1.0009
-1.0081
-1.0457
-0.97918
-0.90316
-1.0972
-0.93036
-0.90399
-0.8232
-0.94009
-0.91796
-0.91662
-0.90128
-0.96755
-0.95934
-1.0233
-1.0361
-1.0279
-1.0515
-1.0854
-1.0485
-1.0832
-1.096
-1.0335
-1.1473
-1.2621
-1.3031
-0.77263
0.42534
1.0189
0.97338
1.0565
1.2134
1.2326
1.1589
0.62456
-0.57196
-0.58119
-0.82443
-0.87148
-0.82584
-0.96154
-0.97042
-1.056
-1.0048
-1.001
-1.0544
-1.0285
-0.9725
-0.96042
-1.0383
-1.0771
-1.0421
-1.1615
-1.1898
-1.1944
-1.2295
-1.2139
-0.37978
0.25813
-0.45304
-0.80124
-0.95727
-1.0068
-1.1187
-1.0396
-0.98693
-1.1396
-1.0011
-1.2346
-1.0652
-1.0006
-1.057
-0.69089
-0.93393
-1.251
-0.98639
-1.0186
-1.1774
-0.77018
-0.8426
-0.81206
-0.86109
-0.9009
-0.81646
-0.88033
-0.8898
-0.96471
-1.0009
-1.0694
-0.9683
-1.0593
-1.0631
-1.0905
-1.0852
-1.0797
-1.148
-1.0795
-0.97937
-0.93096
-0.92068
-0.98062
-1.0327
-1.0914
-0.7043
-0.98402
-0.97264
-1.0918
-1.1467
-1.0743
-1.2838
-1.0561
-1.3542
-0.61276
0.43699
0.88191
1.1795
0.98804
1.5308
0.97822
0.45785
-0.43046
-0.66444
-0.93076
-0.95435
-1.0277
-0.96421
-0.97695
-1.0075
-1.0405
-1.1475
-1.1257
-1.0938
-1.103
-1.0346
-0.95469
-0.84272
-1.0068
-0.97282
-1.04
-1.0408
-1.0597
-0.92932
-0.95889
-1.0743
-1.1297
-1.0225
-1.0166
-0.95141
-0.9001
-0.93543
-1.1318
-1.1226
-1.0353
-1.0301
-0.93972
-0.88134
-1.0706
-1.0287
-0.81407
-0.8829
-0.87906
-0.97997
-1.0259
-1.0597
-1.0106
-0.90469
-0.89392
-0.96117
-0.95474
-0.9488
-0.98261
-1.0186
-1.0514
-1.0671
-1.0918
-1.0902
-1.1265
-1.2098
-1.2675
-1.1161
-0.465
-0.71112
-0.8402
-1.0151
-1.1012
-1.064
-0.9119
-0.84787
-0.93718
-1.0299
-0.96556
-1.0554
-1.0458
-0.84114
-0.85568
-0.96842
-0.92787
-1.0117
-1.0786
-0.97426
-1.0858
-1.104
-1.2518
-0.98139
-0.89911
-0.67391
-0.9161
-1.0818
-1.1058
-1.2869
-1.1438
-0.93825
-0.65487
-1.0336
-0.78075
-1.0483
-1.0006
-0.86847
-0.9163
-1.0173
-1.1352
-1.0009
-0.93391
-0.93624
-0.9287
-0.8986
-0.97761
-0.99035
-0.94673
-1.0105
-1.0011
-0.91624
-0.89316
-0.93967
-0.95854
-0.98697
-1.0118
-1.053
-1.0723
-0.98586
-1.0676
-1.0435
-1.0009
-1.0843
-0.9967
-1.0704
-1.0765
-0.98336
-0.98249
-0.99456
-1.1212
-1.0299
-1.0829
-1.0368
-0.92375
-0.97289
-0.8631
-1.0091
-0.97146
-1.0008
-0.82013
-0.97865
-1.0264
-0.98659
-1.0251
-1.0155
-1.001
-0.95711
-0.98218
-0.94322
-0.97163
-0.98117
-1.0163
-1.0162
-0.99726
-1.0363
-1.001
-0.98083
-1.0173
-1.0511
-1.0056
-1.0665
-1.0453
-0.9395
-0.95033
-0.9815
-1.0591
-1.0411
-1.1034
-0.99158
-1.0757
-1.1619
-1.2322
-1.0364
-0.71928
-0.83253
-0.8849
-1.1123
-1.113
-1.1678
-1.1381
-0.93116
-1.146
-0.85918
-0.8983
-0.71487
-0.98386
-0.99501
-1.109
-1.0137
-1.1063
-0.9206
-0.87592
-1.0069
-0.9823
-1.0139
-1.056
-1.1042
-1.1222
-1.0183
-1.1399
-0.95392
-1.0746
-1.0308
-0.98977
-1.0121
-0.89501
-0.93323
-0.86014
-0.86542
-0.88709
-1.0474
-1.0925
-1.1098
-1.0008
-0.93724
-0.95081
-0.96046
-0.98447
-1.056
-1.0345
-1.0239
-0.94769
-0.99525
-0.99576
-1.0361
-1.0612
-1.0404
-1.1829
-1.002
-1.1571
-0.98775
-0.93112
-0.69878
-0.88088
-1.0683
-0.93335
-1.0078
-0.98649
-1.0424
-0.91406
-1.0408
-0.9694
-1.0067
-1.0327
-0.96221
-1.1677
-1.0016
-1.042
-1.0184
-0.86368
-0.96761
-0.96452
-0.83074
-0.91354
-0.96817
-1.0371
-1.0632
-1.0193
-1.0712
-1.0736
-1.0583
-1.0376
-1.0742
-1.0007
-1.0942
-1.2997
-1.189
-1.382
-0.70762
0
1.1451
0.5472
-0.75895
-0.59266
-1.0132
-0.80897
-0.94948
-0.86054
-0.85989
-0.98192
-0.94997
-0.97351
-0.9469
-1.0046
-1.0082
-1.0725
-1.0472
-1.0349
-0.99273
-1.0942
-1.2004
-1.0944
-1.0412
-0.83825
-1.0539
-1.2173
-1.1221
-1.0314
-0.70958
-0.80031
-0.91521
-0.82913
-0.9503
-0.93869
-0.96768
-0.94583
-1.0156
-1.0246
-1.0294
-1.0402
-0.99565
-1.0779
-0.97871
-1.007
-1.0315
-0.96502
-0.91844
-0.9953
-0.92577
-0.95846
-0.97989
-0.97605
-1.0444
-0.90999
-0.99357
-0.97677
-1.0421
-0.99761
-1.0218
-1.0191
-1.0386
-1.0443
-0.98479
-1.0055
-1.1071
-1.0452
-0.96914
-0.97886
-1.1138
-1.0834
-0.97262
-0.99302
-0.92206
-1.0085
-0.98794
-0.96274
-0.93456
-0.98981
-1.0067
-1.0666
-0.96285
-0.99762
-0.96105
-0.94045
-0.97905
-1.0583
-1.0111
-0.98713
-1.0304
-1.0164
-1.0472
-1.065
-1.1287
-1.169
-1.1181
-1.2424
-1.1405
-0.94925
-0.87074
-0.83073
-1.0864
-1.0748
-1.1166
-1.1101
-0.95015
-0.91736
-0.99998
-1.028
-1.0898
-1.1741
-1.1709
-1.0245
-0.74739
-0.95079
-0.79298
-0.88597
-0.95992
-1.001
-1.0185
-0.88738
-0.96552
-0.92537
-0.95192
-1.0818
-1.0995
-0.94601
-0.92776
-0.98869
-1.0012
-1.053
-1.0642
-1.0834
-0.96176
-1.0064
-1.1088
-1.0254
-1.0007
-0.88378
-1.0457
-0.99514
-1.0511
-0.93324
-0.91498
-0.87408
-1.02
-1.0678
-0.94109
-0.92642
-0.97773
-0.99743
-1.0226
-1.0567
-1.1023
-1.1144
-1.1212
-0.96104
-0.89275
-0.89556
-0.85972
-0.98105
-1.0287
-1.028
-1.019
-0.95583
-0.93617
-0.98041
-1.0328
-0.96268
-0.9856
-1.0625
-1.0692
-1.0548
-1.1324
-0.94987
-1.0865
-1.1797
-1.3355
-1.4847
-0.2965
-0.53195
0.50086
-0.84463
-0.89953
-1.2304
-0.88938
-0.64755
-1.1296
-0.85876
-0.88156
-1.0087
-0.97126
-0.96
-1.008
-1.0875
-0.90165
-1.1069
-1.1055
-1.0794
-1.1504
-1.027
-0.90236
-0.8699
-1.0965
-0.98756
-1.2925
-1.335
-1.0594
0.12129
1.0001
1.1686
0.94303
1.2393
1.412
0.57153
-0.3023
-0.63729
-0.85827
-0.85636
-1.0188
-0.99285
-0.99713
-1.0488
-1.0382
-1.0869
-1.0917
-0.9788
-0.98884
-1.114
-1.001
-0.9434
-0.91739
-1.0214
-1.0972
-1.0424
-0.84571
-1.0785
-0.95478
-1.0149
-1.1526
-0.99356
-0.87272
-0.83837
-0.9205
-0.97593
-1.085
-1.0976
-1.0461
-1.1434
-1.1637
-1.2218
-1.2827
-1.0002
-0.3631
-0.31627
-0.61665
-0.93071
-0.89988
-0.93723
-0.84284
-0.93789
-0.93249
-0.94302
-1.0136
-1.007
-1.0316
-1.0786
-1.1301
-1.1751
-1.0795
-1.034
-0.96666
-0.91319
-1.145
-1.1424
-1.1036
-1.0284
-0.96265
-1.0283
-0.99727
-1.0309
-1.1959
-1.0255
-0.9671
-0.86741
-0.95174
-0.90711
-1.0702
-1.0906
-0.99776
-1.2063
-1.483
-1.2505
-0.11111
1.3783
0.063624
-0.74013
-1.0084
-0.90245
-0.96547
-0.87643
-0.93594
-1.0221
-1.0076
-1.0009
-1.045
-1.0687
-1.04
-1.0842
-1.0975
-1.1437
-1.1579
-1.2698
-1.0791
-1.0383
-1.249
-0.1483
0.2557
-0.94869
-0.95337
-0.90979
-0.78113
-0.90539
-0.97967
-1.0667
-1.144
-1.1323
-1.122
-1.059
-1.0881
-1.0012
-0.79029
-0.96467
-0.81629
-0.8512
-0.9469
-1.1082
-1.0851
-1.1105
-0.9849
-0.80694
-0.86809
-1.0327
-1.1123
-1.121
-1.0888
-1.1848
-1.0827
-1.2015
-1.1119
-0.57173
-0.51111
-0.75788
-0.89887
-1.0088
-0.76995
-0.95645
-0.9725
-0.95015
-0.92042
-0.96935
-1.0144
-1.0678
-1.032
-0.99376
-0.96496
-0.92189
-0.96251
-0.97429
-0.98975
-1.0037
-1.02
-1.0315
-1.0568
-1.0677
-1.036
-1.0358
-1.0393
-1.0566
-0.98142
-1.001
-1.0548
-0.98454
-0.93707
-0.91
-1.0296
-0.98323
-0.98768
-0.99253
-0.91296
-1.0529
-1.1113
-1.0773
-1.0747
-1.144
-1.1394
-0.95149
-0.88966
-0.92726
-0.92399
-0.99254
-0.95961
-1.1776
-1.001
-1.1032
-1.0742
-1.2366
-0.85802
-1.1313
-0.9101
-1.0243
-0.83425
-0.85785
-0.80083
-0.80084
-1.0652
-1.1046
-1.0851
-1.0624
-0.8998
-1.0463
-0.75557
-0.80076
-1.035
-1.0446
-1.0991
-1.1741
-1.1122
-1.0242
-0.89572
-0.94534
-0.96491
-0.69974
-0.84919
-0.82768
-0.87983
-0.98214
-0.96416
-0.96144
-0.9468
-1.045
-1.034
-1.074
-1.086
-1.1056
-1.0144
-1.144
-0.96482
-1.0168
-0.93301
-1.0694
-1.0047
-0.9422
-1.0608
-1.0389
-1.0625
-1.1088
-1.0618
-0.81353
-0.93508
-1.016
-1.2046
-1.1786
-1.1064
-1.1733
-1.0169
-1.0907
-0.95916
-0.98768
-1.0419
-0.94685
-0.92533
-0.83818
-0.91559
-1.0385
-1.1437
-1.0436
-1.0009
-1.1223
-0.87601
-1.0429
-1.1046
-1.0577
-1.0881
-1.0511
-1.0008
-0.82135
-0.75634
-1.0199
-0.99279
-1.001
-0.97059
-0.99367
-0.9325
-0.9377
-0.95443
-0.98488
-0.94675
-0.97748
-1.0235
-0.96655
-0.98817
-1.0093
-1.0136
-1.1211
-1.0404
-1.1473
-1.0411
-0.85184
-0.8541
-0.91527
-0.97567
-1.0587
-1.0345
-1.0059
-1.001
-1.0548
-1.0942
-1.0944
-1.1487
-1.15
-1.0142
-0.723
-0.791
-0.9515
-0.88971
-0.87494
-0.93808
-1.0062
-0.9776
-0.93892
-0.97206
-0.9548
-1.0348
-1.0459
-0.98976
-0.91724
-0.93877
-0.99151
-0.99798
-1.115
-1.0411
-1.0119
-1.0368
-1.0438
-1.0528
-1.1194
-1.0744
-0.96537
-0.99358
-0.7846
-1.0073
-1.0298
-1.0415
-1.0853
-0.95682
-0.97528
-0.96923
-1.0921
-1.0696
-1.0009
-0.85789
-0.96737
-0.93525
-1.001
-1.0223
-0.8832
-0.91158
-0.95335
-0.97593
-0.99081
-1.0376
-1.0351
-1.0735
-1.0323
-1.0223
-1.0333
-1.0559
-1.0619
-1.0942
-1.0009
-1.0009
-1.043
-1.1757
-0.93994
-1.0706
-0.9308
-0.80078
-0.78734
-1.2245
-1.2046
-0.86551
-0.98093
-0.91016
-0.96675
-1.0012
-0.87401
-0.90864
-0.88504
-1.0454
-1.1331
-1.0538
-1.0362
-0.95071
-0.9391
-0.96495
-1.1587
-1.1762
-0.96956
-0.73332
-0.7757
-0.88338
-1.0139
-1.1113
-1.0997
-0.9823
-0.92843
-0.98663
-1.0589
-1.0718
-1.1209
-1.1722
-1.1975
-0.96141
-1.3928
-1.0297
-0.40016
-0.73739
-0.78681
-0.97258
-1.051
-0.96775
-0.91809
-0.98877
-0.99479
-1.0084
-1.0312
-0.93154
-1.0314
-0.85838
-0.88253
-0.95784
-1.0589
-1.049
-1.1175
-1.119
-1.0867
-1.1626
-1.1705
-1.2092
-1.1541
-0.95915
-0.85331
-0.96241
-0.91666
-1.0557
-1.4081
-1.0774
-0.92329
-0.57199
-0.80106
-0.93749
-0.9051
-0.915
-0.87577
-1.0816
-1.0122
-1.0233
-0.95119
-1.0064
-1.0513
-1.0364
-1.1253
-1.0371
-0.93839
-0.90995
-0.87745
-0.93663
-0.92731
-1.1123
-1.0366
-1.0114
-0.86948
-0.89808
-1.0054
-1.0334
-1.0502
-1.0526
-0.99194
-0.97752
-1.0248
-0.98221
-1.0057
-1.0104
-1.0453
-1.0527
-1.0525
-1.0809
-0.84036
-0.89734
-0.89637
-0.97912
-0.96931
-1.0279
-1.0198
-0.93616
-0.9093
-0.9883
-1.0441
-1.1037
-1.0857
-1.0208
-0.97106
-0.89541
-1.0177
-1.1105
-1.0921
-1.0802
-0.99508
-0.82433
-1.001
-1.0335
-1.0722
-1.0474
-0.99479
-0.88703
-0.92408
-0.94105
-1.043
-1.001
-1.0713
-1.0205
-1.0326
-1.0408
-1.0899
-1.1153
-0.93821
-0.92628
-1.0259
-1.0682
-1.0538
-0.9318
-0.75243
-0.84019
-0.94583
-1.0287
-1.1234
-0.98698
-0.95767
-0.92676
-0.99223
-1.0539
-1.1021
-1.0206
-0.93001
-0.8646
-0.88983
-0.98641
-1.0495
-1.0574
-1.0918
-1.0133
-1.0576
-1.1137
-1.0697
-1.0296
-0.93805
-1.0087
-1.0984
-1.38
-1.359
-1.1436
0
0
-0.55302
-0.86151
-0.92393
-0.89789
-0.99512
-0.86488
-0.9494
-1.0776
-1.0169
-1.0421
-1.0008
-1.0328
-1.0654
-1.2248
-1.1522
-0.89782
-1.1227
-1.1284
-1.0184
-1.0408
-0.81568
-0.73384
-0.97539
-0.79252
-1.075
-0.98419
-1.0701
-1.0555
-0.98268
-0.80074
-1.0174
-1.0638
-1.0893
-1.0184
-1.0377
-0.78711
-0.86253
-1.0353
-1.0523
-0.99465
-0.93976
-1.0912
-0.99431
-1.1594
-0.99143
-0.99364
-0.85874
-0.98891
-1.1024
-1.0211
-1.0769
-0.99739
-0.98461
-1.0641
-1.1769
-1.2315
-1.0233
-0.91813
-0.91829
-0.93621
-0.94063
-1.0042
-1.0669
-1.0441
-1.06
-1.0334
-1.0512
-0.99908
-1.141
-1.0126
-0.95072
-0.9759
-0.99466
-1.1826
-1.0619
-1.1281
-0.85511
-0.88953
-1.0579
-1.0602
-1.3347
-1.0009
-0.86709
-0.76252
-0.84079
-0.86709
-1.1385
-0.9188
-0.91412
-1.0085
-1.0153
-0.97395
-0.88973
-0.90474
-1.0319
-0.97714
-0.98253
-1.0055
-1.0099
-0.93195
-1.0222
-1.0393
-1.0538
-1.0346
-1.1348
-0.97209
-0.93911
-0.98253
-0.97785
-0.97833
-1.0754
-1.0741
-1.087
-0.91531
-1.0892
-1.1106
-0.90516
-0.86011
-0.87035
-0.99482
-1.0437
-1.1122
-0.96898
-0.94196
-1.0076
-1.117
-1.084
-1.1541
-1.0113
-0.86447
-0.92041
-1.0114
-0.81511
-0.98494
-0.93877
-0.945
-0.97207
-1.012
-0.97454
-1.058
-0.89638
-1.0009
-1.0057
-0.98295
-1.0239
-1.0332
-0.97783
-0.98209
-1.1441
-1.2304
-1.1665
-0.93692
-0.90728
-1.001
-0.92441
-0.93941
-1.1652
-0.96643
-0.6963
-1.0396
-0.88303
-0.89272
-0.87226
-0.89386
-0.94123
-0.98677
-1.001
-0.97872
-0.98537
-1.0644
-1.0921
-1.1217
-1.1173
-1.001
-1.0997
-1.1294
-1.0842
-0.91658
-1.0296
-1.313
-0.92952
-0.6785
-0.69394
-0.8772
-0.84763
-0.97062
-0.94833
-0.99603
-0.96526
-0.9063
-0.98183
-1.0046
-0.99066
-0.98745
-1.035
-1.0356
-0.99745
-1.0083
-0.97552
-0.96894
-0.97027
-0.97818
-0.98847
-0.99494
-1.0223
-1.0537
-1.0273
-1.0829
-1.0127
-1.0654
-0.99189
-1.041
-1.0483
-1.0242
-1.1932
-1.0486
-1.1384
-0.87463
-1.1062
-0.88977
-0.79189
-0.88977
-1.0011
-1.0406
-0.9794
-1.0198
-0.97748
-0.87559
-1.109
-1.0227
-1.0497
-1.1694
-1.2433
-1.1691
-1.2026
-1.2602
-0.66926
-0.28198
-0.73651
-0.85045
-0.95238
-1.0619
-1.0278
-1.0494
-1.0579
-1.1628
-1.2443
-1.116
-1.0058
-0.76649
-0.82127
-0.67999
-1.0471
-1.0576
-0.76972
-0.93263
-0.9552
-1.0286
-1.0554
-1.0653
-0.9755
-0.97053
-0.98022
-0.97647
-1.0374
-0.95761
-0.97372
-1.0398
-1.0938
-1.0358
-1.0149
-0.93534
-0.87188
-1.0093
-1.0012
-1.0124
-1.02
-1.0321
-1.0088
-0.98872
-1.0762
-1.164
-1.0877
-0.98019
-0.93996
-1.0089
-0.97121
-1.0781
-0.94886
-0.83842
-0.88692
-0.99606
-0.96812
-1.0566
-1.01
-0.96868
-0.9307
-0.97197
-1.068
-1.1092
-0.97817
-0.95668
-1.0977
-1.0451
-1.1584
-1.0077
-0.83513
-0.86567
-1.0073
-0.99571
-1.0617
-1.0644
-1.051
-1.0082
-1.0781
-1.1291
-0.95315
-1.0917
-1.2621
-1.1054
-0.9092
-0.76628
-0.58139
-0.93948
-0.98169
-0.97474
-0.95297
-0.90221
-0.88456
-0.98433
-1.0581
-0.97547
-1.0371
-1.0116
-1.0229
-0.99008
-0.94713
-0.94923
-0.99129
-1.0011
-1.0884
-1.0516
-0.97393
-1.0597
-1.083
-1.0433
-1.1067
-1.0882
-1.0564
-0.87285
-1.2947
-0.83427
-0.7473
-1.0013
-1.1251
-1.1306
-1.1016
-1.2601
-0.92478
-1.5028
-1.0019
-0.88643
0.28634
-0.44513
-1.2438
-0.55873
-0.82755
-0.80054
-0.98073
-0.99276
-1.0011
-0.92619
-0.80563
-0.89918
-0.9185
-1.0907
-1.0701
-1.0935
-0.936
-0.99559
-0.93662
-1.0062
-1.0691
-0.97164
-0.98101
-0.98179
-1.0157
-1.0706
-1.0579
-0.93682
-0.94183
-1.0064
-1.0323
-1.1076
-0.94585
-0.97782
-0.97337
-1.0123
-1.0923
-1.108
-1.1183
-0.98393
-1.0111
-1.1702
-0.88513
-0.90519
-0.90914
-0.7929
-0.92613
-1.128
-0.95309
-0.96262
-0.90082
-1.0187
-1.0676
-1.1094
-1.1572
-1.1235
-1.0241
-0.97612
-1.0248
-0.9663
-1.0927
-1.1997
-1.1197
-1.1479
-1.1576
-1.1039
-0.85013
-1.0745
-0.89891
-0.77698
-0.95811
-0.97573
-0.96301
-1.0009
-0.95119
-0.92402
-0.96786
-0.99222
-1.0226
-1.0354
-0.9922
-1.0817
-1.0773
-0.97921
-0.96638
-1.0612
-1.0696
-0.98777
-1.058
-0.93046
-0.88083
-0.94646
-1.0123
-1.0389
-1.0064
-1.0405
-1.0127
-1.0193
-0.9761
-1.0943
-1.0868
-1.0588
-1.1848
-1.1747
-1.0726
-0.80063
-0.88968
-0.81578
-0.90993
-0.88979
-0.97872
-1.1194
-1.0447
-0.98898
-1.0009
-0.89512
-1.1096
-1.0876
-0.93927
-0.81992
-1.0008
-0.89004
-0.99216
-1.1693
-1.0381
-0.94203
-0.89404
-0.94844
-0.91431
-0.99395
-0.98716
-1.1017
-0.87849
-0.96289
-0.96094
-0.90346
-0.96776
-1.0556
-1.0605
-0.99633
-0.97173
-1.001
-0.96325
-1.0291
-1.0395
-1.1145
-1.0237
-1.0455
-0.9873
-0.9667
-0.90173
-1.0008
-0.95529
-0.93211
-1.0539
-1.2198
-1.1255
-0.86209
-0.92851
-0.83435
-0.90059
-0.95542
-0.9782
-0.95158
-0.94383
-1.0156
-1.0441
-1.049
-1.0242
-1.0175
-1.092
-1.1112
-1.1587
-1.009
-1.0778
-0.95517
-1.2783
-1.0341
-1.1727
-1.695
-0.49961
-0.21054
-0.22274
-1.0014
-0.92778
-0.84903
-1.0572
-1.0987
-0.91347
-0.98337
-0.96756
-0.99299
-1.0249
-1.0405
-0.90012
-0.96446
-0.91983
-1.0325
-0.9707
-1.0548
-0.90488
-0.89673
-0.91841
-0.95643
-0.96441
-0.97067
-1.001
-1.0524
-0.99778
-1.011
-1.0182
-1.0696
-1.0318
-1.0387
-1.0469
-1.0455
-0.97452
-1.0512
-0.95128
-0.93581
-1.0223
-1.0162
-0.90907
-0.955
-1.0011
-1.0306
-1.0393
-0.99954
-1.0518
-1.0949
-0.9992
-1.0419
-0.99611
-1.0057
-1.0897
-1.0534
-1.15
-1.0784
-1.1342
-0.91607
-0.97219
-1.0173
-1.1036
-1.1924
-0.94889
-0.96664
-0.96683
-0.9712
-1.136
-1.1626
-1.0969
-1.0059
-0.95553
-0.89659
-0.88886
-0.96675
-0.95268
-0.97337
-1.0505
-1.0729
-0.92413
-0.9415
-0.93586
-1.0103
-1.0244
-1.0976
-1.1018
-1.0364
-0.97406
-0.91992
-0.99548
-0.98859
-1.0068
-0.89673
-1.045
-1.0129
-1.1508
-1.0531
-0.90194
-0.99985
-0.86195
-0.86774
-0.98145
-1.0192
-1.0138
-1.036
-1.0053
-1.0728
-0.97179
-1.0114
-0.98566
-0.95117
-0.92653
-0.96235
-1.0136
-1.0498
-1.0173
-0.97979
-0.94008
-0.96607
-1.0315
-1.0547
-1.0536
-1.0628
-1.0351
-1.0275
-0.99561
-1.0075
-1.1397
-1.0951
-0.91115
-1.0526
-0.89396
-0.85452
-0.89264
-0.97889
-0.90632
-0.95787
-0.98961
-0.99774
-0.98333
-0.95926
-0.96542
-0.96412
-1.0977
-1.0795
-1.0405
-1.0533
-1.0233
-1.0204
-0.96097
-0.99134
-0.93446
-0.98738
-0.92644
-0.9847
-1.0051
-1.0354
-1.1651
-1.1035
-0.98384
-0.9758
-1.1132
-1.1013
-0.94386
-0.83189
-0.90195
-0.90633
-0.98525
-1.0728
-1.0637
-1.018
-1.1009
-0.98783
-0.95195
-1.0226
-1.1485
-1.0442
-1.0201
-1.0638
-0.82554
-0.86926
-1.0013
-1.0894
-0.93076
-0.96297
-0.95753
-1.0791
-0.97379
-1.0151
-1.0761
-1.0329
-1.0606
-0.89348
-1.0557
-0.95845
-1.0946
-1.0664
-0.81561
-0.98195
-1.2106
-1.063
-0.99935
-0.81849
-0.96805
-1.0742
-0.99209
-0.98935
-1.0617
-0.87303
-1.0511
-1.0398
-0.89788
-0.97394
-1.0186
-1.0434
-0.85797
-0.94147
-0.9545
-1.0019
-1.0318
-1.1618
-0.9471
-0.97816
-1.0866
-1.026
-0.98392
-1.0006
-0.94933
-0.92444
-0.87057
-1.0673
-1.0138
-1.0309
-0.9814
-1.0856
-1.0913
-1.0415
-1.023
-1.0253
-1.125
-1.0499
-0.88218
-0.79706
-0.95727
-0.98057
-1.0455
-1.078
-1.0884
-1.089
-1.0328
-1.0241
-1.048
-1.0764
-1.0975
-1.1194
-1.1593
-1.0426
-1.0333
-1.1211
-1.172
-0.94223
-1.0008
-0.91886
-0.62402
-0.8494
-1.018
-1.1004
-0.92626
-1.0159
-0.91126
-0.87364
-0.84939
-0.92795
-0.98236
-0.97354
-1.0587
-1.0743
-1.0751
-1.1161
-0.94669
-0.97442
-0.99027
-1.1212
-1.1193
-1.0082
-1.0415
-1.0008
-1.2902
-1.2516
-1.5576
-0.21072
0.39989
-0.60088
-0.77036
-1.4684
-0.93409
-0.87562
-0.48822
-0.8009
-0.61613
-0.89295
-0.98421
-0.95613
-1.0677
-0.97349
-0.99633
-1.0729
-1.0365
-1.0113
-0.82494
-1.0505
-1.0833
-1.0569
-1.0771
-1.2124
-1.0266
-0.94936
-0.97773
-1.1808
-1.087
-1.0723
-1.0009
-0.65519
-0.95343
-0.97411
-1.0779
-0.92039
-0.79239
-0.97397
-0.93852
-0.98004
-0.91807
-0.95545
-0.88089
-0.99182
-1.018
-0.98058
-1.001
-1.0296
-1.0467
-0.99663
-1.0903
-1.011
-1.0172
-0.99561
-0.88259
-1.0691
-0.9285
-0.9454
-1.001
-0.98059
-0.93477
-1.0352
-1.0667
-1.1151
-1.1212
-1.2117
-1.1045
-0.87877
-1.3571
-1.0923
-1.2432
0.70649
1.6665
0
-0.34825
-1.1679
-0.84081
-0.8674
-0.8836
-0.96571
-0.94948
-0.98176
-1.0333
-1.0101
-1.0148
-0.95074
-1.0102
-1.0328
-1.0151
-1.0955
-0.96014
-0.95841
-1.0492
-1.0064
-0.98493
-0.96347
-1.0113
-0.92707
-1.0154
-1.0104
-1.0387
-1.0256
-1.1345
-1.2093
-1.0768
-0.93424
-1.121
-0.82137
-0.8103
-0.94215
-0.8719
-0.97235
-0.95798
-0.86571
-0.96251
-0.97072
-1.0133
-0.9777
-0.94557
-0.97969
-1.032
-1.0213
-1.0423
-1.0503
-1.1041
-1.0449
-1.0813
-1.0514
-1.0054
-0.9983
-0.98896
-1.0349
-1.1071
-1.0492
-1.1061
-1.1421
-1.1719
-1.249
-1.1255
-1.2087
-0.88288
-1.2697
0.46301
1.2572
1.2718
0.6593
1.1529
1.6648
0.63871
0
-0.6762
-0.85351
-0.96898
-0.97384
-0.93747
-0.95672
-0.91798
-0.9405
-1.0043
-1.0835
-1.0421
-1.0576
-1.0547
-0.9965
-1.0345
-0.94677
-1.0731
-1.0327
-1.0122
-1.0126
-0.91522
-0.96352
-0.89839
-1.0054
-0.98412
-1.092
-1.0547
-0.98171
-1.0471
-1.0454
-1.1583
-1.0923
-1.2515
-1.2133
-0.83388
-0.55848
-0.98052
-0.88388
-0.72816
-0.88552
-0.854
-0.86099
-0.97357
-1.0179
-1.0129
-0.9262
-0.91106
-0.94794
-1.004
-1.0922
-1.1222
-1.0735
-1.0137
-1.1065
-1.0539
-1.1283
-1.0796
-1.1073
-0.87842
-0.97506
-1.1027
-1.6327
-1.0025
-1.0651
0.26663
-0.16691
-0.70771
-0.62714
-0.88229
-0.74634
-0.98244
-1.0215
-1.0399
-1.0128
-1.0903
-1.1112
-1.1085
-0.99447
-0.88367
-0.90155
-0.97146
-0.95224
-1.0009
-0.93996
-1.0285
-1.0055
-0.92922
-0.93742
-0.96797
-0.97065
-0.95098
-0.99799
-1.0606
-1.0505
-1.0758
-1.1018
-1.0547
-1.0273
-1.0921
-1.0492
-0.97136
-0.86019
-1.1261
-1.1761
-0.88993
-1.0492
-1.0918
-0.9797
-0.9684
-1.0875
-1.2165
-0.67589
-1.0531
-0.96503
-1.1373
-1.0824
-1.1086
-0.8531
-0.93394
-1.0011
-1.0163
-1.0015
-1.0632
-0.9859
-0.59143
-0.75958
-1.0013
-1.092
-0.90692
-0.92531
-1.0515
-0.99626
-1.123
-1.0772
-1.0892
-0.93519
-0.91416
-1.1177
-0.95359
-1.1634
-0.91307
-0.965
-0.89354
-0.96362
-0.98693
-1.0273
-0.8843
-0.99489
-1.0011
-0.93367
-1.0261
-0.98649
-0.98206
-0.9646
-0.98632
-1.0099
-1.0118
-1.1026
-1.2393
-1.0843
-1.1655
-1.1198
-1.1376
-0.66803
-0.83634
-0.95366
-0.81554
-1.0274
-1.0871
-1.1106
-1.1707
-1.1231
-1.1126
-0.97381
-0.92447
-1.1626
-0.87608
-0.89074
-0.98712
-0.91255
-0.9046
-0.96066
-0.96654
-0.98907
-0.96335
-1.0009
-1.0189
-1.0599
-1.0481
-1.0887
-1.0588
-0.92231
-1.0282
-0.97932
-1.0398
-1.0357
-1.1291
-1.0565
-0.86002
-0.98605
-0.96692
-0.96205
-0.95314
-0.91369
-0.96644
-0.9519
-0.9969
-0.96973
-0.91709
-0.97712
-1.0308
-1.1285
-1.1021
-1.1438
-1.0352
-0.87827
-0.95333
-1.0734
-0.93184
-0.93634
-0.82077
-0.89922
-0.96804
-1.0144
-1.0074
-1.0434
-1.0281
-1.022
-0.96136
-1.0045
-0.99754
-1.1287
-1.1367
-1.1132
-1.1226
-1.2661
-1.0483
-1.1608
-1.0449
-0.99724
-0.27622
-0.31434
-0.92854
-0.9553
-1.0564
-0.86149
-0.81951
-0.89664
-1.0495
-1.0137
-1.1011
-1.0863
-1.0444
-1.0855
-1.2151
-1.2056
-0.83319
-0.73268
-0.80101
-1.139
-0.91564
-1.047
-0.87446
-0.89994
-0.99465
-1.0146
-1.1137
-0.9386
-1.139
-1.0863
-1.1505
-1.1747
-0.80051
-0.76507
-0.76519
-0.91845
-1.0889
-1.0322
-1.2009
-1.2603
-0.95668
-0.94115
-0.75933
-0.63231
-0.86896
-0.8287
-0.94317
-0.99114
-0.90924
-1.0518
-1.0724
-1.0187
-1.0435
-1.0208
-0.97507
-1.0284
-1.1049
-1.0456
-1.0349
-0.8341
-1.0709
-0.96349
-0.92416
-1.2278
-1.008
-0.99282
-0.94388
-1.068
-1.01
-1.0274
-0.95795
-0.80677
-0.90163
-0.94909
-1.0538
-0.96104
-1.0259
-1.0209
-0.99587
-1.0011
-0.99082
-1.0267
-0.94083
-0.94867
-0.95155
-1.062
-1.0274
-1.0374
-0.96892
-0.88778
-0.93632
-1.0198
-1.0648
-1.1348
-1.1007
-1.1576
-1.121
-1.1651
-1.1951
-0.96944
-1.0697
-1.0761
-0.33786
-0.53342
-0.76262
-1.1808
-1.4739
-0.9227
-0.80963
-0.58351
-0.78596
-0.89039
-0.96811
-0.89208
-0.9469
-1.0449
-0.98342
-1.0468
-1.0351
-1.0477
-1.0889
-1.0409
-1.0712
-0.94105
-1.0675
-1.0725
-1.1498
-1.1403
-1.098
-0.9799
-1.2406
-0.95331
-0.8466
-1.2777
-1.0494
-1.4307
-1.4123
-0.25003
0
-0.8793
-1.1946
-0.98433
-0.95585
-0.68481
-1.0349
-0.92428
-1.0751
-0.95001
-0.83792
-0.90158
-0.90492
-0.98142
-0.92672
-1.0092
-1.0246
-0.95913
-0.95335
-0.98004
-1.0284
-1.0421
-1.0153
-1.0738
-1.0255
-1.0011
-1.0779
-1.0677
-0.97267
-1.1151
-1.0792
-1.0571
-0.85327
-0.86892
-0.9042
-0.93121
-1.1255
-0.91466
-0.94201
-0.91318
-0.93008
-1.001
-1.0324
-1.036
-1.0082
-1.0047
-0.99723
-1.0438
-1.0375
-1.04
-1.0333
-0.97702
-0.93119
-0.93364
-1.0519
-0.95648
-1.0381
-1.0554
-1.001
-0.96584
-0.98345
-1.0362
-1.0556
-1.0638
-0.98553
-1.0064
-1.0349
-1.0311
-1.1107
-0.91583
-0.84549
-0.92753
-1.0749
-1.0581
-1.0009
-0.937
-0.94453
-0.99141
-1.0395
-1.0339
-0.86569
-0.9541
-0.97778
-0.99373
-1.0081
-1.0332
-1.0647
-1.058
-1.0594
-0.97704
-0.95143
-1.0472
-1.1316
-1.0943
-1.1056
-1.001
-0.9813
-0.80083
-0.8381
-0.94211
-0.98422
-0.93968
-1.0402
-1.0454
-1.0678
-1.0123
-1.119
-0.91813
-0.89831
-0.97144
-0.94722
-0.96645
-0.95502
-1.0097
-1.0053
-1.0713
-1.0374
-0.99122
-1.058
-1.0632
-1.1367
-1.0617
-1.0275
-0.95134
-1.0319
-0.96948
-1.164
-1.1592
-1.0168
-0.91304
-0.81435
-0.97081
-1.0152
-1.1121
-0.90755
-0.88382
-0.87599
-0.74028
-0.95463
-0.88485
-1.0771
-1.0107
-1.0388
-1.0095
-1.0309
-1.0043
-0.97145
-1.1298
-1.0984
-1.1074
-1.0167
-1.0613
-0.94903
-0.89091
-1.1745
-1.1946
-1.0032
-1.0215
-0.91569
-1.0505
-1.1084
-1.0393
-1.1358
-1.1478
-0.98716
-1.0073
-1.0746
-1.1996
-1.336
-1.067
-0.48813
-0.45951
-0.72421
-0.97073
-0.96298
-1.0789
-1.0188
-0.96567
-0.89979
-0.96941
-1.0314
-1.0995
-1.0618
-1.0133
-1.0207
-0.92614
-1.0997
-0.98689
-0.94538
-0.9324
-1.0729
-0.89253
-0.97714
-1.0573
-0.93065
-0.96011
-0.88568
-0.96765
-0.98562
-1.0419
-1.0274
-1.073
-1.0537
-1.1411
-1.1732
-1.0417
-0.99062
-0.97771
-0.92051
-0.87591
-0.90996
-0.92399
-0.9261
-1.0197
-0.96649
-0.91759
-0.88349
-0.98843
-0.97773
-1.0657
-1.0529
-1.1491
-1.0366
-1.001
-1.0607
-0.99392
-1.0236
-1.0089
-1.0502
-0.95965
-0.92893
-0.89945
-0.9181
-0.93427
-0.97069
-1.0703
-1.0199
-0.82966
-0.9636
-0.92516
-0.98083
-1.066
-1.0405
-1.0288
-1.0195
-1.0048
-0.90268
-0.89274
-1.0231
-1.0921
-1.1266
-1.0978
-1.1241
-0.97652
-1.1888
-1.1853
-1.3562
-0.83388
0.15396
0.91
1.2362
1.335
1.3611
0.61576
-0.27296
-0.71325
-0.75952
-0.84931
-0.87281
-0.99692
-0.98297
-1.0149
-1.0113
-1.0079
-1.0552
-1.0698
-1.0438
-1.0955
-0.90547
-0.99579
-0.93296
-0.92948
-0.95176
-1.0243
-1.0236
-1.0203
-1.0698
-0.96029
-0.91145
-1.0127
-1.0446
-1.2186
-1.0958
-1.2185
-1.0623
-1.0298
-0.8899
-1.1925
-0.85171
-0.91746
-1.0225
-1.4653
-0.94849
-0.52662
-0.61064
-0.65288
-1.1123
-1.4633
-1.3172
-0.89844
-0.16678
-0.62048
-0.92431
-1.0891
-1.0456
-0.97047
-1.0404
-1.086
-1.1124
-0.87704
-0.80772
-0.87294
-0.96996
-0.93436
-1.0979
-0.99347
-0.92229
-0.97159
-1.0452
-1.2435
-1.1515
-1.1979
-1.0335
-0.95581
-0.67586
-0.88798
-1.1056
-1.0233
-1.0673
-1.1583
-0.97512
-0.95043
-1.0569
-1.0209
-0.99999
-1.0619
-1.2221
-1.1843
-1.2877
-1.1878
-0.79471
-0.49756
-0.82007
-1.1575
-1.369
-1.2938
-0.88811
-0.7483
-0.13821
-0.74621
-1.4189
-1.4186
-0.61513
-0.8198
-0.51712
-0.74881
-0.98437
-1.1218
-1.0225
-0.94716
-1.0555
-0.94088
-1.0012
-1.0158
-1.0231
-0.98582
-0.96341
-1.0621
-1.0325
-0.99332
-0.84251
-0.94191
-0.83248
-1.0959
-1.0829
-1.0062
-0.90612
-0.98
-1.0516
-1.0593
-1.2736
-1.3125
-0.98737
-1.4988
-0.33339
-0.17407
1.2451
1.5197
1.1034
-0.11757
-0.66748
-0.75446
-0.97528
-0.92811
-0.98794
-0.89742
-1.039
-0.96609
-0.97648
-0.99149
-0.98724
-1.047
-1.0488
-1.0568
-0.9901
-1.0067
-1.1082
-1.1647
-1.0443
-1.1187
-0.87896
-1.072
-1.248
-1.2009
-0.69573
-0.62773
-0.89701
-0.94278
-0.93307
-0.8599
-0.91711
-0.87458
-0.95082
-1.0479
-0.99228
-0.90059
-1.0087
-1.0167
-1.0998
-1.1864
-0.9956
-0.91063
-0.95325
-0.92432
-0.97581
-0.97299
-0.97424
-1.0136
-1.0137
-1.0273
-1.0839
-1.0108
-0.9608
-0.93591
-1.0105
-1.006
-1.1827
-1.1176
-0.9339
-0.86539
-0.85975
-1.0068
-1.0376
-1.1132
-0.98985
-0.8995
-0.94834
-0.91112
-1.0011
-0.99294
-0.98496
-1.0402
-0.9931
-1.0173
-1.0657
-1.144
-1.0221
-0.94741
-1.0266
-1.1173
-1.0952
-1.1817
-0.90391
-0.82829
-1.0585
-1.1004
-0.94491
-1.0611
-1.0509
-0.9392
-0.81898
-0.9029
-0.9422
-0.97892
-0.97308
-1.0073
-0.86128
-0.89895
-0.93798
-1.0296
-0.94478
-0.9614
-1.0182
-1.0078
-1.0215
-1.0619
-1.0821
-1.0444
-1.1042
-1.0323
-1.0809
-1.0616
-0.90396
-1.0326
-0.97825
-1.0555
-1.0244
-0.90678
-0.98331
-0.97436
-1.0357
-1.0138
-1.0529
-1.1757
-1.1317
-1.0604
-0.93956
-1.0294
-0.99457
-1.1064
-1.0696
-1.0955
-0.99423
-0.96731
-0.96963
-0.96675
-0.98761
-0.97919
-0.91181
-0.95337
-1.1381
-1.1538
-1.0919
-1.0539
-1.0145
-0.9037
-0.9861
-1.0466
-1.0159
-1.1058
-0.98317
-1.1211
-1.0463
-0.9893
-1.0803
-0.83978
-0.75622
-1.0927
-1.1286
-1.062
-0.87492
-0.83862
-0.8791
-0.94111
-0.89771
-1.0006
-0.9961
-0.96893
-0.98337
-0.95986
-0.95429
-1.0084
-1.034
-1.0159
-1.0403
-1.0815
-1.0195
-0.99595
-0.98071
-0.97602
-1.0209
-1.052
-1.0224
-1.0512
-0.94343
-1.0243
-1.0374
-1.0662
-1.14
-1.026
-0.95483
-0.93537
-1.0004
-1.0189
-0.94885
-1.1287
-0.98298
-0.88491
-0.83121
-0.89587
-1.025
-1.007
-0.96942
-0.92911
-0.86524
-1.0132
-1.1181
-1.0921
-1.0233
-0.95092
-1.0163
-1.0226
-1.0403
-1.1756
-1.0492
-0.85563
-1.041
-1.033
-0.95362
-1.0919
-1.027
-1.0005
-0.88934
-0.85575
-0.94731
-1.0648
-1.0764
-0.98727
-0.94298
-0.83341
-0.95461
-0.98793
-0.97518
-1.0127
-0.96512
-1.0206
-1.0173
-1.0334
-1.0089
-0.90189
-0.95512
-1.0118
-1.0188
-1.0699
-1.0876
-1.0804
-0.99575
-1.0232
-1.0814
-1.1366
-1.1492
-1.1153
-0.98711
-0.67806
-1.2524
-0.9032
-0.86044
-0.7274
-0.91889
-0.99513
-1.0403
-1.0386
-0.90844
-0.93109
-0.97964
-1.0483
-1.0113
-1.0061
-1.1044
-1.0832
-1.001
-0.92827
-0.92382
-0.94377
-0.94937
-1.0231
-1.0774
-0.95752
-0.94623
-1.0621
-1.0287
-0.95584
-0.98952
-0.97958
-1.0905
-1.0128
-0.94278
-0.94556
-0.95344
-1.1599
-1.1514
-1.0314
-0.91271
-0.92697
-0.85235
-0.92104
-1.0166
-1.0275
-1.1293
-1.045
-1.0925
-1.0705
-1.1081
-1.1823
-1.3125
-0.94576
-0.88527
-0.97312
-0.89722
-1.0431
-1.0743
-0.87238
-0.74926
-1.1096
-1.0751
-1.1353
-1.0306
-1.0439
-0.99737
-0.95757
-0.99508
-1.0709
-0.92724
-0.85942
-0.985
-1.1185
-0.98092
-1.0272
-0.94795
-0.95414
-1.0266
-1.0423
-1.0806
-0.95082
-0.97826
-0.92571
-1.0711
-1.0905
-1.0918
-0.9177
-0.89791
-0.99519
-1.0492
-1.1334
-1.0348
-0.94159
-0.94206
-0.98675
-1.103
-1.0554
-1.1234
-0.95333
-0.95889
-0.96289
-0.7942
-1.0321
-0.97321
-1.0007
-1.041
-0.98793
-1.0079
-0.96848
-0.91201
-0.98939
-0.88046
-1.0155
-0.93506
-1.0304
-0.96477
-1.0128
-1.0538
-1.0441
-1.1059
-1.0426
-0.91174
-0.95644
-1.0012
-1.1003
-1.0476
-1.0387
-0.97367
-0.98077
-0.94083
-1.0536
-0.94512
-0.96358
-1.0676
-1.0074
-1.0802
-1.0583
-1.0484
-0.98391
-0.96518
-1.0464
-0.99191
-1.01
-0.85546
-0.97712
-0.90516
-0.92222
-0.94721
-0.97183
-0.9783
-1.023
-1.0689
-1.0885
-1.028
-1.0308
-0.9825
-0.84301
-0.96794
-1.0581
-1.0691
-1.0455
-1.0381
-1.1121
-0.98608
-0.92868
-1.0503
-1.0705
-1.1551
-0.98987
-0.9095
-0.8522
-1.0114
-1.0957
-0.90981
-0.93972
-0.95945
-1.0639
-0.96252
-1.0889
-0.95328
-0.94547
-0.92187
-0.92214
-1.0193
-0.97274
-0.97377
-0.96504
-0.9862
-1.0011
-0.96465
-0.99213
-1.0097
-1.0316
-1.0233
-1.0102
-0.96416
-1.0246
-1.0011
-0.87041
-1.0303
-1.0376
-1.0303
-1.0822
-1.0902
-1.0064
-1.0443
-1.0147
-1.1312
-1.0271
-1.0392
-0.89375
-0.86551
-0.93661
-1.0621
-1.1261
-1.0416
-0.84089
-0.96072
-0.8962
-0.92802
-0.94089
-1.0289
-0.96696
-1.0105
-1.049
-1.041
-1.1379
-1.0623
-0.99737
-1.0467
-1.133
-1.1645
-1.1865
-1.2035
-0.90203
-1.1186
-0.57397
-1.1707
-1.0619
-0.89015
-0.82996
-0.88857
-1.0874
-1.0757
-1.1126
-1.1145
-0.93792
-0.91313
-0.8369
-0.97118
-0.96926
-1.0154
-0.9953
-0.95029
-0.9522
-1.0579
-1.0317
-1.0144
-1.1069
-1.0803
-1.0198
-0.90061
-1.0333
-1.0106
-1.0899
-1.2773
-0.86773
-0.83911
-0.86767
-1.027
-0.97302
-0.9631
-1.0134
-0.96337
-1.165
-0.96748
-0.92204
-0.90003
-1.0204
-1.078
-1.2124
-1.1016
-0.99823
-1.1195
-0.87362
-1.0009
-0.95931
-0.76232
-0.87743
-0.86328
-0.87676
-1.2159
