-0.76047
-0.50224
0.05921
0.47642
0.85682
0.92666
0.9909
1.0498
1.1171
1.1658
1.1216
1.106
1.067
1.181
1.2055
1.0375
0.61681
0.45673
0.65772
1.1157
1.3903
1.2615
1.0998
0.99127
1.0627
1.2979
1.3776
0.9725
0.60548
0.34011
0.31799
0.019344
-0.55998
-0.83648
-0.99626
-0.96596
-0.99334
-1.0056
-1.0567
-1.0563
-1.0204
-1.0671
-1.0693
-1.0808
-1.0279
-1.0164
-1.0166
-1.0387
-1.0691
-1.0508
-1.0621
-1.1155
-1.1308
-1.1103
-0.87882
-0.77688
-0.83561
-0.93459
-1.0583
-1.0378
-0.88578
-1.0072
-1.1346
-1.4348
-1.5083
-1.2535
-0.95075
-0.28671
-0.11109
-0.60142
0
1.212
2.046
1.6673
1.6329
0.54865
0.66191
0.6931
-0.20682
-1.2832
-1.0026
-1.4721
-1.1457
-0.93512
-0.41283
0.22152
0.90108
0.73624
1.1212
1.3868
1.622
1.4596
1.2675
0.79751
0.2807
-0.56995
0
-1.1052
-1.3807
-1.7596
-0.96729
0.47646
1.9319
1.9771
0.33005
0.082125
0
0.15886
-0.9171
-1.4915
-1.6448
-1.0677
-0.85641
-0.86278
-1.3256
-1.0745
-0.66522
-0.15371
-0.46476
-0.95034
-1.2856
-1.2375
-1.0851
-0.86858
-0.97166
-1.2038
-1.4527
-1.3038
-1.0562
-0.76907
-0.79798
-0.78901
-0.41414
-0.61531
-0.91966
-1.1631
-1.4297
-1.0565
-0.85459
-0.91881
-0.84531
-0.89976
-0.70241
-0.87923
-0.88976
-1.0515
-1.1472
-1.1326
-1.1364
-1.1272
-1.0462
-1.0555
-1.0434
-1.0564
-1.0859
-0.89114
-0.9234
-1.1298
-1.5717
-1.121
-0.69981
0.46469
1.3151
1.5055
-0.098688
-0.14222
-0.10227
0.26133
0.84649
1.0157
1.0308
0.88728
0.84572
0.92363
1.0501
1.2299
1.2547
1.2485
1.2182
1.1212
1.1442
0.88778
0.84827
0.39359
-0.25945
-0.70987
-0.87388
-0.50643
-0.7351
-0.95582
-0.95628
-0.82449
-0.65011
-0.76788
-0.92102
-0.99183
-1.0888
-1.0509
-1.0413
-0.97379
-0.82355
-0.90425
-1.0007
-1.1523
-1.1698
-1.0857
-1.0054
-0.8787
-0.86258
-0.92393
-1.0244
-1.1196
-1.1112
-1.0974
-1.0314
-1.0727
-1.0926
-1.0944
-1.0113
-1.1009
-1.1087
-1.2085
-0.88204
-0.32429
0.52723
0.95515
1.1846
1.0173
0.92822
0.99227
1.1243
1.2005
1.2243
1.1384
1.2198
1.358
1.1711
0.39353
-0.20782
-0.082113
-0.60669
-0.80265
-1.5023
-1.3505
-1.365
-1.028
-0.44588
-0.57749
-0.57498
-1.1994
-1.0492
-1.1628
-0.82655
-0.75734
-0.81372
-0.95425
-1.0728
-1.0237
-1.0244
-1.0517
-0.98329
-1.0278
-0.93703
-0.91259
-0.88112
-0.97494
-1.1126
-1.1389
-1.0357
-0.89989
-0.80694
-0.90463
-1.0232
-1.0215
-0.9583
-0.94443
-0.93564
-1.0856
-1.0592
-1.0657
-0.92632
-1.0018
-1.0186
-1.073
-1.0309
-0.94983
-0.95292
-0.96286
-1.0462
-1.1014
-1.1346
-1.0094
-1.0388
-0.96638
-0.99596
-1.0042
-1.0142
-0.96201
-0.99986
-1.0603
-1.2668
-1.1654
-1.1144
-1.1253
-0.8811
-1.1593
-1.0398
-1.0395
-0.71296
0.21803
0.38037
-1.0843
0
-0.69303
1.6821
1.2764
1.5746
0.13045
0.43759
-1.0848
-1.2537
-1.083
-0.56002
-0.83638
-0.94189
-1.187
-1.0302
-1.0261
-1.2109
-1.2855
-1.3195
-0.87026
-0.43216
0.27202
0.86215
1.1732
1.1793
1.0774
1.0738
1.086
1.0471
0.94411
0.81339
1.083
1.1306
1.2955
1.4674
1.1707
0.83772
0.5045
0.38297
-0.24401
-1.069
-1.6012
-1.2931
-0.81521
-0.65202
-0.77942
-0.96168
-1.1167
-1.1006
-1.1001
-1.1312
-1.1604
-1.019
-0.94678
-0.8975
-0.81905
-0.84659
-0.85954
-0.80695
-0.94707
-1.115
-1.2849
-1.244
-1.1285
-1.1168
-0.95505
-1.0698
-0.99742
-1.0281
-1.0075
-1.1605
-1.0623
-0.72533
-0.47135
-0.56744
-0.33843
-0.87819
-1.0463
-1.3004
-1.2026
-1.1961
-0.78447
-1.3019
-0.81644
-0.96884
-1.082
-1.3648
-1.292
-1.0156
0.061192
1.0693
0.95774
0.91753
0.22387
-0.57978
-1.3077
-1.9442
-1.711
-1.0134
-0.67853
-0.48919
-0.87858
-0.70454
-0.8195
-0.92004
-1.4835
-1.4907
-0.72513
-0.31481
-0.88144
-1.0715
-0.80177
-1.2885
-0.99275
-1.091
-0.88823
0.17756
0.97688
0.97249
0.9698
1.0131
1.3517
1.8259
1.5061
0.79505
0.071638
-1.0463
-0.28306
-0.17425
0.07455
-0.79348
-1.1192
-1.4736
-0.89729
-1.01
-1.1736
-1.3609
-1.4483
-0.94588
-0.1074
0.65565
1.3408
1.5015
1.1685
0.52606
0.040633
-0.55496
-1.1004
-1.3316
-1.2708
-0.97454
-1.0896
-0.87247
-0.99845
-1.1372
-1.3857
-1.327
-0.99299
-0.33667
0.34695
0.6624
0.98035
1.1144
1.3232
1.1934
0.93072
0.8265
0.86469
1.025
1.2716
1.3041
1.1507
0.82652
0.89089
0.78114
1.086
1.3003
1.3777
1.0448
0.24356
-0.65941
-0.77266
-0.73019
-0.67227
-0.82406
-1.0045
-1.1476
-1.145
-1.0062
-0.98725
-0.93025
-0.95677
-0.98076
-0.97102
-0.9843
-1.0538
-1.1462
-1.1441
-1.065
-0.95937
-0.91174
-0.86859
-0.96968
-1.0442
-0.97357
-1.0778
-1.0341
-1.0711
-1.0852
-1.0114
-0.97592
-1.0926
-1.1451
-1.2285
-0.99407
-1.0118
-1.0208
-1.1063
-0.72963
-0.67927
-0.96207
-1.7897
-1.2243
-0.95932
-0.23592
0.12409
1.1345
1.7761
1.4409
0.58514
-0.49306
-1.0171
-0.87605
-1.0441
-1.2635
-1.2527
-1.0442
-0.91936
-0.55898
-0.95041
-1.1488
-1.2281
-0.8385
-0.56099
-0.82026
-1.1603
-1.194
-1.2332
-0.81047
-0.75764
-0.7299
-0.92626
-1.1149
-1.1327
-1.0424
-1.0549
-0.87074
-0.93864
-0.89727
-0.94714
-1.0849
-1.1224
-1.3036
-1.1533
-0.91119
-0.63013
-0.73472
-1.004
-1.3835
-1.2796
-0.91197
-0.68927
-0.89879
-1.0916
-1.1343
-0.92966
-0.88839
-0.86009
-0.9127
-0.91804
-0.89465
-0.93492
-0.95642
-1.0338
-1.0323
-1.0318
-0.96369
-0.91857
-0.91658
-0.93667
-0.9848
-1.0216
-1.0441
-1.0896
-1.0836
-1.0704
-0.99334
-0.93544
-0.89502
-0.94823
-1.0495
-1.085
-1.1032
-1.0429
-1.0355
-0.96191
-0.93443
-0.93591
-0.96818
-0.98941
-1.0583
-1.044
-1.0508
-1.0164
-1.0778
-1.0651
-1.0184
-0.97568
-0.91661
-1.0418
-1.1162
-1.1795
-1.1259
-1.0615
-0.97057
-0.82475
-0.82858
-0.8187
-0.90773
-1.0785
-0.99256
-1.0868
-1.003
-0.89363
-0.94756
-0.98567
-1.0818
-1.1767
-1.0684
-1.0295
-1.0271
-1.1721
-1.1555
-1.0786
-0.83655
-0.83051
-0.88309
-0.81681
-0.76988
-0.78174
-0.89491
-1.1961
-1.3329
-1.2183
-0.93815
-0.72209
-0.72731
-0.80153
-0.95199
-1.1718
-1.1496
-1.1881
-1.0911
-1.1059
-0.84662
-0.88263
-0.82662
-1.0869
-1.1039
-1.2506
-1.0947
-0.96491
-0.75519
-0.76683
-0.87519
-1.0214
-1.0807
-1.2325
-1.0915
-1.2501
-1.1248
-1.248
-1.1503
-0.92772
-0.7608
-0.26091
-0.6283
-0.69096
-1.3547
-1.041
-0.8072
0.40464
0.66882
0.95871
1.0596
1.1512
1.091
0.90608
0.85978
0.969
1.0516
1.0024
0.89077
0.7448
0.74914
0.97319
1.1333
1.1121
1.0639
1.0572
0.98647
0.96402
0.95602
1.0933
1.1416
1.1169
0.99042
0.9478
0.8352
0.84832
0.87211
0.94436
1.0042
1.1096
1.0495
1.0069
0.91235
0.93946
0.95726
0.9762
1.0152
1.0362
1.0732
1.1109
1.0672
0.94657
0.96174
1.0562
1.1354
1.2526
1.2956
1.26
0.86426
0.54113
0.55164
0.92412
1.2729
1.2007
1.0629
0.91257
0.73
0.15773
-0.79445
-0.93149
-1.0034
-0.8078
-0.83859
-1.0074
-1.09
-1.1578
-1.0476
-0.93989
-0.90484
-0.95878
-1.0414
-0.96015
-1.097
-1.1504
-1.0476
-1.0356
-0.98654
-1.1545
-1.0833
-1.2611
-1.2515
-1.2251
-0.78532
0.17802
0.72491
0.56354
-0.2892
-0.74387
-0.94223
-1.05
-0.87455
-0.82264
-0.97769
-1.0747
-1.144
-1.0969
-1.0539
-1.0639
-1.085
-1.0899
-0.94194
-0.89882
-0.7921
-0.84721
-0.88756
-0.92202
-0.96742
-1.0485
-1.1748
-1.0833
-0.95013
-0.93693
-0.99411
-1.2
-1.2736
-1.2145
-1.0461
-0.96148
-0.93337
-0.95372
-1.07
-1.0238
-0.96158
-0.95565
-1.0228
-1.2389
-1.1199
-0.98131
-0.83574
-0.90315
-0.89906
-0.9386
-0.89596
-0.90006
-0.93765
-1.043
-1.1677
-1.2121
-1.2907
-1.2843
-1.1861
-1.0412
-0.87148
-0.81325
-0.75841
-0.94858
-0.99327
-1.1024
-1.1139
-1.1654
-1.1701
-1.1473
-1.0508
-1.0433
-1.1918
-1.2504
-1.1189
-1.0066
-0.77713
-0.77516
-0.66167
-0.66981
-0.61668
-0.69911
-0.70835
-0.79486
-1.1242
-1.3204
-1.4311
-1.3263
-1.2784
-1.2573
-1.4014
-1.5834
-1.3586
-1.101
-0.97607
-1.1829
-1.1897
-0.49413
-0.10058
0.49813
0.47678
0.87576
0.95762
-0.18984
0.12187
0.28553
0.10448
0.18741
-0.91092
-1.2694
-1.1402
-0.94318
-0.95516
-1.007
-1.272
-1.5064
-1.5411
-1.2492
-1.0142
-1.0005
-1.0074
-0.99984
-0.99068
-0.87288
-0.67315
-0.68038
-0.83175
-1.1873
-1.1451
-1.6381
-1.793
-0.82425
0.26767
0.82438
1.1544
0.35571
-0.093881
0.38786
-0.88204
-0.097022
-0.37687
0.17986
1.0993
0.8639
0.72231
-0.46173
-1.2592
-1.7948
-1.3318
-0.71702
-0.40846
-0.44875
-0.72285
-0.63752
-0.89133
-0.97581
-1.159
-1.4032
-1.2956
-0.87846
-0.7842
-0.74234
-0.7269
-1.1143
-0.93393
-0.67824
-0.48984
-0.69077
-1.1146
-1.4582
-1.419
-1.2395
-1.1624
-1.2291
-1.0916
-0.9323
-0.52121
-0.44069
-0.65495
-0.93618
-1.1791
-1.3402
-1.1348
-0.63998
-0.42494
-0.63637
-1.1816
-1.4935
-1.3393
-1.03
-0.62468
-0.67718
-1.0474
-1.3961
-1.2824
-0.95797
-0.66434
-1.0378
-1.2578
-1.1667
-1.0586
-0.23295
-0.34343
-0.25739
-0.26897
-0.5597
-1.1015
-1.7338
-1.596
-1.3179
-0.44728
-0.19439
-0.71993
-1.0535
-0.59381
0.39508
1.1779
1.2953
-0.19147
-1.1899
-2.0804
-0.77395
0.057697
0.83569
0.5899
0.41194
0.2468
0.47285
0.90633
1.0439
1.1302
0.88953
1.216
1.4149
1.2739
1.1066
1.0939
0.86787
0.68261
0.57126
-0.14173
-0.80612
-1.2075
-1.181
-1.0806
-1.0398
-0.75119
-0.9088
-0.66557
-0.64431
-0.55062
-0.63504
-0.68277
-0.86389
-0.84964
-0.82165
-0.94427
-1.0569
-1.2303
-1.3105
-1.3231
-1.3109
-1.2153
-1.1784
-1.2099
-1.2736
-1.2956
-0.96971
-0.6952
-0.47384
-0.63166
-0.69809
-0.98637
-1.011
-1.0597
-1.1889
-1.0448
-0.96839
-0.82091
-0.8538
-0.9263
-1.0112
-0.98916
-1.1028
-1.0336
-1.1675
-1.3072
-1.3198
-1.3922
-1.1938
-0.92019
-0.82451
-0.72496
-0.74156
-0.71153
-0.86813
-0.94811
-1.1257
-1.0402
-0.98253
-0.87047
-0.87215
-0.90468
-1.1682
-1.1112
-0.95407
-0.84693
-0.83738
-0.97003
-1.098
-1.0664
-1.1104
-1.0617
-1.1895
-1.0806
-0.94643
-0.77532
-0.80082
-0.83913
-0.99511
-1.0066
-0.89346
-0.81142
-0.81011
-0.96596
-1.1173
-1.267
-1.3377
-1.3242
-1.3604
-1.1372
-1.2111
-0.94721
-0.91682
-0.99438
-0.89979
-1.2998
-1.0429
-0.93763
-0.60908
-0.63928
-0.88891
-0.66183
-0.74031
-0.54521
-0.43149
0.28108
0.72571
0.92282
1.1225
1.2936
2.0895
2.1796
2.2432
1.4631
0.58934
0.63715
0.18105
0.48216
0.15208
-0.46777
-0.83902
-0.81835
-0.50229
0.38487
1.1343
1.2445
1.7636
1.4244
1.2591
0.89804
1.0045
1.0145
0.92487
0.88012
0.44035
0.3899
0.77268
1.1416
0.9311
0.40734
-0.61191
-0.71299
-0.88035
-0.60802
-0.68341
-0.71381
-1.1246
-0.94378
-0.78232
-1.0269
-1.0991
-1.3073
-1.2378
-1.0811
-0.88463
-0.90554
-0.96604
-1.2153
-0.98069
-1.1129
-1.0905
-0.79654
-0.81818
-0.70375
-1.0806
-0.84494
-1.0384
-0.74795
-0.75697
-0.43016
-0.21016
-0.20194
-0.57331
-0.93721
-1.0317
-0.94721
-0.72774
-0.47515
-0.66751
-0.85504
-1.4862
-1.6205
-1.5502
-1.1025
-0.82116
-0.60402
-0.68904
-0.83437
-0.9272
-0.91133
-1.1473
-1.2928
-1.1688
-1.1197
-0.98846
-1.0117
-0.77361
-0.84985
-0.54933
-0.71792
-0.66924
-1.0891
-1.2129
-1.1832
-0.85451
-0.57533
-0.68831
-0.96712
-1.2421
-1.3505
-1.2085
-1.0906
-0.88612
-0.78722
-0.86559
-1.0619
-1.1563
-1.2678
-1.1285
-0.7996
-0.80738
-0.80492
-1.0065
-1.2184
-1.0911
-1.1161
-1.1568
-1.3484
-1.4552
-1.4389
-1.1
-0.76194
-0.60829
-0.59826
-0.85353
-0.87283
-0.56988
-0.49986
-0.51126
-1.0244
-1.1347
-1.0032
-0.81417
-0.78324
-0.88789
-1.0065
-1.1122
-1.2224
-1.5128
-1.8161
-1.8143
-1.5377
-1.1319
-0.77005
-0.65083
-0.48838
-0.54917
-0.55907
-0.57006
-0.66794
-0.95904
-1.1381
-1.7458
-1.7675
-1.2935
-0.15149
0.73177
1.0309
0.55311
0.17859
0
-0.18679
-0.6046
-1.0999
-1.9641
-2.3882
-1.4629
-1.1381
-0.24034
-0.49378
-0.62752
-0.5953
-0.3096
-0.15943
-0.27599
-0.64086
-0.81123
-1.075
-1.1351
-1.0574
-1.0884
-1.3168
-1.6435
-1.5083
-1.3466
-1.2883
-1.2569
-1.1917
-1.1916
-0.73977
-0.54604
-0.33427
-0.37673
-0.47602
-0.91868
-1.1412
-1.4419
-1.7632
-0.83434
-0.48448
0
0.33114
0.60401
0.81117
0.74913
0.68269
0.36734
0.99353
1.5081
2.0297
1.8303
1.1532
0.42705
-0.085054
0.042157
-0.24947
-0.16311
-0.79492
-1.2702
-1.6294
-1.6637
-1.4128
-0.95411
-0.38938
-0.22513
-0.079254
-0.22342
-0.30405
-0.19917
-0.58968
-0.96872
-1.2672
-1.4627
-1.5691
-1.9098
-1.8947
-1.9334
-1.8351
-1.7047
-1.4327
-1.2083
-0.51623
-0.28794
0.090739
0.50706
0.69539
0.76022
0.42945
0.087558
-0.16749
-0.27721
-0.64933
-0.82849
-1.3427
-1.4183
-1.2979
-1.1655
-1.074
-1.184
-1.2336
-1.305
-1.303
-1.3771
-1.2961
-1.1759
-1.0594
-0.92474
-0.91628
-0.97363
-0.97304
-1.0952
-0.98093
-0.9867
-1.1231
-1.3227
-1.5237
-1.3806
-1.1139
-1.1737
-0.73132
-0.1809
0.24355
0.62604
0.49977
0.67538
0.77148
1.0637
1.473
1.5561
1.5987
1.1252
0.44235
0.074364
-0.037213
0.33224
0.61645
0.91638
1.186
1.3217
1.2147
0.82268
0.44756
-0.14594
-0.42605
-0.5581
-0.59175
-1.0612
-1.2347
-1.3863
-1.2468
-1.0434
-0.96804
-0.87805
-0.96831
-0.96384
-1.0569
-1.1301
-1.2757
-1.2717
-1.1195
-0.92735
-0.88534
-1.0115
-1.355
-1.4382
-1.493
-1.4738
-1.2702
-1.062
-0.64752
-0.40256
-0.21829
-0.01747
0.23565
0.69373
1.1984
1.3899
1.4632
1.3259
1.3459
1.3596
1.5795
1.6627
1.3532
0.89519
0.6101
0.47296
0.32208
0.12655
-0.20568
-0.46869
-0.75893
-0.88162
-1.0114
-1.0963
-1.1915
-1.1968
-1.1699
-1.1955
-1.2015
-1.2004
-1.2111
-1.2168
-1.1633
-1.1417
-0.99037
-0.90279
-0.89809
-1.0656
-1.1609
-1.3159
-1.259
-1.2998
-1.2326
-1.2029
-1.1263
-1.0419
-0.9674
-0.87835
-1.0529
-1.1075
-1.2616
-1.2581
-1.1057
-1.1452
-1.0642
-0.8808
-0.46369
-0.35313
-0.4104
-0.60537
-0.10661
0.59522
0.96361
1.1851
1.041
0.64228
0.43816
0.54812
0.80129
1.2919
1.5256
1.0514
1.2583
1.131
0.92335
0.27153
-0.45872
-0.40579
-0.33492
-0.334
-0.72239
-0.95082
-1.2015
-1.1153
-1.1004
-1.0744
-1.1229
-1.1179
-1.1173
-1.121
-1.1164
-1.1869
-1.2225
-1.2591
-1.0816
-0.97654
-0.74327
-0.83965
-0.92228
-1.0443
-1.1534
-0.89531
-0.88698
-0.90197
-1.0309
-1.1751
-1.1345
-1.0473
-0.95138
-0.99396
-1.0851
-1.1604
-1.241
-1.2904
-1.3543
-1.1545
-1.0066
-0.94289
-1.1245
-1.3168
-1.3434
-1.2184
-0.95822
-0.69605
-0.54947
-0.49534
-0.33168
-0.42631
-0.55756
-0.83358
-1.1086
-1.0349
-1.0491
-0.8815
-0.98371
-1.3168
-1.4361
-1.3627
-1.292
-1.0989
-1.3497
-1.4759
-1.422
-1.2756
-0.91518
-0.6448
-0.3785
-0.11838
-0.033026
0.31951
0.58127
0.78332
0.90241
1.1339
1.2921
1.4177
1.4105
1.2784
1.2571
1.2975
1.3087
1.2835
0.93801
0.85327
0.96105
1.1766
1.2084
1.2529
0.83241
0.90865
0.97524
1.2083
1.4432
1.1137
0.61666
0.7373
0.67793
0.95312
1.0469
0.65245
0.72977
0.95889
1.08
1.1255
0.8202
0.92759
1.1273
1.2517
1.3002
1.0708
0.98176
0.80852
0.7819
0.75581
0.71128
1.164
1.1041
1.1374
0.91481
0.72949
0.73216
0.96098
1.5118
1.7091
1.6302
0.71388
0.48274
-0.17106
-0.17492
-0.7122
-0.96001
-1.0927
-1.0688
-1.0313
-1.0125
-0.99534
-0.94382
-0.94367
-0.92479
-0.99125
-1.0159
-1.0829
-1.1122
-1.1052
-1.0132
-0.97904
-0.95651
-1.0821
-1.1857
-1.179
-1.0473
-1.0412
-1.0709
-1.2229
-1.0605
-0.69493
-0.083574
0.51548
0.98018
1.4156
1.2079
1.0926
0.94493
1.1933
1.3693
1.1541
0.76574
0.51101
0.90628
1.3178
1.6297
1.5927
0.80759
0.097575
-0.70152
-0.67095
-1.541
-0.54242
1.001
1.1313
0.96778
-0.62713
-1.4561
-1.5804
-0.86755
0.22381
1.0082
1.4127
0.90946
0.1263
-0.33043
-0.78816
-0.78249
-0.85713
-1.0643
-1.0874
-1.1098
-1.2292
-1.0631
-1.0099
-1.0156
-1.2065
-1.2815
-0.97414
-0.64045
-0.47414
-0.85452
-0.99568
-1.0744
-0.7651
-0.70131
-0.8515
-0.82837
-0.9459
-0.98209
-1.0508
-1.0154
-1.0167
-1.0249
-1.0295
-0.98507
-1.0293
-1.0763
-1.178
-1.1485
-1.0197
-0.93308
-0.84996
-0.93393
-1.024
-1.1983
-1.1993
-1.1186
-1.0081
-1.0029
-1.0877
-1.0597
-0.84423
-0.64689
-0.81131
-0.69438
-1.021
-1.0792
-1.0161
-0.89682
-0.93458
-0.87676
-0.85124
-0.88163
-1.0257
-1.0933
-1.1566
-0.99782
-0.90483
-0.88635
-0.93643
-1.0368
-1.0789
-1.0675
-1.0315
-1.0225
-0.99946
-1.001
-0.97363
-0.90653
-0.99203
-1.0696
-1.1516
-0.94842
-0.94978
-0.90357
-1.014
-1.0671
-1.1037
-1.0204
-0.96305
-0.97962
-1.021
-1.0976
-1.0405
-0.94252
-1.035
-1.0011
-0.94002
-0.89871
-0.84822
-1.1071
-1.326
-1.3413
-1.1923
-0.87265
-0.83384
-0.6543
-0.79212
-0.67673
-0.79201
-0.83324
-0.9666
-1.0803
-1.1467
-1.1079
-1.0299
-0.94757
-0.94853
-0.9763
-1.0811
-1.076
-1.1399
-1.2059
-1.1411
-1.064
-0.96382
-0.61787
-0.66663
-0.95882
-1.4061
-1.6849
-1.3461
-1.0398
-0.77292
-0.45986
-0.26845
0.51699
1.7634
1.8014
1.3379
-0.31399
-0.28509
-0.66162
-0.87835
-0.77599
-0.76719
-0.52601
-0.58502
-0.80268
-1.3275
-1.5343
-1.4383
-0.83579
-0.54132
-0.67266
-1.2189
-1.5765
-1.4384
-1.0415
-0.76499
-0.72806
-0.83623
-1.3411
-1.4257
-0.31846
0.41904
0.80266
0.79862
0.77714
0.83085
1.0067
0.97359
0.96591
0.96635
1.0449
1.0165
1.1804
1.0043
0.96169
0.89278
0.97007
1.0716
1.1593
1.1516
0.94086
0.98321
1.1046
1.4755
1.2995
0.95839
0.10449
-0.6156
-1.0167
-0.80791
-0.73169
-0.71147
-0.80182
-1.0222
-1.1062
-1.0256
-0.98717
-0.93701
-0.92739
-0.92683
-0.93146
-1.0122
-1.099
-1.1091
-0.98427
-0.95925
-0.88592
-0.89165
-1.0101
-1.0593
-1.0961
-1.0749
-0.97293
-0.95989
-0.96629
-1.0427
-1.0587
-1.0666
-1.1155
-1.1434
-1.0828
-0.8998
-0.84715
-0.80299
-0.8441
-0.95477
-1.0342
-1.1641
-1.1713
-1.1247
-1.0927
-0.96814
-0.96724
-0.95027
-0.988
-1.0223
-1.0293
-0.91007
-0.85543
-0.88757
-1.065
-1.276
-1.312
-1.2442
-1.0377
-0.92728
-0.9184
-1.1324
-0.94222
-1.4973
-0.60296
-0.20629
0.12957
-1.3074
-1.346
0.58035
1.1981
-0.093752
-0.55583
-0.99835
-0.51166
-0.58788
-0.73194
-0.99422
-1.346
-1.3219
-1.2396
-1.1332
-0.86277
-0.97085
-0.90271
-1.2098
-1.1399
-1.1299
-0.6554
-0.073451
0.44637
0.84303
1.0371
1.0453
0.93342
0.94745
0.96519
1.0386
1.0474
1.0444
1.1237
1.1442
1.2079
1.2377
1.2187
1.2382
1.1854
1.2187
1.1817
1.0751
0.75052
0.62924
0.32934
0.21286
-0.098376
-0.42455
-0.90385
-1.1604
-1.2504
-1.595
-1.5207
-1.6799
-1.7352
-1.6293
-1.1065
-0.2676
-0.10209
0.24068
0.24172
0.65538
1.3687
1.6788
1.4958
1.0868
0.58419
0.32467
0.024684
-0.26651
-0.49367
-0.6612
-0.68613
-0.84028
-0.87683
-1.0612
-1.1901
-1.126
-1.1348
-1.0851
-1.1714
-1.2333
-1.2152
-1.2013
-1.0815
-1.0664
-1.1044
-1.1244
-1.1604
-1.1026
-1.1824
-1.2359
-1.2693
-1.2807
-1.2757
-1.2076
-1.2474
-1.2204
-1.1568
-1.1192
-0.78121
-0.33954
0.20469
0.32146
0.45023
0.29225
-0.30184
-0.64919
-0.98638
-0.74137
-0.89264
-0.9517
-1.0258
-1.3811
-1.5676
-1.5622
-1.2347
-0.90188
-0.73741
-0.77154
-0.67285
-0.6758
-0.6822
-0.907
-1.0291
-1.1382
-1.1124
-0.8761
-0.72373
-0.89187
-0.9893
-1.1623
-1.0077
-1.0231
-1.078
-1.4599
-1.6731
-1.7756
-1.5401
-1.1502
-0.77614
-0.60688
-0.54183
-0.44921
-0.19923
-0.1514
0.33564
0.60684
0.79657
0.91252
0.99947
1.1992
1.3362
1.4678
1.5517
1.6858
1.527
1.2935
1.0864
1.1411
1.0383
1.0797
0.87254
0.63857
0.61577
0.35209
0.15697
-0.31301
-1.0464
-1.5947
-1.6038
-1.1424
-1.1303
-1.1684
-1.9134
-1.3583
-1.4105
-0.50792
-0.77624
-0.63374
-0.59534
-0.51459
-0.32345
-0.41751
-0.50045
-0.76102
-0.95665
-0.75574
-0.85997
-0.50744
-0.93878
-0.90915
-1.0899
-1.1886
-1.2227
-1.1291
-1.1213
-1.2417
-1.2103
-1.0227
-0.92672
-0.80546
-0.91388
-0.96485
-0.99534
-1.0171
-0.95314
-0.91365
-0.99453
-0.99959
-1.1006
-1.0191
-0.95882
-0.90869
-1.0649
-1.1956
-1.2
-1.1624
-1.0068
-0.9411
-0.95176
-0.97002
-1.068
-1.0194
-1.068
-0.94458
-0.92659
-0.91838
-0.97627
-1.0501
-1.0455
-1.0589
-1.1056
-1.1622
-1.1137
-1.1219
-1.0405
-1.0849
-1.1563
-1.1926
-1.1691
-1.1076
-1.0474
-1.1582
-1.165
-1.0769
-0.9391
-0.88123
-0.81037
-0.88548
-0.94803
-1.0196
-1.1404
-1.1256
-0.98769
-1.084
-1.1587
-1.3759
-1.3972
-1.4133
-1.1718
-1.09
-0.77264
-0.96863
-0.90731
-0.14987
0.43911
0.46391
0.13251
-0.50449
-0.66132
0.2415
1.2761
1.7368
1.7491
1.3051
0.65432
1.3113
1.0109
0.91257
-0.05092
-0.71727
-1.1881
-1.5137
-1.1102
-0.80483
-0.32738
-0.16673
0.28336
0.52039
0.47188
0.72141
0.55047
1.3033
1.9452
2.1478
1.8983
1.1978
0.87444
0.061553
0.36219
0.29482
-0.2297
-0.27915
-0.43407
0.58057
1.2347
1.358
1.1847
1.3136
1.0596
0.91005
-0.19132
-0.52733
-1.3494
-1.5538
-1.5182
-0.83974
-0.44775
-0.3497
-0.69905
-0.89264
-0.63518
-1.1444
-0.96697
-0.96725
-0.49811
-0.15511
-0.2872
-0.42913
-1.0279
-0.94066
-1.1424
-0.79686
-0.96075
-0.92625
-1.1214
-1.0886
-0.92352
-1.0975
-1.237
-1.4261
-1.3155
-1.2974
-1.2623
-1.4425
-1.3276
-1.3774
-0.59853
-0.41456
-0.2275
-0.68903
-0.31342
-0.48776
-0.32887
-0.80937
-0.77539
-0.77214
-0.35221
-0.15765
-0.73083
-0.88406
-0.7728
-0.74801
-0.72353
-1.147
-1.3772
-1.4252
-1.4236
-1.1495
-1.1539
-1.1351
-1.0802
-1.0927
-1.0098
-0.77715
-0.79796
-0.93518
-1.1921
-1.3442
-1.2328
-0.97822
-1.1608
-0.9164
-0.80388
-0.8551
-0.70613
-0.41499
-0.3705
-0.41498
-0.68837
-0.93698
-0.88408
-1.3774
-1.6007
-1.7563
-1.4176
-0.9653
-0.32453
-0.50882
-0.62193
-0.7717
-0.88332
-1.0652
-0.69367
-0.57814
-0.67659
-0.69904
-1.0595
-1.0326
-1.0679
-1.0345
-0.99953
-0.75885
-0.42077
-0.53786
-0.84883
-0.88387
-1.0061
-1.0468
-1.1444
-1.4321
-1.4218
-0.93481
-0.91149
-0.62232
-0.61552
-0.57908
-0.68223
-0.74942
-0.91281
-1.1655
-1.3538
-1.4959
-1.3126
-1.0271
-0.93001
-0.9771
-0.97117
-0.93498
-1.0214
-1.1083
-1.1227
-1.0753
-0.99308
-0.93497
-0.88924
-0.91342
-1.0053
-1.0986
-1.0875
-0.99727
-0.88143
-0.90046
-0.98933
-1.0265
-1.0506
-1.0561
-1.0782
-1.1364
-1.1146
-1.133
-1.1533
-1.0306
-0.93617
-0.84995
-0.95631
-1.0591
-1.0973
-1.01
-0.93604
-0.82253
-0.96601
-0.87975
-0.98187
-1.0738
-1.2102
-1.2574
-1.2052
-0.94743
-0.78587
-0.79524
-1.0459
-1.1153
-0.87696
-1.0002
-0.93937
-1.0036
-0.89679
-0.96932
-1.0057
-0.98717
-1.1268
-1.2798
-1.3389
-1.1525
-0.85258
-0.73903
-0.71522
-1.1387
-0.96498
-0.9545
-0.93056
-1.0531
-1.5212
-1.6796
-1.0621
0.094504
0.44323
-0.046385
-1.4448
-2.3801
-2.2398
-0.86313
-0.16656
-0.22842
-1.4439
-2.1446
-0.89703
0.46608
0.12418
-1.1321
-1.6793
-1.3836
-0.63533
-0.46228
-1.771
-1.937
-1.1375
0
0
-0.62796
-2.0005
-2.3471
-1.0864
0
0.051336
-1.0849
-1.2904
-1.3725
-1.1581
-1.1437
-1.2173
-0.65122
0.030459
0.91673
1.1554
1.3276
0.83929
0.73231
0.92685
1.1927
1.2935
1.0608
0.72173
0.81314
0.94381
1.1347
1.068
1.0708
1.0388
1.1428
1.1286
1.0301
0.96007
1.0012
0.99278
1.3792
1.3998
1.1813
0.73912
-0.052401
-0.65783
-0.65161
-1.153
-1.5017
-1.807
-1.4305
-0.24273
0.29417
2.0406
1.3275
0.35175
-0.16967
-0.56505
-0.22311
-0.61987
-0.83567
-1.1402
-1.2038
-1.2015
-0.95615
-0.84576
-0.91285
-1.1005
-1.1147
-1.2713
-0.84234
-0.86829
-0.93806
-1.2769
-1.4841
-1.2818
-1.1874
-0.97184
-0.39111
-0.3225
0.13159
0.46483
0.95715
1.1445
1.1424
1.0232
1.0156
1.0382
1.1741
1.3781
1.4045
1.1193
0.62517
-0.091828
-0.66305
-0.81169
-0.6555
-0.81452
-0.9524
-1.0784
-1.1083
-1.0952
-1.1121
-1.044
-1.0683
-0.92399
-0.9161
-0.90282
-0.95668
-0.99629
-1.0746
-0.97397
-0.85682
-0.87278
-0.98366
-1.152
-1.203
-1.1005
-0.95749
-0.84142
-0.82346
-0.94701
-1.0997
-1.1752
-1.1084
-1.1019
-1.1049
-1.0925
-1.1088
-0.97728
-0.88089
-0.79412
-0.87775
-0.84193
-1.0175
-1.0738
-1.1691
-0.75983
-0.73622
-0.88818
-1.0714
-1.0929
-0.98084
-0.86964
-1.0644
-1.0983
-1.1277
-1.0066
-0.90607
-0.90613
-0.92356
-0.97204
-1.0702
-1.1129
-1.198
-1.1252
-1.1944
-1.0653
-0.87485
-0.69718
-0.6561
-0.93852
-1.0636
-1.269
-1.1502
-0.95046
-0.91911
-0.83469
-0.97528
-1.0648
-1.1768
-1.1012
-0.92373
-0.9466
-1.0723
-1.1705
-1.1318
-0.93594
-0.77478
-0.62605
-0.70477
-0.98951
-1.0708
-1.0504
-0.92879
-0.83462
-0.90224
-0.99433
-1.0871
-1.1282
-1.1215
-1.0475
-1.0272
-1.0038
-0.98814
-1.0462
-1.0692
-0.96798
-0.99791
-0.95001
-0.9716
-1.1247
-1.011
-0.99172
-0.9616
-0.98195
-1.1339
-0.9886
-1.1484
-1.0412
-1.1153
-0.98485
-0.93922
-0.94961
-1.0439
-1.0334
-1.2
-1.309
-1.1982
-0.8048
-0.53749
-0.60124
-1.6898
-1.3838
-1.2184
-0.34038
-0.34224
-0.59871
-1.6357
-1.9016
-1.2506
-0.13754
0.34206
0.4904
0.84338
0.80218
0.8244
0.94238
0.97901
1.0495
0.9178
0.84106
0.95835
1.0818
1.1356
1.1229
1.0633
0.9968
0.97056
1.0024
0.96772
1.0845
1.0817
1.15
1.1399
1.1167
1.0201
1.0549
1.0585
0.99474
0.93519
1.08
1.0851
0.7092
0.05417
-0.6619
-0.44635
-1.0654
-1.0411
-1.0604
-1.1629
-1.1351
-1.2133
-0.92996
-0.81357
-0.73702
-0.61825
-0.82644
-1.0076
-1.2624
-1.1627
-1.2218
-1.1335
-1.2108
-0.92588
-0.87881
-0.81019
-1.1007
-1.3172
-1.0303
-0.73338
-0.67652
-0.9317
-1.4879
-1.4254
-0.81543
-0.44868
-0.63299
-0.86573
-1.3358
-1.4326
-1.0405
-1.3775
-1.0736
-1.0865
-0.86228
0.54208
0.40325
0.30528
-0.56118
-1.0437
-0.90072
-1.0045
-0.98912
-1.0377
-1.1755
-1.1644
-1.1208
-0.70378
-0.64951
-0.73925
-0.9134
-1.1337
-1.3467
-1.4588
-1.523
-1.5045
-1.4724
-1.4281
-1.2128
-1.6662
-0.92037
-0.8329
0.34522
0.27391
0.17689
0.061821
0.062506
-0.4926
-0.059356
0
0.052328
-0.62272
-1.1221
-1.308
-1.1931
-1.2665
-1.4974
-1.5028
-1.3094
-1.2301
-0.93462
-1.1223
-1.0748
-1.132
-1.0786
-0.95264
-0.82584
-0.68051
-0.76283
-0.84931
-0.982
-1.0625
-0.94495
-0.88211
-0.84552
-0.89374
-0.96813
-1.0819
-0.97192
-1.1176
-1.0009
-1.1339
-0.96098
-0.9927
-1.1652
-1.3441
-1.3318
-1.1149
-0.82269
-0.59924
-0.59533
-0.7233
-0.91075
-1.1572
-1.226
-1.2347
-1.1126
-1.0478
-1.0161
-0.98271
-0.90269
-0.90081
-0.974
-1.0541
-1.1513
-1.1196
-1.0273
-0.98784
-1.0475
-1.0951
-1.0561
-0.93527
-0.99167
-0.97483
-0.9325
-0.90061
-0.88728
-1.0012
-1.1714
-1.1747
-1.2449
-1.171
-1.1811
-1.1221
-1.0904
-1.0377
-1.1171
-1.0704
-1.1081
-1.1158
-0.98076
-0.93773
-0.90256
-1.0286
-1.0856
-1.1911
-1.137
-1.1382
-1.1283
-1.0567
-1.0127
-0.9461
-1.0571
-1.1401
-1.0957
-0.84971
-0.6287
-0.67942
-0.89061
-1.0168
-1.153
-1.3537
-1.4199
-1.4638
-1.4217
-1.2499
-1.1584
-0.98755
-0.79828
-0.4977
-0.72526
-0.70832
-0.96893
-0.94789
-0.90018
-0.67769
-0.4484
-0.57998
-0.88518
-1.0854
-1.0932
-0.97163
-0.96256
-1.0028
-1.0026
-1.1507
-1.3872
-1.6205
-1.878
-1.5171
-0.41323
-0.15541
-0.098291
-0.55234
-1.0888
-1.1018
-0.75101
-0.4894
-0.62484
-1.388
-1.5519
-0.90844
0.04015
0.73328
0.66113
0.20807
0.097669
0.63982
0.71235
0.98778
0.95441
1.0699
1.2479
1.2678
1.4904
1.3431
1.215
1.144
1.3893
1.3744
1.3019
1.0308
0.53897
0.52342
0.40944
0.37531
0.5156
0.4734
1.0443
1.22
0.93749
1.0312
0.92607
1.062
1.1634
0.55846
0.34048
0.18475
0.24881
0.51947
0.64208
0.73591
0.89911
0.83638
1.1183
1.1833
1.3162
1.2963
1.2679
1.2567
1.1783
1.1522
1.1909
1.2613
1.3549
1.4479
1.5712
1.3683
0.7759
0.44121
0.3309
0.38669
0.73731
0.70911
0.74493
1.0613
1.3891
0.80741
1.0141
0.72057
-0.11199
-0.23676
-0.24269
0.48197
0.34769
0.86461
1.1747
1.2956
0.37254
-0.18939
-0.31689
0.21941
-0.21856
-0.27341
-0.76754
-0.61168
-0.81555
-0.8553
-1.0277
-1.1936
-1.22
-1.4692
-1.4916
-1.6149
-1.6281
-1.5435
-1.4615
-1.3647
-1.2088
-1.1261
-0.94412
-0.65979
-0.54212
-0.2055
0.19877
0.55352
0.62925
0.83607
1.1638
1.3431
1.2633
0.91595
0.76021
0.66162
1.1042
1.1267
1.3945
1.3244
1.1144
1.1556
0.98929
0.99557
1.2114
1.0659
1.0328
1.1997
1.1901
1.0646
0.58829
-0.02854
-0.14411
-0.31705
-0.59893
-0.72582
-1.0543
-0.77746
-0.64008
-0.74262
-0.89162
-1.2381
-1.3424
-1.2152
-0.95316
-0.87693
-0.95465
-0.94297
-1.1032
-1.2016
-1.2234
-1.2004
-1.0705
-1.0784
-1.0342
-0.8919
-0.71844
-0.71432
-0.70902
-0.7903
-0.86432
-0.95588
-0.98408
-1.1377
-1.1841
-1.2828
-1.2724
-1.2761
-1.2612
-1.2547
-1.1661
-1.0079
-0.85898
-0.84163
-0.90402
-1.0046
-1.0514
-1.1426
-1.13
-1.1682
-1.1835
-1.2025
-1.2574
-1.178
-1.1605
-1.0749
-1.0854
-1.0715
-1.0901
-1.126
-1.0856
-1.1445
-1.0664
-1.0486
-1.0922
-1.1833
-1.2088
-1.2933
-1.2792
-1.2927
-1.0016
-0.85827
-0.75348
-0.89263
-1.1301
-1.1362
-0.84851
-0.50581
-0.47438
-0.70668
-0.66874
-1.1152
-0.94219
-0.75146
-0.80995
-0.91435
-1.3224
-1.2789
-1.1048
-0.90886
-0.79144
-0.8192
-0.75468
-0.82903
-0.66152
-0.72042
-0.82757
-0.98645
-1.2246
-1.1177
-0.9656
-0.68568
-0.87154
-1.107
-1.2883
-1.4041
-1.5745
-1.3524
-0.98041
-0.83215
-0.9399
-1.071
-0.12551
0.068406
0.51409
-0.15763
-1.2881
-1.4455
-1.2322
-0.36121
-0.27139
-0.24511
-0.9964
-0.64404
-0.56727
-0.77997
-1.1442
-1.4298
-1.313
-1.0549
-0.72943
-0.69167
-0.78784
-1.0657
-1.123
-1.0826
-1.003
-1.1367
-1.2733
-1.4624
-1.2411
-0.7024
-0.39581
-0.36034
-0.86069
-1.2174
-1.3421
-1.2418
-1.1867
-1.3142
-1.1188
-1.2475
-0.35343
0.28451
0.63133
0.51833
0.29037
0.98857
1.2552
1.4646
1.1228
0.83473
0.90794
1.1306
1.5494
1.1041
0.71385
0.5042
0.72148
1.2863
1.5235
1.614
1.1804
0.80502
0.44556
-0.045661
-0.43986
-1.052
-0.94375
-1.1375
-1.0751
-1.1228
-1.1243
-0.74369
-0.69404
-0.65805
-1.0711
-1.2175
-1.3235
-1.142
-0.95991
-0.93708
-0.85206
-1.013
-1.0565
-1.1257
-1.0138
-1.0704
-0.99692
-1.0778
-0.91512
-0.80667
-0.7702
-0.86671
-1.0753
-1.0694
-0.92776
-0.83887
-0.97271
-1.0703
-1.1879
-1.061
-0.9838
-0.98773
-1.0591
-1.0348
-0.92185
-0.85409
-0.83405
-0.90961
-1.0246
-1.0448
-1.0881
-1.1075
-1.0799
-0.97102
-1.0086
-1.0374
-1.1414
-1.1108
-0.93055
-0.89236
-1.0394
-1.2579
-1.3183
-1.1896
-1.0505
-0.60024
-1.1239
-0.99992
-0.57813
0.15448
0.9555
-1.2662
-0.51533
0.3514
0.50295
0
-0.8514
-1.8415
-1.7471
-1.1638
-0.60452
-0.43476
-0.81717
-0.70447
-0.92181
-0.9602
-1.2312
-1.186
-0.99783
-0.65914
-0.74823
-0.69227
-0.7537
-0.85256
-0.9835
-1.1145
-1.1795
-1.1505
-1.095
-1.0563
-1.1145
-1.0405
-0.88988
-0.73003
-0.83545
-1.0508
-1.2902
-1.3049
-1.1717
-1.1654
-0.97313
-1.0516
-0.97161
-0.57936
-0.56221
-0.71621
-0.69106
-0.6698
-0.7591
-0.83911
-1.0557
-1.0269
-1.1706
-1.241
-1.2541
-1.2796
-1.1079
-0.83414
-0.89199
-0.81202
-0.80523
-0.88493
-0.99322
-0.8386
-0.45122
-0.61215
-0.7872
-1.2458
-1.3994
-1.2955
-1.2148
-1.0466
-1.0246
-0.74522
-0.72394
-0.68663
-1.0209
-0.96549
-0.88737
-0.89969
-1.0683
-1.2891
-1.2415
-1.1566
-0.88378
-1.1191
-1.29
-1.5205
-0.59942
-0.047568
-0.35911
-0.85351
-1.3409
-1.5221
-0.83747
-0.43968
-0.51939
-0.92985
-1.5226
-1.7437
-1.378
-0.82878
-0.22911
-0.73417
-1.5097
-1.3673
-0.47221
0.47224
1.1464
1.1209
1.0427
1.0726
1.0245
1.3423
1.1822
1.0393
0.89215
1.2203
1.1926
1.141
0.14339
-0.077367
0.12099
0.82514
1.0498
1.2064
1.0716
1.028
0.89631
1.0245
1.0545
1.0967
1.0128
0.95065
0.96008
1.0267
1.1934
1.3915
1.4969
1.2525
0.76464
0.21471
0
0.4365
1.6159
2.4676
1.8773
0.46847
-0.10112
0.85738
0.961
0.6746
-0.25608
-1.0227
-1.2406
-1.4462
-1.4031
-0.76072
-0.43612
-0.63456
-0.50316
-0.9465
-0.94955
-0.92257
-1.0518
-1.0189
-0.98443
-0.98155
-0.7292
-0.81013
-0.92784
-1.1295
-1.2529
-1.3224
-1.2509
-0.9973
-0.87161
-0.76955
-0.90653
-0.99629
-1.2217
-1.1634
-0.97426
-1.0031
-0.81277
-0.91524
-1.085
-1.1769
-1.4241
-1.284
-1.2713
-0.9195
-0.14807
0.427
-0.22
-1.0322
-1.7616
-1.2732
-1.0691
-0.62122
-0.69792
-1.2929
-1.3619
-1.1735
-0.7132
-0.8327
-1.1304
-1.7765
-1.4146
0.060638
0.31397
1.1889
0.87447
1.6706
1.2529
0.9895
1.1329
0.14418
-0.77317
-1.7958
-1.7447
-0.67132
-0.74396
-0.64339
0.055392
0.42415
1.3243
1.5322
1.0461
0.71926
0.97683
1.2149
1.5282
1.313
1.0339
0.46529
0.90905
0.90024
1.6562
1.0336
-0.73847
-1.0293
-0.92279
0.51779
0.46034
0.16719
-1.2708
-1.8939
-1.3168
-0.64262
-0.8932
-0.85005
-1.0358
-2.1614
-1.4092
-0.69009
-0.20056
0.21347
0.38069
1.3811
0.93948
-0.045303
-0.85113
-0.97083
-1.0141
-0.73422
-0.5406
-0.74915
-0.94498
-1.1981
-1.2236
-1.1657
-0.95167
-0.96303
-0.9755
-1.0378
-1.0284
-0.96788
-0.95553
-0.96946
-0.95518
-1.0273
-1.0628
-1.1518
-1.162
-1.1055
-1.0058
-0.9587
-0.9778
-1.0573
-1.157
-1.1944
-1.1027
-0.95994
-0.89643
-0.98898
-1.0737
-1.1047
-1.0449
-0.96806
-0.98977
-1.0435
-1.0209
-1.0662
-1.1306
-1.3919
-1.3992
-1.1351
0
0.64552
1.341
0.43007
-1.0503
0.86238
0.86587
2.3666
0
-0.57388
0.38983
1.9242
1.668
1.2779
0.46963
-0.26232
0
1.8059
1.1158
2.0661
0.94175
0.61521
0.589
-0.20897
-0.78061
-1.0497
-1.2551
-0.79124
-0.85418
-0.92536
-0.95948
-1.0129
-0.81323
-0.95327
-1.0249
-0.97489
-0.98071
-0.84832
-0.94219
-0.96818
-1.0712
-1.1454
-1.1049
-1.1734
-0.95184
-0.91562
-0.96132
-1.0573
-1.1142
-1.0489
-1.1673
-1.1737
-1.1694
-0.77756
-0.48776
-0.58046
-1.0068
-1.1661
-1.0609
-0.96217
-1.0361
-1.263
-1.2689
-1.1928
-0.92458
-0.83257
-0.50568
-0.63736
-0.87152
-0.93723
-1.0654
-1.0163
-0.9043
-0.98362
-1.0123
-1.048
-1.2813
-1.5043
-1.4044
-1.2218
-0.56255
-0.030199
0.55705
1.1054
1.613
1.5202
1.0412
0.12305
-2.0007
-1.2151
-0.52859
0.055862
-0.38113
-1.0115
-1.4472
-0.80151
-0.64418
-0.66125
-0.97995
-1.278
-1.1949
-0.99833
-0.9132
-0.92031
-1.1926
-1.1669
-1.0567
-0.64383
-0.73332
-0.90054
-1.3461
-1.432
-1.1867
-0.89005
-0.78941
-0.86363
-1.1279
-1.1259
-0.98612
-1.158
-1.0839
-1.2423
-1.2348
-0.70522
-0.53453
-0.45728
-0.75824
-1.0466
-1.0605
-0.92317
-0.74071
-0.88852
-1.0426
-1.1095
-1.0032
-1.1064
-1.0747
-1.2208
-1.1358
-1.1313
-1.0017
-0.93788
-0.81042
-0.8565
-0.72772
-0.75535
-0.85405
-1.195
-1.1827
-1.0985
-0.86442
-0.76301
-0.86248
-0.90685
-1.1389
-1.0027
-0.96215
-0.99471
-1.0971
-1.092
-1.0192
-0.89731
-0.86128
-0.97569
-1.0737
-1.0555
-1.051
-0.96625
-0.96794
-0.9715
-1.0062
-1.0173
-1.0841
-0.97784
-0.97759
-1.0985
-1.06
-1.1458
-1.0539
-0.9473
-0.8597
-0.86443
-0.9386
-1.0766
-0.9777
-0.94783
-0.95235
-1.1145
-1.1258
-1.0315
-0.85802
-0.91614
-1.0121
-1.0656
-0.9947
-1.0195
-1.0147
-1.0552
-1.0481
-1.0492
-0.89844
-0.98548
-1.0149
-1.1916
-1.3128
-1.301
-1.1408
-0.8863
-0.53606
-0.73699
-0.78666
-0.72045
-1.1248
-1.3497
-1.306
-0.89794
-1.0624
-0.86401
-0.93128
-0.52563
-0.59896
-0.6487
-0.75733
-1.1111
-1.1709
-1.1988
-1.015
-0.88128
-0.90396
-1.1401
-1.3441
-1.1704
-1.0896
-0.73588
-0.62543
-0.66674
-0.88082
-0.98268
-1.1137
-1.0441
-1.0112
-1.062
-1.0373
-1.1397
-1.1602
-1.2133
-1.1099
-1.0652
-0.90864
-0.64487
-0.56452
-0.90364
-1.1193
-1.1062
-0.99591
-0.80202
-0.90203
-0.90419
-1.0593
-1.1734
-1.2425
-1.274
-1.1243
-1.1653
-1.0871
-0.95936
-0.67632
-0.19779
0.72679
1.0756
1.2501
1.144
0.91371
1.3038
1.1258
0.51676
0.72489
0.90625
1.1645
1.1563
0.83024
0.71312
0.87127
0.92032
1.3724
1.2335
1.0058
0.98683
0.84271
1.0854
0.77571
0.74786
0.86127
1.4573
1.8285
1.6639
0.78233
-0.17977
-0.66929
-0.86162
-1.1153
-0.84451
-2.0684
-1.8968
-0.17617
-0.16463
0.44032
-0.32077
0.63857
1.3518
2.1548
0.43268
0
-1.322
-1.4812
-0.65504
-0.34417
-0.62235
-0.85429
-1.2554
-1.306
-1.1647
-1.0078
-1.0343
-0.924
-0.9361
-0.92953
-1.2753
-1.4399
-1.4417
-0.95265
-0.93127
-0.57908
-0.070935
-0.46949
0.31202
1.2943
1.1137
0.98001
0.6562
0.66323
1.0532
1.1712
1.2042
0.87719
0.98547
1.0379
1.294
1.1055
0.97922
0.7257
0.95799
1.0657
1.0915
0.90988
0.78232
0.91321
1.0635
1.1758
1.1049
1.0033
1.0449
1.2552
1.22
1.3174
1.0419
0.5834
0.58575
0.70873
0.83722
1.0099
0.94195
0.69307
0.77786
0.84031
0.8751
0.95219
0.94707
1.0955
1.416
2.0584
2.4216
1.886
1.0079
-0.29156
-0.27784
-0.35473
-0.38124
-0.28667
-0.53576
-0.66912
0.061022
0.71838
1.3202
1.2948
1.0466
0.72641
-0.40947
-0.73437
-0.92054
-1.1213
-0.87904
-0.7033
-0.87008
-0.87195
-0.97752
-1.1363
-1.3996
-1.4661
-1.421
-1.3186
-1.1407
-0.78469
-0.6822
-0.61343
-0.72577
0.081855
