-0.65219
-0.49214
-0.077305
0.1636
0.45337
0.54552
0.81121
0.79876
0.98879
1.1619
0.81035
1.2372
0.50139
0
-0.54995
-0.49392
0.12414
0.062089
-0.24718
-0.42837
-0.1809
-0.65044
-0.54823
-0.72878
-0.78616
-0.46994
-0.55094
-0.47864
-0.47862
-0.34619
-0.49159
-0.73502
-0.67439
-0.73725
-0.75696
-0.77079
-0.68033
-0.43852
-0.27411
-0.070126
-0.13166
-0.44339
-0.90243
-1.2439
-1.4511
-1.6347
-1.7288
-1.7983
-2.4446
-2.0541
-2.6436
-2.3299
-1.9948
-1.3405
-0.51841
-0.14623
0.073869
0.28349
0.58056
0.932
1.1567
1.3582
1.5151
1.5022
1.4551
1.3741
1.3478
1.3427
1.3307
1.2506
1.1719
1.0799
0.96415
0.86208
0.81248
0.77241
0.62247
0.51454
0.45
0.45643
0.56317
0.69992
0.79749
0.85946
0.90643
0.90347
0.87701
0.82006
0.82042
0.84446
0.78304
0.66359
0.48388
0.3055
0.1353
0.071705
0.013184
-0.27983
-0.43749
-0.89028
-1.07
-1.3839
-1.4654
-1.6882
-1.8076
-1.9067
-1.9996
-2.1149
-2.3554
-2.7454
-2.9777
-2.93
-2.582
-2.0185
-1.6144
-1.2052
-0.76759
-0.46347
-0.24875
-0.078229
0.0078724
0.0079221
0.095662
0.20054
0.34704
0.48717
0.57175
0.67364
0.48743
0.53992
0.51771
0.60424
0.7252
0.85557
1.0549
1.1446
1.1404
1.0068
0.72518
0.42433
0.23448
0
-0.23571
-0.52507
-0.85961
-1.1429
-1.3658
-1.3778
-1.3191
-1.3225
-1.1926
-1.0801
-1.2896
-1.9323
-2.2467
-2.3562
-2.0306
-1.4555
-0.78263
-0.074128
0.60646
0.94002
1.3077
1.5485
1.6497
1.588
1.2699
0.78617
0.27177
-0.20371
-0.56709
-0.85621
-0.89906
-0.90023
-0.83626
-0.6494
-0.49082
-0.44087
-0.48105
-0.80051
-1.1747
-1.7358
-1.9481
-1.8598
-1.6943
-1.4496
-1.3115
-0.98117
-0.73388
-0.5466
-0.40809
-0.49827
-0.5112
-0.40844
-0.20362
-0.063337
-0.012587
0.037453
-0.11124
-0.21985
-0.15662
-0.023723
0.22147
0.59457
0.90684
1.2147
1.3881
1.6227
1.7806
1.8865
1.9915
1.9751
1.8662
1.7173
1.5831
1.4792
1.3797
1.3595
1.2522
1.0813
0.82785
0.64954
0.44616
0.30463
0.2074
0.13345
-0.026855
-0.27524
-0.84447
-1.0132
-1.1628
-0.94615
-0.67938
-0.47049
-0.14886
0.16221
0.42378
0.6359
0.87307
1.0811
1.2508
1.3622
1.4477
1.4901
1.5092
1.5239
1.5271
1.4706
1.4282
1.3661
1.3135
1.2857
1.2948
1.3067
1.2938
1.2869
1.2447
1.2068
1.1689
1.1711
1.1795
1.1898
1.2117
1.2052
1.1611
1.1081
1.097
1.1147
1.146
1.1857
1.1723
1.1557
1.0821
1.0629
0.93027
0.66782
0.37757
0
-0.31282
-0.59057
-0.7374
-1.1238
-1.1688
-1.0027
-0.74353
-0.38409
-0.38218
-0.1964
-0.014379
-0.014696
-0.029952
-0.16737
-0.57028
-1.0585
-1.3948
-1.6677
-1.7479
-1.6816
-1.4077
-1.273
-0.93748
-0.91062
-0.70278
-0.44099
-0.014421
0.4519
0.78689
1.0376
1.3003
1.3811
1.4429
1.4627
1.4089
1.1513
0.80758
0.39722
0
-0.37417
-0.50078
-0.66769
-0.81587
-0.95589
-1.15
-0.95792
-0.57555
-0.1303
0.30245
0.55294
0.93081
1.2423
1.4699
1.5538
1.6864
1.7186
1.7448
1.7517
1.7197
1.6701
1.5167
1.4596
1.3916
1.3911
1.4439
1.4456
1.4227
1.3106
1.2642
1.1541
1.077
1.0778
1.1759
1.0935
0.69359
0.31176
0.084616
-0.013047
0.12422
0.045868
0.0197
0.019739
0.072508
0.033011
0.11239
0.13236
0.12584
-0.05963
-0.20541
-0.48356
-0.68845
-0.99857
-1.3076
-1.4966
-1.6843
-1.8904
-2.1539
-2.5655
-2.551
-2.3933
-2.0295
-1.9256
-2.0083
-2.0582
-2.0504
-1.8205
-1.4724
-1.0389
-0.5709
-0.23132
-0.19941
-0.29819
-0.32211
-0.037068
0.30817
0.57815
0.76743
0.90729
1.0471
1.0584
1.0885
1.0944
1.0885
1.1441
1.0839
0.98709
0.81668
0.6521
0.43774
0.26577
0.099165
-0.099469
-0.32435
-0.54461
-0.66609
-0.78866
-0.84903
-0.84006
-0.78637
-0.75155
-0.80682
-0.96648
-1.2581
-1.4283
-1.5145
-1.3832
-1.2836
-1.2565
-1.5245
-1.8758
-2.3046
-2.301
-2.1327
-2.0586
-2.1005
-2.1281
-1.9195
-1.5077
-0.91912
-0.3418
0.076837
0.38454
0.60158
0.71352
0.75516
0.86625
0.92786
0.90528
0.87545
0.81075
0.71155
0.56453
0.53497
0.49182
0.44889
0.40625
0.3437
0.275
0.17356
0.079723
0.0066127
-0.11191
-0.22943
-0.40482
-0.62458
-0.86261
-1.035
-1.175
-1.2894
-1.3659
-1.4498
-1.5415
-1.6865
-1.7236
-1.7757
-1.7319
-1.6894
-1.5952
-1.5079
-1.4948
-1.5101
-1.6029
-1.7344
-1.6096
-1.6546
-1.6805
-1.738
-1.7986
-1.801
-1.7887
-1.6252
-1.4147
-1.129
-0.82262
-0.6153
-0.39861
-0.13583
0.15737
0.3785
0.45452
0.41498
0.4238
0.33989
0.28369
0.24635
0.27275
0.29979
0.23708
0.034403
-0.19782
-0.4482
-0.50157
-0.51934
-0.52463
-0.48013
-0.50874
-0.71207
-0.9674
-1.1612
-1.3935
-1.5242
-1.6796
-1.7066
-1.7578
-1.935
-1.9835
-2.0181
-2.0135
-2.0206
-2.0395
-2.0452
-1.8252
-1.4696
-1.2777
-1.0997
-0.88605
-0.57609
-0.24418
0.04865
0.31506
0.37431
0.51745
0.64773
0.74145
0.56047
0.24976
-0.023728
-0.16572
-0.25985
-0.27112
-0.3059
-0.41104
-0.59789
-0.71388
-1.0281
-1.2594
-1.3269
-1.2662
-1.3097
-1.3876
-1.5684
-1.7133
-1.8681
-1.8955
-1.9674
-2.0265
-1.7685
-1.6355
-1.2582
-1.1392
-0.80156
-0.62097
-0.60491
-0.68505
-0.79501
-0.62944
-0.49805
-0.1641
0.08106
0.39018
0.80963
1.0616
1.1812
1.1738
1.1474
0.99252
0.86
0.78467
0.72898
0.68351
0.60525
0.50409
0.42245
0.24512
0.16934
0.015927
-0.19676
-0.49825
-0.85554
-1.1229
-1.2959
-1.3022
-1.3774
-1.7071
-2.2523
-2.5014
-2.546
-2.0741
-1.5958
-1.1987
-1.0102
-0.82821
-0.69801
-0.39553
-0.023562
0.49391
0.89014
1.1854
1.2915
1.2062
1.0223
0.75943
0.6676
0.63714
0.42272
0.37458
0.30357
0.57151
0.94983
1.4797
1.8797
2.1836
2.3468
2.3693
2.215
1.9222
1.6647
1.3135
0.94589
0.57698
0.30666
-0.028229
-0.31374
-0.3019
-0.15904
0.2611
0.71139
0.79721
0.73624
0.47331
0.22746
-0.084348
-0.29129
-0.40971
-0.50995
-0.52649
-0.65727
-0.54178
-0.41825
-0.14396
0.035065
0.15931
0.07751
-0.21542
-0.59717
-0.97837
-1.2
-1.3324
-1.4298
-1.6145
-1.8358
-1.9345
-2.005
-1.9488
-1.8148
-1.5988
-1.488
-1.3591
-1.3296
-1.35
-1.3191
-1.2915
-1.1825
-1.0533
-0.97236
-0.89293
-0.90062
-1.0689
-1.1315
-1.3614
-1.4278
-1.4148
-1.3431
-1.1813
-1.0946
-0.90113
-0.73541
-0.58949
-0.47527
-0.48142
-0.58776
-0.72491
-0.75269
-0.73228
-0.67063
-0.58966
-0.65437
-0.73733
-1.2602
-1.5863
-2.1254
-2.0975
-1.6666
-1.0442
-0.40025
-0.074632
0.2863
0.44787
0.5745
0.60285
0.71127
0.12292
-0.22648
-0.53623
-0.61781
-0.22548
-0.081353
-0.020118
-0.69443
-1.2487
-1.3586
-1.3102
-0.98625
-0.56904
-0.086395
0.5363
1.0387
1.2243
1.1979
0.62939
0.33888
0.027233
-0.23633
-0.43051
-0.76958
-1.6037
-2.0506
-2.1042
-1.6853
-1.0135
-0.55231
0.019535
0.63766
1.0871
1.427
1.6038
1.6894
1.7151
1.6416
1.5396
1.393
1.3015
1.2139
1.2038
1.2543
1.2417
1.1485
0.98115
0.87222
0.76266
0.69512
0.69738
0.67387
0.62295
0.52392
0.39232
0.1862
0.050245
-0.1341
-0.33913
-0.78451
-1.1545
-1.4071
-1.6736
-1.7223
-1.7342
-1.5765
-1.5535
-1.4858
-1.3558
-1.2453
-1.0391
-0.82153
-0.51734
-0.17014
0.37647
0.74587
1.201
1.3375
1.2774
1.3752
1.0328
0.93081
0.8114
0.51887
0.20138
-0.015215
-0.23837
-0.4218
-0.6938
-1.0172
-1.3043
-1.4269
-1.3255
-1.0721
-0.84599
-0.6572
-0.67065
-0.82102
-1.0322
-1.0938
-1.0775
-0.9523
-0.78122
-0.61672
-0.52348
-0.45153
-0.30047
-0.2497
-0.1732
-0.1602
-0.25797
-0.38496
-0.54299
-0.65547
-0.71322
-0.75846
-0.89
-1.1478
-1.819
-2.1272
-2.6895
-2.4322
-2.5129
-2.1223
-1.6857
-1.1311
-0.54367
-0.15198
0.12243
0.38134
0.61245
0.84801
1.0241
1.2134
1.3285
1.4106
1.4465
1.4668
1.4849
1.4701
1.4799
1.4428
1.2835
1.1305
1.0178
1.0006
1.0179
1.0214
1.0317
1.0383
1.0166
0.96652
0.89822
0.82574
0.75616
0.68958
0.60499
0.50958
0.43161
0.31863
0.18506
-0.0034797
-0.18715
-0.34497
-0.4633
-0.5255
-0.62062
-0.68731
-0.76956
-0.87033
-1.0057
-1.1846
-1.273
-1.3761
-1.4297
-1.5048
-1.5697
-1.7155
-1.7666
-1.8488
-1.8172
-1.7992
-1.6393
-1.4758
-1.2963
-1.1942
-1.1177
-1.0787
-1.0285
-0.99151
-0.94929
-0.90478
-0.88242
-0.84225
-0.86808
-0.92383
-1.0042
-1.0038
-0.98822
-0.89031
-0.76326
-0.6326
-0.5222
-0.4901
-0.56674
-0.696
-0.90104
-0.91649
-0.95742
-0.91372
-0.83774
-0.81887
-0.83958
-0.93159
-1.1209
-1.342
-1.484
-1.485
-1.512
-1.6241
-1.718
-1.8275
-1.8848
-1.9552
-1.927
-1.8729
-1.4481
-0.9401
-0.49984
-0.12028
0.076746
0.3989
0.63652
0.88058
1.0152
1.0351
0.97803
0.82539
0.77075
0.61213
0.61335
0.58795
0.60417
0.52607
0.42242
0.26884
0.11682
0.091069
0.098481
0.097547
-0.088513
-0.31845
-0.53543
-0.69296
-0.85453
-0.99721
-1.1368
-1.2885
-1.4005
-1.4816
-1.6343
-1.7424
-1.7859
-1.6323
-1.5243
-1.4748
-1.5665
-1.6314
-1.6492
-1.5511
-1.5448
-1.4708
-1.4259
-1.2147
-1.0591
-0.95935
-0.94442
-1.0016
-1.0605
-1.0775
-1.1027
-1.0919
-1.1939
-1.4048
-1.4364
-1.5854
-1.4155
-1.3208
-1.1028
-0.81411
-0.44448
-0.10813
0.15962
0.45789
0.50457
0.4826
0.39912
0.37526
0.27182
0.20242
0.28235
0.4153
0.52149
0.56521
0.68748
0.77324
0.92754
1.0707
1.2632
1.3316
1.3212
1.2845
1.2391
1.2352
1.1814
1.0714
0.7947
0.508
0.1962
-0.10087
-0.36826
-0.56147
-0.72052
-0.92835
-1.0954
-1.2815
-1.4934
-1.6166
-1.7172
-1.7751
-1.9102
-1.9823
-2.041
-1.9766
-1.8728
-1.7163
-1.596
-1.627
-1.6044
-1.3994
-1.2361
-1.0462
-0.82937
-0.61248
-0.34755
-0.027304
0.09574
0.26724
0.35019
0.45414
0.46888
0.55963
0.71988
0.8667
0.95129
0.9733
1.0159
0.97477
0.87056
0.73817
0.52205
0.24343
-0.055576
-0.20809
-0.3808
-0.53889
-0.62719
-0.80425
-1.1104
-1.5512
-1.6554
-1.7723
-1.7531
-1.8623
-1.9642
-2.1463
-1.7191
-1.6616
-1.3052
-1.0105
-0.63737
0.006634
0.43773
0.55066
0.51797
0.44564
0.48665
0.69538
0.97985
1.1797
1.2062
1.1317
1.0089
1.0649
1.2131
1.4491
1.5625
1.6287
1.6101
1.4597
1.2023
1.0066
0.77583
0.42366
-0.039008
-0.65584
-1.0563
-1.2801
-1.1235
-0.93749
-0.90593
-0.9153
-0.94963
-0.8714
-0.60838
-0.13116
0.39534
0.87255
1.183
1.2888
1.2777
1.2905
1.4055
1.4556
1.4503
1.3827
1.1213
0.80736
0.39664
0.095257
-0.13986
-0.22017
-0.28883
-0.36064
-0.55416
-0.74944
-0.92534
-1.0249
-1.1476
-1.2246
-1.1961
-1.1846
-1.1779
-1.1703
-1.2383
-1.2273
-1.1831
-1.109
-1.0035
-0.8567
-0.67649
-0.52289
-0.34198
-0.25193
-0.14375
-0.23665
-0.48868
-0.7808
-1.0177
-1.1416
-1.1788
-1.3933
-1.664
-1.9871
-2.0292
-2.058
-1.7825
-1.3558
-0.81549
-0.32816
0.15
0.47392
0.73363
0.90668
1.041
1.1626
1.2615
1.364
1.3955
1.4362
1.4618
1.5071
1.5331
1.5348
1.5373
1.5324
1.5041
1.4345
1.3619
1.2816
1.206
1.1525
1.0475
0.84722
0.59703
0.32741
0.038079
-0.19359
-0.31955
-0.3941
-0.4399
-0.49141
-0.55897
-0.6742
-0.64828
-0.61574
-0.48049
-0.47727
-0.48954
-0.4851
-0.56636
-0.60928
-0.66764
-0.69829
-0.74421
-0.81057
-0.89173
-1.0455
-1.2025
-1.3676
-1.4526
-1.4488
-1.399
-1.3142
-1.3624
-1.3954
-1.5941
-1.7269
-1.9095
-1.889
-1.7562
-1.5711
-1.3878
-1.1909
-1.0641
-0.9528
-0.85173
-0.77074
-0.68467
-0.6692
-0.69506
-0.80977
-0.98481
-1.0223
-1.0561
-1.2052
-1.3976
-1.563
-1.5536
-1.2977
-1.0686
-1.0694
-1.0642
-0.99735
-0.79621
-0.38948
-0.16256
0.16553
0.38422
0.54194
0.74668
1.0074
1.175
1.2734
1.3215
1.2791
1.0971
0.73975
0.14014
-0.44
-0.87912
-0.9489
-0.90608
-0.77312
-0.57359
-0.20236
0.12151
0.42919
0.68734
1.0083
1.3184
1.6409
1.8555
1.908
1.8169
1.6557
1.4494
1.1535
0.92284
0.6731
0.57742
0.48332
0.58988
0.69477
0.92147
1.1522
1.2512
1.2714
1.2073
1.1868
1.1463
1.1558
1.2078
1.1566
1.0998
0.99566
0.94088
0.81068
0.63213
0.39734
0.091033
-0.32389
-0.68744
-0.98531
-1.2312
-1.4026
-1.5124
-1.5069
-1.4572
-1.4071
-1.3334
-1.313
-1.2132
-1.0625
-0.90733
-0.82213
-0.78483
-0.8149
-0.95051
-0.9841
-1.0095
-0.95297
-0.95
-0.98433
-0.96152
-1.0448
-1.1597
-1.1766
-1.2339
-1.1884
-1.1617
-1.0804
-1.1354
-1.1907
-1.1585
-0.95928
-0.77803
-0.53733
-0.61957
-0.72488
-0.79646
-0.63955
-0.45814
-0.36728
-0.10343
-0.091985
-0.068974
-0.25268
-0.45869
-0.80095
-1.0041
-1.1487
-1.269
-1.4667
-1.5499
-1.4752
-1.4009
-1.2938
-1.1657
-1.006
-1.0329
-1.1243
-1.2148
-1.3257
-1.4143
-1.4071
-1.5056
-1.6141
-1.6492
-1.4767
-1.2128
-0.79595
-0.40226
-0.061786
0.12345
0.30851
0.44233
0.55604
0.74266
0.95127
1.1618
1.2392
1.2555
1.3149
1.3865
1.46
1.5893
1.5809
1.5077
1.5002
1.3708
1.0928
0.83178
0.59956
0.5486
0.44919
0.34728
0.25483
-0.098386
-0.52355
-0.64441
-0.75561
-0.58405
-0.63121
-0.57273
-0.5394
-0.50488
-0.37258
-0.23705
-0.23935
-0.38345
-0.74414
-1.2243
-1.7229
-1.8893
-1.8354
-1.8951
-1.7768
-1.7574
-1.7494
-1.9248
-1.7945
-1.6629
-1.3357
-0.87732
-0.63336
-0.40976
-0.46571
-0.61901
-0.99707
-1.2208
-1.4052
-1.2932
-0.96725
-0.48228
-0.60583
-1.2137
-1.3612
-1.3859
-0.8223
-0.45094
-0.26664
0.029992
0.22933
0.36302
0.4976
0.61356
0.66489
0.70543
0.67055
0.61168
0.51161
0.33622
0.12206
-0.40324
-0.76218
-1.2899
-1.2107
-1.4578
-1.2764
-0.96074
-0.50757
0.14647
0.55815
0.85543
1.0311
1.1878
1.2896
1.3999
1.5846
1.7419
1.8522
1.8573
1.8669
1.8354
1.8144
1.8004
1.7567
1.6479
1.5301
1.4641
1.3889
1.3484
1.3196
1.2772
1.2015
1.135
1.0975
1.0866
1.059
1.0443
1.0329
0.97367
0.91429
0.84883
0.75792
0.6981
0.65273
0.67893
0.63346
0.56173
0.49223
0.37255
0.27048
0.20359
0.1028
-0.071637
-0.20759
-0.35917
-0.46914
-0.57632
-0.59377
-0.57802
-0.59121
-0.60951
-0.62524
-0.681
-0.70448
-0.70473
-0.72931
-0.78866
-0.79389
-0.77966
-0.76516
-0.77824
-0.80034
-0.8359
-0.90374
-0.94779
-1.1064
-1.2652
-1.4026
-1.5036
-1.5801
-1.6634
-1.6289
-1.5274
-1.3624
-1.32
-1.3042
-1.3852
-1.4422
-1.465
-1.5098
-1.5694
-1.5889
-1.5196
-1.4307
-1.3021
-1.1812
-1.0675
-1.04
-1.0504
-1.0803
-1.1139
-1.1162
-1.1069
-1.0702
-1.0713
-1.0329
-1.0289
-1.0805
-1.1195
-1.1377
-1.0547
-0.99547
-0.82923
-0.68037
-0.59996
-0.50045
-0.37909
-0.25164
-0.11822
-0.052046
-0.032974
-0.18553
-0.28105
-0.20574
-0.01351
0.14168
0.38555
0.58852
0.62937
0.75487
1.1132
1.565
1.874
2.1952
2.1739
2.0843
1.7591
1.6243
1.4169
1.264
1.2343
0.87364
0.61554
0.08834
-0.088592
-0.28828
-0.2217
0.17709
0.57398
0.8358
0.81012
0.78411
0.67131
0.68868
0.91941
1.1257
1.2025
1.404
1.4989
1.6963
1.7682
1.8398
1.8095
1.4768
0.82565
0.20054
-0.73923
-1.0753
-1.231
-1.01
-0.88913
-0.86764
-0.57083
-0.6878
-0.74558
-1.0383
-1.1735
-1.1519
-1.0326
-0.8747
-0.69785
-0.5217
-0.34649
-0.28747
-0.43854
-0.49282
-0.71544
-0.97157
-1.2411
-1.0825
-0.56277
0
0.69093
1.0484
1.2222
1.2028
1.1657
1.063
0.97863
0.89621
0.75433
0.51203
0.19136
-0.11501
-0.37885
-0.75276
-0.97402
-1.2872
-1.3678
-1.5169
-1.4407
-1.4139
-1.3875
-1.3947
-1.5302
-1.721
-1.871
-1.8836
-1.7693
-1.6133
-1.3259
-1.07
-0.8966
-0.84394
-0.87933
-0.90586
-0.82513
-0.63401
-0.40894
-0.24556
-0.17241
-0.21742
-0.34675
-0.50544
-0.67841
-0.6839
-0.6904
-0.60689
-0.43302
-0.32761
-0.29076
-0.24626
-0.36426
-0.5549
-0.76543
-0.99711
-1.1786
-1.1858
-1.0615
-0.95947
-1.4789
-2.4587
-3.1717
-3.6851
-3.5215
-3.1654
-2.6345
-1.7265
-0.7459
-0.029949
0.46687
0.68058
0.71185
0.72198
0.74223
0.82729
0.89106
0.88811
0.7718
0.69761
0.48584
0.23783
-0.090645
-0.49782
-0.92459
-1.2672
-1.3469
-1.1799
-0.77406
-0.33349
-0.042381
-0.05208
-0.091997
-0.010015
0.11756
0.33493
0.52277
0.67309
0.70828
0.60269
0.42671
0.15439
-0.039442
-0.1225
-0.24518
-0.44705
-0.64393
-0.89715
-1.1754
-1.3545
-1.4864
-1.5083
-1.6245
-1.6895
-1.8543
-1.9138
-1.9781
-1.8878
-1.8343
-1.7696
-1.6637
-1.6682
-1.6803
-1.7245
-1.6929
-1.6405
-1.7511
-1.7824
-1.8798
-1.6565
-1.3328
-0.93472
-0.57715
-0.32877
-0.060476
0.16856
0.32153
0.42196
0.50512
0.58126
0.44276
0.43601
0.38226
0.50105
0.6515
0.97051
1.2234
1.2277
1.323
1.2364
1.3525
1.329
1.2068
0.91785
0.70157
0.53111
0.37541
0.13256
-0.078303
-0.26292
-0.44896
-0.63555
-0.68841
-0.66314
-0.79969
-0.85775
-1.0287
-1.2188
-1.1687
-1.1402
-0.87837
-0.9348
-1.7307
-2.1918
-2.5731
-2.7828
-2.6697
-2.6507
-2.3478
-1.5874
-1.0879
-0.89335
-1.0562
-1.1561
-1.3054
-1.1867
-0.84169
-0.44365
-0.13979
0.024687
0.28696
0.35812
0.40082
0.43893
0.38003
0.32452
0.20676
0.053802
-0.24775
-0.74795
-1.5381
-0.25701
-0.55785
0.15227
0.06915
0.51947
1.3562
1.4789
1.0072
0.14207
-0.33206
-0.26832
0.1328
0.60846
0.95282
1.1964
1.3433
1.4429
1.5039
1.5335
1.5774
1.6094
1.6465
1.6147
1.5968
1.5561
1.4903
1.4501
1.4053
1.3821
1.342
1.2877
1.2421
1.1752
1.1191
1.1166
1.1229
1.1386
1.1347
1.1031
1.0207
0.92818
0.86768
0.83814
0.82303
0.84003
0.86744
0.89306
0.907
0.96087
0.98345
1.0394
1.1165
1.1519
1.1944
1.1851
1.2684
1.3341
1.4013
1.4856
1.411
1.3228
1.0922
0.9236
0.70861
0.42558
0.17661
-0.053016
-0.31239
-0.49007
-0.50397
-0.51541
-0.49146
-0.49782
-0.49085
-0.53401
-0.43976
-0.2685
-0.15408
-0.027866
0.080354
0.11121
0.024522
-0.16363
-0.34104
-0.63392
-0.86235
-1.0526
-1.1726
-1.5287
-2.182
-2.3869
-2.3637
-2.1123
-1.4111
-0.97083
-0.16738
0.45903
0.52167
0.15703
-0.19458
-0.23369
0.090397
0.55608
0.8782
1.0016
1.0771
1.1505
1.3077
1.4058
1.513
1.5909
1.6312
1.6337
1.5978
1.584
1.5582
1.5576
1.5638
1.5604
1.5225
1.475
1.4342
1.4151
1.3582
1.334
1.2843
1.2396
1.1605
1.0883
1.0237
0.99231
0.9724
0.95463
0.87166
0.79136
0.72673
0.65477
0.60152
0.556
0.56935
0.44196
0.37283
0.33724
0.31455
0.3558
0.49112
0.59636
0.58073
0.545
0.5067
0.45701
0.41445
0.37959
0.26
0.083639
-0.074259
-0.24062
-0.40534
-0.54026
-0.54544
-0.61308
-0.70582
-0.88487
-1.1301
-1.4308
-1.7168
-1.8444
-2.0712
-2.0529
-2.0281
-1.8081
-1.6419
-1.5282
-1.4336
-1.4223
-1.5827
-1.8587
-2.1708
-2.3257
-2.2406
-2.1166
-1.8111
-1.5948
-1.1125
-0.73999
-0.51503
-0.45219
-0.37863
-0.41285
-0.46717
-0.60934
-0.74732
-0.92025
-0.98864
-0.97683
-1.058
-1.1304
-0.97626
-0.88165
-0.71564
-0.70233
-0.61863
-0.58975
-0.47759
-0.23417
0.023484
0.16446
0.17586
0.16341
0.19707
0.33304
0.49941
0.66032
0.74877
0.8649
0.97469
0.93276
0.85031
0.79978
0.77925
0.8335
0.87464
0.96574
0.96485
0.98013
1.0757
1.1263
1.2284
1.3485
1.3753
1.3589
1.2602
1.2223
1.1672
1.1761
1.2265
1.2587
1.2801
1.2463
1.2414
1.2141
1.1963
1.252
1.2534
1.2253
1.1799
1.1629
1.148
1.1488
1.2155
1.2874
1.3203
1.3567
1.4909
1.505
1.5459
1.538
1.5562
1.4361
1.2869
1.1052
0.89816
0.80255
0.7427
0.78017
0.75908
0.69784
0.56766
0.36318
0.37256
0.35394
0.51385
0.6356
0.62997
0.6653
0.55316
0.36492
0.32077
0.23212
0.057515
0.014195
-0.05584
-0.1778
-0.4005
-0.45447
-0.55385
-0.64468
-0.76179
-0.93474
-0.96085
-1.1051
-1.1341
-1.1849
-1.1195
-0.98871
-0.94047
-1.0487
-1.2909
-1.5217
-2.0475
-2.161
-2.0507
-1.8967
-1.4341
-1.0889
-0.37783
0.20657
0.20893
0.050544
-0.21839
-0.2687
-0.067595
0.32203
0.72404
1.025
1.2676
1.4561
1.5672
1.6346
1.6824
1.6849
1.684
1.6456
1.6033
1.4994
1.3858
1.2806
1.1675
1.1453
1.1324
1.1623
1.157
1.1617
1.1502
1.0938
1.0213
0.96427
0.93881
0.86604
0.82536
0.72747
0.62266
0.52186
0.47961
0.46491
0.45501
0.48352
0.49264
0.48033
0.40802
0.4655
0.54869
0.76262
1.0193
1.2619
1.3852
1.3537
1.4334
1.386
1.3707
1.3984
1.3766
1.3322
1.1981
1.2525
1.2565
1.2774
1.3153
1.2831
1.1625
1.0412
0.97683
0.77098
0.69822
0.69055
0.66409
0.59271
0.43408
0.37555
0.30123
0.35611
0.40087
0.44419
0.35652
0.18362
-0.055083
-0.35695
-0.61251
-0.80133
-0.97113
-1.1304
-1.2946
-1.4787
-1.69
-1.7858
-1.8045
-1.7403
-1.6717
-1.5776
-1.4858
-1.4383
-1.4703
-1.4763
-1.4059
-1.43
-1.3911
-1.3753
-1.3757
-1.3853
-1.2979
-1.2172
-1.1272
-0.99534
-0.95683
-0.88441
-0.84331
-0.73196
-0.6424
-0.54892
-0.36829
-0.2262
-0.19304
-0.32626
-0.4558
-0.68492
-0.73361
-0.65344
-0.54648
-0.49091
-0.52563
-0.66884
-0.81765
-0.82229
-0.77516
-0.58264
-0.50073
-0.73668
-0.91096
-1.3507
-1.6042
-1.6775
-1.5786
-1.5326
-1.4832
-1.474
-1.5199
-1.4617
-1.4152
-1.3088
-1.3868
-1.3616
-1.3763
-1.388
-1.3556
-1.1056
-0.84825
-0.71536
-0.70089
-0.69815
-0.60896
-0.4753
-0.27791
-0.033817
-0.076743
-0.55403
-0.84852
-1.3059
-1.4817
-1.3431
-1.3399
-1.1043
-0.82995
-0.70528
-0.58747
-0.55545
-0.47888
-0.51178
-0.53597
-0.45899
-0.83478
-0.74217
-1.0384
-0.70906
-0.16963
0.37968
1.0938
1.5111
1.6491
1.6765
1.3793
0.8396
0.32726
0.14234
0.41022
0.77563
1.0786
1.3065
1.4645
1.6686
1.8882
2.0233
2.0626
2.0496
2.0236
1.9833
1.9345
1.9382
1.9344
1.8076
1.6143
1.34
1.0846
0.85926
0.75167
0.80117
0.73326
0.7317
0.63504
0.47926
0.41339
0.39936
0.42906
0.45877
0.43014
0.35272
0.34403
0.29853
0.4916
0.67256
0.76801
0.90904
0.89201
0.84952
0.72408
0.70366
0.53444
0.46991
0.42861
0.33415
0.19005
-0.13429
-0.35344
-0.47349
-0.67422
-0.63934
-0.66996
-0.71681
-0.84012
-0.98352
-1.1041
-1.1792
-1.2522
-1.3235
-1.5099
-1.7
-1.7668
-1.7977
-1.6474
-1.4592
-1.3128
-1.1924
-1.1907
-1.2351
-1.297
-1.3843
-1.4538
-1.5279
-1.5619
-1.4857
-1.3093
-1.6263
-2.0312
-2.2509
-2.2051
-1.9164
-1.7559
-1.6879
-1.3799
-0.87725
-0.43254
-0.11424
0.12871
0.27693
0.36599
0.25968
0.073037
0.037625
0.27103
0.59684
1.007
0.86402
0.52701
0.08716
0.044345
0.24007
0.59251
0.87457
1.02
1.1023
0.93329
0.93258
0.82101
0.66218
0.50395
0.13597
-0.25353
-0.58762
-0.54881
-0.49605
-0.37491
-0.29885
-0.25217
-0.38859
-0.5557
-0.62755
-0.81474
-1.0495
-1.339
-1.5345
-1.7078
-1.7455
-1.7193
-1.7336
-1.6019
-1.552
-1.4586
-1.6026
-1.7664
-2.1111
-2.4831
-2.7992
-2.7185
-2.3275
-1.8443
-1.2883
-0.90128
-0.68134
-0.54804
-0.43325
-0.392
-0.38658
-0.57899
-0.77335
-0.92992
-0.96489
-0.88252
-0.7637
-0.67303
-0.50898
-0.42924
-0.41274
-0.42103
-0.36274
-0.25164
-0.1069
-0.017665
-0.040876
-0.12164
-0.30459
-0.45627
-0.61711
-0.75891
-0.80401
-0.86536
-0.92618
-0.96463
-0.9866
-1.0955
-1.2846
-1.435
-1.6062
-1.7128
-1.8514
-1.9212
-1.997
-1.973
-1.8973
-1.6588
-1.5164
-1.4276
-1.3499
-1.3681
-1.3286
-1.3375
-1.2722
-1.2338
-1.174
-1.1142
-1.2932
-1.3268
-1.4818
-1.4786
-1.3534
-1.2047
-1.0093
-0.89073
-0.84438
-0.78597
-0.70958
-0.66673
-0.59439
-0.54438
-0.49375
-0.4775
-0.37338
-0.29205
-0.21623
-0.16361
-0.17513
-0.22148
-0.31399
-0.35361
-0.43893
-0.54626
-0.66371
-0.81369
-0.97287
-1.1297
-1.2059
-1.3029
-1.3489
-1.3285
-1.3302
-1.4292
-1.6131
-1.6196
-1.4627
-1.2292
-1.0092
-0.91727
-0.86864
-0.8107
-0.8271
-0.94441
-1.027
-1.0856
-1.1414
-1.3292
-1.8115
-1.8569
-2.2537
-2.0417
-1.7968
-1.3201
-0.81186
-0.51578
-0.44712
-0.4408
-0.27841
-0.042134
0.31287
0.61172
0.92651
1.071
1.1593
1.2724
1.4223
1.7301
1.83
1.6592
1.2461
0.65154
0.42553
0.60923
0.97926
1.226
1.4456
1.5582
1.6269
1.409
1.2701
0.96827
0.52882
0.29529
-0.07049
-0.33841
-0.57381
-0.52149
-0.62866
-0.66118
-0.54896
-0.36708
-0.17189
-0.16841
-0.016441
-0.19196
-0.29478
-0.5401
-0.41957
-0.27835
-0.30724
-0.4351
-0.59974
-0.8768
-0.79201
-0.84028
-0.80089
-0.80192
-0.9578
-1.2208
-1.4584
-1.5214
-1.5317
-1.4084
-1.2668
-1.1364
-1.0227
-0.9618
-0.97278
-0.93712
-1.0252
-1.1213
-1.2585
-1.3761
-1.424
-1.4476
-1.4181
-1.4378
-1.4358
-1.3778
-1.3386
-1.3126
-1.186
-1.1608
-1.1328
-1.1271
-1.1845
-1.2969
-1.4773
-1.4692
-1.4144
-1.205
-0.96599
-0.87236
-0.8278
-0.96172
-0.91754
-0.95938
-0.89299
-0.88241
-0.87739
-0.75972
-0.62106
-0.45296
-0.47059
-0.45009
-0.5213
-0.54675
-0.75734
-0.80958
-0.84504
-0.74554
-0.67624
-0.56179
-0.47044
-0.46316
-0.5407
-0.44566
-0.42704
-0.44173
-0.60719
-0.76886
-0.95909
-1.0372
-1.2084
-1.373
-1.4135
-1.3434
-1.244
-1.2062
-1.1977
-1.096
-1.0255
-0.9162
-0.83759
-0.95228
-1.146
-1.4899
-1.5359
-1.4952
-1.349
-1.1085
-0.87659
-0.72072
-0.66506
-0.84829
-1.2118
-1.5988
-2.1899
-1.6784
-1.9267
-1.5132
-1.4093
-1.2879
-0.70559
-0.26075
0.019975
-0.079649
-0.16888
-0.19347
0.1686
0.58052
0.94906
1.1754
1.324
1.4347
1.4669
1.3384
1.1633
1.0175
0.96866
1.0189
1.0126
0.78301
0.43067
0.26131
0.23686
0.36805
0.5027
0.64106
0.88201
1.0593
1.1703
1.2847
1.3165
1.3806
1.4721
1.5792
1.6045
1.5705
1.5081
1.3814
1.341
1.3059
1.3054
1.2457
1.191
1.1265
0.97502
0.86514
0.80685
0.93097
1.0988
1.3038
1.4718
1.5331
1.5349
1.5357
1.4389
1.2502
1.003
0.7411
0.53777
0.39498
0.34223
0.34433
0.26196
0.34768
0.32061
0.29307
0.17045
0.094758
-0.047366
-0.20815
-0.2832
-0.24466
-0.42169
-0.57804
-0.83405
-1.086
-1.3333
-1.5572
-1.8206
-2.0065
-1.9848
-1.7886
-1.6042
-1.4487
-1.3213
-1.2131
-1.2619
-1.3249
-1.3542
-1.3355
-1.1092
-0.92689
-0.89196
-1.1096
-1.3364
-1.3344
-1.1119
-0.65545
-0.27894
0.16572
0.39002
0.50219
0.55241
0.5355
0.51931
0.47065
0.45589
0.21756
0.092203
-0.24371
-0.53422
-0.97194
-1.2676
-1.614
-1.8723
-2.0079
-2.0185
-2.0592
-2.2353
-2.3688
-2.3438
-1.9434
-1.5103
-1.1839
-1.0529
-0.86326
-0.61104
-0.29179
0
0.407
0.57313
0.65862
0.67553
0.80576
1.0295
1.038
0.63005
0.21944
-0.37616
-0.81814
-0.95542
-0.99458
-0.68604
-0.28468
0.11452
0.26149
0.44311
0.68903
0.94685
1.4914
1.8971
2.2428
2.3522
2.1781
1.945
1.5039
1.195
0.85803
0.6299
0.10317
-0.17337
-0.57569
-0.84096
-1.0009
-1.1768
-1.0696
-1.0131
-0.64249
-0.25842
-0.10235
-0.016857
0
-0.016366
-0.17689
-0.28391
-0.60235
-1.0871
-1.5181
-1.8821
-2.0559
-2.0262
-1.8622
-1.7043
-1.4411
-1.2756
-0.97865
-0.75533
-0.52343
-0.24254
-0.12236
-0.059153
-0.15254
-0.20286
-0.21411
-0.27632
-0.3763
-0.56721
-0.85644
-1.1132
-1.1997
-1.2382
-1.2608
-1.1872
-1.1908
-1.2273
-1.2057
-0.99958
-0.77842
-0.88267
-0.88424
-1.088
-1.2352
-1.0832
-0.75475
-0.19591
0.36059
0.80466
1.1674
1.3838
1.5466
1.6416
1.6548
1.6848
1.6445
1.6315
1.533
1.4664
1.3754
1.2647
1.216
1.1884
1.2284
1.2175
1.2123
1.1709
1.0928
1.0142
0.92959
0.90301
0.82788
0.81683
0.77849
0.70134
0.59563
0.47741
0.37997
0.21936
0.11323
-0.056983
-0.20073
-0.32323
-0.37757
-0.44425
-0.61174
-0.69249
-0.9886
-1.1505
-1.3626
-1.3406
-1.3123
-1.302
-1.4955
-1.6043
-1.7334
-1.7633
-1.8127
-1.9138
-1.8494
-1.7388
-1.5032
-1.4806
-1.3455
-1.2151
-0.98935
-0.60566
-0.3116
-0.46361
-0.46654
-0.61434
-0.49295
-0.25831
-0.014034
0.35956
0.70091
0.78164
0.727
0.65728
0.63689
0.80216
1.0099
1.2236
1.3286
1.4317
1.4829
1.4404
1.4179
1.401
1.4173
1.3907
1.4036
1.408
1.3842
1.3464
1.3984
1.3395
1.3061
1.2479
1.1302
0.96203
0.74077
0.56127
0.3992
0.30908
0.29799
0.2713
0.24554
0.20017
0.17657
0.15878
0.10744
0.067351
-0.02846
-0.20131
-0.37008
-0.65902
-1.1832
-1.7359
-2.1131
-2.2712
-2.0994
-1.702
-1.2111
-0.56664
-0.022209
0.4063
0.78235
1.0661
1.2703
1.4258
1.5411
1.6434
1.7179
1.8228
1.8484
1.8931
1.9584
1.9413
2.004
2.0369
2.103
2.012
1.8374
1.6498
1.3574
1.1642
0.94744
0.82892
0.68386
0.52632
0.28618
0.02699
-0.15854
-0.12555
-0.029965
0.11347
0.20206
0.15321
0.11238
-0.080596
-0.18829
-0.31194
-0.36597
-0.40819
-0.46273
-0.59258
-0.74771
-0.77475
-0.76147
-0.87249
-0.84168
-0.85877
-0.83623
-0.78778
-0.69109
-0.64282
-0.69783
-0.70405
-0.74106
-0.9125
-0.99036
-1.1421
-1.1761
-1.206
-1.0772
-0.89289
-0.97581
-1.1354
-1.3803
-1.5391
-1.6345
-1.7234
-1.7358
-1.816
-1.8048
-1.7359
-1.7977
-1.6781
-1.7216
-1.6875
-1.6904
-1.5873
-1.4619
-1.2558
-1.1006
-0.89931
-0.73087
-0.59849
-0.4853
-0.47917
-0.6005
-0.69543
-0.68373
-0.56852
-0.37585
-0.52687
-0.76405
-0.76856
-0.77809
-0.56938
-0.55794
-0.64638
-0.54084
-0.37323
-0.13468
0.12108
0.4169
0.67256
0.91098
1.1326
1.2927
1.3913
1.4144
1.4159
1.3911
1.3853
1.3806
1.4001
1.3927
1.3673
1.3711
1.3131
1.3086
1.3296
1.3823
1.3761
1.3809
1.3708
1.3344
1.3516
1.3754
1.4343
1.4212
1.4136
1.3879
1.3308
1.3208
1.3228
1.3632
1.3125
1.286
1.1477
0.96076
0.7941
0.68575
0.69893
0.71194
0.74013
0.73714
0.63757
0.58262
0.51709
0.51563
0.43769
0.38289
0.25772
0.069298
-0.017446
0.017544
0.088091
0.097175
0.044234
-0.061929
-0.25621
-0.5022
-0.75459
-1.0123
-1.2048
-1.1952
-1.3206
-1.4334
-1.6088
-1.77
-1.9169
-2.0338
-1.9876
-1.8788
-1.8405
-1.8846
-1.9997
-2.0008
-1.844
-1.4263
-1.0298
-0.809
-0.83424
-0.92352
-1.0288
-0.9422
-0.75976
-0.45581
-0.29915
-0.14735
-0.15688
-0.24648
-0.42446
-0.67669
-1.0288
-1.4509
-1.2477
-1.2911
-1.0039
-0.74806
-0.48011
0.16804
0.61207
0.82933
0.71827
0.34826
0.093505
0.015586
0.34834
0.69762
1.0797
1.3489
1.5362
1.6673
1.7522
1.8064
1.8347
1.8741
1.871
1.8302
1.7727
1.7255
1.6939
1.64
1.6128
1.5575
1.4738
1.334
1.1874
1.051
0.94716
0.93199
0.89417
0.86165
0.78966
0.73982
0.65614
0.57789
0.49952
0.42107
0.27517
0.14043
0.016857
-0.067453
-0.056238
-0.0056273
0.028159
-0.045098
-0.12981
-0.26
-0.40765
-0.53894
-0.61977
-0.64417
-0.74321
-1.061
-1.4101
-1.8141
-2.1523
-2.3424
-2.5291
-2.6476
-2.6793
-2.6285
-2.5299
-2.3101
-1.9913
-1.6687
-1.4463
-1.2767
-1.1546
-1.1059
-1.0375
-0.91763
-0.77696
-0.60877
-0.45128
-0.36962
-0.47603
-0.57036
-0.75114
-0.74144
-0.7513
-0.53398
-0.26792
0.0067186
0.22902
0.41172
0.57457
0.71719
0.90018
0.99469
1.0074
0.9789
0.97016
0.88696
0.81043
0.72063
0.65109
0.48928
0.32228
0.11771
-0.18199
-0.4004
-0.65432
-0.78993
-0.98039
-1.08
-1.1469
-1.219
-1.3083
-1.3843
-1.3744
-1.455
-1.6602
-1.9341
-2.2814
-2.3379
-2.266
-1.9638
-1.792
-1.4962
-1.2322
-0.95951
-0.55384
-0.16878
0.16802
0.49064
0.71592
0.86164
0.91781
0.94578
1.0546
1.1239
1.2239
1.3272
1.3593
1.3322
1.2318
1.1477
1.0745
1.0019
0.95004
0.81997
0.68287
0.54417
0.43724
0.31005
0.18664
0.04923
-0.12314
-0.30673
-0.50061
-0.66229
-0.81374
-0.91927
-0.91829
-0.90173
-0.88952
-0.91516
-0.96948
-0.997
-0.96359
-0.88966
-0.7666
-0.78373
-1.0501
-1.3145
-1.6306
-1.6844
-1.7263
-1.6763
-1.7505
-1.9697
-1.6369
-1.7235
-1.3171
-0.95651
-0.50022
0.02559
0.38911
0.70567
0.92658
1.0799
1.2109
1.3157
1.4106
1.4782
1.4648
1.4198
1.3705
1.3753
1.3843
1.3977
1.4192
1.394
1.3512
1.2776
1.2547
1.2173
1.1776
1.1265
1.0236
0.88921
0.72249
0.59682
0.48612
0.39608
0.32293
0.21487
0.10544
0
-0.067229
-0.12943
-0.1863
-0.23284
-0.33975
-0.5146
-0.68536
-0.83766
-0.97149
-1.0425
-1.1014
-1.1182
-1.1289
-1.1422
-1.1254
-1.1606
-1.1582
-1.1979
-1.2015
-1.2791
-1.3099
-1.3469
-1.3547
-1.3109
-1.2759
-1.1926
-1.1687
-1.127
-1.0939
-1.1009
-1.0681
-1.0622
-1.0547
-1.0642
-1.1119
-1.2009
-1.2944
-1.341
-1.2977
-1.2039
-1.1669
-1.1376
-1.1316
-1.124
-1.1534
-1.1949
-1.1533
-1.1354
-1.05
-1.0322
-1.0148
-0.95025
-0.92447
-0.93246
-0.9257
-0.8706
-0.77529
-0.75983
-0.79178
-0.84374
-0.95023
-1.0439
-1.0482
-1.0159
-0.93241
-0.84781
-0.72234
-1.2161
-1.389
-1.7339
-1.5946
-1.4172
-1.1922
-0.86703
-0.39848
0.0074388
0.42723
0.69557
0.81565
0.89892
1.0009
0.98641
1.0564
1.1008
1.0826
0.95333
0.72716
0.39155
0
-0.22893
-0.44333
-0.45738
-0.54997
-0.57457
-0.69923
-1.0069
-1.2989
-1.4316
-1.4735
-1.4016
-1.3392
-1.2232
-1.1373
-1.1466
-1.1455
-1.2535
-1.3527
-1.465
-1.7141
-1.9455
-2.1588
-2.1342
-1.9808
-1.8006
-1.5809
-1.4404
-1.3088
-1.1252
-0.83901
-0.53493
-0.22563
0.03786
0.15234
0.14033
-0.012805
-0.15405
-0.2699
-0.43687
-0.3463
-0.29398
-0.43236
-0.5178
-0.65103
-0.79286
-0.92989
-0.98905
-1.0088
-1.084
-1.0855
-1.0847
-1.1362
-1.087
-0.97565
-0.85808
-0.83353
-0.84685
-0.90392
-1.0185
-0.99446
-0.93702
-0.80107
-0.74336
-0.71887
-0.70997
-0.72945
-0.74046
-0.71068
-0.7148
-0.73744
-0.78323
-0.91539
-1.0641
-1.2343
-1.2715
-1.2601
-1.2192
-1.1711
-1.2177
-1.2548
-1.5051
-1.4838
-1.5816
-1.4312
-1.3236
-1.2528
-1.1658
-1.2432
-1.2804
-1.4069
-1.5184
-1.5616
-1.6038
-1.48
-1.2436
-0.93457
-0.76306
-0.62871
-0.58272
-0.58595
-0.67101
-0.84477
-0.9744
-0.97371
-0.82318
-0.7233
-0.6233
-0.81359
-0.94284
-1.0191
-0.83981
-0.7213
-0.60969
-0.50621
-0.41229
-0.13984
0.23927
0.55237
0.60856
0.6093
0.40166
-0.012629
-0.39259
-0.90721
-1.4966
-2.12
-2.6861
-3.1544
-3.1537
-2.7445
-1.9357
-1.2404
-0.75466
-0.22044
0.30772
0.84205
0.96447
1.0841
0.85713
0.71505
0.74173
0.61575
0.5242
0.53059
0.40918
0.32262
0.11967
0.13076
0.084481
0.040847
-0.026281
-0.15191
-0.3531
-0.46777
-0.59457
-0.73104
-0.86472
-0.95559
-1.1026
-1.352
-1.7156
-1.7321
-2.5261
-1.27
-1.3766
-0.62553
-0.36043
-0.28237
0.6055
1.1259
0.83988
0.016692
-0.72778
-0.9994
-0.63598
-0.15365
0.27574
0.61026
0.93166
1.2695
1.5307
1.738
1.86
1.8747
1.8669
1.85
1.8239
1.7594
1.7152
1.6278
1.5515
1.4521
1.3882
1.3171
1.2642
1.2385
1.1962
1.1678
1.0581
1.0109
0.95369
0.92893
0.91377
0.86349
0.81146
0.69951
0.6685
0.63054
0.61334
0.64189
0.62998
0.59255
0.54
0.52331
0.49183
0.47893
0.48632
0.4348
0.20502
-0.031294
-0.18536
-0.38177
-0.41011
-0.49235
-0.66917
-0.77153
-0.94536
-1.3822
-1.8702
-2.1744
-2.1631
-1.7809
-1.478
-1.1821
-0.95266
-1.0519
-1.3074
-1.6295
-2.338
-2.665
-3.0329
-2.8845
-2.4607
-1.9241
-1.1853
-0.51665
-0.1034
0.18074
0.45048
0.37139
0.10174
0.088236
0.11222
0.22157
0.27895
0.047706
-0.17558
-0.67657
-0.9307
-1.1055
-0.99193
-0.54996
-0.16127
-0.37153
-0.75769
-1.0996
-1.0539
-0.79526
-0.49499
-0.54086
-0.39088
-0.15503
0.12086
0.32175
0.52739
0.65401
0.52614
0.35974
0.062572
-0.1153
-0.36068
-0.93343
-1.7722
-2.5303
-2.5481
-2.7654
-2.4693
-2.302
-1.7468
-0.98609
-0.43627
0.0078423
0.35779
0.60865
0.72922
0.85443
1.0063
1.2132
1.3394
1.4476
1.4689
1.4712
1.4479
1.4715
1.4799
1.4765
1.475
1.4512
1.391
1.297
1.228
1.1417
1.0445
0.96103
0.82943
0.70295
0.53294
0.39662
0.25673
0.0778
-0.043472
-0.1808
-0.26568
-0.3578
-0.4237
-0.51803
-0.62041
-0.70433
-0.76864
-0.81203
-0.93312
-1.0491
-1.2635
-1.3494
-1.4225
-1.382
-1.4086
-1.4732
-1.4778
-1.5661
-1.5754
-1.5658
-1.6314
-1.649
-1.8481
-1.8217
-1.8611
-1.735
-1.655
-1.424
-1.2653
-1.0641
-0.9508
-0.89426
-0.8167
-0.70532
-0.59973
-0.56533
-0.5369
-0.52734
-0.57469
-0.63325
-0.62728
-0.63311
-0.68105
-0.70896
-0.77133
-0.80184
-0.80178
-0.74391
-0.68732
-0.66539
-0.63842
-0.67116
-0.68689
-0.76969
-0.7834
-0.80694
-0.75052
-0.647
-0.57081
-0.57817
-0.68033
-0.79966
-0.92684
-1.0346
-1.1056
-1.2001
-1.2911
-1.4152
-1.4647
-1.5031
-1.5081
-1.4931
-1.4347
-1.4616
-1.5014
-1.5069
-1.5155
-1.4536
-1.4021
-1.3817
-1.3836
-1.3717
-1.3778
-1.4146
-1.4792
-1.4582
-1.3735
-1.3488
-1.3226
-1.2728
-1.1809
-1.0015
-0.73822
-0.60271
-0.47049
-0.31404
-0.18028
-0.11601
-0.12217
-0.14036
-0.16008
-0.298
-0.3269
-0.42911
-0.435
-0.25127
0.098464
0.61604
0.94346
1.3852
1.5288
1.715
1.5405
1.5373
1.4003
1.2307
1.2917
1.2163
1.2018
1.0932
1.3369
1.4187
1.4281
1.5188
1.3663
1.0048
0.59324
0.31882
0
-0.037476
0.072385
0.17433
0.20109
0.0643
-0.04618
-0.29437
-0.32327
-0.29499
-0.15339
-0.26793
-0.42924
-0.54148
-0.65277
-0.66235
-0.65089
-0.72185
-0.92552
-1.1193
-1.3124
-1.3895
-1.4015
-1.5122
-1.5949
-1.7058
-1.7083
-1.681
-1.7715
-1.9998
-2.0817
-1.9724
-1.7612
-1.6629
-1.4706
-1.349
-1.0744
-0.79345
-0.62506
-0.53025
-0.48205
-0.50851
-0.43806
-0.27654
-0.014527
-0.30483
