1.2736
1.2687
1.1146
0.88868
0.87254
0.96211
0.99731
0.91518
1.1537
1.0598
1.411
1.7361
1.042
0.34024
0
-0.41101
-0.45514
-0.7344
-0.81248
-1.0638
-1.1623
-1.0515
-1.0495
-0.99547
-1.0873
-1.174
-1.2225
-1.1567
-1.1246
-0.9148
-1.1792
-1.1828
-1.1727
-0.98424
-0.61482
-0.047905
0.6098
0.93832
1.2193
1.0909
0.98506
0.90704
0.85813
0.81745
0.68012
0.72247
0.82794
0.98217
1.0468
1.2691
1.3042
1.3557
1.2271
0.99286
0.80294
0.70128
0.75601
0.75863
0.86331
1.0178
1.0825
1.1021
1.1344
1.1309
1.2316
1.105
0.95969
0.87505
0.94898
0.9685
1.0883
1.1318
0.91837
0.91025
0.83642
0.96874
0.93513
1.0604
0.97845
1.066
0.83943
0.86319
0.87288
0.98861
1.1065
1.0057
0.9019
0.87832
0.95333
1.0302
1.0033
1.001
1.0092
1.0659
1.115
1.1389
1.1933
1.2241
1.3425
1.3101
1.0397
0.83044
0.38839
-0.098261
-0.94923
-1.1322
-1.4965
-0.90923
-0.18405
0.16717
0.45211
0.86188
1.0737
1.0553
0.88297
0.73466
0.79662
0.82012
0.97603
1.2402
1.3721
1.4908
1.4631
1.4057
1.1565
0.6448
0.35434
-0.050534
0.11051
0.54967
1.1069
1.1538
1.2053
1.2323
1.2733
1.112
0.78851
0.70293
0.5547
0.83213
1.1065
1.1702
1.274
1.2048
1.1408
0.90674
0.77827
0.7975
0.99621
1.1039
1.2238
1.0688
0.83619
0.75589
0.83762
1.0705
1.1161
1.2602
1.1673
1.1209
1.0414
1.0205
0.89918
1.0244
1.1669
1.2549
1.0537
0.68273
0.77984
0.89795
0.96709
1.129
0.86849
1.0066
1.1116
1.4838
1.2336
1.4739
1.0362
0.19658
-0.48308
-1.8883
0
-1.3313
1.0625
0.67828
0.54834
0.27359
-0.28447
-0.22775
-0.77017
-1.1741
-1.4856
-1.4228
-1.5102
-1.4188
-1.1084
-1.0859
-0.85921
-0.65302
-0.45043
-0.76938
-0.48555
-0.81847
-0.23277
0.5565
0.97567
0.8654
0.75678
0.79867
0.94865
0.94113
1.1554
1.1984
1.3274
1.27
1.1987
1.0221
0.9344
0.6759
0.7243
0.7204
0.87569
1.1463
1.1122
1.11
1.026
1.1934
1.3269
1.5448
1.398
0.9098
0.40947
-0.2453
-0.45037
-0.33528
-0.53159
-0.94631
-1.0768
-1.5083
-1.5781
-1.3183
-1.3222
-1.1553
-0.98803
-0.73947
-0.70524
-0.74127
-1.1498
-0.89797
0
0.61835
-0.36176
-1.0114
-1.3
-1.2214
-0.82825
-0.71535
-1.1775
-1.3155
-1.7576
-1.2502
-0.82023
-0.39719
-1.0088
-0.6088
0
0.629
0.91436
1.3253
1.2222
1.0936
1.1781
1.0866
0.97376
1.2344
1.0344
0.83161
0.60274
0.83707
1.1495
1.0673
1.1944
0.94045
0.83207
0.93526
0.91495
0.88015
0.89693
0.9678
1.0029
0.96867
0.9182
0.95756
0.98149
1.1032
1.1918
1.2366
1.1234
1.0357
0.98657
0.9298
1.0073
1.1359
1.1267
1.0298
0.9612
0.88562
0.89643
1.1032
0.8701
0.75808
0.58882
0.65904
0.82479
0.91009
1.0084
1.1709
1.2012
1.3628
1.2454
1.2104
0.86204
0.84441
0.66414
0.71329
0.73408
0.90788
1.1394
1.1263
1.1212
1.0559
1.0829
1.0049
0.95332
0.94846
0.97779
1.0159
0.93794
0.85862
0.76142
0.90175
0.96637
1.0378
1.0139
1.0524
1.0915
1.1578
1.1604
1.152
1.0582
0.98789
1.009
0.95569
0.86186
0.84001
0.84892
0.84578
0.89174
0.96978
1.0833
1.1634
1.2257
1.1333
1.006
0.93856
0.97366
1.0256
0.93598
0.8937
0.84157
0.87726
0.98066
1.0157
1.0645
1.0393
1.0184
1.0034
1.0371
1.0022
1.0515
0.93377
0.99288
1.0292
1.0997
1.2085
1.1947
1.2157
1.0846
0.90511
0.88972
0.97194
0.92588
1.0471
0.98389
0.84233
1.1222
1.1806
1.2678
1.0208
0.90947
1.0289
0.8148
0.69758
0.70339
1.011
1.0772
1.4435
1.217
0.89307
0.79183
0.61925
0.77495
0.75955
0.99949
1.1637
1.3442
1.1844
1.1891
1.0542
1.1428
1.428
1.4351
1.0934
0.61347
0.25134
0.28294
0.29386
-0.43137
-0.52731
-0.070406
0.47257
1.0746
1.2731
1.437
1.42
1.3661
1.161
0.93418
0.79121
0.66555
0.69733
0.8486
1.0151
1.0506
1.0726
1.1381
1.0759
1.1194
1.0928
1.0996
1.0941
1.001
0.92464
0.82176
0.86364
1.0304
1.1099
1.0347
0.92833
0.88297
0.8804
0.92865
0.98869
1.1174
1.0689
1.0896
0.95143
0.9417
1.0334
1.1269
1.158
1.1099
1.0046
0.9711
1.0604
1.0173
1.0608
1.1553
1.0702
1.4016
1.2976
0.84701
0.28581
-0.056227
-0.53259
-0.50313
-0.64896
-1.0742
-1.3455
-1.7588
-1.4837
-1.2145
-0.81589
-0.80283
-0.55147
-0.80632
-1.2503
-1.3944
-1.7695
-1.3987
-1.1046
-0.53208
-0.29193
-0.34916
0.26316
-1.1584
-1.2851
-1.6684
-1.0609
-1.0024
-0.79673
-0.77908
-1.3102
-1.1508
-0.85407
-0.78911
-1.4104
-0.84426
-1.3973
-0.42656
0.10231
1.0233
1.7987
1.529
1.7443
1.0884
-0.10659
-0.88053
-0.88998
-0.59494
0.73698
0.91858
0.97192
0.80122
0.55945
1.2145
1.4449
1.2028
1.3419
0.93162
1.2437
1.3653
1.3694
0.77023
0.20861
-0.23
-0.60238
-0.8636
-1.1966
-0.75646
-0.87968
-1.275
-1.3468
-1.8269
-1.495
-0.83397
-0.074191
-0.067693
-0.7107
-0.68815
-1.4379
-1.8015
-1.6476
-1.6269
-1.3488
-0.69597
-0.16152
0.37404
0.74442
0.78618
1.1836
0.91999
1.0328
1.3853
1.8203
1.6685
0.89814
0.41118
0.55607
0.14501
1.0008
0.40593
-0.65871
-1.5403
-1.6897
-2.0012
-1.488
-0.71511
-0.87143
0
0.90978
0.40788
-0.19599
-1.8972
-0.96082
-0.81573
-0.50596
-0.60968
-1.0489
-1.0796
-1.1846
-0.89883
-0.94035
-1.0542
-1.1533
-1.0592
-1.0817
-1.1122
-1.1838
-0.84773
-0.87072
-0.60865
-1.2366
-1.0901
-1.6895
-1.0352
-1.1743
-0.76434
-0.65157
-0.80029
-1.4614
-1.3594
-0.96009
-1.3067
0.29061
0.67819
1.6053
0.32225
-0.50044
-0.76392
-0.23878
0.57256
0.85602
1.6462
1.4991
1.1423
0.89624
0.47712
0.51191
0.72786
1.1871
1.2047
1.1776
0.99486
0.89568
0.98315
1.023
1.1547
1.1119
1.1239
1.1096
1.1426
1.2831
1.2595
1.1556
0.86533
0.66064
0.35236
-0.43449
-1.018
-0.78324
-0.66749
0.38829
0.81637
1.7316
1.9869
1.3504
1.1396
0.96569
0.86538
0.69287
0.26118
-0.14959
0.13539
0.79351
1.2436
1.4034
1.2513
0.81561
0.76087
0.81479
1.1181
1.2609
1.1759
0.85464
0.85904
0.7654
0.82427
0.97418
0.93611
1.058
1.1326
1.193
1.1708
1.0997
0.97811
0.85974
0.91332
0.94992
0.98099
0.97222
0.96853
0.96356
0.93628
0.92896
1.0285
1.2322
1.3215
1.2423
1.0163
0.69061
0.55984
0.63145
0.82172
0.95429
1.017
1.0375
1.0689
1.0507
1.1068
1.1264
1.0422
1.0877
1.0222
0.94839
0.95381
0.91773
0.91579
0.95434
0.98127
1.0249
1.0236
1.0235
1.0779
1.1143
1.043
1.0491
0.9358
0.96569
0.9195
1.0462
1.0503
1.0755
1.1223
1.0012
0.96794
0.97583
1.0832
1.2865
1.2511
1.1174
0.91329
0.73824
0.88675
0.99295
0.89154
0.60555
0.55738
0.67202
0.85303
1.0373
1.2201
1.1701
1.0757
1.0584
0.94645
0.99395
1.0045
1.007
1.1068
1.0945
1.0921
1.1357
1.0242
1.0857
1.0342
1.0363
1.0457
1.002
1.0144
0.79437
0.87104
0.79621
0.8604
1.0455
1.1582
1.2515
1.2311
1.2495
1.1716
1.0272
0.93799
1.0159
1.1096
0.98202
1.0597
0.90096
0.99554
0.61147
0.93499
1.1671
1.3189
1.4274
0.58352
0.38916
0.49112
1.2254
0.94684
1.3861
1.0453
0.93997
0.75868
0.77541
0.80522
1.0845
0.95358
0.7894
0.91478
1.0355
1.5589
1.9889
1.4137
0.96105
0.44746
0.077552
-0.71881
-0.83895
-1.1277
-0.65255
-0.050933
0.81508
1.4623
1.7324
1.4047
1.0916
0.72855
0.73911
0.84682
1.0987
0.98104
1.001
1.0696
1.027
1.0372
1.0156
0.88155
0.81542
1.3149
1.5479
1.5049
1.2851
0.84087
0.664
0.39305
1.233
1.1958
0.44369
0.43553
0.201
0.44551
0.22237
1.7657
1.7233
1.0962
0.43981
0.50521
0.56039
0.53634
0.81293
0.87779
1.1076
1.1045
1.0308
0.99877
0.89868
1.0291
1.1971
1.3855
1.3873
1.2321
0.97766
0.78635
0.97191
0.88231
0.90216
0.76926
1.0936
0.096253
-1.1973
-1.5512
-1.896
-1.3863
0.75938
0.49167
0.76803
0
-0.34223
-0.11793
0.25595
0.56015
0.81462
0.9826
1.1331
1.1935
1.2023
1.1916
1.0791
1.0279
1.0471
1.12
1.2404
1.3051
1.1447
1.2028
0.99856
0.73886
0
-0.37107
-0.62432
-0.84331
0.13315
0.52167
0.91154
0.59379
0.88068
0.81924
0.82717
1.007
1.1114
1.0037
1.0118
0.97659
1.1436
1.201
1.4746
1.461
1.278
0.95212
0.82771
0.4256
0.08342
-0.55483
-1.6848
-1.1676
-1.1505
0
0.395
0.67285
1.0068
0.88046
0.9523
0.88596
1.1372
0.84409
0.90587
0.97348
1.1493
1.2569
1.4683
1.413
1.1264
0.84076
0.66046
0.77373
1.2185
1.3782
1.0143
0.46758
-0.12157
0.33971
0.92868
0.81459
1.1155
0.99138
0.88762
0.92852
0.95244
1.0252
1.1685
1.0961
1.0739
0.89897
0.80461
0.8742
0.86194
1.0175
1.1168
1.0418
1.0545
0.99589
1.0566
1.1305
1.072
1.0335
0.95817
0.88367
0.91658
0.97053
0.93079
0.94072
0.95935
1.0968
1.1308
1.1665
1.2138
1.0773
1.0992
1.0336
1.1169
0.96912
0.87154
0.85563
0.59957
0.75073
0.8813
1.0567
1.0851
1.0553
1.034
1.0041
0.97234
1.0762
1.0932
1.2319
1.2795
1.3344
1.1649
1.1354
0.8763
0.74786
0.18217
-0.21098
0.12986
-1.0582
-1.9372
-1.5215
-1.4149
-0.42252
0.31015
1.184
1.5062
0.89846
1.2495
1.0228
1.0233
1.3499
0.81927
0.32005
-0.34918
-1.3745
-2.0238
-2.2368
-0.8881
-0.13032
-0.43614
-1.0912
-2.4289
-1.3633
-0.21799
0.68417
-0.25066
-0.88236
-2.9436
-0.90974
-0.33297
0.62536
1.0852
1.8198
0
0
-0.71649
-1.7826
-1.3339
0
1.2083
1.2907
1.0152
0.83342
0.48312
1.0998
0.91009
2.1429
1.344
1.695
1.0352
0.52725
0
0.58868
0.3711
-0.36428
-1.0542
-1.4036
-1.6659
-2.1528
-0.92217
-0.56972
0
-0.59555
-0.71466
-1.3669
-1.9946
-1.9773
-1.1895
-1.0416
-0.39025
0
0.8226
1.7169
2.062
1.5829
0.45549
0.2619
-0.21647
0.29631
0.4288
0.93342
0.99775
0.88485
0.95109
1.0679
1.2658
1.3285
1.3505
1.0116
0.91469
0.80229
0.94002
1.0887
1.1671
1.0805
0.85568
0.82702
0.77918
0.98159
1.1331
1.1953
1.2926
1.2658
1.0161
1.0014
0.82433
0.81986
0.74807
0.81537
0.85771
1.0137
1.1736
1.4308
1.2632
0.94293
0.71575
0.5986
0.61091
0.83225
0.95205
1.0443
1.145
1.1681
1.0125
1.0524
1.0094
1.0989
1.0309
1.0726
1.0461
1.0045
0.94951
1.0059
0.94631
0.92229
1.0728
1.152
1.2313
1.0079
0.89551
0.80802
0.86136
0.94395
1.0979
1.0909
1.1431
1.1288
1.0537
1.0848
1.0302
1.0009
0.90298
0.87861
1.1461
1.1126
1.1124
1.0551
1.1127
1.0742
1.1229
0.80493
0.58045
0.62367
0.7982
0.99642
0.9936
0.93181
1.0042
0.94203
0.88986
0.95322
0.97194
1.0818
1.1476
1.279
1.0989
1.1418
0.98113
1.1041
0.93327
0.96063
0.86579
0.81486
0.80886
0.94207
1.0196
1.0599
1.2097
1.0279
0.9315
0.86116
1.1149
1.2448
1.3049
1.3073
1.0963
1.0234
0.83382
0.93753
0.61494
0.3126
0.16267
0.42789
0.71554
1.116
1.3
1.3639
1.1309
1.1157
1.0883
0.98026
0.9359
0.96045
0.94218
0.92574
1.1967
0.89939
0.90571
0.74263
0.98808
1.1009
1.1577
1.1471
0.98176
0.80202
0.64853
0.83019
0.85975
1.0702
1.0588
0.96118
0.95216
1.0622
1.1989
1.1624
1.1812
0.98918
0.90474
0.87531
0.94005
1.0179
1.1063
1.0494
1.0855
1.1146
1.0796
1.0154
0.93603
0.85725
0.83195
1.0003
1.2155
1.2978
1.3028
1.1983
0.93173
0.92444
0.91245
0.58567
0.086335
-0.37114
-0.91443
-1.3838
-1.6797
-1.6379
-1.3304
-1.2172
-0.90669
-0.75444
-0.44733
0.099538
0.69029
0.95824
1.0615
1.4241
1.438
1.3311
1.1841
1.0956
0.82903
0.72994
1.036
0.44396
0.99405
1.3559
1.6677
1.1725
0.81499
0.44443
0.48371
0.33446
0.4766
0.92581
1.3779
1.6647
1.5388
1.2659
1.0854
1.1753
1.2333
0.73718
0.15236
-0.39353
-0.68747
-0.21422
0.37251
0.85146
0.98585
1.0643
0.9437
0.84852
1.0386
1.2125
1.4334
1.2935
1.1328
0.92402
0.98818
0.84591
1.2129
1.3174
1.1884
1.0018
0.44628
-0.53127
-1.0071
-0.62273
-0.58191
0.72469
0.52568
1.0007
1.3616
1.6044
2.0149
1.0817
0.46247
0.6785
1.0098
1.11
0.74395
0.40176
0.62099
1.4158
2.1628
1.2175
1.4646
0.62659
0.77266
-0.29404
-0.85984
-0.59743
-0.60457
-1.5445
-0.91083
-1.1568
-0.71677
-0.26253
0.63654
0.94988
0.96762
0.984
1.0104
0.88476
0.89699
0.90697
0.99727
0.96379
1.0743
1.099
1.1061
0.99236
0.97096
0.93653
1.0197
1.0667
0.99421
0.96258
0.84715
0.87954
0.891
0.91728
0.95741
0.96041
1.0587
1.0876
1.1185
1.0613
0.98481
1.0128
1.0521
1.1239
1.0532
1.0158
0.96365
0.98552
1.076
1.21
1.182
1.095
1.0057
0.82715
0.78394
0.85707
0.89066
0.9463
0.99762
1.1416
1.0903
1.0507
0.91045
0.95982
0.85234
0.82619
0.94435
0.92516
0.96346
0.99366
1.0529
1.0588
1.0986
1.1227
1.1073
1.0683
1.0115
0.99457
1.0351
1.0729
0.94422
0.88078
0.74965
1.1933
1.3396
1.0961
1.3846
1.2319
1.1743
0.92939
0.31119
-0.085148
-0.66256
-0.90519
-1.47
-1.5211
-1.6445
-1.0738
0.10238
0.65317
1.7645
1.6849
0.8428
0.42858
0.84788
1.0036
1.3443
0.71524
0
-0.89876
-1.7924
-1.2933
-1.0957
-0.97275
-0.82335
-0.7981
-1.0223
-1.2768
-1.3065
-1.2765
-0.34977
0
0.63102
0.98478
1.0854
1.4345
0.95572
0.91169
0.69243
0.78805
0.98355
0.94345
1.0233
0.88481
0.93853
1.0763
1.0625
1.111
1.0896
1.0599
1.0604
1.046
1.0934
1.0689
0.94897
1.0089
1.0741
1.112
1.3003
1.2744
1.2849
1.1038
0.92481
0.77251
0.73721
0.65743
0.50832
0.52556
0.51166
0.88096
0.93376
1.0068
0.99051
0.99732
1.1269
0.99796
1.0732
1.0545
1.0968
1.1529
1.2089
1.119
1.0466
0.92648
0.86008
0.88474
0.96352
0.96949
1.031
1.1429
1.1976
0.99822
0.77029
0.58219
0.88326
1.0986
1.1891
1.1397
1.04
0.81582
0.86648
0.97501
0.96347
1.0548
1.1374
1.0653
1.0009
0.9777
0.87891
1.0301
1.1201
1.3135
1.5263
1.3546
1.142
0.91416
0.34356
0.33734
0.17557
0.34508
0.75731
1.1228
1.0891
1.2561
1.0904
0.97662
1.0383
0.82748
0.89602
0.9462
0.9615
1.0653
1.3379
1.2544
1.1265
0.94845
0.92253
0.88917
0.89899
0.90988
0.83906
0.91778
0.92475
0.87803
0.91211
0.82232
0.92564
0.8986
1.0473
1.1795
1.2656
1.249
1.0245
1.0547
0.92832
0.92071
1.0391
1.0214
1.0794
1.0551
1.0039
1.0416
0.90466
0.91284
1.0967
0.965
0.93951
1.1451
0.69181
0.95711
0.92025
1.2101
0.88291
1.0967
0.91845
0.76142
0.70389
0.71177
0.8892
1.0855
1.3073
1.1913
1.1391
0.88729
0.96699
1.1579
1.337
1.4327
1.4166
0.87223
0.84913
0.66818
0.38839
0.47094
0.98314
0.97913
0.33331
-0.35775
-0.27085
-0.070556
-0.55947
-0.94281
-1.112
-1.0732
-1.1828
-1.3054
-1.4617
-1.382
-1.1495
-1.0472
-0.87664
-0.70791
-0.58583
-0.22124
0.33738
1.1242
1.468
1.5433
1.0493
0.85409
0.7099
0.71256
0.96631
1.0331
1.0489
0.84119
1.0735
1.0508
1.1293
1.1836
1.0781
0.96104
1.0067
1.2215
1.0908
1.0519
0.89384
0.87218
0.92505
1.0052
1.2507
1.13
1.178
0.98845
1.1384
1.1128
1.2511
0.9858
0.60586
0.28986
0.11512
0.096369
-0.25481
-0.84843
-1.4881
-2.2396
-1.8557
-1.2817
-0.22499
0.26489
0.71868
0.87451
0.70856
0.93488
1.0152
1.1738
1.1795
1.1794
0.98693
0.97508
1.0303
1.2738
1.0289
0.96677
0.70212
0.80463
0.85136
0.90732
0.94919
1.044
1.0199
1.0621
0.99673
1.0433
1.0791
1.3282
1.2117
0.98421
0.80278
0.59703
0.65825
0.84701
1.0524
1.1236
1.179
1.2166
1.1973
1.276
1.1621
1.1685
0.80722
0.58892
0.56779
0.65903
1.0552
1.3792
1.588
1.3703
1.301
0.89109
0.88488
0.4868
0.63257
0.72759
0.75644
0.98472
0.66411
1.192
1.0776
1.2083
1.3054
0.95737
1.169
1.2448
1.237
1.0467
0.95734
0.8048
1.2238
0.72494
0.86213
0.84835
0.16694
0.51793
-0.15901
-0.86251
-2.3729
-1.5625
-1.1406
-1.0549
0
0.61297
0.60645
1.6991
1.532
0.62552
0.97334
0.68424
0.97666
0.88841
0.94566
1.2584
1.362
1.2892
1.3346
1.1529
0.54615
-0.30712
-0.61797
-1.0905
-1.1489
-1.4295
-1.2745
-1.1857
-1.0404
-0.78084
-1.12
-1.152
-0.97278
-0.12355
0.20432
0.62848
0.91027
0.74264
0.85727
0.98555
1.125
1.1043
1.0296
0.9223
0.92054
1.0536
1.1483
1.214
1.0427
0.93774
0.91145
0.9576
1.0455
1.1879
1.2037
1.1282
1.091
0.95448
0.85077
0.83439
0.87628
1.1791
1.2715
1.3937
1.1326
0.70479
0.43208
0.6587
1.0006
1.6386
1.6868
1.3806
0.62597
0.62987
0.47972
0.8748
0.865
1.0744
1.1711
1.1737
1.1903
0.74945
1.0332
0.81568
1.3668
1.1111
0.80731
0.74945
0.9862
1.0322
0.8955
0.83285
0.71314
0.67276
0.77765
1.091
1.1591
1.3811
1.2274
0.99918
1.0358
1.1072
1.3763
1.3497
1.2902
1.0373
0.84424
0.45914
0.42658
-0.11043
-1.1482
-1.7071
-1.5165
-0.60574
-0.81395
-0.27896
-0.79532
-1.3801
-1.6986
-0.9184
-0.45295
-0.063936
-0.2415
-1.0248
-2.0596
-2.1886
-1.604
-0.90631
-0.66428
-0.48217
-0.62478
-0.77841
-0.58901
0.4888
0.87739
1.4239
1.6906
1.7617
1.3835
0.92282
0.51249
0.38161
0.39272
0.88104
0.99434
1.4286
1.3616
1.2478
0.7352
0.69078
0.913
1.3143
1.1193
0.94162
0.66578
0.59123
0.86338
1.1026
1.3096
1.2777
1.2181
1.1273
0.97619
0.94518
0.9534
1.0111
0.89022
0.8905
0.94518
0.79136
0.96313
0.89735
1.2465
1.4077
1.4357
1.3592
1.1963
0.90054
0.57024
0.27395
0.32464
0.33532
0.54111
0.60807
0.6602
0.92588
1.0526
1.1599
1.2325
1.2863
1.1663
1.0583
0.9559
0.89912
0.80152
0.73969
0.79402
0.84763
0.96246
1.0542
1.097
1.1213
1.1085
1.0699
1.0011
1.0267
1.0529
1.0786
1.0789
0.96624
0.93813
0.9367
1.0471
1.0849
1.0659
0.97225
0.98722
0.95869
0.99092
1.1028
1.0673
0.90464
0.85785
0.78122
0.99081
1.1809
1.2533
1.2703
1.1149
0.94042
0.85561
0.94819
0.90979
1.3435
1.3396
1.1906
0.90978
0.88521
0.80856
0.77011
0.54734
-0.42412
-1.1118
-1.8186
-1.651
-1.2395
-0.83561
-0.69875
-0.54756
-1.3613
-1.0005
-0.55666
-0.27478
-0.68719
-1.407
-2.5783
-1.4911
-0.83431
-0.39674
0
0.34297
0.50909
0.89288
0.87024
0.91588
1.2658
1.0772
1.0323
0.98993
0.90243
1.0693
1.0581
1.1862
1.095
1.0726
1.0381
1.0992
0.85502
0.94716
0.84693
0.89874
0.84027
0.77533
0.93356
0.96585
1.0884
1.1665
1.0306
1.0959
1.1252
1.2892
1.1314
1.0805
0.95058
0.85348
0.74147
0.65365
0.56782
0.83653
1.1568
1.3721
1.3775
1.1683
0.99053
0.78039
0.67175
0.82302
0.94395
1.0167
0.99721
0.96786
0.96073
1.0658
1.1017
1.0241
1.0455
0.9687
1.1105
1.0886
1.0447
1.0732
1.0434
1.0775
0.96723
0.98511
1.0174
1.0085
0.90079
0.85221
0.9203
1.0953
1.2581
1.1392
0.98944
0.80489
0.66356
0.89031
1.0404
1.2176
1.0038
0.90763
0.93187
0.98033
1.0758
0.92082
0.83246
0.88282
0.95938
1.089
1.1854
1.0495
1.0529
1.0226
1.0053
1.0785
1.2625
1.257
1.1642
0.93413
0.77048
0.58724
0.57906
0.85495
1.1859
1.2455
1.5
1.5939
1.4303
1.2228
0.83541
0.092757
-0.36634
-0.1564
-0.19239
0.95112
0
-2.3819
-2.6199
-1.9195
-0.42663
-0.42697
-0.48888
-0.30302
-2.3924
-1.5382
0
1.5422
1.0754
-0.38498
-1.2465
-0.28626
-0.68416
-0.61389
-0.8005
-0.39949
-1.9638
-2.1679
-1.3342
-0.31813
0.48519
1.2525
1.521
0.69753
1.6302
-0.24442
-1.3535
-0.90961
-1.5639
0.79715
-0.3036
-0.79272
-0.79188
0.58784
0
1.8788
2.0824
0.57605
-0.1472
-1.0374
-0.80984
0.27543
0.53886
1.1547
1.0222
0.94248
0.74715
0.76295
0.76348
0.98573
1.033
1.0093
1.0619
1.0509
1.0751
1.0299
0.97835
0.90856
0.94665
0.97343
1.0394
0.99937
0.95476
1.0219
1.0192
1.0796
1.1089
1.1749
1.1353
1.0715
0.9677
0.87549
0.83088
0.83473
0.90462
0.95521
1.0836
1.0683
0.96445
0.90321
0.91623
1.0519
1.0833
1.1224
1.1367
1.0707
0.99921
1.0327
1.0779
1.0502
1.0746
0.99384
0.99967
0.98159
1.0444
1.1501
1.2301
1.2432
1.2236
1.0249
0.84012
0.71101
0.61416
0.63644
0.85331
0.97191
0.97208
0.98315
1.0413
1.2196
1.2083
1.1882
1.0191
0.94974
1.0221
1.0894
1.1923
1.0775
1.1138
1.0157
1.0475
0.82585
0.8638
0.95539
1.1008
1.305
1.059
0.44165
0.35917
0.64083
0.65293
0.94561
1.0829
1.0705
1.223
1.1612
1.137
0.97223
0.87427
0.94813
1.075
1.0766
0.95002
1.0524
1.0356
0.98953
0.94999
0.90163
0.86413
1.2734
1.3345
1.3677
1.4857
1.1711
1.0514
0.63352
0.23094
0
0.090186
-0.1871
0.55105
1.4692
2.1639
2.3959
1.4426
1.0728
0.2916
0.21298
0.84383
-0.37061
0
-0.80533
-1.5483
-1.6521
-1.3173
-1.0706
-0.54342
-1.0442
-1.3133
-1.5733
-2.0497
-0.61084
-0.14109
-0.16154
0.84889
1.7773
1.3327
0.16967
-0.54164
-1.3439
-0.35326
0.53211
1.305
1.0749
0.69979
0.48313
0.5668
0.76732
1.276
1.6008
1.506
1.4699
1.3724
1.1607
0.79065
0.65434
0.15883
0.53579
0.086227
0.35747
0.47117
0.70864
0.92501
1.1084
1.2884
1.2669
1.4249
1.4489
1.1522
1.1348
0.98256
0.46292
0.79775
1.0354
0.79295
0.7874
0.34149
1.0267
1.3893
1.6888
0.98972
0.60956
-0.073639
0.3876
0.761
1.13
1.358
1.4512
1.4885
1.5608
1.4386
1.3618
0.15054
0.080112
-0.3483
-0.19066
-0.75276
-1.5158
-1.8606
-1.547
-1.0705
-0.61163
-0.67847
-1.4422
-1.3594
-0.91002
-0.61505
-0.1713
-0.67399
-1.9364
-2.2586
-1.2126
-0.94947
-0.1565
-0.23287
-0.81363
-1.0576
-1.5711
-1.4522
-1.4414
-1.2012
-0.94597
-0.71499
-0.95315
-0.30795
0.22575
1.0803
1.3152
1.4627
1.7446
1.3658
1.5144
0.63684
-0.45898
-0.50884
-0.21606
0.12435
0.45735
0.75393
1.1239
1.1517
1.0402
1.0448
1.1148
1.26
1.4119
1.201
0.88778
0.69062
0.58008
0.77791
0.92136
1.1759
1.0317
0.85925
0.85761
0.93747
1.07
1.1385
1.1324
1.0741
1.0295
0.9703
0.84307
0.81934
0.88195
1.0228
1.162
1.1625
1.0399
1.0314
0.96078
0.96368
1.1004
1.119
1.0723
1.0076
0.95103
0.85127
0.79672
0.99045
1.0738
1.1498
1.1855
1.2067
1.1054
0.95038
0.82341
0.74808
0.82304
0.85419
0.93105
0.97505
0.99367
0.96653
0.99778
0.96163
1.0569
1.1639
1.1489
1.1518
1.1253
1.0186
1.0234
0.93165
0.89634
0.91401
1.0034
1.0897
1.0823
1.0245
1.1514
1.3746
1.2027
0.94508
0.64587
0.56755
0.7435
1.0634
1.0145
1.3984
1.0013
1.6151
1.4299
0.8937
0.18029
-0.39105
-0.49001
-0.30517
0.77797
0.79033
1.1595
1.2335
1.2104
1.2394
1.1796
1.2094
1.1864
1.1168
1.1493
0.92466
0.84917
0.44916
0.58136
0.39005
0.73704
0.97795
1.1687
1.1672
0.9174
0.98571
0.9065
1.0798
1.2644
1.2242
0.91684
1.0797
0.97808
1.0389
1.0872
1.0614
1.2355
1.1643
1.6262
1.4149
0.25358
-0.16995
-0.22818
0.83562
0
-1.2486
-1.4266
-2.0018
0
0
0
0
0.89049
-0.43494
-1.7012
-2.8296
-1.7855
-0.95287
-0.12843
0.11386
0.63252
0.27063
0.8219
1.057
0.94807
0.98274
0.97816
0.93634
0.80309
0.77847
0.96188
1.0198
1.1764
1.1441
1.0733
1.0218
0.99629
1.0969
1.0442
1.18
1.1265
1.3135
1.3614
1.2391
1.0821
0.66726
0.52242
0.52757
-0.15598
0
-0.92829
-0.39881
-0.60485
-0.35316
0.10539
1.4729
1.3723
1.9997
1.8363
0.91066
0.3853
-0.92055
-0.85471
-1.0943
0.3457
1.4358
1.6792
1.1224
-0.4823
-0.76401
-0.32676
0.15839
0.6442
-0.61554
-2.0038
-2.7089
-1.6215
-0.66174
0.8592
0.84986
0
0
0.93947
0.71413
0.66591
0.22249
-0.63618
-1.2967
-0.087141
0.41736
0.88327
0.93312
1.225
1.3678
1.1797
0.93871
0.86964
0.67811
0.9551
1.0912
1.2467
1.2584
1.155
0.93953
0.8069
0.82656
1.0072
1.0906
1.0803
0.88521
0.94245
0.92069
0.92794
0.97287
1.0646
0.98813
0.95566
0.95572
0.83988
0.98783
1.1097
1.208
1.1549
1.0224
0.92575
0.94196
0.98539
1.0657
0.94629
0.93321
0.9717
1.0012
0.81174
0.76115
0.8952
0.98705
0.9974
1.0159
0.99955
0.96021
0.87746
0.91959
0.97304
1.0914
1.1673
1.0963
0.96314
0.85708
0.86819
0.93186
1.082
1.1668
1.1701
1.2028
1.1492
1.0644
0.98775
0.97095
1.0289
1.088
1.0305
0.87888
0.73817
0.74792
0.74715
1.0111
1.0813
0.92758
1.089
1.0561
0.97773
0.89485
0.89158
1.0716
1.0609
1.1056
1.0364
1.0092
0.99279
1.1433
1.2082
1.1492
0.93912
0.78764
0.85593
0.81887
0.84968
0.99312
0.9329
1.0959
1.0634
1.0189
0.96179
1.0032
1.1118
1.3226
1.3757
1.2696
0.87371
0.65632
0.95731
0.73092
0.99506
0.9551
0.77752
0.67405
0.93286
1.3774
1.513
1.6679
1.7827
0.88987
0.40353
-0.16407
0
0.31026
0.54483
0.92131
1.3349
1.5323
1.3632
1.3529
0.93821
0.8161
0.66985
0.80541
0.60991
0.54561
0.98336
1.0012
1.3833
1.2947
1.4685
1.2331
1.21
1.0183
0.72627
0.62569
0.70065
1.0059
0.86213
0.78197
0.75576
0.79979
0.76415
0.95898
1.4025
1.2739
1.4604
0.99075
0.86671
0.5704
0.58537
0.80309
1.1318
1.269
1.1495
1.1794
1.0699
1.1761
1.1492
0.88413
0.88895
0.87039
0.74888
0.8589
0.85004
0.91012
0.98951
1.0238
1.3288
1.2089
1.0996
1.1249
0.86561
0.85447
0.9273
0.96429
1.2122
0.96882
1.0579
1.1535
1.2509
1.4517
1.1188
0.8931
0.5311
-0.18889
-1.519
-2.0005
-1.1764
-0.66737
-0.223
0.29475
2.4984
0
0.35792
-0.71519
-0.32282
-0.88174
1.2506
1.046
-0.10887
-0.32585
-0.58941
-0.81505
-1.1056
-1.4753
-1.7482
-1.794
-1.3459
-0.89086
-0.1812
0.28229
0.9092
1.6652
1.5363
1.1616
0.57693
-0.062284
-0.63353
-0.61177
-1.3188
-1.7306
-1.7296
-1.6119
-1.1321
-0.96403
-0.39167
0.72289
0.83338
1.3321
0.51675
0.43508
-0.11927
0.4049
0.72836
1.0332
1.1442
1.4679
1.3384
1.1385
1.0804
0.91463
0.54498
0.47677
0.67021
0.72471
0.77221
0.99543
1.1423
1.1275
0.93372
0.77024
0.79416
0.89301
1.0935
1.1467
1.1121
1.0352
1.0283
1.021
1.0971
1.1378
1.2005
1.18
1.1417
1.0489
0.98658
0.84647
0.99759
1.1609
0.96571
1.1636
0.57063
0.21786
-0.30772
-1.1745
-1.2471
-0.31755
0.11145
0.18244
0.40429
1.1292
1.5176
1.8006
1.1702
0.88946
0.56667
0.45227
0.48226
0.71882
0.93439
1.1099
1.2556
1.2597
1.2198
1.0867
1.0264
0.93459
1.0837
1.2481
1.2664
1.1424
0.83697
0.71793
0.47896
0.72396
0.96558
1.1113
0.98468
0.881
1.041
1.0064
1.0883
1.0463
0.96505
0.94923
0.90019
0.98217
1.0227
1.145
1.2038
1.0543
0.9928
0.90219
0.94925
0.88572
0.87047
0.95663
1.0614
1.0849
1.1725
1.214
1.1421
1.0958
1.0853
1.2633
1.3279
1.2711
0.87866
0.71556
0.63948
1.1995
0.79053
0.82798
0.15094
0.15856
0.3767
-0.74071
-1.2729
-1.3213
-0.81531
0.42038
0.53787
0.83009
0.65502
0.99258
0.86216
1.2151
1.424
1.526
1.3156
1.1648
0.92229
0.80473
0.84803
0.96486
0.43273
-0.25186
-0.67945
-1.2212
-1.3091
-1.1723
-0.70435
-0.67519
-0.87547
-1.2511
-1.4343
-1.5138
-1.4754
-1.0176
-0.79263
-0.44956
0.15404
0.66969
0.61601
0.76992
0.97806
1.0203
1.0348
0.98745
0.94894
0.90558
0.94913
0.94679
1.001
1.0583
1.0556
1.1224
1.0662
1.0542
1.0362
0.9926
0.98925
1.0111
1.0872
1.0987
1.0325
1.032
0.99308
1.122
1.3347
1.3897
1.3462
0.91942
0.62459
0.054504
0.16273
0.34433
0.99719
0.54736
-0.22028
-0.46871
-1.3429
-0.92382
-1.2117
-1.1318
-1.0841
-1.531
-1.4478
-1.4832
-1.0771
-0.28941
0.11401
1.1284
1.5235
0.89015
-0.13515
-0.69485
-0.31828
-0.52387
-0.55003
-0.96424
-1.1573
-1.2183
-1.255
-1.1234
-1.2032
-1.0384
-1.1636
-0.90657
-1.0532
-1.116
-0.81934
-0.76343
-0.68397
-0.63349
-0.91005
-1.1548
-1.3814
-1.3087
-1.015
-0.89454
-0.94613
-1.0361
-1.435
-1.4439
-1.0186
-0.91144
-0.98069
-0.84293
-0.9985
-0.26961
0.34866
0.45946
0.43589
0.11656
0.56708
1.0245
1.1808
1.0416
0.97535
0.86162
0.85313
1.008
1.1409
1.144
1.1438
1.1015
1.1086
1.1143
1.1292
1.0499
0.86926
0.72117
0.75575
0.70475
0.81919
0.99125
1.1338
1.0992
1.0058
1.0388
0.957
1.0925
1.0803
1.063
1.0608
1.0257
0.95792
0.84725
0.86133
0.94817
1.0766
1.0937
1.1831
1.1428
1.0162
0.94307
0.9364
1.1206
1.0344
1.0046
0.81411
0.76425
0.83588
0.8434
1.0117
1.0694
1.2733
1.3489
1.3332
1.099
0.97874
0.75039
0.62996
0.73348
0.818
1.0082
1.1334
1.2222
1.1846
1.2289
1.3006
1.2012
0.95067
0.68471
0.83088
1.0993
1.4276
1.3335
0.81618
0
-0.14636
-0.52712
-1.4512
-1.5946
-1.6388
-1.6562
-1.3972
-0.85902
-0.69042
-0.38507
-0.96007
0.27068
0.1427
-0.12635
-0.95752
-1.0084
-0.8392
-0.18024
0.43802
0.98065
1.1336
1.1741
1.1707
1.1219
1.1032
1.1367
1.0576
1.0242
1.0489
0.93955
1.0127
0.92999
0.89143
0.87282
0.86369
0.96263
0.99935
1.0628
1.0559
1.2853
1.2586
1.2535
1.1719
0.92391
0.7387
0.63329
0.76726
1.0587
1.1162
1.167
1.0247
1.0017
1.0769
1.6003
1.3486
1.2185
0.67214
0.16839
-0.70137
-1.0487
-0.6951
0.46881
1.3653
2.001
1.5374
0.65822
-0.10553
0.37813
-0.51776
-0.68735
-1.0463
-1.2037
-0.94487
-0.98428
-0.99731
-1.0935
-1.3298
-1.4798
-1.3669
-1.4159
-0.75716
-0.61763
-1.0329
-0.65788
-0.67537
0.29785
0.22734
0
0.41314
0.40841
0.73393
0.90391
1.3136
1.1318
1.1462
1.0256
0.88475
0.89645
0.99633
1.1415
1.2015
1.2217
1.148
0.89871
0.76733
0.7845
0.95778
1.0822
1.2032
1.203
1.2133
1.0369
1.0814
1.0011
1.1813
1.2765
1.0156
1.063
0.60217
0.36415
-0.20878
-0.67623
-0.65882
-0.98621
-1.5274
-2.1592
-1.5459
-0.36736
-0.21648
0.32559
-0.26669
-1.131
-2.0331
-2.2386
-1.3987
-0.54556
0.16497
0.37869
0.73006
0.78703
1.0196
0.89177
1.0779
1.1891
1.3207
1.2481
1.1608
1.1307
1.0958
0.95962
0.86533
0.85736
0.73473
0.99614
1.1197
1.1939
1.1081
1.2723
1.4074
1.2013
1.1819
0.88974
0.64538
0.6702
0.41145
0.44462
0.72134
1.461
1.6007
1.7394
1.0553
0.8781
0.23807
0.69737
0.71889
0.91162
0.82992
0.57719
0.74555
0.85694
1.0098
1.248
1.217
1.1304
1.0418
0.98202
1.0063
0.99906
1.0574
0.96104
0.87751
0.82083
1.0154
1.0842
1.1431
1.2197
1.1823
1.213
1.1396
0.97077
0.51983
0.4308
0.57006
0.72491
1.0651
1.3182
1.3897
1.4224
1.1912
1.0436
1.0319
0.97579
0.98709
1.0546
0.7908
0.74257
0.53934
0.52698
0.47404
0.84041
0.91385
1.0458
1.0413
1.0498
1.1583
1.0199
1.0569
0.96701
0.95632
0.9144
0.92182
1.0162
1.0808
1.1782
1.1712
1.1068
1.0049
0.92891
0.90523
0.8961
0.90592
1.008
1.0241
1.093
1.0595
1.1072
1.1269
1.2734
1.2016
1.0503
0.83833
0.87074
0.80462
0.95474
1.3458
1.1121
1.0184
0.86603
0.84082
0.85488
0.91795
1.0792
1.0987
0.69738
0.43536
1.3905
1.1031
0.32286
-0.72209
-1.5539
-1.7584
-0.83302
0.20575
0.58285
0.54463
1.0279
1.1863
1.4089
1.5431
1.251
0.84467
0.74028
0.54033
0.60666
0.61587
0.88466
1.0626
1.1024
1.035
1.0213
0.97216
1.0058
0.99308
0.99346
0.93971
0.9599
0.97949
1.0233
1.0605
1.074
1.0727
1.0089
1.0711
1.065
1.0616
1.0343
0.93849
0.9367
0.92185
0.97106
1.148
1.2192
1.2611
1.2265
0.98549
0.76665
0.58909
0.8218
0.97808
1.2067
0.97924
0.91283
0.74583
0.79929
0.98215
0.98965
1.0486
1.2106
1.3028
1.3102
1.1936
0.91984
0.73915
0.73517
1.0888
1.3766
1.1998
1.2336
0.77387
0.59473
0.51963
0.68016
1.0297
1.1689
1.3059
1.1128
0.83801
1.0052
1.1031
1.2722
1.1269
1.0847
1.0452
1.3476
0.97138
1.0104
1.0699
-0.44018
-0.12502
-0.88631
-1.1393
-0.74987
-0.80535
-1.0552
-1.3213
-1.4649
-1.5601
-1.5294
-1.2876
-0.45483
0
-0.14076
-0.23261
-0.76957
-0.59369
-0.99582
-0.70803
-1.3289
-1.4145
-1.8478
-1.4686
-1.3415
-0.77852
-0.15981
-0.050077
0.40606
0.60797
0.9616
1.0745
1.2247
1.1606
1.1097
1.0627
1.0558
1.1496
1.0918
1.058
0.99055
1.1059
1.1191
1.2034
0.89026
0.53438
0.63245
0.69539
0.8689
1.1348
1.2263
1.3827
1.2428
1.1339
0.91032
0.85935
0.68809
0.78356
1.026
1.1393
1.0782
0.91866
0.77484
0.69514
0.86846
0.97268
1.0874
1.1688
1.067
1.0937
0.91042
1.0957
1.0904
1.0857
1.0289
1.005
0.83085
0.84112
1.0032
1.0139
1.1394
1.2397
1.175
1.1231
0.90108
0.88411
0.79088
0.88137
0.95865
1.1465
1.1739
1.2264
1.2982
1.1306
1.132
0.88267
0.82074
0.35382
0.47696
0.46363
0.83815
1.1695
1.5275
1.534
1.1368
1.0369
0.7074
0.87784
0.75902
0.71263
0.78406
0.82775
1.0351
1.1234
1.2147
1.2753
1.3116
1.3806
1.1294
1.1848
0.96706
0.61944
0.44859
0.89187
1.3674
0.15836
-0.14707
-0.62693
0.34231
0.58959
1.3968
1.8592
1.8934
1.5051
0.51549
0.12449
-0.056259
0.70768
0.97241
1.1436
1.3669
1.1515
1.3349
1.2738
1.3496
1.1075
0.67041
0.49279
0.4595
0.864
1.0286
1.5625
1.3297
1.5383
1.4926
1.1982
0.81657
0.43803
0.20304
-0.64757
-0.20495
-0.091448
-0.5733
-1.1204
-1.6517
-1.874
-1.6631
-1.2666
-0.99244
-0.36467
-0.15576
0.50514
0.92595
1.1405
1.2843
0.97976
0.69702
0.86194
0.798
0.95655
1.0108
1.0412
1.0593
0.86446
0.84055
0.79078
1.0311
1.1585
1.2309
1.233
1.1012
1.106
1.1215
1.2055
1.1978
0.84403
0.91189
0.7948
0.97091
1.0902
0.85465
1.0813
0.59347
0.94186
0.63913
0.90259
1.6509
1.8652
1.5097
0.98342
0.53472
-0.53499
-1.0701
-0.44298
1.2776
0.97753
-0.25714
0.81267
-1.3197
-0.95685
-1.6692
-0.4747
-0.78225
-0.42891
-0.96979
-0.33944
0.063829
0.60702
0.97706
0.93497
0.97019
1.124
1.1464
1.2825
1.3112
1.176
0.98705
1.1409
0.8641
0.79623
0.56328
0.71779
1.0069
1.1881
1.4379
1.2635
1.2399
0.95941
0.92134
0.96099
0.9437
1.0555
0.7114
0.74753
0.53719
0.97282
1.0302
0.93775
0.95387
0.80889
0.92881
1.0985
1.3448
1.1512
1.0335
0.86827
0.99097
1.0818
1.1917
1.4178
1.3824
1
0.90641
0.67768
0.91926
0.40019
0
-1.9128
-1.4284
-0.87478
-0.31334
0.34357
0.55695
1.1032
1.0121
1.1693
1.0623
1.0574
0.92633
0.80529
1.0355
1.0925
0.83498
0.66801
0.61011
0.83382
1.208
1.3182
1.1187
0.99058
0.96121
1.0977
1.1332
1.1049
0.9773
0.78203
0.76463
0.8315
0.91151
0.97524
1.0227
1.0333
1.0386
0.96427
0.94394
1.0352
1.0517
1.1979
1.1971
1.231
1.1279
1.1133
0.83316
0.82578
0.87207
0.96791
0.98953
0.74433
0.78384
0.88161
0.95378
1.1176
1.1602
1.0321
1.1266
1.0833
1.0311
0.83596
0.78982
0.92374
1.0663
1.1718
1.2047
1.1501
1.2388
1.2477
1.0038
0.9315
0.84332
0.50047
0.54735
0.6776
0.814
1.0377
1.0812
1.1409
1.1513
1.1649
1.0193
1.0064
1.1186
0.91032
1.0757
1.112
0.93248
0.90105
0.8021
0.7746
0.78306
0.99564
1.159
1.3831
1.4827
1.4679
1.1989
0.78209
0.5144
0.44549
0.43136
0.46607
0.81346
0.84614
1.0235
1.1818
1.2069
1.2311
1.1507
1.0529
0.96723
0.92266
1.0453
1.0755
0.96311
0.83104
0.87232
0.97199
1.0734
1.0312
1.0174
0.93731
0.83139
0.79816
0.88958
1.0617
1.134
1.1389
1.0945
1.0755
1.1049
1.0499
1.049
0.97248
1.1008
1.0537
1.1067
1.1823
0.89712
0.74945
0.6915
0.67319
0.71023
0.85759
0.97246
0.97748
1.0746
1.0307
1.2297
1.2
1.2118
1.1273
0.93411
0.81335
0.78306
0.85176
0.79402
0.97938
0.97305
1.0181
1.0835
1.1999
1.3002
1.258
1.1409
1.0545
0.97965
1.0325
1.251
1.0111
0.76464
0.36265
-0.077114
-0.34811
-0.8337
-1.3117
-1.7
-2.3181
-1.4636
-1.2968
-0.36268
0
-0.2979
-0.74384
-0.8086
0.32283
0.60524
1.0535
0.86164
1.0405
1.0958
1.0559
1.3284
1.1043
1.0914
0.82099
0.86582
0.52255
0.72662
1.0884
1.364
1.4992
1.2137
1.2127
0.20351
