-1.9871
-2.1525
-2.4835
-2.566
-2.7313
-2.7311
-2.7585
-2.7858
-2.7304
-2.8404
-2.6196
-2.5091
-2.4261
-2.1502
-1.8744
-1.6537
-1.433
-1.2676
-0.96435
-0.96425
-0.71622
-0.52334
-0.24787
0.11015
0.49563
0.88102
1.1287
1.1285
1.0183
0.93565
0.44025
0
-0.33011
-0.4951
-0.49504
-0.49498
-0.19247
0
0.24739
0.3573
0.30229
0.027477
0
-0.10988
-0.19226
-0.41194
-0.57663
-0.71382
-0.85097
-0.90575
-0.82329
-0.76829
-0.82305
-0.79549
-0.87765
-0.90494
-0.76771
-0.60311
-0.60302
-0.43849
-0.35622
-0.27397
-0.30132
-0.10955
0.054768
0.1369
0.19163
0.32845
0.49259
0.27362
0.24621
0.13676
-0.054695
-0.13672
-0.16403
-0.328
-0.3826
-0.46451
-0.76494
-1.2018
-1.5293
-1.8021
-2.1021
-2.3201
-2.2923
-2.3192
-2.1824
-2.0729
-2.018
-2.1812
-2.1262
-1.9896
-1.7167
-1.5801
-1.253
-0.7353
-0.43565
-0.13611
0
0.13606
0.32648
0.35362
0.48953
0.48943
0.5437
0.51641
0.40761
0.24452
0.081489
0.027158
-0.40728
-0.48863
-0.78708
-0.92259
-1.058
-1.1663
-1.0305
-0.97604
-0.94873
-0.94852
-0.83994
-0.73141
-0.75833
-0.5957
-0.64972
-0.67664
-0.64944
-0.51402
-0.48686
-0.35155
-0.18925
-0.18921
-0.16214
-0.10807
-0.13506
-0.37808
-0.378
-0.35092
-0.45879
-0.43171
-0.26976
-0.16182
-0.10785
-0.026957
-0.026951
-0.053889
-0.21551
-0.32319
-0.53852
-0.673
-0.53827
-0.56505
-0.80703
-0.96821
-1.0218
-1.3172
-1.4244
-1.5853
-1.6924
-1.8263
-2.0406
-2.067
-2.1739
-2.0928
-1.8509
-1.6091
-1.421
-1.1526
-1.0452
-0.88417
-0.77681
-0.61594
-0.48193
-0.58888
-0.48169
-0.40131
-0.40122
-0.3209
-0.13367
-0.026728
0.080166
0.080146
0.13354
0.026702
0.18687
0.13345
0.13341
0.026676
-0.02667
-0.13332
-0.21325
-0.29315
-0.18651
-0.079912
-0.26631
-0.37274
-0.55897
-0.63867
-0.79814
-0.66495
-0.69138
-0.71779
-0.71762
-0.93002
-0.95636
-1.0624
-1.0355
-1.0884
-0.98196
-0.79599
-0.42442
-0.29172
-0.15908
-0.10603
-0.0265
-0.079482
0
-0.21185
-0.18532
-0.31762
-0.31754
-0.47619
-0.52897
-0.6875
-0.7402
-0.92502
-1.0569
-1.0831
-1.1885
-1.2146
-1.1615
-1.1084
-1.0818
-1.1343
-1.2922
-1.3974
-1.3707
-1.423
-1.3173
-1.2643
-1.264
-1.3164
-1.3424
-1.3684
-1.2891
-1.1836
-0.94667
-0.63096
-0.42054
-0.26278
-0.1839
-0.026265
0.052518
-0.13127
-0.34121
-0.89219
-1.2593
-1.3377
-1.2849
-1.1273
-1.0484
-0.89095
-0.78595
-0.81197
-0.70704
-0.57597
-0.52349
-0.52337
-0.62791
-0.62777
-0.67993
-0.94123
-0.88874
-1.1237
-1.2541
-1.3583
-1.1752
-1.2272
-1.3313
-1.4094
-1.6178
-1.5392
-1.4084
-1.3821
-1.5121
-1.5118
-1.4333
-1.4851
-1.3806
-1.198
-1.0155
-1.0934
-0.963
-0.88473
-0.8065
-0.83235
-1.0142
-1.118
-1.3517
-1.4814
-1.5071
-1.5068
-1.5325
-1.4023
-1.2203
-1.1422
-1.3236
-1.2715
-1.3491
-1.1413
-0.80395
-0.44079
-0.33701
-0.18143
-0.20731
-0.31091
-0.49219
-0.5698
-0.59559
-0.77671
-0.906
-1.0611
-1.2679
-1.3195
-1.2158
-1.1897
-1.2929
-1.2151
-1.1115
-1.2147
-1.0853
-0.82676
-0.6458
-0.54238
-0.41317
-0.33565
-0.33559
-0.20649
-0.15484
0.025803
0.30958
0.51589
0.64477
0.56731
0.54144
0.56713
0.38663
0.30925
0.1546
0.051527
-0.1288
-0.15454
0.077258
0.23174
0.36044
0.51484
0.61772
0.36029
0.36024
0.23155
0.25725
0.23149
0.18003
-0.025715
-0.35997
-0.74555
-1.2596
-2.0048
-2.5443
-2.7752
-2.852
-2.903
-2.9284
-2.9538
-2.9278
-2.722
-2.2082
-1.5661
-0.84716
0.15401
0.69299
0.92389
0.9238
0.8724
0.5901
0.25654
0.20521
0.051299
-0.15388
-0.53855
-1.1026
-1.6923
-2.3588
-2.6406
-2.7686
-2.6658
-2.4093
-1.9478
-1.2814
-0.82002
-0.38436
-0.25622
-0.20497
-0.30743
-0.23056
-0.23055
-0.1793
-0.10245
-0.2049
-0.2305
-0.20488
0
0.15364
0.46091
0.64012
0.81933
0.81929
0.84487
0.97284
0.87041
0.84478
0.79356
0.84474
0.66553
0.51194
0.30716
-0.10238
-0.46072
-0.69107
-1.0494
-1.4589
-1.8684
-2.5082
-3.0457
-3.5063
-3.4551
-3.276
-3.0456
-2.7129
-2.3802
-2.2779
-2.1243
-1.894
-1.8428
-1.7917
-1.6381
-1.5102
-1.4334
-1.3055
-1.1263
-1.1008
-0.87039
-0.69121
-0.53763
-0.53765
-0.56327
-0.53769
-0.28166
-0.025607
0.17925
0.43535
0.20488
-0.051223
-0.25613
-0.46106
-0.46109
-0.46111
-0.6661
-0.743
-0.71743
-0.7431
-0.71753
-0.82009
-0.79453
-0.89711
-1.1023
-0.9998
-0.84606
-0.66665
-0.51285
-0.5129
-0.38471
-0.3591
-0.35913
-0.33351
-0.38486
-0.23094
-0.23096
-0.20532
-0.28235
-0.38507
-0.35944
-0.46219
-0.41088
-0.33388
-0.30824
-0.38534
-0.30831
-0.41114
-0.53969
-0.56547
-0.64266
-0.53991
-0.82284
-0.92583
-1.0546
-1.1319
-1.3122
-1.2352
-1.3898
-1.5187
-1.5447
-1.5707
-1.5709
-1.7
-1.5457
-1.6748
-1.6493
-1.6496
-1.8561
-1.9854
-2.4241
-2.8373
-3.3796
-3.8447
-3.9228
-3.8461
-3.4854
-3.0988
-2.5053
-2.1183
-1.7054
-1.499
-1.2149
-1.1118
-1.0086
-0.85357
-0.98312
-0.9057
-0.59531
-0.49189
-0.38842
-0.1295
0.051813
0.10365
0.10367
0.23332
0.23338
0.28531
0.25944
0.23355
0.31148
0.12982
0.02597
-0.18183
-0.41573
-0.62375
-0.88388
-1.1442
-1.3005
-1.2749
-1.3793
-1.4317
-1.4061
-1.4325
-1.3027
-1.1727
-0.86025
-0.52152
-0.33908
-0.15655
-0.20879
-0.10443
-0.078343
0
0.07839
0.13069
0.23532
0.18308
0
-0.052342
0.078537
0.13094
0.052392
0.18343
0.026213
-0.20977
-0.52461
-0.6035
-0.55121
-0.49888
-0.31519
-0.23647
-0.36797
-0.44698
-0.44714
-0.63147
-0.71066
-0.7899
-0.94822
-1.133
-1.3443
-1.6085
-1.8728
-2.1902
-2.455
-2.6935
-2.9851
-3.092
-3.0138
-2.8034
-2.1695
-1.2175
-0.47661
0.052977
0.39748
0.5567
0.60996
0.79592
1.0086
1.0886
0.87658
0.77064
0.45194
0.18617
-0.18625
-0.31941
-0.50595
-0.77257
-0.98611
-1.2265
-1.307
-1.3877
-1.5218
-1.8162
-2.1644
-2.3525
-2.3802
-2.6756
-2.9177
-2.8655
-2.7328
-2.198
-1.8235
-1.5829
-1.4226
-1.2621
-0.77911
-0.69884
-0.48404
-0.21523
-0.026916
0.053858
0.18859
0.21564
0.18877
0.21584
0.37791
0.54013
0.48635
0.51362
0.45978
0.24354
0.13536
-0.081259
-0.271
-0.56938
-0.92232
-1.1671
-1.3577
-1.3313
-1.2504
-1.0335
-0.84352
-0.68061
-0.73544
-0.84483
-0.73621
-0.76387
-0.6005
-0.73737
-0.71044
-0.79283
-0.87531
-0.76631
-0.41074
-0.21918
-0.24671
-0.19199
-0.027442
0
0.10989
0.4398
0.41254
0.44029
0.55067
0.38568
0.35833
0.19306
0.19317
0.082832
0.082879
0.082926
0.13829
-0.027674
-0.16614
-0.22164
-0.44354
-0.49927
-0.63833
-0.69424
-0.778
-0.80626
-0.69546
-0.69587
-0.69628
-0.75243
-0.69711
-0.86493
-1.1167
-1.0615
-1.0062
-0.75513
-0.9235
-1.0081
-1.2889
-1.4579
-1.4868
-1.3754
-1.1797
-1.0118
-0.87177
-0.87231
-0.6476
-0.648
-0.39468
-0.19746
0.084679
0.19771
-0.028262
-0.16968
-0.28297
-0.45304
-0.51
-0.48197
-0.25532
-0.19871
-0.028405
0.028423
0.19909
0.25614
0.3987
0.42745
0.28515
0.14267
-0.057104
-0.37142
-0.40025
-0.57216
-0.51528
-0.65884
-0.57328
-0.57366
-0.54533
-0.66058
-0.60353
-0.37386
-0.34533
-0.25917
-0.25934
-0.37486
-0.46167
-0.37536
-0.46229
-0.78064
-1.0126
-1.0712
-1.1299
-1.1596
-0.98634
-0.75477
-0.66813
-0.72672
-0.69813
-1.0479
-1.3399
-1.4866
-1.4584
-1.4302
-1.2267
-1.2568
-1.1699
-1.2293
-1.2008
-1.2017
-1.2318
-1.2914
-1.2629
-1.5283
-1.7058
-1.9424
-2.0321
-2.0925
-1.8285
-1.6232
-1.6834
-1.5073
-1.4787
-1.3318
-1.1254
-1.0669
-1.0084
-1.1871
-1.1286
-1.278
-1.2491
-1.25
-1.1318
-1.1326
-0.98423
-0.8357
-0.77655
-1.0162
-0.95711
-0.83807
-0.7488
-0.92918
-0.95983
-0.81043
-0.93116
-0.84164
-0.69184
-0.78264
-0.63258
-0.57274
-0.51282
-0.69431
-0.6646
-0.78599
-1.2706
-1.3018
-1.1512
-1.0308
-1.1529
-1.9127
-2.6736
-3.3444
-3.1338
-2.4967
-1.7977
-1.1587
-0.61026
-0.061069
0.51946
1.1314
1.5912
1.868
1.6854
1.472
1.2582
0.95201
1.0142
0.95338
0.80018
0.33878
-0.18492
-0.8019
-1.5741
-2.1003
-2.349
-2.227
-1.8881
-1.3939
-1.0229
-0.55834
-0.40354
-0.12425
0.062171
0.18665
0.12452
-0.093456
-0.34292
-0.37436
-0.37462
-0.43737
-0.56273
-0.56313
-0.78268
-0.8459
-1.066
-1.1608
-1.2558
-1.6338
-1.7292
-1.5731
-1.039
-0.47261
-0.18918
-0.25241
-0.53675
-0.66352
-0.85369
-0.85429
-0.88655
-0.98223
-1.2366
-1.4278
-1.7146
-1.7793
-1.9713
-2.259
-2.4835
-2.6445
-2.5188
-2.2653
-2.1392
-1.7892
-1.5666
-1.1518
-1.0245
-0.70484
-0.60914
-0.64164
-0.73839
-0.54614
-0.28933
-0.03217
0.064383
0.12885
0.096706
-0.16129
-0.48418
-0.80752
-1.0666
-1.4231
-1.7478
-2.1052
-2.2686
-2.2053
-1.9471
-1.8185
-1.8198
-1.4958
-1.3992
-1.1396
-0.8797
-0.68466
-0.68511
-0.3591
0.13067
0.45764
0.6869
0.78554
0.72054
0.45882
0.32794
0.36097
0.22986
0.32857
0.36166
0.2303
0
-0.19765
-0.39554
-0.49474
-0.69308
-0.69351
-0.82612
-1.1573
-1.4227
-1.3905
-1.6232
-1.6242
-1.7579
-1.759
-1.9925
-1.9273
-1.7955
-1.8964
-2.064
-2.1318
-2.4664
-2.9014
-3.1367
-3.3056
-3.2407
-3.1423
-2.91
-2.7444
-2.7125
-2.6136
-2.6486
-2.8179
-2.8531
-2.7204
-2.6548
-2.6226
-2.355
-2.087
-1.7177
-1.2132
-0.60694
-0.43859
-0.40508
-0.30398
-0.43932
-0.43956
-0.57513
-0.57544
-0.77896
-0.81327
-0.8137
-0.81414
-0.64487
-0.67917
-0.4417
-0.33995
-0.30611
-0.20418
-0.23833
-0.47692
-0.81799
-1.023
-0.88706
-0.81924
-0.61474
-0.64922
-0.92304
-1.0945
-1.3346
-1.438
-1.4387
-1.4051
-1.3715
-1.6809
-1.819
-1.5452
-1.5115
-1.3404
-1.2035
-1.1352
-1.3767
-1.1707
-1.1024
-1.0684
-0.86201
-0.65542
-0.55218
-0.69053
-0.58721
-0.55291
-0.31115
-0.31128
-0.10381
-0.034616
-0.13852
0
-0.24262
-0.34675
-0.45096
-0.38173
-0.45132
-0.62516
-0.76439
-1.147
-1.4605
-1.8089
-1.9836
-2.0192
-1.9851
-1.9859
-2.0563
-2.092
-2.3718
-2.3028
-2.3735
-2.3743
-2.3403
-2.4459
-2.5167
-2.6225
-2.6234
-2.5543
-2.2751
-1.9258
-1.5411
-1.5416
-1.1566
-0.94661
-0.5962
-0.56131
-0.14037
-0.035104
0.10534
0.281
0.5973
0.56233
0.5625
0.77366
0.63317
0.45742
0.24637
0.10562
-0.14086
-0.10567
-0.1057
-0.10573
-0.24677
-0.31735
-0.3527
-0.38807
-0.52931
-0.49415
-0.60018
-0.98876
-1.0949
-1.2012
-1.3428
-1.2724
-1.0252
-0.84863
-0.70734
-0.77823
-0.91992
-1.0263
-1.1326
-1.0267
-0.92063
-0.88538
-0.70843
-0.60227
-0.49607
-0.49616
-0.42535
-0.53177
-0.53186
-0.53194
-0.67389
-0.74493
-0.85148
-0.67418
-0.78073
-0.67436
-0.60345
-0.74553
-0.88765
-1.3139
-1.5626
-1.4562
-1.563
-1.7407
-1.8475
-1.9543
-1.9189
-1.848
-1.8837
-1.8838
-1.7773
-1.5642
-1.351
-1.2088
-1.3156
-1.3868
-1.4935
-1.4225
-1.387
-1.6004
-1.4582
-1.4582
-1.2805
-0.99593
-0.85367
-0.71141
-0.6047
-0.60471
-0.60471
-0.78257
-0.67585
-0.60471
-0.56913
-0.85368
-0.96038
-1.2093
-1.3871
-1.4227
-1.4937
-1.5293
-1.6003
-1.3158
-1.4224
-1.6001
-1.7422
-1.8132
-1.6709
-1.8485
-1.8484
-2.0259
-2.0969
-2.2744
-2.061
-2.0608
-1.9895
-1.8827
-1.4563
-0.95892
-0.53267
0.035507
0.035503
0.24849
0.35494
0.35489
0.42581
0.46123
0.56759
0.42563
0.35463
0.2482
0.24816
-0.035446
-0.14176
-0.070868
-0.17714
-0.10626
-0.2479
-0.4249
-0.67262
-0.77867
-0.56619
-0.77835
-0.77819
-0.91948
-0.60107
-0.63629
-0.63614
-0.60066
-0.38857
-0.2119
0
0.1412
0.070581
0.24697
0.28218
0.070526
-0.035254
-0.21147
-0.31711
-0.45792
-0.35215
-0.52807
-0.6687
-0.91479
-0.84417
-1.2307
-1.3709
-1.476
-1.8971
-1.8965
-2.0714
-2.0005
-2.07
-1.9992
-1.683
-1.5071
-1.2964
-1.1558
-1.0854
-0.87502
-0.90969
-0.62956
-0.2797
-0.069899
-0.069873
0.069846
-0.06982
-0.034896
0.034883
-0.069738
-0.06971
-0.24389
-0.10448
-0.24369
-0.45237
-0.52175
-0.76491
-0.9036
-1.1464
-1.0417
-1.1801
-1.1449
-1.2831
-1.4558
-1.6631
-1.593
-1.6269
-1.7646
-1.66
-1.5209
-1.3475
-1.3123
-1.07
-0.93151
-0.68967
-0.68933
-0.65454
-0.48205
-0.41298
-0.34397
-0.44694
-0.34362
-0.51516
-0.54922
-0.75478
-0.85725
-0.95961
-0.9591
-1.0955
-1.0607
-0.99173
-1.0595
-1.2981
-1.2632
-1.4672
-1.5687
-1.6701
-1.4307
-1.2596
-1.2249
-1.2242
-1.3594
-1.4605
-1.4257
-1.0856
-0.9154
-0.77931
-0.60953
-0.643
-0.67643
-0.64221
-0.67559
-0.8102
-0.97838
-0.80918
-0.87606
-0.77448
-0.74034
-0.50445
-0.4033
-0.26869
-0.30208
-0.33543
-0.70393
-0.66997
-0.80342
-0.90325
-0.86921
-0.7684
-0.73449
-0.70063
-0.80017
-0.73298
-0.79906
-0.79851
-0.76471
-0.5316
-0.53122
-0.19907
-0.066309
-0.099393
-0.13243
-0.13233
-0.23142
-0.29732
-0.26409
-0.36286
-0.46149
-0.49409
-0.42789
-0.39469
-0.72305
-0.75535
-0.91887
-0.95097
-1.0813
-0.98227
-0.78522
-1.0462
-1.176
-1.371
-1.5982
-1.76
-1.8563
-1.9525
-2.3086
-2.5342
-3.0192
-3.3088
-3.5979
-3.4007
-3.2685
-3.0072
-2.7786
-2.4213
-1.9354
-1.3537
-0.80513
-0.41832
-0.22507
-0.064252
-0.0321
0.096219
0.064093
0.09606
-0.22395
-0.70326
-1.1818
-1.6595
-2.0726
-2.3576
-2.3237
-2.29
-1.9067
-1.397
-1.2055
-1.1728
-1.0451
-1.0758
-0.94844
-0.88444
-0.66276
-0.66218
-0.81913
-0.94432
-1.1007
-1.0369
-1.0988
-0.97237
-0.90883
-0.78278
-0.46925
-0.12502
0.12491
0.312
0.6546
0.7163
0.71566
0.52849
0.49695
0.52753
0.65107
0.83633
0.95935
0.98939
1.2974
1.4814
1.48
1.2938
1.1387
0.86096
0.36864
0
-0.5826
-1.1948
-1.5915
-1.8347
-2.2912
-3.0826
-3.6286
-4.2344
-4.5348
-4.713
-4.2529
-3.2777
-1.9405
-0.81788
-0.090789
0.27211
0.27185
0.48283
0.42208
0.36143
0.42127
0.39081
0.15017
-0.060009
-0.20983
-0.47915
-0.59836
-0.47823
-0.47777
-0.47731
-0.44705
-0.41684
-0.68414
-1.2184
-1.6328
-1.6906
-1.8371
-1.7169
-1.6561
-1.6545
-1.4462
-1.2679
-0.9721
-0.88286
-0.735
-0.73428
-0.67487
-0.49833
-0.35142
-0.35107
-0.37996
-0.37958
-0.26253
-0.11656
-0.2329
-0.11634
-0.17433
-0.37735
-0.34798
-0.49248
-0.43411
-0.40477
-0.25995
-0.25969
-0.20178
-0.23038
-0.40277
-0.4886
-0.51682
-0.40158
-0.34387
-0.28627
-0.20019
-0.25713
-0.25688
-0.37068
-0.37031
-0.3984
-0.42643
-0.36921
-0.56745
-0.87867
-1.161
-1.471
-1.8934
-2.3432
-2.6511
-2.9021
-3.1525
-3.0651
-2.8654
-2.4977
-2.1307
-1.7925
-1.371
-1.4256
-1.2566
-1.3949
-1.3099
-1.1694
-0.86224
-0.75024
-0.69398
-0.69329
-0.6649
-0.52586
-0.58064
-0.38671
-0.30354
-0.30324
-0.30294
-0.35767
-0.30235
-0.41188
-0.30175
-0.41107
-0.60231
-0.62907
-0.87436
-1.01
-1.2544
-1.226
-1.3608
-1.3323
-1.4125
-1.3568
-1.4368
-1.3542
-1.1364
-1.1083
-1.0532
-0.99819
-0.86246
-0.75392
-0.53799
-0.18811
-0.10739
0.080464
0.21436
0.32123
0.26743
0.026718
-0.053384
-0.34666
-0.45289
-0.39922
-0.50519
-0.61096
-0.87576
-0.98097
-1.139
-1.2173
-1.3483
-1.3206
-1.3193
-1.1599
-1.0798
-0.81566
-1.104
-1.1818
-1.6005
-2.228
-2.5926
-2.9302
-3.1627
-3.3426
-3.2612
-3.1799
-3.1249
-3.0439
-2.8591
-2.6747
-2.2312
-1.6589
-1.3466
-1.009
-0.67205
-0.38737
-0.025801
0.15466
0.3863
0.56606
0.64266
0.69344
0.76979
0.79473
0.74278
0.63975
0.38351
0.10218
0
-0.30598
-0.45856
-0.55996
-0.48317
-0.50815
-0.53308
-0.7355
-0.91223
-0.93675
-1.0624
-1.0109
-1.0353
-0.80732
-0.45372
-0.25185
-0.15098
-0.075423
0.1256
0.37646
0.65198
0.70153
0.62583
0.20009
0.02499
-0.14981
-0.32432
-0.3739
-0.4234
-0.19908
-0.22377
-0.14906
-0.19858
-0.12401
-0.17347
-0.14856
-0.39584
-0.66743
-0.81508
-0.96248
-1.2329
-1.4044
-1.6002
-1.9433
-2.2613
-2.4068
-2.4539
-2.2803
-2.0335
-1.6402
-1.4432
-1.4176
-1.27
-1.1958
-0.73153
-0.51167
-0.26781
-0.19462
-0.097234
0.12145
0.21844
0.33953
0.33927
0.48431
0.60492
0.72536
0.84561
0.6277
0.43424
0.16874
0.14453
-0.19256
-0.33674
-0.36052
-0.28821
-0.216
-0.33575
-0.14379
-0.35922
-0.38289
-0.33479
-0.26286
-0.38207
-0.3818
-0.42922
-0.5004
-0.5953
-0.5235
-0.52314
-0.47525
-0.59365
-0.54579
-0.61655
-0.49765
-0.23681
0.023665
0.070949
0.1418
0.14171
0.047205
0
0
-0.094224
-0.25895
-0.1882
-0.21159
-0.28194
-0.44612
-0.4693
-0.51591
-0.51558
-0.37473
-0.46812
-0.51462
-0.67794
-0.6308
-0.7705
-0.8167
-0.88617
-1.0022
-1.1646
-1.3734
-1.582
-2.0693
-2.6258
-2.9029
-2.9477
-2.7604
-2.4806
-2.0621
-1.7599
-1.4812
-1.2491
-1.2252
-1.2939
-1.3855
-1.3386
-1.2456
-1.0374
-0.82951
-0.64483
-0.50638
-0.36808
-0.091972
-0.1149
0.022969
0.091828
0.20651
0.18347
0.25214
0.25201
0.16029
0.045775
-0.13726
-0.29725
-0.54849
-0.68529
-0.73062
-0.82156
-0.66149
-0.63838
-0.50135
-0.43279
-0.34152
-0.36412
-0.3412
-0.432
-0.4318
-0.34075
-0.49954
-0.54472
-0.40836
-0.43086
-0.45335
-0.22658
-0.22648
-0.13583
-0.13578
-0.3393
-0.45222
-0.47464
-0.40667
-0.33876
-0.47407
-0.42876
-0.47371
-0.63137
-0.83399
-0.83368
-0.99103
-1.0132
-1.1704
-1.2824
-1.4394
-1.4164
-1.5058
-1.7749
-2.2459
-2.8065
-3.3217
-3.5899
-3.4765
-3.0718
-2.6673
-2.3976
-2.24
-1.9482
-1.6566
-0.93994
-0.33559
0.022366
0.40247
0.7153
1.0279
1.0723
1.072
0.93776
0.69197
0.31242
-0.089238
-0.66911
-1.0703
-1.2038
-1.092
-0.8244
-0.42323
-0.02227
0.22265
0.20034
0.20029
0.17799
0.022244
-0.044479
-0.066704
-0.15561
-0.13335
-0.1111
-0.11108
-0.11106
-0.15545
-0.044406
-0.022199
0.044389
0.17752
0.15531
0.15528
0.11089
0.022175
-0.088686
-0.28818
-0.3103
-0.48754
-0.7312
-0.90833
-0.93035
-0.86378
-0.75293
-0.66426
-0.53134
-0.55341
-0.68615
-0.53115
-0.57534
-0.68591
-0.79646
-1.0618
-1.3935
-1.7915
-2.1894
-2.8968
-3.5599
-4.0018
-3.9793
-3.559
-3.0062
-2.4976
-2.1217
-1.8564
-1.4364
-1.1491
-1.0164
-0.77332
-0.48607
-0.15465
0.15465
0.55229
0.88363
1.0161
1.0603
0.90565
0.61848
0.39759
0.26506
0.15462
0
0
-0.044176
-0.22088
-0.1988
-0.33133
-0.35343
-0.39761
-0.28717
-0.33136
-0.33137
-0.39766
-0.35349
-0.46397
-0.64075
-0.64078
-0.7734
-0.86183
-0.92818
-0.81773
-0.81778
-0.79574
-0.61895
-0.6411
-0.70748
-0.72965
-0.79605
-0.81823
-0.75196
-0.72991
-0.7521
-0.84067
-0.92926
-0.99574
-1.2172
-1.3058
-1.306
-1.2176
-1.107
-1.0407
-0.99659
-1.0189
-0.95256
-0.90838
-0.86419
-1.0195
-0.93095
-0.79808
-0.73169
-0.68745
-0.88718
-1.087
-1.664
-2.0194
-2.2639
-2.3087
-2.1537
-1.7988
-1.4215
-1.0663
-0.91101
-0.60005
-0.4668
-0.4669
-0.55595
-0.46709
-0.31146
-0.28928
-0.1558
-0.28941
-0.24494
-0.15591
-0.15594
-0.26739
-0.24517
-0.20064
-0.17839
-0.15613
-0.04462
-0.089263
-0.17857
-0.15629
-0.201
-0.31275
-0.40221
-0.29057
-0.38007
-0.40254
-0.38029
-0.22376
-0.31336
-0.403
-0.31354
-0.35844
-0.26891
-0.22416
-0.24665
-0.33644
-0.29167
-0.1571
-0.11225
-0.13475
0.022465
0.11236
0.089919
0.13492
0.13497
0.045004
0.090039
0.15762
0.20273
0.067599
0.022541
-0.11274
-0.067671
-0.13539
-0.15801
-0.27098
-0.56474
-0.54235
-0.58777
-0.42968
-0.63346
-0.67896
-0.8377
-1.1098
-1.1556
-1.4734
-1.7914
-2.2458
-2.5644
-2.6335
-2.6119
-2.3857
-2.364
-2.5241
-2.5479
-2.2986
-1.9125
-1.6172
-1.3445
-1.0715
-0.86667
-0.73014
-0.38806
-0.31972
-0.13708
0.068571
0.16007
0.091509
0.11444
0.25188
0.43526
0.52713
0.50444
0.55055
0.43606
0.22961
0.1608
-0.18386
-0.27592
-0.43708
-0.59839
-0.55263
-0.92149
-0.99108
-1.0838
-1.1074
-1.0387
-1.0392
-1.1552
-0.994
-0.92511
-0.74046
-0.67138
-0.48642
-0.37079
-0.1623
0.046396
0.18568
0.23222
0.18587
0.3022
0.51168
0.51195
0.51221
0.4426
0.34961
0.23319
0.27998
0.2101
0.093428
0.070108
-0.23382
-0.39771
-0.67882
-0.93681
-1.1717
-1.5474
-1.7594
-1.9717
-2.0432
-2.0208
-1.975
-2.3995
-3.0364
-3.5091
-3.4404
-3.0651
-2.4771
-1.912
-1.488
-1.0871
-0.66207
-0.30757
-0.023673
0.21318
0.23701
0.30829
0.37965
0.66478
0.78396
0.78442
0.83245
0.78535
0.61913
0.52419
0.47683
0.4294
0.26257
0.19107
0.14339
0.095653
0.071784
0.023942
-0.071871
-0.1678
-0.16791
-0.14401
-0.1441
-0.24031
-0.2645
-0.1203
-0.24076
-0.33727
-0.45801
-0.45829
-0.53099
-0.45887
-0.43499
-0.50781
-0.50813
-0.43582
-0.46032
-0.5091
-0.36387
-0.24274
-0.31576
-0.19444
-0.2432
-0.073008
0.024351
0.12184
0.17068
0.097595
0.12207
0.02443
0
-0.073386
0
-0.26943
-0.36765
-0.78483
-1.0553
-1.4489
-1.8431
-2.1885
-2.313
-2.4377
-2.2422
-1.9478
-1.505
-1.0122
-0.5435
-0.39553
-0.17316
0.024754
0.049541
-0.14872
-0.32244
-0.34748
-0.34771
-0.3728
-0.39792
-0.32353
-0.39845
-0.72268
-0.77304
-0.99815
-1.0238
-1.0495
-0.80014
-0.70059
-0.90137
-0.85188
-1.0029
-0.97848
-0.87872
-0.6532
-0.55309
-0.45283
-0.40279
-0.52903
-0.5798
-0.73156
-0.7573
-1.0357
-1.2386
-1.2395
-1.4428
-1.5198
-1.6222
-1.4204
-1.396
-1.3208
-1.4487
-1.5515
-1.578
-1.5536
-1.6821
-1.8618
-1.9652
-2.0176
-2.0701
-1.9436
-1.817
-1.7927
-1.717
-1.6413
-1.4884
-1.4124
-1.1307
-0.77146
-0.43746
-0.20601
0.025769
0.077359
0.025804
0.025822
-0.02584
-0.077572
-0.051751
-0.10357
0.025911
-0.077786
-0.25947
-0.33754
-0.33777
-0.312
-0.15611
0.052072
-0.026054
0.13036
0.10436
0.18275
0.15675
0.078431
0.026162
-0.078538
-0.26197
-0.28837
-0.44597
-0.44627
-0.52539
-0.31545
-0.68394
-0.65808
-0.86926
-0.89622
-1.0551
-1.0822
-1.1358
-1.163
-1.1109
-0.97929
-0.76808
-0.63608
-0.39782
-0.31847
-0.47803
-0.42521
-0.58506
-0.63867
-0.61248
-0.47965
-0.50664
-0.40025
-0.24031
-0.18704
-0.29411
-0.45484
-0.5087
-0.643
-0.80428
-0.61703
-0.72483
-0.77904
-0.8602
-0.69938
-0.6191
-0.48483
-0.4582
-0.35062
-0.4858
-0.59415
-0.64859
-0.59494
-0.7577
-0.56865
-0.59612
-0.67786
-0.70543
-0.62445
-0.86937
-0.86994
-0.95212
-0.73497
-0.73545
-0.62691
-0.62731
-0.7096
-0.60082
-0.68319
-0.62895
-0.73881
-0.7119
-0.46578
-0.41124
-0.27434
-0.27452
-0.52191
-0.4123
-0.46757
-0.52292
-0.46817
-0.66137
-0.68936
-0.74499
-0.82829
-1.0222
-1.1887
-1.3554
-1.7438
-1.8557
-2.1063
-2.3849
-2.6639
-2.9987
-3.334
-3.4751
-3.3382
-3.034
-2.5624
-2.0066
-1.5896
-1.1999
-0.72595
-0.25145
-0.083866
0.11189
-0.02799
-0.22405
-0.53245
-0.67298
-0.75756
-0.84224
-0.92702
-0.89947
-1.0406
-1.2945
-1.5487
-1.606
-1.3532
-1.1848
-0.95968
-0.98849
-1.3564
-1.8662
-2.4331
-2.8875
-3.0875
-2.8909
-2.5239
-2.0714
-1.6751
-1.1079
-1.1938
-0.96698
-0.68297
-0.65488
-0.79771
-0.9977
-1.1694
-1.3984
-1.7133
-1.5999
-1.4579
-1.3729
-1.0303
-0.8304
-0.74491
-0.85999
-0.65969
-0.74615
-1.0337
-1.1779
-1.351
-1.6394
-1.7842
-1.8715
-2.0166
-2.1618
-2.3071
-2.3372
-2.5406
-2.6575
-2.7167
-2.8917
-2.8932
-2.9816
-2.8963
-2.8398
-2.6674
-2.2626
-2.0607
-1.539
-1.1621
-0.63951
-0.29083
-0.029098
0.23291
0.32041
0.34972
0.2041
0.11669
-0.2335
-0.40883
-0.61355
-0.90616
-1.1698
-1.1997
-1.171
-1.0837
-0.90841
-0.76226
-0.8213
-0.76301
-0.70466
-0.79312
-0.91106
-1.0879
-1.2355
-1.295
-1.3839
-1.4435
-1.2673
-1.4449
-1.357
-1.3872
-1.4174
-1.4771
-1.33
-1.4489
-1.4791
-1.3614
-1.4509
-1.5404
-1.3929
-1.0971
-1.0679
-0.8903
-0.5938
-0.59406
-0.32688
-0.089188
0.23794
0.38682
0.41676
0.4765
0.32774
0.20865
0.02982
-0.059665
-0.23876
-0.38815
-0.38832
-0.44825
-0.59791
-0.83743
-0.92754
-1.347
-1.4074
-1.5278
-1.5884
-1.679
-1.5597
-1.2903
-1.1107
-1.1412
-0.9914
-0.87157
-0.93205
-1.0527
-0.99296
-0.87294
-0.87328
-0.75312
-0.60273
-0.51251
-0.51271
-0.48273
-0.5131
-0.4831
-0.27184
-0.1813
-0.030227
0.12095
0.090749
0.030261
-0.090815
-0.24226
-0.18176
-0.21213
0
0
0
-0.030347
-0.030358
-0.091106
-0.18228
-0.03039
-0.0912
-0.18246
-0.30421
-0.21302
-0.27397
-0.39587
-0.54831
-0.73132
-1.0059
-1.2502
-1.0981
-0.97637
-0.88512
-0.91594
-0.94677
-1.0693
-1.0696
-0.88653
-0.91739
-0.91767
-0.73436
-0.67337
-0.64296
-0.85754
-1.011
-1.2258
-1.2262
-1.1039
-0.92017
-0.95112
-1.1049
-1.228
-1.3512
-1.4437
-1.1983
-1.0142
-0.95303
-0.83029
-0.67672
-0.52307
-0.49243
-0.49257
-0.36953
-0.40043
-0.3081
-0.339
-0.52405
-0.52419
-0.40096
-0.40106
-0.30859
-0.30867
-0.27787
-0.27794
-0.49424
-0.43257
-0.52539
-0.37096
-0.30921
-0.15464
-0.30936
-0.30943
-0.092851
0.18575
0.24772
0.27875
0.061958
0
-0.030993
0.124
0
-0.093042
0.031021
0.062055
0.21724
0.15521
0.12419
-0.031054
-0.062122
0.062135
-0.093222
-0.24864
-0.52847
-0.62186
-0.71528
-0.74653
-0.74667
-0.59123
-0.65359
-0.46694
-0.49817
-0.65397
-0.93442
-0.87228
-0.74781
-0.9661
-0.71691
-0.56116
-0.6548
-0.56136
-0.34311
-0.21838
-0.031203
0.12483
0.18728
0.21853
0.18734
0.31229
0.21864
-0.031239
-0.12497
-0.21874
-0.50005
-0.40636
-0.46894
-0.34394
-0.40654
-0.43787
-0.5005
-0.46929
-0.50064
-0.65719
-0.75117
-0.90779
-0.8453
-0.78279
-0.62632
-0.43848
-0.18794
-0.18797
-0.37598
-0.62671
-0.75215
-1.097
-1.442
-1.881
-2.4143
-2.8536
-2.5403
-1.8505
-1.192
-0.37646
0.3765
1.0355
1.5377
1.8831
1.9147
1.5068
1.2872
1.1931
1.099
0.9735
0.59671
0.31409
-0.21988
-0.34556
-0.72259
-0.91117
-1.1312
-1.0999
-1.3514
-1.5715
-1.603
-1.7289
-1.8548
-1.792
-1.855
-1.9495
-1.981
-2.0126
-2.0127
-2.2645
-2.0759
-1.9187
-1.793
-1.6358
-1.4157
-1.2585
-1.1012
-0.91248
-0.59786
-0.25174
-0.062939
0.12588
0.094416
0.062947
-0.1259
0
-0.09443
-0.18887
-0.28331
-0.69256
-1.1018
-1.6056
-1.7315
-2.0464
-2.2983
-2.4558
-2.5503
-2.6448
-2.6764
-2.6449
-2.6764
-2.4561
-2.1727
-1.9523
-1.6374
-1.3855
-1.2281
-1.5115
-1.3855
-1.2911
-0.97618
-0.66128
-0.66128
-0.3149
-0.15745
-0.062978
-0.15744
-0.12595
-0.094465
-0.094463
-0.12595
-0.031487
-0.062973
-0.031486
-0.031485
-0.22039
-0.062967
-0.12593
-0.25186
-0.094444
-0.094441
0
-0.15739
-0.062955
-0.15738
-0.18885
-0.25179
-0.15736
-0.062943
-0.15735
-0.22028
-0.25174
-0.25173
-0.22025
-0.22024
-0.25169
-0.3146
-0.12583
-0.15728
-0.12582
-0.18872
-0.25161
-0.34594
-0.59749
-0.66035
-0.50309
-0.31441
-0.53446
-0.56586
-0.97447
-1.1944
-1.3829
-1.4771
-1.3513
-1.5711
-1.6024
-1.9479
-2.2619
-2.356
-2.7955
-3.235
-3.7686
-3.9253
-3.9249
-3.799
-3.5789
-3.453
-3.484
-3.4209
-3.1068
-2.6672
-1.9453
-1.5059
-1.1293
-1.1292
-1.0663
-0.94077
-0.81525
-0.7211
-0.43888
-0.31345
-0.3761
-0.56409
-0.84603
-0.97126
-1.1278
-0.90838
-0.97091
-1.0021
-0.93936
-1.1271
-1.2209
-1.4711
-1.6274
-1.7211
-1.9398
-2.0022
-2.2208
-2.4082
-2.6893
-2.4388
-2.2196
-1.938
-1.5627
-1.1562
-0.87484
-0.49984
-0.15618
0.062461
0.18736
0.31221
0.3746
0.31212
0.34328
0.34322
0.43676
0.49908
0.56137
0.5301
0.24942
0.062344
-0.15584
-0.52975
-0.96586
-1.2149
-1.4327
-1.8685
-2.2729
-2.5838
-2.9568
-3.2364
-3.4536
-3.6397
-3.95
-3.8871
-3.7932
-3.5438
-3.3877
-3.1074
-2.7962
-2.5471
-2.0808
-1.6457
-1.3039
-0.99325
-0.6517
-0.6826
-0.68247
-0.49624
-0.71321
-0.77507
-0.77491
-0.6508
-0.65067
-0.80542
-0.89817
-0.89799
-0.80493
-0.86667
-0.49513
-0.52597
-0.55679
-0.61853
-0.83483
-0.83465
-0.71085
-0.5871
-0.49429
-0.49418
-0.77199
-0.83356
-1.0186
-1.1109
-1.049
-1.203
-1.1719
-1.0791
-1.2021
-1.1402
-1.294
-1.3245
-1.4166
-1.3855
-1.262
-1.3233
-1.2922
-1.2612
-1.0763
-1.1376
-1.1373
-1.1678
-1.1982
-1.3515
-1.3204
-1.535
-1.5653
-1.6263
-1.5646
-1.5335
-1.7478
-1.8086
-1.8695
-1.8077
-1.6235
-1.4087
-0.97972
-1.0101
-0.85681
-0.70363
-0.55053
-0.42808
-0.18341
-0.030561
0.18332
0.33599
0.45805
0.27476
0.091562
0.091538
-0.18303
-0.33546
-0.36586
-0.70104
-0.88368
-1.0358
-0.73092
-0.66983
-0.57833
-0.48688
-0.39548
-0.42579
-0.48648
-0.36476
-0.57738
-0.63798
-0.6378
-0.63762
-0.48567
-0.51588
-0.39438
-0.4246
-0.39416
-0.51529
-0.60606
-0.48471
-0.69657
-0.36332
-0.48429
-0.24208
-0.21175
-0.21169
-0.24187
-0.33247
-0.18129
-0.30207
-0.27178
-0.39246
-0.42252
-0.72411
-1.0557
-1.0855
-1.1756
-1.0246
-0.72304
-0.48189
-0.42152
-0.0301
-0.030091
-0.18049
-0.060146
0
0
-0.15023
-0.24029
-0.12011
-0.090056
-0.15005
-0.12
0.059982
0.35978
0.50954
0.53935
0.29955
0.089836
0.029936
0.029927
-0.029918
0
-0.1495
-0.2989
-0.41833
-0.71692
-0.68684
-0.68663
-0.77594
-0.80554
-0.92459
-0.86467
-0.56633
-0.53636
-0.38725
-0.35735
-0.38701
-0.35713
-0.32726
-0.059484
-0.26759
-0.20806
-0.208
-0.14852
-0.20787
-0.29686
-0.23741
-0.35601
-0.29658
-0.35578
-0.56315
-0.74075
-0.71089
-0.56261
-0.50323
-0.59185
-0.355
-0.35489
-0.5026
-0.50244
-0.7091
-0.79749
-0.91535
-1.0922
-1.1508
-1.475
-1.445
-1.474
-1.3852
-1.2963
-1.1487
-1.2072
-1.3245
-1.177
-1.0884
-0.941
-0.64674
-0.55837
-0.47006
-0.55802
-0.734
-0.82182
-1.0563
-1.2026
-1.2902
-1.1726
-1.2308
-1.4062
-1.1715
-1.2004
-1.2878
-1.4629
-1.404
-1.5205
-1.5493
-1.6365
-1.6944
-1.6646
-1.489
-1.255
-0.96284
-0.78753
-0.52486
-0.6413
-0.84509
-1.2235
-1.5726
-1.6304
-1.2806
-0.93108
-0.46539
0
0.31976
0.43591
0.55198
0.58086
0.55165
0.31928
0.029016
-0.14504
-0.57998
-0.8697
-1.1013
-1.2169
-1.3903
-1.5057
-1.6789
-1.6205
-1.6201
-1.5328
-1.5902
-1.7342
-1.7337
-1.8199
-1.8193
-1.7322
-1.4431
-1.183
-1.0672
-0.60556
-0.60538
-0.40347
-0.34573
-0.057606
0
0.11515
0.14389
0.08631
0.028762
-0.11501
-0.22996
-0.28737
-0.51713
-0.71803
-0.91883
-1.0908
-1.1766
-1.4632
-1.8069
-1.8638
-1.9493
-1.9487
-1.9482
-1.9477
-1.804
-1.918
-1.8603
-1.9456
-1.7162
-1.6586
-1.4294
-1.229
-1.0572
-0.88556
-0.74253
-0.71379
-0.65652
-0.48513
-0.62765
-0.85567
-0.96951
-0.65568
-0.48451
-0.4274
-0.28486
-0.31327
-0.34167
-0.28465
-0.39842
-0.56903
-0.88178
-0.93844
-1.0519
-1.3075
-1.364
-1.3353
-1.3634
-1.505
-1.3911
-1.3057
-1.0216
-0.93624
-0.76584
-0.70895
-0.70879
-0.51021
-0.5101
-0.42499
-0.22661
0.2832
0.45302
0.45293
0.56604
0.6508
0.70724
0.70709
0.67867
0.39581
-0.028266
-0.45217
-0.98891
-1.2994
-1.4969
-1.4119
-1.5245
-1.75
-1.8908
-2.0033
-2.1722
-2.1718
-2.0304
-1.8326
-1.4376
-1.0992
-0.73264
-0.50712
-0.14084
0.22531
0.61948
0.8446
0.84445
0.70359
0.3658
0.14067
-0.16878
-0.56249
-0.703
-0.64666
-0.44978
-0.25296
0.056204
0.084293
0
-0.11236
-0.22468
-0.44929
-0.61769
-0.8141
-1.0666
-1.291
-1.4872
-1.5712
-1.6832
-1.5707
-1.4584
-1.4021
-1.7103
-1.9063
-1.9061
-1.9899
-2.0457
-2.1015
-1.9612
-1.5968
-1.1204
-0.42011
-0.16803
0.056002
0.19599
0.13998
0.11197
0.083968
0.11195
-0.055968
0
0
0.16785
0.055947
0.1958
0.16781
0
-0.055927
-0.16777
-0.4753
-0.78279
-0.92251
-0.86653
-0.95032
-0.95025
-1.4253
-1.8444
-2.2913
-2.403
-2.2631
-2.0115
-1.7321
-1.5085
-1.2011
-1.1452
-1.0334
-0.92167
-0.80991
-1.0054
-0.8657
-0.83774
-0.67017
-0.58637
-0.58635
-0.50257
-0.25128
-0.22335
-0.4467
-0.86546
-1.1167
-1.2563
-0.92124
-0.39082
0.11166
0.61414
0.80954
1.3399
1.5911
1.8145
1.8145
1.7865
1.5632
1.1724
0.97703
0.64206
0.36291
0.19541
0.19542
0.083752
0.055836
-0.083755
-0.30711
-0.50256
-0.53049
-0.53051
-0.55845
-0.67016
-0.89358
-0.9774
-1.3405
-1.6198
-1.983
-2.0948
-1.9832
-1.5643
-0.5587
-0.39111
-1.7601
-4.638
-7.5442
-8.3271
-7.4334
-5.4497
-3.857
-2.5156
-1.3697
-0.41933
0.33549
1.0345
1.3142
1.1745
0.89494
0.53142
0.11189
-0.13987
-0.2518
-0.25182
-0.36378
-0.36382
-0.55977
-0.75578
-0.97982
-0.97992
-1.148
-1.4282
-1.8205
-2.1008
-2.045
-1.8772
-1.4011
-1.5133
-1.4855
-1.6539
-1.7943
-1.7104
-1.5985
-1.3182
-1.094
-0.81361
-0.72955
-0.6174
-0.50522
-0.42108
-0.16846
0
0.39319
0.67415
0.92711
1.0397
0.95552
0.75892
0.2249
-0.3093
-0.84368
-1.2657
-1.4348
-1.5194
-1.2946
-1.323
-0.78829
-0.36606
0.14082
0.47888
0.50715
0.22544
-0.45098
-1.0713
-1.6918
-2.1998
-2.4542
-2.4265
-2.427
-2.2864
-2.1457
-1.8638
-1.6382
-1.6103
-1.5259
-1.611
-1.6114
-1.5835
-1.4707
-1.6125
-1.9807
-2.2925
-2.6044
-2.69
-2.5774
-2.238
-1.9835
-1.7856
-1.2758
-0.79401
-0.19855
0.25534
0.5392
0.62449
0.56787
0.53961
0.53976
0.39782
0.62531
0.88135
0.93846
0.85338
0.54062
0.25615
-0.056939
-0.31325
-0.31334
-0.34192
-0.25651
-0.25658
-0.1711
-0.31378
-0.19974
-0.085626
-0.2284
-0.11423
-0.22854
-0.28575
-0.62884
-0.85777
-0.88663
-1.0013
-0.80131
-0.77293
-0.83044
-1.0026
-1.1748
-1.2038
-0.97483
-0.91777
-0.8033
-0.60267
-0.51674
-0.37332
-0.14363
-0.028735
0
0.086262
0.028763
-0.14386
-0.17269
-0.31671
-0.40322
-0.5186
-0.57641
-0.6631
-0.95172
-1.0386
-1.2987
-1.4435
-1.5595
-1.5022
-1.705
-1.8213
-1.793
-1.7068
-1.7074
-1.6791
-1.4769
-1.3906
-1.2751
-1.4495
-1.798
-2.0598
-2.4668
-2.5258
-2.73
-2.8181
-2.7901
-2.8202
-2.8794
-2.9968
-2.9979
-2.9117
-2.6797
-2.3019
-1.9821
-1.7496
-1.4877
-1.2256
-1.2553
-1.0513
-0.90564
-0.52605
-0.55549
-0.4972
-0.20481
-0.087809
-0.029281
-0.20504
-0.52745
-0.85011
-0.90909
-0.93878
-0.82174
-0.70462
-0.52867
-0.23506
-0.41151
-0.35286
-0.58833
-0.67684
-0.73598
-1.0897
-0.79548
-0.85474
-0.56022
-0.38346
-0.23607
-0.02952
0.17719
0.11817
0.029555
0.11827
0.029578
-0.05918
-0.11841
-0.088841
0.029625
0.11855
0.26684
0.059321
-0.26705
-0.35621
-0.41575
-0.59416
-0.53496
-0.53517
-0.50564
-0.71413
-0.80372
-0.8636
-1.0427
-1.0729
-1.0137
-0.92464
-0.89518
-0.89553
-0.65699
-0.74688
-0.83684
-1.1661
-1.2563
-1.5859
-1.8859
-2.3059
-2.8761
-3.0571
-2.9084
-2.6696
-2.2505
-1.9212
-1.3214
-1.2919
-0.8716
-0.60134
-0.21055
-0.060183
0.42145
0.51196
0.51216
0.42195
0.36182
0.27147
0
-0.15094
-0.24159
-0.30211
-0.30223
-0.36282
-0.27222
-0.45388
-0.36325
-0.45424
-0.45442
-0.54552
-0.42446
-0.51561
-0.5765
-0.75885
-0.88061
-1.0936
-1.2156
-1.1248
-1.1253
-1.2474
-1.4001
-1.4311
-1.523
-1.4931
-1.4327
-1.3418
-1.1592
-0.97658
-0.76324
-0.76353
-0.76382
-0.45846
-0.58094
-0.45881
-0.52018
-0.58159
-0.58181
-0.70456
-0.42902
-0.42918
-0.33734
-0.24543
-0.33758
-0.52191
-0.61424
-0.82952
-1.0757
-1.1068
-1.5378
-1.8153
-2.1545
-2.2476
-2.0944
-1.9103
-1.8493
-1.7267
-1.5114
-1.7587
-1.5124
-1.6364
-1.5135
-1.3904
-1.1127
-1.0203
-0.80416
-0.77349
-0.619
-0.43345
-0.2168
0
0.12397
0.24801
0.46518
0.49636
0.46549
0.37251
0.40368
0.18637
0.031072
-0.031082
-0.093276
-0.062204
0.062223
0.21785
0.062262
0.1557
0.21805
0.09348
-0.093508
-0.28061
-0.24951
-0.68634
-0.71775
-0.90526
-0.93675
-1.1557
-1.2185
-1.1563
-1.1254
-0.81302
-0.7507
-0.84477
-0.84501
-0.84524
-0.78285
-0.59513
-0.65795
-0.56411
-0.34483
-0.43899
-0.59592
-0.72157
-0.87866
-0.94167
-0.84772
-0.6281
-0.75391
-0.47131
-0.47143
-0.37723
-0.34588
-0.25161
-0.34605
-0.50346
-0.31474
-0.34629
-0.66126
-0.94487
-1.0711
-1.1659
-1.2292
-1.1033
-1.2297
-1.23
-1.4195
-1.4513
-1.1992
-1.1363
-0.66298
-0.31577
-0.31583
0.031589
0.22117
0.15801
-0.094823
-0.75873
-1.3596
-1.7078
-1.7397
-1.4869
-1.2973
-0.91779
-0.4748
-0.44322
-0.31664
-0.47504
-0.28507
-0.31679
-0.12674
-0.12676
0
0.15849
0.28533
0.50733
0.57083
0.72949
0.72959
0.76142
0.50768
0.38081
0.063476
-0.12697
-0.25397
-0.22225
-0.38104
-0.4446
-0.57169
-0.7941
-0.82596
-0.9849
-0.985
-0.73088
-0.66739
-0.41318
-0.2225
-0.25431
-0.25433
-0.12718
-0.38156
-0.85858
-1.0177
-1.3994
-1.5585
-1.654
-1.7814
-1.8133
-1.7816
-1.4635
-1.2727
-1.1455
-1.1774
-1.1138
-1.2093
-1.4321
-1.464
-1.4959
-1.305
-1.305
-0.98674
-0.79578
-0.79579
-0.73214
-0.63666
-0.70033
-0.66851
-0.2865
-0.44568
-0.47751
-0.66851
-0.82768
-1.2097
-1.337
-1.3688
-1.4643
-1.3688
-1.4006
-1.4005
-1.687
-1.7824
-1.846
-1.846
-1.6231
-1.4639
-1.3366
-1.3047
-1.4001
-1.5591
-1.6863
-1.9089
-1.8452
-1.6542
-1.7813
-1.7812
-1.4948
-1.4947
-1.272
-1.0811
-1.0174
-1.1763
-1.1126
-1.0807
-1.1442
-1.2394
-1.2075
-1.3663
-1.7156
-1.7472
-2.1282
-2.3185
-2.4135
-2.2227
-2.0637
-1.9365
-1.6505
-1.5869
-1.5549
-1.4595
-1.491
-1.6812
-1.8078
-1.7124
-1.6804
-1.6802
-1.5848
-1.4895
-1.5843
-1.3306
-1.267
-1.0135
-0.94997
-0.7915
-0.60144
-0.63298
-0.79108
-0.85421
-1.0438
-1.0436
-1.1067
-0.82195
-0.69536
-0.44241
-0.28435
-0.12635
-0.34739
-0.56834
-0.59979
-0.78903
-0.82041
-0.82023
-0.91467
-1.0721
-1.261
-1.2607
-1.4495
-1.5437
-1.2913
-1.2595
-1.3537
-1.1645
-1.0069
-1.0695
-0.97493
-0.9118
-0.84869
-1.1941
-1.2567
-1.2877
-1.1304
-1.287
-1.1925
-1.1608
-1.0978
-0.97204
-1.0972
-1.2222
-1.2218
-1.2841
-1.2524
-1.346
-1.2204
-1.0949
-0.96947
-1.0942
-1.0001
-0.99981
-0.93703
-0.96796
-1.0613
-1.3418
-1.2478
-1.0914
-1.0911
-0.99724
-0.84114
-0.77857
-0.77831
-0.74692
-0.49778
-0.37321
-0.40417
-0.31079
-0.18641
-0.2174
-0.031046
0.27931
0.37228
0.55822
0.49602
0.43386
0.030978
-0.12387
-0.21669
-0.34038
-0.37118
-0.61841
-0.80362
-1.0814
-1.3898
-1.3584
-1.543
-1.6967
-1.6343
-1.757
-1.8487
-1.7556
-1.6009
-1.4464
-1.2613
-0.984
-0.55327
-0.15362
0.15356
0.36839
0.61373
0.5828
0.58255
0.42907
0.18381
0.030622
-0.091826
-0.42834
-0.67281
-0.76422
-0.85556
-0.88572
-0.91586
-1.068
-1.0676
-1.311
-1.219
-0.67014
