-1.0229
-1.7051
-2.4186
-2.5121
-2.1404
-1.4893
-0.96205
-0.40354
-0.1242
0.15529
0.21747
0.18646
0.37305
0.43537
0.55996
0.3112
0.062264
-0.18686
-0.37388
-0.65457
-0.7484
-0.62395
-0.59303
-0.62454
-0.8123
-0.65642
-0.43784
-0.15645
-0.093924
-0.31325
-0.68956
-1.0036
-1.2552
-1.57
-1.8223
-1.7921
-1.7303
-1.6685
-1.6066
-1.7969
-2.2398
-2.6519
-3.0329
-3.13
-3.2273
-3.1348
-3.0105
-2.886
-2.6345
-2.319
-2.1619
-1.9728
-1.8153
-1.3706
-1.1166
-0.76635
-0.54332
-0.41586
-0.25615
0.032049
0.1604
0.12844
0.25713
0.3539
0.54748
0.74144
1.2585
1.6474
1.8755
1.7156
1.4581
1.1029
0.74686
0.52011
0.19525
0.19547
0.13046
0.29385
0.68643
0.65448
0.81903
0.98396
0.95225
0.92048
0.95447
1.0874
1.2866
1.2221
1.1243
0.69528
0.16574
-0.2987
-0.33229
-0.53231
-0.43304
-0.26681
-0.13357
0.16717
0.36824
0.67036
0.80544
1.0753
1.2785
1.078
0.70833
0.3715
0.067632
0
0.067805
0.33946
0.67979
0.98695
1.0564
1.0919
1.0249
1.2315
1.1988
1.0975
0.65247
0.17192
-0.17215
-0.5171
-0.72487
-0.65668
-0.58831
-0.34651
-0.20817
-0.52109
-0.86959
-1.0797
-0.8718
-0.62849
-0.62928
-0.59507
-0.70095
-0.8071
-0.84324
-0.63321
-0.52833
-0.63477
-0.77678
-1.0252
-1.2388
-1.4529
-1.4192
-1.1012
-0.67571
-0.39166
-0.21388
-0.24982
-0.25011
-0.03577
0.071622
0.21511
0.25124
0
-0.035971
0.14404
0.61283
1.0104
0.97539
1.0126
0.83262
0.36238
0.18137
0.36311
0.14539
0.36382
0.40059
0.32807
0.10946
-0.03652
-0.29243
-0.32928
-0.4028
-0.10995
0.036682
-0.036713
-0.073486
-0.29418
-0.51523
-0.44197
-0.33173
-0.073774
-0.22148
-0.33246
-0.77629
-1.2577
-1.2956
-1.4446
-1.3714
-1.4464
-1.4472
-1.2253
-1.2631
-0.96646
-0.8182
-0.85583
-1.1913
-1.1919
-1.0061
-0.85741
-0.78317
-0.82079
-1.1197
-1.4561
-1.6807
-1.9427
-2.1301
-2.5419
-2.6173
-2.7675
-2.6185
-2.2074
-1.9084
-1.5719
-1.4972
-1.4974
-1.6847
-1.7222
-1.61
-1.2356
-0.97347
-0.67392
-0.26207
-0.14974
0.22459
0.82341
1.2724
1.4592
1.459
1.5709
1.5705
1.6449
1.6071
1.2703
0.8964
0.63473
0.52253
0.55963
0.5967
0.59643
0.67068
0.74484
0.85613
0.78127
0.59492
0.52026
0.22283
-0.11135
-0.51928
-0.70427
-1.1853
-1.5176
-1.9973
-2.4023
-2.5851
-3.0258
-2.8389
-2.6155
-2.1715
-1.7651
-1.543
-1.2479
-1.3567
-0.84252
-0.5855
-0.40211
-0.40169
-0.51069
-0.80162
-1.2011
-1.236
-1.1983
-1.088
-1.0143
-0.8683
-1.084
-1.0465
-0.82893
-0.57588
-0.21567
-0.50253
-0.3943
-0.7159
-0.78636
-0.74953
-0.49895
-0.071173
-0.035533
-0.3193
-0.56677
-0.84883
-0.88279
-1.1634
-1.5135
-1.5813
-1.4734
-1.4359
-1.3286
-1.1169
-0.8362
-0.90429
-0.93741
-1.109
-0.69188
-0.48343
-0.13787
0.30963
0.20603
0.44556
0.61576
0.78529
1.0564
0.9863
0.84858
0.40651
0.4057
0.1687
0.13469
0
-0.033534
-0.06693
-0.13358
-0.33326
-0.83139
-1.0619
-1.0928
-1.1235
-1.0221
-1.0857
-0.8864
-0.52412
-0.32686
-0.2283
-0.16271
-0.25975
-0.16198
-0.096971
-0.032251
-0.19307
-0.35315
-0.32032
-0.28762
0.19131
1.0498
1.6504
1.7732
1.2952
0.91401
0.44022
0.40782
0.46945
0.81181
0.9968
1.0255
1.1161
1.2372
1.4503
1.6007
1.6276
1.6544
1.895
1.9209
1.8859
1.578
1.2715
0.93623
0.45193
0.48091
0.38981
0.41879
0.50731
0.59541
0.47519
0.32592
0.26602
0.2359
0.38243
0.23478
0.17567
0.058417
-0.029139
0.23256
0.43502
0.46293
0.46184
0.37437
0.31603
0.25796
0.28596
0.28529
0.11385
-0.11359
-0.19832
-0.22613
0.14101
0.36579
0.44917
0.25209
0
0.055767
-0.30603
-0.3331
-0.55394
-0.58035
-0.52392
-0.66034
-0.63144
-0.60267
-0.57403
-0.38187
-0.54435
-0.62467
-0.86727
-0.89249
-0.99857
-1.1581
-1.1288
-1.1265
-1.2313
-1.3356
-1.3329
-1.2238
-0.90277
-0.53
-0.39672
-0.50153
-0.5796
-0.5522
-0.2887
-0.078588
0.078441
0.026099
-0.13025
-0.18202
-0.12978
-0.2591
-0.20692
-0.23237
-0.43817
-0.54034
-0.87335
-0.92317
-0.64002
-0.30671
0.81656
3.6176
5.6977
7.3141
6.4406
4.5066
3.1347
1.8679
0.68054
-0.35236
-1.0807
-1.6313
-1.9298
-1.8521
-1.5247
-1.1732
-0.82265
-0.29876
-0.024865
0.34768
0.42167
0.56981
0.56914
0.39547
0.2222
-0.22195
-0.49269
-0.41834
-0.22125
-0.19646
-0.26987
-0.49019
-0.34281
-0.17124
0.19553
0.46398
0.48798
0.41444
0.46282
0.26774
0.41346
0.48607
0.63143
0.631
0.53357
0.41204
0.12111
0.048416
0
-0.024181
-0.29003
-0.36235
-0.16902
0.12067
0.193
0.14469
-0.072319
-0.31327
-0.38544
-0.578
-0.60192
-0.96283
-1.0348
-1.2271
-1.275
-1.2267
-1.0823
-0.8417
-0.69736
-0.60115
-0.529
-0.52901
-0.55308
-0.6493
-0.74556
-0.69754
-0.45707
-0.38497
-0.60163
-0.69804
-0.84266
-0.77064
-0.86723
-0.79521
-0.98833
-1.254
-1.351
-1.3033
-1.3521
-1.2803
-1.4018
-1.2333
-1.0888
-0.94415
-0.89627
-0.99379
-1.0429
-0.9223
-0.92295
-0.87501
-0.82703
-0.51121
-0.4629
-0.19507
-0.19523
-0.097703
-0.048896
0.1713
0.31843
0.41681
0.39269
0.31939
0.073784
-0.22159
-0.36973
-0.51821
-0.54351
-0.39575
-0.44576
-0.39672
-0.69513
-0.84516
-1.0454
-1.1216
-1.173
-1.2996
-1.5767
-1.629
-1.5561
-1.4579
-1.3845
-1.4118
-1.1868
-1.2139
-1.4185
-1.3954
-1.601
-1.3746
-1.1729
-0.94503
-0.92108
-1.0252
-1.027
-1.0032
-1.0308
-1.0843
-1.1639
-1.0106
-0.80484
-0.70234
-0.59946
-0.52229
-0.44483
-0.47195
-0.91955
-1.29
-1.4246
-1.6655
-1.7485
-1.8319
-1.7294
-1.6265
-1.4163
-1.3123
-1.2884
-1.4258
-1.6178
-1.6756
-1.6524
-1.5748
-1.388
-1.2549
-1.1758
-1.2883
-1.4013
-1.6526
-1.5462
-1.4116
-1.2487
-1.3353
-1.4223
-1.6216
-1.878
-1.9953
-1.9441
-1.7514
-1.5294
-1.3063
-1.1674
-1.2276
-1.3167
-1.4925
-1.6404
-1.9623
-1.794
-1.5668
-1.2802
-0.96282
-0.81922
-0.90953
-1.0592
-1.0327
-1.1835
-1.1572
-1.0713
-1.0147
-0.74822
-0.48025
-0.36123
-0.24152
-0.33306
-0.57697
-0.36547
-0.091638
0.337
0.58381
0.46228
0.46365
0.58905
0.7152
0.90448
0.81335
0.75305
0.62944
0.34724
-0.09499
-0.53991
-0.92383
-1.0545
-1.2179
-1.3503
-1.8704
-2.0055
-1.9792
-1.9853
-1.6976
-1.3426
-0.95256
-0.56012
-0.5949
-0.69619
-0.99763
-1.4343
-1.6395
-1.7789
-1.717
-1.4184
-1.0501
-0.6796
-0.51127
-0.44447
-0.41154
-0.51601
-0.24154
0.069225
0.20831
0.2786
-0.034932
-0.31535
-0.52718
-0.24677
-0.1768
-0.17734
-0.10672
0.17841
0.57264
0.61026
0.57609
0.10834
-0.18111
-0.50861
-0.47369
-0.73091
-0.62311
-0.33085
-0.25808
0.036977
0.29668
0.66947
0.8952
1.01
1.0129
1.0158
0.56594
0.45403
0.41737
0.41854
0.45787
0.30609
0.53714
0.76946
1.1959
1.8568
2.2109
2.4502
2.7297
2.4633
2.1954
1.9653
1.5369
1.1853
1.1883
1.112
1.274
1.3171
1.9206
2.3265
2.4126
2.6201
2.4244
2.0251
1.9081
1.8719
2.0395
1.8398
1.3113
0.90354
0.57627
0.20627
0.20672
0.41434
0.78895
0.91546
0.75059
0.54322
0.20936
0.20979
0.042041
-0.37912
-0.97076
-0.88806
-0.63554
-0.1698
0.21264
0.46866
0.939
0.98342
1.285
1.0297
1.1174
0.90404
0.81928
0.64784
0.51909
0.69319
0.30373
0.43455
0.26111
0
-0.13093
-0.52443
-0.61266
-0.48201
-0.48263
0.043931
0.48383
0.83671
1.2786
1.2359
1.1931
1.1944
1.5499
1.5514
1.4642
1.2435
1.5114
1.8242
1.6922
1.2925
0.57984
-0.26782
-0.8934
-1.2516
-1.3419
-1.5666
-1.5675
-1.4788
-1.2106
-0.94206
-0.89763
-1.0776
-0.94333
-0.80888
-0.35963
-0.22484
0.2249
0.31495
0.54003
0.13503
-0.31513
-0.81044
-0.94561
-0.63045
-0.1351
0.22517
0.1351
-0.22515
-0.94554
-1.2155
-1.2604
-1.1701
-1.2149
-0.98966
-0.58464
-0.044958
0.3146
0.94346
1.0778
0.80802
0.80765
0.89695
0.76201
0.8064
0.62684
0.62646
0.58134
0.75971
0.66987
0.40163
0.26755
0.66837
0.66783
0.71176
0.40002
-0.088814
-0.3993
-0.84217
-1.107
-0.92899
-0.97223
-0.70633
-0.79377
-1.2334
-1.144
-0.9669
-0.74627
-1.0523
-1.2262
-1.2246
-1.092
-0.69799
-0.17427
0
-0.043449
-0.21694
-0.43328
-0.25959
-0.043202
0.51766
0.73226
0.64513
0.38648
0.085751
-0.21404
-0.2137
-0.04267
0.1704
0.17012
0
-0.16955
-0.63471
-1.1827
-1.5602
-1.7679
-1.5126
-1.2583
-1.3816
-1.5044
-1.6268
-1.5822
-1.2883
-0.91255
-0.49681
-0.24793
0.082484
0.53511
0.86272
1.066
1.0639
1.021
1.2227
1.2609
1.0554
0.97227
0.48515
0.16138
0.28184
0
-0.36087
-0.6002
-0.91839
-1.1954
-1.2724
-1.111
-0.7919
-0.55316
-0.47313
-0.70818
-1.217
-1.2536
-0.86001
-0.46809
-0.38924
-0.1942
-0.42632
-0.65744
-0.81037
-1.0397
-1.1527
-1.4952
-1.5303
-1.4124
-1.4475
-1.7104
-1.9343
-2.4221
-2.6812
-2.6378
-2.2561
-1.801
-1.3853
-1.0834
-1.3048
-1.3392
-1.0765
-0.85195
-0.70229
-0.36885
-0.14723
-0.40402
-0.69639
-0.98753
-1.2045
-1.0927
-1.0904
-0.79799
-0.76015
-0.68634
-0.72099
-1.0433
-1.1489
-1.3258
-0.64367
-0.035688
0.60549
0.88867
0.95787
0.99141
1.0248
0.84649
0.80966
0.77298
1.1923
1.2951
1.3975
1.4995
1.5315
1.5287
1.8034
1.8694
1.7624
1.4833
1.274
1.2718
1.1324
1.2332
1.1285
0.99002
0.51122
0.37427
0.33969
0.44087
0.64332
0.7099
0.74253
0.77506
0.94209
1.0414
0.60379
0
-0.63544
-1.2022
-1.6006
-1.6317
-1.7624
-1.7599
-1.8901
-1.5895
-1.389
-1.0899
-0.65968
-0.59295
-0.6909
-0.72289
-0.78764
-0.85225
-0.85123
-0.62132
-0.52261
-0.58727
-0.74956
-1.0417
-1.2682
-1.3968
-1.1033
-1.0049
-0.90677
-1.0029
-1.2605
-1.4208
-1.3227
-1.1281
-0.80508
-0.83655
-0.90013
-1.1242
-1.2838
-1.3469
-1.442
-1.4089
-1.4079
-1.4068
-1.2461
-1.1175
-0.70199
-0.63776
-0.66924
-0.76438
-0.66844
-0.63625
-0.69949
-0.76268
-0.73053
-0.79366
-1.0471
-0.88807
-0.91939
-0.69717
-0.79193
-0.85495
-1.0129
-1.1075
-1.2336
-1.423
-1.4858
-1.6434
-1.4218
-1.4531
-1.3264
-1.1683
-1.1365
-1.0416
-1.0099
-0.72574
-0.85185
-0.91485
-1.0725
-1.167
-1.167
-1.3246
-1.293
-1.5138
-1.6715
-1.703
-1.5454
-1.577
-1.6087
-1.5457
-1.672
-1.6091
-1.8302
-1.9251
-2.1779
-2.052
-1.9892
-2.1159
-2.0532
-1.9904
-1.5485
-1.2328
-0.98014
-1.0753
-1.2654
-1.4556
-1.4877
-1.4565
-1.172
-0.82382
-0.57054
-0.63416
-0.53924
-0.31732
0.12698
0.57164
0.92136
0.92176
0.47698
0.2545
0.12731
0.28658
0.38229
0.38248
0.12756
-0.19143
-0.60651
-0.73459
-0.8628
-0.86327
-0.79976
-0.8002
-0.99281
-1.1856
-1.4108
-1.7003
-1.6692
-1.5418
-1.1892
-1.0291
-1.0297
-0.80499
-1.031
-0.8705
-1.1614
-1.3236
-1.4537
-1.4546
-1.1321
-1.0358
-0.77737
-0.42136
-0.35678
-0.16229
-0.03248
0.097507
0.097576
0.13019
0.48857
0.48892
0.39142
0.3917
0.39199
0.13076
0.19628
0.22916
0.55695
0.52458
0.29529
0.16417
0.19716
0.23019
0.62527
0.95508
0.92285
0.85758
0.66018
0.49551
0.66119
0.76095
0.9933
0.99406
1.227
1.2279
1.0296
0.86418
0.73179
0.63249
0.26652
-0.1667
-0.56723
-0.70124
-0.50127
-0.301
-0.30123
-0.43545
-0.3017
-0.067096
0.20144
0.2352
0.1345
-0.033652
0
0.23593
0.67461
0.7764
0.60809
0.30428
-0.47369
-0.98198
-1.0844
-1.1531
-1.0521
-1.0529
-0.50988
-0.10205
0.10213
0.13628
-0.068193
-0.23886
-0.13659
-0.034175
-0.171
-0.44495
-0.68506
-0.65131
-0.41166
-0.30898
0.20614
0.37822
0.44732
0.10331
0.068923
0.24141
0.51771
0.58718
0.44936
0.31133
0.86545
1.3165
1.7682
1.9083
1.5972
1.3204
1.0085
0.97441
0.73135
0.55764
0.80221
1.1868
1.537
1.608
1.6092
1.6454
1.5416
1.5427
1.614
1.7908
1.9327
1.899
1.5837
1.4088
1.4803
1.552
1.6238
1.519
1.2373
1.0967
0.95595
0.95668
0.7801
0.70972
0.56821
0.42648
0.17784
-0.17797
-0.60556
-0.78427
-0.71352
-0.53555
-0.21438
-0.35758
-0.17893
-0.28651
-0.35842
-0.57391
-0.35897
-0.21555
-0.32358
-0.71964
-1.1163
-1.5136
-2.1641
-2.6711
-3.1068
-3.0731
-2.967
-2.7884
-2.6456
-2.3576
-1.9239
-1.3806
-1.2363
-0.87337
-0.65557
-0.32806
-0.10944
-0.14605
-0.69431
-1.3166
-1.6106
-1.6486
-1.6133
-1.3945
-1.2488
-1.1029
-1.1406
-1.2153
-1.4006
-1.6232
-1.6246
-1.3674
-0.77678
-0.25916
0.037056
-0.14836
-0.70535
-1.189
-1.3017
-1.4518
-1.6767
-2.014
-2.3145
-2.4662
-2.2441
-1.8718
-1.5739
-1.3128
-0.93862
-0.71405
-0.4138
-0.52717
-0.18846
-0.18865
-0.37767
-0.60487
-0.64332
-0.71973
-0.6067
-0.45549
-0.60794
-0.72267
-0.72342
-0.83851
-1.1065
-1.0694
-1.2617
-1.4927
-1.6859
-1.6877
-1.3055
-1.1531
-0.73111
-0.61634
-0.80983
-0.96514
-0.8889
-0.61905
-0.581
-0.27143
-0.42702
-0.46636
-0.70032
-0.42846
-0.27296
0
0.11725
-0.078257
-0.31339
-0.78437
-0.78528
-0.94343
-1.0232
-1.1426
-1.3412
-1.4218
-1.0281
-0.6334
-0.23781
-0.039681
0.079458
0.19888
0.43806
0.39872
0.35928
-0.039968
-0.28012
-0.24039
0.080228
0.24098
0.24127
0.52339
0.8062
1.3319
1.6972
2.023
2.1065
2.393
2.599
2.4396
2.4019
2.2418
2.2038
2.0839
2.0456
2.0072
1.7636
1.3141
0.90456
0.53518
0.37097
0.86667
0.66114
0.74471
0.49709
0.53919
0.66444
0.62369
0.66609
0.25009
0
-0.45964
-0.29286
-0.377
-0.37747
-0.33594
-0.29431
-0.21048
-0.42147
-0.50638
-0.88725
-1.0575
-0.93176
-1.0177
-0.72174
-0.46757
-0.42557
-0.42608
-0.38393
0.12813
0.085521
-0.085621
-0.25717
-0.30038
-0.34369
-0.21506
-0.47367
-0.60354
-0.82003
-0.73455
-0.69212
-0.99605
-0.99717
-1.0851
-0.95594
-0.95699
-1.3064
-1.4822
-2.0948
-2.2718
-2.318
-2.2329
-2.0599
-1.7988
-1.5811
-1.5387
-1.3203
-1.2335
-1.1024
-1.1477
-1.193
-1.2826
-1.1953
-1.3737
-1.5968
-1.9534
-2.6662
-2.8911
-3.2053
-3.1191
-2.7205
-2.3658
-2.1444
-2.2357
-2.0138
-1.8811
-1.7482
-1.5702
-1.2122
-0.89866
-0.62955
-0.49502
-0.27022
-0.18028
0
-0.1354
-0.40649
-0.81354
-1.0402
-0.90514
-0.54344
-0.045315
0.54412
0.81668
0.90796
0.72679
0.8181
0.9095
0.728
0.63733
0.31883
0.18228
0.13677
0.22806
0.18253
0.27392
0.45673
0.27415
0
-0.22863
-0.45743
-0.41183
-0.68661
-0.54946
-0.68704
-0.32071
0.045828
0.41256
0.41265
0.73377
1.055
1.2387
1.0095
1.1473
1.2852
1.3772
1.4232
1.102
0.9643
1.0562
1.1022
1.194
0.87258
1.0563
1.1481
1.194
0.96431
0.41325
0
-0.13772
0.045902
0
-0.091776
-0.32116
-0.22936
-0.5962
-0.77948
-0.77929
-0.6416
-0.32071
-0.18321
-0.22894
-0.54929
-0.50334
-0.50316
-0.45725
-0.77702
-0.86807
-0.45669
-0.22824
-0.27377
-0.27364
-0.72934
-1.1846
-1.3661
-1.2288
-0.95522
-0.72737
-0.45434
-0.045406
0.36302
0.49884
0.58915
0.18115
-0.045258
-0.31658
-0.63271
-1.0387
-1.0379
-0.76656
-0.58574
-0.36017
-0.40486
-0.31463
-0.44909
-0.76281
-0.26899
0.31354
1.0293
1.1625
1.1614
1.0264
1.2929
1.2471
1.2459
1.2002
1.1102
0.97595
0.48746
0.35414
-0.044221
-0.30921
-0.26475
0.08815
0.088051
0.1759
0
-0.35099
-0.3944
-0.48148
-0.26231
-0.21833
-0.52334
-0.56625
-1.0006
-0.99932
-0.91127
-0.95344
-0.99549
-1.34
-1.0792
-0.90535
-0.81803
-0.64495
-0.30057
0.12864
0.72795
0.98351
1.1102
0.81019
0.59614
0.72285
0.6369
0.46639
0
-0.59186
-1.3086
-1.7704
-2.1044
-2.6897
-2.9794
-3.0587
-2.8031
-2.5482
-2.4191
-2.4154
-2.578
-2.6571
-2.7359
-2.8144
-2.9753
-2.7643
-2.3892
-1.9742
-1.7246
-1.5169
-1.4736
-1.3486
-1.3056
-1.0999
-0.73205
-0.32483
-0.040538
0.16189
0.080812
0.04034
0
-0.080416
-0.24085
-0.20038
-0.24006
-0.27961
-0.11963
-0.039812
0
-0.31744
-0.31692
-0.27684
-0.35535
-0.39418
-0.47222
-0.70716
-0.86287
-1.0964
-0.97727
-0.78052
-0.74026
-0.50565
-0.34948
-0.54274
-0.69665
-1.1978
-1.4658
-1.5789
-1.4994
-1.6505
-1.7627
-1.8363
-1.9861
-2.1353
-2.246
-2.2803
-2.1628
-1.8941
-1.6641
-1.246
-0.98012
-0.90326
-0.9018
-0.86283
-0.412
0
0.26134
0.18637
0.26051
0.18578
0.48227
0.77782
0.5917
0.33231
-0.036866
0.036808
0.36751
0.51372
0.43966
0.10975
0.32874
0.65647
1.0925
1.1635
1.2344
0.90631
0.61537
-0.036145
-0.57747
-0.75682
-1.0436
-0.75462
-0.25118
-0.21499
-0.03578
0
-0.035679
-0.035629
-0.03558
0.14212
0
-0.49607
-0.74309
-0.98945
-0.77638
-0.59913
-0.42236
-0.42181
-0.24573
-0.1753
-0.14006
-0.27976
-0.4191
-0.45346
-0.38322
-0.38275
-0.38228
-0.20826
-0.069337
0.27702
0.38045
0.41454
0.13802
-0.17233
-0.41311
-0.44703
-0.34348
-0.27448
-0.13709
-0.23965
-0.27359
-0.27329
-0.44364
-0.64771
-0.91948
-1.2928
-1.3254
-1.4599
-1.4585
-1.4571
-1.3202
-0.87932
-0.54061
-0.54011
-0.40471
-0.50543
-0.50497
-0.47089
-0.30245
0.033577
0.16774
0.20112
-0.033493
-0.20079
-0.40126
-0.33412
-0.20032
-0.30025
-0.40003
-0.49967
-0.59916
-0.66526
-0.96395
-1.3287
-1.6929
-1.7581
-1.8233
-1.6565
-1.4899
-1.4559
-1.2896
-0.95839
-0.56149
-0.36311
-0.23094
-0.032974
0.23069
0.46115
0.92183
1.1846
1.3156
1.5451
2.0373
2.4306
2.5608
2.4941
2.3291
2.361
2.1306
2.0971
2.0308
1.8336
1.4402
1.1126
0.85052
0.68675
0.65387
0.68637
0.65352
0.65336
0.71853
0.84898
0.71822
0.45696
-0.032634
-0.26102
-0.55459
-0.55451
-0.75011
-0.81524
-1.076
-1.3041
-1.3366
-1.1735
-0.88007
-0.55409
-0.35851
-0.097774
0.26073
0.29331
0.065181
0
-0.13037
-0.19556
-0.065191
0.16299
0.163
0.13041
0.065213
-0.19566
-0.4566
-0.68499
-0.81558
-0.88097
-0.75058
-0.78335
-0.75086
-0.68571
-0.42458
-0.22867
-0.16337
-0.26146
-0.42499
-0.9156
-1.3084
-1.6359
-1.8983
-1.8989
-2.0632
-2.2605
-2.294
-2.2948
-1.8693
-1.6732
-1.6739
-1.5432
-1.3796
-1.1173
-0.789
-0.88801
-1.02
-1.3826
-1.4162
-1.318
-1.2527
-1.3193
-1.452
-1.6509
-1.7839
-1.6196
-1.422
-1.3236
-0.99324
-0.56316
-0.62978
-0.59699
-0.49779
-0.36527
-0.43196
-0.56522
-0.63213
-0.83229
-0.93278
-1.0667
-0.90068
-1.135
-1.1692
-1.2703
-1.5053
-1.5064
-1.675
-1.5757
-1.4091
-1.2759
-0.97444
-0.7398
-0.23557
0.1684
0.067413
-0.23614
-0.43889
-0.33789
-0.2029
-0.27076
-0.27099
-0.33902
-0.40717
-0.37357
-0.74778
-0.8505
-0.7491
-0.51121
-0.20467
-0.13657
-0.23921
-0.27364
-0.44507
-0.37695
-0.2744
-0.034333
0.1031
0.68797
0.58534
0.72377
0.55198
0.69065
0.69134
0.55362
0.34636
0.10401
-0.31235
-0.27793
-0.31299
-0.20887
-0.034848
0.27907
0.62857
1.0487
1.4348
1.7515
1.9287
2.001
1.9329
1.6535
1.6201
1.234
1.0236
0.49467
0.3891
0.70823
0.67356
0.63882
0.53294
0.49796
0.17804
0.14259
0.42826
0.5002
0.67961
0.50133
0.3585
0.43069
0.28746
0.32376
0.28811
-0.036056
-0.14439
-0.036139
-0.03618
-0.25355
-0.072528
-0.072612
-0.14539
-0.25473
-0.61936
-0.80246
-0.91295
-1.0968
-1.2079
-1.4658
-1.6877
-1.6897
-1.5813
-1.1414
-0.73722
-0.62737
-0.88674
-1.4426
-1.9628
-2.373
-2.2644
-2.3042
-2.2325
-2.3096
-2.0885
-2.0536
-1.8317
-1.6842
-1.3864
-1.463
-1.3145
-0.86481
-0.41409
-0.3015
-0.56597
-0.7555
-0.71855
-0.41648
-0.22743
-0.22769
-0.26594
-0.30428
-0.22847
-0.3431
-0.49615
-0.64954
-0.95628
-1.1105
-1.2651
-0.99787
-0.84529
-0.19232
0.42358
0.8481
1.0034
0.84996
0.46412
0.15487
0.15504
0.15521
0
-0.46662
-0.62282
-0.58451
-0.31207
-0.1562
0.23454
0.58695
0.58756
0.78421
0.74576
0.55006
0.35397
0.59054
0.74876
0.86784
1.1451
0.90907
0.83083
0.87123
0.95134
0.95225
0.71486
0.55652
0.39789
0.55755
0.39862
0.19949
0.2396
0.23982
0.7601
0.76076
0.56105
0.12033
-0.28101
-0.20089
0.36191
0.76466
1.1278
0.76591
0.52447
0.48451
0.24245
0.24264
0.080941
0.12151
0.1216
0.081125
0.28415
0.48747
0.81303
1.1797
1.3027
1.6702
1.9975
2.2028
2.041
2.0832
2.0028
2.0858
1.9235
1.8018
1.639
1.353
0.90252
0.41047
0.041071
-0.041094
0.28781
0.90504
1.1113
1.1943
1.3597
1.5253
1.361
1.1554
0.61924
-0.041302
-0.45452
-0.74409
-0.74441
-0.70335
-0.57946
-0.74532
-1.077
-1.2017
-1.2022
-0.53909
-0.45631
-0.41497
-0.95474
-1.5779
-1.703
-1.6204
-1.3715
-1.3303
-1.2891
-1.5806
-1.9138
-2.372
-2.6639
-2.9975
-3.2896
-3.2902
-3.0826
-2.7914
-2.4169
-1.5837
-1.2505
-1.0422
-1.0006
-1.4177
-1.6681
-1.9185
-1.7101
-1.5434
-1.1263
-0.79264
-0.6258
-0.45894
-0.33378
-0.20862
-0.50068
-0.7093
-1.21
-1.4186
-1.4602
-1.4602
-1.2932
-1.2097
-1.5016
-1.4598
-1.3346
-1.3345
-0.66716
-0.25016
0
0.2501
0.25006
0.2917
0.33332
0.4999
0.37486
0.041644
-0.083273
-0.24977
0
0.29128
0.74886
0.6655
0.20792
0
0.041565
0.29088
0.24926
0.1246
-0.29065
-0.53963
-0.74697
-0.53932
-0.41474
-0.33169
-0.16579
0.16574
0.24853
0.12423
0.12418
0.53795
0.78597
1.4473
1.5295
1.4463
1.2392
1.1149
1.1145
0.90776
1.0311
0.65968
0.2885
-0.24718
-0.37063
-0.41164
-0.41147
-0.20565
0
0.28767
0.53402
0.61592
0.45148
0.41026
0.73815
1.0248
1.0653
0.77812
0.12281
-0.32734
-0.49079
-0.36792
-0.28603
-0.32675
-0.3266
-0.48967
-0.48944
-0.36691
-0.040749
0
0
-0.44761
-0.36606
-0.44719
-0.48762
-0.44677
-0.77133
-1.0956
-1.2167
-1.054
-0.8104
-0.48601
-0.16193
0.040463
0.52577
0.97019
1.2122
1.252
1.0899
1.1298
0.92759
0.84654
0.84614
1.0874
1.0466
1.0059
0.68371
0.201
0.080363
0.16065
0.080291
-0.12038
-0.52142
-0.64147
-1.0419
-1.1616
-1.3613
-1.2407
-1.4001
-1.6395
-1.8786
-1.718
-1.4776
-1.3573
-1.3567
-1.0769
-0.95688
-0.83693
-1.0358
-1.3539
-1.433
-1.5518
-1.591
-1.3916
-1.3911
-1.3508
-1.7077
-2.1438
-2.5002
-2.5786
-2.3398
-2.0218
-2.14
-2.0996
-1.9801
-1.6231
-1.6622
-1.7803
-2.1752
-2.4117
-2.569
-2.2126
-1.817
-1.5005
-1.1053
-0.8682
-0.55233
-0.39441
-0.19715
-0.15767
-0.078815
-0.039397
0
-0.23626
-0.66922
-0.90519
-1.3771
-1.6521
-1.6911
-1.6907
-1.14
-0.7074
-0.39291
-0.51067
-0.51056
-0.62826
-0.66738
-0.58875
-0.47091
-0.39235
-0.47073
-0.47064
-0.50977
-0.47047
-0.58799
-0.58789
-0.43105
-0.47016
-0.039174
0.039168
-0.039162
-0.11747
-0.3132
-0.15658
-0.23484
0.078269
0.31304
0.39125
0.31296
-0.15646
-0.50844
-0.97766
-1.134
-0.93835
-0.97735
-1.0554
-1.4071
-1.9932
-2.2666
-2.1101
-1.8364
-1.7191
-1.9924
-2.1094
-2.1093
-1.9919
-1.9918
-1.7964
-1.4058
-1.4057
-1.2104
-1.3274
-1.015
-0.8198
-0.93687
-1.2491
-1.5613
-1.7173
-1.8734
-1.9513
-1.9903
-1.8341
-1.9901
-1.951
-1.8339
-1.5997
-1.4826
-1.4045
-1.2874
-1.1703
-1.0143
-0.8972
-1.1312
-1.2872
-1.2482
-0.78008
-0.46803
-0.19501
-0.195
-0.077998
0
-0.077994
-0.15598
-0.62391
-0.74087
-0.66287
-0.4289
-0.11697
0.15595
0.11696
-0.077972
-0.46782
-0.4678
-0.93557
-1.2474
-1.2863
-1.0524
-0.85749
-0.7795
-0.66255
-0.77944
-0.70147
-0.66247
-0.89625
-1.0521
-1.052
-0.74028
-0.35064
-0.19479
-0.038957
0.077909
0.31162
0.1558
0.31159
0.31157
0.3505
0.42836
0.077879
-0.27256
-0.31148
-0.19466
-0.19465
-0.11678
0.27247
0.15569
0.15568
-0.27242
-0.70045
-0.93387
-0.85598
-0.58358
-0.038902
0.42789
0.38896
0.70008
0.66113
1.0888
1.5165
1.7885
1.8272
1.9048
1.9435
1.749
1.3991
0.85493
0.50514
0.23312
0.11655
-0.42731
-0.85454
-0.81562
-0.46603
-0.1165
-0.34946
-0.66002
-0.93171
-0.97044
-0.85391
-0.93145
-1.0478
-0.97008
-0.9312
-0.42676
-0.62068
-0.81458
-0.8145
-1.0083
-1.3573
-1.551
-1.5509
-1.3569
-0.77532
-0.54268
-0.46512
-0.42633
-0.11626
0.11625
0.69748
0.61994
0.58115
0.15496
-0.038739
-0.11621
0
-0.038732
-0.11619
-0.15491
-0.73581
-0.9294
-1.1617
-1.0068
-0.61954
-0.077441
0.3872
0.34847
0.23231
0.11615
-0.23231
-0.38718
-0.50334
-0.30975
-0.61951
-0.85184
-1.0455
-1.0455
-1.0455
-1.123
-1.4717
-1.9365
-2.2852
-2.479
-2.7504
-2.7894
-2.5959
-2.3249
-2.1314
-1.7828
-1.5117
-1.4731
-1.5896
-1.6674
-1.784
-1.7067
-1.6682
-1.5521
-1.4748
-1.475
-0.77649
-0.038833
0.77682
1.049
1.0492
0.77738
0.58318
0.54445
0.5057
0.50585
0.66169
0.70083
0.54526
0.5844
0.97433
1.0526
1.092
0.85834
0.66351
0.27332
0.19531
-0.039078
-0.078189
-0.15645
-0.35216
-0.43062
-0.54833
-0.97963
-1.0977
-1.3336
-1.4521
-1.767
-1.5715
-1.4545
-0.98332
-0.19678
0
-0.078807
-0.31543
-0.78907
-1.3423
-1.4617
-1.4627
-1.2263
-1.1084
-0.91116
-0.95147
-0.95218
-0.9926
-0.83443
-0.71579
-0.87555
-0.87626
-1.1162
-0.9974
-1.158
-1.3588
-1.52
-1.6815
-1.5628
-1.5642
-1.4854
-1.527
-1.4882
-1.8117
-1.7732
-1.4523
-0.92878
-0.60635
-0.60697
-0.32406
0.081101
0.20297
0.32511
-0.040683
-0.2851
-0.12232
0.081642
0.20434
0.5319
0.49156
0.36911
-0.16425
-0.78111
-0.94671
-1.1539
-1.2379
-1.1568
-1.241
-1.3255
-1.2028
-0.91363
-0.70691
-0.58293
-0.45863
-0.54275
-0.75251
-0.92099
-0.92226
-0.88156
-0.54648
-0.16838
-0.042156
0.29551
0.46503
0.84673
0.76315
0.76426
0.59529
0.46842
0.63969
0.98231
1.5826
1.7135
2.0592
2.449
3.0551
3.2322
3.3666
3.242
2.9439
2.6449
2.8661
2.8705
2.4829
2.3559
2.1848
2.407
3.112
3.4681
3.6933
3.567
3.4403
3.0922
2.5661
2.2157
1.6865
1.0668
0.57877
0.40131
0.13398
-0.31311
-0.80638
-0.71789
-1.0336
-0.58509
-0.18031
0.22573
0.13565
-0.13585
-0.36282
-0.36337
-0.22745
0.27335
0.91254
1.0053
0.86949
1.0541
0.73436
0.36771
-0.18412
-0.69146
-0.8771
-1.1095
-0.55552
-0.32451
-0.046423
0.092973
0.32585
0.55935
1.1202
1.0282
0.79556
0.46859
0.093837
-0.28187
-0.28222
-0.47095
-0.51868
-0.94419
-1.1816
-1.2777
-1.3739
-1.4229
-1.1396
-0.61794
-0.38068
-0.52399
-0.81065
-1.1456
-1.2901
-1.4827
-1.7235
-1.5813
-1.4389
-0.76809
-0.67266
-0.62514
-0.72191
-0.86699
-0.77125
-0.77183
-0.62757
-0.48308
-0.96682
-0.67721
-0.62923
-0.33902
0
-0.14546
-0.14553
-0.19414
-0.24278
-0.38862
-0.72896
-1.3612
-1.1672
-1.3135
-0.53528
-0.58409
-0.19474
-0.19478
-0.29222
-0.38968
-0.19486
0.19488
0.87698
0.77954
0.19488
-0.5359
-0.97427
-0.87674
-0.2435
0.048692
0.53549
0.24334
0.68117
0
-0.68072
-1.5067
-1.5547
-1.4568
-1.0678
-0.53364
-0.14546
0.048457
0.24213
0.53234
0.77377
0.53158
0.24144
-0.24125
-0.62672
-0.48167
-0.14437
-0.048078
-0.048031
-0.14395
-0.1438
-0.2394
-0.23913
-0.095543
-0.28629
-0.7625
-0.90432
-1.4736
-1.1393
-1.1377
-0.89945
-0.94543
-0.94404
-0.70696
-0.18823
-0.18794
-0.14073
-0.32782
-0.74804
-1.1201
-1.2114
-1.0232
-1.1142
-0.88041
-0.8325
-1.431
-1.7046
-1.9312
-2.0649
-1.8775
-1.6908
-1.4137
-1.0011
-0.8627
-0.45305
-0.090407
0.090202
0.31498
0.26935
-0.044786
0.13404
-0.044571
-0.48908
-0.66528
-0.88482
-1.1032
-0.61622
-0.39512
0.21893
0.48038
0.60976
0.3475
0.30323
0.1296
-0.2154
-0.55847
-0.68541
-0.81161
-0.59631
-0.63705
-0.80458
-1.0978
-1.1366
-1.1752
-1.1717
-0.83438
-0.66547
-0.45611
-0.41337
-0.20604
-0.36972
-0.40951
-0.65315
-0.44762
-0.3245
0.36389
0.96726
1.4864
2.0421
2.5144
2.9835
3.4098
3.3985
3.3873
3.0619
2.817
2.4566
1.9431
1.3556
0.65621
0.23082
-0.30671
-0.34388
-0.19039
-0.26564
-0.52946
-1.0553
-1.277
-1.4598
-1.0444
-0.78063
-0.44453
-0.51683
-0.3311
-0.21997
-0.25575
-0.32768
-0.50797
-0.50622
-0.6486
-0.82591
-1.0736
-1.1412
-0.81741
-0.42501
-0.35296
-0.4221
-0.66604
-0.62883
-0.73113
-0.55516
-0.38038
-0.48248
-0.92735
-1.335
-1.7058
-1.8701
-1.6944
-1.655
-1.5485
-1.6105
-1.3711
-1.5
-1.7277
-1.987
-2.1786
-2.1716
-2.0335
-1.6674
-1.434
-1.202
-1.1011
-0.77484
-0.80463
-0.86633
-0.83169
-0.57404
-0.47692
-0.1902
-0.031605
-0.031512
-0.1571
-0.34461
-0.71848
-0.74757
-0.71439
-0.49557
-0.55597
-0.43122
-0.49148
-0.42888
-0.61104
-0.85318
-1.1852
-1.5156
-1.4512
-0.93485
-0.63169
-0.84016
-1.1973
-1.4631
-1.6681
-1.5156
-1.1859
-0.94652
-0.7673
-0.5889
-0.2938
0.029316
0.32178
0.43786
0.40782
-0.08721
-0.29011
-0.40535
-0.43346
-0.49031
-0.37424
-0.37355
-0.086048
-0.085895
-0.37156
-0.74186
-0.94002
-1.0522
-1.1073
-1.1623
-1.1605
-1.2436
-1.4394
-1.6346
-1.4072
-1.3491
-1.207
-1.0653
-1.036
-0.78308
-0.44696
-0.27904
-0.16725
0.027845
0.16691
0.33349
0.63861
0.91547
1.1642
1.4956
1.9649
2.2401
2.2109
1.8505
1.5457
1.4069
1.1305
0.88189
0.57849
0.52318
0.49547
0.22014
0.19256
-0.027503
0.10999
0.24743
0.2474
-0.054974
-0.35731
-0.54971
-0.71465
-0.85215
-0.82476
-0.76989
-0.82504
-0.6877
-0.96304
-1.2386
-1.3216
-1.3497
-1.4054
-1.5715
-1.7653
-1.8491
-1.8502
-1.9066
-1.8802
-1.8815
-1.6614
-1.5796
-1.5254
-1.6377
-1.7503
-1.6407
-1.8649
-1.839
-2.064
-2.1779
-2.2921
-2.1549
-1.9333
-1.8515
-1.7695
-1.7437
-1.6334
-1.5792
-1.5249
-1.3574
-1.2178
-1.0778
-1.1363
-1.1096
-1.4249
-1.5414
-1.6583
-1.9476
-2.037
-2.2131
-2.0731
-2.0769
-1.8207
-1.7372
-1.7406
-1.6277
-1.3688
-1.1673
-1.0527
-0.93771
-0.93969
-1.0594
-0.97322
-0.79801
-0.56281
-0.32657
-0.23805
-0.17894
0.059787
0.38953
0.75088
0.99354
0.90541
0.90763
0.57626
0.39527
0.15241
-0.03056
0.061277
-0.12287
-0.18479
-0.18528
-0.15481
0.15522
0.2179
0.31213
0.37559
0.62771
0.78681
0.94682
0.85454
0.73001
0.60477
0.31921
0.12805
0.22474
0.2576
0.32295
0.42107
0.42232
0.65165
0.62092
0.62279
0.42741
0.32977
0.33077
0.033178
-0.19968
-0.30044
-0.50229
-0.67179
-0.60649
-0.67598
-0.61028
-0.17005
0.034118
0.65028
0.85833
0.89549
0.79467
0.38127
0.13908
-0.034882
-0.31494
-0.45636
-0.38739
-0.45929
-0.42532
-0.49779
-0.28537
-0.35785
-0.4308
-0.39617
-0.54197
-0.65245
-0.72728
-0.91202
-1.0613
-1.5053
-1.547
-1.6997
-1.8164
-1.8594
-1.5669
-1.3473
-1.1639
-1.0546
-1.1713
-1.0992
-0.91257
-0.72473
-0.80354
-1.1515
-1.5017
-1.7768
-1.9373
-1.8267
-1.0916
-0.39108
0.50997
1.0231
1.1841
1.5044
1.6281
1.8322
1.638
1.4826
1.4469
1.3706
1.4555
1.2976
1.0574
0.44868
0.44999
0.6154
0.69947
0.53643
0.20691
0.082998
-0.083232
0.1252
0
-0.083932
-0.42082
-0.59076
-0.29618
-0.25456
0.17016
0.38389
0.29937
0.04288
0.085984
-0.21552
-0.3025
-0.43325
-0.30405
-0.47899
-0.96037
-1.1378
-1.0529
-0.74759
-0.70531
-0.44188
-0.13288
-0.26638
-0.2225
-0.35682
-0.49175
-0.62729
-0.94304
-1.3052
-1.3081
-1.2657
-1.1325
-1.1803
-1.4103
-1.2309
-0.91364
-0.50353
-0.18347
-0.22979
-0.64469
-0.64595
-0.8321
-0.78737
-0.74244
-0.65084
-0.13972
0.046657
0.70111
1.2642
1.6416
1.5975
1.6472
1.5557
1.4638
1.3242
1.0895
0.99632
1.1879
1.2849
1.3345
0.81141
0.52579
0.62227
0.719
1.248
1.3458
1.3957
0.86743
0.62727
0.43481
0.29023
0.24215
0
-0.77669
-0.87477
-1.0217
-1.4612
-1.5602
-1.513
-0.87943
-0.8314
-1.028
-1.127
-1.5204
-1.5218
-1.8179
-2.0162
-2.7561
-3.2016
-3.4506
-3.3546
-3.1596
-3.0137
-2.6698
-2.1274
-1.4357
-0.29723
0.39655
0.69437
1.0918
1.0924
0.84456
0.79529
0.84541
0.94531
0.94574
0.49797
0
-0.54821
-0.54841
-0.74809
-0.89801
-1.1977
-1.1482
-0.749
-0.34962
-0.14987
0.24985
0.19992
0.59986
0.64995
0.80006
0.60012
0.60019
0.50021
0.95047
0.85047
0.35021
0.15009
-0.45029
-0.9506
-1.3008
-1.5009
-1.6509
-1.4006
-1.1004
-0.85023
-0.050008
0.30001
0.69992
0.79978
0.8996
0.59962
0.19983
-0.099896
0.29962
0.29955
0.29947
0.24949
-0.09977
-0.19948
-0.49855
-0.49839
-0.29894
-0.54787
-0.8962
-1.4931
-2.2886
-2.6358
-2.5354
-2.3356
-1.4405
-0.59581
-0.099258
0.34725
-0.049584
-0.099121
0.099074
0.19805
0.39591
0.098926
-0.049438
-0.29647
0
0.049359
0.9373
1.8243
2.1682
1.8714
1.9196
2.4103
2.5564
2.0144
1.424
0.49072
0.049041
-0.39208
-0.93061
-1.0769
-1.0272
-1.0266
-0.83049
-0.78112
-0.53666
-0.39003
-0.38977
-0.48688
-0.63251
-0.68069
-0.68021
-0.48552
-0.33963
-0.67877
-0.96898
-0.82304
-0.67731
-0.82185
-1.0628
-1.062
-1.2542
-1.2051
-1.2523
-1.4439
-1.491
-1.4898
-1.7288
-1.7755
-1.7742
-1.6291
-1.6279
-1.5309
-1.482
-1.5764
-1.6229
-2.2894
-2.526
-2.8098
-2.76
-2.1873
-2.3282
-2.5637
-2.8939
-2.5598
-1.8947
-1.2779
-0.89859
-1.0869
-1.6055
-1.9818
-1.9331
-1.7432
-1.6006
-1.0349
-0.70506
-0.56362
-0.046932
0.23448
0.42175
0.46825
0.70184
0.70131
0.65406
0.79362
0.65308
0.65259
0.6521
0.55852
0.5116
0.55769
1.0217
1.253
1.3448
1.3901
1.0187
0.64778
0.23118
0.13861
0.27702
0.64592
0.78377
0.59893
0.046039
-0.73611
-1.0574
-0.96479
-0.64275
-0.68818
-0.73356
-0.82469
-1.0988
-0.82358
-0.45724
0.045693
0.50229
0.82139
0.77525
1.1393
1.0475
0.86479
0.54583
0.045457
0.045429
-0.090801
-0.045373
-0.09069
-0.45317
-0.54348
-0.27158
0.31665
0.22605
0.22592
-0.13547
-0.54158
-1.0825
-1.3073
-1.0363
-1.396
-1.4402
-1.4394
-1.7084
-1.6176
-2.0659
-2.0648
-2.333
-2.6905
-3.0477
-3.091
-3
-2.6853
-2.3709
-2.4592
-2.1899
-1.9655
-1.4288
-1.1604
-0.71379
-0.13378
0
0.089111
-0.089075
-0.2226
-0.53402
-0.75624
-1.3785
-2.0892
-2.2217
-2.3098
-1.8649
-1.1541
-0.70995
-0.17743
0
-0.088657
0.08863
-0.088603
0.22144
0.66413
0.53115
0.22125
-0.088478
-0.26536
-0.35373
-0.22103
-0.044195
0.17674
-0.08835
-0.48582
-0.66234
-1.0154
-1.3242
-1.3681
-0.83834
-0.48527
-0.044109
0.044102
0.13229
0.17636
0.17634
-0.044079
-0.44074
-0.5729
-1.1016
-1.1456
-1.2777
-0.83704
-0.48457
-0.44049
0
0.83687
1.2332
1.8058
1.7617
1.5415
1.4534
1.4534
1.4975
1.4535
1.5857
2.0262
2.2025
2.1146
2.1588
2.0268
1.8066
1.6746
1.4985
1.2342
1.058
0.96994
1.1905
1.3671
1.235
1.2352
1.0148
0.7502
0.3531
-0.30902
-0.57401
-0.70662
-0.53008
-0.7953
-0.83968
-0.66307
-0.79588
-0.66341
-0.44239
-0.177
-0.17705
-0.30993
-0.57576
-0.84175
-1.1079
-1.3299
-1.1086
-0.97593
-0.71001
-0.35513
-0.044407
0
-0.08888
-0.22229
-0.53369
-0.26695
-0.22255
-0.35623
-0.80184
-1.1141
-1.2038
-1.2489
-1.2495
-0.8036
-0.71464
-0.84903
-1.2071
-1.3419
-0.98451
-0.53727
-0.31356
-0.35854
-0.35872
0.089727
0.40398
0.62875
0.80883
0.89918
0.89967
0.94518
0.5404
0.18024
-0.5861
-1.1278
-1.4444
-1.4001
-1.672
-1.1304
-0.76915
-0.22636
-0.49829
-0.72522
-1.406
-1.7245
-2.0889
-2.3629
-2.5917
-2.4114
-2.3674
-2.1411
-2.3249
-2.4632
-2.191
-2.1467
-1.7368
-1.4178
-1.4645
-1.5571
-1.329
-1.1465
-0.59657
-0.2296
-0.045952
-0.22992
-0.3221
-0.092093
-0.092156
0.13833
0.27685
0.32321
0.32344
0.32366
0.78657
1.2501
1.6217
1.901
2.1807
2.2286
2.2302
2.0457
1.861
1.0708
0.55908
-0.046622
-0.65316
-0.65361
-1.0278
-1.2155
-1.1228
-0.88945
-0.56214
-0.28126
-0.46908
-0.75103
-1.2682
-1.8331
-2.1635
-2.3061
-2.2605
-2.0264
-1.6504
-1.6043
-1.7942
-1.9843
-1.9383
-1.7502
-1.704
-1.4682
-1.6113
-1.8019
-1.7081
-1.5192
-1.2826
-1.0457
-0.42803
0.047585
0.33328
0.57166
0.28599
0.38152
0.047716
-0.047741
-0.42989
-0.28674
0.43032
0.57405
0.52647
-0.14365
0
-0.047928
0.3836
0.47971
0.52791
0.048013
-0.2882
-0.62468
-0.72107
-0.57708
-0.76973
-0.48126
-0.28886
0.04816
0.52993
0.5783
0.48207
0.33755
0.24118
0.67549
0.67567
0.72412
0.38629
-0.048298
0.14493
0.48319
0.53162
0.48338
0.48347
-0.14506
-0.29017
-0.096737
0.096749
0.29028
-0.048385
-0.67745
-1.2582
-1.3551
-1.5971
-1.7908
-1.8392
-1.5972
-1.452
-1.1616
-0.87116
-0.58074
-0.53231
-0.48388
-0.38707
-0.82244
-1.3544
-1.9347
-2.0794
-1.7406
-0.96685
-0.048333
0.43491
0.62806
0.77281
1.1106
1.2069
1.0135
0.57896
0.24116
-0.28929
-0.48199
-0.67454
-0.77062
-0.4333
-0.24063
0.24052
0.577
0.81705
1.0088
0.86429
0.91185
0.91138
0.86295
0.52707
0.33522
-0.14358
-1.0045
-1.2429
-1.6721
-1.4323
-1.4791
-0.85823
-0.47647
-0.047613
0.2379
0.52299
0.42758
0.33231
-0.23718
-0.61617
-1.184
-1.325
-1.2766
-1.2755
-1.2744
-0.89598
-0.80095
-0.37657
-0.32919
-0.23492
-0.46938
-0.37514
-0.70269
-1.17
-1.4493
-1.5412
-1.353
-1.2583
-0.97765
-0.69756
-0.55743
-0.37121
-0.69523
-0.55555
-0.50866
-0.60044
-0.64587
-0.87549
-1.1045
-1.1492
-1.0559
-1.4214
-1.4654
-1.3263
-1.0506
-1.1861
-1.1845
-1.092
-1.0451
-1.2705
-1.8126
-2.2626
-2.621
-2.2112
-1.6674
-1.44
-1.1234
-1.0769
-0.89614
-0.58165
-0.31274
-0.44611
-0.53453
-1.2009
-1.3323
-1.8181
-1.7711
-1.5473
-1.0594
-0.52887
0
0.21967
0.30706
0
-0.087453
-0.17463
-0.21793
0.043516
-0.043446
-0.30363
-0.30313
-0.086467
-0.043162
-0.086182
-0.30114
-0.47243
-0.55739
-0.81328
-0.64098
-0.98118
-1.1925
-1.7006
-1.7826
-1.483
-0.88827
-0.25336
0.042154
0.37873
0.12603
0.25161
-0.20932
-0.4179
-0.54233
-0.62468
-0.70674
-0.7055
-0.78712
-0.57897
-0.2477
0.20605
0.57593
0.61599
0.73789
0.85936
1.1029
0.9379
0.6106
0.28444
0.040563
0.28344
-0.040421
-0.3228
-1.0473
-1.6485
-1.9266
-2.2838
-1.9999
-1.8367
-1.9132
-1.87
-1.7873
-1.6653
-0.87077
-0.23707
0.23666
0.51187
0.39307
0.51011
-2.2328
