1.0907
1.2084
1.233
1.3861
1.3649
1.2631
1.1676
1.0982
1.1767
1.1524
1.1468
1.1168
0.90153
0.84558
0.88401
0.9737
1.0386
1.0816
1.0535
0.97713
0.92168
1.0144
1.0886
1.2078
1.386
1.4424
1.4579
1.4352
1.4497
1.3833
1.3093
1.2872
1.2251
1.1992
1.0772
1.0731
0.94353
0.95874
1.0192
1.1104
1.1186
1.0234
1.1026
1.0412
1.2213
1.1812
1.2016
1.0139
1.05
1.0368
0.55771
-0.1635
-0.70287
-0.88154
-0.88002
-0.58143
-0.31091
-0.16501
0.17317
0.62694
1.0032
0.82389
0.90924
0.62909
0.62261
0.2658
0.5346
0.63326
0.55494
1.0425
0.77462
0.78555
0.49304
0.098086
0.2907
0.28641
0.47104
1.0275
1.2109
1.0261
0.74783
0.55941
0.4602
0.17903
0.085546
-0.40165
-0.74304
-1.0199
-0.49485
-0.28101
0.25581
0.51413
0.51437
0.71014
0.94742
1.3521
1.4513
1.4855
1.444
1.3412
1.1556
1.0178
0.91915
0.82572
0.90014
0.91892
0.96271
0.97149
1.1218
1.1202
1.029
0.99822
0.99957
1.0327
0.94768
0.82955
0.70638
0.46323
0.39431
0.54249
0.83002
1.039
1.2297
1.2975
1.3731
1.4193
1.5513
1.5317
1.5106
1.3636
1.3664
1.1892
1.0472
0.91276
0.85405
0.81675
0.68558
0.4372
-0.047222
-0.50708
-0.75604
-1.0238
-1.2408
-1.1477
-0.91072
-0.90016
-0.58419
-0.39304
-0.26716
-0.10095
0.332
0.53277
0.66332
0.6576
0.97607
1.2221
1.3826
1.5723
1.4404
1.4257
1.3451
1.4348
1.2928
1.1154
1.0272
0.92936
0.70815
0.50496
0.52708
0.17
0.35875
0.61973
0.91843
1.1518
1.415
1.5133
1.4052
0.98791
0.89037
0.31235
-0.081926
-0.25638
-0.42889
-0.50517
-0.64925
-0.77941
-0.6757
-0.88351
-0.91824
-0.8517
-0.66629
-0.068685
0.41698
0.91167
0.87261
1.0673
1.0602
1.0983
1.0911
1.0689
1.0445
0.98547
1.063
1.109
1.083
1.0918
1.031
1.162
1.0679
1.1781
1.4548
0.96621
0
-0.19799
0.12668
0.56847
0.91529
0.98134
0.93293
0.93854
1.0071
1.0712
1.0775
1.0398
0.94813
0.8785
0.94567
1.0798
1.1986
1.2096
1.1758
1.0877
0.75938
0.65413
0.75663
0.75527
0.93225
1.0035
1.0403
0.99458
1.0091
1.0639
1.056
1.09
1.0758
1.2646
1.2282
1.0904
0.97169
0.7268
0.71453
0.57053
0.72261
0.32108
0.82511
1.103
1.0034
0.86188
0.97487
0.88434
1.0117
1.1505
1.2891
1.1627
1.2012
1.0089
1.1544
0.65987
0.7686
0.36144
-0.12906
-0.81176
-0.82085
-0.81283
-0.86525
-0.9077
-1.0263
-0.95846
-0.90208
-0.88423
-1.0531
-1.1918
-1.2152
-1.3064
-1.2148
-1.1567
-0.30169
0.10604
0.85206
1.0313
1.1777
1.1615
1.1035
1.1157
0.91463
1.052
1.1903
1.4083
1.1668
0.45252
-0.20323
-1.0449
-1.5925
-1.0994
-1.1314
-0.8039
-0.87274
-0.89906
-1.1758
-0.51462
-0.52097
-0.60766
-0.80973
-0.9276
-1.032
-1.1484
-1.2141
-1.138
-1.1423
-1.2094
-1.1886
-0.72777
-0.044949
0.63523
0.95085
0.99803
0.98161
1.041
1.1332
1.0769
1.0807
1.0637
1.0957
1.1921
1.2582
1.0164
0.43559
-0.46794
-1.101
-1.1627
-0.89346
-0.65076
-0.7296
-0.79553
-0.98591
-1.0232
-1.1245
-1.1694
-1.1703
-1.1167
-1.1783
-1.22
-1.0305
-0.73841
0
0.58777
0.81978
0.91994
0.87798
0.95674
1.005
1.08
1.1286
1.0803
1.0862
1.1188
1.1588
1.1089
1.0448
1.0325
1.0631
0.96876
0.99197
1.0858
1.197
1.2806
1.3324
1.2649
0.45499
-0.22094
-0.34305
0.10196
0.5852
0.87196
0.99921
1.0078
0.99442
0.96046
0.96675
0.99431
1.0225
1.0489
1.0818
1.1157
1.0752
1.0088
1.0007
1.0717
1.1652
1.1104
1.0615
0.85363
0.79914
0.79171
0.75417
0.94428
1.1319
1.2925
1.4393
1.2725
0.72889
0.12097
-0.55489
-0.94944
-1.0732
-1.1616
-1.2061
-1.2331
-1.111
-1.216
-0.88332
-0.33246
0.47949
0.94412
1.0771
1.1607
1.0134
0.97902
1.0834
1.1281
1.1755
1.1346
1.2243
0.92837
0.93532
1.1891
0.42798
-0.081507
-0.6007
-0.93804
-0.99937
-1.0161
-0.90522
-0.89215
-1.0209
-1.1175
-1.087
-1.2494
-1.1995
-1.356
-0.9466
-0.29643
0.5426
0.84131
0.78264
0.84872
0.99818
1.0337
0.99129
0.98194
1.017
1.0016
1.0497
1.0766
1.0377
1.0011
0.94108
0.91222
0.85594
0.90647
1.0376
1.1315
1.1225
1.1962
1.1978
1.2378
1.1829
0.97587
0
-0.51112
-1.1041
-0.77296
-1.6175
-1.8426
0
0.18819
0.54396
0.87111
0.91
0.88828
0.71216
0.77759
0.83562
0.99224
1.0294
1.0638
0.97458
0.99026
0.98846
1.0036
1.025
1.0762
1.1296
1.1325
1.0679
1.0267
0.92847
0.9823
1.1593
1.1739
0.86423
0.94076
0.8513
1.0223
0.92241
0.70232
0.80771
0.94803
1.077
1.0485
0.94541
0.91473
0.9431
1.0079
0.99755
1.0491
1.0153
1.0272
1.0492
1.0361
1.0102
1.0382
1.0585
1.0565
1.0832
1.029
1.1128
1.1683
1.2803
1.3326
1.1493
0.38249
-0.50556
-1.2727
-1.6677
-0.83062
0
0.58019
0.81602
0.83047
0.93972
0.94383
1.0233
1.0188
1.0596
1.0514
1.07
1.086
0.99065
0.97166
0.96677
1.0067
0.99413
1.0691
1.0559
1.0445
0.99945
1.0181
1.0567
0.94473
1.0277
0.99855
1.0688
1.0841
1.1715
1.1166
0.90407
0.84545
0.8403
0.79192
0.87301
0.87881
0.96851
0.97183
1.0294
1.0216
0.98335
0.97159
1.0879
1.0762
1.0577
0.9813
1.0125
1.0074
1.0136
1.0731
0.97134
0.87673
0.97734
1.0508
1.0859
1.0232
0.94362
1.0344
1.0529
1.2212
1.2684
1.2053
1.1033
0.73321
-0.45743
-1.542
-1.8407
0
0.4563
-0.38855
-0.35532
-1.5606
-2.1378
-0.20966
0.50872
0.58441
0.86758
1.062
0.86037
1.1015
0.91534
1.2636
1.0127
1.3768
1.5974
0.74792
0.13893
-0.26018
-0.77863
-0.80297
-0.98494
-1.2354
-1.1902
-1.3773
-0.88956
-0.70044
-0.9378
-1.1137
-1.3031
-1.7234
-1.1714
0
-0.18218
-0.95187
-0.59718
-1.2329
-1.2915
-1.4926
-0.86627
-0.53539
0.32315
0.97601
0.99653
0.90352
1.0498
0.93754
0.87047
0.94729
0.98408
1.0566
0.98123
0.96212
1.0121
0.93038
0.9488
1.0055
1.0043
1.0065
1.0193
0.95054
0.95452
0.94006
1.0987
1.0794
0.99935
1.0187
1.1033
1.1255
1.1593
1.113
1.0348
0.91795
0.97033
0.97053
1.0183
1.1624
1.0927
1.3347
1.0386
0.82186
1.1794
0.68356
-0.32062
0.48654
0.65709
0.54332
0.79504
0.88855
1.1017
1.1028
1.2268
1.3284
1.348
0.75617
-0.10226
-0.62356
-0.73998
-0.94893
-0.82898
-1.2902
-1.2898
-1.0214
-0.95081
-0.9268
-0.59861
-0.61084
-0.69412
-0.8278
-0.89316
-1.034
-1.0906
-1.058
-1.1389
-1.186
-1.2267
-1.2344
-1.0379
-0.71671
0.18878
0.52378
0.81368
0.94201
1.0284
1.0731
1.058
1.0638
1.016
1.0073
1.0619
1.0448
0.94993
0.94483
0.95849
0.94407
0.98444
1.06
1.1493
1.0871
1.0989
1.0533
1.079
1.1669
1.1513
1.2793
0.71365
0.66286
0.50774
0.26219
0.47779
0.8408
0.90629
0.92873
1.0068
1.024
1.0052
0.96092
1.0123
1.0007
0.9819
1.0271
1.0464
1.01
1.0442
1.1084
1.1486
1.0235
0.96768
0.95086
0.95727
0.96594
1.1096
1.0067
0.99085
1.0439
1.0115
1.0695
1.0715
1.2611
1.3307
0.95468
0.5071
-0.29669
-1.0855
-1.4841
-1.4636
-1.2643
-0.79584
-0.10017
0.96453
1.3642
0.97704
0.77615
0.50055
0.71065
0.91738
1.1126
1.1112
1.0295
1.0048
0.92012
0.93237
1.0383
1.0761
1.0392
1.0434
0.99666
0.9333
0.93681
0.99703
1.0287
1.0404
1.1161
1.1477
1.0609
1.0014
1.0063
0.89084
0.79347
0.85277
0.96389
0.98694
0.9874
1.0132
0.95792
0.93823
1.0709
1.0637
1.0908
0.94039
1.0334
1.0878
1.1829
1.278
1.06
0.95081
0.58703
1.0105
0.87593
0.91687
1.0685
1.1759
1.5184
1.0293
0.77253
-0.15578
-0.66749
-0.77995
-0.94114
-1.058
-1.1954
-1.0948
-1.2203
-1.1173
-1.0014
-0.98263
-1.0237
-1.228
-1.0907
-0.8861
-0.28936
0.30374
0.84112
1.0467
1.0665
1.0184
1.003
1.031
1.162
1.1031
1.0447
0.94928
0.93183
0.93694
0.98489
1.1772
1.3176
1.366
0.98612
0.64465
-0.083689
-0.79652
-0.98284
-0.97966
-1.1076
-0.84438
-0.88275
-0.87775
-1.0988
-1.1205
-1.1635
-1.266
-1.1674
-1.1258
-0.74016
-0.15832
0.58025
0.96374
1.1407
1.2049
1.0679
0.97368
0.89356
1.0675
0.99278
1.0781
1.0628
1.1474
0.98215
0.84275
1.0609
0.97212
1.0834
1.1424
1.1399
1.1077
0.85519
0.88885
0.8388
0.81073
1.2125
0.98139
0.81547
0.81741
0.85165
0.83661
0.90145
0.93829
0.99048
0.95988
1.0331
1.0639
1.0516
1.0318
1.0388
1.162
1.1052
1.1297
1.0805
0.99751
0.94016
0.99978
1.01
0.89034
1.1674
1.1263
1.1047
1.2534
0.83337
-0.11332
-0.57739
-0.6313
-0.79872
-0.98625
-1.1168
-1.0748
-1.0949
-1.1281
-1.0601
-1.2031
-1.3044
-1.2077
-0.698
-0.65323
-1.1203
-0.73273
-0.58917
0.58434
0.62142
2.2193
0.70719
0
-0.75058
-1.0399
-1.0256
-1.0533
-0.95972
-1.0629
-1.2588
-0.88708
-0.98217
-0.96662
-0.72049
-0.66761
-0.91766
-1.2366
-1.3124
-1.3843
-1.3242
-0.72402
-0.13586
0.40345
0.67867
0.85286
0.92818
0.92055
0.92004
0.9491
0.95413
1.0158
1.0308
1.0779
1.0544
1.0438
1.0851
1.0452
1.0447
1.0482
1.0357
1.0611
1.1014
1.1784
0.9226
0.96193
0.77376
0.81037
0.87976
1.0766
1.2404
1.1661
1.0911
0.9651
0.97922
0.80406
1.0336
0.93506
0.71628
0.73266
1.0204
1.0014
0.98603
0.98476
0.95924
1.0045
1.0204
1.113
0.99494
0.9589
1.0185
1.0654
1.09
1.0555
1.1172
1.0561
1.0885
1.1205
1.1127
1.0894
1.1283
1.0441
0.86055
0.74896
0.84274
1.0763
1.2025
1.3638
1.215
0.87812
0.85223
1.0761
1.0259
-0.14172
-0.8222
-1.3652
-1.3775
-0.4039
0.48077
1.1435
1.1197
1.0798
1.0944
0.93197
0.89484
0.86918
0.80311
0.85243
0.93023
1.0092
0.99887
0.97082
1.0028
1.0071
0.99505
1.0009
0.95657
0.97419
1.0458
1.1113
1.1224
1.0857
1.038
1.0242
1.0162
0.98729
1.0766
1.1398
1.0077
1.0908
0.89609
0.85213
0.74795
0.85563
0.86199
0.93447
1.0686
1.1124
1.2333
1.1087
1.0813
0.74744
0.76507
0.88872
1.1869
1.0096
1.0451
0.97899
0.88468
0.94243
1.2142
1.4521
1.1969
0.70765
-0.23864
-1.1884
-1.4552
-0.93394
-0.71372
-0.81026
-1.0241
-1.1743
-1.2945
-1.3863
-1.2306
-0.98012
-0.64007
0
0
-0.37995
-1.634
-0.78306
-0.58032
-1.1011
-0.86535
-1.103
-0.93826
-0.98966
-0.75047
-0.69991
-0.72245
-0.86258
-0.98234
-1.1021
-1.1613
-1.0189
-1.1601
-1.0445
-0.92996
-0.88973
-0.9863
-0.98776
-1.0213
-1.1243
-1.1595
-1.1291
-0.98903
-1.1886
-1.2798
-1.0121
-0.4375
0.21343
0.93866
1.1155
0.88928
0.66042
0.64953
0.73739
0.89176
0.99967
1.0253
1.025
0.98147
1.0105
1.001
1.0412
1.078
1.0661
1.0552
1.0863
1.0857
1.0973
1.0198
1.0165
0.9746
1.0805
1.3738
1.4836
0.92342
0.11651
0.23583
0.45022
0.60711
0.78473
0.90489
0.91077
0.97163
0.99311
1.0545
1.0156
1.0976
1.0676
1.0199
1.0248
1.0748
1.1035
1.141
1.2182
1.1742
1.0099
0.95619
0.96555
0.98203
0.89894
0.7347
0.77085
0.86274
1.1438
1.5673
1.3841
0.85859
0.065471
-0.82154
-1.2183
-1.2388
-0.95427
-1.2589
-1.3742
-1.0911
-0.51027
0.23546
0.73208
1.0438
0.96712
0.85315
0.85092
0.89174
0.89839
1.0002
1.0169
1.0142
1.0226
0.99824
0.99903
0.98796
1.0436
1.1143
1.1521
1.1582
1.2469
1.1818
1.0016
0.75791
0.59815
0.54059
0.71602
1.6475
-0.29676
-0.66851
-0.096783
0.46889
0.78013
0.92823
1.0309
0.98208
0.97458
1.0481
1.0732
1.1037
1.0715
1.0748
0.99053
1.0028
1.0338
0.98583
1.0874
1.1492
1.165
0.94093
0.79713
0.7353
0.90371
0.87474
1.1196
1.3646
1.1908
1.2334
1.1826
0.68677
0.39583
-0.3243
-0.55084
-1.0157
-1.2329
-1.2236
-1.1277
-1.1202
-1.2595
-1.0139
-0.71493
0
0.78315
1.0721
1.045
1.0094
1.0648
1.0798
1.198
1.2685
0.85722
0.84429
1.1089
1.2444
0.94378
1.0961
1.0514
1.0467
1.0895
1.334
0.93739
-0.18343
-0.66908
-0.92496
-1.2004
-1.3992
-0.93521
-1.2254
-1.1585
-0.5563
0.2073
0.51953
0.79593
0.92524
0.88838
0.84535
0.90501
0.97507
1.0062
1.0547
1.0738
0.96353
0.95745
1.0083
1.0155
1.0257
0.97945
1.0135
0.96091
0.96667
1.0389
1.1035
1.1477
1.0947
1.0328
0.86711
0.94969
1.0786
1.1438
1.067
1.0427
0.99043
0.83639
0.79388
0.8189
0.86797
0.90965
0.98717
1.0433
1.0676
1.0761
1.0851
1.0665
1.0191
1.0722
1.0565
1.0306
1.0605
1.127
1.0866
1.0814
1.0136
1.0183
0.80724
0.75949
1.0201
0.95257
0.9976
1.0867
1.1134
1.1364
1.2246
1.3114
0.61218
-0.53645
-1.3996
-0.84178
0.12018
0.96325
1.1618
0.9745
0.8681
1.0706
0.87561
1.0487
0.91373
1.1416
1.0133
0.93321
0.92166
1.0094
1.0248
1.1782
1.2072
1.0184
0.72616
0.6141
0.79129
0.88755
1.0057
1.0644
1.0141
1.027
0.98962
0.99373
1.041
1.0976
1.0428
0.94999
0.88603
0.97539
1.0693
0.98503
0.95457
0.97647
0.95509
1.0108
1.0858
0.96215
0.90971
0.95454
1.011
1.0422
1.0023
0.9869
0.99482
0.96143
1.0054
1.0166
1.0275
1.0662
1.1234
1.0398
0.9583
0.93989
0.8741
0.87321
0.9463
1.0548
1.0886
1.1162
1.1478
1.1243
1.0573
0.93725
0.98184
0.8378
0.86673
0.94091
0.99073
1.0398
1.1552
1.1713
0.86716
0.73306
0.78274
1.0321
1.0636
1.0977
1.1048
1.0458
1.009
1.0719
1.0403
1.0284
1.0431
0.98174
0.93571
0.98785
1.1075
1.2277
1.2135
1.295
1.2119
0.15143
-0.33618
-1.0488
-1.0671
-1.3352
-0.91658
-1.0079
-1.4896
-1.3359
-0.35363
-0.58872
-0.11549
0.95946
1.1456
0.91886
0.73148
0.72886
0.84442
0.96522
1.0246
1.0621
1.0247
1.0424
1.1501
1.1483
1.133
1.151
1.0977
1.0348
0.98403
1.1169
0.72076
0.23386
1.0882
0.9385
0.67159
-0.47676
-0.69117
-0.79802
-0.83479
-0.69919
-0.83588
-1.0116
-1.0834
-1.0575
-1.1001
-1.1364
-1.1899
-1.2405
-1.2958
-1.0336
-0.26514
0.24864
1.0534
1.2486
0.75048
0.44082
0.8569
1.1222
1.2032
1.2065
1.2777
1.1118
0.92282
0.5496
0.72766
0.82879
1.5277
1.6984
0.56498
-0.25573
-1.1102
-1.4009
-0.2125
-0.25367
-0.33409
-0.75388
-1.0327
-1.0528
-1.1673
-1.3016
-1.4679
-0.93857
-0.25721
0.57932
1.0874
1.014
0.87834
0.88621
0.99641
0.97429
0.99062
1.0306
1.0886
1.2111
1.2605
1.3043
1.024
0.72758
1.0475
0.72033
0.3787
-1.2969
-0.66109
-0.42226
-0.42407
0.83301
0.89489
0.064713
-0.32182
-0.78022
-1.0879
-1.1405
-1.1639
-1.0752
-1.0922
-1.0478
-1.064
-1.2034
-1.315
-1.0353
-0.41812
0.14197
0.85034
0.88339
1.0001
1.0094
1.0856
1.0722
0.99084
1.0076
1.0179
1.0361
1.1059
1.1914
1.351
1.1676
0.82261
0
-0.52108
-0.94799
-0.88646
-0.95608
-1.0617
-1.0457
-1.1311
-1.1639
-1.2351
-1.249
-1.0979
-0.53657
0.30126
0.77344
0.92295
0.84493
0.90619
0.93184
1.0423
1.0952
1.0762
1.0531
1.0188
1.0612
1.0406
1.0404
1.1086
1.1407
1.0915
0.90017
0.89329
0.81894
0.88534
1.0012
1.1147
1.1296
1.1093
1.0494
0.85365
0.91728
0.9125
1.0656
1.0367
1.1721
1.0537
0.87906
0.68926
0.77617
0.88565
0.94505
1.0219
1.0122
0.98678
0.95919
1.0057
1.0622
1.0641
1.1072
1.0595
1.0859
1.0479
1.1927
1.192
1.0587
1.2732
0.74862
0.69512
0
0.80266
0.3466
-0.546
-0.62596
-1.0254
-1.0624
-1.0922
-1.0914
-1.1274
-1.1382
-0.97793
-1.192
-1.0999
-1.3648
-0.54589
0.099045
0.79292
1.0696
1.0142
0.98556
0.96645
1.0632
1.0595
1.0747
1.234
1.3914
1.0633
0.5336
-0.067158
-0.59054
-0.95425
-1.0399
-1.0101
-0.97772
-0.96011
-1.0011
-1.2115
-1.2704
-1.2632
-1.3072
-1.1429
-0.72306
0
0.46889
0.88902
0.97458
1.2166
1.2524
1.3397
1.1478
0.85167
0.69032
0.99405
1.5369
1.1998
1.277
0.28319
0.34086
-1.2426
-1.265
-1.4786
-0.66443
0.27049
0.85173
0.6654
0.91975
1.0951
0.9663
1.071
1.4101
1.5375
0.7868
-0.62335
-0.76988
-0.96901
0.4137
0.83368
0.98982
0.71579
0.60316
0.85506
0.9324
1.0708
1.0378
0.97324
0.93072
0.82693
0.97266
0.92771
0.98852
0.99812
1.019
1.0046
1.0712
1.1271
1.0204
0.98184
0.99017
1.0888
1.0538
1.0854
1.0418
0.85718
0.83838
0.95281
1.1184
1.0528
1.1179
0.97212
0.82769
0.84934
0.90952
0.99348
0.9708
1.117
1.1399
1.1001
1.0125
0.92458
0.96743
0.93283
1.0255
1.1021
1.1473
1.3879
1.2828
0.97139
-0.071344
-0.61362
-1.0031
-1.1753
-0.91122
-0.99257
-1.1643
-1.2695
-1.1829
-1.0851
-1.0208
-0.66696
0.33135
0.57197
0.78975
0.81834
0.88925
0.88846
0.90874
0.96441
0.97495
0.99085
1.0179
1.0678
1.0515
1.0514
1.0747
1.0403
1.004
1.0281
1.0542
1.0931
1.1707
1.2005
1.1644
1.0719
0.94913
0.63265
0.32958
0.64933
0.901
0.54567
0.82344
0.87433
1.1171
1.0034
1.1683
1.155
0.93572
0.81109
0.89048
1.0737
0.9703
0.98974
0.9189
1.0002
1.0969
1.039
0.97
0.83313
0.87106
0.96339
0.94792
0.95537
1.0248
1.0423
1.1411
1.2279
1.2609
1.236
0.9216
1.021
0.24483
-0.42318
-1.0109
-1.3733
-1.3991
-1.3119
-0.7312
-0.26172
0.45769
0.78036
0.93973
0.86029
0.85553
0.95175
0.94517
1.0101
1.0397
1.1055
1.0919
1.0592
1.05
1.0105
1.0013
0.99932
1.0225
0.98987
1.0172
1.0792
1.033
1.1071
1.181
1.1339
1.0866
1.0627
1.0756
1.0978
0.70751
0.84209
0
-1.4573
-1.3657
-1.1516
-0.29322
0.37802
0.87977
1.085
0.97189
1.1736
1.077
1.0391
0.91054
0.94983
0.94367
0.97041
1.1455
1.1701
1.0999
0.77858
1.0077
0.95997
1.0549
1.0959
0.93345
0.92259
1.1661
1.6296
1.4539
0.61697
0.11401
-0.20943
-0.83504
-1.0856
-1.2926
-1.4566
-1.4247
-1.1683
-0.27044
-0.55058
0
0.56788
0.84845
0.99551
1.1158
1.1387
0.97963
1.0042
1.0372
1.0627
1.0958
1.1311
1.2667
1.2657
1.1342
0.87414
0.15684
0
0.30265
0.65343
0.76138
0.94805
1.0762
1.0971
1.105
1.1813
1.1571
1.0271
0.96422
0.83372
0.86869
0.91758
0.96523
0.91211
0.87563
0.91371
0.96271
1.0183
1.0035
1.0803
1.0556
1.0349
1.074
0.99597
0.97869
0.94045
0.97034
0.94516
0.95651
1.0694
1.0875
1.135
1.0284
0.99304
0.88462
0.90677
0.9258
0.98322
0.99939
1.0368
1.1388
1.1403
1.168
1.2464
1.1714
0.91777
0.48885
0.51704
0.6767
1.0501
1.1015
1.1063
0.89106
0.89529
0.86113
0.91985
1.0578
1.1625
1.1992
1.0582
0.98448
0.9181
0.92211
0.92953
0.9959
1.0189
1.0641
1.097
1.1147
1.0092
1.0249
1.0567
1.2634
1.0463
1.0189
0.36168
-0.46054
-0.878
-0.88314
-1.1694
-1.3301
-1.325
-1.2393
-0.67787
0
0.70487
0.90884
0.91393
1.073
1.126
1.1806
1.0872
1.109
0.98496
0.99144
1.1139
1.2596
1.1613
1.1212
0.92618
0.81102
0.78931
0.9906
1.5577
1.2357
0.57292
0.15284
-0.65607
-0.52206
-0.84443
-0.85807
-1.1216
-1.1199
-1.1229
-1.0711
-1.0733
-1.0986
-0.97341
-1.1659
-0.97421
-1.3245
-1.1681
-0.90426
0
0.5749
0.66745
0.93835
0.93869
0.95879
0.98755
1.0226
1.0774
0.93303
0.99356
1.0027
0.94529
0.97586
0.97853
1.0588
1.1026
1.1014
1.0148
0.91085
0.87651
0.98577
1.0243
1.0779
1.1196
1.1819
1.0741
0.99103
1.079
0.98714
1.2209
1.1028
0.91087
0.59559
0.54929
0.85442
0.88051
0.84213
0.85509
0.83016
0.90932
0.96491
1.1012
1.0376
1.0192
0.96119
1.0079
1.0622
1.1215
1.125
1.0099
0.96584
0.95626
1.0384
1.052
1.0701
1.0013
0.88146
0.88329
0.98731
1.2116
1.1808
1.152
1.1267
0.90594
1.2223
1.0739
1.331
0.37152
0.59819
0.36373
0.88081
0.92055
1.0384
1.0216
1.0961
1.2454
1.151
0.92807
0.88295
0.95528
0.92804
1.2058
1.5146
1.3945
0.32248
-0.13558
-0.43682
-1.1604
-1.3823
-1.2532
-0.83833
-0.7032
-0.61333
-0.82069
-1.0189
-1.1004
-0.96042
-0.94987
-0.96026
-1.0797
-0.96313
-1.0511
-1.032
-0.99495
-0.98331
-0.99229
-1.0559
-1.0197
-1.1454
-1.2473
-1.2305
-1.251
-0.78729
-0.068841
0.6147
0.7807
0.90342
0.97539
1.0951
1.0592
1.0731
1.0268
0.91829
0.89133
0.96777
1.0367
1.0709
1.1251
1.0494
0.98601
0.997
1.1089
1.133
1.1297
1.0479
1.2201
1.1351
1.1326
1.0696
0.62225
0.69128
0.62847
0.60329
0.58064
0.76932
1.0002
1.1109
1.0477
1.0943
1.1039
1.0717
1.1486
1.2713
1.1326
1.0497
0.67286
0.30321
-0.53346
-0.93434
-1.139
-1.3334
-1.5116
-1.3111
-0.91116
0
0.77462
1.2578
-0.55649
-1.1219
-1.1561
-0.66064
-1.2175
-1.3723
-1.1775
-0.79295
-0.10577
0.61365
0.74993
0.7778
0.89417
1.0397
1.0044
0.98106
0.98146
1.0146
0.99286
1.0526
1.0858
1.0708
1.0208
0.95487
0.96373
0.9614
1.0462
1.0457
1.0663
1.0984
1.1602
1.1024
1.0785
1.212
1.2442
0.52905
-0.57537
-1.3241
-0.6908
0.32267
0.76492
0.99603
0.98663
1.0339
1.1353
1.0372
1.0169
1.0419
1.0916
1.0904
0.7707
1.0396
0.94543
1.0709
1.1166
1.0383
0.9792
0.70491
1.0731
0.99614
1.4168
1.6383
0.961
0
-0.69795
-1.0605
-0.90793
-0.8618
-0.81954
-0.92475
-0.93706
-0.91436
-0.85272
-1.073
-1.1055
-1.0951
-1.1095
-1.162
-1.1614
-1.0856
-1.0486
-1.0701
-0.62577
0.34429
0.76417
1.071
0.96084
0.87708
0.85069
0.87978
0.92739
0.98602
1.0713
1.125
1.0876
1.0717
1.1137
1.1465
1.1171
1.3203
1.1117
0.64866
-0.19486
-0.74163
-0.77328
-0.58712
0.29526
0.65497
0.96393
1.0868
1.1054
0.96744
0.88471
0.92312
0.98672
0.98878
1.0376
1.0996
1.0727
1.0288
1.0364
1.0218
0.95499
0.91428
0.99036
0.98857
1.0509
1.0723
1.0731
1.0239
1.1814
1.3596
1.3083
0.97833
0.60349
0
0
0
0.55976
0.49971
0.53584
0.8411
0.90203
0.89701
0.94384
0.883
0.91728
0.95255
1.0472
1.1049
1.0883
1.1383
1.0664
0.98803
0.98087
1.1386
1.2294
1.3142
1.2437
0.75198
0
0.66205
1.5823
2.094
1.0195
0.91015
0
1.0097
0.90301
0.66412
-0.28029
-1.4515
-1.3637
-1.0602
-0.98632
-0.48591
0.3521
0.666
0.78264
0.93305
1.019
1.0593
1.0201
1.0169
0.92677
1.0479
1.0239
1.0959
0.91614
0.87249
1.0426
0.96629
1.0833
1.1717
1.1552
1.1936
1.2652
1.212
0.77278
0.38346
0
-0.32087
-2.0967
-0.75214
0.40149
0.70914
0.70172
0.68246
0.71214
0.83094
0.94928
1.0418
1.0021
1.0014
1.0079
0.99553
0.9781
1.0199
0.99338
0.95145
0.96567
1.0398
1.0666
1.0234
1.0185
1.0052
0.98833
1.0242
1.0454
1.0632
1.0271
1.1038
1.0685
1.0796
0.98042
1.079
0.94451
1.0497
1.0598
0.93236
0.77254
0.79597
0.9688
1.0445
1.0445
1.0751
1.0285
0.91675
0.8859
0.91926
1.0029
1.0592
1.1737
1.1269
1.0363
1.0185
1.0934
0.95809
1.0419
1.3191
1.3145
0.61958
-0.065704
-0.90828
-1.1723
-1.0234
-0.89186
-0.92902
-1.0695
-1.2177
-1.2621
-1.3552
-1.2011
-0.9075
-0.1102
-0.099388
0.60494
0.7895
0.95718
0.90828
0.94226
0.98198
1.0037
1.0767
1.0724
1.0019
0.92163
1.0134
1.0136
1.0974
1.1363
1.1212
0.97847
0.83991
0.95254
0.87256
0.95056
0.9939
0.98335
1.0563
1.1001
1.1149
1.0558
0.96889
1.0377
0.96093
0.87273
0.85093
0.98105
0.95883
0.98998
1.0975
1.1233
1.1357
1.0376
0.99581
0.95466
1.0275
1.1558
1.1578
1.063
1.1004
1.1288
1.0217
0.99774
0.92032
0.98458
0.88025
0.90466
0.91359
1.0603
1.048
1.0994
1.1641
0.95217
1.2473
1.2439
1.1769
0.95053
0.33924
-0.20793
-2.0905
-1.3582
-0.43796
0.21679
0.71001
0.7646
1.0428
1.101
1.1775
1.1361
0.97866
0.77802
0.89782
1.0685
1.1797
1.2575
1.0919
0.89699
0.88862
0.96336
1.0249
1.118
1.32
1.0941
0.6866
1.1106
1.0701
0.73504
0.074451
-0.69387
-0.86178
-1.1622
-1.2524
-1.301
-1.3886
-1.106
-0.36206
0.37142
0.77753
0.92634
0.96905
0.87268
0.89737
0.984
1.0876
1.0431
1.1034
1.1122
1.1097
1.1402
1.1378
1.2033
0.86663
0.79164
0.82263
0.59825
0.72948
0.8277
1.0449
1.006
1.293
1.3105
1.2579
1.0963
0.40913
-0.17685
-1.4994
-1.54
-1.3435
-1.1979
-0.81488
0
0.58601
0.48875
0.89321
0.97431
1.0764
1.1453
1.1226
0.97189
1.0394
1.0486
1.1364
1.1211
1.0836
1.3611
1.0002
0.86927
0.63697
0.14807
-0.4953
-1.3971
-1.1943
-1.5257
-1.2344
-0.69779
-0.32311
-0.47703
-0.54345
-0.65841
-0.89341
-0.85189
-0.93879
-0.98085
-1.041
-1.1078
-1.0695
-1.0985
-1.1044
-1.1716
-1.2321
-1.2494
-0.88352
-0.13522
0.43427
0.94954
0.94059
0.97837
0.9819
1.0394
1.0595
1.0358
1.0251
1.0339
1.1056
1.0792
1.0659
0.89234
0.8543
0.85009
1.0523
1.1602
1.1116
1.1346
1.1449
1.1709
1.2045
0.89822
0.059756
-0.62747
-0.90095
-0.98421
-1.203
-1.3578
-1.4136
-1.2016
-0.62081
0.10381
0.63145
0.93333
0.99075
1.0478
1.02
0.99261
1.0816
1.1044
1.0705
1.0443
1.152
1.2285
1.2148
1.1096
0.94046
0.59378
0.768
0.85608
1.1133
1.2157
1.4848
1.3997
0.41908
1.0498
0.28519
-0.18342
-0.54754
-1.1052
-1.2155
-1.168
-1.3033
-1.1881
-1.1807
-0.4243
0.2764
1.2632
0.89659
1.0808
0.9512
0.91676
1.0074
1.2496
1.2722
1.1258
1.2022
1.1038
0.75081
-0.59931
0.64215
-0.17269
1.1662
1.5315
1.9482
0.73349
0.46686
-1.1161
-1.1118
-0.42937
-0.22011
-0.24626
-0.53583
-0.83922
-1.0434
-1.2572
-1.1995
-1.1977
-1.1672
-1.2702
-0.9147
0
0.4392
0.8927
1.0024
1.0211
0.97321
0.97944
1.0048
1.0037
1.0141
1.0587
1.0635
1.024
0.99372
1.0171
0.94014
1.0286
1.0491
1.103
1.0114
1.0419
0.99136
1.0358
1.0235
1.044
1.0723
1.1356
1.2719
1.2889
1.2196
0.40121
0.408
0.28412
0.60196
0.75325
0.74643
0.75029
0.82603
0.94514
1.0235
1.0641
1.105
1.0328
1.042
0.95721
1.0197
0.98474
0.95424
0.98875
0.97889
1.0439
1.0159
0.98324
0.97072
1.0133
1.0531
0.98617
0.9706
0.9819
1.0532
0.99507
0.97097
1.0129
0.97123
0.97161
0.95441
1.0487
0.9709
0.97493
0.99815
1.0088
1.0163
1.0007
1.037
1.0039
1.0148
1.0566
1.0498
0.97165
0.94045
1.0065
0.97129
0.97208
0.99289
1.0743
1.0675
1.1847
1.108
1.0193
1.0798
1.0465
1.039
1.1005
1.2289
1.2187
0.69659
0.42007
1.1514
0.91069
-0.27971
-1.2108
-1.2711
-1.2957
-0.75303
0.78879
0.3343
-0.26404
-0.59519
-1.1354
-0.88851
-1.0124
-0.51181
-0.8432
-1.1962
-1.5073
-1.405
-1.3607
-0.35078
0.25942
0.29479
1.1429
0.25602
2.1376
0.64588
-0.15835
-0.35504
-0.632
-0.77243
-0.92647
-1.05
-1.1609
-1.1315
-1.0824
-1.1212
-1.1917
-1.2464
-1.121
-0.58699
0.11948
0.8301
1.0381
1.0879
1.1199
1.1095
1.1015
1.1213
1.0737
1.0032
1.0372
1.1347
1.172
0.61245
0.65301
0.67855
0.88794
0.79715
0.84487
0.92786
0.91627
1.1309
1.2172
1.225
1.0871
1.0905
1.0029
0.81405
0.93427
0.71493
0.69569
0.83551
0.95176
0.93824
0.96728
1.0034
1.0462
1.0619
1.0432
1.0044
0.97151
1.0162
1.0197
1.0364
0.95692
1.0195
1.0524
1.1112
1.0415
1.1636
0.98798
1.0121
0.78894
0.83296
0.92075
1.1112
1.2697
1.3977
1.3024
0.97014
0.89185
0
0
0.93798
1.2624
0.87364
0.79495
0.67835
0.71976
0.82164
1.0221
1.0434
1.084
1.0352
1.0507
0.97732
1.0232
1.0697
1.0942
1.0264
0.9457
0.98196
0.97424
0.96654
1.1634
1.1053
0.98011
1.0075
0.88127
1.0173
0.97421
1.1942
1.2327
1.3519
1.1381
0.21613
-0.54036
-1.3774
-1.4139
-1.4887
-0.85483
-0.23791
0.45026
0.88057
0.95775
1.0946
1.054
1.0021
1.0408
1.0214
0.95015
0.94716
1.0281
1.0808
1.031
1.1525
1.0845
0.9599
1.173
0.96723
1.1322
0.78826
1.0882
1.2696
1.0641
0.92293
0.76139
1.4612
1.1207
1.0675
0.99878
-0.95659
-0.89096
0
0
0.54919
0.92577
0.96179
1.0248
1.0046
0.95572
0.87974
0.93261
1.0244
1.1285
1.1021
1.1092
1.0077
0.97035
0.91582
0.97901
1.0268
1.106
1.1364
1.1089
1.0804
1.0224
0.97819
1.0698
0.94888
1.1328
1.0642
1.0859
0.9943
1.1115
1.2534
1.1452
0.95388
0.28391
-0.62558
-2.0413
-0.9127
-0.62741
0
0.8103
0.98914
1.1935
1.1926
1.1716
0.96077
1.0226
1.1396
1.2512
0.92405
0.58706
0.76386
0.86351
1.1607
1.0084
1.0183
0.92672
1.048
1.1248
1.1109
1.1419
1.1885
1.0272
1.0932
0.73812
0.65557
-0.72427
-1.0603
-1.1212
-1.463
-1.3047
-1.2342
-0.96013
0
0
0.7683
0.86651
0.60935
0.95729
0.98087
1.0344
1.0577
1.0273
1.0579
1.0202
1.0197
1.0281
1.1615
1.3559
1.4121
1.1688
0.26274
0
0
-0.76004
-1.1756
-0.67237
-0.85413
-0.79722
-0.97441
-1.1306
-1.2743
-1.2331
-0.95654
-1.0385
-0.96822
-1.3406
-1.1715
-0.72887
0.094055
0.62377
1.021
1.1468
1.2128
1.2203
0.9109
1.0004
1.0099
1.1345
1.2887
1.1197
0.83016
-0.19314
-0.70181
-0.83907
-0.80294
-0.91514
-0.9174
-0.97416
-1.1199
-1.1575
-1.1636
-1.2484
-1.1433
-1.1802
-0.82885
-0.49866
0.15394
0.66502
0.97337
0.98834
1.029
1.0314
1.0012
1.0975
1.1154
1.0541
1.0546
1.0297
1.1045
1.119
1.2436
1.0288
0.74781
0.62798
0.95437
0.9715
1.322
1.2389
0.54857
-0.25436
-1.005
-1.2007
-1.5578
-1.5069
-1.0102
-0.52137
0.18881
0.54279
0.79408
0.65736
0.76586
0.9791
1.0405
1.0698
1.0485
1.0463
1.0009
1.0325
1.09
1.0948
1.0216
0.99083
1.0578
1.056
1.1574
1.1487
1.1474
1.0341
1.0711
0.97435
0.92206
0.99157
0.9395
1.0708
1.0047
1.02
0.94446
0.9716
0.90377
1.0609
1.0008
0.93912
1.031
1.0763
1.107
1.0804
1.002
1.0563
1.0059
1.0978
0.91919
0.91588
0.91643
1.1915
1.0452
1.056
1.0757
1.0922
0.88411
0.88693
1.2017
1.2792
1.3962
1.1205
0
-0.724
-2.3153
-0.88656
-0.23309
0.4687
0.90417
0.7444
0.86409
0.8438
0.87558
0.85049
0.84905
1.0099
1.0531
1.0637
1.0613
1.0782
1.0262
1.0326
1.0722
1.092
1.0509
1.0467
1.1103
0.97228
0.89077
0.82888
0.96805
0.95373
0.9869
1.0833
1.0974
1.2886
1.4513
1.1727
0.18917
-0.52284
-1.852
-1.9171
-0.88528
-0.2802
0.31376
1.1025
1.6652
1.7221
1.2117
0
-0.17052
-1.0145
-0.81737
-0.97041
-1.0054
-1.534
-1.558
-0.88634
0
0.62712
1.3104
1.0809
0.96506
0.87842
1.251
1.0928
1.3518
1.2238
1.2942
0.25916
-0.10518
-0.37118
-0.68146
-0.85908
-1.029
-1.2313
-1.2799
-1.3601
-1.1867
-0.81757
-0.32319
0.86445
1.3275
1.1783
0.82228
0.75068
0.83174
0.80909
1.0009
1.0584
1.0495
1.0127
0.99464
0.98455
1.0398
1.1847
1.456
1.138
1.0835
0.5858
-0.64313
-0.5451
-0.86928
-1.1283
-1.7124
-0.99362
-0.095345
0.37978
0.50103
0.76665
0.90752
1.0029
1.1091
1.0891
1.0342
0.99942
1.0682
1.0416
1.1339
1.1875
1.1858
1.0014
0.75902
0.78213
0.9134
1.0667
1.3259
1.3461
1.2175
0.98098
0.98352
0.3049
0.10755
-0.13155
-0.43626
-0.95592
-1.2188
-1.1754
-1.2408
-1.2065
-1.0858
-0.95358
-1.054
-1.18
-1.0508
-0.89435
-0.28422
0.62509
1.0191
1.1445
1.111
1.0414
0.86061
0.90878
1.1293
1.3011
1.184
1.3699
0.89669
0.91954
0.35025
0.85825
1.3262
0.94381
1.0437
-0.12892
-0.50048
-1.1842
-1.3704
-1.3774
-1.4028
-0.32159
0.35883
0.78001
0.85844
0.88154
0.8381
0.79952
0.87455
0.97049
0.97708
1.0092
1.0714
1.053
1.0249
1.0141
1.0371
1.0763
1.0374
1.0748
0.99769
1.0104
1.0089
1.1037
1.091
1.1138
1.1696
1.0609
0.95523
0.86682
0.92973
0.9968
0.88951
0.86222
0.74458
0.82029
0.91718
0.87891
0.83883
0.90766
0.9911
1.0443
1.0668
1.0921
1.1046
1.0279
1.0996
1.0919
1.0368
1.0086
1.0634
1.0872
0.92149
0.90562
0.77204
0.89358
1.0174
1.4628
1.6383
1.0501
0.33729
-0.088289
-1.0854
-1.1713
-1.5453
-1.4874
-0.74723
-0.071264
0.68756
0.9902
0.86271
0.88976
0.8894
0.88461
0.98786
0.97634
1.0131
1.0042
1.0627
1.0814
1.04
1.0468
0.98137
0.99237
0.97976
1.0449
1.0233
1.0315
1.1415
1.1152
1.117
1.0756
1.1375
0.98792
0.984
0.67116
0.57095
0.5384
0.69526
0.92652
0.96157
0.94964
0.96911
1.0358
0.99242
0.99319
1.0125
0.99157
1.01
0.99464
1.0362
1.011
1.0331
1.0659
1.0444
1.1163
1.1158
1.0549
0.90825
0.91167
0.942
1.0681
1.1261
1.1215
0.97867
0.71104
0.89611
0.96004
1.1074
1.1097
1.1063
1.0336
0.83415
1.0659
1.0933
1.1855
1.0019
0.91791
0.78428
0.92846
1.114
1.1294
1.165
1.1136
1.2086
1.1101
1.0295
0.92067
0.888
0.82554
1.1038
1.545
1.1243
0.7873
0.060479
-0.54945
-1.1559
-1.3395
-1.2688
-1.2048
-1.0946
-1.0023
-1.0879
-1.0783
-0.65999
0
0.30073
0.65054
0.83141
1.0132
0.96501
1.0049
1.0533
0.98787
1.0226
0.98064
1.0102
0.99156
1.0589
1.0908
1.0324
0.94059
1.0006
1.0204
1.1224
1.1435
1.0735
0.97731
0.94212
1.0476
1.0891
1.0154
1.1998
1.0333
0.83704
0.75072
0.92267
0.86543
0.96869
0.97868
1.089
1.0836
1.0032
1.1641
0.96769
0.84717
0.8982
0.95856
1.0158
0.93225
1.1144
0.98265
1.0629
1.3243
1.407
1.2461
0.7747
0.29657
-0.17154
-0.49071
-0.50011
-0.77361
-1.074
-1.0584
-1.1779
-1.3277
-1.2187
-1.2229
-1.0018
-0.80299
-0.27983
0.97322
-0.23937
-0.13941
0.60218
0.70858
0.93656
1.2775
1.3642
1.2213
1.1158
1.0521
1.0634
0.68373
0.35486
-0.10138
-1.0807
-1.6748
-1.2135
-0.70636
-0.57357
-0.68168
-0.98139
-1.1679
-1.0752
-0.95388
-0.92555
-1.0032
-1.0319
-1.1586
-1.1061
-1.1337
-1.0636
-1.2763
-0.94124
-0.25754
0.53919
0.89973
1.0283
1.1156
1.0577
1.0643
0.96289
1.0661
1.0236
1.0451
1.1323
0.97969
1.0369
1.0051
1.1557
1.0268
0.95177
0.91553
1.0098
0.96851
1.0513
1.1441
1.219
1.3191
1.0699
0.97131
0.42025
0.79933
0.3552
-0.72399
-1.6115
-1.2921
-1.0371
-0.18665
0.55875
1.1688
0.95151
0.99524
0.92431
0.8524
0.91507
1.035
1.1054
1.1001
1.1802
1.165
1.1501
1.2603
1.3047
0.69107
0
-0.98315
-0.51003
0.34212
0.46437
1.7944
1.4058
0.45801
-0.11883
-0.89907
-1.1704
-1.2897
-1.1655
-1.2498
-1.2536
-1.0673
-0.60876
0
0.5838
1.1153
1.07
1.0378
1.029
0.9774
0.88399
1.0012
1.0395
1.0213
0.92275
1.017
0.9886
0.98467
1.0857
0.97718
1.1006
1.0497
1.1503
1.2039
0.95921
1.1808
1.1798
1.045
0.85501
1.0766
-0.30554
-0.86465
1.7448
1.2771
0
-0.16423
0.56539
0.9673
0.96709
0.91933
0.83161
0.85665
0.85856
1.021
1.1174
1.0496
1.0359
0.97221
0.92037
0.98826
1.0179
1.0637
1.0441
1.1968
1.1843
1.0463
0.85673
0.80977
0.88184
1.0378
1.2572
1.3093
1.0471
1.0001
0.96676
1.0581
1.4264
1.0089
0.46569
0.51421
0.59608
0.66841
0.50685
0.7443
0.81256
1.093
0.89819
0.93224
1.058
0.99021
1.0295
1.0151
1.009
0.93317
0.9928
1.1511
1.1262
1.0338
0.96526
0.9462
1.0049
1.2722
1.4229
1.3052
0.87174
0.28039
-0.21068
-1.3646
-0.52284
-0.89037
-1.1872
-1.5298
-0.98755
-0.83876
-1.265
-1.1568
-0.15185
0.3711
1.1039
1.2913
1.2519
0.86879
0.89678
0.64067
0.76959
0.92408
1.4684
1.4159
1.0527
0.73391
0.77066
1.1301
0.89824
1.3846
0.93575
0.83494
0.82677
1.4058
1.3536
0.99101
0.38218
-0.82798
-0.70762
-0.69751
-0.88126
-1.7167
-1.4431
-1.0092
0.13106
0.72947
1.1978
1.1349
0.93432
0.85824
0.97063
0.80023
0.95584
1.1377
1.1872
1.2031
1.197
1.1396
0.8464
0.59905
0.77658
1.076
1.1063
1.3588
1.3401
0.98776
0.36803
-0.49917
-0.75823
-1.0528
-0.95955
-0.83288
-0.93421
-1.0805
-1.2181
-1.2629
-1.4456
-0.94821
-0.39735
0.16774
1.0357
1.1257
1.1474
0.97875
0.88533
0.98529
1.0798
1.0847
1.0671
0.92498
0.93006
1.1166
1.1775
1.2319
1.2143
1.2631
0.89595
0.32863
0.5479
-0.16511
-0.57979
-1.0582
-1.2309
-1.4824
-1.5069
-0.9505
-0.31392
0.30885
0.77419
0.90537
1.0097
1.017
1.133
1.1735
1.0273
0.99798
0.94798
0.8624
0.97114
1.1072
1.1072
1.0102
1.0308
1.0469
0.90522
0.89649
0.92751
1.0642
1.1776
1.2067
1.2799
1.1662
1.0238
1.0392
0.44307
-0.14888
0.14203
0.45608
2.3428
