-0.98335
-1.2521
-1.3481
-1.4468
-1.2084
-1.1528
-0.82091
-0.79504
-0.68693
-0.5748
-0.29189
0
-0.042948
0.17421
-0.088287
-0.13415
-0.13581
-0.18322
-0.18527
-0.046808
-0.23637
-0.47715
-0.67382
-0.72778
-0.87983
-0.98425
-0.64373
-0.74691
-0.75063
-0.60313
-0.35317
0.10123
0.71053
0.86464
1.0698
1.2241
1.8373
2.6033
2.7558
2.6519
2.2415
1.984
1.6757
1.6214
1.2636
1.0585
0.9548
0.70122
0.14973
-0.19889
-0.1981
-0.34523
-0.49103
-0.63546
-0.14596
0.096837
0.33725
0.23967
0.14305
-0.332
-0.51888
-0.60981
-0.60635
-0.27823
0.046098
0.13746
-0.22769
-0.54304
-0.98918
-1.34
-1.5973
-1.6744
-2.0127
-2.476
-2.3283
-2.1822
-1.9104
-1.4318
-0.87701
-0.53827
-0.41041
-0.44736
-0.60434
-0.83792
-1.1061
-1.3294
-1.7409
-1.7603
-1.5514
-1.2343
-1.0349
-0.83979
-0.7572
-0.88991
-0.73774
-1.0398
-1.2307
-1.3821
-1.4289
-1.2444
-1.0003
-0.69928
-0.25044
0.15413
0.1214
0.17927
0.14705
0.028947
0.02849
0
-0.22078
-0.32595
-0.40105
-0.21056
0.025913
0.40826
0.75392
1.1388
1.2197
0.98577
0.33187
-0.53771
-1.2686
-1.6391
-1.6634
-1.3101
-0.81192
-0.19527
0.21463
0.21242
0.4838
0.54187
0.35123
0.040987
-0.46781
-0.94934
-1.5655
-1.9956
-2.3429
-2.4708
-2.5794
-2.5907
-2.5449
-2.5009
-2.3415
-2.184
-1.9889
-1.834
-1.6409
-1.4677
-1.3144
-1.161
-0.90846
-0.7338
-0.51811
-0.44075
-0.4635
-0.62872
-0.73518
-0.69948
-0.53911
-0.50178
-0.46399
-0.59594
-0.81647
-0.88962
-0.85483
-0.86378
-0.82827
-0.83733
-0.70936
-0.53224
-0.21064
-0.023674
0.11974
0.36335
0.46555
0.7187
0.80205
1.0138
1.2812
1.3986
1.5442
1.56
1.522
1.3478
1.2241
1.0427
0.85757
0.89206
1.0108
0.84791
0.71087
0.34308
0.4022
0.40389
0.57904
0.75493
0.90211
0.99094
0.93345
1.0211
0.8165
0.7864
0.66865
0.69595
0.83825
1.0654
1.2613
1.3404
1.3045
1.5218
1.7633
1.9727
2.1778
2.023
1.8156
1.5573
1.4094
1.3165
1.0684
0.90245
0.58663
0.37835
0.14964
0.049309
-0.12185
-0.3131
-0.35702
-0.49393
-0.69727
-0.91871
-0.95329
-0.96455
-0.70947
-0.5479
-0.34667
-0.27852
-0.29665
-0.50305
-0.74662
-0.98524
-1.1989
-1.5092
-1.6345
-1.679
-1.6839
-1.5339
-1.3868
-1.0513
-0.797
-0.64081
-0.52436
-0.48402
-0.59244
-0.75524
-0.86181
-0.82175
-0.92794
-0.88874
-1.0311
-1.1011
-1.0271
-0.89996
-0.89936
-0.86325
-1.0794
-1.2604
-1.4425
-1.5535
-1.5572
-1.5072
-1.6034
-1.6279
-1.7085
-1.4953
-1.1692
-0.83997
-0.56348
-0.26472
-0.095219
0.076752
0.34814
0.37056
0.47218
0.45664
0.5211
0.95123
1.2062
1.446
1.5449
1.7939
1.7926
1.7913
1.7464
1.7004
1.7203
1.8085
1.8299
1.7128
1.6862
1.7061
1.822
1.6977
1.4964
1.4141
1.1539
0.9382
0.74314
0.36246
0.23534
-0.1056
-0.15988
-0.026883
-0.054222
0.13665
0.082611
0.0832
-0.055836
-0.05618
0.084747
0.25555
0.57053
0.74475
0.80494
0.80745
0.49151
0.40562
0.08706
-0.11621
-0.23257
-0.17447
0
0.14526
0.43532
0.66652
0.92565
1.1546
1.4972
1.895
2.2327
2.3109
2.1322
1.9542
1.7491
1.489
1.2589
1.0306
0.77643
0.44167
0.30225
-0.0547
-0.38112
-0.81289
-1.0519
-1.2886
-1.4698
-1.676
-2.0393
-2.2413
-2.5206
-2.6669
-2.5518
-2.3342
-1.8085
-1.5444
-1.4619
-1.4824
-1.5029
-1.3458
-1.1645
-0.88344
-0.85583
-0.50211
-0.1753
0.04997
-0.02493
-0.074639
0
-0.074367
0.098996
0.1977
0.14808
0.24651
0.073877
-0.073812
-0.36878
-0.51599
-0.614
-0.44195
-0.17185
0.02455
0.22098
0.049123
-0.29488
-0.51638
-0.83674
-1.0593
-0.98652
-0.71619
-0.39574
-0.22298
-0.22341
-0.49749
-0.67314
-0.94973
-1.0776
-1.4827
-1.8654
-2.0485
-2.3348
-2.6999
-2.966
-3.0807
-2.8875
-2.5378
-2.1332
-1.7774
-1.4447
-1.2409
-1.1147
-0.8005
-0.56344
-0.16189
-0.027136
0.08188
0.082361
0.027616
0.33337
0.53098
0.98395
1.0181
1.1947
1.2875
1.2949
1.1285
1.2801
1.4916
1.4992
1.5361
1.3058
1.1625
0.80812
0.54079
0.42208
0.2117
0.24261
0.21279
0.030458
0
0.1527
0.18337
0.24455
0.33618
0.42757
0.6406
0.94411
1.3068
1.6066
1.5412
1.325
0.95986
0.59728
0.26748
0.17739
-0.26458
-0.52599
-0.81301
-1.0095
-1.1742
-1.5069
-1.693
-2.1278
-2.333
-2.314
-2.0216
-1.5712
-0.9938
-0.55924
-0.079207
0.18324
0.38932
0.48898
0.33178
0.075939
-0.2511
-0.42354
-0.56868
-0.80995
-1.0236
-1.3314
-1.5634
-1.6974
-1.6402
-1.537
-1.3649
-1.3589
-1.2836
-1.0699
-0.90448
-0.71724
-0.76211
-0.87646
-0.87584
-0.99096
-1.1298
-1.1079
-0.97102
-1.1123
-1.0226
-1.0729
-0.93682
-0.82367
-0.66253
-0.59515
-0.40742
-0.19314
-0.31636
-0.4418
-0.76788
-0.90048
-1.1373
-1.4053
-1.5248
-1.6739
-1.7479
-1.7707
-1.6587
-1.6542
-1.6779
-1.7025
-1.7857
-1.7837
-1.8411
-1.5986
-1.4095
-1.0273
-0.63261
-0.57846
-0.75093
-0.92864
-0.87578
-0.78665
-0.79849
-0.77499
-0.8932
-1.0141
-1.1742
-1.3375
-1.2029
-1.0642
-0.4991
-0.038749
0.15629
-0.078716
-0.23763
-0.4777
-0.55955
-0.6012
-0.64228
-0.68263
-0.48137
-0.24013
-0.079753
0.19839
0.86738
1.2128
1.6284
1.7266
1.8203
1.5347
1.5129
1.0536
0.85746
0.80715
0.61979
0.67497
0.39655
0.45258
0.31597
0.27772
0.090347
-0.26434
-0.31493
-0.58575
-0.59759
-0.50244
-0.54048
-0.67621
-0.77978
-0.97206
-1.0611
-1.2122
-1.2016
-1.1484
-1.1183
-1.1297
-1.0812
-1.0925
-1.0469
-0.83929
-0.80177
-0.74861
-0.69792
-0.78279
-0.8806
-0.94274
-1.0654
-1.1686
-1.2836
-1.2616
-1.2849
-1.2793
-1.1756
-1.0616
-0.9789
-0.96704
-0.91575
-0.90622
-0.83159
-0.86364
-0.88289
-1.0186
-1.1278
-1.2623
-1.3331
-1.4551
-1.4641
-1.4365
-1.4858
-1.5365
-1.6011
-1.5916
-1.4948
-1.3859
-1.3285
-1.2459
-1.1246
-1.0156
-0.97139
-0.98019
-0.94981
-0.89248
-0.79349
-0.6788
-0.5335
-0.44146
-0.28913
-0.17626
0
0.16721
0.43351
0.64705
0.85325
1.1669
1.5616
1.8025
1.9143
1.744
1.7312
1.4913
1.4325
1.3308
1.1826
1.0888
1.0325
1.039
1.0907
1.168
1.1529
1.1855
1.2444
1.3578
1.2884
0.99313
0.56687
0.17466
-0.29882
-0.7358
-1.1945
-1.224
-1.418
-1.4843
-1.3446
-1.1265
-1.0413
-0.80482
-0.81904
-0.52978
-0.49941
-0.3116
-0.039438
0.31903
0.56377
0.85276
0.49069
0.28783
0.12387
-0.33123
-0.33169
-0.62193
-0.70392
-1.0737
-1.3164
-1.2687
-1.342
-1.2512
-1.1205
-0.95118
-1.0588
-0.81403
-0.76571
-0.94459
-0.89427
-1.1751
-1.1936
-1.3531
-1.5066
-1.6198
-1.7284
-1.5659
-1.3427
-1.0622
-0.8225
-0.71512
-0.3973
-0.12018
-0.17726
-0.26151
-0.40022
-0.33763
-0.36014
-0.49121
-0.43031
-0.3978
-0.34014
-0.38745
-0.53582
-0.70619
-0.7983
-0.96303
-0.90499
-0.94557
-0.86585
-1.0028
-1.0675
-1.2265
-1.4317
-1.5193
-1.5841
-1.5336
-1.67
-1.8075
-1.8998
-1.8778
-1.6482
-1.3958
-1.2132
-1.124
-1.0113
-1.111
-1.2601
-1.388
-1.5184
-1.6516
-1.837
-1.7546
-1.8463
-1.8649
-1.8337
-1.6737
-1.3804
-1.1596
-0.8537
-0.54027
-0.38305
-0.13859
0.084257
0.14231
0
0.029237
-0.088898
0.090097
0.091302
0.18502
0.21866
0.37962
0.41637
0.45381
0.55748
0.59689
0.56975
0.54168
0.54685
0.5862
0.83439
1.296
1.7632
2.0931
2.0683
1.7549
1.5813
1.2251
1.0107
0.83089
0.72245
0.32478
-0.072034
-0.2514
-0.50092
-0.49859
-0.38958
-0.49265
-0.62879
-0.69298
-0.89283
-1.2922
-1.5479
-1.7967
-1.7753
-1.5582
-1.1212
-0.75818
-0.40479
-0.39877
0.12082
0.41618
0.64343
0.77662
0.90495
1.1952
1.3657
1.5565
1.6608
1.5796
1.4497
1.5237
1.521
1.4939
1.3963
1.2089
0.95934
0.76313
0.66179
0.52046
0.53308
0.4614
0.43332
0.24369
-0.039984
-0.25596
-0.52373
-0.68823
-0.84822
-1.0598
-1.2293
-1.3222
-1.2701
-1.2197
-1.1009
-0.98514
-0.97481
-1.0328
-1.1403
-1.1799
-1.3016
-1.4382
-1.4922
-1.4655
-1.3439
-1.1609
-0.98047
-0.83391
-0.68915
-0.57717
-0.46632
-0.41841
-0.4328
-0.52447
-0.64686
-0.80002
-0.75343
-0.69186
-0.69213
-0.64655
-0.55492
-0.57137
-0.61909
-0.72941
-0.82512
-0.92184
-1.0981
-1.3079
-1.5359
-1.7988
-1.9371
-2.0616
-2.0749
-2.0564
-2.0218
-1.9376
-1.7525
-1.5649
-1.4594
-1.4379
-1.4336
-1.4469
-1.3726
-1.3149
-1.1844
-0.97885
-0.78747
-0.35158
-0.018699
0.22679
0.36294
0.50202
0.56603
0.63139
0.71805
0.90733
0.91717
0.70045
0.52056
0.35774
0.31897
0.32228
0.15194
-0.10962
-0.59781
-0.73775
-0.78989
-0.70611
-0.73548
-1.1825
-1.7305
-2.1457
-2.1867
-1.9402
-1.6651
-1.3126
-1.1748
-0.91166
-0.81831
-0.79839
-0.72779
-0.65618
-0.78657
-0.6886
-0.48695
-0.28324
0.05173
0.38964
0.626
0.83796
0.89372
0.92339
0.95316
1.0893
1.2529
1.3908
1.5027
1.5076
1.3234
1.0567
0.78833
0.70912
0.7115
0.85125
0.88181
0.96798
1.0827
1.1147
1.1752
1.2363
1.27
1.4458
1.5381
1.8033
1.9852
2.0826
1.9487
1.726
1.2949
1.0068
0.59604
0.24
0.18123
0
0.030639
0.15433
0.21771
0.28208
0.18954
-0.19107
-0.48157
-0.71214
-1.0118
-1.0532
-1.0953
-0.83678
-0.81007
-0.68071
-0.755
-1.1072
-1.4998
-1.8632
-1.913
-1.6418
-1.0785
-0.43441
-0.036441
0.47671
0.88529
1.2981
1.4165
1.3482
1.3913
1.3963
1.3248
1.5178
1.4066
1.5606
1.3712
1.1808
1.0278
0.79836
0.75886
0.64335
0.30177
0.037573
-0.33661
-0.85573
-1.4055
-1.323
-1.1312
-0.83287
-0.53874
-0.53406
-0.42332
-0.48911
-0.65712
-0.85559
-1.2526
-1.3056
-1.1915
-1.145
-1.0345
-0.8305
-0.85209
-0.81064
-0.49284
-0.33476
0.06014
0.11886
0.2056
0.17422
0.31586
0.17043
0.33729
0.13913
0.027557
-0.027305
-0.21654
-0.45641
-0.85263
-0.79376
-0.97275
-1.124
-1.3525
-1.5279
-1.6255
-1.7238
-1.9511
-2.2818
-2.4854
-2.6653
-2.6167
-2.493
-2.1646
-1.7584
-1.4023
-1.0963
-0.94524
-0.84588
-0.85228
-0.96683
-1.1654
-1.3412
-1.3555
-1.2871
-1.2744
-1.0326
-0.87218
-0.82557
-1.0472
-0.94178
-0.70985
-0.37643
0.095694
0.51918
0.69345
1.0757
1.2664
1.708
1.8463
1.6638
1.2896
0.82576
0.3441
0.077878
-0.079299
0.080725
0.041075
-0.041783
-0.21243
-0.5613
-0.57012
-0.57871
-0.6322
-0.36619
-0.69545
-0.75076
-0.75915
-0.91075
-0.77409
-0.48785
0
0
-0.099427
-0.34946
-0.30047
-0.15054
0.15068
0.35155
0.60192
0.9008
1.0474
1.0428
1.1359
1.2267
1.3636
1.3522
1.0525
1.3259
1.9199
2.2672
2.2384
1.9379
1.3773
1.0067
0.94813
1.145
1.2929
1.394
1.41
1.5828
1.6318
1.678
1.6093
1.3587
1.1888
0.95408
1.0398
1.0879
1.1005
1.2431
1.1554
1.1967
1.1126
0.81916
0.47665
0.14631
0
0.1413
0.30568
0.62875
0.80715
0.60934
0.36541
0.077183
0
-0.10016
0.024727
0.073294
0.024155
-0.31067
-0.30758
-0.586
-0.51125
-0.53028
-0.48071
-0.56861
-0.79155
-1.1478
-1.412
-1.586
-1.5597
-1.5347
-1.5777
-1.5998
-1.6453
-1.6923
-1.6516
-1.5448
-1.2812
-1.197
-1.0447
-0.93709
-0.96685
-0.99776
-1.0065
-1.2051
-1.313
-1.2791
-1.2697
-1.3101
-1.3022
-1.2692
-1.2358
-1.3587
-1.4061
-1.5361
-1.5611
-1.6427
-1.5856
-1.3537
-1.2015
-1.0735
-1.1834
-1.4205
-1.6025
-1.7902
-1.8535
-1.7194
-1.4453
-1.2635
-1.2137
-1.0557
-0.89214
-0.39776
-0.4027
-0.29622
-0.2619
-0.11329
0.30457
0.61336
0.84814
0.96796
0.85432
0.93342
0.62235
0.31075
0.19367
-0.19283
-0.23005
-0.26644
-0.26411
-0.44815
-0.70135
-1.0566
-1.0774
-1.0253
-0.7648
-0.54626
-0.033493
0.065647
0.32137
0.31438
0.67605
0.81046
0.93772
0.97216
1.0597
1.1964
1.0868
1.0334
1.0072
0.90803
0.71767
0.39649
0.15922
-0.15533
0.021656
0.063434
0.18591
0.26249
0.27649
0.27062
0.15146
0.018558
-0.054612
-0.32169
-0.61459
-0.93248
-1.3257
-1.7413
-2.1131
-2.4112
-2.6553
-2.848
-3.0072
-3.041
-2.922
-2.6694
-2.3617
-2.181
-2.1549
-2.0559
-1.9294
-1.6858
-1.3851
-1.1459
-0.9077
-0.75943
-0.61142
-0.43341
-0.32975
-0.18051
-0.045319
0.27323
0.76313
1.1362
1.2364
1.1207
0.8625
0.58484
0.31877
-0.016077
-0.24332
-0.39292
-0.61149
-0.63407
-0.64027
-0.62957
-0.63581
-0.71151
-0.73603
-0.83167
-0.83964
-0.90162
-0.90988
-0.97303
-1.0184
-1.1387
-1.1852
-1.2508
-1.393
-1.5556
-1.642
-1.5925
-1.2879
-1.0386
-0.76701
-0.35507
-0.079094
0.13866
0.45615
0.63502
0.69455
0.83297
0.91125
0.85038
0.84849
0.8265
0.82386
0.66451
0.50609
0.25192
-0.23143
-0.61402
-0.93517
-1.2336
-1.4717
-1.6505
-1.7709
-1.7971
-1.8412
-1.7931
-1.7639
-1.6628
-1.527
-1.3038
-1.0478
-0.60049
-0.19326
0.15735
0.50465
0.81438
1.0183
1.1351
1.2001
1.2482
1.2626
1.2774
1.2079
1.2581
1.2239
1.2245
1.2258
1.1596
1.2135
1.2855
1.3073
1.33
1.2497
1.2216
1.2116
1.3614
1.5677
1.5986
1.4317
1.0796
0.62858
0.33646
0.09456
0
0.13579
0.21633
0.43892
0.62783
0.74058
0.7527
0.68041
0.56252
0.44053
0.33654
0.022864
-0.39627
-0.90343
-1.4554
-1.8815
-2.0219
-1.858
-1.5549
-1.292
-1.0722
-0.78621
-0.80292
-0.76128
-0.74725
-0.91509
-1.2758
-1.8085
-2.1987
-2.4369
-2.4801
-2.2496
-1.9048
-1.4767
-0.89144
0
0.32901
0.40646
0.70875
0.90262
1.0982
1.2565
1.1469
0.84327
0.26862
-0.3069
-0.72757
-1.0687
-1.1396
-0.86826
-0.89909
-0.66822
-0.5878
-0.25415
0.10751
0.45924
0.62611
0.61582
0.67231
0.59396
0.48545
0.31716
0.21741
0.18239
0.26761
0.40702
0.28417
0.055535
-0.10852
-0.15902
-0.051782
0.22766
0.39548
0.53148
0.54324
0.48511
0.38425
0.30978
0.23841
0.021242
-0.041665
-0.34757
-0.44175
-0.51312
-0.66004
-0.89823
-1.224
-1.6713
-2.1078
-2.5169
-2.8468
-3.1365
-3.23
-3.2897
-3.1613
-2.986
-2.7472
-2.4454
-2.2161
-1.9228
-1.6832
-1.3786
-1.0756
-0.73987
-0.40412
-0.21937
-0.15232
-0.033976
0.017064
0
0
-0.1042
-0.26237
-0.59932
-0.67539
-0.77101
-0.77818
-0.84058
-1.0337
-1.2683
-1.5082
-1.6011
-1.6962
-1.696
-1.5774
-1.3762
-1.1297
-1.0406
-1.0112
-1.0225
-1.1182
-1.2369
-1.2499
-1.1756
-0.98926
-0.6213
-0.38057
-0.090294
0.045499
0.25204
0.27676
0.1856
0.13993
0.14056
0.21165
0.094359
0.2601
0.23685
0.3556
0.49794
0.47398
0.47341
0.35439
0.25923
0.023492
0
0.069908
0.30146
0.50742
0.57325
0.63802
0.67904
0.87656
1.1156
1.4171
1.6696
1.9394
2.0964
2.1003
2.1251
2.1703
2.11
2.1128
2.1154
2.179
2.181
2.2231
2.0659
1.9115
1.6423
1.2611
0.92431
0.51613
0.26572
-0.018849
-0.37445
-0.57663
-0.77632
-0.71648
-0.94967
-1.1985
-1.4808
-1.7064
-1.6618
-1.5113
-1.2562
-0.91566
-0.5784
-0.36641
-0.2953
-0.24213
-0.22386
-0.20576
-0.2561
-0.44203
-0.66022
-0.99452
-1.2588
-1.4371
-1.4972
-1.6229
-1.6484
-1.657
-1.6489
-1.6245
-1.4384
-1.2379
-1.0233
-0.85864
-0.74305
-0.59723
-0.37492
-0.093149
0.061705
0.12261
0.13701
0.030241
-0.045048
-0.11928
-0.20725
-0.27923
-0.42306
-0.57921
-0.74735
-0.95571
-1.1326
-1.1802
-1.3387
-1.4394
-1.4836
-1.4318
-1.3943
-1.3977
-1.468
-1.6301
-1.6982
-1.674
-1.5724
-1.4595
-1.3354
-1.1492
-0.97801
-0.88467
-0.86796
-0.93936
-1.023
-1.1685
-1.2391
-1.2604
-1.2081
-1.0581
-0.92145
-0.87145
-0.77287
-0.74833
-0.68734
-0.70034
-0.6399
-0.53026
-0.32148
-0.12405
-0.012452
-0.21261
-0.17596
0.1643
0.83932
1.4212
1.7929
2.0804
2.2165
2.2503
2.2059
2.0401
1.94
1.7833
1.6796
1.5456
1.4662
1.429
1.406
1.4129
1.4663
1.5996
1.7064
1.6887
1.5397
1.2352
0.83382
0.50334
0.21254
0.036162
-0.16619
-0.075464
-0.23137
-0.31538
-0.34266
-0.45356
-0.37964
-0.28054
-0.17666
-0.31638
-0.30065
-0.44969
-0.53284
-0.66912
-0.96344
-1.2448
-1.6178
-1.9793
-2.2169
-2.3499
-2.0818
-1.5054
-0.84336
-0.52229
-0.37588
-0.22345
-0.09754
-0.0662
-0.03368
-0.10276
0
0.28296
0.71829
1.1663
1.331
1.162
1.0256
0.80793
0.77901
1.0249
1.0766
1.2096
1.182
1.112
0.99852
0.67229
0.59394
0.12848
-0.43223
-0.78511
-1.3203
-1.4208
-1.5677
-1.5363
-1.3674
-1.3794
-1.2059
-1.0294
-0.61368
-0.38103
0.04806
0.048499
0.63632
0.8399
1.0972
1.3595
1.4236
1.9509
2.2814
2.6707
2.4331
2.4043
1.889
1.6356
1.542
0.89001
0.22472
-0.17021
-0.34372
-0.17349
0.1751
0.53003
1.2475
1.737
1.9317
1.7636
1.1634
0.92428
0.92956
0.99653
1.0008
0.8161
0.75542
0.44152
0.31571
0.44205
0.5679
0.12597
-0.06281
-0.81339
-0.99618
-0.99022
-0.79887
-0.30475
0.12077
0.59759
1.0043
0.29166
-0.17262
-0.68034
-1.0603
-1.4267
-1.3477
-1.2168
-0.93379
-0.76237
-0.6468
-0.73004
-1.1418
-1.3014
-1.1798
-1.417
-1.2526
-0.84232
-0.49264
-0.16003
-0.23389
-0.11393
0.036999
0.21628
0.38633
0.44493
0.13344
-0.097573
-0.47581
-0.80466
-0.84582
-0.97348
-1.0088
-1.0707
-1.0749
-1.0251
-1.1361
-1.2171
-1.3207
-1.4458
-1.4936
-1.5403
-1.5863
-1.5617
-1.3779
-1.2681
-1.2514
-1.28
-1.4396
-1.5966
-1.7727
-1.7984
-1.8879
-1.8106
-1.7151
-1.4987
-1.3269
-1.1983
-1.1324
-1.108
-1.1447
-1.1819
-1.0597
-0.99829
-0.81789
-0.63812
-0.59831
-0.63855
-0.73905
-0.84007
-0.96174
-1.024
-1.0062
-0.94836
-0.91061
-0.95401
-1.0793
-1.369
-1.6404
-1.7698
-1.735
-1.4719
-1.0196
-0.71004
-0.29343
0.021033
0.21106
0.12706
0.12746
0.042615
-0.23505
-0.6642
-0.94507
-1.2486
-1.3375
-1.3399
-1.2771
-1.1922
-1.1068
-0.93406
-0.63041
-0.522
-0.36987
-0.21761
-0.15232
0.06527
0.174
0.15219
0.15211
0.086866
0.13021
0.065061
0
-0.086628
-0.17314
-0.36771
-0.6702
-0.90768
-1.3828
-1.8796
-2.3336
-2.637
-2.8331
-2.8139
-2.6437
-2.4739
-2.2391
-2.0696
-1.9437
-1.7741
-1.6041
-1.3895
-1.196
-1.0902
-1.0063
-0.96688
-1.0632
-1.0473
-1.1693
-0.99331
-0.90813
-0.72801
-0.61611
-0.59807
-0.70073
-0.8058
-0.86407
-0.79912
-0.53071
-0.33263
-0.31101
-0.31516
-0.23962
-0.081004
-0.027394
0.027801
-0.14112
-0.37259
-0.87339
-1.124
-1.2925
-1.3443
-1.3044
-1.4208
-1.5408
-1.534
-1.5265
-1.5857
-1.6807
-1.6038
-1.5591
-1.4402
-1.1339
-0.89159
-0.56577
-0.61252
-0.3884
-0.63024
-0.71873
-0.97098
-1.2701
-1.7832
-1.8878
-1.7814
-1.2
-0.8655
-0.21836
-0.22021
-0.044387
-0.13411
0.13498
-0.045255
-0.45486
-0.27412
-0.50444
-0.045999
0.23055
0.69287
1.1098
1.2492
1.5728
1.7104
1.7544
1.7512
1.1034
0.64179
0.22844
0.40963
0.54385
0.72177
0.44884
0.3125
0.13316
0.044121
-0.13153
-0.21779
-0.64898
-0.85932
-1.0239
-0.42352
0.37837
0.91801
1.1182
1.1919
1.1421
1.2953
1.3657
1.475
1.8199
2.0026
2.3774
2.5147
2.65
2.7073
2.4231
1.9551
1.4937
0.96438
0.81065
0.54915
0.50931
0.47001
0.43124
0.35725
0.071037
-0.14127
-0.35124
-0.73362
-0.93825
-0.76056
-0.65353
-0.1369
0.13624
0.20338
0.23617
0.13433
-0.20058
-0.26624
-0.33132
-0.36285
-0.32842
-0.42509
-0.45581
-0.58352
-0.64556
-0.80347
-0.8
-0.92398
-0.9834
-1.0738
-1.0377
-1.2209
-1.3401
-1.365
-1.3279
-1.3218
-1.4686
-1.7054
-1.8185
-1.9305
-1.8311
-1.7326
-1.6944
-1.6564
-1.4716
-1.4936
-1.3987
-1.4496
-1.3847
-1.2629
-1.1995
-0.90933
-0.87655
-0.70341
-0.58798
-0.3901
-0.30505
-0.30362
-0.32969
-0.57436
-0.76244
-0.73205
-0.702
-0.5916
-0.56251
-0.5604
-0.63817
-0.66249
-0.68677
-0.71101
-0.70899
-0.70712
-0.54864
-0.39102
-0.23415
-0.18179
-0.18152
-0.33667
-0.69851
-0.74966
-1.0593
-1.4464
-1.7563
-1.9892
-2.2227
-2.483
-2.6408
-2.67
-2.3884
-1.8724
-1.3289
-1.0446
-0.7068
-0.5512
-0.50014
-0.60731
-0.58283
-0.66462
-0.69375
-0.75001
-0.75303
-0.78319
-0.92221
-1.1715
-1.259
-1.4024
-1.3539
-1.2217
-1.0882
-0.81326
-0.56371
-0.33995
0
0.085858
0.37395
0.66496
0.95889
1.4309
1.5554
1.5334
1.2148
0.92283
0.56819
0.2403
0.362
0.21205
0.27373
0.27479
0.06129
-0.24602
-0.61712
-1.0834
-1.397
-1.5565
-1.2796
-1.4391
-1.6303
-1.7905
-1.7622
-1.6388
-1.4516
-1.3585
-1.3597
-1.329
-1.2664
-1.2034
-1.1085
-0.95004
-1.1081
-1.0759
-1.1384
-0.97947
-0.88377
-0.75661
-0.31483
-0.094303
0.062763
0.09397
-0.093782
-0.093581
-0.21785
-0.18628
-0.21676
-0.27794
-0.73905
-1.1053
-1.5609
-1.9524
-1.9154
-1.8481
-1.5395
-1.263
-0.95854
-0.895
-1.0992
-1.4199
-1.502
-1.4072
-0.84618
-0.37749
-0.028894
0.057494
0.17158
0.62576
0.99006
1.5189
1.9856
2.3076
2.3214
2.2797
2.1836
2.007
1.7785
1.6062
1.436
1.3206
1.128
1.016
0.67266
0.51382
0.43368
0.075993
-0.050305
-0.099903
-0.1736
-0.29553
-0.36685
-0.36433
-0.43424
-0.50323
-0.42852
-0.28385
-0.14104
0.18691
0.27872
0.43881
0.64317
0.82266
0.97782
1.1091
0.96916
0.96532
0.7829
0.64658
0.48911
0.64315
0.64183
0.50822
0.17656
-0.35288
-0.85994
-1.2571
-1.4567
-1.5028
-1.3726
-1.2426
-1.3352
-1.5853
-1.9053
-2.049
-2.1725
-2.0709
-1.9234
-1.7288
-1.6254
-1.4275
-1.2979
-1.2381
-1.1538
-1.1654
-1.3249
-1.5629
-1.7567
-1.8795
-1.8774
-1.7977
-1.5843
-1.3653
-1.2762
-1.1847
-1.2305
-1.1926
-1.067
-1.1426
-1.0717
-0.75641
-0.39983
-0.25015
-0.031792
0.29095
0.52595
0.56824
0.61178
0.5529
0.42156
0.17854
-0.18144
-0.44244
-0.89883
-0.8747
-0.6949
-0.35258
-0.079475
0.080581
0.16333
0.12409
0.12563
-0.12713
-0.17142
-0.21659
0.26254
0.48591
0.57937
0.58414
0.76967
0.95734
1.1468
1.476
1.5759
1.9083
2.2419
2.6228
2.7222
2.3501
1.9285
1.5053
0.79924
0.37565
0.18748
-0.18701
-0.13982
-0.23217
-0.23117
0.13803
0.41183
0.95518
1.446
2.0192
2.2266
2.297
1.7957
1.2154
0.68796
0.085149
-0.25283
-0.50027
-0.45352
-0.36683
0.040279
0.55707
0.90379
1.0086
0.91884
0.60436
0.40981
0.66124
1.0502
1.4276
1.723
1.6626
1.5691
1.2427
1.1241
0.97617
0.67239
0.25201
0.061973
-0.15238
-0.38959
-0.50092
-0.60833
-0.82578
-1.1195
-1.2378
-1.1353
-1.0359
-0.46978
-0.051287
0.32753
0.66834
1.0701
1.4575
1.6198
1.7299
1.7904
1.8038
1.8163
1.656
1.4585
1.2052
1.0009
0.86366
0.80981
0.69936
0.68798
0.63931
0.66616
0.78323
0.84287
0.84771
0.83504
0.77135
0.65886
0.58293
0.49274
0.40506
0.25581
-0.031564
-0.2961
-0.58496
-0.83662
-0.93226
-0.99624
-0.98554
-0.96078
-0.95122
-0.97069
-0.93354
-0.82725
-0.76478
-0.73119
-0.8764
-1.1423
-1.4861
-1.7994
-1.923
-1.8202
-1.5737
-1.3829
-1.181
-1.1774
-1.1613
-1.1979
-1.3131
-1.3247
-1.3371
-1.3631
-1.351
-1.3136
-1.2638
-1.2406
-1.3228
-1.3011
-1.2933
-1.2066
-1.253
-1.2604
-1.2552
-1.1827
-1.0687
-0.92577
-0.68326
-0.30978
0.056915
0.20143
0.32028
0.33904
0.2091
-0.015144
-0.36877
-0.78004
-1.2047
-1.531
-1.5741
-1.4524
-1.2076
-0.83232
-0.42456
0
0.27671
0.58454
0.86785
1.125
1.4349
1.6978
1.8677
2.0025
2.1439
2.2234
2.1888
2.0548
1.8627
1.6334
1.3378
0.91676
0.60976
0.34188
0.087846
-0.24073
-0.68013
-1.0796
-1.2061
-1.405
-1.5096
-1.4418
-1.4768
-1.0691
-0.94244
-0.61622
-0.74686
-0.64123
-0.57139
-0.41515
-0.25305
0
0.043354
-0.043864
-0.17726
-0.17883
-0.18013
-0.31703
0.090959
0.36478
0.59338
0.59305
0.63731
0.40819
0.2707
0.35851
0.44445
0.088029
-0.043526
-0.47282
-0.84783
-1.2944
-1.2322
-1.4126
-1.5449
-1.6702
-1.7502
-1.9363
-1.8934
-1.9925
-2.0152
-2.0345
-2.0507
-1.8704
-1.5716
-1.317
-0.95483
-0.61038
-0.19818
-0.027577
-0.026865
0
-0.28058
-0.37296
-0.60613
-0.82777
-0.94631
-0.92395
-0.94663
-0.8392
-0.69449
-0.4943
-0.38323
-0.47439
-0.54277
-0.6849
-0.8035
-0.88165
-0.8854
-0.81836
-0.71875
-0.72614
-0.76795
-0.91041
-1.0002
-1.0724
-1.2257
-1.28
-1.238
-1.1338
-1.0636
-0.96358
-0.89673
-0.83116
-0.81365
-0.89069
-1.0777
-1.3752
-1.6118
-1.788
-1.8567
-1.8327
-1.7307
-1.6291
-1.4955
-1.3773
-1.2583
-1.2372
-1.2165
-1.2638
-1.347
-1.2951
-1.2076
-1.0119
-0.95507
-0.78711
-0.65124
-0.66242
-0.67422
-0.7651
-0.91955
-1.1413
-1.3096
-1.1666
-0.97428
-0.66321
-0.56445
-0.66885
-0.89537
-1.0111
-1.2051
-1.4321
-1.514
-1.4411
-1.3641
-1.3373
-1.169
-1.0212
-1.0113
-0.94111
-0.92718
-0.79013
-0.70951
-0.53178
-0.25348
-0.25645
-0.19435
-0.26151
-0.032945
0.36474
0.69984
0.90304
0.87147
1.0062
1.1395
1.3376
1.2993
1.16
0.95483
0.9799
1.262
1.3447
1.3921
1.3115
1.0774
0.8185
0.35788
0.087937
-0.11514
-0.31072
-0.22159
-0.054291
0.15954
0.20827
0.40769
0.54852
0.78056
0.97835
1.1671
1.2332
1.1172
0.9622
0.81351
0.73378
0.67781
0.76504
0.80952
0.96874
0.97023
1.0094
0.88224
0.61493
0.44528
0.087776
-0.15586
-0.27357
-0.37173
-0.46797
-0.64535
-0.91836
-1.1876
-1.567
-1.9269
-2.2209
-2.4668
-2.5231
-2.5343
-2.374
-2.2796
-2.0766
-1.9862
-1.8816
-1.7941
-1.6753
-1.5731
-1.5037
-1.4677
-1.4158
-1.3809
-1.3466
-1.209
-1.0336
-0.67591
-0.43389
-0.36787
-0.31844
-0.32461
-0.019483
0.21887
0.2644
0.39533
0.36214
0.52384
0.7609
0.96436
1.1079
1.1864
1.1942
1.2788
1.394
1.4608
1.5584
1.3169
1.2664
0.93904
0.71643
0.38425
0.16451
-0.10137
-0.3121
-0.39119
-0.29152
-0.037303
0.11444
0.35071
0.59634
0.60762
0.57705
0.67007
0.89224
1.2911
1.7845
2.0214
2.0818
2.0947
2.1936
2.2894
2.0671
1.7513
1.523
1.1153
0.93147
0.66045
0.39275
0.17275
0.12803
0.084231
-0.041507
-0.040858
0.12052
0.31566
0.38717
0.26571
0.074371
0.10921
-0.035617
0.17416
0.23835
0.16638
0
-0.095293
-0.12413
-0.1516
-0.23703
-0.31857
-0.39643
-0.69243
-0.6505
-0.82268
-0.83196
-1.0959
-1.4002
-1.7183
-1.9535
-1.9447
-1.9607
-1.9774
-1.9498
-2.014
-1.9455
-1.9241
-1.9265
-1.9093
-1.8091
-1.7334
-1.6395
-1.5274
-1.3344
-1.1025
-0.76875
-0.43629
-0.020799
-0.020846
0.041835
0.18912
0.40155
0.48944
0.79372
0.93096
1.1813
1.2834
1.5014
1.6357
1.5449
1.5696
1.6204
1.5043
1.5828
1.5392
1.5977
1.7387
1.806
1.5182
1.3297
0.8706
0.68514
0.52017
0.44029
0.67918
0.66552
0.65077
0.74059
0.90803
0.74828
0.73232
0.43677
0.28631
0.33699
0.21686
0.17856
-0.13777
0.094431
0.33959
0.59771
0.45987
0.41895
-0.26809
-0.60319
-0.78422
-0.91438
-1.0481
-1.1849
-1.3844
-1.1602
-1.237
-1.4386
-1.5156
-1.5913
-1.6013
-1.6729
-1.484
-1.4211
-0.90375
0
0.76976
1.0205
1.0764
1.1296
0.62099
0.49086
0.60534
1.1331
0.70408
0.74946
0.11315
0.11091
-0.1629
0.21245
0.57095
0.7602
0.74169
0.91596
0.75158
0.7777
0.89065
1.04
0.96962
0.9431
0.47854
-0.038781
-0.037715
-0.14673
-0.4639
-0.76387
-0.84486
-0.82259
-0.92944
-0.99942
-1.3094
-1.6932
-1.7687
-1.5859
-1.2455
-1.0828
-1.0068
-1.0899
-1.3481
-1.522
-1.6412
-1.6126
-1.6331
-1.4908
-1.3308
-1.1536
-1.0266
-0.96976
-0.87136
-0.81888
-0.8321
-0.74
-0.7549
-0.64527
-0.57904
-0.53464
-0.51161
-0.59112
-0.73151
-0.9934
-1.0122
-1.0723
-1.0927
-1.114
-1.0146
-0.79346
-0.59202
-0.533
-0.57686
-0.72522
-0.85506
-0.92428
-0.9105
-0.833
-0.75461
-0.7187
-0.81453
-0.95748
-1.1494
-1.3923
-1.4803
-1.5948
-1.5228
-1.5699
-1.8151
-1.8941
-2.0013
-1.7776
-1.6511
-1.5202
-1.5746
-1.548
-1.5484
-1.4625
-1.1978
-0.65482
-0.030326
0.55615
0.9443
1.2184
1.1756
1.0973
0.88002
0.75773
0.73573
0.85491
0.7602
0.73535
0.74644
0.56791
0.3838
-0.27215
-0.43287
-0.71639
-0.88479
-0.9339
-1.0649
-1.197
-1.3713
-1.3374
-0.96588
-0.67445
-0.29589
-0.25407
0.084751
0.042365
0.25387
0.29552
0.16833
-0.041908
-0.54207
-0.74611
-0.74107
-0.32687
0.32414
1.0037
1.1132
1.0229
1.0506
0.88463
0.94998
1.0507
1.1112
1.0234
0.6851
0.2845
-0.2104
-0.55319
-0.85213
-1.1425
-1.2257
-1.4697
-1.7068
-1.7785
-1.7229
-1.4217
-1.3421
-1.3852
-1.3977
-1.2928
-1.2197
-1.0625
-1.1649
-1.0124
-0.80774
-0.60723
-0.60209
-0.59736
-0.48522
-0.26779
-0.18634
-0.42368
-0.47447
-0.68268
-0.96844
-1.2533
-1.4597
-1.7187
-1.9007
-1.9538
-1.9302
-1.9602
-1.9656
-1.8411
-1.7961
-1.6193
-1.4685
-1.3169
-1.137
-1.0642
-0.60558
-0.33345
-0.22456
0.25538
0.31575
0.23245
0.14715
0.029828
-0.3025
-0.18417
-0.18699
-0.12663
-0.19305
-0.35987
-0.49919
-0.84666
-0.55162
-0.56174
-0.46491
-0.51012
-0.81689
-1.1732
-1.3887
-1.5728
-1.9639
-2.1652
-2.2066
-1.9939
-1.6422
-1.6284
-1.7475
-1.9151
-1.8551
-1.6974
-1.6287
-1.4105
-1.2831
-0.90062
-0.20274
-0.1539
-0.051876
-0.052406
-0.21155
-0.69312
-1.1812
-1.6741
-1.9531
-1.361
-0.7638
-0.10921
0.27292
0.54491
0.81489
0.32454
0.26891
0.26703
0.42369
0.52451
0.4669
0.051244
-0.10111
-0.19925
-0.24511
0.14456
0.52046
0.83531
1.3186
1.1571
1.1315
1.063
0.87173
0.97186
0.90792
0.96142
1.0859
1.239
1.5952
1.7236
1.8097
1.7915
1.5194
1.2304
0.80701
0.60995
0.28228
0.16463
0.13339
0.23349
0.10096
0.12281
0.023915
-0.11647
-0.22702
-0.37632
-0.41035
-0.6536
-0.76205
-0.82542
-0.94525
-1.0216
-1.1707
-1.2771
-1.3618
-1.4796
-1.4537
-1.4638
-1.4235
-1.3184
-1.2008
-1.1844
-1.2173
-1.3134
-1.3769
-1.3779
-1.38
-1.3829
-1.3868
-1.3168
-1.2041
-1.1824
-1.2206
-1.2594
-1.3134
-1.368
-1.3217
-1.233
-1.1019
-1.0006
-0.9434
-0.97397
-1.0344
-1.1105
-1.1292
-1.1928
-1.1246
-1.0266
-0.91304
-0.88893
-0.88009
-0.87154
-0.86322
-0.71519
-0.56478
-0.45927
-0.4478
-0.45236
-0.44079
-0.52804
-0.684
-0.87723
-1.0749
-1.2425
-1.379
-1.4656
-1.4824
-1.4452
-1.498
-1.607
-1.6432
-1.6605
-1.6204
-1.6556
-1.6517
-1.588
-1.542
-1.4743
-1.4247
-1.3936
-1.3
-1.1228
-0.92258
-0.61717
-0.45377
-0.24794
-0.18612
-0.041358
0.041321
0.10312
0.16454
0.081974
-0.061208
-0.28414
-0.52449
-0.68113
-0.67588
-0.61102
-0.48821
-0.38669
-0.17216
-0.1324
-0.074761
-0.16613
-0.32797
-0.44944
-0.65602
-0.92644
-1.2059
-1.341
-1.4046
-1.367
-1.2327
-1.118
-1.1009
-1.301
-1.5252
-1.7726
-1.9237
-1.9245
-1.839
-1.6287
-1.4243
-1.1707
-0.93772
-0.76462
-0.66233
-0.61507
-0.60792
-0.67788
-0.74658
-0.87679
-1.0172
-1.1432
-1.3042
-1.4752
-1.5604
-1.5499
-1.5048
-1.4376
-1.3602
-1.2609
-1.1981
-1.1133
-1.0413
-1.0394
-1.0152
-0.93402
-0.73812
-0.58867
-0.40457
-0.25483
-0.10453
-0.058268
-0.1287
-0.14104
-0.082702
0.047533
0.38269
0.68643
0.98281
1.2354
1.4189
1.5315
1.6093
1.7401
1.9
2.0381
2.075
2.0203
1.9514
1.9084
1.8785
1.848
1.817
1.886
1.9718
1.9712
1.9254
1.7713
1.6433
1.4639
1.2627
1.1037
0.87362
0.61934
0.40794
0.10355
-0.087613
-0.12451
-0.2708
-0.458
-0.46465
-0.39588
-0.30584
-0.21315
-0.098182
-0.019892
0
-0.020393
-0.12381
-0.20874
-0.18996
0
0.10777
0.34827
0.52737
0.64305
0.64865
0.5864
0.6138
0.71009
0.6691
0.60404
0.39757
0
-0.3078
-0.71444
-1.1495
-1.5891
-1.7668
-1.873
-1.9556
-1.9896
-2.0731
-2.1821
-2.2919
-2.3277
-2.2129
-2.0213
-1.7264
-1.5053
-1.3846
-1.3402
-1.2437
-1.3026
-1.3624
-1.5286
-1.6705
-1.6544
-1.5847
-1.4603
-1.2801
-1.3719
-1.3271
-1.282
-1.2364
-1.0487
-0.97221
-0.83688
-0.61179
-0.4413
-0.23775
0.060059
0.15176
0.33757
0.34141
0.72216
0.47658
0.64319
0.29303
0.13189
0.20039
0.27069
-0.20572
-0.59076
-0.95109
-1.2499
-1.3036
-1.3219
-1.1544
-0.98198
-0.88106
-0.50509
-0.39407
-0.19984
-0.081067
-0.041104
0.25007
0.25352
0.38546
0.60765
1.0994
1.6036
1.8494
1.9634
2.0792
2.0098
1.9848
1.9104
1.7851
1.6075
1.4255
1.1402
0.79944
0.95624
0.86124
0.96826
1.0758
1.2349
1.2395
1.0878
0.88248
0.51981
0.88413
1.1438
1.2464
1.2439
0.93027
0.51491
-0.20503
-0.8157
-1.064
-1.1068
-0.79862
-0.79172
-0.98034
-0.82482
-0.67187
-0.42691
-0.18741
-0.185
-0.365
-0.62977
-0.70924
-0.4366
-0.98859
-1.0575
-0.8322
-0.90023
-0.76437
-0.47452
-0.34975
-0.15275
-0.07504
0.11059
0.1811
0.28471
0.4896
0.58429
0.70949
0.79722
0.88203
0.86768
0.79059
0.77826
0.73575
0.51343
0.029767
-0.32287
-0.55018
-1.0289
-1.2983
-1.4779
-1.5988
-1.7177
-1.6729
-1.6831
-1.7998
-1.9152
-2.2117
-2.4528
-2.7685
-2.9284
-3.0623
-3.0703
-2.9043
-2.4671
-1.9108
-1.2114
-0.51743
-0.22111
-0.024505
-0.097806
-0.12203
-0.12185
-0.097358
-0.24316
-0.21869
-0.31574
-0.33993
-0.43701
-0.38847
-0.33997
-0.26719
-0.24299
-0.14585
-0.17024
-0.21898
-0.55985
-1.0228
-1.1206
-1.1697
-1.0724
-0.90193
-0.75568
-0.60936
-0.56048
-0.36539
-0.38954
-0.34062
-0.21878
-0.097139
0.024256
0.024224
0.21768
0.16902
0.31332
0.28864
0.36003
0.33525
0.52554
0.66714
0.80791
0.87671
0.96864
1.1306
1.3384
1.6149
1.8662
2.0925
2.4097
2.6554
2.7843
2.7516
2.6961
2.6866
2.6771
2.645
2.6356
2.4692
2.2368
2.073
1.8437
1.616
1.3458
1.0554
0.76705
0.28397
-0.19596
-0.69454
-0.90873
-0.90592
-0.75265
-0.45024
-0.29928
-0.1279
-0.021256
-0.021197
-0.04228
0.10542
0.12618
0.16782
0.16742
0.31318
0.37496
0.47808
0.56007
0.47616
0.47527
0.41257
0.35012
0.28791
0.18484
0.18463
0.061481
-0.12286
-0.22511
-0.51141
-0.69539
-0.79769
-0.90022
-0.81884
-0.86049
-0.92298
-0.92429
-1.0288
-1.0721
-1.1987
-1.3263
-1.4136
-1.4395
-1.5917
-1.8299
-1.9653
-2.0391
-2.0505
-2.1058
-2.1193
-2.134
-2.1497
-2.0117
-1.8946
-1.9112
-1.9741
-1.9703
-1.9902
-1.9644
-2.0096
-1.8891
-1.6937
-1.4205
-1.2897
-1.1808
-0.99293
-0.6194
-0.13085
0.15927
0.26931
0.43727
0.44383
0.39424
0.48605
0.46452
0.47172
0.47904
0.63851
0.80278
0.78381
0.82763
0.80785
0.65595
0.56576
0.50642
-0.068478
-0.10413
-0.21107
-0.17818
-0.036084
-0.073042
-0.18473
-0.18678
-0.41524
-0.34313
-0.53878
-0.65999
-0.74367
-1.0254
-1.2708
-1.7184
-1.9291
-2.0197
-1.8664
-1.6292
-1.471
-1.1881
-1.0264
-0.86349
-1.1525
-1.5649
-1.7708
-1.5642
-1.3161
-1.0679
-0.98416
-0.94128
-0.93911
-0.40726
0
0.36438
0.56499
0.52286
0.20039
-0.1198
-0.39789
-0.43607
-0.39496
0.078702
0.31367
0.74231
0.73974
0.97008
0.96695
0.80974
0.84583
0.76683
0.84136
1.0302
1.5609
2.0519
2.276
2.4619
2.4965
2.4182
2.1519
2.1504
1.8854
1.6586
1.2815
0.82922
0.45237
0.37708
0.26406
0.075481
0.03776
-0.18891
-0.37803
-0.49172
-0.37845
-0.15145
0.075751
0.41673
0.71986
1.0607
1.4391
1.6275
1.9287
1.851
1.7728
1.2424
0.78886
0.37465
0.11205
0.07443
0.11119
0
-0.25693
-0.43795
-0.58028
-0.90048
-0.67927
-0.60288
-0.38672
-0.17415
-0.34484
-0.40944
-0.74226
-0.80019
-0.98784
-1.17
-1.3785
-1.5802
-2.0551
-2.1158
-2.1428
-1.9001
-1.6347
-1.2911
-1.0711
-1.0242
-0.95108
-0.90672
-0.86343
-0.69293
-0.50336
-0.2221
0.07258
0.40318
0.62769
0.56969
0.55843
0.32846
0.17174
-0.10525
-0.47478
-0.83015
-1.1522
-1.2671
-1.2439
-1.2214
-1.3475
-1.4511
-1.5514
-1.631
-1.6911
-1.7157
-1.6228
-1.4508
-1.1215
-0.81772
-0.56972
-0.34384
-0.16989
-0.091625
-0.13598
-0.22437
-0.34081
-0.42597
-0.52453
-0.59296
-0.70389
-0.85669
-0.92309
-0.94704
-1.0137
-1.0103
-0.92373
-0.88009
-0.8372
-0.7392
-0.72544
-0.80994
-0.9512
-1.1358
-1.1956
-1.2708
-1.2199
-1.2549
-1.2481
-1.2853
-1.3822
-1.5694
-1.8347
-2.106
-2.3688
-2.6079
-2.7149
-2.6853
-2.5613
-2.3231
-2.063
-1.8127
-1.6392
-1.4268
-1.1908
-0.92974
-0.85626
-0.81664
-0.84955
-0.78964
-0.68922
-0.6045
-0.6357
-0.50604
-0.35065
-0.18919
0.17138
0.34931
0.53393
0.56668
0.46183
0.44684
0.5268
0.51183
0.61995
0.60528
0.61529
0.59909
0.52898
0.48314
0.29943
0.19311
-0.027939
-0.16964
-0.25732
-0.28889
-0.20416
-0.11768
-0.08896
-0.089587
-0.30047
-0.18125
-0.18206
0.27408
0.67185
1.1628
1.4399
1.5937
1.7463
1.7443
1.7412
1.7064
1.6707
1.6039
1.5668
1.4992
1.4315
1.3342
1.1196
1.0243
0.87176
0.7788
0.77283
0.79511
1.014
1.1452
1.4678
1.6473
1.7147
1.6727
1.7114
1.6698
1.55
1.4062
1.1874
1.1259
1.3446
1.635
1.8458
1.8801
1.6195
1.2171
0.57968
0.071906
-0.49958
-0.92103
-1.1255
-1.1177
-1.087
-1.0798
-0.98159
-0.65787
-0.29312
0.20173
0.53487
0.8865
0.92581
0.96481
0.98173
0.82493
0.8642
0.8817
0.87774
0.91656
0.97637
0.95125
0.84223
0.62926
0.45976
0.22907
-0.083014
-0.37234
-0.7011
-1.0074
-1.2095
-1.1449
-0.99921
-0.77304
-0.64952
-0.72919
-0.95018
-1.0494
-1.1889
-1.2275
-1.1457
-0.6627
-0.46155
-0.26075
-0.28074
-0.381
-0.40115
-0.48163
-0.46192
-0.44231
-0.46304
-0.4033
-0.4849
-0.64798
-0.89325
-1.0994
-1.348
-1.5167
-1.6254
-1.7149
-1.7226
-1.71
-1.6979
-1.8126
-2.0351
-2.3248
-2.49
-2.5284
-2.4591
-2.2578
-2.1424
-2.1146
-1.997
-1.7194
-1.5059
-1.2658
-0.95194
-0.79652
-0.33097
-0.023858
0.31304
0.65622
1.0058
1.2133
1.1496
0.90796
0.71264
0.71905
0.59586
0.60101
0.60606
0.45161
0.29452
0.16186
0.24454
0.51977
0.60571
0.72013
0.69628
0.58784
0.50617
0.47999
0.56669
0.51155
0.42732
0.37103
0.11431
0.14298
0.1144
-0.11434
-0.3712
