0.99033
1.0294
1.022
0.96946
0.93634
0.88175
0.86813
0.83487
0.82283
0.79318
0.8811
1.1035
1.2609
1.4407
1.4156
1.2209
1.111
0.90245
0.87247
0.86623
0.769
0.72321
0.74316
0.82955
0.89076
0.96639
1.0454
1.1265
1.1049
1.0538
0.97563
0.92244
0.91535
0.95323
1.01
1.0773
1.1318
1.1806
1.214
1.2215
1.2157
1.1753
1.1179
1.0835
1.0406
1.0243
1.0724
1.115
1.1077
1.0674
1.0102
0.97502
0.91728
0.92932
0.94212
0.92305
0.95581
0.93092
0.96656
0.98035
1.0532
1.0794
1.0148
0.98819
1.0046
0.93386
0.97299
0.94253
0.88608
0.83443
0.78644
0.8664
0.95092
1.0106
1.2798
1.4078
1.4598
1.2564
0.7105
0.074521
-0.082943
0.17643
0.80154
0.2553
0.4623
0.66466
0.22059
0.66856
1.0325
1.426
1.7161
1.0429
0.2483
-0.48271
-1.0389
-1.3969
-1.4857
-1.5303
-1.3912
-1.0793
-0.97456
-0.76657
-0.71578
-0.75392
-0.78763
-0.71328
-0.72778
-0.78792
-0.82139
-0.81714
-0.73095
-0.64912
-0.65473
-0.83892
-1.188
-1.6896
-1.9284
-1.9421
-1.5439
-0.98787
-0.011635
0.5672
1.1205
1.0639
0.67436
0.33189
-0.053938
-0.27274
-0.5702
-0.87123
-1.2483
-1.6113
-1.7125
-1.3296
-0.51721
0.45251
0.82266
1.1591
0.93224
0.76108
0.4272
0.12381
-0.12203
-0.17537
-0.32739
-0.44829
-0.98276
-1.226
-1.7013
-1.7899
-1.2698
-0.57665
-0.50328
0.0704
0.35477
0.20347
-0.17976
-0.62855
-0.91629
-1.0877
-1.1209
-1.1982
-1.2471
-1.2901
-1.301
-1.2858
-1.2531
-1.2143
-1.1923
-1.1854
-1.1925
-1.1754
-1.1552
-1.065
-0.93617
-0.62193
-0.55158
-0.60122
-0.92815
-1.1949
-0.87998
-0.55025
0.048084
0.1138
-0.40547
-1.0263
-1.6861
-2.0747
-2.2974
-1.2939
-0.25358
0.88058
1.0367
0.61291
0.4012
0.54178
0.91758
1.2753
1.3562
1.455
1.457
1.3049
0.91517
0.28672
-0.28238
-0.74659
-0.98595
-1.0675
-1.1207
-1.0958
-1.1275
-1.082
-1.0336
-1.0417
-0.93461
-0.82611
-0.6846
-0.55334
-0.58558
-0.73803
-1.0156
-1.323
-1.6799
-1.9373
-1.914
-1.6489
-1.1719
-0.72886
-0.52819
-0.49417
-0.76187
-0.75793
-0.80709
-0.60965
-0.36526
-0.2657
-0.49212
-1.1352
-1.7052
-1.6982
-1.0339
-0.16787
0.60951
0.92289
0.96422
0.82281
0.6722
0.63272
0.68725
0.85015
1.0432
1.256
1.4179
1.5362
1.4832
1.4368
1.2692
1.1501
0.99112
0.9407
0.8328
0.70065
0.43843
-0.030716
-0.43073
-0.86777
-1.1803
-1.3333
-1.4828
-1.2933
-0.89381
-0.4757
-0.087748
0.1782
0.36288
0.69548
1.1421
1.5681
1.6421
1.5343
1.1444
0.67402
0.29596
-0.1844
-0.50459
-0.80272
-0.60507
-0.1941
0.32674
0.6655
0.94378
1.1156
1.2678
1.402
1.4348
1.4523
1.4162
1.3285
1.1416
0.97674
0.70864
0.69567
0.74497
0.87183
1.1156
1.1023
1.2493
1.2027
0.96537
0.84366
1.231
1.354
1.1758
0.10098
-0.44221
-0.16621
0.038379
-0.25849
-1.0911
-1.6207
-1.7247
-1.3992
-1.2357
-1.1273
-0.90226
-0.50597
-0.27601
-0.43852
-0.48516
-0.53487
-0.56234
-0.70836
-0.85263
-0.94869
-1.1285
-1.1571
-1.1041
-1.0656
-1.0895
-1.0932
-1.1473
-1.1942
-1.196
-1.1808
-1.167
-1.1799
-1.2329
-1.3577
-1.4519
-1.3073
-0.47672
-0.14412
0.16283
-0.0089272
-0.42424
-0.61191
-0.92863
-1.3518
-1.7793
-2.2777
-1.6743
-1.0216
0.1492
0.68382
0.66616
0.60728
0.60882
0.79208
1.0418
1.2841
1.5798
1.8408
1.9196
1.7528
1.4197
0.95497
0.52341
0.1868
-0.12068
-0.41565
-0.70921
-0.88313
-1.0489
-1.121
-1.0941
-0.93714
-0.60968
-0.014887
1.1598
1.7964
2.4505
2.0552
1.3223
0.54219
-0.13228
-0.63733
-0.90447
-1.0659
-1.0646
-0.91356
-0.77093
-0.61354
-0.53616
-0.6035
-0.77936
-1.046
-1.3519
-1.5864
-1.681
-1.6359
-1.5416
-1.4277
-1.2065
-0.957
-0.70083
-0.52463
-0.30833
-0.36978
-0.43144
-0.54785
-0.84151
-0.98676
-1.0919
-0.9869
-0.96967
-0.88692
-0.8034
-0.82994
-0.87414
-0.93476
-0.90019
-0.914
-0.91665
-0.97675
-1.1147
-1.2536
-1.3702
-1.4455
-1.5193
-1.5213
-1.405
-1.1646
-0.85446
-0.49696
-0.082014
0.12788
0.31969
0.47004
0.62149
0.82246
1.0656
1.2148
1.2752
1.2269
1.1654
1.0314
0.98625
0.95655
0.95741
0.94375
0.9636
1.0149
1.0348
1.0681
1.1051
1.1607
1.225
1.3357
1.4796
1.3719
1.1966
0.91359
0.68598
0.57818
0.50126
0.51289
0.64472
0.86029
1.0268
1.1313
1.1866
1.2254
1.2167
1.1578
1.101
1.0527
1.0386
1.0216
1.0219
1.0294
1.0588
1.0756
1.1144
1.0992
1.0522
1.0286
1.0127
1.0216
1.0096
1.0173
1.0011
1.0123
1.0038
1.0417
1.0682
1.1242
1.2055
1.2237
1.1728
1.094
1.0315
0.94969
0.88929
0.81218
0.71952
0.61375
0.61052
0.68573
0.82809
0.95869
1.149
1.2494
1.3289
1.3494
1.3616
1.2333
1.2488
0.97173
0.67412
0.57675
0.48834
0.62023
0.59507
0.55723
0.73592
1.1265
1.2534
1.1389
1.0326
0.55987
0.13133
-0.39247
-0.96536
-1.4918
-1.7821
-1.8149
-1.6446
-1.1423
-0.67326
-0.084217
0.20176
0.23813
0.40253
0.39577
0.63129
1.0201
1.1048
1.3365
1.5434
1.5094
1.4418
1.1796
0.80953
0.42623
0
-0.13206
-0.39236
-0.67281
-0.99363
-1.1318
-1.1044
-1.0166
-0.95679
-1.0417
-1.0702
-1.0958
-1.0012
-0.95721
-0.97637
-0.9634
-1.0255
-1.0214
-0.95477
-0.87714
-0.8699
-0.81689
-0.84906
-0.95089
-1.0099
-1.01
-0.91482
-0.87573
-0.84191
-0.97109
-1.2536
-1.4287
-1.5143
-1.2806
-1.0475
-0.30641
0.11212
0.36501
0.64976
0.72648
0.93291
1.0807
0.97648
0.95249
0.78804
0.58785
0.60248
0.8455
1.1055
1.4172
1.6724
1.3485
1.0754
0.75664
0.45988
0.027036
-0.32715
-0.55658
-0.65721
-0.65578
-0.70138
-0.81592
-1.0591
-1.2311
-1.4056
-1.5062
-1.5614
-1.4364
-1.322
-1.1499
-0.9946
-0.87463
-0.81456
-0.67905
-0.50137
-0.54418
-0.5841
-0.74131
-0.77452
-0.97267
-1.1572
-1.2276
-1.1877
-1.0822
-1.0202
-1.0781
-1.284
-1.4385
-1.4591
-1.5303
-1.1839
-0.80679
-0.21299
0.18244
0.234
0.27512
0.12888
-0.077456
-0.37328
-0.81946
-1.1577
-1.3755
-1.4845
-1.6036
-1.6832
-1.6685
-1.5455
-1.3719
-1.114
-0.8399
-0.54408
-0.28346
-0.1022
0.044166
0.23699
0.52816
0.9471
1.2999
1.5361
1.6694
1.4554
1.0244
0.4572
-0.048867
-0.39839
-0.56137
-0.60276
-0.57886
-0.73642
-0.92248
-1.154
-1.3916
-1.4415
-1.3687
-1.0976
-0.93451
-1.1489
-1.2175
-1.1255
-0.95013
-0.41665
-0.13536
0.10316
-0.056411
-0.59121
-1.0577
-1.2761
-1.3319
-1.3942
-1.4255
-1.3945
-1.3376
-1.2399
-1.1381
-1.045
-0.99109
-0.97678
-0.93414
-0.89558
-0.86583
-0.86083
-0.91515
-1.029
-1.1102
-1.131
-1.1359
-1.1967
-1.1573
-0.84829
-0.078425
0.78876
1.2883
0.78444
-0.2622
-1.0277
-1.2369
-1.1889
-0.7307
-0.32406
-0.092672
-0.038735
0.12736
0.46778
0.76539
1.1246
1.372
1.4766
1.5746
1.4882
1.3998
1.1235
0.87936
0.74943
0.70528
0.74643
0.77484
0.80386
0.85093
0.94328
1.0502
1.1332
1.2001
1.2207
1.2237
1.1841
1.1439
1.0977
1.0446
1.0152
1.0094
1.0165
1.0144
1.0077
1.0125
0.98897
0.96449
0.94503
0.94919
0.96047
0.99265
1.0548
1.1182
1.1718
1.2166
1.2312
1.1547
1.1032
1.0613
1.0387
1.0502
1.0491
1.1206
1.1186
1.2006
1.0096
0.48084
-0.040232
-0.46074
-0.82193
-0.89046
-0.82036
-0.30039
0.60185
1.1831
1.7195
1.4299
1.1021
0.34992
0.047673
-0.36494
-0.61398
-0.80535
-1.0702
-1.2833
-1.293
-0.99781
-0.90364
-0.81306
-0.6886
-0.85104
-0.65689
-0.67121
-0.58346
-1.0589
-1.1012
-0.87695
-0.88253
-1.1062
-1.6212
-1.5494
-0.96654
-0.42456
-0.20182
-0.503
-0.77066
-0.70688
-0.61485
-0.69716
-0.91765
-1.1496
-1.2846
-1.3044
-1.3026
-1.2792
-1.2393
-1.1856
-1.1128
-1.0738
-1.0372
-1.0204
-0.99703
-0.99901
-0.99219
-1.0294
-1.0437
-1.0854
-1.122
-1.186
-1.2107
-1.0562
-0.8454
-0.80617
-0.84627
-0.75007
-0.64462
-0.42806
0.19333
0.37334
0.88017
1.0763
1.4932
1.4131
1.2098
1.0114
0.86317
0.75597
0.69948
0.78136
0.86859
0.8746
0.92167
0.96535
0.99473
1.0835
1.0112
1.0263
0.98322
1.0354
1.0652
1.0749
1.0649
1.0899
1.0824
1.0351
1.0307
1.031
1.0328
1.031
0.99965
0.96849
1.0059
0.95076
0.96911
0.72162
0.71608
0.66537
0.69789
0.64238
0.70277
0.70396
0.85893
1.0092
1.1336
1.1347
1.125
1.1993
1.2349
1.238
1.2743
1.2326
1.1704
0.99052
1.0317
0.98115
0.99595
0.90659
0.72325
0.44946
-0.039384
-0.38953
-0.76139
-0.97454
-1.191
-1.3656
-1.497
-1.5382
-1.3464
-1.1712
-0.91836
-0.65889
-0.41983
-0.11443
0.24429
0.66068
0.87089
0.99358
1.0416
1.1481
1.1002
1.0631
1.0251
0.94615
1.014
1.1025
1.2935
1.3378
1.3945
1.2902
1.1269
0.91655
0.68835
0.47095
0.21281
0.15748
0.59663
0.80486
1.2227
1.3252
1.2039
0.75342
0.39785
0.42711
1.0579
1.1267
1.009
0.39582
-0.34834
-0.86958
-1.1151
-1.1947
-1.2058
-1.1563
-1.0489
-0.98857
-0.95656
-0.99985
-1.0545
-1.1002
-1.1271
-1.1691
-1.1913
-1.1832
-1.13
-1.0967
-1.0912
-1.1164
-1.1668
-1.195
-1.0846
-0.90708
-0.64481
-0.29764
0.076213
0.38544
0.69478
0.98548
1.3326
1.5613
1.5794
1.5315
1.3811
1.2126
0.96748
0.81018
0.58764
0.61677
0.60195
0.73451
0.7902
1.0853
1.2068
1.2082
1.179
0.91146
0.58746
0.10574
-0.36117
-0.80939
-1.2373
-1.5802
-1.6024
-1.3666
-1.1288
-0.71984
-0.35613
-0.061825
0.38269
0.64535
0.81161
0.97918
1.0772
1.1649
1.2459
1.2013
1.1957
1.0529
0.9821
1.0228
1.0162
1.0047
0.92588
0.88062
0.8698
0.87871
0.94488
0.98035
0.97782
1.1017
1.0765
1.1408
1.0285
0.92608
0.57763
0.33757
-0.13086
-0.59551
-1.1309
-1.427
-1.5055
-1.4461
-1.1015
-0.85245
-0.48839
-0.45311
-0.60712
-0.55094
-0.27492
0.20105
0.95876
1.1361
1.2671
1.0049
0.82093
0.91134
1.0593
1.1861
1.0098
1.0492
0.80154
0.63806
0.37373
0.54844
1.0544
1.4671
1.4446
1.294
1.0337
0.78833
0.49641
0
-0.2601
-0.60257
-0.67478
-0.67815
-0.93238
-1.1909
-1.3512
-1.5279
-1.553
-1.3235
-1.1103
-0.70454
-0.38056
-0.044146
0.30458
0.51392
0.77822
0.96894
1.1498
1.203
1.3114
1.2466
1.2058
1.1342
1.0878
0.8496
0.74396
0.66061
0.72961
0.76952
0.8585
0.9623
1.1733
1.041
1.1489
1.0283
1.0363
1.0754
1.226
1.1086
0.8136
0.44458
0.32054
-0.057023
-0.71951
-1.0549
-1.4536
-1.2683
-0.75356
-0.18453
-0.059755
0.80831
0.94572
1.0179
1.0331
1.1983
1.1133
1.1297
1.239
0.8515
0.657
0.34233
0.66793
0.32502
0.55178
0.68558
1.3193
1.5794
1.5721
0.69777
-0.2992
-0.92681
-0.83965
-0.5371
-0.29433
-0.43995
-0.73593
-0.91335
-1.1279
-1.0937
-1.2059
-1.2892
-1.3621
-1.4263
-1.3706
-1.2664
-0.93871
-0.67059
-0.25461
0.18124
-0.21298
-0.37336
-0.98342
-1.1408
-1.4391
-1.8043
-1.6862
-1.3835
-1.0518
-0.84361
-0.79725
-0.84166
-0.92335
-0.96125
-0.9929
-0.99232
-0.98035
-0.97186
-0.98083
-0.99202
-1.0192
-1.0436
-1.0662
-1.0749
-1.051
-1.0588
-1.0815
-1.0997
-1.1069
-1.1083
-1.0903
-1.0814
-1.0842
-1.0993
-1.1056
-1.1197
-1.1177
-1.1164
-1.109
-1.1103
-1.1274
-1.1128
-1.1092
-1.091
-1.0694
-1.0403
-1.0499
-1.0259
-0.95429
-0.85804
-0.777
-0.66213
-0.64712
-0.70419
-0.81397
-0.88586
-1.0041
-1.0823
-1.1066
-1.1413
-1.1537
-1.1175
-1.0737
-1.0103
-1.0051
-0.93742
-0.92713
-0.91405
-0.94399
-0.88893
-0.88996
-0.99208
-1.0536
-1.0593
-1.133
-1.1047
-0.99882
-1.0116
-0.81168
-0.43918
-0.034443
0.54963
0.97158
0.99126
0.95763
0.88144
0.90108
0.92461
0.91068
0.90836
0.91723
0.9374
0.9695
1.0273
1.0505
1.0255
1.0039
1.0403
1.0685
1.1221
1.2025
1.2082
1.1884
1.148
1.0923
0.97229
0.78908
0.70483
0.63803
0.6093
0.72713
0.87465
0.96002
0.99806
1.0067
0.97217
0.96245
1.0346
1.1066
1.1117
1.0359
0.99932
0.91882
0.87549
0.87335
0.85923
0.84373
0.86799
0.94044
1.0016
1.0734
1.1218
1.1324
1.112
1.0826
1.0569
1.0301
0.9935
0.9948
0.99944
0.99896
1.0238
1.0353
1.059
1.0947
1.1422
1.1895
1.2202
1.2138
1.1978
1.1548
1.1254
1.0922
1.0547
0.99031
0.94626
0.91867
0.90811
0.91988
0.95964
1.043
1.0956
1.1413
1.1611
1.1898
1.1775
1.1855
1.161
1.1462
1.1596
1.148
1.0917
1.0516
1.0597
1.0914
1.0776
1.0142
0.90957
0.81185
0.80645
0.81248
0.75828
0.72944
0.75423
0.83416
0.92076
0.96838
1.0294
1.1314
1.2325
1.2908
1.3329
1.2548
1.1995
1.211
1.1183
1.0069
0.90351
0.71209
0.77343
0.88644
0.83219
0.6395
0.41029
0.56931
0.44333
0.46451
0.59754
0.96093
1.2999
1.4162
1.3387
1.2322
1.0374
0.98388
0.95681
0.91295
0.91223
0.84892
0.81748
0.82463
0.89801
0.99581
1.1723
1.2784
1.4472
1.5026
1.3811
1.1306
0.82609
0.40432
0.30855
0.42707
0.82093
0.97064
1.1827
1.2046
0.64819
-0.070984
-0.51005
-0.76331
-0.73027
-0.84857
-1.054
-1.1918
-1.125
-1.0546
-0.96918
-0.97079
-0.9262
-0.99533
-0.91343
-0.88097
-1.0203
-1.0877
-1.2675
-1.2904
-1.3439
-1.242
-1.0407
-0.57589
-0.37087
-0.20393
-0.27203
-0.39317
-0.33645
0.10851
0.66412
1.1299
1.4101
1.4224
1.3794
1.1467
1.0644
0.71497
0.42337
-0.065755
-0.37226
-0.63265
-0.91956
-1.0919
-1.126
-1.158
-1.2081
-1.2578
-1.2411
-1.1415
-0.76159
-0.55803
-0.60406
-0.86838
-1.2264
-1.2238
-0.83453
-0.22176
0.25851
0.39841
0
-0.39839
-1.0292
-1.4225
-1.3683
-1.3314
-1.1497
-1.0255
-0.90965
-0.80218
-0.68832
-0.69336
-0.69858
-0.34644
-0.88504
-0.58072
-0.86944
-0.50321
-0.3731
-0.55235
-1.2401
-1.7305
-2.0135
-1.9483
-1.5813
-1.1948
-0.8559
-0.67509
-0.67238
-0.75092
-0.88178
-1.021
-1.123
-1.189
-1.2619
-1.314
-1.3484
-1.3814
-1.284
-0.80936
-0.25876
0.28436
0.42829
0.27489
-0.093567
-0.54884
-0.96279
-1.2737
-1.4553
-1.505
-1.545
-1.2875
0.13813
1.0543
2.0511
1.7749
1.1186
0.58187
0.24518
-0.071907
-0.5259
-0.92511
-1.3244
-1.5469
-1.2619
-0.82506
-0.43365
-0.34643
-0.5343
-0.70857
-0.84629
-1.0108
-1.1929
-1.308
-1.3497
-1.3536
-1.3312
-1.2618
-1.1929
-1.1172
-1.0441
-0.9888
-0.94407
-0.9334
-0.92647
-0.91583
-0.94835
-0.97842
-1.0051
-1.0513
-1.1117
-1.1617
-1.1703
-1.1494
-1.1143
-1.0373
-0.97175
-0.93461
-0.85584
-0.84178
-0.85636
-0.88665
-0.93569
-1.0324
-1.1301
-1.1005
-1.1073
-0.95341
-0.66194
-0.24372
0.13583
0.38798
0.69225
0.96131
1.0356
1.2028
1.1742
1.0473
1.0238
0.95567
0.90734
0.88646
0.88777
0.90764
0.87975
0.88249
0.93271
1.0113
1.0778
1.1668
1.2043
1.2426
1.1972
1.1589
1.138
1.0967
1.0884
1.0566
1.0058
0.96583
0.9684
0.99591
0.96382
0.96739
0.95424
0.95041
0.93668
0.95225
0.99062
1.0394
1.1056
1.166
1.1987
1.1944
1.2208
1.201
1.1957
1.1555
1.1482
1.1086
1.116
1.1084
1.0723
1.0158
0.96858
1.0028
1.082
1.1411
1.2368
1.1593
1.0076
0.82248
0.57394
0.14032
-0.14514
-0.52486
-0.77656
-1.2737
-1.6551
-1.7525
-1.6794
-1.1102
-0.41934
-0.24276
0.2959
0.3184
0.26331
0.47208
0.96773
1.3742
1.3465
0.91142
0.71483
0.3315
0.42624
0.52882
0.86538
1.0991
1.2349
1.2782
1.0966
0.9611
0.98935
1.1164
1.1999
1.223
1.0931
0.85467
0.51725
0.44971
0.54909
0.685
0.94999
1.1498
1.2645
1.1876
1.0393
0.8443
0.74511
0.73876
0.7563
0.8522
0.87372
1.0944
1.3519
1.597
1.5089
1.1835
0.47572
-0.031236
-0.13927
0.34655
0.75525
1.0741
0.97558
1.0748
0.99981
1.1962
1.0116
0.3795
-0.059985
-0.20625
-0.15479
0.36267
0.68481
1.0278
1.3589
1.5631
1.6219
1.5496
1.3727
1.3487
1.2468
1.1822
1.1026
1.0254
0.81479
0.45432
0
-0.42837
-0.80867
-0.57872
-0.11321
0.53536
1.0553
1.3408
1.8769
1.17
0.26068
-0.71119
0.19097
0.28111
1.2756
0.35747
-0.50693
-1.2632
-1.5574
-1.4352
-0.9068
-0.63671
-0.62373
-0.83905
-1.0091
-1.0292
-1.0265
-1.0398
-1.0252
-1.0017
-0.96064
-0.9721
-1.0288
-1.1152
-1.1955
-1.2578
-1.3076
-1.3398
-1.2069
-1.1271
-0.9418
-0.85183
-0.61446
-0.39079
-0.10776
0.12035
0.39686
0.68065
1.0794
1.3804
1.6212
1.8108
1.7845
1.659
1.3119
1.0208
0.69828
0.23745
-0.33736
-0.26492
-0.70013
0.067522
0.4371
0.99595
1.0853
0.41279
-0.16613
-0.82067
-1.1987
-1.6283
-2.0476
-2.1968
-1.8186
-0.58022
0.16775
0.82461
0.61807
0.19922
-0.11291
-0.28675
-0.5285
-0.72259
-0.87204
-1.0006
-1.1017
-1.1765
-1.1899
-1.1476
-1.1526
-1.1379
-1.0944
-1.0502
-1.0181
-0.99704
-0.98125
-0.96165
-0.96522
-0.97333
-0.98625
-1.0001
-1.0067
-1.0443
-1.1371
-1.2632
-1.3658
-1.4317
-1.4585
-1.447
-1.549
-1.344
-0.55056
0.052253
0.35827
-0.32075
-0.92421
-1.1056
-0.81104
0.1099
0.86674
1.2369
1.05
1.6006
1.8472
2.2302
1.4615
0.49061
0.061616
0.27882
0.62435
0.85268
0.82354
0.49438
0.19028
0.22555
0.42305
0.85984
1.3084
1.5528
1.6155
1.4931
1.2361
1.1599
1.2001
1.1796
0.98621
0.66781
0.39779
-0.023344
-0.24524
-0.46029
-0.63446
-0.9211
-1.129
-1.2782
-1.2819
-1.2786
-1.1584
-1.0613
-0.93368
-0.85619
-0.72501
-0.71519
-0.76443
-0.71324
-0.67864
-0.6584
-0.60179
-0.23771
0.50358
1.0411
1.3525
1.5334
1.4782
1.8432
1.835
1.3188
0.70113
0.16464
0.04929
-0.31358
-0.78358
-0.35781
0.39502
1.4818
1.9469
1.6274
1.3537
1.175
0.88206
0.55841
0.19654
-0.15433
-0.55831
-0.70668
-0.44051
0.37067
1.1443
1.7056
1.4779
1.2988
1.355
1.6181
1.623
1.1727
0.6725
0.49433
0.42819
0.18458
-0.13419
-0.39679
-0.70655
-0.72429
-0.7393
-0.86471
-1.0302
-1.1769
-1.1825
-1.2255
-1.1833
-1.0791
-1.0999
-1.2038
-1.332
-1.4876
-1.4609
-1.2971
-1.0791
-0.85839
-0.67523
-0.51181
-0.28734
-0.13613
0.13204
0.40852
0.8945
1.2508
1.5174
1.5487
1.4604
1.3847
1.3222
1.2347
1.143
1.0645
0.96127
0.83785
0.7443
0.78438
0.86504
0.92735
0.98253
0.99171
1.0932
1.147
1.21
1.226
1.1479
1.2383
1.2471
1.0863
1.1463
1.0879
1.0095
0.7483
0.41393
0.55524
0.77588
1.0158
0.95356
0.8231
1.0823
1.3752
1.5717
1.5692
1.4397
1.3883
1.2978
1.1479
0.92565
0.63474
0.34986
0.087902
-0.12344
-0.41178
-0.63244
-0.91046
-1.2073
-1.3645
-1.3931
-1.2842
-1.0441
-0.65814
-0.32705
0.091117
0.19487
0.50565
0.6854
0.86656
1.0285
1.0927
1.1029
1.1491
1.3145
1.3894
1.3762
1.2805
1.1512
1.1301
1.0213
0.97191
0.88926
0.74391
0.74125
0.73231
0.77698
0.83853
0.91678
1.011
0.8816
0.81225
0.87853
0.84413
1.0146
1.1085
1.1969
1.1065
1.2302
1.2204
1.0848
0.85359
0.59514
0.53116
0.68659
0.77111
0.3973
0.63111
0.89512
1.3858
1.1552
0.60441
0.72826
1.2865
1.6896
1.9066
1.4972
0.99026
0.37843
-0.18313
-0.29558
0.65481
1.3759
1.9648
1.355
0.41291
-0.050427
-0.39849
-0.66601
-0.83662
-0.94572
-1.0031
-1.0694
-1.1119
-1.1252
-1.1173
-1.105
-1.096
-1.1071
-1.1221
-1.157
-1.1708
-1.1837
-1.1632
-1.1162
-1.0871
-1.069
-1.0376
-1.0247
-0.9944
-0.95681
-0.9115
-0.90045
-0.88827
-0.88715
-0.88051
-0.88619
-0.90437
-0.9352
-0.99853
-1.0313
-1.0748
-1.1388
-1.1748
-1.2291
-1.3022
-1.4514
-1.5188
-1.4892
-1.3005
-1.0185
-0.63472
-0.068967
0.39241
0.74374
0.92571
1.0021
1.1333
1.1966
1.2485
1.2512
1.2426
1.2286
1.2018
1.18
1.1592
1.1435
1.102
1.0817
1.0506
1.0163
0.96247
0.94082
0.91232
0.91219
0.94216
1.0149
1.0425
1.0847
1.0722
1.0739
1.0671
1.0586
1.0856
1.101
1.1239
1.1179
1.1016
1.0553
1.0429
1.0192
1.0104
1.0311
1.0687
1.0643
1.0596
1.0462
1.0395
0.98067
0.94417
0.89661
0.88513
0.87566
0.90105
0.96877
0.98189
1.0578
1.1866
1.3706
1.5352
1.6368
1.1587
0.64165
-0.21695
-0.4225
-0.19297
0.37329
0.73633
0.97818
0.83744
0.82956
0.83409
0.76365
0.8547
0.89426
0.95208
0.96218
0.91382
0.96542
0.91831
1.0405
1.1258
1.1727
1.2282
1.3095
1.3529
1.4688
1.2556
1.0873
0.76706
0.29014
0.21114
-0.2393
-0.26142
-0.82049
-1.0934
-1.0983
-0.67434
-0.25855
0.075727
0.52895
0.8988
1.2369
1.3779
1.43
1.4627
1.4248
1.2189
1.0339
1.0218
1.0167
0.92196
0.62849
0.42953
0.072386
-0.2402
-0.49463
-0.84431
-0.87786
-0.99068
-0.97648
-1.1313
-1.2592
-1.4526
-1.5445
-1.4638
-1.3789
-1.1397
-1.0565
-0.83889
-0.36795
-0.14376
0.27915
0.19244
0.14448
-0.63508
-1.1894
-1.3281
-1.2604
0.089627
0.7018
1.2724
1.0587
0.70176
0.29905
-0.28808
-0.69874
-1.0256
-0.94517
-1.2772
-1.213
-1.3569
-0.88878
-0.41212
0.13702
0.60794
0.78713
0.93819
0.58465
1.0177
1.0599
1.0241
0.93475
0.22816
-0.14216
-0.47418
-0.86368
-1.2758
-1.2952
-1.393
-1.2715
-1.1471
-1.076
-1.1256
-1.1867
-1.1521
-1.0157
-0.73701
-0.43232
-0.29458
-0.35145
-0.51384
-0.84271
-1.1368
-1.4334
-1.4668
-1.3279
-1.2651
-1.0874
-0.74922
-0.76538
-0.59633
-0.729
-0.80516
-1.011
-0.94714
-0.94707
-0.79798
-0.72088
-0.70692
-0.64324
-0.65541
-0.7594
-0.78352
-1.0012
-1.0677
-1.166
-1.2404
-1.3241
-1.3993
-1.4075
-1.3652
-1.354
-1.2028
-1.0604
-0.82407
-0.53949
-0.048549
0.29831
0.59869
0.61797
0.79852
0.76446
0.86363
1.0315
1.2692
1.4996
1.4932
1.0659
0.68149
0.30154
-0.037566
-0.26217
-0.63422
-0.8155
-0.99012
-1.298
-1.0905
-1.2924
-1.0421
-0.95714
-0.5801
-0.43255
-0.47595
-0.71718
-0.76882
-0.83004
-0.80893
-0.96511
-1.1744
-1.3421
-1.3292
-1.1832
-1.0691
-1.0252
-1.0044
-1.1242
-1.2062
-1.1207
-0.85528
-0.46525
0.048427
0.53166
0.86089
1.0171
1.0374
1.0808
1.0756
1.0846
1.1236
1.0481
1.0234
0.98415
0.89036
0.94123
1.0221
1.1826
1.3095
1.2034
1.1349
0.96664
0.88894
0.85402
0.74924
0.7935
0.69668
0.61082
0.35327
-0.13439
-0.48652
-0.9191
-1.1214
-1.3561
-1.4584
-1.5394
-1.535
-1.3963
-1.1863
-0.87641
-0.56131
0
0.54018
1.0298
1.023
0.92652
0.92196
0.8347
0.48472
-0.17943
-0.94916
-0.76443
0.18327
0.16795
-0.2956
0.87994
1.3534
1.2699
1.0228
0.71314
0
-0.29167
-0.67022
-0.91001
-1.0442
-1.1355
-1.241
-1.2613
-1.282
-1.0983
-1.0497
-0.95465
-0.82356
-0.81069
-0.93899
-1.1547
-1.2326
-1.2275
-1.0385
-0.82443
-0.36079
-0.078361
0.25696
0.6285
0.90498
1.4337
1.7735
1.6407
1.0714
0.47118
0.12766
0.20376
0.14155
0.28866
0.64886
0.70793
0.61785
-0.13222
-0.63586
-1.2276
-1.5514
-1.8133
-1.6755
-1.1462
-0.68157
-0.61455
-0.43328
-0.3085
0.047587
0.12861
0.037672
-0.38971
-0.6649
-1.016
-1.1398
-1.2683
-1.4146
-1.4151
-1.4391
-1.4652
-1.484
-1.5087
-1.3658
-1.1825
-0.93357
-0.7166
-0.60864
-0.43257
0
0
0.46585
0.81097
1.0823
1.2508
0.77843
0.62234
0.72333
0.83532
0.96031
1.0122
1.1891
1.4029
1.6116
1.519
1.2772
0.76
0.41772
0
-0.14388
-0.33856
-0.65904
-0.98127
-1.0533
-1.1437
-0.99215
-0.84257
-0.70194
-0.76526
-0.97978
-1.0099
-1.3127
-1.4224
-1.4623
-1.1612
-1.038
-0.69094
-0.35489
-0.065886
0.033293
0.59736
0.91149
1.0673
1.1013
0.94502
0.97372
1.1697
1.2948
1.2292
0.95644
0.69545
0.63631
0.65432
0.7483
0.90909
1.0216
1.0774
1.1085
1.0858
1.0767
1.0309
1.0734
1.1354
1.1979
1.3364
1.5223
1.3512
1.0984
0.95426
0.43145
-0.10431
-0.35642
0
0
-0.3488
0.10163
0.42429
0.89464
1.4903
1.5146
1.4685
1.3111
1.1023
1.0884
0.9916
0.8637
0.86185
0.911
1.042
1.207
1.1296
0.86744
0.61468
0.087019
-0.5828
-0.893
-0.73034
-0.52058
-0.40002
-0.68091
-0.83037
-1.0608
-1.1882
-1.1478
-1.2672
-1.3459
-1.4629
-1.4641
-1.3783
-1.1343
-0.77422
-0.43707
-0.10203
0.18981
0.52654
0.76167
0.9979
1.1489
1.1874
1.249
1.1846
1.2395
1.2287
1.3694
1.3326
1.2147
0.98779
0.80943
0.79581
0.71103
0.6866
0.2925
-0.23319
-0.53773
-0.80486
-0.77305
-1.0059
-1.0821
-1.155
-1.3167
-1.4419
-1.4279
-1.2481
-1.0329
-0.76252
-0.52063
-0.18984
0.26351
0.85796
1.2117
1.4092
1.5147
1.5208
1.3316
0.89663
0.51503
0.38118
0.21775
0.21485
0.040768
-0.26197
-0.63777
-0.80396
-1.0319
-1.1915
-1.2746
-1.3172
-1.3834
-1.4031
-1.4426
-1.5516
-1.531
-1.2876
-0.77581
-0.25323
0.2479
0.94936
0.64475
0
0
0.47029
0.71636
-0.12198
-0.19607
-0.60582
-1.5499
-1.3956
-0.91317
-0.89515
-0.70248
-1.0669
-1.4182
-1.5248
-1.4886
-1.4962
-1.3522
-1.1489
-0.74339
-0.2036
0.30429
0.27665
0.21766
0.12507
0.40771
1.0743
1.3435
1.6415
1.5507
1.3395
1.2282
1.0117
0.85075
0.57589
0.35791
0.38415
0.38916
0.51771
0.84151
1.1389
1.2213
1.2507
1.2491
1.1926
1.1565
1.0994
1.0625
0.95418
0.80232
0.7455
0.7681
0.83168
0.87378
0.97138
1.0627
1.2416
1.327
1.2853
1.0163
0.48654
-0.080245
-0.75109
-1.1149
-1.3372
-1.3568
-1.3233
-1.2934
-0.92942
-0.75282
-0.35691
0.054833
0.45481
0.6641
0.86172
0.86295
0.93366
0.9854
1.0437
1.0495
1.109
1.1926
1.2781
1.3317
1.287
1.1785
1.0028
0.90277
0.92798
0.94289
0.93376
0.8502
0.81954
0.47489
0.045266
-0.40567
-1.3262
-1.5733
-1.3036
-0.34823
0.054819
0.50109
0.66879
0.46702
0.57165
0.49352
0.73265
0.87075
1.1889
1.4918
1.6669
1.5617
1.2583
1.0141
0.80958
0.79887
0.86545
0.87054
0.92702
1.1805
1.2359
0.68892
0.42388
0
-0.16483
-0.30675
-0.79515
-1.0057
-0.98237
-1.086
-1.0547
-1.0857
-1.1216
-1.0943
-1.094
-1.1504
-1.1924
-1.3266
-1.4047
-1.4625
-1.2367
-0.98391
-0.69071
-0.35177
-0.054028
0.11385
0.38124
0.5916
0.85023
0.94786
1.0644
1.1777
1.3242
1.19
1.3225
1.259
1.2718
1.2702
1.3112
1.2014
0.67635
0.22813
0
-0.10034
0.15219
-0.25028
-0.4836
-0.69008
-0.8679
-1.2264
-1.471
-1.4443
-1.2568
-1.3782
-1.1641
-1.1761
-0.87141
-0.51995
-0.30364
0.077144
0.077647
0.30869
0.83186
0.87697
1.0825
1.0266
1.0331
1.2147
1.2125
1.3282
1.1359
0.65459
0.05294
-0.41028
-0.69447
-1.0037
-1.0799
-1.1872
-1.4209
-1.346
-1.1463
-0.75202
0.26347
0.3015
0.22353
-0.12001
-0.24784
-0.61415
-1.521
-0.75218
0.28704
1.0814
1.1389
0.72539
0.87309
0.6595
0.87744
0.87622
1.1249
0.98222
1.0877
0.95042
0.94225
0.95548
0.96253
1.184
1.2363
1.2697
0.98733
0.87501
0.64938
0.34017
0.087017
-0.38999
-0.79753
-1.0303
-0.95222
-0.66712
-0.6637
-0.87385
-1.0464
-1.1063
-1.2375
-1.3574
-1.3762
-1.24
-1.1054
-0.93713
-0.73881
-0.67086
-0.14085
0.46235
1.2423
1.5551
1.1103
0.67404
0.28044
0
-0.076045
0.14376
0.40243
0.90208
1.2708
1.297
1.2037
1.3083
1.3099
1.216
1.1929
1.1361
1.1675
1.1204
0.88026
0.54005
0.065332
-0.1311
-0.31935
-0.57308
-0.77439
-0.89044
-0.99968
-1.0217
-1.136
-1.1254
-1.1144
-1.0755
-1.0217
-1.0095
-1.0541
-1.1067
-1.0964
-1.1373
-1.154
-1.226
-1.2491
-1.2675
-1.1
-1.2281
-0.77993
-0.37889
0.41875
0.33647
-0.67145
-1.5247
-1.1146
-0.096779
0.4618
0.79906
0.32604
0.65644
0.70963
1.1926
1.2893
1.3299
1.3679
1.1409
0.65982
0.53991
0.6997
0.86692
0.74534
0.44866
-0.11819
-0.46962
-0.73252
-0.79842
-0.91312
-1.0041
-1.0342
-1.0898
-1.1022
-1.0908
-1.0833
-1.0869
-1.1065
-1.1365
-1.1821
-1.203
-1.1879
-1.1636
-1.1331
-1.1125
-1.0959
-1.0818
-1.0633
-1.0153
-0.98352
-0.95
-0.93329
-0.93627
-0.98826
-1.0939
-1.1755
-1.2429
-1.2864
-1.1924
-0.95881
-0.65298
-0.77133
-0.020775
0.022001
1.782
0.85932
1.2937
0.045006
0.10753
-0.16186
-0.52679
-0.92078
-1.2807
-1.3603
-1.2505
-1.0183
-0.56255
0.18798
1.0748
1.7577
1.9319
1.5829
0.99756
0.5023
0.059584
-0.30329
-0.58967
-0.8514
-1.006
-1.0616
-1.0675
-1.0277
-0.99215
-0.93166
-0.92031
-0.94332
-1.0143
-1.029
-1.06
-1.0618
-1.0611
-1.0592
-1.0847
-1.0891
-1.0939
-1.0924
-1.1042
-1.0947
-1.076
-1.0531
-1.0315
-1.0171
-1.0242
-1.0148
-0.99496
-0.96408
-0.97851
-0.95891
-0.93805
-0.91711
-0.93152
-0.94968
-0.98223
-1.0318
-1.0729
-1.1252
-1.1798
-1.236
-1.2666
-1.3401
-1.3331
-1.2347
-1.022
-0.78143
-0.52219
-0.24323
-0.016849
0.22231
0.4666
0.70814
0.91861
1.1059
1.1988
1.2043
1.1747
1.1824
1.192
1.1898
1.2057
1.1996
1.1522
1.0545
1.0041
0.98299
0.99621
1
1.0304
1.0171
0.98832
0.97968
0.97454
1.0233
1.0741
1.1083
1.119
1.1224
1.1267
1.1362
1.1295
1.1001
1.0849
1.0479
1.0328
1.0441
1.0567
1.075
1.1076
1.1479
1.1802
1.1682
1.1464
1.112
1.0821
1.0902
1.0828
1.0878
1.0703
1.0623
1.0203
0.9507
0.9462
0.94238
0.87885
0.86555
0.83
0.93894
1.0032
0.97339
1.0266
1.0887
0.89979
0.83882
0.69169
0.62484
0.73989
0.76427
0.71872
0.85538
0.94034
1.0028
0.8634
0.90517
0.84822
0.91201
1.0042
1.1086
1.1924
1.1934
1.1837
1.1643
1.1553
1.1911
1.2301
1.2399
1.2369
1.2048
1.15
0.98781
0.85756
0.68196
0.614
0.42646
0.40337
0.34039
0.47365
1.271
1.6741
1.7561
0.8193
-0.41229
-1.11
-1.1381
-0.356
0.75967
1.3606
1.4217
0.88346
0.30091
-0.1967
-0.54057
-0.81714
-1.0274
-1.1807
-1.2751
-1.3352
-1.3816
-1.3734
-1.3547
-1.3112
-1.279
-1.1659
-1.0517
-0.83746
-0.57632
-0.35914
-0.28618
-0.43119
-0.68971
-0.96578
-1.1935
-1.2141
-1.1512
-1.1462
-1.2141
-1.2981
-1.4165
-1.4818
-1.4568
-1.3331
-1.1274
-0.93716
-0.64244
-0.54505
-0.37395
-0.17203
0.40348
0.70487
1.0507
1.109
1.0902
1.0707
0.98384
0.96504
0.87231
0.91347
1.0134
0.98406
1.0552
1.0932
1.1556
1.2241
1.1774
1.1138
0.99378
0.93083
0.96651
0.98479
1.0493
0.9493
0.95883
0.92199
0.82725
0.8686
0.79312
0.76289
0.78224
0.89229
1.0042
1.0576
1.078
0.98553
0.94797
0.97484
0.97029
0.91247
0.90358
0.96529
0.99127
0.96049
0.97447
0.9706
0.99782
1.0559
1.1449
1.2136
1.1547
1.065
1.0344
0.88999
0.91018
0.93433
0.80959
0.68519
0.68264
0.71139
0.80224
0.84645
0.93334
1.0046
1.1255
1.2623
1.3416
1.3949
1.4194
1.4904
1.4704
1.3509
1.0541
0.76298
0.2637
-0.15691
-0.17045
0
0.53583
1.0279
1.2278
1.293
1.2875
1.0145
0.65333
0.086767
-0.50792
-0.96567
-1.3574
-1.5062
-1.4847
-1.3802
-1.3183
-1.0755
-0.84489
-0.57366
-0.213
-0.08889
-0.11117
-0.35195
-0.59524
-0.81322
-0.96265
-1.0207
-1.0485
-1.1044
-1.1416
-1.1899
-1.2393
-1.2822
-1.3114
-1.311
-1.2961
-1.2423
-1.1925
-1.1242
-1.0246
-0.87437
-0.70046
-0.57423
-0.44494
-0.56238
-0.81594
-1.1831
-1.4358
-1.2985
-1.1776
-0.7001
-0.27771
0.21411
0.55353
0.64927
0.7585
0.91134
1.0408
1.2141
1.2816
1.2363
1.1327
1.0404
0.94783
0.92566
0.90796
0.86492
0.87562
0.95248
1.0387
1.1026
1.1629
1.2151
1.2511
1.2577
1.2351
1.1054
0.99084
0.82946
0.62148
0.45631
0.24424
0.026797
-0.28523
-0.59326
-0.88764
-1.1011
-1.396
-1.5901
-1.5727
-1.2001
-1.1145
-1.0797
-1.2421
-1.4716
-1.0284
-0.5682
0.039175
0.17389
0.093863
0.053931
0.3232
0.94228
1.3608
1.4736
1.393
1.4073
1.425
1.4023
1.2337
1.095
0.92826
0.77329
0.74983
0.954
1.0256
1.1193
0.98967
0.5321
0.24553
-0.24986
-0.55951
-0.86692
-0.90212
-1.2009
-1.7955
-1.4505
-1.3059
-0.38611
-0.51844
-0.46486
-0.66266
-0.75814
-0.8144
-0.9422
-1.024
-1.0779
-1.1011
-1.1059
-1.1065
-1.1249
-1.1568
-1.1881
-1.2666
-1.3381
-1.3855
-1.3859
-1.2817
-1.0978
-0.90521
-0.72201
-0.59713
-0.5106
-0.4552
-0.59402
-0.71373
-0.86713
-1.0397
-1.3536
-1.4979
-1.5639
-1.4287
-0.89949
-0.53654
0.086745
0.20517
0.3832
0.08848
-0.11779
-0.4708
-1.1506
-1.6653
-1.5681
-1.5066
-1.4788
-1.3201
-0.42631
0.33061
0.72172
0.28691
-0.36285
-0.58726
-0.60629
-0.35824
-0.019598
0.5121
1.1031
1.4709
1.6301
1.5751
1.5133
1.3201
1.1811
1.0591
0.91363
0.84773
0.86366
0.86728
0.93169
0.92922
0.9248
0.88333
0.85558
0.85892
0.90213
0.93603
0.97122
1.0351
1.1313
1.1733
1.2224
1.2737
1.3204
1.342
1.3065
1.2508
1.1271
1.0596
0.71409
0.23558
-0.3633
-0.9517
-1.0211
-0.89183
-0.32368
0.43838
0.79452
0.93342
1.137
0.89578
0.91908
1.1221
1.074
1.0645
0.93524
0.97549
0.7105
0.69331
0.6592
0.82752
1.0653
1.1787
1.2741
1.2528
1.2232
1.084
0.86268
0.34608
0.12156
-0.20161
-0.37591
-0.64288
-0.65587
-0.78549
-0.94944
-1.1806
-1.3926
-1.5699
-1.6518
-1.5759
-1.3726
-1.1837
-0.94834
-0.58097
-0.21524
0.16942
0.4916
0.71272
0.85473
1.0324
1.0513
0.99622
0.97563
1.0704
0.98573
0.98355
1.0251
0.98239
1.0248
1.0795
1.1475
1.2692
1.2174
1.2055
1.097
0.7822
0.43879
0.19847
-0.24971
-0.5225
-0.68884
-0.87197
-1.049
-1.1777
-1.2424
-1.296
-1.3419
-1.356
-1.2559
-1.2347
-0.98651
-0.73727
-0.39684
-0.4036
-0.64727
-0.80242
-0.94364
-1.13
-0.79529
-0.43758
0.6634
0
0.11694
-0.35307
-0.71631
-0.96319
-1.5945
-2.1035
-2.028
-1.7878
-1.3356
-1.0514
-0.91633
-0.88809
-0.89521
-0.87083
-0.84106
-0.85328
-0.86321
-0.88172
-0.92044
-0.9649
-1.0136
-1.0652
-1.1191
-1.1273
-1.1125
-1.09
-1.0789
-1.0853
-1.0954
-1.1102
-1.0999
-1.081
-1.0733
-1.0627
-1.0538
-1.0561
-1.0502
-1.05
-1.0552
-1.0979
-1.1143
-1.1179
-1.1057
-1.0806
-1.0533
-1.0225
-1.0336
-1.029
-1.0406
-1.0532
-1.0367
-1.0058
-0.94428
-0.92335
-0.86568
-0.82412
-0.86295
-0.97199
-1.0482
-1.186
-1.3688
-1.2792
-0.98048
-0.6274
-0.40354
-0.050681
0.04889
0.13611
0.32572
0.53407
0.85767
1.126
1.392
1.4782
1.4543
1.3181
1.1892
1.0273
0.88464
0.87106
0.83238
0.8239
0.89577
0.91268
0.92782
0.92869
0.91442
0.92408
0.94518
0.94899
0.98903
0.97148
0.98271
1.0053
1.0253
1.0446
1.0779
1.0946
1.092
1.0841
1.0888
1.0606
1.0615
1.0569
1.0743
1.0788
1.0805
1.0839
1.0817
1.0544
1.0485
1.0271
1.0016
0.99634
0.98663
0.97264
0.96703
0.97011
0.95889
0.94663
0.96835
0.99584
1.0139
1.019
1.0394
1.0977
1.1791
1.2422
1.2873
1.2564
1.2475
1.2303
1.1955
1.0862
0.93241
0.8411
0.7245
0.6942
0.70457
0.7431
0.84377
0.92811
1.062
1.1237
1.2393
1.2853
1.3216
1.2774
1.2197
1.1455
1.1416
1.0552
0.98264
0.87502
0.85274
0.8623
0.87868
0.81109
0.77448
0.82093
0.7319
0.74659
0.77192
0.84088
0.92389
1.1312
1.2378
1.3263
1.3536
1.2682
1.2239
1.096
1.035
0.92586
0.77533
0.71507
0.76633
0.65265
0.603
0.60145
0.65695
0.74557
1.0076
1.2231
1.1003
0.89653
0.79946
1.0165
1.3931
1.5784
1.2708
0.76762
-0.17527
-0.098621
-0.10844
-0.23119
-0.71282
-0.93896
-1.0033
-0.61264
-0.18145
0.55181
1.1491
1.1547
0.19817
-0.98916
-1.4798
-1.5009
-1.1252
-1.0497
-1.2156
-1.0337
-0.61596
-0.17505
0.24459
0.33574
0.61267
0.88257
1.1504
1.1947
1.0904
0.95101
0.91771
1.0828
1.1786
1.3435
1.3078
1.2577
1.0747
1.0825
0.59258
0.22387
0.32868
0.17452
-0.17791
-0.1739
-0.89824
-1.037
-0.85032
-1.0786
-0.9295
-1.0569
-1.0346
-1.0193
-1.1671
-1.2013
-1.2318
-1.2389
-1.1981
-0.85408
-0.58291
-0.31425
0
0.38048
0.88778
1.5002
1.3914
1.1155
-0.059064
-0.79143
-0.97356
-0.52967
-0.27543
0.049999
0.57451
0.65047
1.0786
1.1105
1.0866
1.0741
1.0571
1.1055
1.0791
1.0669
1.0454
1.1097
1.0644
1.0494
1.0083
0.89365
0.86786
0.85268
0.87292
0.97642
1.0758
1.1478
1.1353
1.2832
1.3728
1.0881
0.95053
0.52616
0.10263
0
-0.20013
-0.50035
-0.65475
-0.73466
-0.97773
-1.1045
-1.2699
-1.2829
-1.2379
-1.1579
-1.0999
-1.1341
-1.1978
-1.3288
-1.3474
-1.2702
-1.0029
-0.46938
-0.18177
-0.058897
-0.40512
-0.95519
-1.4519
-1.7982
-1.8302
-1.4033
-0.64857
-0.067646
0.16886
-0.2332
-0.84046
-1.2426
-1.414
-1.4333
-1.2358
-0.89347
-0.57278
-0.32451
-0.2287
-0.29354
-0.60402
-0.94947
-1.2276
-1.3789
-1.414
-1.3487
-1.2773
-1.2175
-1.1673
-1.1154
-1.0506
-0.97069
-0.90104
-0.84045
-0.80672
-0.77246
-0.72884
-0.77844
-0.85891
-0.96422
-1.0416
-1.1134
-1.1628
-1.2117
-1.2263
-1.3141
-1.2905
-1.3364
-1.3546
-1.2867
-1.0896
-0.92911
-0.6004
-0.20131
0.34322
0.37536
0.26255
0
-0.064225
-0.66596
-1.0051
-1.4228
-1.4715
-1.5403
-1.2494
-1.2131
-0.8624
-0.68046
-0.38474
0
0.49723
0.83168
0.66541
0.61174
0.61362
0.83325
0.90476
1.0664
1.2182
1.3821
1.5777
1.5963
1.5422
1.3608
1.084
0.80949
0.62444
0.52197
0.49612
0.44893
0.45513
0.65276
0.82447
1.1555
1.3005
1.3842
1.2984
1.0305
-0.89218
