0.91473
0.913
0.91127
0.90954
0.9078
0.90606
0.90432
0.90258
0.90084
0.8991
0.89737
0.89563
0.8939
0.89217
0.89044
0.88872
0.887
0.88529
0.88359
0.88189
0.8802
0.87851
0.87684
0.87517
0.87351
0.87187
0.87023
0.86861
0.867
0.8654
0.86381
0.86224
0.86069
0.85915
0.85762
0.85612
0.85463
0.85315
0.8517
0.85027
0.84885
0.84746
0.84609
0.84474
0.84341
0.84211
0.84083
0.83957
0.83834
0.83713
0.83596
0.8348
0.83368
0.83259
0.83152
0.83048
0.82948
0.8285
0.82756
0.82665
0.82577
0.82492
0.82411
0.82334
0.8226
0.82189
0.82122
0.82059
0.82
0.81944
0.81892
0.81844
0.81801
0.81761
0.81725
0.81694
0.81667
0.81644
0.81625
0.81611
0.81601
0.81596
0.81595
0.81599
0.81607
0.8162
0.81638
0.81661
0.81689
0.81721
0.81759
0.81801
0.81848
0.81901
0.81959
0.82021
0.82089
0.82163
0.82241
0.82325
0.82414
0.82509
0.82609
0.82715
0.82826
0.82943
0.83065
0.83193
0.83327
0.83466
0.83611
0.83762
0.83918
0.8408
0.84248
0.84422
0.84602
0.84788
0.84979
0.85177
0.8538
0.85589
0.85805
0.86026
0.86253
0.86486
0.86725
0.86971
0.87222
0.87479
0.87742
0.88011
0.88286
0.88567
0.88854
0.89147
0.89446
0.8975
0.90061
0.90377
0.90699
0.91027
0.91361
0.91701
0.92046
0.92397
0.92754
0.93116
0.93483
0.93856
0.94235
0.94619
0.95008
0.95403
0.95802
0.96207
0.96617
0.97032
0.97451
0.97876
0.98305
0.98739
0.99178
0.9962
1.0007
1.0052
1.0097
1.0143
1.019
1.0237
1.0284
1.0331
1.0379
1.0427
1.0476
1.0524
1.0573
1.0623
1.0672
1.0722
1.0772
1.0823
1.0873
1.0924
1.0975
1.1026
1.1077
1.1128
1.1179
1.1231
1.1282
1.1334
1.1385
1.1437
1.1488
1.154
1.1591
1.1643
1.1694
1.1745
1.1796
1.1847
1.1898
1.1948
1.1999
1.2049
1.2099
1.2148
1.2197
1.2246
1.2295
1.2343
1.2391
1.2438
1.2485
1.2531
1.2577
1.2623
1.2668
1.2712
1.2756
1.2799
1.2842
1.2884
1.2925
1.2966
1.3006
1.3045
1.3084
1.3122
1.3159
1.3195
1.323
1.3265
1.3299
1.3332
1.3363
1.3394
1.3425
1.3454
1.3482
1.3509
1.3535
1.3561
1.3585
1.3608
1.363
1.3651
1.3671
1.369
1.3708
1.3724
1.374
1.3754
1.3767
1.3779
1.379
1.38
1.3808
1.3815
1.3821
1.3826
1.383
1.3832
1.3833
1.3833
1.3832
1.3829
1.3825
1.382
1.3814
1.3806
1.3797
1.3787
1.3776
1.3763
1.375
1.3735
1.3718
1.3701
1.3682
1.3662
1.3641
1.3618
1.3595
1.357
1.3544
1.3517
1.3488
1.3459
1.3428
1.3397
1.3364
1.333
1.3295
1.3258
1.3221
1.3183
1.3144
1.3103
1.3062
1.302
1.2976
1.2932
1.2887
1.2841
1.2794
1.2746
1.2697
1.2647
1.2597
1.2546
1.2494
1.2441
1.2388
1.2334
1.2279
1.2223
1.2167
1.211
1.2053
1.1995
1.1936
1.1877
1.1818
1.1758
1.1697
1.1637
1.1575
1.1514
1.1452
1.1389
1.1327
1.1264
1.12
1.1137
1.1073
1.1009
1.0945
1.0881
1.0817
1.0753
1.0688
1.0624
1.0559
1.0495
1.043
1.0366
1.0302
1.0237
1.0173
1.0109
1.0045
0.99815
0.9918
0.98547
0.97916
0.97287
0.96662
0.96039
0.95419
0.94803
0.94189
0.9358
0.92974
0.92372
0.91774
0.9118
0.90591
0.90006
0.89426
0.88851
0.8828
0.87714
0.87154
0.86599
0.86049
0.85505
0.84967
0.84434
0.83907
0.83386
0.82871
0.82362
0.81859
0.81363
0.80872
0.80389
0.79911
0.79441
0.78976
0.78519
0.78068
0.77624
0.77187
0.76757
0.76333
0.75917
0.75507
0.75105
0.74709
0.74321
0.7394
0.73566
0.73199
0.72839
0.72486
0.7214
0.71802
0.71471
0.71147
0.7083
0.7052
0.70218
0.69923
0.69634
0.69353
0.6908
0.68813
0.68554
0.68301
0.68056
0.67818
0.67586
0.67362
0.67145
0.66935
0.66732
0.66536
0.66347
0.66164
0.65989
0.6582
0.65659
0.65504
0.65355
0.65214
0.65079
0.64951
0.64829
0.64714
0.64606
0.64504
0.64408
0.64319
0.64236
0.6416
0.6409
0.64026
0.63969
0.63918
0.63872
0.63833
0.638
0.63774
0.63753
0.63738
0.63728
0.63725
0.63728
0.63736
0.6375
0.63769
0.63795
0.63825
0.63862
0.63904
0.63951
0.64003
0.64061
0.64124
0.64193
0.64266
0.64345
0.64429
0.64517
0.64611
0.64709
0.64813
0.64921
0.65034
0.65151
0.65274
0.654
0.65531
0.65667
0.65807
0.65951
0.661
0.66253
0.66409
0.6657
0.66735
0.66904
0.67077
0.67253
0.67433
0.67617
0.67805
0.67996
0.6819
0.68388
0.68589
0.68793
0.69001
0.69211
0.69425
0.69641
0.69861
0.70083
0.70307
0.70535
0.70765
0.70997
0.71232
0.71469
0.71708
0.7195
0.72193
0.72438
0.72686
0.72935
0.73186
0.73438
0.73692
0.73947
0.74204
0.74462
0.74721
0.74981
0.75243
0.75505
0.75768
0.76031
0.76296
0.76561
0.76826
0.77092
0.77358
0.77624
0.7789
0.78156
0.78423
0.78689
0.78954
0.7922
0.79485
0.79749
0.80013
0.80276
0.80538
0.80799
0.8106
0.81319
0.81577
0.81834
0.82089
0.82343
0.82596
0.82846
0.83096
0.83343
0.83589
0.83832
0.84074
0.84314
0.84551
0.84786
0.85019
0.85249
0.85477
0.85702
0.85925
0.86145
0.86362
0.86576
0.86788
0.86996
0.87202
0.87404
0.87603
0.87799
0.87991
0.8818
0.88366
0.88548
0.88727
0.88902
0.89073
0.89241
0.89405
0.89565
0.89722
0.89874
0.90022
0.90167
0.90308
0.90444
0.90577
0.90705
0.90829
0.90949
0.91065
0.91176
0.91284
0.91387
0.91485
0.9158
0.9167
0.91755
0.91837
0.91914
0.91986
0.92054
0.92118
0.92177
0.92232
0.92282
0.92328
0.92369
0.92406
0.92439
0.92467
0.92491
0.9251
0.92525
0.92536
0.92542
0.92544
0.92542
0.92535
0.92524
0.92508
0.92489
0.92465
0.92437
0.92405
0.92369
0.92328
0.92284
0.92236
0.92183
0.92127
0.92066
0.92002
0.91934
0.91863
0.91787
0.91708
0.91625
0.91538
0.91448
0.91355
0.91258
0.91158
0.91054
0.90947
0.90837
0.90723
0.90607
0.90487
0.90365
0.90239
0.90111
0.8998
0.89846
0.89709
0.8957
0.89428
0.89284
0.89137
0.88988
0.88837
0.88684
0.88528
0.8837
0.88211
0.88049
0.87886
0.8772
0.87553
0.87385
0.87214
0.87042
0.86869
0.86695
0.86519
0.86342
0.86163
0.85984
0.85804
0.85623
0.8544
0.85258
0.85074
0.8489
0.84705
0.84519
0.84334
0.84147
0.83961
0.83774
0.83587
0.834
0.83213
0.83026
0.8284
0.82653
0.82467
0.82281
0.82095
0.8191
0.81725
0.81541
0.81357
0.81174
0.80992
0.80811
0.8063
0.80451
0.80272
0.80095
0.79918
0.79743
0.79569
0.79396
0.79225
0.79055
0.78886
0.78719
0.78554
0.7839
0.78227
0.78066
0.77907
0.7775
0.77594
0.77441
0.77289
0.77139
0.76991
0.76845
0.76701
0.7656
0.7642
0.76282
0.76147
0.76014
0.75883
0.75754
0.75628
0.75504
0.75382
0.75263
0.75146
0.75031
0.74919
0.7481
0.74703
0.74598
0.74496
0.74397
0.743
0.74206
0.74114
0.74025
0.73939
0.73855
0.73774
0.73696
0.7362
0.73547
0.73476
0.73409
0.73344
0.73281
0.73222
0.73165
0.73111
0.73059
0.7301
0.72964
0.72921
0.7288
0.72842
0.72807
0.72774
0.72744
0.72717
0.72692
0.7267
0.72651
0.72634
0.7262
0.72608
0.72599
0.72593
0.72589
0.72588
0.72589
0.72593
0.72599
0.72607
0.72618
0.72632
0.72648
0.72666
0.72686
0.72709
0.72734
0.72762
0.72791
0.72823
0.72857
0.72893
0.72932
0.72972
0.73015
0.73059
0.73105
0.73154
0.73204
0.73257
0.73311
0.73367
0.73424
0.73484
0.73545
0.73608
0.73672
0.73739
0.73806
0.73875
0.73946
0.74018
0.74092
0.74167
0.74243
0.74321
0.74399
0.74479
0.74561
0.74643
0.74726
0.74811
0.74896
0.74982
0.75069
0.75158
0.75246
0.75336
0.75426
0.75518
0.75609
0.75702
0.75794
0.75888
0.75982
0.76076
0.76171
0.76266
0.76361
0.76457
0.76552
0.76648
0.76744
0.76841
0.76937
0.77033
0.77129
0.77225
0.77321
0.77417
0.77513
0.77608
0.77703
0.77798
0.77892
0.77986
0.7808
0.78173
0.78266
0.78358
0.78449
0.7854
0.7863
0.7872
0.78809
0.78897
0.78985
0.79071
0.79157
0.79242
0.79326
0.79409
0.79491
0.79572
0.79653
0.79732
0.7981
0.79887
0.79963
0.80038
0.80112
0.80184
0.80256
0.80326
0.80395
0.80463
0.8053
0.80595
0.80659
0.80722
0.80783
0.80843
0.80902
0.8096
0.81016
0.81071
0.81124
0.81176
0.81227
0.81276
0.81324
0.8137
0.81415
0.81459
0.81501
0.81542
0.81581
0.81619
0.81656
0.81691
0.81725
0.81757
0.81788
0.81817
0.81845
0.81872
0.81897
0.81921
0.81943
0.81964
0.81984
0.82002
0.82019
0.82035
0.82049
0.82062
0.82073
0.82083
0.82092
0.821
0.82106
0.82111
0.82114
0.82117
0.82118
0.82118
0.82116
0.82114
0.8211
0.82105
0.82099
0.82091
0.82083
0.82073
0.82062
0.8205
0.82037
0.82023
0.82008
0.81992
0.81974
0.81956
0.81936
0.81916
0.81895
0.81872
0.81849
0.81825
0.818
0.81773
0.81746
0.81718
0.8169
0.8166
0.81629
0.81598
0.81566
0.81533
0.81499
0.81465
0.81429
0.81393
0.81357
0.81319
0.81281
0.81242
0.81202
0.81162
0.81121
0.81079
0.81037
0.80994
0.80951
0.80907
0.80862
0.80817
0.80771
0.80725
0.80678
0.80631
0.80583
0.80535
0.80486
0.80437
0.80387
0.80337
0.80286
0.80235
0.80183
0.80131
0.80079
0.80026
0.79973
0.7992
0.79866
0.79812
0.79757
0.79702
0.79647
0.79592
0.79536
0.7948
0.79424
0.79367
0.7931
0.79253
0.79196
0.79138
0.79081
0.79023
0.78965
0.78906
0.78848
0.78789
0.7873
0.78672
0.78612
0.78553
0.78494
0.78435
0.78375
0.78316
0.78256
0.78197
0.78137
0.78077
0.78017
0.77958
0.77898
0.77838
0.77779
0.77719
0.77659
0.776
0.77541
0.77481
0.77422
0.77363
0.77304
0.77245
0.77187
0.77128
0.7707
0.77012
0.76954
0.76896
0.76839
0.76782
0.76725
0.76669
0.76612
0.76556
0.76501
0.76446
0.76391
0.76336
0.76282
0.76229
0.76176
0.76123
0.76071
0.76019
0.75968
0.75917
0.75867
0.75817
0.75768
0.7572
0.75672
0.75624
0.75578
0.75532
0.75487
0.75442
0.75398
0.75355
0.75313
0.75271
0.75231
0.75191
0.75152
0.75113
0.75076
0.75039
0.75004
0.74969
0.74935
0.74903
0.74871
0.7484
0.7481
0.74781
0.74754
0.74727
0.74702
0.74677
0.74654
0.74632
0.74611
0.74591
0.74572
0.74555
0.74539
0.74524
0.7451
0.74497
0.74486
0.74477
0.74468
0.74461
0.74455
0.74451
0.74448
0.74446
0.74446
0.74447
0.7445
0.74454
0.7446
0.74467
0.74475
0.74485
0.74497
0.7451
0.74525
0.74541
0.74559
0.74578
0.74599
0.74622
0.74646
0.74672
0.74699
0.74728
0.74759
0.74791
0.74825
0.74861
0.74898
0.74937
0.74977
0.75019
0.75063
0.75109
0.75156
0.75205
0.75256
0.75308
0.75362
0.75418
0.75475
0.75534
0.75595
0.75657
0.75721
0.75787
0.75854
0.75923
0.75994
0.76066
0.7614
0.76215
0.76293
0.76372
0.76452
0.76534
0.76618
0.76703
0.7679
0.76878
0.76968
0.77059
0.77152
0.77247
0.77343
0.7744
0.77539
0.77639
0.77741
0.77844
0.77949
0.78055
0.78162
0.78271
0.78381
0.78492
0.78604
0.78718
0.78833
0.78949
0.79067
0.79185
0.79305
0.79426
0.79548
0.79671
0.79795
0.7992
0.80046
0.80173
0.803
0.80429
0.80559
0.80689
0.80821
0.80953
0.81085
0.81219
0.81353
0.81488
0.81623
0.81759
0.81896
0.82033
0.82171
0.82309
0.82447
0.82586
0.82726
0.82865
0.83005
0.83145
0.83285
0.83426
0.83566
0.83707
0.83848
0.83989
0.84129
0.8427
0.84411
0.84551
0.84691
0.84832
0.84972
0.85111
0.85251
0.8539
0.85528
0.85666
0.85804
0.85941
0.86078
0.86214
0.8635
0.86484
0.86619
0.86752
0.86885
0.87017
0.87148
0.87278
0.87407
0.87536
0.87663
0.87789
0.87915
0.88039
0.88162
0.88284
0.88405
0.88524
0.88643
0.8876
0.88875
0.88989
0.89102
0.89214
0.89324
0.89432
0.8954
0.89645
0.89749
0.89851
0.89952
0.90051
0.90148
0.90244
0.90337
0.9043
0.9052
0.90608
0.90695
0.90779
0.90862
0.90943
0.91022
0.91099
0.91173
0.91246
0.91317
0.91386
0.91452
0.91517
0.91579
0.91639
0.91698
0.91753
0.91807
0.91858
0.91908
0.91955
0.91999
0.92042
0.92082
0.9212
0.92155
0.92188
0.92219
0.92247
0.92274
0.92297
0.92318
0.92337
0.92354
0.92368
0.9238
0.92389
0.92396
0.924
0.92402
0.92402
0.92399
0.92393
0.92385
0.92375
0.92362
0.92347
0.92329
0.92309
0.92287
0.92262
0.92234
0.92204
0.92172
0.92137
0.921
0.92061
0.92019
0.91974
0.91927
0.91878
0.91827
0.91773
0.91717
0.91658
0.91597
0.91534
0.91468
0.914
0.9133
0.91257
0.91183
0.91106
0.91027
0.90945
0.90862
0.90776
0.90688
0.90598
0.90506
0.90411
0.90315
0.90217
0.90116
0.90014
0.89909
0.89803
0.89695
0.89584
0.89472
0.89358
0.89243
0.89125
0.89005
0.88884
0.88761
0.88637
0.8851
0.88383
0.88253
0.88122
0.87989
0.87855
0.87719
0.87582
0.87444
0.87304
0.87163
0.8702
0.86876
0.86731
0.86585
0.86437
0.86288
0.86139
0.85988
0.85836
0.85683
0.85529
0.85374
0.85219
0.85062
0.84905
0.84747
0.84588
0.84429
0.84269
0.84108
0.83947
0.83785
0.83623
0.8346
0.83297
0.83133
0.8297
0.82806
0.82641
0.82477
0.82312
0.82148
0.81983
0.81818
0.81654
0.81489
0.81325
0.8116
0.80996
0.80832
0.80669
0.80505
0.80343
0.8018
0.80018
0.79857
0.79696
0.79535
0.79376
0.79217
0.79058
0.78901
0.78744
0.78588
0.78433
0.78279
0.78126
0.77974
0.77823
0.77674
0.77525
0.77377
0.77231
0.77086
0.76942
0.768
0.76659
0.76519
0.76381
0.76245
0.76109
0.75976
0.75844
0.75714
0.75585
0.75458
0.75333
0.7521
0.75088
0.74969
0.74851
0.74735
0.74621
0.7451
0.744
0.74292
0.74186
0.74083
0.73981
0.73882
0.73785
0.7369
0.73597
0.73507
0.73419
0.73333
0.7325
0.73169
0.73091
0.73015
0.72941
0.7287
0.72801
0.72735
0.72671
0.7261
0.72552
0.72496
0.72443
0.72392
0.72344
0.72299
0.72256
0.72216
0.72179
0.72144
0.72112
0.72083
0.72057
0.72033
0.72012
0.71994
0.71979
0.71966
0.71956
0.71949
0.71945
0.71944
0.71945
0.7195
0.71957
0.71967
0.71979
0.71995
0.72013
0.72034
0.72058
0.72085
0.72114
0.72147
0.72182
0.7222
0.7226
0.72304
0.7235
0.72399
0.7245
0.72504
0.72561
0.72621
0.72683
0.72748
0.72816
0.72886
0.72959
0.73034
0.73112
0.73193
0.73276
0.73361
0.73449
0.7354
0.73632
0.73728
0.73825
0.73925
0.74028
0.74132
0.74239
0.74348
0.74459
0.74572
0.74688
0.74805
0.74925
0.75047
0.7517
0.75296
0.75423
0.75553
0.75684
0.75817
0.75952
0.76088
0.76226
0.76366
0.76507
0.7665
0.76794
0.7694
0.77087
0.77235
0.77385
0.77536
0.77688
0.77842
0.77996
0.78152
0.78308
0.78466
0.78624
0.78784
0.78944
0.79104
0.79266
0.79428
0.79591
0.79754
0.79918
0.80082
0.80246
0.80411
0.80576
0.80741
0.80907
0.81072
0.81237
0.81403
0.81568
0.81733
0.81898
0.82063
0.82228
0.82392
0.82555
0.82719
0.82881
0.83043
0.83205
0.83366
0.83526
0.83685
0.83843
0.84001
0.84157
0.84313
0.84467
0.8462
0.84772
0.84923
0.85073
0.85221
0.85368
0.85514
0.85658
0.858
0.85941
0.86081
0.86219
0.86355
0.86489
0.86622
0.86753
0.86881
0.87009
0.87134
0.87257
0.87378
0.87497
0.87614
0.87729
0.87842
0.87952
0.88061
0.88167
0.88271
0.88373
0.88472
0.88569
0.88664
0.88756
0.88846
0.88933
0.89018
0.891
0.8918
0.89258
0.89333
0.89405
0.89475
0.89542
0.89607
0.89669
0.89729
0.89786
0.8984
0.89892
0.89941
0.89988
0.90031
0.90073
0.90111
0.90147
0.90181
0.90211
0.90239
0.90265
0.90288
0.90308
0.90326
0.90341
0.90353
0.90363
0.9037
0.90375
0.90377
0.90377
0.90374
0.90369
0.90361
0.9035
0.90338
0.90322
0.90305
0.90285
0.90262
0.90238
0.9021
0.90181
0.90149
0.90115
0.90079
0.9004
0.89999
0.89957
0.89911
0.89864
0.89815
0.89763
0.8971
0.89654
0.89597
0.89537
0.89476
0.89412
0.89347
0.89279
0.8921
0.89139
0.89067
0.88992
0.88916
0.88838
0.88759
0.88677
0.88595
0.8851
0.88424
0.88337
0.88248
0.88157
0.88065
0.87972
0.87877
0.87781
0.87684
0.87585
0.87486
0.87384
0.87282
0.87179
0.87074
0.86968
0.86861
0.86754
0.86645
0.86535
0.86424
0.86312
0.86199
0.86086
0.85971
0.85856
0.8574
0.85623
0.85506
0.85388
0.85269
0.85149
0.85029
0.84908
0.84787
0.84665
0.84543
0.8442
0.84297
0.84173
0.84049
0.83925
0.838
0.83675
0.83549
0.83424
0.83298
0.83172
0.83046
0.82919
0.82793
0.82666
0.8254
0.82413
0.82286
0.8216
0.82033
0.81907
0.8178
0.81654
0.81528
0.81402
0.81276
0.8115
0.81025
0.809
0.80776
0.80651
0.80527
0.80404
0.80281
0.80158
0.80036
0.79915
0.79793
0.79673
0.79553
0.79434
0.79315
0.79198
0.7908
0.78964
0.78848
0.78734
0.7862
0.78507
0.78394
0.78283
0.78173
0.78063
0.77955
0.77848
0.77742
0.77636
0.77532
0.7743
0.77328
0.77228
0.77129
0.77031
0.76934
0.76839
0.76745
0.76653
0.76562
0.76473
0.76385
0.76298
0.76213
0.7613
0.76048
0.75969
0.7589
0.75814
0.75739
0.75666
0.75595
0.75525
0.75458
0.75392
0.75328
0.75266
0.75207
0.75149
0.75093
0.7504
0.74988
0.74939
0.74892
0.74847
0.74804
0.74763
0.74725
0.74689
0.74655
0.74624
0.74595
0.74568
0.74544
0.74523
0.74504
0.74487
0.74473
0.74461
0.74452
0.74446
0.74442
0.74441
0.74442
0.74447
0.74454
0.74463
0.74476
0.74491
0.74509
0.74529
0.74553
0.74579
0.74608
0.7464
0.74675
0.74713
0.74754
0.74797
0.74844
0.74893
0.74945
0.75001
0.75059
0.7512
0.75184
0.75251
0.75321
0.75394
0.7547
0.75549
0.75631
0.75716
0.75804
0.75894
0.75988
0.76085
0.76184
0.76287
0.76392
0.765
0.76612
0.76726
0.76843
0.76962
0.77085
0.7721
0.77338
0.77469
0.77603
0.77739
0.77879
0.7802
0.78165
0.78312
0.78461
0.78614
0.78768
0.78925
0.79085
0.79247
0.79411
0.79578
0.79747
0.79918
0.80091
0.80267
0.80444
0.80624
0.80805
0.80989
0.81174
0.81362
0.81551
0.81741
0.81934
0.82128
0.82323
0.8252
0.82718
0.82918
0.83119
0.83321
0.83524
0.83729
0.83934
0.8414
0.84347
0.84554
0.84763
0.84972
0.85181
0.85391
0.85601
0.85812
0.86022
0.86233
0.86443
0.86654
0.86864
0.87074
0.87284
0.87493
0.87702
0.8791
0.88117
0.88324
0.88529
0.88734
0.88937
0.89139
0.8934
0.8954
0.89738
0.89934
0.90129
0.90322
0.90513
0.90702
0.90889
0.91074
0.91257
0.91437
0.91615
0.9179
0.91963
0.92133
0.923
0.92465
0.92626
0.92784
0.92939
0.93091
0.9324
0.93385
0.93527
0.93665
0.938
0.93931
0.94058
0.94181
0.943
0.94415
0.94526
0.94634
0.94736
0.94835
0.94929
0.95019
0.95105
0.95186
0.95262
0.95334
0.95401
0.95464
0.95522
0.95575
0.95623
0.95667
0.95706
0.95739
0.95768
0.95792
0.95811
0.95825
0.95835
0.95839
0.95838
0.95832
0.95821
0.95805
0.95784
0.95758
0.95727
0.95691
0.9565
0.95605
0.95554
0.95498
0.95438
0.95372
0.95302
0.95227
0.95147
0.95062
0.94973
0.94879
0.94781
0.94678
0.9457
0.94458
0.94342
0.94221
0.94096
0.93967
0.93834
0.93697
0.93555
0.9341
0.93261
0.93108
0.92952
0.92791
0.92628
0.9246
0.9229
0.92116
0.91939
0.91759
0.91576
0.9139
0.91201
0.9101
0.90816
0.90619
0.9042
0.90218
0.90015
0.89809
0.89601
0.89391
0.8918
0.88967
0.88752
0.88535
0.88318
0.88099
0.87878
0.87657
0.87435
0.87212
0.86988
0.86763
0.86538
0.86313
0.86087
0.85861
0.85635
0.85409
0.85183
0.84957
0.84731
0.84506
0.84281
0.84057
0.83834
0.83611
0.83389
0.83169
0.82949
0.8273
0.82513
0.82297
0.82083
0.8187
0.81659
0.81449
0.81242
0.81036
0.80832
0.8063
0.80431
0.80233
0.80038
0.79845
0.79655
0.79467
0.79282
0.79099
0.78919
0.78742
0.78568
0.78396
0.78228
0.78062
0.779
0.77741
0.77585
0.77432
0.77283
0.77137
0.76994
0.76855
0.76719
0.76587
0.76458
0.76333
0.76211
0.76094
0.75979
0.75869
0.75763
0.7566
0.75561
0.75466
0.75375
0.75287
0.75204
0.75124
0.75049
0.74977
0.7491
0.74846
0.74787
0.74731
0.74679
0.74632
0.74588
0.74549
0.74513
0.74482
0.74455
0.74431
0.74412
0.74396
0.74385
0.74378
0.74374
0.74375
0.74379
0.74388
0.744
0.74416
0.74436
0.7446
0.74488
0.7452
0.74555
0.74594
0.74637
0.74684
0.74734
0.74787
0.74845
0.74906
0.7497
0.75038
0.75109
0.75184
0.75262
0.75343
0.75427
0.75515
0.75606
0.757
0.75797
0.75897
0.76
0.76105
0.76214
0.76325
0.76439
0.76556
0.76675
0.76797
0.76921
0.77048
0.77176
0.77308
0.77441
0.77576
0.77714
0.77853
0.77994
0.78137
0.78282
0.78429
0.78577
0.78726
0.78878
0.7903
0.79184
0.79338
0.79494
0.79651
0.79809
0.79968
0.80128
0.80288
0.80449
0.80611
0.80773
0.80935
0.81098
0.8126
0.81423
0.81586
0.81749
0.81912
0.82074
0.82237
0.82398
0.8256
0.8272
0.82881
0.8304
0.83199
0.83356
0.83513
0.83669
0.83823
0.83977
0.84129
0.8428
0.84429
0.84577
0.84723
0.84867
0.8501
0.85151
0.8529
0.85427
0.85563
0.85696
0.85827
0.85955
0.86082
0.86206
0.86328
0.86447
0.86564
0.86678
0.8679
0.86899
0.87005
0.87109
0.8721
0.87308
0.87403
0.87495
0.87584
0.87671
0.87754
0.87834
0.87911
0.87985
0.88056
0.88124
0.88189
0.8825
0.88309
0.88364
0.88415
0.88464
0.88509
0.88551
0.8859
0.88626
0.88658
0.88687
0.88713
0.88736
0.88755
0.88771
0.88784
0.88794
0.888
0.88804
0.88804
0.88801
0.88795
0.88786
0.88774
0.88759
0.88742
0.88721
0.88697
0.8867
0.88641
0.88608
0.88573
0.88536
0.88495
0.88452
0.88407
0.88359
0.88308
0.88255
0.882
0.88142
0.88082
0.8802
0.87956
0.8789
0.87821
0.87751
0.87679
0.87605
0.87529
0.87451
0.87372
0.87291
0.87208
0.87124
0.87039
0.86952
0.86864
0.86775
0.86685
0.86593
0.865
0.86407
0.86312
0.86217
0.86121
0.86024
0.85926
0.85828
0.8573
0.8563
0.85531
0.85431
0.85331
0.8523
0.8513
0.85029
0.84928
0.84828
0.84727
0.84626
0.84526
0.84426
0.84326
0.84226
0.84127
0.84028
0.8393
0.83833
0.83736
0.83639
0.83543
0.83448
0.83354
0.83261
0.83168
0.83076
0.82986
0.82896
0.82807
0.82719
0.82633
0.82547
0.82463
0.8238
0.82298
0.82217
0.82138
0.8206
0.81983
0.81907
0.81833
0.81761
0.81689
0.81619
0.81551
0.81484
0.81419
0.81355
0.81292
0.81231
0.81172
0.81114
0.81058
0.81003
0.8095
0.80899
0.80849
0.808
0.80754
0.80708
0.80665
0.80623
0.80582
0.80543
0.80506
0.8047
0.80436
0.80403
0.80372
0.80343
0.80315
0.80288
0.80263
0.8024
0.80218
0.80197
0.80178
0.8016
0.80144
0.80129
0.80115
0.80103
0.80093
0.80083
0.80075
0.80068
0.80062
0.80058
0.80055
0.80053
0.80052
0.80052
0.80054
0.80057
0.8006
0.80065
0.80071
0.80078
0.80085
0.80094
0.80104
0.80114
0.80126
0.80138
0.80151
0.80165
0.8018
0.80196
0.80212
0.80229
0.80246
0.80265
0.80284
0.80303
0.80324
0.80344
0.80366
0.80387
0.8041
0.80432
0.80456
0.80479
0.80504
0.80528
0.80553
0.80578
0.80604
0.8063
0.80656
0.80683
0.8071
0.80737
0.80764
0.80792
0.8082
0.80848
0.80877
0.80905
0.80934
0.80963
0.80992
0.81021
0.81051
0.81081
0.81111
0.81141
0.81171
0.81201
0.81232
0.81263
0.81294
0.81325
0.81356
0.81387
0.81419
0.81451
0.81483
0.81515
0.81548
0.81581
0.81614
0.81647
0.81681
0.81715
0.81749
0.81784
0.81819
0.81854
0.8189
0.81926
0.81963
0.82
0.82037
0.82075
0.82114
0.82153
0.82193
0.82233
0.82274
0.82316
0.82359
0.82402
0.82446
0.82491
0.82536
0.82583
0.8263
0.82678
0.82728
0.82778
0.82829
0.82882
0.82935
0.8299
0.83046
0.83103
0.83162
0.83222
0.83283
0.83345
0.83409
0.83474
0.83541
0.8361
0.8368
0.83752
0.83825
0.839
0.83977
0.84056
0.84136
0.84218
0.84303
0.84389
0.84477
0.84567
0.84659
0.84754
0.8485
0.84949
0.8505
0.85153
0.85259
0.85367
0.85477
0.85589
0.85705
0.85822
0.85942
0.86065
0.8619
0.86318
0.86448
0.86581
0.86717
0.86855
0.86996
0.8714
0.87287
0.87437
0.87589
0.87745
0.87903
0.88064
0.88228
0.88395
0.88565
0.88738
0.88913
0.89092
0.89274
0.89459
0.89647
0.89838
0.90032
0.90229
0.90429
0.90632
0.90839
0.91048
0.9126
0.91475
0.91694
0.91915
0.9214
0.92367
0.92597
0.92831
0.93067
0.93306
0.93548
0.93793
0.94041
0.94292
0.94545
0.94801
0.9506
0.95322
0.95587
0.95854
0.96123
0.96395
0.9667
0.96947
0.97227
0.97508
0.97793
0.98079
0.98368
0.98658
0.98951
0.99246
0.99543
0.99841
1.0014
1.0044
1.0075
1.0105
1.0136
1.0167
1.0198
1.0229
1.026
1.0291
1.0323
1.0354
1.0386
1.0418
1.0449
1.0481
1.0513
1.0545
1.0576
1.0608
1.064
1.0672
1.0704
1.0736
1.0767
1.0799
1.0831
1.0862
1.0894
1.0925
1.0956
1.0987
1.1018
1.1049
1.108
1.111
1.114
1.117
1.12
1.123
1.1259
1.1288
1.1317
1.1345
1.1374
1.1401
1.1429
1.1456
1.1483
1.151
1.1536
1.1562
1.1587
1.1612
1.1636
1.166
1.1684
1.1707
1.173
1.1752
1.1773
1.1794
1.1815
1.1835
1.1854
1.1873
1.1892
1.1909
1.1927
1.1943
1.1959
1.1974
1.1989
1.2003
1.2016
1.2028
1.204
1.2051
1.2062
1.2072
1.2081
1.2089
1.2097
1.2103
1.2109
1.2115
1.2119
1.2123
1.2126
1.2128
1.2129
1.213
1.213
1.2129
1.2127
1.2124
1.212
1.2116
1.2111
1.2105
1.2098
1.209
1.2082
1.2072
1.2062
1.2051
1.2039
1.2026
1.2013
1.1998
1.1983
1.1967
1.195
1.1932
1.1914
1.1895
1.1874
1.1853
1.1831
1.1809
1.1785
1.1761
1.1736
1.171
1.1684
1.1657
1.1628
1.16
1.157
1.154
1.1509
1.1477
1.1445
1.1411
1.1378
1.1343
1.1308
1.1272
1.1236
1.1199
1.1161
1.1123
1.1084
1.1045
1.1005
1.0964
1.0923
1.0882
1.084
1.0797
1.0754
1.0711
1.0667
1.0622
1.0578
1.0532
1.0487
1.0441
1.0395
1.0348
1.0301
1.0254
1.0207
1.0159
1.0111
1.0062
1.0014
0.99652
0.99163
0.98672
0.9818
0.97686
0.97191
0.96695
0.96198
0.957
0.95201
0.94702
0.94203
0.93704
0.93204
0.92705
0.92206
0.91707
0.9121
0.90712
0.90216
0.89721
0.89227
0.88734
0.88243
0.87753
0.87266
0.8678
0.86296
0.85814
0.85334
0.84857
0.84382
0.8391
0.8344
0.82974
0.8251
0.82049
0.81592
0.81138
0.80687
0.8024
0.79796
0.79356
0.78919
0.78487
0.78058
0.77633
0.77213
0.76796
0.76384
0.75976
0.75572
0.75173
0.74779
0.74389
0.74003
0.73622
0.73246
0.72875
0.72508
0.72147
0.7179
0.71438
0.71091
0.70749
0.70413
0.70081
0.69754
0.69433
0.69116
0.68805
0.68499
0.68199
0.67903
0.67613
0.67328
0.67048
0.66774
0.66505
0.66241
0.65982
0.65729
0.65481
0.65239
0.65001
0.64769
0.64542
0.64321
0.64104
0.63893
0.63687
0.63487
0.63291
0.63101
0.62916
0.62736
0.62561
0.62391
0.62227
0.62067
0.61912
0.61763
0.61618
0.61478
0.61344
0.61214
0.61089
0.60968
0.60853
0.60742
0.60636
0.60535
0.60438
0.60346
0.60259
0.60176
0.60097
0.60023
0.59953
0.59888
0.59827
0.5977
0.59717
0.59669
0.59625
0.59585
0.59548
0.59516
0.59488
0.59464
0.59443
0.59426
0.59413
0.59404
0.59398
0.59396
0.59397
0.59402
0.5941
0.59422
0.59437
0.59455
0.59476
0.59501
0.59528
0.59558
0.59592
0.59628
0.59667
0.59709
0.59754
0.59801
0.5985
0.59903
0.59957
0.60015
0.60074
0.60136
0.602
0.60266
0.60334
0.60404
0.60476
0.6055
0.60625
0.60703
0.60782
0.60863
0.60945
0.61029
0.61114
0.612
0.61288
0.61377
0.61467
0.61558
0.6165
0.61744
0.61838
0.61933
0.62028
0.62125
0.62221
0.62319
0.62417
0.62515
0.62614
0.62713
0.62813
0.62912
0.63012
0.63112
0.63212
0.63311
0.63411
0.63511
0.6361
0.63709
0.63808
0.63906
0.64004
0.64101
0.64198
0.64294
0.6439
0.64485
0.64579
0.64673
0.64766
0.64858
0.64948
0.65038
0.65128
0.65216
0.65303
0.65388
0.65473
0.65557
0.65639
0.65721
0.65801
0.65879
0.65957
0.66033
0.66108
0.66181
0.66253
0.66324
0.66393
0.66461
0.66527
0.66592
0.66656
0.66718
0.66778
0.66837
0.66895
0.66951
0.67005
0.67058
0.6711
0.6716
0.67208
0.67256
0.67301
0.67345
0.67388
0.67429
0.67469
0.67507
0.67544
0.6758
0.67614
0.67647
0.67678
0.67708
0.67737
0.67765
0.67791
0.67816
0.6784
0.67863
0.67884
0.67905
0.67925
0.67943
0.6796
0.67977
0.67992
0.68007
0.68021
0.68034
0.68046
0.68057
0.68068
0.68078
0.68087
0.68096
0.68104
0.68112
0.68119
0.68126
0.68132
0.68138
0.68144
0.68149
0.68155
0.6816
0.68165
0.6817
0.68175
0.6818
0.68185
0.6819
0.68195
0.682
0.68206
0.68212
0.68218
0.68225
0.68232
0.6824
0.68248
0.68256
0.68266
0.68276
0.68286
0.68297
0.6831
0.68322
0.68336
0.68351
0.68366
0.68383
0.68401
0.68419
0.68439
0.6846
0.68482
0.68505
0.6853
0.68555
0.68582
0.68611
0.68641
0.68672
0.68705
0.68739
0.68775
0.68812
0.68851
0.68891
0.68933
0.68977
0.69022
0.6907
0.69118
0.69169
0.69222
0.69276
0.69332
0.6939
0.6945
0.69511
0.69575
0.6964
0.69708
0.69777
0.69849
0.69922
0.69998
0.70075
0.70155
0.70236
0.7032
0.70405
0.70493
0.70583
0.70675
0.70769
0.70865
0.70963
0.71063
0.71165
0.7127
0.71376
0.71485
0.71596
0.71709
0.71824
0.71941
0.7206
0.72181
0.72304
0.7243
0.72557
0.72686
0.72818
0.72951
0.73087
0.73224
0.73364
0.73505
0.73649
0.73794
0.73941
0.74091
0.74242
0.74395
0.74549
0.74706
0.74864
0.75025
0.75187
0.7535
0.75516
0.75683
0.75852
0.76022
0.76194
0.76368
0.76543
0.7672
0.76898
0.77077
0.77258
0.77441
0.77625
0.7781
0.77996
0.78184
0.78373
0.78563
0.78755
0.78947
0.79141
0.79335
0.79531
0.79728
0.79925
0.80124
0.80323
0.80524
0.80725
0.80926
0.81129
0.81332
0.81536
0.8174
0.81945
0.82151
0.82357
0.82563
0.8277
0.82977
0.83184
0.83392
0.836
0.83808
0.84016
0.84225
0.84433
0.84642
0.8485
0.85059
0.85267
0.85475
0.85683
0.85891
0.86098
0.86306
0.86512
0.86719
0.86925
0.87131
0.87336
0.8754
0.87744
0.87948
0.8815
0.88352
0.88553
0.88754
0.88954
0.89153
0.89351
0.89548
0.89744
0.89939
0.90133
0.90326
0.90518
0.90709
0.90898
0.91087
0.91274
0.9146
0.91645
0.91828
0.9201
0.92191
0.9237
0.92548
0.92724
0.92899
0.93073
0.93245
0.93415
0.93583
0.93751
0.93916
0.9408
0.94242
0.94402
0.94561
0.94717
0.94872
0.95025
0.95177
0.95326
0.95474
0.9562
0.95763
0.95905
0.96045
0.96183
0.96319
0.96453
0.96585
0.96715
0.96843
0.96969
0.97092
0.97214
0.97333
0.97451
0.97566
0.97679
0.9779
0.97899
0.98005
0.9811
0.98212
0.98312
0.98409
0.98505
0.98598
0.98689
0.98778
0.98864
0.98948
0.9903
0.99109
0.99186
0.99261
0.99334
0.99404
0.99472
0.99537
0.996
0.99661
0.99719
0.99775
0.99829
0.9988
0.99929
0.99976
1.0002
1.0006
1.001
1.0014
1.0017
1.002
1.0023
1.0026
1.0029
1.0031
1.0033
1.0035
1.0036
1.0037
1.0038
1.0039
1.004
1.004
1.004
1.004
1.0039
1.0039
1.0038
1.0037
1.0035
1.0034
1.0032
1.0029
1.0027
1.0024
1.0022
1.0018
1.0015
1.0012
1.0008
1.0004
0.99994
0.99948
0.999
0.9985
0.99797
0.99743
0.99685
0.99626
0.99564
0.99499
0.99433
0.99364
0.99292
0.99219
0.99143
0.99065
0.98984
0.98901
0.98816
0.98729
0.9864
0.98548
0.98454
0.98358
0.9826
0.9816
0.98057
0.97953
0.97846
0.97737
0.97626
0.97513
0.97398
0.97281
0.97163
0.97042
0.96919
0.96794
0.96667
0.96538
0.96408
0.96276
0.96141
0.96005
0.95868
0.95728
0.95587
0.95444
0.95299
0.95153
0.95006
0.94856
0.94705
0.94553
0.94399
0.94244
0.94087
0.93929
0.93769
0.93608
0.93446
0.93283
0.93118
0.92952
0.92785
0.92617
0.92448
0.92278
0.92107
0.91935
0.91762
0.91588
0.91414
0.91238
0.91062
0.90885
0.90708
0.90529
0.90351
0.90171
0.89992
0.89812
0.89631
0.8945
0.89269
0.89087
0.88905
0.88724
0.88542
0.88359
0.88177
0.87995
0.87813
0.87631
0.87449
0.87268
0.87087
0.86906
0.86725
0.86545
0.86365
0.86186
0.86007
0.85829
0.85651
0.85474
0.85298
0.85123
0.84948
0.84775
0.84602
0.8443
0.84259
0.8409
0.83921
0.83754
0.83587
0.83422
0.83259
0.83096
0.82935
0.82776
0.82618
0.82461
0.82306
0.82152
0.82001
0.8185
0.81702
0.81555
0.8141
0.81267
0.81126
0.80987
0.8085
0.80714
0.80581
0.8045
0.80321
0.80194
0.80069
0.79946
0.79825
0.79707
0.79591
0.79478
0.79366
0.79257
0.79151
0.79047
0.78945
0.78846
0.78749
0.78655
0.78564
0.78475
0.78388
0.78304
0.78223
0.78144
0.78068
0.77995
0.77925
0.77857
0.77792
0.77729
0.77669
0.77613
0.77558
0.77507
0.77458
0.77412
0.77369
0.77329
0.77291
0.77257
0.77225
0.77195
0.77169
0.77146
0.77125
0.77107
0.77091
0.77079
0.77069
0.77062
0.77058
0.77056
0.77057
0.77061
0.77068
0.77077
0.77089
0.77103
0.7712
0.7714
0.77162
0.77187
0.77215
0.77244
0.77277
0.77311
0.77349
0.77388
0.7743
0.77474
0.77521
0.77569
0.7762
0.77673
0.77729
0.77786
0.77845
0.77907
0.7797
0.78036
0.78103
0.78172
0.78243
0.78316
0.7839
0.78466
0.78544
0.78623
0.78704
0.78786
0.78869
0.78954
0.7904
0.79128
0.79216
0.79306
0.79397
0.79488
0.79581
0.79675
0.79769
0.79864
0.7996
0.80056
0.80153
0.8025
0.80348
0.80446
0.80544
0.80643
0.80742
0.80841
0.80939
0.81038
0.81137
0.81235
0.81333
0.81431
0.81529
0.81626
0.81722
0.81818
0.81913
0.82007
0.82101
0.82193
0.82285
0.82375
0.82465
0.82553
0.8264
0.82726
0.8281
0.82893
0.82974
0.83054
0.83132
0.83208
0.83283
0.83356
0.83426
0.83495
0.83562
0.83627
0.8369
0.8375
0.83808
0.83864
0.83917
0.83968
0.84017
0.84063
0.84106
0.84147
0.84185
0.84221
0.84253
0.84283
0.8431
0.84334
0.84356
0.84374
0.84389
0.84401
0.8441
0.84416
0.84419
0.84419
0.84416
0.84409
0.84399
0.84386
0.8437
0.8435
0.84328
0.84301
0.84272
0.84239
0.84203
0.84164
0.84121
0.84075
0.84025
0.83973
0.83917
0.83857
0.83794
0.83728
0.83659
0.83587
0.83511
0.83432
0.83349
0.83264
0.83175
0.83083
0.82988
0.8289
0.82788
0.82684
0.82577
0.82466
0.82353
0.82237
0.82118
0.81996
0.81871
0.81744
0.81613
0.8148
0.81345
0.81207
0.81066
0.80923
0.80777
0.80629
0.80479
0.80326
0.80171
0.80014
0.79855
0.79694
0.79531
0.79366
0.79199
0.7903
0.78859
0.78687
0.78512
0.78337
0.7816
0.77981
0.77801
0.7762
0.77437
0.77253
0.77068
0.76882
0.76695
0.76506
0.76317
0.76128
0.75937
0.75746
0.75554
0.75361
0.75168
0.74974
0.7478
0.74586
0.74391
0.74197
0.74002
0.73807
0.73612
0.73417
0.73222
0.73027
0.72832
0.72638
0.72444
0.7225
0.72057
0.71864
0.71672
0.71481
0.7129
0.711
0.7091
0.70721
0.70534
0.70347
0.70161
0.69976
0.69792
0.69609
0.69427
0.69247
0.69067
0.68889
0.68713
0.68537
0.68363
0.68191
0.6802
0.6785
0.67682
0.67516
0.67351
0.67187
0.67026
0.66866
0.66708
0.66552
0.66397
0.66244
0.66093
0.65945
0.65797
0.65652
0.65509
0.65368
0.65229
0.65092
0.64957
0.64824
0.64693
0.64564
0.64437
0.64313
0.6419
0.6407
0.63952
0.63836
0.63723
0.63611
0.63502
0.63395
0.63291
0.63189
0.63089
0.62991
0.62896
0.62803
0.62712
0.62624
0.62538
0.62454
0.62373
0.62294
0.62218
0.62144
0.62072
0.62003
0.61936
0.61872
0.61809
0.6175
0.61693
0.61638
0.61585
0.61535
0.61488
0.61443
0.614
0.61359
0.61321
0.61286
0.61253
0.61222
0.61194
0.61168
0.61145
0.61124
0.61105
0.61089
0.61075
0.61064
0.61055
0.61048
0.61044
0.61042
0.61043
0.61046
0.61051
0.61059
0.61069
0.61082
0.61097
0.61114
0.61133
0.61155
0.6118
0.61206
0.61235
0.61267
0.61301
0.61337
0.61375
0.61416
0.61459
0.61504
0.61552
0.61602
0.61654
0.61708
0.61765
0.61824
0.61886
0.6195
0.62016
0.62084
0.62154
0.62227
0.62302
0.62379
0.62459
0.62541
0.62625
0.62711
0.62799
0.6289
0.62983
0.63078
0.63175
0.63275
0.63376
0.6348
0.63586
0.63694
0.63805
0.63917
0.64032
0.64149
0.64268
0.64389
0.64512
0.64637
0.64764
0.64894
0.65026
0.65159
0.65295
0.65433
0.65573
0.65715
0.65859
0.66005
0.66153
0.66303
0.66455
0.66609
0.66765
0.66923
0.67083
0.67245
0.67409
0.67575
0.67743
0.67912
0.68084
0.68257
0.68433
0.6861
0.68789
0.6897
0.69152
0.69337
0.69523
0.69711
0.69901
0.70092
0.70285
0.7048
0.70677
0.70875
0.71075
0.71277
0.7148
0.71684
0.71891
0.72099
0.72308
0.72519
0.72731
0.72945
0.7316
0.73377
0.73595
0.73815
0.74035
0.74258
0.74481
0.74706
0.74931
0.75159
0.75387
0.75616
0.75847
0.76078
0.76311
0.76545
0.7678
0.77015
0.77252
0.7749
0.77728
0.77967
0.78207
0.78448
0.7869
0.78932
0.79175
