0.9158
0.9176
0.91944
0.92133
0.92327
0.92525
0.92728
0.92935
0.93147
0.93363
0.93583
0.93807
0.94035
0.94267
0.94503
0.94742
0.94985
0.95231
0.95481
0.95733
0.95989
0.96247
0.96508
0.96772
0.97038
0.97306
0.97577
0.97849
0.98124
0.984
0.98678
0.98957
0.99237
0.99518
0.99801
1.0008
1.0037
1.0065
1.0094
1.0122
1.015
1.0179
1.0207
1.0235
1.0264
1.0292
1.032
1.0348
1.0375
1.0403
1.043
1.0458
1.0484
1.0511
1.0538
1.0564
1.059
1.0615
1.0641
1.0666
1.069
1.0715
1.0739
1.0762
1.0785
1.0808
1.083
1.0852
1.0873
1.0894
1.0914
1.0934
1.0953
1.0972
1.099
1.1008
1.1025
1.1041
1.1057
1.1072
1.1087
1.1101
1.1114
1.1127
1.1139
1.1151
1.1161
1.1171
1.1181
1.119
1.1197
1.1205
1.1211
1.1217
1.1222
1.1227
1.123
1.1233
1.1235
1.1237
1.1238
1.1238
1.1237
1.1235
1.1233
1.123
1.1226
1.1222
1.1216
1.121
1.1204
1.1196
1.1188
1.1179
1.1169
1.1159
1.1148
1.1136
1.1124
1.111
1.1096
1.1082
1.1067
1.1051
1.1034
1.1017
1.0999
1.098
1.0961
1.0941
1.092
1.0899
1.0878
1.0855
1.0832
1.0809
1.0785
1.076
1.0735
1.0709
1.0683
1.0657
1.0629
1.0602
1.0573
1.0545
1.0516
1.0486
1.0456
1.0426
1.0395
1.0364
1.0333
1.0301
1.0268
1.0236
1.0203
1.017
1.0136
1.0103
1.0068
1.0034
0.99996
0.99649
0.99299
0.98947
0.98593
0.98238
0.97881
0.97522
0.97162
0.96801
0.96439
0.96077
0.95713
0.95349
0.94984
0.94619
0.94253
0.93888
0.93523
0.93158
0.92793
0.92429
0.92065
0.91702
0.9134
0.90979
0.90619
0.90261
0.89904
0.89548
0.89194
0.88842
0.88492
0.88144
0.87798
0.87455
0.87114
0.86776
0.8644
0.86107
0.85777
0.85451
0.85127
0.84807
0.84491
0.84178
0.83868
0.83563
0.83262
0.82964
0.82671
0.82382
0.82098
0.81818
0.81543
0.81272
0.81007
0.80746
0.8049
0.8024
0.79995
0.79756
0.79522
0.79294
0.79071
0.78854
0.78643
0.78439
0.7824
0.78048
0.77862
0.77682
0.77509
0.77343
0.77183
0.7703
0.76884
0.76745
0.76613
0.76489
0.76371
0.76261
0.76158
0.76063
0.75975
0.75895
0.75823
0.75758
0.75702
0.75653
0.75612
0.75579
0.75555
0.75539
0.75531
0.75531
0.75539
0.75557
0.75582
0.75616
0.75659
0.7571
0.7577
0.75839
0.75917
0.76003
0.76098
0.76202
0.76315
0.76437
0.76567
0.76707
0.76856
0.77014
0.7718
0.77356
0.7754
0.77734
0.77937
0.78148
0.78369
0.78598
0.78837
0.79084
0.7934
0.79605
0.79879
0.80162
0.80453
0.80753
0.81061
0.81378
0.81703
0.82036
0.82378
0.82728
0.83086
0.83452
0.83825
0.84206
0.84595
0.84992
0.85395
0.85806
0.86223
0.86648
0.87079
0.87516
0.8796
0.8841
0.88866
0.89327
0.89794
0.90267
0.90744
0.91226
0.91712
0.92203
0.92698
0.93197
0.93699
0.94204
0.94713
0.95224
0.95737
0.96252
0.9677
0.97288
0.97808
0.98328
0.98849
0.9937
0.99891
1.0041
1.0093
1.0145
1.0197
1.0248
1.0299
1.035
1.0401
1.0451
1.0501
1.0551
1.06
1.0648
1.0696
1.0744
1.079
1.0837
1.0882
1.0927
1.0971
1.1015
1.1057
1.1099
1.1139
1.1179
1.1218
1.1256
1.1293
1.1329
1.1363
1.1397
1.1429
1.1461
1.1491
1.152
1.1547
1.1573
1.1598
1.1622
1.1644
1.1665
1.1685
1.1703
1.172
1.1735
1.1748
1.1761
1.1771
1.1781
1.1788
1.1794
1.1799
1.1802
1.1804
1.1803
1.1802
1.1799
1.1794
1.1787
1.1779
1.177
1.1759
1.1746
1.1732
1.1716
1.1699
1.168
1.1659
1.1638
1.1614
1.1589
1.1563
1.1535
1.1506
1.1475
1.1443
1.141
1.1376
1.134
1.1302
1.1264
1.1224
1.1183
1.1141
1.1098
1.1053
1.1008
1.0961
1.0914
1.0865
1.0816
1.0766
1.0715
1.0663
1.061
1.0556
1.0502
1.0447
1.0391
1.0335
1.0278
1.0221
1.0163
1.0105
1.0047
0.99877
0.99285
0.98689
0.98091
0.97491
0.9689
0.96287
0.95683
0.95079
0.94475
0.93871
0.93268
0.92666
0.92065
0.91466
0.90869
0.90275
0.89683
0.89094
0.88509
0.87928
0.87351
0.86778
0.86209
0.85646
0.85088
0.84535
0.83988
0.83448
0.82913
0.82385
0.81863
0.81349
0.80842
0.80342
0.79849
0.79364
0.78888
0.78419
0.77958
0.77506
0.77062
0.76627
0.76201
0.75783
0.75374
0.74975
0.74585
0.74203
0.73832
0.73469
0.73116
0.72773
0.72439
0.72114
0.71799
0.71494
0.71198
0.70912
0.70636
0.70369
0.70112
0.69865
0.69627
0.69399
0.6918
0.68971
0.68771
0.68581
0.684
0.68228
0.68065
0.67912
0.67768
0.67633
0.67507
0.67389
0.67281
0.67181
0.6709
0.67007
0.66932
0.66866
0.66808
0.66758
0.66716
0.66682
0.66655
0.66636
0.66624
0.6662
0.66623
0.66632
0.66649
0.66672
0.66702
0.66738
0.6678
0.66829
0.66883
0.66943
0.67008
0.67079
0.67155
0.67236
0.67322
0.67413
0.67508
0.67607
0.67711
0.67818
0.67929
0.68044
0.68162
0.68283
0.68407
0.68534
0.68663
0.68795
0.68928
0.69064
0.69202
0.69341
0.69482
0.69623
0.69766
0.69909
0.70053
0.70197
0.70342
0.70486
0.70631
0.70774
0.70918
0.7106
0.71202
0.71342
0.71481
0.71619
0.71754
0.71888
0.7202
0.7215
0.72278
0.72403
0.72525
0.72645
0.72761
0.72875
0.72985
0.73092
0.73196
0.73296
0.73392
0.73485
0.73573
0.73658
0.73739
0.73815
0.73887
0.73955
0.74018
0.74077
0.74132
0.74182
0.74227
0.74268
0.74304
0.74335
0.74362
0.74384
0.74401
0.74413
0.74421
0.74424
0.74422
0.74416
0.74404
0.74389
0.74369
0.74344
0.74315
0.74281
0.74243
0.74201
0.74154
0.74103
0.74049
0.7399
0.73928
0.73861
0.73791
0.73718
0.73641
0.7356
0.73476
0.7339
0.733
0.73207
0.73112
0.73014
0.72913
0.7281
0.72705
0.72597
0.72488
0.72377
0.72264
0.7215
0.72034
0.71917
0.71799
0.7168
0.7156
0.7144
0.71319
0.71197
0.71076
0.70954
0.70832
0.7071
0.70589
0.70468
0.70348
0.70228
0.7011
0.69992
0.69876
0.6976
0.69646
0.69534
0.69423
0.69314
0.69207
0.69102
0.68998
0.68897
0.68799
0.68703
0.68609
0.68517
0.68429
0.68343
0.6826
0.6818
0.68103
0.68029
0.67959
0.67891
0.67827
0.67766
0.67709
0.67655
0.67604
0.67557
0.67514
0.67475
0.67439
0.67407
0.67378
0.67353
0.67333
0.67316
0.67302
0.67293
0.67288
0.67286
0.67288
0.67294
0.67304
0.67318
0.67336
0.67357
0.67383
0.67412
0.67444
0.67481
0.67521
0.67565
0.67612
0.67663
0.67718
0.67776
0.67837
0.67902
0.6797
0.68041
0.68116
0.68193
0.68274
0.68358
0.68444
0.68533
0.68626
0.6872
0.68818
0.68918
0.6902
0.69124
0.69231
0.6934
0.69451
0.69564
0.69679
0.69796
0.69914
0.70034
0.70155
0.70278
0.70402
0.70527
0.70653
0.7078
0.70908
0.71036
0.71165
0.71295
0.71425
0.71555
0.71686
0.71816
0.71947
0.72077
0.72207
0.72337
0.72467
0.72595
0.72724
0.72851
0.72978
0.73103
0.73228
0.73351
0.73474
0.73595
0.73714
0.73832
0.73949
0.74064
0.74177
0.74288
0.74398
0.74505
0.74611
0.74714
0.74816
0.74915
0.75012
0.75107
0.75199
0.75289
0.75377
0.75462
0.75545
0.75625
0.75703
0.75778
0.75851
0.75921
0.75988
0.76053
0.76115
0.76175
0.76232
0.76286
0.76338
0.76388
0.76434
0.76479
0.7652
0.7656
0.76597
0.76631
0.76663
0.76693
0.76721
0.76746
0.7677
0.76791
0.7681
0.76827
0.76843
0.76856
0.76868
0.76878
0.76886
0.76893
0.76899
0.76903
0.76906
0.76908
0.76908
0.76908
0.76907
0.76905
0.76902
0.76899
0.76895
0.76891
0.76886
0.76881
0.76877
0.76872
0.76867
0.76863
0.76859
0.76856
0.76853
0.76851
0.7685
0.76849
0.7685
0.76852
0.76855
0.76859
0.76865
0.76872
0.76882
0.76893
0.76906
0.76921
0.76938
0.76957
0.76979
0.77003
0.7703
0.77059
0.77091
0.77126
0.77164
0.77206
0.7725
0.77297
0.77348
0.77402
0.7746
0.77521
0.77586
0.77655
0.77728
0.77804
0.77885
0.7797
0.78058
0.78151
0.78249
0.7835
0.78456
0.78567
0.78682
0.78801
0.78925
0.79054
0.79187
0.79326
0.79469
0.79617
0.79769
0.79927
0.8009
0.80257
0.8043
0.80607
0.80789
0.80977
0.81169
0.81367
0.8157
0.81777
0.8199
0.82207
0.8243
0.82658
0.8289
0.83128
0.8337
0.83618
0.8387
0.84127
0.84389
0.84656
0.84927
0.85203
0.85484
0.85769
0.86059
0.86353
0.86652
0.86955
0.87262
0.87573
0.87889
0.88208
0.88532
0.88859
0.8919
0.89524
0.89862
0.90204
0.90548
0.90896
0.91247
0.91601
0.91958
0.92318
0.9268
0.93045
0.93412
0.93782
0.94153
0.94527
0.94902
0.95279
0.95657
0.96037
0.96418
0.968
0.97183
0.97566
0.97951
0.98335
0.9872
0.99106
0.99491
0.99875
1.0026
1.0064
1.0103
1.0141
1.0179
1.0217
1.0255
1.0293
1.033
1.0367
1.0404
1.0441
1.0478
1.0514
1.055
1.0586
1.0622
1.0657
1.0692
1.0726
1.076
1.0794
1.0827
1.086
1.0892
1.0924
1.0955
1.0986
1.1017
1.1047
1.1076
1.1105
1.1133
1.1161
1.1188
1.1214
1.124
1.1265
1.129
1.1314
1.1337
1.1359
1.1381
1.1402
1.1423
1.1443
1.1462
1.148
1.1497
1.1514
1.153
1.1545
1.156
1.1573
1.1586
1.1598
1.161
1.162
1.163
1.1639
1.1647
1.1654
1.1661
1.1666
1.1671
1.1675
1.1678
1.168
1.1682
1.1683
1.1682
1.1681
1.168
1.1677
1.1674
1.167
1.1665
1.1659
1.1652
1.1645
1.1637
1.1628
1.1618
1.1608
1.1597
1.1585
1.1572
1.1559
1.1544
1.153
1.1514
1.1498
1.1481
1.1463
1.1445
1.1426
1.1407
1.1387
1.1366
1.1345
1.1323
1.13
1.1277
1.1254
1.123
1.1205
1.118
1.1154
1.1128
1.1101
1.1074
1.1047
1.1019
1.0991
1.0962
1.0933
1.0904
1.0874
1.0844
1.0814
1.0783
1.0752
1.0721
1.0689
1.0657
1.0625
1.0593
1.0561
1.0529
1.0496
1.0463
1.043
1.0397
1.0364
1.0331
1.0297
1.0264
1.0231
1.0197
1.0164
1.013
1.0097
1.0064
1.003
0.99969
0.99637
0.99305
0.98975
0.98645
0.98317
0.9799
0.97665
0.97341
0.97019
0.96699
0.9638
0.96063
0.95749
0.95437
0.95127
0.94819
0.94514
0.94211
0.93911
0.93614
0.9332
0.93028
0.9274
0.92454
0.92172
0.91893
0.91617
0.91345
0.91075
0.9081
0.90548
0.90289
0.90034
0.89783
0.89535
0.89291
0.89051
0.88815
0.88582
0.88354
0.88129
0.87909
0.87692
0.87479
0.87271
0.87066
0.86866
0.86669
0.86477
0.86289
0.86104
0.85924
0.85748
0.85577
0.85409
0.85246
0.85086
0.84931
0.8478
0.84633
0.8449
0.84351
0.84216
0.84085
0.83959
0.83836
0.83717
0.83603
0.83492
0.83386
0.83283
0.83184
0.83089
0.82998
0.82911
0.82827
0.82748
0.82672
0.82599
0.82531
0.82466
0.82405
0.82347
0.82293
0.82243
0.82196
0.82152
0.82112
0.82075
0.82042
0.82012
0.81985
0.81962
0.81941
0.81924
0.8191
0.81899
0.81892
0.81887
0.81885
0.81886
0.8189
0.81897
0.81907
0.8192
0.81935
0.81953
0.81974
0.81998
0.82024
0.82053
0.82084
0.82118
0.82154
0.82193
0.82234
0.82278
0.82324
0.82372
0.82423
0.82476
0.82531
0.82588
0.82648
0.82709
0.82773
0.82838
0.82906
0.82976
0.83048
0.83121
0.83197
0.83274
0.83354
0.83435
0.83518
0.83602
0.83689
0.83777
0.83867
0.83958
0.84051
0.84146
0.84242
0.8434
0.84439
0.8454
0.84642
0.84746
0.84851
0.84957
0.85065
0.85174
0.85284
0.85396
0.85509
0.85623
0.85738
0.85855
0.85972
0.86091
0.86211
0.86331
0.86453
0.86576
0.867
0.86824
0.8695
0.87077
0.87204
0.87332
0.87461
0.87591
0.87721
0.87852
0.87984
0.88116
0.88249
0.88383
0.88517
0.88651
0.88787
0.88922
0.89058
0.89194
0.89331
0.89468
0.89605
0.89743
0.89881
0.90019
0.90157
0.90295
0.90433
0.90572
0.9071
0.90848
0.90987
0.91125
0.91263
0.91401
0.91539
0.91676
0.91814
0.91951
0.92088
0.92224
0.9236
0.92496
0.92631
0.92766
0.929
0.93034
0.93167
0.933
0.93432
0.93563
0.93694
0.93824
0.93953
0.94082
0.9421
0.94337
0.94463
0.94588
0.94713
0.94836
0.94959
0.95081
0.95201
0.95321
0.9544
0.95558
0.95675
0.95791
0.95905
0.96019
0.96132
0.96243
0.96353
0.96463
0.96571
0.96678
0.96784
0.96889
0.96992
0.97095
0.97196
0.97296
0.97395
0.97493
0.97589
0.97684
0.97779
0.97872
0.97963
0.98054
0.98143
0.98232
0.98319
0.98405
0.9849
0.98573
0.98656
0.98737
0.98817
0.98896
0.98974
0.99051
0.99126
0.99201
0.99274
0.99346
0.99418
0.99488
0.99557
0.99625
0.99692
0.99758
0.99823
0.99886
0.99949
1.0001
1.0007
1.0013
1.0019
1.0025
1.003
1.0036
1.0041
1.0047
1.0052
1.0057
1.0062
1.0067
1.0072
1.0077
1.0082
1.0086
1.0091
1.0095
1.01
1.0104
1.0108
1.0112
1.0116
1.012
1.0123
1.0127
1.013
1.0134
1.0137
1.014
1.0143
1.0146
1.0149
1.0152
1.0154
1.0157
1.0159
1.0162
1.0164
1.0166
1.0168
1.017
1.0171
1.0173
1.0174
1.0175
1.0176
1.0177
1.0178
1.0179
1.0179
1.018
1.018
1.018
1.018
1.018
1.018
1.0179
1.0178
1.0178
1.0176
1.0175
1.0174
1.0172
1.0171
1.0169
1.0167
1.0164
1.0162
1.0159
1.0157
1.0154
1.015
1.0147
1.0144
1.014
1.0136
1.0132
1.0128
1.0123
1.0118
1.0114
1.0108
1.0103
1.0098
1.0092
1.0086
1.008
1.0074
1.0068
1.0061
1.0055
1.0048
1.0041
1.0034
1.0026
1.0019
1.0011
1.0003
0.99952
0.9987
0.99787
0.99703
0.99617
0.9953
0.99442
0.99353
0.99262
0.9917
0.99078
0.98984
0.98889
0.98794
0.98698
0.98601
0.98503
0.98405
0.98306
0.98207
0.98107
0.98007
0.97907
0.97807
0.97707
0.97607
0.97507
0.97407
0.97307
0.97208
0.97109
0.9701
0.96912
0.96815
0.96719
0.96623
0.96529
0.96435
0.96343
0.96252
0.96162
0.96073
0.95986
0.95901
0.95817
0.95735
0.95654
0.95576
0.95499
0.95425
0.95353
0.95283
0.95215
0.9515
0.95087
0.95026
0.94968
0.94913
0.94861
0.94811
0.94765
0.94721
0.9468
0.94642
0.94608
0.94576
0.94548
0.94523
0.94502
0.94484
0.94469
0.94458
0.9445
0.94446
0.94445
0.94448
0.94455
0.94465
0.94479
0.94497
0.94518
0.94544
0.94573
0.94605
0.94642
0.94682
0.94726
0.94774
0.94826
0.94881
0.9494
0.95003
0.95069
0.95139
0.95213
0.95291
0.95372
0.95456
0.95544
0.95636
0.95731
0.95829
0.95931
0.96035
0.96143
0.96255
0.96369
0.96486
0.96606
0.96729
0.96855
0.96983
0.97114
0.97247
0.97383
0.97521
0.97662
0.97804
0.97949
0.98095
0.98243
0.98393
0.98544
0.98697
0.98851
0.99007
0.99163
0.99321
0.99479
0.99638
0.99797
0.99957
1.0012
1.0028
1.0044
1.006
1.0076
1.0092
1.0108
1.0124
1.0139
1.0155
1.0171
1.0186
1.0201
1.0216
1.0231
1.0246
1.0261
1.0275
1.0289
1.0303
1.0317
1.033
1.0343
1.0356
1.0368
1.038
1.0392
1.0404
1.0415
1.0425
1.0436
1.0445
1.0455
1.0464
1.0472
1.0481
1.0488
1.0495
1.0502
1.0508
1.0514
1.0519
1.0524
1.0528
1.0531
1.0534
1.0536
1.0538
1.0539
1.054
1.054
1.0539
1.0538
1.0536
1.0534
1.0531
1.0527
1.0523
1.0518
1.0512
1.0506
1.0499
1.0491
1.0483
1.0474
1.0464
1.0454
1.0443
1.0432
1.0419
1.0407
1.0393
1.0379
1.0364
1.0349
1.0332
1.0316
1.0298
1.028
1.0262
1.0242
1.0222
1.0202
1.0181
1.0159
1.0137
1.0114
1.0091
1.0067
1.0042
1.0017
0.99912
0.99651
0.99384
0.99112
0.98835
0.98553
0.98267
0.97976
0.9768
0.9738
0.97075
0.96767
0.96454
0.96138
0.95817
0.95493
0.95166
0.94835
0.94501
0.94163
0.93823
0.9348
0.93134
0.92786
0.92435
0.92081
0.91726
0.91368
0.91009
0.90648
0.90285
0.89921
0.89556
0.89189
0.88821
0.88453
0.88083
0.87713
0.87343
0.86972
0.86601
0.8623
0.85858
0.85488
0.85117
0.84747
0.84377
0.84008
0.8364
0.83273
0.82907
0.82543
0.82179
0.81817
0.81457
0.81098
0.80741
0.80386
0.80033
0.79682
0.79334
0.78987
0.78643
0.78302
0.77963
0.77627
0.77294
0.76963
0.76636
0.76311
0.7599
0.75672
0.75357
0.75046
0.74738
0.74434
0.74133
0.73836
0.73543
0.73253
0.72967
0.72685
0.72408
0.72134
0.71864
0.71598
0.71336
0.71079
0.70826
0.70577
0.70332
0.70091
0.69855
0.69624
0.69397
0.69174
0.68956
0.68742
0.68533
0.68328
0.68128
0.67932
0.67741
0.67554
0.67372
0.67195
0.67022
0.66854
0.6669
0.66531
0.66377
0.66227
0.66082
0.65942
0.65806
0.65674
0.65547
0.65425
0.65307
0.65194
0.65085
0.6498
0.64881
0.64785
0.64694
0.64607
0.64525
0.64447
0.64373
0.64304
0.64239
0.64178
0.64121
0.64069
0.6402
0.63976
0.63936
0.639
0.63868
0.63839
0.63815
0.63795
0.63778
0.63765
0.63756
0.63751
0.63749
0.63751
0.63756
0.63765
0.63778
0.63794
0.63813
0.63836
0.63862
0.63891
0.63924
0.63959
0.63998
0.64039
0.64084
0.64132
0.64182
0.64236
0.64292
0.64351
0.64412
0.64476
0.64543
0.64612
0.64684
0.64758
0.64835
0.64913
0.64994
0.65077
0.65162
0.6525
0.65339
0.6543
0.65523
0.65618
0.65715
0.65813
0.65914
0.66015
0.66119
0.66223
0.66329
0.66437
0.66546
0.66656
0.66767
0.6688
0.66994
0.67108
0.67224
0.6734
0.67458
0.67576
0.67695
0.67815
0.67936
0.68057
0.68178
0.68301
0.68423
0.68546
0.6867
0.68794
0.68918
0.69042
0.69167
0.69291
0.69416
0.69541
0.69666
0.6979
0.69915
0.7004
0.70164
0.70288
0.70412
0.70536
0.7066
0.70783
0.70905
0.71028
0.7115
0.71271
0.71392
0.71512
0.71632
0.71751
0.7187
0.71987
0.72105
0.72221
0.72337
0.72452
0.72566
0.7268
0.72792
0.72904
0.73015
0.73125
0.73235
0.73343
0.73451
0.73557
0.73663
0.73768
0.73872
0.73975
0.74077
0.74178
0.74278
0.74377
0.74475
0.74572
0.74668
0.74763
0.74858
0.74951
0.75043
0.75135
0.75225
0.75315
0.75403
0.75491
0.75578
0.75664
0.75749
0.75833
0.75916
0.75999
0.76081
0.76162
0.76242
0.76321
0.764
0.76478
0.76555
0.76631
0.76707
0.76782
0.76857
0.76931
0.77005
0.77078
0.7715
0.77222
0.77294
0.77365
0.77436
0.77506
0.77576
0.77646
0.77716
0.77785
0.77854
0.77923
0.77992
0.78061
0.7813
0.78199
0.78268
0.78337
0.78406
0.78475
0.78544
0.78614
0.78684
0.78754
0.78824
0.78895
0.78966
0.79038
0.7911
0.79182
0.79256
0.79329
0.79404
0.79479
0.79554
0.79631
0.79708
0.79786
0.79865
0.79945
0.80026
0.80107
0.8019
0.80273
0.80358
0.80444
0.80531
0.80619
0.80708
0.80798
0.8089
0.80982
0.81077
0.81172
0.81269
0.81367
0.81466
0.81567
0.8167
0.81773
0.81879
0.81985
0.82094
0.82203
0.82315
0.82427
0.82542
0.82658
0.82775
0.82895
0.83015
0.83138
0.83262
0.83387
0.83515
0.83644
0.83774
0.83906
0.8404
0.84175
0.84313
0.84451
0.84591
0.84733
0.84877
0.85022
0.85168
0.85316
0.85466
0.85617
0.8577
0.85924
0.86079
0.86236
0.86395
0.86554
0.86715
0.86878
0.87041
0.87206
0.87372
0.8754
0.87708
0.87877
0.88048
0.88219
0.88392
0.88565
0.8874
0.88915
0.89091
0.89267
0.89444
0.89622
0.89801
0.8998
0.90159
0.90339
0.90519
0.90699
0.9088
0.9106
0.91241
0.91422
0.91602
0.91783
0.91963
0.92143
0.92323
0.92502
0.92681
0.92859
0.93036
0.93213
0.93389
0.93564
0.93738
0.93911
0.94083
0.94254
0.94423
0.94591
0.94758
0.94923
0.95086
0.95248
0.95407
0.95565
0.95721
0.95875
0.96027
0.96176
0.96324
0.96468
0.96611
0.9675
0.96887
0.97022
0.97153
0.97282
0.97407
0.9753
0.97649
0.97765
0.97878
0.97987
0.98093
0.98195
0.98294
0.98389
0.9848
0.98567
0.9865
0.98729
0.98804
0.98875
0.98942
0.99004
0.99062
0.99115
0.99164
0.99208
0.99248
0.99283
0.99313
0.99339
0.99359
0.99375
0.99386
0.99391
0.99392
0.99387
0.99378
0.99363
0.99343
0.99317
0.99287
0.99251
0.99209
0.99163
0.99111
0.99053
0.98991
0.98922
0.98849
0.98769
0.98685
0.98595
0.98499
0.98398
0.98292
0.9818
0.98063
0.9794
0.97812
0.97679
0.9754
0.97396
0.97247
0.97093
0.96933
0.96769
0.96599
0.96424
0.96245
0.9606
0.95871
0.95676
0.95478
0.95274
0.95066
0.94854
0.94637
0.94416
0.9419
0.93961
0.93727
0.9349
0.93249
0.93004
0.92755
0.92503
0.92248
0.91989
0.91728
0.91463
0.91196
0.90925
0.90652
0.90377
0.901
0.8982
0.89538
0.89254
0.88969
0.88682
0.88393
0.88104
0.87813
0.87521
0.87229
0.86935
0.86642
0.86348
0.86054
0.8576
0.85466
0.85172
0.84879
0.84587
0.84295
0.84005
0.83716
0.83428
0.83142
0.82858
0.82575
0.82295
0.82016
0.81741
0.81467
0.81197
0.8093
0.80665
0.80404
0.80147
0.79893
0.79642
0.79396
0.79154
0.78916
0.78683
0.78454
0.78229
0.7801
0.77796
0.77587
0.77383
0.77185
0.76992
0.76805
0.76624
0.7645
0.76281
0.76118
0.75962
0.75813
0.7567
0.75535
0.75406
0.75284
0.75169
0.75061
0.74961
0.74869
0.74784
0.74706
0.74637
0.74575
0.74522
0.74476
0.74438
0.74409
0.74388
0.74375
0.74371
0.74375
0.74388
0.74409
0.74439
0.74478
0.74526
0.74582
0.74647
0.74721
0.74804
0.74896
0.74997
0.75107
0.75225
0.75353
0.7549
0.75636
0.7579
0.75954
0.76127
0.76308
0.76499
0.76698
0.76906
0.77123
0.77349
0.77583
0.77826
0.78078
0.78338
0.78606
0.78883
0.79168
0.79461
0.79762
0.80071
0.80388
0.80712
0.81044
0.81384
0.8173
0.82084
0.82445
0.82812
0.83186
0.83566
0.83953
0.84345
0.84743
0.85147
0.85557
0.85971
0.8639
0.86814
0.87243
0.87675
0.88112
0.88552
0.88995
0.89442
0.89891
0.90343
0.90797
0.91253
0.9171
0.92169
0.92628
0.93089
0.93549
0.9401
0.9447
0.94929
0.95387
0.95844
0.96299
0.96752
0.97203
0.97651
0.98095
0.98536
0.98973
0.99406
0.99834
1.0026
1.0067
1.0109
1.0149
1.0189
1.0228
1.0267
1.0305
1.0342
1.0378
1.0414
1.0448
1.0482
1.0514
1.0546
1.0577
1.0606
1.0635
1.0662
1.0689
1.0714
1.0738
1.0761
1.0783
1.0803
1.0822
1.084
1.0857
1.0872
1.0886
1.0899
1.091
1.092
1.0928
1.0935
1.0941
1.0945
1.0948
1.0949
1.0949
1.0948
1.0945
1.094
1.0934
1.0927
1.0918
1.0908
1.0897
1.0883
1.0869
1.0853
1.0836
1.0817
1.0797
1.0776
1.0753
1.0729
1.0704
1.0677
1.0649
1.062
1.0589
1.0558
1.0525
1.0491
1.0456
1.042
1.0382
1.0344
1.0305
1.0265
1.0223
1.0181
1.0138
1.0094
1.005
1.0004
0.99582
0.99113
0.98637
0.98156
0.97668
0.97175
0.96676
0.96173
0.95666
0.95154
0.94639
0.94121
0.936
0.93077
0.92551
0.92024
0.91496
0.90966
0.90436
0.89907
0.89377
0.88848
0.8832
0.87794
0.87269
0.86746
0.86226
0.85709
0.85195
0.84684
0.84177
0.83675
0.83176
0.82683
0.82195
0.81712
0.81235
0.80764
0.80299
0.79841
0.79389
0.78945
0.78508
0.78078
0.77656
0.77243
0.76837
0.7644
0.76052
0.75672
0.75302
0.7494
0.74589
0.74246
0.73914
0.73591
0.73279
0.72976
0.72684
0.72402
0.72131
0.71871
0.71621
0.71382
0.71154
0.70938
0.70732
0.70538
0.70355
0.70183
0.70023
0.69874
0.69736
0.69611
0.69497
0.69394
0.69304
0.69225
0.69157
0.69102
0.69058
0.69026
0.69006
0.68997
0.69001
0.69016
0.69043
0.69081
0.69132
0.69194
0.69267
0.69353
0.6945
0.69558
0.69678
0.69809
0.69952
0.70106
0.70271
0.70447
0.70634
0.70833
0.71042
0.71262
0.71492
0.71733
0.71985
0.72247
0.72519
0.72801
0.73094
0.73396
0.73707
0.74028
0.74359
0.74698
0.75046
0.75404
0.75769
0.76143
0.76526
0.76916
0.77314
0.77719
0.78132
0.78551
0.78978
0.79411
0.7985
0.80295
0.80746
0.81202
0.81663
0.82129
0.826
0.83075
0.83554
0.84036
0.84521
0.8501
0.85501
0.85994
0.86489
0.86985
0.87483
0.87981
0.8848
0.88979
0.89478
0.89976
0.90473
0.90968
0.91462
0.91953
0.92442
0.92928
0.93411
0.9389
0.94364
0.94835
0.953
0.95761
0.96216
0.96664
0.97107
0.97543
0.97972
0.98393
0.98807
0.99213
0.9961
0.99999
1.0038
1.0075
1.0111
1.0146
1.018
1.0213
1.0245
1.0276
1.0306
1.0334
1.0361
1.0388
1.0413
1.0436
1.0459
1.048
1.05
1.0518
1.0535
1.0551
1.0566
1.0579
1.0591
1.0601
1.061
1.0618
1.0624
1.0629
1.0633
1.0635
1.0635
1.0635
1.0632
1.0629
1.0624
1.0618
1.061
1.0601
1.0591
1.0579
1.0566
1.0552
1.0536
1.0519
1.0501
1.0482
1.0461
1.0439
1.0416
1.0392
1.0367
1.034
1.0313
1.0284
1.0255
1.0224
1.0193
1.016
1.0127
1.0093
1.0058
1.0022
0.99851
0.99477
0.99095
0.98707
0.98312
0.97912
0.97505
0.97093
0.96676
0.96254
0.95828
0.95398
0.94964
0.94528
0.94088
0.93645
0.93201
0.92754
0.92307
0.91858
0.91408
0.90958
0.90507
0.90057
0.89608
0.8916
0.88712
0.88267
0.87823
0.87382
0.86943
0.86507
0.86074
0.85644
0.85218
0.84797
0.84379
0.83966
0.83558
0.83155
0.82757
0.82365
0.81979
0.81598
0.81224
0.80856
0.80495
0.80141
0.79794
0.79454
0.79122
0.78797
0.7848
0.7817
0.77869
0.77576
0.77291
0.77015
0.76748
0.76489
0.76238
0.75997
0.75765
0.75542
0.75328
0.75123
0.74928
0.74742
0.74565
0.74398
0.74241
0.74093
0.73954
0.73826
0.73707
0.73597
0.73498
0.73408
0.73327
0.73257
0.73196
0.73145
0.73104
0.73072
0.7305
0.73037
0.73034
0.7304
0.73056
0.73082
0.73116
0.7316
0.73213
0.73276
0.73347
0.73427
0.73517
0.73615
0.73722
0.73837
0.73961
0.74093
0.74234
0.74382
0.74539
0.74704
0.74876
0.75056
0.75244
0.75438
0.7564
0.75849
0.76065
0.76288
0.76517
0.76752
0.76994
0.77241
0.77494
0.77753
0.78017
0.78287
0.78562
0.78841
0.79126
0.79414
0.79707
0.80004
0.80305
0.80608
0.80916
0.81225
0.81538
0.81853
0.8217
0.82488
0.82809
0.8313
0.83453
0.83776
0.84099
0.84423
0.84746
0.85069
0.85391
0.85712
0.86031
0.86349
0.86665
0.86979
0.8729
0.87598
0.87904
0.88205
0.88504
0.88798
0.89088
0.89373
0.89653
0.89929
0.90199
0.90464
0.90722
0.90975
0.91221
0.91461
0.91694
0.9192
0.92138
0.92349
0.92552
0.92748
0.92935
0.93114
0.93284
0.93446
0.93599
0.93742
0.93877
0.94002
0.94118
0.94225
0.94321
0.94408
0.94485
0.94552
0.94609
0.94656
0.94692
0.94718
0.94734
0.94739
0.94735
0.94719
0.94693
0.94657
0.94611
0.94554
0.94486
0.94409
0.94321
0.94223
0.94114
0.93996
0.93867
0.93729
0.93581
0.93423
0.93255
0.93079
0.92892
0.92697
0.92493
0.92279
0.92057
0.91827
0.91588
0.91341
0.91086
0.90823
0.90553
0.90275
0.8999
0.89698
0.894
0.89095
0.88784
0.88467
0.88144
0.87816
0.87482
0.87144
0.86801
0.86453
0.86101
0.85745
0.85386
0.85023
0.84657
0.84288
0.83917
0.83543
0.83168
0.8279
0.82411
0.82031
0.8165
0.81268
0.80886
0.80504
0.80122
0.7974
0.79359
0.78979
0.786
0.78222
0.77846
0.77472
0.771
0.7673
0.76363
0.75999
0.75638
0.7528
0.74926
0.74575
0.74228
0.73886
0.73547
0.73214
0.72884
0.7256
0.72241
0.71927
0.71618
0.71315
0.71018
0.70726
0.7044
0.70161
0.69888
0.69621
0.6936
0.69107
0.6886
0.68619
0.68386
0.6816
0.67941
0.67729
0.67524
0.67327
0.67137
0.66955
0.6678
0.66612
0.66453
0.66301
0.66157
0.6602
0.65892
0.65771
0.65658
0.65553
0.65456
0.65367
0.65285
0.65212
0.65146
0.65088
0.65038
0.64996
0.64962
0.64936
0.64917
0.64906
0.64903
0.64907
0.64919
0.64938
0.64965
0.64999
0.65041
0.6509
0.65146
0.6521
0.6528
0.65357
0.65442
0.65533
0.65631
0.65735
0.65846
0.65963
0.66087
0.66216
0.66352
0.66494
0.66641
0.66795
0.66953
0.67117
0.67287
0.67461
0.67641
0.67825
0.68014
0.68208
0.68406
0.68608
0.68814
0.69025
0.69239
0.69456
0.69677
0.69901
0.70128
0.70358
0.7059
0.70825
0.71063
0.71302
0.71544
0.71787
0.72031
0.72278
0.72525
0.72773
0.73022
0.73272
0.73522
0.73773
0.74023
0.74274
0.74524
0.74774
0.75023
0.75271
0.75518
0.75764
0.76009
0.76252
0.76494
0.76734
0.76972
0.77207
0.77441
0.77671
0.779
0.78125
0.78348
0.78568
0.78785
0.78998
0.79209
0.79416
0.79619
0.79819
0.80015
0.80207
0.80395
0.80579
0.8076
0.80936
0.81108
0.81276
0.8144
0.816
0.81755
0.81906
0.82053
0.82195
0.82333
0.82467
0.82597
0.82722
0.82843
0.8296
0.83072
0.83181
0.83285
0.83385
0.83482
0.83574
0.83663
0.83747
0.83828
0.83906
0.8398
0.8405
0.84117
0.84181
0.84242
0.843
0.84355
0.84407
0.84457
0.84504
0.84549
0.84592
0.84632
0.8467
0.84707
0.84742
0.84776
0.84808
0.84839
0.84869
0.84898
0.84926
0.84953
0.8498
0.85007
0.85034
0.85061
0.85087
0.85115
0.85142
0.85171
0.852
0.8523
0.85261
0.85293
0.85327
0.85362
0.85399
0.85438
0.85478
0.85521
0.85566
0.85613
0.85663
0.85715
0.8577
0.85828
0.85888
0.85952
0.86019
0.86089
0.86162
0.86239
0.8632
0.86404
0.86491
0.86582
0.86678
0.86777
0.8688
0.86987
0.87098
0.87213
0.87332
0.87455
0.87583
0.87715
0.87851
0.87991
0.88135
0.88284
0.88437
0.88594
0.88755
0.88921
0.8909
0.89264
0.89442
0.89624
0.8981
0.9
0.90193
0.90391
0.90592
0.90797
0.91005
0.91217
0.91432
0.9165
0.91872
0.92096
0.92324
0.92554
0.92787
0.93022
0.9326
0.935
0.93742
0.93986
0.94232
0.94479
0.94728
0.94978
0.95229
0.95481
0.95734
0.95987
0.96241
0.96495
0.96748
0.97002
0.97255
0.97507
0.97758
0.98008
0.98257
0.98504
0.98749
0.98993
0.99234
0.99473
0.99709
0.99942
1.0017
1.004
1.0062
1.0084
1.0106
1.0127
1.0147
1.0168
1.0187
1.0206
1.0225
1.0243
1.0261
1.0278
1.0294
1.031
1.0325
1.0339
1.0352
1.0365
1.0377
1.0389
1.0399
1.0409
1.0418
1.0427
1.0434
1.044
1.0446
1.0451
1.0455
1.0458
1.046
1.0461
1.0461
1.046
1.0458
1.0456
1.0452
1.0447
1.0442
1.0435
1.0428
1.0419
1.0409
1.0399
1.0387
1.0374
1.0361
1.0346
1.033
1.0313
1.0295
1.0277
1.0257
1.0236
1.0214
1.0191
1.0167
1.0143
1.0117
1.009
1.0062
1.0034
1.0004
0.99738
0.99425
0.99102
0.98771
0.98431
0.98082
0.97725
0.9736
0.96987
0.96606
0.96217
0.95821
0.95417
0.95006
0.94589
0.94164
0.93733
0.93296
0.92853
0.92403
0.91949
0.91488
0.91023
0.90552
0.90077
0.89597
0.89113
0.88625
0.88132
0.87637
0.87138
0.86636
0.86131
0.85624
0.85114
0.84602
0.84088
0.83573
0.83056
0.82538
0.82019
0.815
0.8098
0.80459
0.79939
0.7942
0.789
0.78382
0.77864
0.77348
0.76833
0.76319
0.75808
0.75298
0.74791
0.74286
0.73784
0.73285
0.72789
0.72295
0.71806
0.7132
0.70838
0.70359
0.69885
0.69415
0.6895
0.68489
0.68033
0.67581
0.67135
0.66694
0.66258
0.65828
0.65403
0.64984
0.6457
0.64163
0.63761
0.63366
0.62977
0.62594
0.62217
0.61847
0.61483
0.61126
0.60776
0.60433
0.60096
0.59766
0.59443
0.59128
0.58819
0.58517
0.58223
0.57936
0.57656
0.57383
0.57118
0.5686
0.56609
0.56366
0.56131
0.55902
0.55682
0.55469
0.55263
0.55065
0.54875
0.54692
0.54517
0.54349
0.54189
0.54037
0.53892
0.53755
0.53626
0.53504
0.5339
0.53284
0.53185
0.53094
0.53011
0.52936
0.52868
0.52808
0.52755
0.5271
0.52673
0.52643
0.52621
0.52607
0.52601
0.52602
0.5261
0.52627
0.52651
0.52682
0.52722
0.52768
0.52823
0.52885
0.52955
0.53032
0.53116
0.53209
0.53309
0.53416
0.53531
0.53653
0.53783
0.53921
0.54065
0.54218
0.54377
0.54545
0.54719
0.54901
0.5509
0.55287
0.55491
0.55702
0.55921
0.56147
0.5638
0.5662
0.56867
0.57122
0.57384
0.57652
0.57928
0.58211
0.585
0.58797
0.591
0.59411
0.59728
0.60051
0.60382
0.60719
0.61062
0.61412
0.61769
0.62132
0.62501
0.62876
0.63258
0.63646
0.64039
0.64439
0.64844
0.65255
0.65672
0.66095
0.66522
0.66956
0.67394
0.67838
0.68286
0.6874
0.69199
0.69662
0.7013
0.70602
0.71078
0.71559
0.72044
0.72533
0.73025
0.73522
0.74021
0.74525
0.75031
0.7554
0.76053
0.76568
0.77085
0.77606
0.78128
0.78652
0.79179
0.79707
0.80237
0.80768
0.813
0.81834
0.82368
0.82903
0.83438
0.83974
0.8451
0.85045
0.85581
0.86116
0.8665
0.87184
0.87716
0.88247
0.88777
0.89305
0.89832
0.90356
0.90878
0.91398
0.91915
0.9243
0.92941
0.93449
0.93954
0.94455
0.94953
0.95446
0.95936
0.96421
0.96901
0.97377
0.97848
0.98314
0.98775
0.9923
0.9968
1.0012
1.0056
1.0099
1.0142
1.0184
1.0225
1.0266
1.0306
1.0345
1.0383
1.0421
1.0458
1.0494
1.053
1.0564
1.0598
1.0631
1.0664
1.0695
1.0725
1.0755
1.0784
1.0812
1.0839
1.0865
1.089
1.0914
1.0938
1.096
1.0981
1.1002
1.1021
1.104
1.1058
1.1074
1.109
1.1104
1.1118
1.113
1.1142
1.1153
1.1162
1.1171
1.1178
1.1185
1.119
1.1195
1.1198
1.12
1.1202
1.1202
1.1201
1.12
1.1197
1.1193
1.1188
1.1183
1.1176
1.1168
1.1159
1.1149
1.1139
1.1127
1.1114
1.11
1.1085
1.107
1.1053
1.1035
1.1016
1.0997
1.0976
1.0955
1.0933
1.0909
1.0885
1.086
1.0834
1.0807
1.078
1.0751
1.0722
1.0691
1.066
1.0628
1.0596
1.0562
1.0528
1.0493
1.0458
1.0421
1.0384
1.0346
1.0308
1.0268
1.0229
1.0188
1.0147
1.0105
1.0063
1.002
0.99762
0.99322
0.98876
0.98424
0.97968
0.97507
0.97041
0.96571
0.96096
0.95617
0.95134
0.94647
0.94156
0.93662
0.93165
0.92665
0.92161
0.91655
0.91147
0.90635
0.90122
0.89607
0.89089
0.8857
0.8805
0.87528
0.87005
0.86482
0.85957
0.85432
0.84906
0.84381
0.83855
0.83329
0.82804
0.82279
0.81755
0.81232
0.8071
0.80189
0.79669
0.79151
0.78635
0.7812
0.77608
0.77098
0.7659
0.76085
0.75583
0.75084
0.74587
0.74094
0.73604
0.73118
0.72636
0.72157
0.71682
0.71211
0.70745
0.70282
0.69825
0.69372
0.68924
0.6848
0.68042
0.67609
0.67181
0.66759
0.66342
0.6593
0.65525
0.65125
0.64731
0.64343
0.63962
0.63586
0.63217
0.62855
0.62498
0.62149
0.61806
0.6147
0.61141
0.60818
0.60503
0.60195
0.59893
0.59599
0.59313
0.59033
0.58761
0.58497
0.5824
0.5799
0.57748
0.57514
0.57287
0.57069
0.56858
0.56654
0.56459
0.56272
0.56092
0.55921
0.55758
0.55603
0.55455
0.55316
0.55186
0.55063
0.54949
0.54843
0.54745
0.54655
0.54574
0.54501
0.54437
0.5438
0.54333
0.54293
0.54263
0.5424
0.54226
0.54221
0.54224
0.54236
0.54256
0.54284
0.54322
0.54367
0.54422
0.54485
0.54556
0.54636
0.54724
0.54821
0.54927
0.55041
0.55164
0.55295
0.55435
0.55583
0.5574
0.55905
0.56079
0.56261
0.56451
0.5665
0.56857
0.57073
0.57297
0.57529
0.57769
0.58018
0.58274
0.58539
0.58812
0.59092
0.59381
0.59677
0.59981
0.60293
0.60612
0.60939
0.61274
0.61615
0.61964
0.6232
0.62684
0.63054
0.63431
0.63815
0.64205
0.64602
0.65005
0.65415
0.6583
0.66252
0.66679
0.67112
0.6755
0.67994
0.68443
0.68896
0.69355
0.69818
0.70286
0.70757
0.71233
0.71713
0.72196
0.72683
0.73173
0.73666
0.74161
0.7466
0.7516
0.75663
0.76167
0.76673
0.77181
0.7769
0.78199
0.78709
0.7922
0.79731
0.80242
0.80752
0.81262
0.81771
0.82279
0.82785
0.8329
0.83794
0.84295
0.84794
0.8529
0.85783
0.86274
0.86761
0.87244
0.87724
0.882
0.88671
0.89139
0.89601
0.90059
0.90511
0.90958
0.914
0.91835
0.92265
0.92689
0.93107
0.93518
0.93922
0.9432
0.9471
0.95094
0.9547
0.95839
0.962
0.96553
0.96899
0.97236
0.97566
0.97887
0.98201
0.98505
0.98802
0.9909
0.99369
0.9964
0.99902
1.0016
1.004
1.0064
1.0086
1.0108
1.0129
1.0149
1.0168
1.0186
1.0204
1.022
1.0236
1.0251
1.0265
1.0278
1.029
1.0301
1.0312
1.0321
1.033
1.0338
1.0345
1.0352
1.0357
1.0362
1.0366
1.0369
1.0372
1.0374
1.0375
1.0375
1.0375
1.0374
1.0372
1.037
1.0367
1.0364
1.036
1.0355
1.035
1.0344
1.0337
1.033
1.0323
1.0315
1.0307
1.0298
1.0289
1.0279
1.0269
1.0259
1.0248
1.0237
1.0225
1.0213
1.0201
1.0189
1.0176
1.0163
1.015
1.0137
1.0123
1.011
1.0096
1.0082
1.0068
1.0053
1.0039
1.0024
1.001
0.99953
0.99807
0.99661
0.99514
0.99367
0.99221
0.99074
0.98928
0.98783
0.98638
0.98494
0.98351
0.98209
0.98068
0.97928
0.97789
0.97652
0.97516
0.97382
0.97249
0.97118
0.96989
0.96862
0.96737
0.96613
0.96492
0.96373
0.96257
0.96142
0.9603
0.9592
0.95813
0.95708
0.95606
0.95506
0.95409
0.95315
0.95223
0.95134
0.95047
0.94963
0.94882
0.94804
0.94728
0.94656
0.94586
0.94518
0.94454
0.94392
0.94333
0.94277
0.94224
0.94173
0.94125
0.9408
0.94037
0.93998
0.9396
0.93926
0.93894
0.93865
0.93838
0.93814
0.93792
0.93772
0.93756
0.93741
0.93729
0.93719
0.93712
