0.93101
0.93034
0.92968
0.92901
0.92833
0.92765
0.92696
0.92627
0.92557
0.92487
0.92416
0.92345
0.92273
0.92201
0.92129
0.92056
0.91982
0.91908
0.91833
0.91758
0.91683
0.91607
0.91531
0.91454
0.91377
0.91299
0.91221
0.91142
0.91063
0.90984
0.90904
0.90823
0.90743
0.90661
0.9058
0.90498
0.90415
0.90332
0.90249
0.90165
0.90081
0.89997
0.89912
0.89827
0.89741
0.89655
0.89569
0.89482
0.89395
0.89307
0.8922
0.89131
0.89043
0.88954
0.88865
0.88775
0.88685
0.88595
0.88504
0.88413
0.88322
0.88231
0.88139
0.88047
0.87954
0.87862
0.87769
0.87675
0.87582
0.87488
0.87394
0.87299
0.87204
0.87109
0.87014
0.86919
0.86823
0.86727
0.86631
0.86535
0.86438
0.86341
0.86244
0.86147
0.86049
0.85952
0.85854
0.85756
0.85658
0.85559
0.85461
0.85362
0.85263
0.85164
0.85064
0.84965
0.84866
0.84766
0.84666
0.84566
0.84466
0.84366
0.84265
0.84165
0.84065
0.83964
0.83863
0.83762
0.83661
0.83561
0.83459
0.83358
0.83257
0.83156
0.83055
0.82953
0.82852
0.82751
0.82649
0.82548
0.82446
0.82345
0.82243
0.82142
0.8204
0.81939
0.81837
0.81736
0.81634
0.81533
0.81432
0.8133
0.81229
0.81128
0.81027
0.80925
0.80824
0.80723
0.80623
0.80522
0.80421
0.8032
0.8022
0.80119
0.80019
0.79919
0.79819
0.79719
0.79619
0.79519
0.7942
0.7932
0.79221
0.79122
0.79023
0.78924
0.78825
0.78727
0.78629
0.78531
0.78433
0.78335
0.78238
0.7814
0.78043
0.77946
0.7785
0.77753
0.77657
0.77561
0.77466
0.7737
0.77275
0.7718
0.77086
0.76991
0.76897
0.76803
0.7671
0.76617
0.76524
0.76431
0.76339
0.76247
0.76155
0.76063
0.75972
0.75882
0.75791
0.75701
0.75611
0.75522
0.75433
0.75344
0.75256
0.75168
0.7508
0.74993
0.74906
0.7482
0.74734
0.74648
0.74563
0.74478
0.74394
0.7431
0.74226
0.74143
0.7406
0.73978
0.73896
0.73814
0.73733
0.73652
0.73572
0.73493
0.73413
0.73335
0.73256
0.73179
0.73101
0.73024
0.72948
0.72872
0.72797
0.72722
0.72648
0.72574
0.725
0.72427
0.72355
0.72283
0.72212
0.72141
0.72071
0.72001
0.71932
0.71864
0.71796
0.71728
0.71661
0.71595
0.71529
0.71464
0.71399
0.71335
0.71271
0.71208
0.71146
0.71084
0.71023
0.70963
0.70903
0.70843
0.70784
0.70726
0.70669
0.70612
0.70556
0.705
0.70445
0.7039
0.70337
0.70284
0.70231
0.70179
0.70128
0.70077
0.70027
0.69978
0.6993
0.69882
0.69834
0.69788
0.69742
0.69697
0.69652
0.69608
0.69565
0.69522
0.6948
0.69439
0.69399
0.69359
0.6932
0.69282
0.69244
0.69207
0.69171
0.69135
0.691
0.69066
0.69033
0.69
0.68968
0.68937
0.68907
0.68877
0.68848
0.6882
0.68792
0.68765
0.68739
0.68714
0.68689
0.68665
0.68642
0.6862
0.68598
0.68578
0.68558
0.68538
0.6852
0.68502
0.68485
0.68469
0.68453
0.68439
0.68425
0.68412
0.68399
0.68388
0.68377
0.68367
0.68358
0.68349
0.68342
0.68335
0.68329
0.68323
0.68319
0.68315
0.68312
0.6831
0.68309
0.68309
0.68309
0.6831
0.68312
0.68315
0.68318
0.68322
0.68328
0.68333
0.6834
0.68348
0.68356
0.68365
0.68375
0.68386
0.68398
0.6841
0.68423
0.68437
0.68452
0.68468
0.68485
0.68502
0.6852
0.68539
0.68559
0.68579
0.68601
0.68623
0.68646
0.6867
0.68695
0.6872
0.68746
0.68774
0.68802
0.6883
0.6886
0.6889
0.68922
0.68954
0.68987
0.6902
0.69055
0.6909
0.69126
0.69163
0.69201
0.6924
0.69279
0.69319
0.6936
0.69402
0.69445
0.69488
0.69532
0.69578
0.69623
0.6967
0.69718
0.69766
0.69815
0.69865
0.69916
0.69967
0.70019
0.70072
0.70126
0.70181
0.70236
0.70293
0.7035
0.70407
0.70466
0.70525
0.70585
0.70646
0.70708
0.7077
0.70834
0.70898
0.70962
0.71028
0.71094
0.71161
0.71229
0.71297
0.71367
0.71436
0.71507
0.71579
0.71651
0.71724
0.71797
0.71872
0.71947
0.72023
0.72099
0.72177
0.72255
0.72333
0.72413
0.72493
0.72573
0.72655
0.72737
0.7282
0.72903
0.72987
0.73072
0.73158
0.73244
0.73331
0.73418
0.73506
0.73595
0.73684
0.73774
0.73865
0.73956
0.74048
0.7414
0.74233
0.74327
0.74421
0.74516
0.74612
0.74708
0.74804
0.74901
0.74999
0.75097
0.75196
0.75295
0.75395
0.75496
0.75597
0.75698
0.758
0.75903
0.76006
0.76109
0.76213
0.76317
0.76422
0.76528
0.76634
0.7674
0.76847
0.76954
0.77061
0.77169
0.77278
0.77387
0.77496
0.77606
0.77716
0.77826
0.77937
0.78048
0.78159
0.78271
0.78383
0.78496
0.78609
0.78722
0.78835
0.78949
0.79063
0.79178
0.79292
0.79407
0.79522
0.79638
0.79753
0.79869
0.79985
0.80101
0.80218
0.80334
0.80451
0.80568
0.80685
0.80803
0.8092
0.81038
0.81156
0.81273
0.81391
0.81509
0.81628
0.81746
0.81864
0.81982
0.82101
0.82219
0.82338
0.82456
0.82575
0.82693
0.82812
0.8293
0.83049
0.83167
0.83285
0.83404
0.83522
0.8364
0.83758
0.83876
0.83994
0.84112
0.84229
0.84347
0.84464
0.84581
0.84698
0.84815
0.84931
0.85048
0.85164
0.8528
0.85395
0.85511
0.85626
0.85741
0.85855
0.8597
0.86084
0.86197
0.86311
0.86424
0.86536
0.86649
0.8676
0.86872
0.86983
0.87094
0.87204
0.87314
0.87424
0.87533
0.87641
0.87749
0.87857
0.87964
0.88071
0.88177
0.88282
0.88388
0.88492
0.88596
0.887
0.88802
0.88905
0.89006
0.89107
0.89208
0.89308
0.89407
0.89505
0.89603
0.89701
0.89797
0.89893
0.89988
0.90083
0.90176
0.90269
0.90362
0.90453
0.90544
0.90634
0.90723
0.90812
0.909
0.90986
0.91072
0.91158
0.91242
0.91326
0.91408
0.9149
0.91571
0.91651
0.91731
0.91809
0.91886
0.91963
0.92038
0.92113
0.92187
0.9226
0.92331
0.92402
0.92472
0.92541
0.92609
0.92676
0.92742
0.92807
0.92871
0.92934
0.92996
0.93057
0.93116
0.93175
0.93233
0.93289
0.93345
0.934
0.93453
0.93505
0.93556
0.93607
0.93656
0.93703
0.9375
0.93796
0.9384
0.93884
0.93926
0.93967
0.94007
0.94046
0.94083
0.9412
0.94155
0.94189
0.94222
0.94254
0.94285
0.94314
0.94342
0.94369
0.94395
0.94419
0.94443
0.94465
0.94486
0.94505
0.94524
0.94541
0.94557
0.94572
0.94585
0.94598
0.94609
0.94619
0.94627
0.94635
0.94641
0.94646
0.94649
0.94652
0.94653
0.94653
0.94651
0.94649
0.94645
0.9464
0.94633
0.94626
0.94617
0.94607
0.94596
0.94583
0.94569
0.94554
0.94538
0.9452
0.94501
0.94481
0.9446
0.94437
0.94414
0.94389
0.94362
0.94335
0.94306
0.94276
0.94245
0.94213
0.94179
0.94144
0.94108
0.94071
0.94033
0.93993
0.93952
0.9391
0.93867
0.93823
0.93777
0.9373
0.93682
0.93633
0.93583
0.93531
0.93479
0.93425
0.9337
0.93314
0.93257
0.93199
0.93139
0.93079
0.93017
0.92955
0.92891
0.92826
0.9276
0.92693
0.92625
0.92556
0.92485
0.92414
0.92342
0.92268
0.92194
0.92118
0.92042
0.91964
0.91886
0.91806
0.91726
0.91645
0.91562
0.91479
0.91395
0.91309
0.91223
0.91136
0.91048
0.90959
0.90869
0.90779
0.90687
0.90594
0.90501
0.90407
0.90312
0.90216
0.90119
0.90022
0.89923
0.89824
0.89724
0.89624
0.89522
0.8942
0.89317
0.89213
0.89109
0.89004
0.88898
0.88791
0.88684
0.88576
0.88468
0.88358
0.88249
0.88138
0.88027
0.87915
0.87803
0.8769
0.87576
0.87462
0.87347
0.87232
0.87116
0.87
0.86883
0.86766
0.86648
0.8653
0.86411
0.86292
0.86172
0.86052
0.85932
0.85811
0.85689
0.85568
0.85446
0.85323
0.852
0.85077
0.84954
0.8483
0.84706
0.84581
0.84457
0.84332
0.84206
0.84081
0.83955
0.83829
0.83703
0.83576
0.8345
0.83323
0.83196
0.83069
0.82941
0.82814
0.82686
0.82558
0.82431
0.82303
0.82175
0.82047
0.81918
0.8179
0.81662
0.81534
0.81406
0.81277
0.81149
0.81021
0.80892
0.80764
0.80636
0.80508
0.8038
0.80252
0.80124
0.79996
0.79869
0.79741
0.79614
0.79486
0.79359
0.79232
0.79106
0.78979
0.78853
0.78726
0.78601
0.78475
0.78349
0.78224
0.78099
0.77974
0.7785
0.77726
0.77602
0.77478
0.77355
0.77232
0.77109
0.76987
0.76865
0.76744
0.76622
0.76502
0.76381
0.76261
0.76142
0.76022
0.75904
0.75785
0.75667
0.7555
0.75433
0.75316
0.752
0.75085
0.7497
0.74855
0.74741
0.74628
0.74515
0.74402
0.7429
0.74179
0.74068
0.73958
0.73848
0.73739
0.7363
0.73522
0.73415
0.73308
0.73202
0.73097
0.72992
0.72888
0.72784
0.72681
0.72579
0.72477
0.72377
0.72276
0.72177
0.72078
0.7198
0.71882
0.71785
0.71689
0.71594
0.715
0.71406
0.71313
0.7122
0.71129
0.71038
0.70948
0.70858
0.7077
0.70682
0.70595
0.70509
0.70424
0.70339
0.70255
0.70172
0.7009
0.70009
0.69928
0.69848
0.6977
0.69692
0.69614
0.69538
0.69463
0.69388
0.69314
0.69241
0.69169
0.69098
0.69028
0.68958
0.6889
0.68822
0.68755
0.6869
0.68625
0.68561
0.68497
0.68435
0.68374
0.68313
0.68254
0.68195
0.68138
0.68081
0.68025
0.6797
0.67916
0.67863
0.67811
0.6776
0.6771
0.67661
0.67612
0.67565
0.67519
0.67473
0.67429
0.67385
0.67343
0.67301
0.67261
0.67221
0.67182
0.67145
0.67108
0.67072
0.67038
0.67004
0.66971
0.66939
0.66908
0.66879
0.6685
0.66822
0.66795
0.66769
0.66744
0.6672
0.66697
0.66675
0.66655
0.66635
0.66616
0.66598
0.66581
0.66565
0.6655
0.66536
0.66523
0.66511
0.665
0.6649
0.66481
0.66474
0.66467
0.66461
0.66456
0.66452
0.66449
0.66447
0.66446
0.66446
0.66447
0.6645
0.66453
0.66457
0.66462
0.66468
0.66475
0.66483
0.66492
0.66502
0.66514
0.66526
0.66539
0.66553
0.66568
0.66584
0.66601
0.66619
0.66638
0.66658
0.66679
0.66701
0.66724
0.66748
0.66773
0.66799
0.66826
0.66854
0.66883
0.66912
0.66943
0.66975
0.67008
0.67041
0.67076
0.67112
0.67148
0.67186
0.67224
0.67264
0.67304
0.67346
0.67388
0.67431
0.67475
0.6752
0.67566
0.67613
0.67661
0.6771
0.6776
0.67811
0.67862
0.67915
0.67968
0.68022
0.68078
0.68134
0.68191
0.68249
0.68308
0.68367
0.68428
0.68489
0.68552
0.68615
0.68679
0.68744
0.6881
0.68877
0.68944
0.69012
0.69082
0.69152
0.69223
0.69294
0.69367
0.6944
0.69515
0.6959
0.69665
0.69742
0.69819
0.69898
0.69977
0.70057
0.70137
0.70218
0.70301
0.70383
0.70467
0.70551
0.70637
0.70722
0.70809
0.70896
0.70984
0.71073
0.71163
0.71253
0.71344
0.71435
0.71528
0.71621
0.71714
0.71808
0.71903
0.71999
0.72095
0.72192
0.7229
0.72388
0.72487
0.72586
0.72686
0.72787
0.72888
0.72989
0.73092
0.73195
0.73298
0.73402
0.73507
0.73612
0.73717
0.73823
0.7393
0.74037
0.74145
0.74253
0.74362
0.74471
0.7458
0.7469
0.74801
0.74912
0.75023
0.75135
0.75247
0.7536
0.75473
0.75586
0.757
0.75814
0.75928
0.76043
0.76158
0.76273
0.76389
0.76505
0.76622
0.76738
0.76855
0.76973
0.7709
0.77208
0.77326
0.77444
0.77562
0.77681
0.778
0.77919
0.78038
0.78158
0.78277
0.78397
0.78517
0.78636
0.78757
0.78877
0.78997
0.79117
0.79238
0.79358
0.79479
0.79599
0.7972
0.79841
0.79961
0.80082
0.80202
0.80323
0.80443
0.80564
0.80684
0.80805
0.80925
0.81045
0.81165
0.81285
0.81405
0.81525
0.81644
0.81763
0.81883
0.82002
0.8212
0.82239
0.82357
0.82475
0.82593
0.82711
0.82828
0.82945
0.83062
0.83178
0.83294
0.8341
0.83526
0.83641
0.83755
0.8387
0.83984
0.84097
0.8421
0.84323
0.84435
0.84547
0.84659
0.84769
0.8488
0.8499
0.85099
0.85208
0.85316
0.85424
0.85531
0.85638
0.85744
0.8585
0.85954
0.86059
0.86162
0.86265
0.86368
0.86469
0.8657
0.86671
0.8677
0.86869
0.86967
0.87065
0.87162
0.87258
0.87353
0.87447
0.87541
0.87634
0.87726
0.87817
0.87907
0.87997
0.88086
0.88173
0.8826
0.88346
0.88432
0.88516
0.88599
0.88682
0.88763
0.88844
0.88923
0.89002
0.8908
0.89156
0.89232
0.89307
0.89381
0.89453
0.89525
0.89595
0.89665
0.89733
0.89801
0.89867
0.89932
0.89997
0.9006
0.90122
0.90182
0.90242
0.90301
0.90358
0.90414
0.9047
0.90524
0.90576
0.90628
0.90678
0.90728
0.90776
0.90822
0.90868
0.90912
0.90955
0.90997
0.91038
0.91077
0.91116
0.91153
0.91188
0.91223
0.91256
0.91287
0.91318
0.91347
0.91375
0.91402
0.91427
0.91451
0.91474
0.91495
0.91515
0.91534
0.91551
0.91567
0.91582
0.91596
0.91608
0.91618
0.91628
0.91636
0.91642
0.91648
0.91652
0.91654
0.91655
0.91655
0.91654
0.91651
0.91646
0.91641
0.91634
0.91625
0.91616
0.91605
0.91592
0.91578
0.91563
0.91546
0.91528
0.91509
0.91488
0.91466
0.91443
0.91418
0.91391
0.91364
0.91335
0.91305
0.91273
0.9124
0.91205
0.9117
0.91133
0.91094
0.91054
0.91013
0.90971
0.90927
0.90882
0.90835
0.90788
0.90738
0.90688
0.90636
0.90583
0.90529
0.90473
0.90416
0.90358
0.90298
0.90238
0.90176
0.90112
0.90048
0.89982
0.89915
0.89846
0.89777
0.89706
0.89634
0.89561
0.89486
0.89411
0.89334
0.89256
0.89177
0.89096
0.89015
0.88932
0.88848
0.88763
0.88677
0.8859
0.88502
0.88412
0.88322
0.8823
0.88138
0.88044
0.87949
0.87854
0.87757
0.87659
0.8756
0.8746
0.87359
0.87257
0.87155
0.87051
0.86946
0.8684
0.86734
0.86626
0.86518
0.86409
0.86298
0.86187
0.86075
0.85963
0.85849
0.85734
0.85619
0.85503
0.85386
0.85269
0.8515
0.85031
0.84911
0.84791
0.84669
0.84547
0.84425
0.84301
0.84177
0.84052
0.83927
0.83801
0.83675
0.83547
0.8342
0.83291
0.83163
0.83033
0.82903
0.82773
0.82642
0.8251
0.82378
0.82246
0.82113
0.8198
0.81846
0.81712
0.81577
0.81443
0.81307
0.81172
0.81036
0.809
0.80763
0.80626
0.80489
0.80352
0.80214
0.80076
0.79938
0.798
0.79661
0.79522
0.79383
0.79244
0.79105
0.78966
0.78826
0.78687
0.78547
0.78408
0.78268
0.78128
0.77988
0.77848
0.77708
0.77569
0.77429
0.77289
0.77149
0.7701
0.7687
0.76731
0.76591
0.76452
0.76313
0.76174
0.76035
0.75896
0.75758
0.7562
0.75482
0.75344
0.75206
0.75069
0.74932
0.74795
0.74658
0.74522
0.74386
0.74251
0.74115
0.7398
0.73846
0.73712
0.73578
0.73445
0.73312
0.73179
0.73047
0.72916
0.72784
0.72654
0.72523
0.72394
0.72264
0.72136
0.72008
0.7188
0.71753
0.71626
0.715
0.71375
0.7125
0.71126
0.71002
0.70879
0.70757
0.70635
0.70514
0.70394
0.70274
0.70155
0.70037
0.69919
0.69803
0.69686
0.69571
0.69456
0.69342
0.69229
0.69117
0.69005
0.68894
0.68784
0.68675
0.68566
0.68459
0.68352
0.68246
0.68141
0.68037
0.67933
0.67831
0.67729
0.67628
0.67528
0.67429
0.67331
0.67234
0.67138
0.67042
0.66948
0.66854
0.66762
0.6667
0.66579
0.6649
0.66401
0.66313
0.66226
0.66141
0.66056
0.65972
0.65889
0.65807
0.65727
0.65647
0.65568
0.6549
0.65414
0.65338
0.65264
0.6519
0.65117
0.65046
0.64976
0.64906
0.64838
0.64771
0.64705
0.6464
0.64576
0.64513
0.64451
0.6439
0.64331
0.64272
0.64215
0.64159
0.64104
0.6405
0.63997
0.63945
0.63894
0.63845
0.63796
0.63749
0.63703
0.63657
0.63614
0.63571
0.63529
0.63489
0.63449
0.63411
0.63374
0.63338
0.63303
0.63269
0.63237
0.63206
0.63175
0.63146
0.63118
0.63092
0.63066
0.63041
0.63018
0.62996
0.62975
0.62955
0.62936
0.62919
0.62903
0.62887
0.62873
0.6286
0.62849
0.62838
0.62828
0.6282
0.62813
0.62807
0.62802
0.62798
0.62796
0.62794
0.62794
0.62795
0.62797
0.628
0.62804
0.6281
0.62816
0.62824
0.62833
0.62843
0.62854
0.62866
0.62879
0.62894
0.62909
0.62926
0.62944
0.62962
0.62982
0.63003
0.63026
0.63049
0.63073
0.63099
0.63125
0.63153
0.63182
0.63211
0.63242
0.63274
0.63307
0.63341
0.63376
0.63413
0.6345
0.63488
0.63527
0.63568
0.63609
0.63651
0.63695
0.63739
0.63785
0.63831
0.63879
0.63927
0.63977
0.64027
0.64079
0.64131
0.64184
0.64239
0.64294
0.6435
0.64408
0.64466
0.64525
0.64585
0.64646
0.64708
0.64771
0.64834
0.64899
0.64965
0.65031
0.65098
0.65166
0.65235
0.65305
0.65376
0.65448
0.6552
0.65593
0.65668
0.65742
0.65818
0.65895
0.65972
0.6605
0.66129
0.66209
0.66289
0.6637
0.66452
0.66535
0.66618
0.66702
0.66787
0.66873
0.66959
0.67046
0.67134
0.67222
0.67311
0.674
0.67491
0.67582
0.67673
0.67765
0.67858
0.67951
0.68045
0.6814
0.68235
0.6833
0.68427
0.68523
0.68621
0.68718
0.68817
0.68915
0.69015
0.69114
0.69215
0.69315
0.69416
0.69518
0.6962
0.69722
0.69825
0.69928
0.70032
0.70136
0.7024
0.70345
0.7045
0.70555
0.70661
0.70767
0.70873
0.7098
0.71087
0.71194
0.71301
0.71409
0.71517
0.71625
0.71733
0.71842
0.7195
0.72059
0.72168
0.72277
0.72387
0.72496
0.72606
0.72715
0.72825
0.72935
0.73045
0.73155
0.73265
0.73375
0.73485
0.73595
0.73705
0.73815
0.73925
0.74035
0.74145
0.74255
0.74365
0.74474
0.74584
0.74694
0.74803
0.74912
0.75021
0.7513
0.75239
0.75348
0.75456
0.75565
0.75673
0.75781
0.75888
0.75995
0.76103
0.76209
0.76316
0.76422
0.76528
0.76634
0.76739
0.76844
0.76949
0.77053
0.77157
0.77261
0.77364
0.77466
0.77569
0.77671
0.77772
0.77873
0.77974
0.78074
0.78174
0.78273
0.78371
0.7847
0.78567
0.78664
0.78761
0.78857
0.78952
0.79047
0.79142
0.79235
0.79329
0.79421
0.79513
0.79604
0.79695
0.79785
0.79875
0.79963
0.80051
0.80139
0.80226
0.80312
0.80397
0.80482
0.80565
0.80649
0.80731
0.80813
0.80894
0.80974
0.81053
0.81132
0.8121
0.81287
0.81363
0.81439
0.81514
0.81588
0.81661
0.81733
0.81804
0.81875
0.81945
0.82014
0.82082
0.82149
0.82215
0.82281
0.82346
0.82409
0.82472
0.82534
0.82595
0.82655
0.82715
0.82773
0.8283
0.82887
0.82943
0.82997
0.83051
0.83104
0.83156
0.83207
0.83257
0.83306
0.83354
0.83402
0.83448
0.83493
0.83538
0.83581
0.83624
0.83665
0.83706
0.83745
0.83784
0.83822
0.83859
0.83895
0.83929
0.83963
0.83996
0.84028
0.84059
0.84089
0.84118
0.84147
0.84174
0.842
0.84225
0.8425
0.84273
0.84296
0.84317
0.84338
0.84357
0.84376
0.84394
0.84411
0.84426
0.84441
0.84455
0.84468
0.84481
0.84492
0.84502
0.84512
0.8452
0.84528
0.84535
0.8454
0.84545
0.84549
0.84553
0.84555
0.84556
0.84557
0.84557
0.84556
0.84554
0.84551
0.84547
0.84543
0.84537
0.84531
0.84524
0.84516
0.84508
0.84498
0.84488
0.84477
0.84466
0.84453
0.8444
0.84426
0.84411
0.84396
0.8438
0.84363
0.84345
0.84327
0.84308
0.84288
0.84268
0.84247
0.84225
0.84203
0.8418
0.84156
0.84132
0.84107
0.84081
0.84055
0.84028
0.84001
0.83973
0.83945
0.83916
0.83886
0.83856
0.83826
0.83794
0.83763
0.83731
0.83698
0.83665
0.83632
0.83598
0.83563
0.83528
0.83493
0.83457
0.83421
0.83385
0.83348
0.8331
0.83273
0.83235
0.83197
0.83158
0.83119
0.8308
0.8304
0.83
0.8296
0.8292
0.82879
0.82839
0.82797
0.82756
0.82715
0.82673
0.82631
0.82589
0.82547
0.82504
0.82462
0.82419
0.82376
0.82334
0.82291
0.82248
0.82205
0.82161
0.82118
0.82075
0.82032
0.81988
0.81945
0.81902
0.81859
0.81815
0.81772
0.81729
0.81686
0.81643
0.816
0.81557
0.81515
0.81472
0.8143
0.81387
0.81345
0.81303
0.81261
0.8122
0.81178
0.81137
0.81096
0.81055
0.81015
0.80975
0.80935
0.80895
0.80855
0.80816
0.80777
0.80739
0.80701
0.80663
0.80625
0.80588
0.80551
0.80515
0.80479
0.80443
0.80408
0.80373
0.80339
0.80305
0.80271
0.80238
0.80205
0.80173
0.80142
0.8011
0.8008
0.8005
0.8002
0.79991
0.79962
0.79934
0.79907
0.7988
0.79853
0.79828
0.79802
0.79778
0.79754
0.7973
0.79708
0.79686
0.79664
0.79643
0.79623
0.79603
0.79585
0.79566
0.79549
0.79532
0.79516
0.795
0.79486
0.79472
0.79458
0.79446
0.79434
0.79423
0.79413
0.79403
0.79394
0.79386
0.79379
0.79373
0.79367
0.79362
0.79358
0.79354
0.79352
0.7935
0.79349
0.79349
0.7935
0.79352
0.79354
0.79357
0.79362
0.79366
0.79372
0.79379
0.79387
0.79395
0.79404
0.79414
0.79425
0.79437
0.7945
0.79464
0.79478
0.79494
0.7951
0.79527
0.79546
0.79565
0.79585
0.79605
0.79627
0.7965
0.79674
0.79698
0.79723
0.7975
0.79777
0.79805
0.79834
0.79864
0.79895
0.79927
0.7996
0.79994
0.80029
0.80064
0.80101
0.80138
0.80177
0.80216
0.80256
0.80297
0.80339
0.80382
0.80426
0.80471
0.80517
0.80564
0.80611
0.8066
0.80709
0.8076
0.80811
0.80863
0.80916
0.8097
0.81025
0.81081
0.81138
0.81195
0.81254
0.81313
0.81374
0.81435
0.81497
0.8156
0.81624
0.81688
0.81754
0.8182
0.81888
0.81956
0.82025
0.82095
0.82165
0.82237
0.82309
0.82382
0.82456
0.82531
0.82607
0.82683
0.8276
0.82838
0.82917
0.82997
0.83077
0.83158
0.8324
0.83323
0.83406
0.83491
0.83576
0.83661
0.83748
0.83835
0.83922
0.84011
0.841
0.8419
0.84281
0.84372
0.84464
0.84556
0.84649
0.84743
0.84838
0.84933
0.85029
0.85125
0.85222
0.85319
0.85417
0.85516
0.85615
0.85715
0.85815
0.85916
0.86018
0.86119
0.86222
0.86325
0.86428
0.86532
0.86636
0.86741
0.86846
0.86952
0.87058
0.87164
0.87271
0.87378
0.87486
0.87594
0.87702
0.87811
0.8792
0.88029
0.88139
0.88249
0.88359
0.88469
0.8858
0.88691
0.88802
0.88914
0.89026
0.89137
0.8925
0.89362
0.89474
0.89587
0.897
0.89813
0.89926
0.90039
0.90152
0.90265
0.90379
0.90492
0.90605
0.90719
0.90832
0.90946
0.91059
0.91173
0.91286
0.914
0.91513
0.91626
0.9174
0.91853
0.91966
0.92078
0.92191
0.92304
0.92416
0.92528
0.9264
0.92752
0.92864
0.92975
0.93087
0.93198
0.93308
0.93419
0.93529
0.93638
0.93748
0.93857
0.93966
0.94074
0.94182
0.9429
0.94397
0.94504
0.94611
0.94717
0.94823
0.94928
0.95032
0.95137
0.9524
0.95344
0.95446
0.95548
0.9565
0.95751
0.95852
0.95952
0.96051
0.9615
0.96248
0.96345
0.96442
0.96538
0.96634
0.96729
0.96823
0.96917
0.97009
0.97101
0.97193
0.97283
0.97373
0.97463
0.97551
0.97639
0.97725
0.97811
0.97897
0.97981
0.98064
0.98147
0.98229
0.9831
0.9839
0.9847
0.98548
0.98625
0.98702
0.98778
0.98853
0.98926
0.98999
0.99071
0.99142
0.99212
0.99281
0.9935
0.99417
0.99483
0.99548
0.99612
0.99675
0.99737
0.99798
0.99859
0.99918
0.99976
1.0003
1.0009
1.0014
1.002
1.0025
1.003
1.0035
1.004
1.0045
1.005
1.0054
1.0059
1.0063
1.0067
1.0072
1.0076
1.008
1.0083
1.0087
1.0091
1.0094
1.0098
1.0101
1.0104
1.0107
1.011
1.0113
1.0116
1.0118
1.0121
1.0123
1.0125
1.0127
1.0129
1.0131
1.0133
1.0135
1.0136
1.0138
1.0139
1.014
1.0141
1.0142
1.0143
1.0144
1.0144
1.0145
1.0145
1.0145
1.0146
1.0146
1.0146
1.0145
1.0145
1.0145
1.0144
1.0143
1.0143
1.0142
1.0141
1.014
1.0139
1.0137
1.0136
1.0134
1.0133
1.0131
1.0129
1.0127
1.0125
1.0123
1.0121
1.0118
1.0116
1.0113
1.0111
1.0108
1.0105
1.0102
1.0099
1.0096
1.0092
1.0089
1.0086
1.0082
1.0078
1.0075
1.0071
1.0067
1.0063
1.0058
1.0054
1.005
1.0046
1.0041
1.0036
1.0032
1.0027
1.0022
1.0017
1.0012
1.0007
1.0002
0.99966
0.99912
0.99858
0.99803
0.99747
0.99691
0.99633
0.99575
0.99517
0.99457
0.99397
0.99336
0.99274
0.99212
0.99149
0.99086
0.99022
0.98957
0.98891
0.98825
0.98758
0.98691
0.98623
0.98555
0.98486
0.98416
0.98346
0.98276
0.98205
0.98133
0.98061
0.97989
0.97916
0.97842
0.97768
0.97694
0.97619
0.97544
0.97468
0.97392
0.97316
0.97239
0.97162
0.97085
0.97007
0.96929
0.96851
0.96772
0.96693
0.96614
0.96535
0.96455
0.96375
0.96295
0.96215
0.96134
0.96054
0.95973
0.95892
0.9581
0.95729
0.95648
0.95566
0.95484
0.95403
0.95321
0.95239
0.95157
0.95075
0.94993
0.9491
0.94828
0.94746
0.94664
0.94582
0.945
0.94418
0.94336
0.94254
0.94172
0.9409
0.94008
0.93927
0.93845
0.93764
0.93683
0.93601
0.93521
0.9344
0.93359
0.93279
0.93198
0.93118
0.93039
0.92959
0.9288
0.928
0.92722
0.92643
0.92565
0.92486
0.92409
0.92331
0.92254
0.92177
0.92101
0.92024
0.91948
0.91873
0.91798
0.91723
0.91648
0.91574
0.91501
0.91427
0.91354
0.91282
0.9121
0.91138
0.91067
0.90996
0.90926
0.90856
0.90787
0.90718
0.90649
0.90581
0.90514
0.90447
0.9038
0.90314
0.90249
0.90184
0.90119
0.90055
0.89992
0.89929
0.89867
0.89805
0.89744
0.89683
0.89623
0.89564
0.89505
0.89447
0.89389
0.89332
0.89275
0.89219
0.89164
0.89109
0.89055
0.89001
0.88948
0.88896
0.88844
0.88793
0.88742
0.88692
0.88643
0.88595
0.88547
0.88499
0.88453
0.88407
0.88361
0.88316
0.88272
0.88229
0.88186
0.88144
0.88102
0.88061
0.88021
0.87982
0.87943
0.87904
0.87867
0.8783
0.87794
0.87758
0.87723
0.87689
0.87655
0.87622
0.8759
0.87558
0.87527
0.87497
0.87467
0.87438
0.87409
0.87381
0.87354
0.87328
0.87302
0.87277
0.87252
0.87228
0.87205
0.87182
0.8716
0.87139
0.87118
0.87098
0.87078
0.87059
0.87041
0.87023
0.87006
0.86989
0.86974
0.86958
0.86943
0.86929
0.86916
0.86903
0.8689
0.86878
0.86867
0.86856
0.86846
0.86837
0.86828
0.86819
0.86811
0.86804
0.86797
0.8679
0.86784
0.86779
0.86774
0.8677
0.86766
0.86762
0.86759
0.86757
0.86755
0.86753
0.86752
0.86752
0.86751
0.86752
0.86752
0.86753
0.86755
0.86757
0.86759
0.86762
0.86765
0.86768
0.86772
0.86776
0.86781
0.86786
0.86791
0.86796
0.86802
0.86808
0.86815
0.86822
0.86829
0.86836
0.86844
0.86852
0.8686
0.86868
0.86877
0.86886
0.86895
0.86904
0.86914
0.86923
0.86933
0.86943
0.86953
0.86964
0.86974
0.86985
0.86996
0.87007
0.87018
0.87029
0.8704
0.87051
0.87063
0.87074
0.87086
0.87097
0.87109
0.87121
0.87132
0.87144
0.87155
0.87167
0.87179
0.8719
0.87202
0.87213
0.87224
0.87236
0.87247
0.87258
0.87269
0.8728
0.87291
0.87301
0.87312
0.87322
0.87332
0.87342
0.87352
0.87362
0.87371
0.8738
0.87389
0.87398
0.87406
0.87414
0.87422
0.8743
0.87437
0.87444
0.87451
0.87458
0.87464
0.87469
0.87475
0.8748
0.87485
0.87489
0.87493
0.87496
0.87499
0.87502
0.87504
0.87506
0.87508
0.87509
0.87509
0.87509
0.87508
0.87507
0.87506
0.87504
0.87501
0.87498
0.87495
0.87491
0.87486
0.87481
0.87475
0.87468
0.87461
0.87453
0.87445
0.87436
0.87427
0.87417
0.87406
0.87394
0.87382
0.8737
0.87356
0.87342
0.87327
0.87312
0.87295
0.87279
0.87261
0.87242
0.87223
0.87203
0.87183
0.87161
0.87139
0.87116
0.87093
0.87068
0.87043
0.87017
0.8699
0.86962
0.86934
0.86904
0.86874
0.86843
0.86811
0.86779
0.86745
0.86711
0.86676
0.8664
0.86603
0.86565
0.86526
0.86486
0.86446
0.86405
0.86362
0.86319
0.86275
0.8623
0.86184
0.86137
0.8609
0.86041
0.85992
0.85941
0.8589
0.85837
0.85784
0.8573
0.85675
0.85619
0.85562
0.85504
0.85445
0.85385
0.85325
0.85263
0.852
0.85137
0.85072
0.85007
0.8494
0.84873
0.84805
0.84735
0.84665
0.84594
0.84522
0.84449
0.84375
0.843
0.84224
0.84148
0.8407
0.83991
0.83912
0.83831
0.8375
0.83667
0.83584
0.835
0.83415
0.83329
0.83242
0.83154
0.83065
0.82975
0.82885
0.82793
0.82701
0.82608
0.82514
0.82419
0.82323
0.82226
0.82129
0.8203
0.81931
0.81831
0.8173
0.81628
0.81525
0.81422
0.81318
0.81213
0.81107
0.81
0.80892
0.80784
0.80675
0.80565
0.80455
0.80344
0.80231
0.80119
0.80005
0.79891
0.79776
0.7966
0.79544
0.79427
0.79309
0.79191
0.79072
0.78952
0.78831
0.7871
0.78589
0.78466
0.78344
0.7822
0.78096
0.77971
0.77846
0.7772
0.77594
0.77467
0.7734
0.77212
0.77083
0.76954
0.76825
0.76695
0.76564
0.76434
0.76302
0.76171
0.76038
0.75906
0.75773
0.7564
0.75506
0.75372
0.75237
0.75102
0.74967
0.74832
0.74696
0.7456
0.74424
0.74287
0.7415
0.74013
0.73876
0.73738
0.736
0.73462
0.73324
0.73186
0.73047
0.72908
0.7277
0.72631
0.72492
0.72353
0.72213
0.72074
0.71935
0.71795
0.71656
0.71516
0.71377
0.71237
0.71098
0.70958
0.70819
0.7068
0.7054
0.70401
0.70262
0.70123
0.69984
0.69845
0.69707
0.69568
0.6943
0.69292
0.69154
0.69016
0.68879
0.68742
0.68605
0.68468
0.68331
0.68195
0.68059
0.67924
0.67789
0.67654
0.67519
0.67385
0.67251
0.67118
0.66985
0.66852
0.6672
0.66588
0.66457
0.66326
0.66196
0.66066
0.65936
0.65807
0.65679
0.65551
0.65424
0.65297
0.65171
0.65045
0.64921
0.64796
0.64672
0.64549
0.64427
0.64305
0.64184
0.64063
0.63944
0.63824
0.63706
0.63588
0.63471
0.63355
0.6324
0.63125
0.63011
0.62898
0.62786
0.62674
0.62564
0.62454
0.62345
0.62236
0.62129
0.62023
0.61917
0.61813
0.61709
0.61606
0.61504
0.61403
0.61303
0.61204
0.61106
0.61009
0.60912
0.60817
0.60723
0.6063
0.60538
0.60447
0.60356
0.60267
0.60179
0.60092
0.60007
0.59922
0.59838
0.59756
0.59674
0.59594
0.59515
0.59437
0.5936
0.59284
0.59209
0.59136
0.59064
0.58992
0.58923
0.58854
0.58786
0.5872
0.58655
0.58591
0.58529
0.58468
0.58407
0.58349
0.58291
0.58235
0.5818
0.58126
0.58074
0.58023
0.57973
0.57925
0.57878
0.57832
0.57788
0.57745
0.57703
0.57663
0.57624
0.57587
0.5755
0.57516
0.57482
0.57451
0.5742
0.57391
0.57363
0.57337
0.57312
0.57289
0.57267
0.57247
0.57228
0.5721
0.57194
0.5718
0.57167
0.57155
0.57145
0.57137
0.5713
0.57124
0.5712
0.57118
0.57117
0.57118
0.5712
0.57124
0.57129
0.57136
0.57145
0.57155
0.57167
0.5718
0.57195
0.57211
0.5723
0.57249
0.57271
0.57294
0.57318
0.57345
0.57372
0.57402
0.57433
0.57466
0.57501
0.57537
0.57575
0.57614
0.57655
0.57698
0.57743
0.57789
0.57837
0.57887
0.57939
0.57992
0.58047
0.58103
0.58162
0.58222
0.58284
0.58347
0.58413
0.5848
0.58549
0.58619
0.58692
0.58766
0.58842
0.5892
0.59
0.59081
0.59164
0.59249
0.59336
0.59425
0.59515
0.59607
0.59701
0.59797
0.59895
0.59995
0.60096
0.60199
0.60304
0.60411
0.6052
0.60631
0.60743
0.60858
0.60974
0.61092
0.61212
0.61334
0.61458
0.61584
0.61711
0.61841
0.61972
0.62105
0.6224
0.62377
0.62516
0.62657
0.628
0.62945
0.63091
0.6324
0.6339
0.63542
0.63697
0.63853
0.64011
0.64171
0.64333
0.64496
0.64662
0.6483
0.64999
0.65171
0.65344
0.6552
0.65697
0.65876
0.66058
0.66241
0.66426
0.66613
0.66801
0.66992
0.67185
0.6738
0.67576
0.67775
0.67975
0.68177
0.68381
0.68588
0.68796
0.69005
0.69217
0.69431
0.69647
0.69864
0.70083
0.70305
0.70528
0.70753
0.7098
0.71209
0.71439
0.71672
0.71906
0.72142
0.7238
0.7262
0.72862
0.73106
0.73351
0.73598
0.73847
0.74098
0.7435
0.74605
0.74861
0.75119
0.75379
0.7564
0.75903
0.76168
0.76435
0.76703
0.76973
0.77245
0.77518
0.77793
0.7807
0.78349
0.78629
0.7891
0.79194
0.79479
0.79765
0.80053
0.80343
0.80634
0.80927
0.81222
0.81517
0.81815
0.82114
0.82414
0.82716
0.83019
0.83324
0.8363
0.83938
0.84247
0.84557
0.84869
0.85182
0.85496
0.85812
0.86129
0.86447
0.86766
0.87087
0.87409
0.87732
0.88057
0.88382
0.88709
0.89037
0.89366
0.89696
0.90027
0.90359
0.90692
0.91026
0.91361
0.91697
0.92034
0.92372
0.92711
0.93051
0.93391
0.93733
0.94075
0.94418
0.94762
0.95106
0.95452
0.95798
0.96144
0.96491
0.96839
0.97188
0.97537
0.97886
0.98237
0.98587
0.98938
0.9929
0.99642
0.99994
1.0035
1.007
1.0105
1.0141
1.0176
1.0212
1.0247
1.0282
1.0318
1.0353
1.0389
1.0424
1.046
1.0495
1.0531
1.0566
1.0602
1.0637
1.0673
1.0708
1.0744
1.0779
1.0815
1.085
1.0885
1.0921
1.0956
1.0991
1.1026
1.1062
1.1097
1.1132
1.1167
1.1202
1.1237
1.1271
1.1306
1.1341
1.1376
1.141
1.1445
1.1479
1.1513
1.1548
1.1582
1.1616
1.165
1.1684
1.1718
1.1751
1.1785
1.1818
1.1852
1.1885
1.1918
1.1951
1.1984
1.2017
1.2049
1.2082
1.2114
1.2146
1.2179
1.221
1.2242
1.2274
1.2305
1.2337
1.2368
1.2399
1.243
1.2461
1.2491
1.2522
1.2552
1.2582
1.2612
1.2641
1.2671
1.27
1.2729
1.2758
1.2787
1.2816
1.2844
1.2872
1.29
1.2928
1.2955
1.2983
1.301
1.3037
1.3064
1.309
1.3116
1.3142
1.3168
1.3194
1.3219
1.3244
1.3269
1.3294
1.3318
1.3342
1.3366
1.339
1.3413
1.3436
1.3459
1.3482
1.3504
1.3526
1.3548
1.357
1.3591
1.3612
1.3633
1.3654
1.3674
1.3694
1.3714
1.3733
1.3752
1.3771
1.379
1.3808
1.3826
1.3844
1.3861
1.3879
1.3895
1.3912
1.3928
1.3944
1.396
1.3975
1.3991
1.4005
1.402
1.4034
1.4048
1.4062
1.4075
1.4088
1.4101
1.4113
1.4125
1.4137
1.4148
1.4159
1.417
1.4181
1.4191
1.4201
1.421
1.422
1.4229
1.4237
1.4245
1.4253
1.4261
1.4268
1.4275
1.4282
1.4288
1.4294
1.43
1.4306
1.4311
1.4315
1.432
1.4324
1.4328
1.4331
1.4334
1.4337
1.4339
1.4342
1.4343
1.4345
1.4346
1.4347
1.4347
1.4348
1.4347
1.4347
1.4346
1.4345
1.4344
1.4342
1.434
1.4338
1.4335
1.4332
1.4328
1.4325
1.4321
1.4316
1.4312
1.4307
1.4302
1.4296
1.429
1.4284
1.4277
1.4271
1.4263
1.4256
1.4248
1.424
1.4232
1.4223
1.4214
1.4205
1.4195
1.4185
1.4175
1.4165
1.4154
1.4143
1.4131
1.412
1.4108
1.4095
1.4083
1.407
1.4057
1.4043
1.403
1.4016
1.4001
1.3987
1.3972
1.3957
1.3942
1.3926
1.391
1.3894
1.3877
1.3861
1.3844
1.3826
1.3809
1.3791
1.3773
1.3755
1.3736
1.3717
1.3698
1.3679
1.3659
1.364
1.362
1.3599
1.3579
1.3558
1.3537
1.3516
1.3494
1.3473
1.3451
1.3429
1.3407
1.3384
1.3361
1.3338
1.3315
1.3292
1.3268
1.3244
1.322
1.3196
1.3172
1.3147
1.3123
1.3098
1.3072
1.3047
1.3022
1.2996
1.297
1.2944
1.2918
1.2892
1.2865
1.2838
1.2812
1.2785
1.2757
1.273
1.2703
1.2675
1.2647
1.2619
1.2591
1.2563
1.2535
1.2506
1.2478
1.2449
1.242
1.2392
1.2362
1.2333
1.2304
1.2275
1.2245
1.2216
1.2186
1.2156
1.2126
1.2096
1.2066
1.2036
1.2006
1.1976
1.1945
1.1915
1.1884
1.1854
1.1823
1.1792
1.1762
1.1731
1.17
1.1669
1.1638
1.1607
1.1576
1.1545
1.1513
1.1482
1.1451
1.142
1.1388
1.1357
1.1326
1.1294
1.1263
1.1231
1.12
1.1168
1.1137
1.1106
1.1074
1.1043
1.1011
1.098
1.0948
1.0917
1.0885
1.0854
1.0823
1.0791
1.076
1.0729
1.0697
1.0666
1.0635
1.0604
1.0573
1.0541
1.051
1.0479
1.0448
1.0417
1.0386
1.0356
1.0325
1.0294
1.0264
1.0233
1.0202
1.0172
1.0142
1.0111
1.0081
1.0051
1.0021
0.99907
0.99607
0.99309
0.99011
0.98714
0.98418
0.98123
0.97829
0.97536
0.97244
0.96953
0.96662
0.96373
0.96085
0.95798
0.95512
0.95227
0.94943
0.94661
0.94379
0.94099
0.9382
0.93542
0.93265
0.92989
0.92715
0.92442
0.9217
0.91899
0.9163
0.91362
0.91095
0.9083
0.90566
0.90304
0.90042
0.89783
0.89524
0.89267
0.89012
0.88757
0.88505
0.88254
0.88004
0.87756
0.87509
0.87263
0.8702
0.86777
0.86537
0.86298
0.8606
0.85824
0.85589
0.85356
0.85125
0.84895
0.84667
0.84441
0.84216
0.83993
0.83771
0.83551
0.83333
0.83116
0.82901
0.82688
0.82476
0.82266
0.82058
0.81852
0.81647
0.81444
0.81242
0.81042
0.80844
0.80648
0.80454
0.80261
0.8007
0.7988
0.79693
0.79507
0.79323
0.79141
0.7896
0.78781
0.78604
0.78429
0.78255
0.78084
0.77914
0.77746
0.77579
0.77415
0.77252
0.77091
0.76932
0.76774
0.76619
0.76465
0.76313
0.76162
0.76014
0.75867
0.75722
0.75579
0.75438
0.75298
0.75161
0.75025
0.74891
0.74758
0.74628
0.74499
0.74372
0.74247
0.74124
0.74002
0.73882
0.73764
0.73648
0.73533
0.73421
0.7331
0.73201
0.73093
0.72988
0.72884
0.72782
0.72682
0.72583
0.72486
0.72391
0.72298
0.72207
0.72117
0.72029
0.71943
0.71858
0.71775
0.71694
0.71615
0.71537
0.71462
0.71387
0.71315
0.71244
0.71175
0.71108
0.71043
0.70979
0.70917
0.70856
0.70797
0.7074
0.70685
0.70631
0.70579
0.70529
0.7048
0.70433
0.70387
0.70343
0.70301
0.70261
0.70222
0.70185
0.70149
0.70115
0.70083
0.70052
0.70023
0.69995
0.69969
0.69945
0.69922
0.69901
0.69882
0.69864
0.69847
0.69832
0.69819
0.69807
0.69797
0.69788
0.69781
0.69775
0.69771
0.69769
0.69767
0.69768
0.6977
0.69773
0.69778
0.69784
0.69792
0.69801
0.69812
0.69824
0.69838
0.69853
0.6987
0.69888
0.69907
0.69928
0.6995
0.69974
0.69999
0.70025
0.70053
0.70082
0.70113
0.70145
0.70178
0.70213
0.70249
0.70286
0.70325
0.70365
0.70406
0.70449
0.70493
0.70538
0.70585
