1.5974
1.4612
1.3037
1.1737
1.0741
0.83097
0.56581
0.34044
0.21227
0.24977
0.28508
0.29833
0.29175
0.36247
0.45971
0.55916
0.58132
0.59463
0.65206
0.67193
0.65425
0.65644
0.71604
0.71163
0.67411
0.65427
0.68965
0.75593
0.80455
0.85535
0.87964
0.8487
0.78242
0.72055
0.64542
0.58576
0.59014
0.61221
0.6409
0.6365
0.58132
0.57031
0.59463
0.6609
0.77574
0.85303
0.82434
0.73601
0.65651
0.61233
0.66752
0.71388
0.76025
0.73597
0.69183
0.67639
0.73161
0.81554
0.831
0.78905
0.71175
0.67639
0.66531
0.66746
0.6409
0.56577
0.47519
0.36915
0.30287
0.31167
0.34919
0.34917
0.33812
0.31384
0.2741
0.29178
0.28737
0.31609
0.38014
0.43314
0.42652
0.38458
0.34264
0.34706
0.41775
0.48843
0.55693
0.60115
0.61888
0.64104
0.72501
0.83768
0.91057
0.91499
0.85314
0.75373
0.67639
0.63438
0.63654
0.64975
0.62544
0.57466
0.49518
0.53053
0.6476
0.75583
0.79782
0.78461
0.76476
0.73386
0.72502
0.74709
0.82214
0.76471
0.67415
0.65205
0.68958
0.73596
0.73378
0.73826
0.81563
0.94382
1.1096
1.346
1.5405
1.6267
1.6179
1.5694
1.5008
1.4212
1.3018
1.1736
1.0409
0.90173
0.74932
0.66318
0.72503
0.87744
1.0277
1.094
1.0454
1.0035
0.93058
0.83333
0.76033
0.6807
0.54588
0.40446
0.30061
0.24978
0.25416
0.22766
0.21441
0.21
0.25859
0.30498
0.31825
0.31828
0.32935
0.36471
0.41113
0.47744
0.57909
0.73597
0.87301
1.0167
1.1979
1.3217
1.3792
1.3925
1.3969
1.3173
1.1957
1.0189
0.831
0.64093
0.47078
0.36912
0.31166
0.3006
0.29399
0.35145
0.4509
0.60558
0.78016
0.94372
1.0786
1.1582
1.1582
1.1141
1.0964
1.1316
1.1338
1.0387
0.90618
0.83988
0.76255
0.64769
0.66974
0.71829
0.73371
0.64537
0.5504
0.5305
0.55477
0.53267
0.52604
0.5724
0.54812
0.53047
0.53932
0.57468
0.59459
0.62997
0.73823
0.90171
1.0409
1.0763
1.0477
1.0919
1.1229
1.0875
1.1162
1.1271
0.99449
0.74928
0.58798
0.53711
0.51719
0.46859
0.46861
0.58789
0.67629
0.74263
0.8399
0.95702
0.98579
0.97036
0.97917
0.93716
0.87967
0.8288
0.78235
0.68073
0.55482
0.51946
0.50618
0.48629
0.50172
0.52597
0.49724
0.43759
0.36029
0.30949
0.3382
0.37135
0.43984
0.56795
0.64972
0.67189
0.70287
0.68746
0.67423
0.7493
0.80226
0.78897
0.73815
0.62772
0.53937
0.56587
0.61666
0.68733
0.68956
0.65425
0.64321
0.63436
0.62551
0.65641
0.67185
0.59678
0.56589
0.61009
0.77356
0.93706
1.0255
1.1051
1.1715
1.2422
1.3284
1.4278
1.4255
1.3438
1.2377
1.0963
0.93059
0.83112
0.79789
0.75143
0.6542
0.54815
0.51498
0.49508
0.42661
0.42662
0.50835
0.57242
0.62326
0.6697
0.72276
0.75372
0.78467
0.80676
0.8487
0.83102
0.79125
0.74266
0.72942
0.79128
0.87302
0.94816
0.96148
0.98361
1.0278
1.0874
1.1051
1.0476
0.92606
0.77803
0.65651
0.57916
0.61223
0.64753
0.59895
0.55258
0.59234
0.63873
0.6255
0.6454
0.61673
0.68521
0.76915
0.84647
0.91717
0.90175
0.82227
0.79135
0.82666
0.76699
0.78679
0.76021
0.64534
0.50619
0.42888
0.47526
0.5857
0.70721
0.81329
0.9216
0.95262
0.94386
0.95935
0.98361
0.95925
0.89951
0.80665
0.67406
0.52384
0.41338
0.39791
0.48184
0.58567
0.68951
0.7735
0.76696
0.74494
0.7317
0.74046
0.78193
0.7876
0.69497
0.53162
0.40461
0.37423
0.39657
0.37941
0.41921
0.46103
0.42642
0.40053
0.39208
0.39891
0.36642
0.32074
0.31223
0.35842
0.37828
0.45235
0.56482
0.5972
0.55424
0.54352
0.54785
0.56507
0.593
0.61015
0.60581
0.55841
0.50871
0.48481
0.50633
0.5581
0.63139
0.65723
0.64424
0.6139
0.60513
0.58331
0.51134
0.56777
0.69609
0.75058
0.69398
0.7137
0.77019
0.75999
0.75355
0.81083
0.90591
0.84206
0.72497
0.65426
0.63214
0.6034
0.56362
0.57022
0.52382
0.47302
0.4708
0.49729
0.47742
0.48626
0.5481
0.50395
0.50397
0.58351
0.68954
0.6984
0.6167
0.59682
0.64097
0.60118
0.5415
0.54587
0.484
0.38239
0.31834
0.37137
0.5503
0.69392
0.74921
0.76476
0.7626
0.76262
0.76039
0.76032
0.73372
0.64086
0.45307
0.32935
0.28294
0.25644
0.32715
0.46413
0.621
0.72268
0.76694
0.80456
0.87748
0.87307
0.81564
0.84212
0.85314
0.84651
0.86421
0.94597
1.0587
1.1493
1.1914
1.2621
1.3682
1.4433
1.4455
1.3615
1.1936
1.0477
0.9637
0.9062
0.87522
0.81555
0.7581
0.72717
0.73381
0.70733
0.7692
0.87968
1.0078
1.1183
1.1957
1.2333
1.2422
1.2024
1.1273
1.0963
1.0543
0.93046
0.76914
0.62549
0.50836
0.41554
0.35367
0.33819
0.35586
0.41551
0.48179
0.5525
0.58568
0.56806
0.53719
0.62115
0.74706
0.81331
0.80667
0.74923
0.66748
0.56365
0.49957
0.50839
0.57022
0.5879
0.60338
0.63875
0.67193
0.69849
0.8112
0.99238
1.1581
1.2531
1.2929
1.2576
1.1516
1.0345
0.98584
0.96363
0.83762
0.67848
0.51274
0.36469
0.26525
0.22326
0.19012
0.22988
0.31603
0.39337
0.47074
0.52163
0.62113
0.80235
0.99461
1.1471
1.2731
1.2974
1.2289
1.1715
1.1427
1.1626
1.1515
1.0763
0.93934
0.80459
0.7582
0.80016
0.89071
0.95255
0.95033
0.85314
0.725
0.60788
0.54817
0.51496
0.44422
0.35362
0.29617
0.27628
0.2785
0.2719
0.35146
0.50392
0.67627
0.81993
0.91499
0.94598
0.89964
0.83779
0.81345
0.8664
0.85528
0.79559
0.69175
0.58793
0.47749
0.49739
0.62773
0.8155
0.94145
0.95036
0.91509
0.92397
0.977
1.041
1.1028
1.0432
0.90617
0.7493
0.63219
0.60784
0.6321
0.60557
0.55918
0.52605
0.5371
0.55919
0.55479
0.55258
0.57909
0.62989
0.66523
0.65198
0.56365
0.52832
0.56366
0.64097
0.71385
0.71385
0.67188
0.59456
0.50177
0.44874
0.50393
0.54144
0.51052
0.39788
0.38906
0.4708
0.568
0.62766
0.62991
0.65422
0.64539
0.58796
0.51063
0.55697
0.5503
0.4575
0.3603
0.3404
0.40002
0.37795
0.39343
0.46414
0.51058
0.5504
0.68963
0.90173
1.0586
1.0675
1.0212
1.0168
1.0256
1.0278
1.094
1.0674
0.86859
0.66313
0.52613
0.5084
0.52602
0.52376
0.45305
0.3669
0.30062
0.29399
0.33594
0.31827
0.29176
0.28292
0.26304
0.26966
0.28952
0.30497
0.27405
0.23872
0.21663
0.24977
0.28953
0.28513
0.2763
0.29618
0.32489
0.32267
0.31383
0.29395
0.28291
0.23875
0.25202
0.36913
0.5525
0.7116
0.81109
0.84874
0.85765
0.87977
0.90847
0.93491
0.8752
0.76248
0.63431
0.50836
0.41777
0.38904
0.41112
0.43762
0.43762
0.45088
0.47958
0.4575
0.41774
0.37577
0.33822
0.37798
0.45529
0.51273
0.53263
0.50836
0.49513
0.5349
0.56361
0.5614
0.56581
0.55919
0.56583
0.60782
0.68296
0.75584
0.83522
0.91005
1.0217
1.1472
1.2423
1.2194
1.1076
0.98966
0.90031
0.96915
1.124
1.3041
1.4256
1.5297
1.6486
1.8635
2.1464
2.3884
2.5534
2.5284
2.3246
2.0574
1.8611
1.7203
1.5671
1.3524
1.1186
0.95043
0.86728
0.81393
0.78193
0.904
1.0838
1.2701
1.4462
1.6035
1.7335
1.7716
1.739
1.6783
1.6691
1.5237
1.2825
1.0228
0.84463
0.73118
0.62991
0.56375
0.53288
0.55941
0.56374
0.60784
0.70064
0.8089
0.87299
0.87966
0.83772
0.77811
0.80019
0.88188
0.97461
0.9768
0.88184
0.76701
0.71401
0.7626
0.87081
0.90613
0.86197
0.81337
0.75373
0.72059
0.77136
0.81772
0.78459
0.70288
0.65429
0.69624
0.70727
0.64099
0.59679
0.58129
0.55254
0.53484
0.51272
0.44204
0.38021
0.37359
0.43767
0.55034
0.68732
0.80885
0.83322
0.79796
0.8488
0.95262
0.99016
0.95923
0.88632
0.81781
0.75593
0.69404
0.65865
0.63209
0.56358
0.48846
0.43322
0.38019
0.37134
0.37353
0.38015
0.36469
0.35585
0.35806
0.33596
0.30283
0.29618
0.32929
0.32927
0.29614
0.22106
0.20782
0.28515
0.41549
0.52818
0.62101
0.68294
0.74044
0.77805
0.79132
0.78689
0.76475
0.68959
0.57466
0.46636
0.39562
0.3536
0.30057
0.22546
0.21883
0.25418
0.24316
0.30725
0.45749
0.6276
0.72487
0.72938
0.70956
0.71621
0.70295
0.7051
0.74256
0.68726
0.54365
0.38901
0.28297
0.25203
0.28294
0.3735
0.45523
0.50164
0.49949
0.47967
0.48413
0.53717
0.63215
0.73593
0.76021
0.68512
0.59677
0.52831
0.50402
0.57029
0.69839
0.8
0.82212
0.73824
0.68525
0.70513
0.71615
0.72054
0.75804
0.75359
0.62991
0.51728
0.53938
0.68295
0.79341
0.85088
0.87744
0.85982
0.83996
0.82228
0.87525
0.89948
0.80666
0.63657
0.53273
0.49074
0.54152
0.64532
0.68509
0.62993
0.63659
0.67638
0.70069
0.71394
0.76472
0.7956
0.7249
0.61667
0.54378
0.58574
0.62551
0.65425
0.74705
0.87298
0.90837
0.89296
0.89298
0.91286
0.91726
0.89736
0.84212
0.83325
0.81998
0.82218
0.82219
0.79792
0.76923
0.80238
0.87968
0.96139
0.99009
0.92162
0.80234
0.68526
0.63223
0.68078
0.7735
0.76244
0.70501
0.63213
0.53496
0.52611
0.59456
0.66521
0.65195
0.55478
0.49293
0.49733
0.52382
0.52823
0.5216
0.48626
0.45976
0.46197
0.51718
0.5724
0.5658
0.53711
0.52831
0.58355
0.69841
0.78235
0.78017
0.74485
0.70732
0.68964
0.67638
0.72495
0.76027
0.75365
0.71391
0.69627
0.7493
0.83105
0.89734
0.92608
0.93714
0.89075
0.82667
0.75152
0.7139
0.66964
0.58124
0.46414
0.36032
0.34042
0.36692
0.41993
0.46633
0.51714
0.48626
0.47303
0.5128
0.55255
0.53489
0.53268
0.57464
0.58569
0.5305
0.55041
0.69178
0.7934
0.80449
0.73165
0.78025
0.81337
0.76255
0.68301
0.72492
0.69836
0.55256
0.43105
0.38242
0.42213
0.40886
0.36026
0.3183
0.36026
0.38679
0.41996
0.51941
0.62993
0.79568
0.99016
1.1449
1.24
1.2974
1.2687
1.2024
1.1361
1.0675
0.94591
0.77357
0.62774
0.55924
0.56805
0.58792
0.61223
0.64317
0.68516
0.7161
0.71393
0.73825
0.81559
0.91062
1.0189
1.1559
1.2996
1.3792
1.3793
1.3263
1.3174
1.2598
1.094
0.89062
0.65195
0.43761
0.26307
0.19014
0.20338
0.2851
0.39112
0.42872
0.44204
0.47965
0.53934
0.58575
0.61006
0.61888
0.63873
0.64534
0.57688
0.577
0.6742
0.76898
0.9007
1.0597
1.2445
1.3741
1.401
1.3433
1.3096
1.2631
1.1736
1.0695
0.96773
0.86197
0.70903
0.55156
0.53006
0.61001
0.68961
0.72607
0.72606
0.69606
0.66605
0.63816
0.60166
0.63387
0.67034
0.70894
0.78177
0.87806
0.99566
1.1325
1.2098
1.1975
1.1724
1.1472
1.0362
0.90328
0.83452
0.86711
0.96685
1.0128
0.98957
0.94236
1.0104
1.1005
1.232
1.3646
1.4212
1.3504
1.1643
1.0191
1.0368
1.2289
1.4012
1.5294
1.5891
1.5936
1.5804
1.6313
1.744
1.8942
1.9825
1.9803
1.9295
1.881
1.8832
1.9318
1.9914
2.0445
2.0842
2.082
2.0268
1.9406
1.7881
1.5959
1.3771
1.1869
1.041
0.89947
0.74695
0.55916
0.39568
0.30069
0.34707
0.46194
0.62319
0.76459
0.80885
0.79129
0.7936
0.90191
1.1008
1.3305
1.5183
1.6598
1.6996
1.6599
1.5937
1.5605
1.5096
1.419
1.2399
1.0056
0.75809
0.54815
0.41334
0.34482
0.33817
0.33375
0.35586
0.4288
0.57463
0.74257
0.87299
0.9261
0.93502
0.95715
1.0234
1.094
1.1161
1.0299
0.88411
0.81563
0.86422
0.9592
1.01
0.96153
1.0499
1.2046
1.3195
1.3438
1.3637
1.3438
1.198
1.0058
0.95269
1.0189
0.93931
0.8134
0.75374
0.80672
0.81334
0.75814
0.8222
0.91719
0.84657
0.89742
1.041
1.1802
1.2421
1.2024
1.1693
1.1472
1.061
0.98356
0.97681
0.85745
0.66524
0.4598
0.35817
0.40674
0.52158
0.60993
0.64089
0.66745
0.69181
0.69188
0.756
0.91288
1.0985
1.2377
1.3128
1.3725
1.4079
1.3969
1.3947
1.3969
1.3504
1.2576
1.1427
1.0477
1.0012
0.95704
0.91067
0.91732
1.0167
1.1205
1.1559
1.1007
0.97473
0.83111
0.70072
0.62554
0.60116
0.54809
0.48179
0.40006
0.31613
0.35368
0.46412
0.56132
0.60111
0.56584
0.56368
0.62999
0.71617
0.86419
1.063
1.1337
1.0499
1.0279
1.1273
1.3085
1.4388
1.5029
1.4786
1.3925
1.324
1.3107
1.346
1.2598
1.1493
1.0344
0.97253
0.93052
0.91061
0.89513
0.84652
0.76921
0.74711
0.81113
0.81111
0.78901
0.71833
0.66091
0.66532
0.7073
0.76253
0.84427
0.90173
0.86423
0.85765
0.92615
1.0609
1.1625
1.1426
1.0521
0.97038
0.95272
1.0101
1.1603
1.2553
1.2089
1.0543
1.0102
1.0765
1.2134
1.3172
1.3482
1.3571
1.377
1.4212
1.5052
1.5803
1.5008
1.4212
1.2996
1.1604
1.0189
0.85536
0.70509
0.60342
0.55257
0.53708
0.53264
0.49951
0.47079
0.43987
0.44426
0.43982
0.41329
0.3691
0.30283
0.2962
0.37128
0.39118
0.35589
0.43325
0.58131
0.79123
0.99012
1.1449
1.2753
1.3505
1.3351
1.2931
1.3726
1.4123
1.3725
1.2598
1.1272
1.0034
0.85321
0.74716
0.75155
0.84428
0.88623
0.8774
0.82219
0.76256
0.71616
0.6786
0.66973
0.66527
0.64314
0.60114
0.48627
0.43766
0.44648
0.46192
0.4288
0.43543
0.4774
0.50172
0.51279
0.53934
0.6741
0.7647
0.8266
0.862
0.87972
0.87976
0.92395
0.99682
1.0542
1.0431
0.94812
0.83325
0.70515
0.65214
0.75375
0.9128
1.0608
1.1669
1.2178
1.24
1.2533
1.24
1.24
1.2576
1.2487
1.2067
1.0962
0.96146
0.85542
0.81785
0.85097
0.90618
0.91061
0.9283
0.98575
1.0476
1.0852
1.0256
1.0588
1.1405
1.1847
1.2289
1.3371
1.3769
1.2775
1.0544
0.96381
1.0654
1.0958
1.0728
1.0478
1.0339
1.0094
0.99351
1.0104
1.0923
1.0807
0.98475
0.88477
0.87794
0.90134
0.90961
0.84911
0.78873
0.77358
0.71337
0.70475
0.7712
0.85026
0.76463
0.67034
0.63386
0.64888
0.64245
0.62317
0.70682
0.83944
0.97609
1.0978
1.2217
1.2562
1.2077
1.1826
1.1981
1.1601
1.1199
1.071
0.98325
0.80878
0.71362
0.7766
0.91357
1.0183
1.0364
1.0371
0.98012
0.85566
0.79805
0.93653
1.1156
1.189
1.1647
1.0941
1.0654
1.1273
1.2444
1.346
1.3437
1.2554
1.1273
1.05
1.0367
1.1029
1.1868
1.1957
1.167
1.1427
1.1516
1.156
1.1759
1.1781
1.1891
1.1979
1.1802
1.136
1.0653
1.0079
0.99686
1.0587
1.1471
1.2709
1.3615
1.3903
1.3925
1.3881
1.377
1.3327
1.2399
1.083
0.92609
0.809
0.78471
0.86647
1.0366
1.2731
1.5073
1.735
1.9074
1.9671
1.9274
1.8611
1.7528
1.6312
1.4875
1.3371
1.1493
0.9615
0.90624
0.94817
0.92828
0.93269
0.91723
0.79575
0.73609
0.725
0.75807
0.7558
0.63431
0.53049
0.53932
0.52609
0.58355
0.76469
0.87519
0.91944
0.95707
1.0057
1.061
1.0985
1.1338
1.1161
0.99017
0.851
0.81343
0.85315
0.88848
0.89732
0.8642
0.82225
0.7825
0.7869
0.87079
0.91049
0.81107
0.63436
0.51948
0.43993
0.47303
0.54588
0.56795
0.51716
0.47079
0.45977
0.51279
0.58791
0.62769
0.68293
0.6675
0.59463
0.58799
0.60561
0.57905
0.53039
0.43979
0.34257
0.2564
0.21663
0.21883
0.21443
0.26746
0.38454
0.49281
0.56355
0.5813
0.6167
0.69626
0.73605
0.75376
0.84875
0.94153
1.0145
1.0763
1.1338
1.1847
1.198
1.1848
1.229
1.3018
1.3305
1.2686
1.1139
0.95046
0.83336
0.83331
0.89511
0.94589
0.93043
0.86421
0.81787
0.85768
1.0101
1.2222
1.4034
1.4675
1.4389
1.3638
1.3351
1.3682
1.3902
1.3437
1.2
0.96584
0.76037
0.63
0.57474
0.61669
0.70502
0.77129
0.80887
0.7802
0.72723
0.73386
0.72944
0.7493
0.79564
0.80224
0.73818
0.67855
0.62777
0.65429
0.75371
0.85534
0.95919
1.0078
1.0278
1.0433
1.0897
1.1427
1.1957
1.1847
1.125
1.0366
0.9416
0.87969
0.82442
0.78241
0.74925
0.72273
0.70729
0.72941
0.78467
0.86202
0.9482
1.0079
1.041
1.0454
0.99235
0.87524
0.75372
0.66091
0.62555
0.67414
0.7846
0.92382
1.0609
1.2024
1.3859
1.6069
1.8257
1.9848
2.0467
2.0025
1.9031
1.8191
1.766
1.7483
1.735
1.7306
1.7351
1.7859
1.8721
1.9738
2.0644
2.1218
2.1085
2.0113
1.8323
1.6224
1.4765
1.3438
1.1868
0.99235
0.78021
0.62553
0.52387
0.47523
0.49066
0.52377
0.49285
0.43765
0.41999
0.44871
0.51939
0.55031
0.53486
0.53045
0.54813
0.53491
0.52832
0.63436
0.76913
0.89065
0.93711
0.96811
1.0477
1.1184
1.1693
1.2753
1.3813
1.3681
1.2886
1.1737
1.0698
1.0521
1.0277
0.95478
0.84208
0.76914
0.68737
0.59238
0.51947
0.51945
0.58568
0.57904
0.53928
0.49509
0.4774
0.41555
0.39565
0.39784
0.36691
0.36911
0.39562
0.39784
0.36031
0.43542
0.51495
0.5216
0.51057
0.52162
0.54592
0.52163
0.49513
0.50617
0.58789
0.59012
0.58352
0.62992
0.6675
0.71832
0.76914
0.77798
0.70511
0.66975
0.66531
0.66306
0.62989
0.58127
0.51719
0.45312
0.44207
0.48623
0.53483
0.48186
0.48648
0.57073
0.74071
0.94487
1.0946
1.1463
1.0867
1.0773
1.1633
1.303
1.3235
1.2253
1.0286
0.83861
0.69185
0.61412
0.61412
0.57532
0.50628
0.47394
0.48707
0.5455
0.63809
0.67677
0.67896
0.7004
0.73249
0.7239
0.69173
0.61441
0.49795
0.38282
0.32803
0.32124
0.39529
0.44949
0.49058
0.54683
0.59441
0.65718
0.74164
0.82622
0.84163
0.79843
0.72673
0.67871
0.6108
0.54307
0.48116
0.39034
0.31024
0.23457
0.21221
0.24532
0.26961
0.24976
0.25199
0.28294
0.35144
0.4398
0.50166
0.51936
0.48186
0.45759
0.46865
0.53933
0.66301
0.758
0.78013
0.74706
0.70072
0.66981
0.66977
0.66308
0.63206
0.55467
0.43093
0.29396
0.19234
0.16803
0.20335
0.2674
0.33146
0.33815
0.3581
0.44209
0.55257
0.64757
0.68956
0.65423
0.59238
0.53272
0.48631
0.53265
0.59225
0.59888
0.55475
0.50181
0.54382
0.70068
0.87741
0.99893
1.0277
0.97254
0.95046
0.93718
0.91063
0.86419
0.80891
0.7139
0.61447
0.56143
0.56802
0.58124
0.50837
0.48408
0.51059
0.58569
0.61885
0.65644
0.70951
0.82221
0.95261
1.0896
1.2444
1.3196
1.4013
1.4544
1.4632
1.4212
1.3106
1.1603
0.99903
0.83774
0.7891
0.81778
0.85093
0.91282
0.98798
1.0786
1.1715
1.251
1.3261
1.3968
1.3394
1.2223
1.1516
1.1649
1.304
1.4499
1.5935
1.6908
1.7793
1.8766
1.9716
2.0666
2.0864
2.0555
1.9848
1.9782
2.0268
2.1395
2.2699
2.3871
2.5175
2.6347
2.7628
2.8357
2.8114
2.6721
2.4379
2.1683
1.9318
1.8058
1.7395
1.7283
1.7261
1.7085
1.6997
1.6909
1.7373
1.7638
1.766
1.6842
1.5626
1.4167
1.2554
1.1228
1.0101
0.95927
0.91283
0.87745
0.80673
0.73159
0.64099
0.57246
0.51498
0.46856
0.43539
0.39341
0.35144
0.3117
0.33822
0.43983
0.58339
0.65854
0.61668
0.65431
0.7847
0.94601
1.1073
1.2753
1.3924
1.43
1.3726
1.2777
1.3107
1.3018
1.2089
1.0631
0.89956
0.75818
0.71621
0.76703
0.92609
1.1669
1.3326
1.399
1.408
1.4368
1.5229
1.5825
1.4852
1.3018
1.0698
0.86207
0.77363
0.74704
0.73374
0.68955
0.6476
0.61007
0.6145
0.64544
0.72714
0.77793
0.73155
0.64763
0.61227
0.60341
0.53713
0.52828
0.57021
0.59447
0.55472
0.46418
0.40895
0.40231
0.39124
0.38679
0.39558
0.35801
0.30941
0.26744
0.2277
0.24317
0.31828
0.40444
0.50168
0.58127
0.66529
0.73826
0.79795
0.85097
0.87083
0.84869
0.76913
0.65202
0.54818
0.50838
0.54369
0.56356
0.52385
0.50402
0.60786
0.76248
0.85529
0.85535
0.89734
0.92166
0.8488
0.7936
0.89295
0.9724
0.90834
0.75815
0.67197
0.67853
0.61665
0.55476
0.4951
0.49287
0.46636
0.45534
0.49953
0.58791
0.64761
0.72939
0.82884
0.90177
0.99455
0.99898
0.91947
0.80681
0.73829
0.69626
0.67411
0.62546
0.5702
0.51054
0.44206
0.41333
0.40669
0.38902
0.36693
0.37798
0.41994
0.47735
0.48399
0.44427
0.43987
0.46198
0.49734
0.5835
0.67188
0.74923
0.81776
0.87085
0.9438
1.0366
1.0587
1.0278
0.9814
0.94819
0.89728
0.80663
0.65418
0.50175
0.38246
0.37362
0.48625
0.62539
0.70936
0.68073
0.66755
0.67421
0.6742
0.70287
0.72046
0.64309
0.50611
0.36915
0.2874
0.32713
0.36466
0.37792
0.42211
0.43319
0.42661
0.43989
0.4907
0.55696
0.57904
0.52604
0.50616
0.50615
0.48201
0.46692
0.49806
0.52238
0.48329
0.41338
0.38962
0.42288
0.41666
0.3973
0.39327
0.40017
0.36551
0.3352
0.364
0.45583
0.55573
0.58828
0.54095
0.58854
0.69823
0.77321
0.79458
0.80737
0.80095
0.77746
0.76465
0.82448
0.95462
0.99736
0.97198
0.94445
0.95106
0.97694
1.005
1.0032
0.95202
0.82116
0.71127
0.63983
0.60499
0.55047
0.5001
0.43861
0.41636
0.46862
0.58666
0.71908
0.76564
0.73776
0.67643
0.65657
0.68301
0.70503
0.65857
0.53703
0.40004
0.29619
0.2299
0.20779
0.23208
0.27625
0.28951
0.28291
0.28956
0.31608
0.3426
0.3647
0.39561
0.40886
0.37794
0.34261
0.32716
0.3824
0.48403
0.60334
0.69397
0.76251
0.80235
0.83111
0.84217
0.8311
0.81778
0.76247
0.65858
0.51716
0.36693
0.2918
0.29178
0.3492
0.41989
0.45084
0.43764
0.45095
0.52167
0.62551
0.75142
0.78456
0.73377
0.63218
0.60126
0.66531
0.75586
0.75145
0.736
0.73821
0.69845
0.62555
0.61889
0.62767
0.56579
0.49067
0.41555
0.41554
0.42879
0.43322
0.47078
0.55694
0.58348
0.57027
0.59238
0.61668
0.65422
0.63433
0.60781
0.58792
0.5857
0.56362
0.54374
0.56362
0.59233
0.57246
0.52165
0.56359
0.56136
0.50392
0.41556
0.39346
0.43983
0.48842
0.45312
0.47965
0.58791
0.66083
0.68517
0.67415
0.66753
0.68077
0.67191
0.64758
0.63871
0.58789
0.4885
0.43992
0.50619
0.63209
0.73149
0.73815
0.67194
0.66092
0.70952
0.7272
0.7515
0.79347
0.83324
0.88627
0.92165
0.95924
1.0101
1.0168
1.0389
1.125
1.2023
1.1426
0.9769
0.76258
0.62556
0.55039
0.54812
0.53923
0.484
0.41775
0.36475
0.41115
0.51277
0.62985
0.64976
0.63654
0.60785
0.5681
0.60785
0.66305
0.70499
0.64314
0.54597
0.50621
0.55037
0.59675
0.5813
0.64534
0.66081
0.62328
0.56366
0.57029
0.61667
0.63655
0.65643
0.66747
0.69397
0.62992
0.59458
0.60562
0.61003
0.59237
0.62109
0.67631
0.70503
0.68518
0.683
0.75811
0.77138
0.73607
0.81338
0.94589
0.97683
0.85317
0.76485
0.81123
0.91283
0.957
0.95921
0.95922
0.93493
0.92388
0.89959
0.91062
0.89735
0.83769
0.72943
0.61232
0.60563
0.62763
0.56351
0.4155
0.30945
0.2763
0.24536
0.22107
0.28072
0.41767
0.53256
0.55694
0.5482
0.67418
0.84876
0.99241
1.1162
1.2267
1.3195
1.3726
1.3925
1.4632
1.5294
1.4344
1.2798
1.1538
1.0367
0.97248
0.87518
0.71386
0.55257
0.46859
0.41556
0.38904
0.43542
0.48623
0.54588
0.53045
0.52164
0.57466
0.58573
0.55482
0.61889
0.74478
0.77795
0.71395
0.77806
0.92611
1.0609
1.1825
1.3438
1.4543
1.43
1.3086
1.302
1.4256
1.4233
1.3482
1.2443
1.1051
0.95044
0.82229
0.77807
0.83104
0.84647
0.82879
0.78241
0.74045
0.71616
0.73162
0.75591
0.77356
0.76029
0.70727
0.62112
0.57913
0.60339
0.62324
0.59672
0.53929
0.49291
0.47524
0.47525
0.53269
0.65418
0.7293
0.75806
0.76694
0.76257
0.74934
0.74052
0.77363
0.81335
0.8155
0.74257
0.6608
0.56139
0.45977
0.41118
0.43548
0.54594
0.68954
0.842
0.93705
0.96586
0.95932
1.0013
1.1096
1.2488
1.3504
1.3592
1.335
1.3262
1.3659
1.4035
1.3969
1.3483
1.2996
1.1847
1.072
1.0388
0.99677
0.94151
0.87304
0.85982
0.94603
1.0919
1.2599
1.5538
1.8941
2.0908
2.0931
1.9716
1.9451
1.8898
1.7815
1.7383
1.6801
1.5428
1.333
1.1779
1.1355
1.1389
1.0337
0.98528
0.98037
0.95172
0.88001
0.73725
0.6724
0.70694
0.78656
0.85732
0.85932
0.86988
0.87186
0.77974
0.6811
0.65742
0.5671
0.42665
0.31985
0.25829
0.29125
0.27139
0.2603
0.30201
0.39586
0.5237
0.69817
0.82923
0.87668
0.90702
0.90302
0.90329
0.88844
0.85409
0.76981
0.6417
0.49981
0.35265
0.28835
0.28345
0.2698
0.31102
0.42054
0.51295
0.53716
0.54371
0.53491
0.51725
0.46864
0.41339
0.44425
0.44418
0.37567
0.26522
0.23428
0.20999
0.19674
0.19897
0.28293
0.41547
0.53257
0.58344
0.5526
0.63437
0.6808
0.69851
0.78026
0.93708
1.0166
1.0144
0.946
0.88638
0.88637
0.85763
0.84433
0.8288
0.77352
0.6785
0.59674
0.49953
0.40676
0.43326
0.52601
0.55252
0.51941
0.57463
0.58567
0.53267
0.47523
0.43546
0.46637
0.48845
0.50614
0.53488
0.62768
0.68518
0.76919
0.90178
1.0079
1.0896
1.0587
1.0278
1.0123
1.0255
1.0321
1.0012
0.94155
0.89298
0.87313
0.93721
1.0985
1.2199
1.22
1.1427
1.0765
1.0964
1.1914
1.3173
1.4609
1.567
1.6687
1.7505
1.8633
1.9605
1.9738
1.8898
1.7284
1.5118
1.2753
1.052
0.82657
0.62327
0.47522
0.38463
0.33823
0.38683
0.49285
0.59888
0.64309
0.62326
0.59458
0.58136
0.59021
0.65208
0.79787
0.90171
0.98349
1.0498
1.1294
1.1428
1.2223
1.3461
1.4167
1.3438
1.2466
1.1493
0.96149
0.82667
0.72278
0.69841
0.63651
0.52825
0.44872
0.47962
0.5017
0.48184
0.49512
0.5548
0.66086
0.79784
0.88182
0.88187
0.82447
0.76483
0.70514
0.66972
0.66078
0.56352
0.43758
0.32932
0.2277
0.19235
0.26525
0.37568
0.44418
0.47074
0.48405
0.51945
0.58134
0.6631
0.7581
0.81996
0.81335
0.77141
0.77363
0.81781
0.87744
0.91279
0.90838
0.89514
0.88852
0.8532
0.83113
0.91728
1.052
1.1316
1.0941
1.0786
1.1228
1.1383
1.1405
1.178
1.2001
1.1051
0.92612
0.76262
0.72499
0.70724
0.62547
0.52604
0.46196
0.45531
0.48401
0.47739
0.43104
0.48186
0.55036
0.61667
0.69401
0.78239
0.84647
0.85092
0.78468
0.73389
0.81561
0.88628
0.9437
0.93931
0.91726
0.90626
0.94605
1.019
1.1338
1.2398
1.2089
1.0896
0.95048
0.8842
0.87975
0.9526
1.0277
1.0674
1.0388
0.97475
0.93946
1.0035
1.1029
1.1935
1.2597
1.2509
1.1493
1.0101
0.89082
0.84219
0.84877
0.86418
0.88622
0.84422
0.70064
0.59681
0.54819
0.50178
0.53268
0.60996
0.6475
0.56583
0.5195
0.64325
0.90614
1.1072
1.2134
1.324
1.4191
1.5097
1.6577
1.8234
1.8521
1.7129
1.5362
1.4235
1.4301
1.4786
1.4388
1.2753
1.1604
1.0742
1.0212
0.96143
0.8752
0.76026
0.59234
0.44652
0.41997
0.43099
0.39124
0.42659
0.51717
0.60113
0.61001
0.6211
0.6454
0.6189
0.56807
0.54372
0.51495
0.44643
0.3448
0.25863
0.25639
0.23207
0.20335
0.20776
0.1945
0.21658
0.21437
0.16137
0.15033
0.20334
0.25635
0.26519
0.25197
0.24536
0.27631
0.34924
0.45529
0.59449
0.68513
0.73603
0.80239
0.9372
1.0786
1.1736
1.1758
1.0808
0.96589
0.83549
0.7581
0.69838
0.6122
0.47525
0.45538
0.55701
0.7205
0.87959
0.98792
1.0565
1.0919
1.1406
1.2046
1.2642
1.1669
0.97029
0.77586
0.65211
0.63218
0.70502
0.77126
0.77791
0.6808
0.67866
0.80229
0.94973
1.0545
1.099
1.059
0.96892
0.88138
0.80062
0.78519
0.72432
0.62674
0.58997
0.62689
0.70253
0.74346
0.7198
0.69616
0.73484
0.81623
0.88025
0.89291
0.81377
0.66818
0.53273
0.43761
0.46792
0.565
0.64881
0.70674
0.7518
0.79473
0.85694
0.93843
0.98791
1.0225
0.96921
0.84913
0.73499
0.63112
0.52238
0.42613
0.3754
0.36185
0.39876
0.46201
0.54941
0.63427
0.66952
0.68297
0.7073
0.77352
0.81999
0.8465
0.84209
0.83326
0.82444
0.82666
0.85096
0.862
0.83547
0.76033
0.68739
0.61664
0.53707
0.45971
0.37353
0.30504
0.28516
0.34039
0.44202
0.56355
0.64314
0.69623
0.75816
0.87531
1.0344
1.1803
1.2488
1.2377
1.2046
1.1604
1.1361
1.083
1.0079
0.89956
0.77138
0.63215
0.53047
0.44868
0.3669
0.29617
0.23872
0.21882
0.24974
0.25416
0.2343
0.26967
0.34702
0.4752
0.6299
0.77799
0.89737
1.0278
1.1184
1.2157
1.3129
1.3239
1.2355
1.0897
0.96373
0.90624
0.89513
0.84648
0.74703
0.63876
0.57247
0.53489
0.5128
0.54152
0.59013
0.64318
0.72717
0.83988
0.97469
1.0587
1.0698
1.0455
1.0411
1.0035
0.93933
0.83321
0.68735
0.54593
0.44206
0.38902
0.3625
0.37133
0.37796
0.40668
0.42657
0.4575
0.46855
0.45972
0.45973
0.4465
0.43106
0.5283
0.72273
0.94147
1.1094
1.1426
1.0853
1.0389
1.008
1.0278
1.0874
1.0078
0.80887
0.56804
0.38464
0.32496
0.34701
0.3757
0.34697
0.29616
0.22105
0.20337
0.2387
0.24753
0.23869
0.23428
0.24312
0.22768
0.25641
0.32492
0.43981
0.53042
0.59452
0.63654
0.63658
0.62557
0.67198
0.78685
0.89509
0.93928
0.92605
0.90399
0.88636
0.92836
1.03
1.1228
1.1869
1.2289
1.2509
1.209
1.1294
1.0477
1.0256
1.0742
1.1736
1.262
1.2686
1.2002
1.0897
1.0212
1.0035
0.99239
0.93047
0.83322
0.72273
0.64318
0.59898
0.56585
0.57249
0.62774
0.72497
0.86196
0.98127
0.97468
0.94599
0.94379
0.91067
0.87535
1.0057
1.2045
1.3482
1.3968
1.4057
1.4522
1.4876
1.5163
1.6068
1.6642
1.4764
1.3173
1.1604
1.0058
1.072
1.2642
1.3967
1.3946
1.3129
1.3108
1.4588
1.5428
1.6179
1.673
1.5161
1.2422
1.0257
0.97481
1.0388
1.1183
1.1028
0.95701
0.80901
0.7626
0.75373
0.75369
0.7426
0.67189
0.61002
0.55478
0.53268
0.55477
0.57688
0.57248
0.61227
0.70727
0.78681
0.83543
0.82661
0.81779
0.78025
0.7184
0.77141
0.86196
0.88404
0.81113
0.71835
0.65205
0.62552
0.59456
0.57465
0.59008
0.51056
0.41558
0.43326
0.55918
0.69616
0.74038
0.70951
0.73827
0.82887
0.91945
0.94817
0.9349
0.86419
0.725
0.62778
0.67413
0.76466
0.70722
0.59237
0.58355
0.66087
0.71391
0.72498
0.78464
0.85313
0.86198
0.82443
0.81779
0.78905
0.68741
0.60565
0.61445
0.61883
0.54813
0.50393
0.48625
0.45974
0.41998
0.46415
0.49949
0.46857
0.41113
0.40007
0.44202
0.41549
0.3205
0.26747
0.29838
0.28511
0.26302
0.26523
0.26966
0.29397
0.32932
0.37352
0.39784
0.44425
0.4973
0.51944
0.55924
0.7095
0.88183
0.96139
0.93713
0.85541
0.83331
0.8156
0.76034
0.7404
0.72268
0.62546
0.50838
0.45758
0.49293
0.59898
0.72491
0.80005
0.80229
0.80011
0.79792
0.74712
0.75153
0.7979
0.87079
0.8973
0.8642
0.85541
0.93277
1.0676
1.2222
1.3607
1.3328
1.2016
1.0624
0.94157
0.85364
0.79656
0.71136
0.57626
0.45427
0.4393
0.57244
0.76743
0.92036
1.019
1.0358
1.0033
0.99439
0.97479
0.91249
0.78821
0.61653
0.43088
0.30662
0.2759
0.31763
0.33733
0.3439
0.42011
0.55201
0.69604
0.81824
0.94459
1.0496
1.1527
1.2644
1.3958
1.4632
1.415
1.3064
1.1845
1.0751
0.94785
0.78965
0.61975
0.43353
0.31217
0.29967
0.34736
0.38483
0.39159
0.37597
0.38907
0.50177
0.66971
0.88846
1.0675
1.1869
1.2975
1.4456
1.6157
1.746
1.7681
1.6488
1.4677
1.3152
1.2555
1.2664
1.2642
1.1957
1.1229
1.1251
1.2356
1.4013
1.5227
1.4984
1.3438
1.1539
1.0434
1.03
1.0609
1.0807
1.0852
1.1096
1.2002
1.4035
1.6134
1.735
1.7284
1.6268
1.5406
1.4676
1.3725
1.2067
1.0255
0.89519
0.83554
0.85983
0.94598
1.0608
1.0852
1.0499
0.98586
1.0035
1.0454
1.0122
0.86641
0.76481
0.7648
0.83107
0.93713
1.0675
1.2222
1.3283
1.3638
1.4058
1.514
1.5604
1.4808
1.3283
1.1648
1.0124
0.91288
0.86421
0.85089
0.81109
0.74261
0.64103
0.62334
0.63658
0.66086
0.70059
0.70279
0.64317
0.55705
0.53495
0.57027
0.62765
0.5901
0.5415
0.52161
0.50173
0.47964
0.47523
0.51277
0.53487
0.54373
0.55481
0.61888
0.70945
0.77574
0.80449
0.79348
0.78688
0.7626
0.76038
0.76476
0.77796
0.73815
0.65418
0.54151
0.45535
0.41998
0.40671
0.44425
0.47739
0.51938
0.56359
0.61223
0.61671
0.64325
0.70511
0.76914
0.81106
0.75584
0.67191
0.61228
0.59462
0.6388
0.73821
0.82219
0.90398
1.0189
1.1471
1.2509
1.2532
1.2599
1.3174
1.4146
1.5471
1.6774
1.6907
1.5627
1.3993
1.3175
1.3704
1.4012
1.3326
1.158
0.93717
0.78921
0.80912
1.0168
1.3017
1.5624
1.7017
1.7129
1.6711
1.6379
1.618
1.556
1.41
1.1824
0.91504
0.70957
0.62781
0.67636
0.77795
0.8884
0.91941
0.92835
1.0079
1.1162
1.2355
1.3283
1.3526
1.3305
1.2864
1.2135
1.198
1.1648
1.1095
1.0719
1.0277
0.96361
0.87964
0.76037
0.66098
0.66539
0.75151
0.91713
1.0187
1.0077
0.90181
0.82235
0.8091
0.85985
0.90394
0.85969
0.74037
0.59896
0.47303
0.40894
0.44202
0.45967
0.42436
0.38908
0.46643
0.61888
0.8155
0.94589
1.0189
1.041
1.0101
0.97481
0.99022
0.98574
0.91059
0.82441
0.76253
0.73379
0.70727
0.6609
0.71832
0.78239
0.75153
0.82668
0.99238
1.178
1.3018
1.3593
1.4368
1.5915
1.7174
1.8411
2.0023
1.9934
1.7681
1.5229
1.2623
1.1848
1.2267
1.2906
1.2508
1.1029
0.94387
0.87541
0.95047
1.0079
1.0851
0.9879
0.85538
0.76039
0.75153
0.7736
0.78024
0.87523
0.97024
1.0454
1.1051
1.2333
1.2996
1.2908
1.2555
1.2665
1.2863
1.1625
1.0476
0.97027
0.85981
0.79133
0.82002
0.86859
0.86859
0.79573
0.78026
0.80451
0.74705
0.66971
0.65197
0.60112
0.49731
0.40233
0.38245
0.47078
0.55251
0.60776
0.66745
0.71832
0.78245
0.86646
0.9615
1.072
1.1803
1.2841
1.3394
1.3615
1.3571
1.3571
1.3836
1.3946
1.3924
1.3526
1.2908
1.2002
1.1582
1.1339
1.1471
1.1581
1.1404
1.094
1.0079
0.93496
0.89074
0.85535
0.778
0.68521
0.63657
0.56366
0.55479
0.58787
0.59447
0.53925
0.4752
0.40453
0.36035
0.40028
0.39617
0.41155
0.36994
0.29397
0.23043
0.24194
0.2446
0.25609
0.26317
0.24597
0.2839
0.40053
0.54014
0.67446
0.79298
0.86379
0.91082
0.95128
0.99163
0.96792
0.95489
0.87578
0.72823
0.60595
0.55643
0.53052
0.47433
0.42443
0.3765
0.38728
0.38497
0.39354
0.4716
0.54075
0.5839
0.62706
0.71125
0.79764
0.91002
1.0658
1.1766
1.2402
1.2109
1.1468
1.0911
1.1311
1.2591
1.3655
1.3788
1.2556
1.1158
1.0389
1.0565
1.0896
1.0343
0.97908
0.88186
0.78244
0.70732
0.66533
0.67855
0.65201
0.5813
0.51941
0.52157
0.44423
0.34482
0.29621
0.31608
0.36466
0.33597
0.38238
0.46192
0.50833
0.49732
0.5172
0.51498
0.46637
0.431
0.39343
0.41991
0.40003
0.31833
0.34928
0.55695
0.72488
0.84866
0.93491
0.95488
1.0079
1.0322
1.0212
1.0145
0.92159
0.7139
0.53712
0.43987
0.42215
0.41106
0.35363
0.31166
0.27412
0.31831
0.44423
0.58561
0.621
0.5769
0.57916
0.6322
0.70068
0.7117
0.70724
0.65859
0.53485
0.40891
0.36249
0.347
0.29399
0.30284
0.37133
0.47517
0.56577
0.62105
0.66307
0.65207
0.65209
0.71615
0.79565
0.80447
0.75809
0.71833
0.69845
0.66532
0.63439
0.66529
0.67188
0.62324
0.51055
0.41111
0.33596
0.26082
0.19232
0.18125
0.1989
0.18786
0.17461
0.17903
0.19671
0.1901
0.21661
0.25638
0.27849
0.3028
0.34479
0.34924
0.3824
0.48403
0.56578
0.58348
0.57247
0.57469
0.58573
0.55921
0.51721
0.51937
0.48178
0.35806
0.26968
0.24315
0.24534
0.24753
0.24533
0.24092
0.27186
0.33152
0.3669
0.39346
0.50175
0.652
0.75366
0.80673
0.84212
0.91063
0.96589
0.99243
1.072
1.167
1.167
1.1073
1.0278
0.95268
0.89739
0.84209
0.73598
0.62546
0.51274
0.39564
0.31388
0.27852
0.30281
0.34257
0.36688
0.36248
0.38016
0.37354
0.389
0.40665
0.3713
0.33374
0.24759
0.24539
0.34258
0.44198
0.46191
0.49289
0.54374
0.61225
0.6675
0.67854
0.70061
0.652
0.52388
0.47528
0.56364
0.73594
0.87957
0.99232
1.1117
1.2223
1.2909
1.302
1.2953
1.2378
1.1073
0.9061
0.70053
0.49723
0.33594
0.20339
0.15037
0.22991
0.40442
0.57453
0.66739
0.69398
0.67638
0.68083
0.69406
0.70506
0.67188
0.57688
0.50398
0.51944
0.66082
0.80885
0.86858
0.8974
0.977
1.072
1.1538
1.167
1.0741
0.91944
0.72056
0.5725
0.52384
0.50391
0.47297
0.47298
0.50834
0.53489
0.58355
0.69406
0.83549
0.99902
1.1647
1.2929
1.3548
1.377
1.3395
1.3064
1.4168
1.4985
1.5515
1.5139
1.3946
1.2554
1.1627
1.092
1.1273
1.2863
1.3747
1.4145
1.3902
1.3041
1.2799
1.3726
1.4057
1.3614
1.2576
1.1294
0.94599
0.78912
0.70515
0.75592
0.82217
0.82219
0.83326
0.87967
0.92608
0.93271
0.92828
0.87084
0.78245
0.68081
0.66752
0.67411
0.66966
0.60782
0.61225
0.68293
0.72271
0.67195
0.70289
0.7802
0.73162
0.66535
0.67857
0.75804
0.73813
0.61444
0.56235
0.62146
0.60915
0.55229
0.57863
