0.95117
0.95272
0.95431
0.95594
0.95762
0.95933
0.96109
0.96288
0.96472
0.9666
0.96851
0.97046
0.97245
0.97448
0.97654
0.97863
0.98076
0.98292
0.98512
0.98734
0.9896
0.99188
0.9942
0.99654
0.9989
1.0013
1.0037
1.0061
1.0086
1.0111
1.0136
1.0161
1.0186
1.0212
1.0237
1.0263
1.0289
1.0314
1.034
1.0366
1.0392
1.0418
1.0444
1.047
1.0496
1.0522
1.0548
1.0573
1.0599
1.0624
1.065
1.0675
1.07
1.0724
1.0749
1.0773
1.0797
1.082
1.0843
1.0866
1.0889
1.0911
1.0933
1.0954
1.0975
1.0995
1.1015
1.1035
1.1054
1.1072
1.109
1.1107
1.1123
1.1139
1.1155
1.1169
1.1183
1.1196
1.1209
1.122
1.1231
1.1241
1.1251
1.1259
1.1267
1.1274
1.128
1.1285
1.1289
1.1292
1.1295
1.1296
1.1297
1.1296
1.1295
1.1292
1.1289
1.1284
1.1279
1.1273
1.1265
1.1257
1.1248
1.1237
1.1226
1.1213
1.12
1.1185
1.1169
1.1153
1.1135
1.1117
1.1097
1.1076
1.1055
1.1032
1.1008
1.0984
1.0958
1.0931
1.0904
1.0875
1.0846
1.0816
1.0785
1.0753
1.072
1.0686
1.0651
1.0616
1.058
1.0543
1.0505
1.0466
1.0427
1.0387
1.0347
1.0306
1.0264
1.0221
1.0179
1.0135
1.0091
1.0047
1.0002
0.99564
0.99107
0.98646
0.98181
0.97713
0.97243
0.9677
0.96295
0.95817
0.95338
0.94858
0.94377
0.93895
0.93412
0.9293
0.92447
0.91965
0.91484
0.91004
0.90525
0.90047
0.89572
0.89098
0.88627
0.88159
0.87694
0.87232
0.86773
0.86318
0.85868
0.85421
0.84979
0.84542
0.84109
0.83682
0.8326
0.82844
0.82433
0.82029
0.8163
0.81238
0.80852
0.80473
0.80101
0.79736
0.79377
0.79026
0.78683
0.78346
0.78018
0.77697
0.77383
0.77078
0.7678
0.7649
0.76209
0.75935
0.7567
0.75412
0.75163
0.74922
0.74689
0.74465
0.74248
0.7404
0.7384
0.73648
0.73464
0.73288
0.7312
0.72961
0.72809
0.72665
0.72528
0.724
0.72279
0.72165
0.72059
0.7196
0.71869
0.71784
0.71707
0.71636
0.71572
0.71515
0.71464
0.7142
0.71381
0.71349
0.71323
0.71303
0.71288
0.71278
0.71274
0.71275
0.71281
0.71292
0.71307
0.71327
0.71351
0.7138
0.71412
0.71448
0.71487
0.71531
0.71577
0.71626
0.71679
0.71734
0.71792
0.71852
0.71914
0.71978
0.72045
0.72113
0.72183
0.72254
0.72326
0.724
0.72474
0.72549
0.72625
0.72702
0.72779
0.72856
0.72934
0.73011
0.73088
0.73166
0.73242
0.73319
0.73395
0.7347
0.73545
0.73618
0.73691
0.73763
0.73834
0.73904
0.73973
0.7404
0.74106
0.74171
0.74235
0.74297
0.74358
0.74418
0.74476
0.74533
0.74588
0.74642
0.74695
0.74746
0.74796
0.74844
0.74891
0.74937
0.74982
0.75025
0.75067
0.75109
0.75149
0.75188
0.75226
0.75263
0.753
0.75336
0.75371
0.75406
0.7544
0.75474
0.75508
0.75542
0.75575
0.75609
0.75642
0.75676
0.7571
0.75745
0.7578
0.75816
0.75853
0.75891
0.75929
0.75969
0.7601
0.76052
0.76096
0.76142
0.76189
0.76237
0.76288
0.76341
0.76395
0.76452
0.76512
0.76574
0.76638
0.76705
0.76774
0.76846
0.76922
0.77
0.77081
0.77166
0.77253
0.77344
0.77438
0.77536
0.77637
0.77742
0.7785
0.77962
0.78078
0.78197
0.7832
0.78447
0.78578
0.78713
0.78852
0.78994
0.79141
0.79292
0.79446
0.79604
0.79767
0.79933
0.80103
0.80278
0.80456
0.80638
0.80824
0.81013
0.81207
0.81404
0.81604
0.81809
0.82017
0.82228
0.82443
0.82662
0.82883
0.83108
0.83336
0.83567
0.83801
0.84038
0.84278
0.8452
0.84765
0.85013
0.85263
0.85515
0.85769
0.86026
0.86284
0.86544
0.86806
0.87069
0.87334
0.876
0.87868
0.88136
0.88405
0.88676
0.88946
0.89218
0.8949
0.89762
0.90034
0.90306
0.90578
0.90849
0.91121
0.91392
0.91662
0.91931
0.92199
0.92466
0.92732
0.92997
0.9326
0.93521
0.93781
0.94039
0.94295
0.94549
0.94801
0.9505
0.95297
0.95541
0.95783
0.96022
0.96258
0.96491
0.96721
0.96948
0.97171
0.97391
0.97608
0.97821
0.98031
0.98237
0.98439
0.98637
0.98832
0.99022
0.99209
0.99391
0.99569
0.99744
0.99914
1.0008
1.0024
1.004
1.0055
1.007
1.0084
1.0098
1.0112
1.0125
1.0137
1.0149
1.0161
1.0172
1.0183
1.0193
1.0203
1.0213
1.0222
1.023
1.0238
1.0246
1.0253
1.026
1.0266
1.0272
1.0277
1.0282
1.0287
1.0291
1.0295
1.0298
1.0301
1.0303
1.0306
1.0307
1.0309
1.0309
1.031
1.031
1.031
1.0309
1.0308
1.0307
1.0305
1.0303
1.0301
1.0298
1.0295
1.0292
1.0289
1.0285
1.028
1.0276
1.0271
1.0266
1.0261
1.0255
1.0249
1.0243
1.0237
1.023
1.0223
1.0216
1.0209
1.0201
1.0193
1.0185
1.0177
1.0169
1.016
1.0152
1.0143
1.0134
1.0125
1.0115
1.0106
1.0096
1.0086
1.0076
1.0066
1.0056
1.0046
1.0036
1.0025
1.0015
1.0004
0.99935
0.99827
0.99719
0.9961
0.995
0.9939
0.99279
0.99168
0.99057
0.98946
0.98834
0.98722
0.98609
0.98497
0.98385
0.98273
0.9816
0.98048
0.97936
0.97825
0.97714
0.97603
0.97492
0.97382
0.97272
0.97163
0.97055
0.96947
0.9684
0.96733
0.96628
0.96523
0.96419
0.96316
0.96214
0.96113
0.96013
0.95915
0.95817
0.95721
0.95626
0.95533
0.9544
0.95349
0.9526
0.95172
0.95086
0.95001
0.94918
0.94837
0.94757
0.94679
0.94603
0.94528
0.94456
0.94385
0.94317
0.9425
0.94186
0.94123
0.94063
0.94005
0.93948
0.93894
0.93843
0.93793
0.93746
0.93701
0.93658
0.93618
0.9358
0.93544
0.93511
0.9348
0.93452
0.93426
0.93403
0.93382
0.93363
0.93347
0.93333
0.93322
0.93314
0.93307
0.93304
0.93303
0.93304
0.93308
0.93314
0.93322
0.93333
0.93347
0.93363
0.93381
0.93401
0.93424
0.93449
0.93477
0.93506
0.93538
0.93572
0.93608
0.93646
0.93687
0.93729
0.93773
0.93819
0.93867
0.93916
0.93968
0.94021
0.94075
0.94132
0.94189
0.94248
0.94309
0.94371
0.94434
0.94498
0.94563
0.94629
0.94696
0.94764
0.94832
0.94902
0.94971
0.95042
0.95112
0.95184
0.95255
0.95326
0.95398
0.95469
0.9554
0.95611
0.95682
0.95752
0.95822
0.95891
0.95959
0.96027
0.96093
0.96159
0.96223
0.96286
0.96348
0.96409
0.96468
0.96525
0.96581
0.96635
0.96687
0.96737
0.96785
0.9683
0.96874
0.96915
0.96953
0.96989
0.97023
0.97054
0.97081
0.97106
0.97128
0.97147
0.97163
0.97176
0.97185
0.97191
0.97194
0.97193
0.97188
0.9718
0.97168
0.97153
0.97133
0.9711
0.97083
0.97052
0.97016
0.96977
0.96934
0.96886
0.96835
0.96779
0.96719
0.96654
0.96586
0.96513
0.96436
0.96354
0.96268
0.96177
0.96083
0.95984
0.9588
0.95772
0.9566
0.95543
0.95422
0.95296
0.95167
0.95032
0.94894
0.94751
0.94604
0.94453
0.94298
0.94138
0.93974
0.93807
0.93635
0.93459
0.93279
0.93096
0.92908
0.92717
0.92522
0.92323
0.92121
0.91915
0.91706
0.91493
0.91277
0.91057
0.90835
0.90609
0.9038
0.90149
0.89914
0.89677
0.89436
0.89194
0.88948
0.88701
0.88451
0.88198
0.87944
0.87687
0.87428
0.87168
0.86905
0.86641
0.86375
0.86108
0.85839
0.85569
0.85298
0.85026
0.84753
0.84478
0.84203
0.83927
0.83651
0.83374
0.83097
0.82819
0.82541
0.82263
0.81985
0.81707
0.8143
0.81152
0.80875
0.80599
0.80323
0.80048
0.79773
0.79499
0.79227
0.78955
0.78685
0.78416
0.78148
0.77882
0.77617
0.77354
0.77092
0.76833
0.76575
0.76319
0.76065
0.75814
0.75564
0.75317
0.75072
0.7483
0.7459
0.74353
0.74119
0.73887
0.73658
0.73432
0.73209
0.72989
0.72772
0.72558
0.72347
0.72139
0.71935
0.71735
0.71537
0.71343
0.71153
0.70966
0.70783
0.70604
0.70428
0.70256
0.70088
0.69924
0.69763
0.69607
0.69454
0.69306
0.69161
0.69021
0.68884
0.68752
0.68624
0.685
0.6838
0.68264
0.68153
0.68046
0.67943
0.67844
0.67749
0.67659
0.67573
0.67492
0.67415
0.67342
0.67273
0.67208
0.67148
0.67093
0.67041
0.66994
0.66951
0.66912
0.66878
0.66848
0.66822
0.66801
0.66783
0.6677
0.66761
0.66756
0.66756
0.66759
0.66767
0.66779
0.66794
0.66814
0.66838
0.66866
0.66897
0.66933
0.66972
0.67016
0.67063
0.67114
0.67168
0.67227
0.67289
0.67354
0.67424
0.67496
0.67573
0.67652
0.67735
0.67822
0.67911
0.68004
0.68101
0.682
0.68302
0.68408
0.68516
0.68628
0.68742
0.68859
0.68979
0.69102
0.69227
0.69355
0.69486
0.69619
0.69754
0.69892
0.70032
0.70175
0.70319
0.70466
0.70615
0.70765
0.70918
0.71073
0.71229
0.71387
0.71547
0.71708
0.71871
0.72035
0.72201
0.72368
0.72536
0.72706
0.72876
0.73048
0.73221
0.73394
0.73569
0.73744
0.7392
0.74096
0.74274
0.74451
0.74629
0.74808
0.74986
0.75165
0.75344
0.75523
0.75702
0.75881
0.7606
0.76239
0.76417
0.76595
0.76773
0.7695
0.77127
0.77303
0.77478
0.77652
0.77826
0.77998
0.7817
0.7834
0.7851
0.78678
0.78845
0.79011
0.79175
0.79338
0.79499
0.79658
0.79816
0.79972
0.80126
0.80279
0.80429
0.80578
0.80724
0.80868
0.8101
0.8115
0.81287
0.81422
0.81555
0.81685
0.81812
0.81937
0.82059
0.82178
0.82295
0.82408
0.82519
0.82627
0.82731
0.82833
0.82931
0.83026
0.83118
0.83207
0.83292
0.83374
0.83452
0.83527
0.83599
0.83667
0.83731
0.83792
0.83849
0.83902
0.83952
0.83998
0.8404
0.84078
0.84112
0.84143
0.84169
0.84192
0.84211
0.84226
0.84237
0.84244
0.84247
0.84246
0.84241
0.84232
0.84219
0.84203
0.84182
0.84157
0.84129
0.84096
0.8406
0.84019
0.83975
0.83927
0.83875
0.8382
0.8376
0.83697
0.83631
0.83561
0.83487
0.83409
0.83329
0.83244
0.83157
0.83066
0.82972
0.82874
0.82774
0.82671
0.82564
0.82455
0.82343
0.82228
0.82111
0.81991
0.81869
0.81744
0.81617
0.81488
0.81357
0.81224
0.81089
0.80952
0.80814
0.80674
0.80533
0.80391
0.80247
0.80102
0.79957
0.7981
0.79663
0.79516
0.79368
0.79219
0.79071
0.78922
0.78774
0.78626
0.78478
0.78331
0.78185
0.78039
0.77894
0.7775
0.77608
0.77467
0.77327
0.77189
0.77053
0.76919
0.76787
0.76657
0.76529
0.76404
0.76282
0.76162
0.76045
0.75931
0.7582
0.75713
0.75609
0.75508
0.75412
0.75319
0.7523
0.75145
0.75064
0.74987
0.74915
0.74848
0.74785
0.74726
0.74673
0.74625
0.74581
0.74543
0.7451
0.74483
0.74461
0.74444
0.74433
0.74428
0.74429
0.74435
0.74447
0.74466
0.7449
0.74521
0.74558
0.74601
0.7465
0.74706
0.74768
0.74836
0.74911
0.74993
0.75081
0.75175
0.75277
0.75384
0.75499
0.7562
0.75747
0.75881
0.76022
0.7617
0.76324
0.76484
0.76651
0.76825
0.77005
0.77191
0.77384
0.77583
0.77789
0.78001
0.78219
0.78443
0.78673
0.78909
0.79151
0.79399
0.79653
0.79912
0.80176
0.80447
0.80722
0.81003
0.81288
0.81579
0.81875
0.82175
0.8248
0.82789
0.83102
0.8342
0.83742
0.84067
0.84397
0.84729
0.85065
0.85405
0.85747
0.86092
0.8644
0.8679
0.87142
0.87497
0.87853
0.88212
0.88571
0.88932
0.89295
0.89658
0.90021
0.90386
0.9075
0.91115
0.91479
0.91843
0.92207
0.92569
0.92931
0.93292
0.93651
0.94008
0.94364
0.94717
0.95068
0.95417
0.95763
0.96106
0.96446
0.96783
0.97116
0.97445
0.9777
0.98092
0.98408
0.98721
0.99028
0.9933
0.99628
0.9992
1.0021
1.0049
1.0076
1.0103
1.0129
1.0155
1.018
1.0204
1.0228
1.0251
1.0273
1.0294
1.0315
1.0335
1.0354
1.0373
1.039
1.0407
1.0423
1.0438
1.0452
1.0466
1.0478
1.049
1.0501
1.0511
1.052
1.0528
1.0536
1.0542
1.0548
1.0552
1.0556
1.0559
1.0561
1.0562
1.0562
1.0561
1.0559
1.0557
1.0553
1.0548
1.0543
1.0537
1.0529
1.0521
1.0512
1.0502
1.0491
1.048
1.0467
1.0454
1.044
1.0424
1.0408
1.0392
1.0374
1.0356
1.0336
1.0316
1.0296
1.0274
1.0252
1.0229
1.0205
1.018
1.0155
1.0129
1.0103
1.0075
1.0048
1.0019
0.999
0.99602
0.99299
0.98991
0.98677
0.98357
0.98032
0.97703
0.97368
0.97029
0.96685
0.96337
0.95985
0.95629
0.95269
0.94905
0.94538
0.94167
0.93794
0.93418
0.93039
0.92657
0.92273
0.91887
0.91498
0.91108
0.90717
0.90323
0.89929
0.89533
0.89136
0.88739
0.88341
0.87942
0.87543
0.87144
0.86745
0.86347
0.85948
0.8555
0.85153
0.84757
0.84362
0.83968
0.83575
0.83183
0.82793
0.82405
0.82019
0.81635
0.81253
0.80873
0.80495
0.80121
0.79748
0.79379
0.79012
0.78649
0.78288
0.77931
0.77577
0.77227
0.7688
0.76537
0.76198
0.75862
0.75531
0.75203
0.7488
0.7456
0.74245
0.73935
0.73629
0.73327
0.7303
0.72738
0.7245
0.72167
0.71889
0.71616
0.71348
0.71085
0.70827
0.70575
0.70327
0.70084
0.69847
0.69615
0.69389
0.69168
0.68952
0.68742
0.68537
0.68338
0.68144
0.67956
0.67774
0.67597
0.67426
0.6726
0.671
0.66946
0.66798
0.66655
0.66518
0.66387
0.66261
0.66142
0.66028
0.65919
0.65817
0.65721
0.6563
0.65545
0.65466
0.65392
0.65325
0.65263
0.65207
0.65156
0.65112
0.65073
0.6504
0.65012
0.64991
0.64975
0.64965
0.6496
0.64961
0.64968
0.6498
0.64998
0.65021
0.6505
0.65085
0.65125
0.6517
0.65221
0.65278
0.65339
0.65406
0.65479
0.65556
0.65639
0.65727
0.65821
0.65919
0.66023
0.66131
0.66245
0.66364
0.66487
0.66616
0.66749
0.66887
0.67029
0.67177
0.67329
0.67486
0.67647
0.67812
0.67982
0.68156
0.68335
0.68518
0.68705
0.68896
0.69091
0.6929
0.69492
0.69699
0.69909
0.70123
0.70341
0.70562
0.70786
0.71014
0.71245
0.71479
0.71716
0.71956
0.72199
0.72445
0.72694
0.72945
0.73198
0.73455
0.73713
0.73974
0.74237
0.74502
0.74769
0.75038
0.75308
0.7558
0.75854
0.7613
0.76406
0.76684
0.76963
0.77243
0.77524
0.77806
0.78088
0.78372
0.78655
0.7894
0.79224
0.79509
0.79794
0.80078
0.80363
0.80648
0.80932
0.81216
0.81499
0.81782
0.82064
0.82345
0.82625
0.82905
0.83183
0.8346
0.83736
0.84011
0.84284
0.84555
0.84825
0.85094
0.8536
0.85625
0.85887
0.86148
0.86407
0.86663
0.86917
0.87169
0.87419
0.87666
0.87911
0.88153
0.88392
0.88629
0.88863
0.89095
0.89323
0.89549
0.89772
0.89992
0.90209
0.90422
0.90633
0.90841
0.91046
0.91247
0.91446
0.91641
0.91833
0.92022
0.92208
0.9239
0.92569
0.92745
0.92918
0.93088
0.93254
0.93417
0.93577
0.93734
0.93887
0.94037
0.94184
0.94328
0.94469
0.94607
0.94742
0.94873
0.95002
0.95127
0.9525
0.9537
0.95486
0.956
0.95711
0.9582
0.95925
0.96028
0.96128
0.96226
0.9632
0.96413
0.96503
0.9659
0.96675
0.96758
0.96838
0.96916
0.96992
0.97066
0.97137
0.97207
0.97274
0.9734
0.97403
0.97465
0.97525
0.97583
0.97639
0.97693
0.97746
0.97797
0.97847
0.97895
0.97942
0.97987
0.98031
0.98073
0.98114
0.98154
0.98192
0.98229
0.98265
0.983
0.98333
0.98365
0.98397
0.98427
0.98456
0.98484
0.98511
0.98536
0.98561
0.98585
0.98608
0.9863
0.9865
0.9867
0.98689
0.98707
0.98723
0.98739
0.98754
0.98767
0.9878
0.98792
0.98802
0.98811
0.9882
0.98827
0.98833
0.98837
0.98841
0.98843
0.98844
0.98844
0.98842
0.98839
0.98835
0.98829
0.98821
0.98812
0.98802
0.9879
0.98776
0.9876
0.98743
0.98724
0.98703
0.9868
0.98655
0.98628
0.98599
0.98568
0.98534
0.98499
0.98461
0.98421
0.98378
0.98333
0.98285
0.98235
0.98183
0.98127
0.98069
0.98008
0.97944
0.97878
0.97808
0.97736
0.9766
0.97582
0.975
0.97415
0.97327
0.97236
0.97142
0.97044
0.96943
0.96838
0.9673
0.96619
0.96504
0.96385
0.96263
0.96138
0.96008
0.95876
0.95739
0.95599
0.95456
0.95309
0.95158
0.95003
0.94845
0.94683
0.94518
0.94349
0.94176
0.94
0.9382
0.93636
0.93449
0.93259
0.93065
0.92867
0.92667
0.92462
0.92255
0.92044
0.9183
0.91613
0.91393
0.91169
0.90943
0.90713
0.90481
0.90246
0.90009
0.89768
0.89525
0.8928
0.89032
0.88782
0.8853
0.88275
0.88019
0.87761
0.875
0.87238
0.86975
0.8671
0.86444
0.86176
0.85907
0.85637
0.85367
0.85095
0.84823
0.8455
0.84277
0.84004
0.8373
0.83457
0.83183
0.8291
0.82638
0.82365
0.82094
0.81823
0.81553
0.81285
0.81017
0.80751
0.80487
0.80224
0.79963
0.79703
0.79446
0.79192
0.78939
0.78689
0.78442
0.78198
0.77956
0.77718
0.77483
0.77251
0.77023
0.76798
0.76577
0.7636
0.76147
0.75939
0.75734
0.75534
0.75339
0.75148
0.74962
0.74781
0.74605
0.74435
0.74269
0.74109
0.73955
0.73806
0.73663
0.73525
0.73394
0.73269
0.7315
0.73037
0.7293
0.7283
0.72737
0.7265
0.7257
0.72496
0.7243
0.7237
0.72317
0.72272
0.72233
0.72202
0.72178
0.72161
0.72152
0.7215
0.72156
0.72169
0.7219
0.72218
0.72254
0.72298
0.72349
0.72408
0.72475
0.7255
0.72632
0.72723
0.72821
0.72927
0.73041
0.73162
0.73292
0.73429
0.73574
0.73727
0.73887
0.74056
0.74232
0.74415
0.74607
0.74806
0.75012
0.75226
0.75448
0.75677
0.75913
0.76157
0.76407
0.76665
0.7693
0.77202
0.77481
0.77767
0.78059
0.78358
0.78664
0.78976
0.79294
0.79618
0.79949
0.80285
0.80627
0.80975
0.81329
0.81688
0.82052
0.82422
0.82796
0.83175
0.83559
0.83947
0.8434
0.84737
0.85138
0.85543
0.85951
0.86363
0.86779
0.87197
0.87618
0.88042
0.88469
0.88898
0.89329
0.89762
0.90197
0.90634
0.91071
0.9151
0.9195
0.92391
0.92832
0.93274
0.93715
0.94157
0.94598
0.95039
0.95479
0.95918
0.96356
0.96792
0.97228
0.97661
0.98092
0.98521
0.98948
0.99372
0.99793
1.0021
1.0063
1.0104
1.0145
1.0185
1.0225
1.0265
1.0304
1.0343
1.0381
1.0419
1.0456
1.0493
1.0529
1.0565
1.06
1.0634
1.0668
1.0702
1.0734
1.0766
1.0798
1.0829
1.0859
1.0888
1.0917
1.0945
1.0972
1.0998
1.1024
1.1049
1.1073
1.1097
1.112
1.1142
1.1163
1.1183
1.1203
1.1221
1.1239
1.1256
1.1273
1.1288
1.1303
1.1317
1.133
1.1342
1.1353
1.1364
1.1373
1.1382
1.139
1.1398
1.1404
1.141
1.1414
1.1418
1.1421
1.1424
1.1425
1.1426
1.1426
1.1425
1.1424
1.1421
1.1418
1.1414
1.141
1.1404
1.1398
1.1392
1.1384
1.1376
1.1367
1.1357
1.1347
1.1336
1.1325
1.1312
1.13
1.1286
1.1272
1.1257
1.1242
1.1226
1.121
1.1193
1.1175
1.1157
1.1139
1.112
1.11
1.108
1.106
1.1039
1.1017
1.0996
1.0973
1.0951
1.0928
1.0904
1.0881
1.0856
1.0832
1.0807
1.0782
1.0757
1.0731
1.0705
1.0679
1.0652
1.0625
1.0598
1.0571
1.0543
1.0516
1.0488
1.046
1.0432
1.0403
1.0375
1.0346
1.0317
1.0288
1.0259
1.023
1.02
1.0171
1.0142
1.0112
1.0083
1.0053
1.0023
0.99936
0.99639
0.99341
0.99044
0.98747
0.98449
0.98152
0.97856
0.97559
0.97263
0.96967
0.96672
0.96378
0.96084
0.95791
0.95499
0.95208
0.94918
0.94629
0.94341
0.94054
0.93769
0.93484
0.93202
0.92921
0.92641
0.92363
0.92087
0.91812
0.9154
0.91269
0.91
0.90733
0.90469
0.90207
0.89946
0.89689
0.89433
0.89181
0.8893
0.88683
0.88438
0.88196
0.87957
0.8772
0.87487
0.87257
0.8703
0.86806
0.86586
0.86369
0.86156
0.85946
0.8574
0.85537
0.85339
0.85144
0.84953
0.84767
0.84585
0.84406
0.84233
0.84063
0.83899
0.83739
0.83583
0.83433
0.83287
0.83146
0.8301
0.8288
0.82755
0.82635
0.8252
0.82411
0.82308
0.8221
0.82118
0.82032
0.81952
0.81878
0.8181
0.81749
0.81693
0.81645
0.81602
0.81566
0.81537
0.81514
0.81499
0.8149
0.81488
0.81493
0.81506
0.81525
0.81552
0.81586
0.81627
0.81676
0.81733
0.81796
0.81868
0.81947
0.82034
0.82129
0.82232
0.82343
0.82461
0.82587
0.82722
0.82864
0.83015
0.83174
0.8334
0.83515
0.83698
0.83889
0.84089
0.84296
0.84512
0.84736
0.84968
0.85208
0.85457
0.85713
0.85977
0.8625
0.86531
0.86819
0.87116
0.8742
0.87732
0.88052
0.8838
0.88715
0.89058
0.89409
0.89766
0.90132
0.90504
0.90883
0.9127
0.91663
0.92063
0.9247
0.92883
0.93303
0.93729
0.94161
0.94599
0.95043
0.95493
0.95948
0.96408
0.96874
0.97345
0.9782
0.983
0.98784
0.99273
0.99766
1.0026
1.0076
1.0127
1.0177
1.0228
1.028
1.0331
1.0383
1.0435
1.0487
1.0539
1.0591
1.0644
1.0697
1.0749
1.0802
1.0855
1.0907
1.096
1.1013
1.1065
1.1118
1.117
1.1222
1.1274
1.1325
1.1377
1.1428
1.1479
1.1529
1.1579
1.1629
1.1678
1.1727
1.1776
1.1824
1.1871
1.1918
1.1965
1.201
1.2056
1.21
1.2144
1.2187
1.223
1.2272
1.2313
1.2353
1.2393
1.2432
1.2469
1.2506
1.2543
1.2578
1.2612
1.2646
1.2678
1.271
1.2741
1.277
1.2799
1.2826
1.2853
1.2878
1.2903
1.2926
1.2948
1.2969
1.2989
1.3008
1.3026
1.3042
1.3058
1.3072
1.3085
1.3097
1.3108
1.3118
1.3126
1.3133
1.3139
1.3144
1.3147
1.315
1.3151
1.3151
1.3149
1.3147
1.3143
1.3138
1.3132
1.3125
1.3117
1.3107
1.3096
1.3084
1.3071
1.3057
1.3041
1.3024
1.3007
1.2988
1.2968
1.2947
1.2925
1.2902
1.2877
1.2852
1.2826
1.2798
1.277
1.2741
1.271
1.2679
1.2647
1.2614
1.258
1.2545
1.251
1.2473
1.2436
1.2398
1.2359
1.2319
1.2279
1.2238
1.2197
1.2154
1.2111
1.2068
1.2024
1.1979
1.1934
1.1889
1.1843
1.1796
1.1749
1.1702
1.1654
1.1606
1.1558
1.151
1.1461
1.1412
1.1363
1.1313
1.1264
1.1214
1.1165
1.1115
1.1065
1.1016
1.0966
1.0917
1.0867
1.0818
1.0769
1.072
1.0671
1.0622
1.0574
1.0526
1.0479
1.0431
1.0385
1.0338
1.0292
1.0246
1.0201
1.0157
1.0113
1.0069
1.0026
0.99837
0.9942
0.99009
0.98605
0.98207
0.97817
0.97434
0.97059
0.96691
0.96331
0.9598
0.95636
0.95301
0.94975
0.94657
0.94348
0.94049
0.93758
0.93477
0.93205
0.92943
0.92691
0.92448
0.92216
0.91993
0.9178
0.91578
0.91386
0.91204
0.91033
0.90872
0.90721
0.90581
0.90452
0.90333
0.90225
0.90128
0.90041
0.89965
0.899
0.89845
0.89801
0.89768
0.89745
0.89733
0.89731
0.89739
0.89758
0.89788
0.89827
0.89877
0.89937
0.90007
0.90086
0.90176
0.90275
0.90384
0.90502
0.90629
0.90766
0.90912
0.91066
0.91229
0.91401
0.91581
0.91769
0.91965
0.92169
0.92381
0.926
0.92826
0.9306
0.933
0.93546
0.93799
0.94058
0.94323
0.94594
0.9487
0.95151
0.95437
0.95728
0.96023
0.96322
0.96625
0.96931
0.97241
0.97554
0.97869
0.98187
0.98508
0.9883
0.99153
0.99478
0.99804
1.0013
1.0046
1.0079
1.0111
1.0144
1.0177
1.0209
1.0241
1.0274
1.0306
1.0338
1.0369
1.0401
1.0432
1.0462
1.0493
1.0523
1.0552
1.0581
1.061
1.0638
1.0666
1.0693
1.072
1.0746
1.0771
1.0796
1.082
1.0844
1.0867
1.0889
1.091
1.0931
1.0951
1.097
1.0989
1.1006
1.1023
1.1039
1.1054
1.1068
1.1082
1.1094
1.1106
1.1116
1.1126
1.1135
1.1143
1.115
1.1156
1.1161
1.1165
1.1169
1.1171
1.1172
1.1172
1.1172
1.117
1.1168
1.1164
1.116
1.1155
1.1148
1.1141
1.1133
1.1124
1.1114
1.1103
1.1091
1.1078
1.1065
1.105
1.1035
1.1019
1.1002
1.0984
1.0966
1.0946
1.0926
1.0905
1.0883
1.0861
1.0838
1.0814
1.0789
1.0764
1.0738
1.0711
1.0684
1.0656
1.0628
1.0599
1.057
1.054
1.0509
1.0478
1.0447
1.0415
1.0383
1.035
1.0317
1.0283
1.0249
1.0215
1.0181
1.0146
1.0111
1.0076
1.0041
1.0005
0.9969
0.9933
0.98969
0.98606
0.98243
0.97878
0.97513
0.97147
0.96781
0.96415
0.96049
0.95683
0.95318
0.94953
0.94589
0.94225
0.93863
0.93502
0.93143
0.92785
0.92428
0.92074
0.91721
0.91371
0.91023
0.90677
0.90334
0.89993
0.89655
0.8932
0.88988
0.88658
0.88333
0.8801
0.8769
0.87375
0.87062
0.86754
0.86448
0.86147
0.8585
0.85556
0.85267
0.84981
0.847
0.84423
0.8415
0.83881
0.83617
0.83357
0.83101
0.8285
0.82603
0.82361
0.82123
0.81889
0.81661
0.81436
0.81217
0.81002
0.80791
0.80586
0.80384
0.80188
0.79996
0.79808
0.79625
0.79447
0.79273
0.79104
0.7894
0.7878
0.78624
0.78473
0.78327
0.78185
0.78047
0.77914
0.77785
0.7766
0.7754
0.77424
0.77312
0.77205
0.77101
0.77002
0.76907
0.76816
0.76729
0.76646
0.76567
0.76491
0.7642
0.76352
0.76288
0.76228
0.76171
0.76118
0.76068
0.76022
0.7598
0.7594
0.75904
0.75872
0.75842
0.75816
0.75792
0.75772
0.75755
0.7574
0.75728
0.7572
0.75713
0.7571
0.75709
0.7571
0.75714
0.75721
0.75729
0.7574
0.75753
0.75769
0.75786
0.75805
0.75826
0.75849
0.75873
0.75899
0.75927
0.75956
0.75987
0.76019
0.76053
0.76087
0.76123
0.7616
0.76198
0.76236
0.76276
0.76316
0.76357
0.76398
0.7644
0.76482
0.76525
0.76568
0.76611
0.76654
0.76697
0.7674
0.76783
0.76826
0.76868
0.7691
0.76952
0.76993
0.77033
0.77073
0.77112
0.7715
0.77187
0.77223
0.77259
0.77292
0.77325
0.77356
0.77387
0.77415
0.77442
0.77468
0.77492
0.77514
0.77534
0.77553
0.77569
0.77584
0.77597
0.77608
0.77616
0.77623
0.77627
0.77629
0.77628
0.77626
0.77621
0.77613
0.77603
0.77591
0.77576
0.77559
0.77538
0.77516
0.77491
0.77463
0.77432
0.77399
0.77363
0.77325
0.77283
0.77239
0.77193
0.77143
0.77091
0.77037
0.7698
0.7692
0.76857
0.76792
0.76724
0.76654
0.76581
0.76506
0.76428
0.76348
0.76265
0.7618
0.76093
0.76004
0.75912
0.75818
0.75722
0.75624
0.75524
0.75423
0.75319
0.75214
0.75106
0.74998
0.74887
0.74775
0.74662
0.74548
0.74432
0.74315
0.74197
0.74078
0.73958
0.73837
0.73715
0.73593
0.7347
0.73347
0.73223
0.73099
0.72975
0.7285
0.72726
0.72602
0.72478
0.72354
0.7223
0.72107
0.71985
0.71863
0.71742
0.71621
0.71502
0.71384
0.71266
0.7115
0.71035
0.70922
0.70809
0.70699
0.7059
0.70482
0.70377
0.70273
0.70171
0.70071
0.69973
0.69878
0.69784
0.69693
0.69604
0.69517
0.69433
0.69351
0.69272
0.69196
0.69122
0.69051
0.68983
0.68917
0.68854
0.68794
0.68737
0.68683
0.68632
0.68584
0.68539
0.68497
0.68458
0.68422
0.6839
0.6836
0.68333
0.6831
0.6829
0.68272
0.68258
0.68247
0.68239
0.68234
0.68232
0.68234
0.68238
0.68245
0.68256
0.68269
0.68285
0.68304
0.68326
0.68351
0.68378
0.68408
0.68441
0.68477
0.68515
0.68556
0.68599
0.68645
0.68693
0.68743
0.68796
0.68851
0.68908
0.68967
0.69028
0.69091
0.69156
0.69223
0.69292
0.69362
0.69434
0.69507
0.69582
0.69658
0.69735
0.69814
0.69894
0.69975
0.70056
0.70139
0.70223
0.70307
0.70392
0.70477
0.70564
0.7065
0.70737
0.70824
0.70911
0.70999
0.71086
0.71174
0.71261
0.71348
0.71435
0.71521
0.71608
0.71693
0.71779
0.71863
0.71947
0.7203
0.72113
0.72194
0.72275
0.72355
0.72434
0.72511
0.72588
0.72662
0.72735
0.72807
0.72878
0.72947
0.73016
0.73083
0.73149
0.73214
0.73277
0.73339
0.734
0.73459
0.73516
0.73572
0.73626
0.73679
0.7373
0.73779
0.73826
0.73872
0.73916
0.73959
0.73999
0.74038
0.74075
0.7411
0.74144
0.74176
0.74206
0.74234
0.74261
0.74286
0.74309
0.74331
0.74351
0.74369
0.74386
0.74402
0.74416
0.74428
0.7444
0.74449
0.74458
0.74465
0.74472
0.74477
0.74481
0.74484
0.74486
0.74487
0.74487
0.74487
0.74486
0.74484
0.74482
0.74479
0.74476
0.74472
0.74468
0.74464
0.7446
0.74455
0.74451
0.74447
0.74442
0.74438
0.74435
0.74431
0.74428
0.74426
0.74424
0.74422
0.74422
0.74422
0.74423
0.74425
0.74427
0.74431
0.74436
0.74442
0.74449
0.74458
0.74468
0.74479
0.74492
0.74506
0.74522
0.74539
0.74558
0.74579
0.74601
0.74626
0.74652
0.7468
0.7471
0.74741
0.74775
0.74811
0.74849
0.74889
0.74931
0.74975
0.75021
0.7507
0.75121
0.75174
0.75229
0.75286
0.75346
0.75408
0.75472
0.75538
0.75607
0.75678
0.75751
0.75827
0.75904
0.75984
0.76067
0.76151
0.76238
0.76326
0.76417
0.76511
0.76606
0.76703
0.76803
0.76904
0.77008
0.77113
0.7722
0.7733
0.77441
0.77554
0.77669
0.77785
0.77904
0.78023
0.78145
0.78268
0.78393
0.78519
0.78646
0.78775
0.78905
0.79036
0.79169
0.79303
0.79437
0.79573
0.7971
0.79847
0.79985
0.80124
0.80264
0.80405
0.80546
0.80687
0.80829
0.80971
0.81113
0.81256
0.81399
0.81542
0.81685
0.81828
0.81971
0.82113
0.82256
0.82398
0.82539
0.82681
0.82821
0.82961
0.83101
0.8324
0.83378
0.83515
0.83651
0.83787
0.83921
0.84055
0.84187
0.84318
0.84448
0.84577
0.84704
0.8483
0.84955
0.85078
0.852
0.8532
0.85438
0.85555
0.85671
0.85784
0.85896
0.86007
0.86115
0.86222
0.86327
0.8643
0.86531
0.8663
0.86728
0.86824
0.86918
0.87009
0.87099
0.87188
0.87274
0.87358
0.87441
0.87521
0.876
0.87677
0.87752
0.87825
0.87896
0.87966
0.88034
0.881
0.88164
0.88227
0.88288
0.88347
0.88405
0.88462
0.88516
0.8857
0.88622
0.88672
0.88722
0.8877
0.88816
0.88862
0.88906
0.8895
0.88992
0.89034
0.89074
0.89114
0.89152
0.89191
0.89228
0.89265
0.89301
0.89337
0.89372
0.89407
0.89442
0.89476
0.89511
0.89545
0.89579
0.89613
0.89647
0.89681
0.89715
0.8975
0.89785
0.8982
0.89856
0.89892
0.89929
0.89966
0.90004
0.90042
0.90082
0.90122
0.90162
0.90204
0.90246
0.9029
0.90334
0.9038
0.90426
0.90474
0.90522
0.90572
0.90623
0.90675
0.90729
0.90783
0.90839
0.90896
0.90954
0.91014
0.91074
0.91137
0.912
0.91265
0.9133
0.91398
0.91466
0.91536
0.91607
0.91679
0.91752
0.91827
0.91902
0.91979
0.92057
0.92136
0.92216
0.92296
0.92378
0.92461
0.92545
0.92629
0.92714
0.928
0.92887
0.92974
0.93061
0.93149
0.93238
0.93327
0.93416
0.93505
0.93595
0.93684
0.93774
0.93863
0.93953
0.94042
0.94131
0.94219
0.94307
0.94394
0.94481
0.94567
0.94652
0.94736
0.9482
0.94902
0.94983
0.95062
0.95141
0.95218
0.95293
0.95367
0.95439
0.95509
0.95578
0.95644
0.95708
0.9577
0.9583
0.95888
0.95943
0.95995
0.96045
0.96093
0.96137
0.96179
0.96218
0.96253
0.96286
0.96315
0.96341
0.96364
0.96384
0.964
0.96412
0.96421
0.96426
0.96427
0.96425
0.96418
0.96408
0.96394
0.96376
0.96354
0.96327
0.96297
0.96262
0.96223
0.9618
0.96133
0.96081
0.96025
0.95965
0.959
0.95831
0.95757
0.95679
0.95596
0.9551
0.95418
0.95323
0.95223
0.95118
0.95009
0.94896
0.94779
0.94657
0.94531
0.94401
0.94267
0.94129
0.93986
0.9384
0.93689
0.93535
0.93377
0.93215
0.93049
0.9288
0.92707
0.92531
0.92351
0.92169
0.91983
0.91794
0.91601
0.91407
0.91209
0.91009
0.90806
0.90601
0.90393
0.90184
0.89972
0.89759
0.89543
0.89326
0.89105
0.88883
0.88659
0.88435
0.88209
0.87982
0.87755
0.87527
0.87298
0.87068
0.86839
0.86609
0.86379
0.86149
0.8592
0.85691
0.85462
0.85234
0.85006
0.8478
0.84555
0.84331
0.84108
0.83887
0.83667
0.83449
0.83233
0.83019
0.82807
0.82598
0.82391
0.82187
0.81985
0.81786
0.81591
0.81398
0.81209
0.81023
0.80841
0.80662
0.80487
0.80316
0.8015
0.79987
0.79829
0.79675
0.79525
0.79381
0.79241
0.79106
0.78975
0.7885
0.78731
0.78616
0.78507
0.78403
0.78305
0.78212
0.78125
0.78044
0.77969
0.779
0.77837
0.7778
0.77729
0.77684
0.77646
0.77614
0.77588
0.77569
0.77556
0.7755
0.77551
0.77558
0.77571
0.77591
0.77618
0.77652
0.77692
0.77739
0.77793
0.77853
0.7792
0.77994
0.78074
0.78161
0.78255
0.78356
0.78463
0.78576
0.78696
0.78823
0.78956
0.79095
0.79241
0.79393
0.79551
0.79716
0.79886
0.80063
0.80245
0.80434
0.80628
0.80827
0.81033
0.81243
0.8146
0.81681
0.81908
0.82139
0.82376
0.82617
0.82863
0.83113
0.83368
0.83628
0.83891
0.84158
0.84429
0.84704
0.84982
0.85263
0.85548
0.85836
0.86126
0.86419
0.86715
0.87013
0.87313
0.87615
0.87919
0.88224
0.88531
0.88838
0.89147
0.89457
0.89767
0.90077
0.90388
0.90699
0.91009
0.91319
0.91628
0.91936
0.92244
0.9255
0.92854
0.93157
0.93458
0.93756
0.94052
0.94346
0.94637
0.94925
0.9521
0.95491
0.95769
0.96043
0.96312
0.96578
0.96839
0.97096
0.97347
0.97594
0.97835
0.98071
0.98302
0.98526
0.98745
0.98957
0.99163
0.99363
0.99556
0.99742
0.99921
1.0009
1.0026
1.0041
1.0056
1.0071
1.0084
1.0097
1.0108
1.0119
1.0129
1.0139
1.0147
1.0154
1.0161
1.0167
1.0172
1.0176
1.0179
1.0181
1.0182
1.0182
1.0181
1.018
1.0177
1.0174
1.0169
1.0164
1.0157
1.015
1.0142
1.0132
1.0122
1.0111
1.0099
1.0086
1.0072
1.0057
1.0041
1.0024
1.0007
0.99881
0.99686
0.99483
0.9927
0.99049
0.98819
0.9858
0.98333
0.98078
0.97815
0.97544
0.97265
0.96978
0.96684
0.96382
0.96074
0.95758
0.95435
0.95106
0.9477
0.94428
0.9408
0.93726
0.93366
0.93001
0.92631
0.92255
0.91875
0.9149
0.91101
0.90708
0.90311
0.89911
0.89507
0.89099
0.88689
0.88277
0.87862
0.87444
0.87025
0.86605
0.86183
0.85759
0.85335
0.84911
0.84486
0.84061
0.83636
0.83212
0.82788
0.82366
0.81944
0.81525
0.81106
0.8069
0.80276
0.79865
0.79456
0.7905
0.78648
0.78249
0.77853
0.77462
0.77074
0.76691
0.76313
0.75939
0.7557
0.75207
0.74849
0.74497
0.7415
0.7381
0.73475
0.73147
0.72826
0.72511
0.72204
0.71903
0.7161
0.71323
0.71045
0.70774
0.70511
0.70256
0.70008
0.69769
0.69539
0.69316
0.69103
0.68897
0.68701
0.68513
0.68334
0.68164
0.68004
0.67852
0.67709
0.67576
0.67452
0.67337
0.67231
0.67135
0.67049
0.66971
0.66904
0.66845
0.66797
0.66757
0.66728
0.66707
0.66697
0.66696
0.66704
0.66722
0.66749
0.66785
0.66831
0.66886
0.66951
0.67025
0.67108
0.67199
0.673
0.6741
0.67529
0.67657
0.67793
0.67938
0.68092
0.68254
0.68424
0.68603
0.68789
0.68984
0.69186
0.69396
0.69614
0.69839
0.70072
0.70311
0.70558
0.70811
0.71071
0.71338
0.71611
0.7189
0.72175
0.72466
0.72762
0.73064
0.73371
0.73683
0.73999
0.74321
0.74646
0.74976
0.7531
0.75647
0.75988
0.76332
0.76679
0.77029
0.77381
0.77736
0.78092
0.78451
0.7881
0.79172
0.79534
0.79897
0.8026
0.80624
0.80988
0.81352
0.81715
0.82077
0.82439
0.82799
0.83157
0.83514
0.83869
0.84221
0.84571
0.84919
0.85263
0.85604
0.85941
0.86275
0.86605
0.8693
0.87252
0.87568
0.8788
0.88186
0.88487
0.88783
0.89073
0.89357
0.89634
0.89906
0.90171
0.90429
0.9068
0.90924
0.91161
0.91391
0.91613
0.91827
0.92034
0.92232
0.92423
0.92605
0.92779
0.92944
0.93101
0.93249
0.93388
0.93518
0.9364
0.93752
0.93856
0.9395
0.94035
0.94111
0.94177
0.94234
0.94282
0.94321
0.9435
0.94369
0.9438
0.94381
0.94372
0.94355
0.94328
0.94292
0.94246
0.94192
0.94128
0.94055
0.93974
0.93883
0.93784
0.93676
0.93559
0.93434
0.93301
0.93159
0.93009
0.92851
0.92685
0.92511
0.9233
0.92141
0.91944
0.91741
0.9153
0.91313
0.91089
0.90858
0.90621
0.90378
0.90129
0.89873
0.89613
0.89347
0.89075
0.88799
0.88517
0.88231
0.87941
0.87646
0.87348
0.87045
0.86739
0.8643
0.86117
0.85801
0.85483
0.85162
0.84839
0.84513
0.84186
0.83857
0.83527
0.83195
0.82862
0.82529
0.82194
0.8186
0.81525
0.8119
0.80856
0.80522
0.80188
0.79855
0.79524
0.79193
0.78864
0.78537
0.78211
0.77888
0.77566
0.77247
0.7693
0.76617
0.76305
0.75997
0.75693
0.75391
0.75093
0.74799
0.74508
0.74222
0.73939
0.73661
0.73387
0.73118
0.72853
0.72593
0.72337
0.72087
0.71842
0.71602
0.71368
0.71138
0.70915
0.70696
0.70484
0.70277
0.70076
0.69881
0.69692
0.69509
0.69332
0.69162
0.68997
0.68839
0.68687
0.68542
0.68403
0.6827
0.68144
0.68025
0.67912
0.67806
0.67706
0.67613
0.67527
0.67447
0.67374
0.67308
0.67248
0.67195
0.67149
0.6711
0.67077
0.67051
0.67032
0.67019
0.67013
0.67014
0.67021
0.67035
0.67055
0.67082
0.67116
0.67156
0.67202
0.67255
0.67314
0.6738
0.67452
0.6753
0.67614
0.67704
0.67801
0.67904
0.68012
0.68127
0.68247
0.68374
0.68506
0.68643
0.68787
0.68936
0.6909
0.6925
0.69415
0.69586
0.69761
0.69942
0.70128
0.70319
0.70514
0.70715
0.7092
0.7113
0.71344
0.71563
0.71786
0.72014
0.72245
0.72481
0.7272
0.72964
0.73211
0.73462
0.73717
0.73975
0.74237
0.74501
0.74769
0.7504
0.75315
0.75591
0.75871
0.76154
0.76438
0.76726
0.77015
0.77307
0.77601
0.77898
0.78196
0.78495
0.78797
0.791
0.79404
0.7971
0.80018
0.80326
0.80635
0.80946
0.81257
0.81569
0.81881
0.82194
0.82507
0.82821
0.83135
0.83449
0.83763
0.84077
0.84391
0.84704
0.85017
0.85329
0.85641
0.85952
0.86263
0.86572
0.86881
0.87188
0.87495
0.878
0.88104
0.88406
0.88707
0.89006
0.89304
0.896
0.89894
0.90186
0.90477
0.90765
0.91051
0.91335
