0.84322
0.84229
0.84137
0.84044
0.83951
0.83858
0.83765
0.83672
0.83579
0.83486
0.83393
0.833
0.83206
0.83113
0.8302
0.82927
0.82834
0.82741
0.82648
0.82555
0.82462
0.8237
0.82277
0.82184
0.82091
0.81998
0.81905
0.81813
0.8172
0.81627
0.81535
0.81442
0.8135
0.81258
0.81165
0.81073
0.80981
0.80889
0.80797
0.80705
0.80613
0.80521
0.80429
0.80338
0.80246
0.80155
0.80064
0.79972
0.79881
0.7979
0.79699
0.79609
0.79518
0.79427
0.79337
0.79247
0.79157
0.79067
0.78977
0.78887
0.78797
0.78708
0.78619
0.78529
0.7844
0.78352
0.78263
0.78174
0.78086
0.77998
0.7791
0.77822
0.77734
0.77647
0.77559
0.77472
0.77385
0.77299
0.77212
0.77126
0.7704
0.76954
0.76868
0.76782
0.76697
0.76612
0.76527
0.76442
0.76358
0.76274
0.7619
0.76106
0.76022
0.75939
0.75856
0.75773
0.75691
0.75608
0.75526
0.75444
0.75363
0.75282
0.75201
0.7512
0.75039
0.74959
0.74879
0.74799
0.7472
0.74641
0.74562
0.74484
0.74405
0.74327
0.7425
0.74172
0.74095
0.74018
0.73942
0.73866
0.7379
0.73714
0.73639
0.73564
0.7349
0.73416
0.73342
0.73268
0.73195
0.73122
0.73049
0.72977
0.72905
0.72834
0.72762
0.72692
0.72621
0.72551
0.72481
0.72412
0.72343
0.72274
0.72205
0.72137
0.7207
0.72003
0.71936
0.71869
0.71803
0.71737
0.71672
0.71607
0.71543
0.71478
0.71415
0.71351
0.71288
0.71226
0.71164
0.71102
0.7104
0.7098
0.70919
0.70859
0.70799
0.7074
0.70681
0.70623
0.70565
0.70507
0.7045
0.70393
0.70337
0.70281
0.70225
0.7017
0.70116
0.70062
0.70008
0.69955
0.69902
0.6985
0.69798
0.69746
0.69696
0.69645
0.69595
0.69545
0.69496
0.69448
0.69399
0.69352
0.69304
0.69258
0.69211
0.69166
0.6912
0.69075
0.69031
0.68987
0.68944
0.68901
0.68858
0.68816
0.68775
0.68734
0.68693
0.68653
0.68614
0.68575
0.68536
0.68498
0.68461
0.68424
0.68387
0.68351
0.68316
0.68281
0.68246
0.68212
0.68179
0.68146
0.68114
0.68082
0.6805
0.6802
0.67989
0.67959
0.6793
0.67901
0.67873
0.67845
0.67818
0.67791
0.67765
0.6774
0.67715
0.6769
0.67666
0.67643
0.6762
0.67597
0.67575
0.67554
0.67533
0.67513
0.67493
0.67474
0.67455
0.67437
0.6742
0.67403
0.67386
0.6737
0.67355
0.6734
0.67326
0.67312
0.67299
0.67286
0.67274
0.67263
0.67252
0.67241
0.67231
0.67222
0.67213
0.67205
0.67197
0.6719
0.67184
0.67178
0.67172
0.67167
0.67163
0.67159
0.67156
0.67153
0.67151
0.6715
0.67149
0.67148
0.67148
0.67149
0.6715
0.67152
0.67154
0.67157
0.67161
0.67165
0.67169
0.67175
0.6718
0.67186
0.67193
0.67201
0.67209
0.67217
0.67226
0.67236
0.67246
0.67256
0.67268
0.67279
0.67292
0.67305
0.67318
0.67332
0.67347
0.67362
0.67377
0.67394
0.6741
0.67428
0.67446
0.67464
0.67483
0.67503
0.67523
0.67543
0.67564
0.67586
0.67608
0.67631
0.67654
0.67678
0.67703
0.67728
0.67753
0.67779
0.67806
0.67833
0.6786
0.67888
0.67917
0.67946
0.67976
0.68006
0.68037
0.68068
0.681
0.68133
0.68165
0.68199
0.68233
0.68267
0.68302
0.68338
0.68374
0.6841
0.68447
0.68485
0.68523
0.68561
0.686
0.6864
0.6868
0.6872
0.68761
0.68803
0.68845
0.68887
0.6893
0.68974
0.69018
0.69062
0.69107
0.69152
0.69198
0.69245
0.69291
0.69339
0.69386
0.69435
0.69483
0.69532
0.69582
0.69632
0.69683
0.69734
0.69785
0.69837
0.69889
0.69942
0.69995
0.70049
0.70103
0.70157
0.70212
0.70267
0.70323
0.70379
0.70436
0.70493
0.7055
0.70608
0.70666
0.70725
0.70784
0.70843
0.70903
0.70963
0.71024
0.71085
0.71146
0.71208
0.7127
0.71333
0.71396
0.71459
0.71522
0.71586
0.71651
0.71715
0.7178
0.71845
0.71911
0.71977
0.72043
0.7211
0.72177
0.72244
0.72312
0.7238
0.72448
0.72517
0.72586
0.72655
0.72724
0.72794
0.72864
0.72934
0.73005
0.73076
0.73147
0.73218
0.7329
0.73362
0.73434
0.73506
0.73579
0.73652
0.73725
0.73798
0.73872
0.73946
0.7402
0.74094
0.74168
0.74243
0.74318
0.74393
0.74468
0.74544
0.74619
0.74695
0.74771
0.74847
0.74923
0.75
0.75076
0.75153
0.7523
0.75307
0.75384
0.75461
0.75539
0.75616
0.75694
0.75772
0.75849
0.75927
0.76005
0.76084
0.76162
0.7624
0.76318
0.76397
0.76475
0.76554
0.76632
0.76711
0.7679
0.76868
0.76947
0.77026
0.77105
0.77183
0.77262
0.77341
0.7742
0.77499
0.77577
0.77656
0.77735
0.77814
0.77892
0.77971
0.78049
0.78128
0.78206
0.78285
0.78363
0.78441
0.7852
0.78598
0.78676
0.78754
0.78831
0.78909
0.78987
0.79064
0.79142
0.79219
0.79296
0.79373
0.79449
0.79526
0.79603
0.79679
0.79755
0.79831
0.79907
0.79982
0.80058
0.80133
0.80208
0.80283
0.80357
0.80432
0.80506
0.8058
0.80653
0.80727
0.808
0.80873
0.80945
0.81018
0.8109
0.81162
0.81233
0.81304
0.81375
0.81446
0.81516
0.81586
0.81656
0.81725
0.81794
0.81863
0.81931
0.82
0.82067
0.82135
0.82202
0.82268
0.82334
0.824
0.82466
0.82531
0.82595
0.8266
0.82724
0.82787
0.8285
0.82913
0.82975
0.83037
0.83098
0.83159
0.8322
0.8328
0.83339
0.83398
0.83457
0.83515
0.83573
0.8363
0.83687
0.83743
0.83799
0.83854
0.83909
0.83963
0.84017
0.8407
0.84123
0.84175
0.84227
0.84278
0.84328
0.84378
0.84428
0.84477
0.84525
0.84573
0.8462
0.84667
0.84713
0.84758
0.84803
0.84848
0.84891
0.84934
0.84977
0.85019
0.8506
0.85101
0.85141
0.85181
0.8522
0.85258
0.85296
0.85333
0.85369
0.85405
0.8544
0.85474
0.85508
0.85542
0.85574
0.85606
0.85637
0.85668
0.85698
0.85727
0.85755
0.85783
0.85811
0.85837
0.85863
0.85888
0.85913
0.85936
0.8596
0.85982
0.86004
0.86025
0.86045
0.86065
0.86084
0.86102
0.86119
0.86136
0.86152
0.86168
0.86183
0.86197
0.8621
0.86222
0.86234
0.86245
0.86256
0.86265
0.86274
0.86283
0.8629
0.86297
0.86303
0.86308
0.86313
0.86317
0.8632
0.86322
0.86324
0.86325
0.86325
0.86325
0.86323
0.86321
0.86319
0.86315
0.86311
0.86306
0.86301
0.86294
0.86287
0.86279
0.86271
0.86262
0.86252
0.86241
0.86229
0.86217
0.86204
0.86191
0.86176
0.86161
0.86146
0.86129
0.86112
0.86094
0.86075
0.86056
0.86036
0.86015
0.85993
0.85971
0.85948
0.85925
0.859
0.85875
0.8585
0.85823
0.85796
0.85768
0.8574
0.8571
0.85681
0.8565
0.85619
0.85587
0.85554
0.85521
0.85487
0.85452
0.85417
0.85381
0.85344
0.85307
0.85269
0.85231
0.85192
0.85152
0.85111
0.8507
0.85028
0.84986
0.84943
0.84899
0.84855
0.8481
0.84764
0.84718
0.84672
0.84624
0.84576
0.84528
0.84479
0.84429
0.84379
0.84328
0.84276
0.84224
0.84172
0.84119
0.84065
0.84011
0.83956
0.83901
0.83845
0.83788
0.83732
0.83674
0.83616
0.83558
0.83499
0.83439
0.83379
0.83319
0.83258
0.83196
0.83134
0.83072
0.83009
0.82946
0.82882
0.82818
0.82753
0.82688
0.82622
0.82556
0.8249
0.82423
0.82355
0.82288
0.82219
0.82151
0.82082
0.82013
0.81943
0.81873
0.81802
0.81732
0.8166
0.81589
0.81517
0.81445
0.81372
0.81299
0.81226
0.81153
0.81079
0.81005
0.8093
0.80855
0.8078
0.80705
0.80629
0.80553
0.80477
0.80401
0.80324
0.80247
0.8017
0.80092
0.80015
0.79937
0.79859
0.7978
0.79702
0.79623
0.79544
0.79465
0.79386
0.79306
0.79227
0.79147
0.79067
0.78987
0.78907
0.78826
0.78746
0.78665
0.78584
0.78503
0.78422
0.78341
0.7826
0.78178
0.78097
0.78016
0.77934
0.77852
0.77771
0.77689
0.77607
0.77525
0.77443
0.77361
0.7728
0.77198
0.77116
0.77034
0.76952
0.7687
0.76788
0.76706
0.76624
0.76542
0.7646
0.76378
0.76296
0.76215
0.76133
0.76051
0.7597
0.75888
0.75807
0.75726
0.75644
0.75563
0.75482
0.75401
0.7532
0.7524
0.75159
0.75079
0.74998
0.74918
0.74838
0.74758
0.74678
0.74599
0.74519
0.7444
0.74361
0.74282
0.74204
0.74125
0.74047
0.73969
0.73891
0.73813
0.73736
0.73658
0.73581
0.73505
0.73428
0.73352
0.73276
0.732
0.73124
0.73049
0.72974
0.72899
0.72825
0.7275
0.72676
0.72603
0.72529
0.72456
0.72384
0.72311
0.72239
0.72167
0.72096
0.72024
0.71953
0.71883
0.71813
0.71743
0.71673
0.71604
0.71535
0.71467
0.71398
0.71331
0.71263
0.71196
0.71129
0.71063
0.70997
0.70932
0.70866
0.70802
0.70737
0.70673
0.7061
0.70546
0.70484
0.70421
0.70359
0.70298
0.70236
0.70176
0.70115
0.70055
0.69996
0.69937
0.69878
0.6982
0.69762
0.69705
0.69648
0.69592
0.69536
0.6948
0.69425
0.69371
0.69317
0.69263
0.6921
0.69157
0.69105
0.69053
0.69002
0.68951
0.689
0.68851
0.68801
0.68752
0.68704
0.68656
0.68608
0.68561
0.68515
0.68469
0.68423
0.68378
0.68334
0.6829
0.68246
0.68203
0.6816
0.68118
0.68077
0.68036
0.67995
0.67955
0.67916
0.67877
0.67838
0.678
0.67763
0.67726
0.6769
0.67654
0.67618
0.67583
0.67549
0.67515
0.67482
0.67449
0.67417
0.67385
0.67354
0.67323
0.67293
0.67263
0.67234
0.67206
0.67177
0.6715
0.67123
0.67096
0.6707
0.67045
0.6702
0.66995
0.66971
0.66948
0.66925
0.66903
0.66881
0.6686
0.66839
0.66819
0.66799
0.6678
0.66761
0.66743
0.66725
0.66708
0.66691
0.66675
0.6666
0.66645
0.6663
0.66616
0.66603
0.66589
0.66577
0.66565
0.66554
0.66543
0.66532
0.66522
0.66513
0.66504
0.66495
0.66487
0.6648
0.66473
0.66467
0.66461
0.66455
0.6645
0.66446
0.66442
0.66438
0.66435
0.66433
0.66431
0.66429
0.66428
0.66428
0.66428
0.66428
0.66429
0.6643
0.66432
0.66434
0.66437
0.6644
0.66444
0.66448
0.66453
0.66458
0.66463
0.66469
0.66476
0.66483
0.6649
0.66498
0.66506
0.66515
0.66524
0.66533
0.66543
0.66554
0.66565
0.66576
0.66588
0.666
0.66612
0.66625
0.66639
0.66652
0.66667
0.66681
0.66696
0.66712
0.66728
0.66744
0.66761
0.66778
0.66795
0.66813
0.66831
0.6685
0.66869
0.66888
0.66908
0.66928
0.66948
0.66969
0.6699
0.67012
0.67034
0.67056
0.67079
0.67102
0.67125
0.67149
0.67173
0.67197
0.67222
0.67247
0.67272
0.67298
0.67324
0.6735
0.67377
0.67404
0.67431
0.67459
0.67487
0.67515
0.67543
0.67572
0.67601
0.67631
0.6766
0.6769
0.67721
0.67751
0.67782
0.67813
0.67844
0.67876
0.67908
0.6794
0.67972
0.68005
0.68038
0.68071
0.68104
0.68138
0.68172
0.68206
0.6824
0.68275
0.6831
0.68345
0.6838
0.68415
0.68451
0.68487
0.68523
0.68559
0.68596
0.68632
0.68669
0.68706
0.68743
0.68781
0.68818
0.68856
0.68894
0.68932
0.68971
0.69009
0.69048
0.69086
0.69125
0.69164
0.69204
0.69243
0.69283
0.69322
0.69362
0.69402
0.69442
0.69482
0.69523
0.69563
0.69604
0.69645
0.69685
0.69726
0.69767
0.69808
0.6985
0.69891
0.69933
0.69974
0.70016
0.70057
0.70099
0.70141
0.70183
0.70225
0.70267
0.7031
0.70352
0.70394
0.70437
0.70479
0.70522
0.70564
0.70607
0.7065
0.70692
0.70735
0.70778
0.70821
0.70864
0.70907
0.7095
0.70993
0.71036
0.71079
0.71122
0.71165
0.71208
0.71251
0.71295
0.71338
0.71381
0.71424
0.71468
0.71511
0.71554
0.71597
0.71641
0.71684
0.71727
0.7177
0.71814
0.71857
0.719
0.71943
0.71987
0.7203
0.72073
0.72116
0.72159
0.72202
0.72245
0.72288
0.72332
0.72375
0.72418
0.7246
0.72503
0.72546
0.72589
0.72632
0.72675
0.72717
0.7276
0.72803
0.72845
0.72888
0.7293
0.72973
0.73015
0.73058
0.731
0.73142
0.73185
0.73227
0.73269
0.73311
0.73353
0.73395
0.73437
0.73478
0.7352
0.73562
0.73604
0.73645
0.73687
0.73728
0.7377
0.73811
0.73852
0.73894
0.73935
0.73976
0.74017
0.74058
0.74099
0.74139
0.7418
0.74221
0.74262
0.74302
0.74343
0.74383
0.74423
0.74464
0.74504
0.74544
0.74584
0.74624
0.74664
0.74704
0.74744
0.74784
0.74823
0.74863
0.74903
0.74942
0.74982
0.75021
0.7506
0.751
0.75139
0.75178
0.75217
0.75256
0.75295
0.75334
0.75372
0.75411
0.7545
0.75488
0.75527
0.75565
0.75604
0.75642
0.75681
0.75719
0.75757
0.75795
0.75833
0.75871
0.75909
0.75947
0.75985
0.76023
0.76061
0.76099
0.76136
0.76174
0.76211
0.76249
0.76286
0.76324
0.76361
0.76399
0.76436
0.76473
0.76511
0.76548
0.76585
0.76622
0.76659
0.76696
0.76733
0.7677
0.76807
0.76844
0.76881
0.76918
0.76955
0.76992
0.77028
0.77065
0.77102
0.77139
0.77175
0.77212
0.77249
0.77285
0.77322
0.77359
0.77395
0.77432
0.77469
0.77505
0.77542
0.77578
0.77615
0.77651
0.77688
0.77724
0.77761
0.77798
0.77834
0.77871
0.77907
0.77944
0.7798
0.78017
0.78053
0.7809
0.78127
0.78163
0.782
0.78236
0.78273
0.7831
0.78346
0.78383
0.7842
0.78456
0.78493
0.7853
0.78567
0.78603
0.7864
0.78677
0.78714
0.78751
0.78788
0.78825
0.78862
0.78899
0.78936
0.78973
0.7901
0.79047
0.79085
0.79122
0.79159
0.79196
0.79234
0.79271
0.79308
0.79346
0.79383
0.79421
0.79459
0.79496
0.79534
0.79572
0.79609
0.79647
0.79685
0.79723
0.79761
0.79799
0.79837
0.79875
0.79913
0.79952
0.7999
0.80028
0.80067
0.80105
0.80144
0.80182
0.80221
0.80259
0.80298
0.80337
0.80376
0.80415
0.80453
0.80492
0.80532
0.80571
0.8061
0.80649
0.80688
0.80728
0.80767
0.80806
0.80846
0.80886
0.80925
0.80965
0.81005
0.81044
0.81084
0.81124
0.81164
0.81204
0.81244
0.81284
0.81324
0.81365
0.81405
0.81445
0.81486
0.81526
0.81567
0.81607
0.81648
0.81688
0.81729
0.8177
0.81811
0.81852
0.81893
0.81933
0.81974
0.82016
0.82057
0.82098
0.82139
0.8218
0.82221
0.82263
0.82304
0.82345
0.82387
0.82428
0.8247
0.82511
0.82553
0.82594
0.82636
0.82678
0.82719
0.82761
0.82803
0.82845
0.82886
0.82928
0.8297
0.83012
0.83054
0.83095
0.83137
0.83179
0.83221
0.83263
0.83305
0.83347
0.83389
0.83431
0.83473
0.83515
0.83557
0.83599
0.83641
0.83682
0.83724
0.83766
0.83808
0.8385
0.83892
0.83934
0.83976
0.84017
0.84059
0.84101
0.84143
0.84184
0.84226
0.84267
0.84309
0.84351
0.84392
0.84434
0.84475
0.84516
0.84558
0.84599
0.8464
0.84681
0.84722
0.84763
0.84804
0.84845
0.84886
0.84926
0.84967
0.85008
0.85048
0.85089
0.85129
0.85169
0.85209
0.85249
0.85289
0.85329
0.85369
0.85408
0.85448
0.85487
0.85527
0.85566
0.85605
0.85644
0.85683
0.85721
0.8576
0.85798
0.85837
0.85875
0.85913
0.85951
0.85988
0.86026
0.86063
0.861
0.86138
0.86174
0.86211
0.86248
0.86284
0.8632
0.86356
0.86392
0.86428
0.86464
0.86499
0.86534
0.86569
0.86604
0.86638
0.86672
0.86707
0.8674
0.86774
0.86808
0.86841
0.86874
0.86907
0.86939
0.86971
0.87004
0.87035
0.87067
0.87098
0.87129
0.8716
0.87191
0.87221
0.87251
0.87281
0.87311
0.8734
0.87369
0.87397
0.87426
0.87454
0.87482
0.87509
0.87537
0.87564
0.8759
0.87617
0.87643
0.87668
0.87694
0.87719
0.87744
0.87768
0.87792
0.87816
0.8784
0.87863
0.87886
0.87908
0.8793
0.87952
0.87973
0.87995
0.88015
0.88036
0.88056
0.88075
0.88095
0.88113
0.88132
0.8815
0.88168
0.88185
0.88202
0.88219
0.88235
0.88251
0.88267
0.88282
0.88296
0.8831
0.88324
0.88338
0.88351
0.88363
0.88376
0.88387
0.88399
0.8841
0.8842
0.8843
0.8844
0.88449
0.88458
0.88466
0.88474
0.88481
0.88488
0.88495
0.88501
0.88507
0.88512
0.88517
0.88521
0.88525
0.88528
0.88531
0.88533
0.88535
0.88537
0.88538
0.88538
0.88538
0.88538
0.88537
0.88536
0.88534
0.88531
0.88529
0.88525
0.88521
0.88517
0.88512
0.88507
0.88501
0.88495
0.88488
0.88481
0.88473
0.88464
0.88455
0.88446
0.88436
0.88426
0.88415
0.88404
0.88392
0.88379
0.88366
0.88353
0.88339
0.88324
0.88309
0.88293
0.88277
0.88261
0.88244
0.88226
0.88208
0.88189
0.8817
0.8815
0.88129
0.88109
0.88087
0.88065
0.88043
0.8802
0.87996
0.87972
0.87948
0.87922
0.87897
0.8787
0.87844
0.87816
0.87789
0.8776
0.87731
0.87702
0.87672
0.87641
0.8761
0.87579
0.87547
0.87514
0.87481
0.87447
0.87413
0.87378
0.87342
0.87307
0.8727
0.87233
0.87196
0.87158
0.87119
0.8708
0.8704
0.87
0.86959
0.86918
0.86876
0.86834
0.86791
0.86748
0.86704
0.8666
0.86615
0.86569
0.86523
0.86477
0.8643
0.86382
0.86334
0.86286
0.86236
0.86187
0.86137
0.86086
0.86035
0.85983
0.85931
0.85879
0.85825
0.85772
0.85717
0.85663
0.85608
0.85552
0.85496
0.85439
0.85382
0.85324
0.85266
0.85208
0.85148
0.85089
0.85029
0.84968
0.84907
0.84846
0.84784
0.84721
0.84658
0.84595
0.84531
0.84467
0.84402
0.84337
0.84271
0.84205
0.84139
0.84072
0.84004
0.83936
0.83868
0.83799
0.8373
0.8366
0.8359
0.8352
0.83449
0.83377
0.83306
0.83233
0.83161
0.83088
0.83014
0.82941
0.82866
0.82792
0.82717
0.82641
0.82565
0.82489
0.82413
0.82336
0.82258
0.82181
0.82103
0.82024
0.81945
0.81866
0.81787
0.81707
0.81627
0.81546
0.81465
0.81384
0.81302
0.8122
0.81138
0.81055
0.80972
0.80889
0.80806
0.80722
0.80638
0.80553
0.80468
0.80383
0.80298
0.80212
0.80126
0.8004
0.79953
0.79866
0.79779
0.79692
0.79604
0.79516
0.79428
0.7934
0.79251
0.79162
0.79073
0.78983
0.78894
0.78804
0.78714
0.78623
0.78533
0.78442
0.78351
0.7826
0.78168
0.78077
0.77985
0.77893
0.77801
0.77708
0.77616
0.77523
0.7743
0.77337
0.77244
0.7715
0.77057
0.76963
0.76869
0.76775
0.76681
0.76587
0.76492
0.76398
0.76303
0.76208
0.76113
0.76018
0.75923
0.75828
0.75733
0.75637
0.75542
0.75446
0.7535
0.75254
0.75158
0.75063
0.74966
0.7487
0.74774
0.74678
0.74582
0.74486
0.74389
0.74293
0.74196
0.741
0.74003
0.73907
0.7381
0.73714
0.73617
0.73521
0.73424
0.73328
0.73231
0.73135
0.73038
0.72942
0.72845
0.72749
0.72652
0.72556
0.7246
0.72363
0.72267
0.72171
0.72075
0.71979
0.71883
0.71787
0.71691
0.71595
0.71499
0.71404
0.71308
0.71213
0.71118
0.71022
0.70927
0.70832
0.70737
0.70642
0.70548
0.70453
0.70359
0.70264
0.7017
0.70076
0.69982
0.69889
0.69795
0.69702
0.69608
0.69515
0.69422
0.69329
0.69237
0.69144
0.69052
0.6896
0.68868
0.68777
0.68685
0.68594
0.68503
0.68412
0.68321
0.68231
0.68141
0.68051
0.67961
0.67872
0.67782
0.67693
0.67604
0.67516
0.67427
0.67339
0.67252
0.67164
0.67077
0.6699
0.66903
0.66817
0.6673
0.66644
0.66559
0.66473
0.66388
0.66304
0.66219
0.66135
0.66051
0.65967
0.65884
0.65801
0.65719
0.65636
0.65554
0.65473
0.65391
0.6531
0.6523
0.65149
0.65069
0.6499
0.64911
0.64832
0.64753
0.64675
0.64597
0.64519
0.64442
0.64366
0.64289
0.64213
0.64138
0.64062
0.63987
0.63913
0.63839
0.63765
0.63692
0.63619
0.63546
0.63474
0.63403
0.63331
0.6326
0.6319
0.6312
0.6305
0.62981
0.62912
0.62844
0.62776
0.62709
0.62642
0.62575
0.62509
0.62443
0.62378
0.62313
0.62249
0.62185
0.62121
0.62058
0.61996
0.61933
0.61872
0.61811
0.6175
0.6169
0.6163
0.61571
0.61512
0.61454
0.61396
0.61338
0.61282
0.61225
0.61169
0.61114
0.61059
0.61005
0.60951
0.60897
0.60844
0.60792
0.6074
0.60689
0.60638
0.60588
0.60538
0.60489
0.6044
0.60392
0.60344
0.60297
0.6025
0.60204
0.60158
0.60113
0.60068
0.60024
0.59981
0.59938
0.59896
0.59854
0.59812
0.59772
0.59731
0.59692
0.59653
0.59614
0.59576
0.59539
0.59502
0.59465
0.5943
0.59394
0.5936
0.59326
0.59292
0.59259
0.59227
0.59195
0.59164
0.59133
0.59103
0.59073
0.59045
0.59016
0.58988
0.58961
0.58935
0.58908
0.58883
0.58858
0.58834
0.5881
0.58787
0.58765
0.58743
0.58721
0.58701
0.5868
0.58661
0.58642
0.58624
0.58606
0.58589
0.58572
0.58556
0.58541
0.58526
0.58512
0.58498
0.58485
0.58473
0.58461
0.5845
0.5844
0.5843
0.58421
0.58412
0.58404
0.58397
0.5839
0.58384
0.58378
0.58373
0.58369
0.58365
0.58362
0.58359
0.58357
0.58356
0.58356
0.58356
0.58356
0.58357
0.58359
0.58362
0.58365
0.58369
0.58373
0.58378
0.58384
0.5839
0.58397
0.58404
0.58412
0.58421
0.5843
0.5844
0.58451
0.58462
0.58474
0.58487
0.585
0.58514
0.58528
0.58543
0.58559
0.58575
0.58592
0.5861
0.58628
0.58647
0.58666
0.58686
0.58707
0.58729
0.58751
0.58773
0.58796
0.5882
0.58845
0.5887
0.58896
0.58922
0.58949
0.58977
0.59005
0.59034
0.59064
0.59094
0.59125
0.59157
0.59189
0.59221
0.59255
0.59289
0.59323
0.59359
0.59395
0.59431
0.59468
0.59506
0.59544
0.59583
0.59623
0.59663
0.59704
0.59746
0.59788
0.59831
0.59874
0.59918
0.59963
0.60008
0.60054
0.601
0.60148
0.60195
0.60244
0.60293
0.60342
0.60392
0.60443
0.60495
0.60547
0.60599
0.60653
0.60707
0.60761
0.60816
0.60872
0.60928
0.60985
0.61043
0.61101
0.61159
0.61219
0.61279
0.61339
0.614
0.61462
0.61524
0.61587
0.61651
0.61715
0.61779
0.61845
0.6191
0.61977
0.62044
0.62111
0.6218
0.62248
0.62318
0.62388
0.62458
0.62529
0.62601
0.62673
0.62746
0.62819
0.62893
0.62967
0.63042
0.63118
0.63194
0.63271
0.63348
0.63426
0.63504
0.63583
0.63663
0.63743
0.63823
0.63904
0.63986
0.64068
0.6415
0.64234
0.64317
0.64402
0.64486
0.64572
0.64658
0.64744
0.64831
0.64918
0.65006
0.65094
0.65183
0.65273
0.65363
0.65453
0.65544
0.65635
0.65727
0.6582
0.65913
0.66006
0.661
0.66194
0.66289
0.66384
0.6648
0.66576
0.66673
0.6677
0.66867
0.66965
0.67064
0.67163
0.67262
0.67362
0.67462
0.67563
0.67664
0.67766
0.67868
0.6797
0.68073
0.68176
0.6828
0.68384
0.68488
0.68593
0.68698
0.68804
0.6891
0.69017
0.69124
0.69231
0.69338
0.69446
0.69555
0.69664
0.69773
0.69882
0.69992
0.70102
0.70213
0.70324
0.70435
0.70546
0.70658
0.70771
0.70883
0.70996
0.71109
0.71223
0.71337
0.71451
0.71565
0.7168
0.71795
0.71911
0.72026
0.72142
0.72258
0.72375
0.72492
0.72609
0.72726
0.72844
0.72961
0.73079
0.73198
0.73316
0.73435
0.73554
0.73673
0.73793
0.73913
0.74033
0.74153
0.74273
0.74394
0.74514
0.74635
0.74756
0.74878
0.74999
0.75121
0.75243
0.75365
0.75487
0.75609
0.75732
0.75854
0.75977
0.761
0.76223
0.76346
0.7647
0.76593
0.76717
0.7684
0.76964
0.77088
0.77212
0.77336
0.7746
0.77584
0.77709
0.77833
0.77957
0.78082
0.78207
0.78331
0.78456
0.7858
0.78705
0.7883
0.78955
0.7908
0.79205
0.79329
0.79454
0.79579
0.79704
0.79829
0.79954
0.80079
0.80203
0.80328
0.80453
0.80578
0.80702
0.80827
0.80952
0.81076
0.81201
0.81325
0.81449
0.81574
0.81698
0.81822
0.81946
0.8207
0.82194
0.82317
0.82441
0.82564
0.82688
0.82811
0.82934
0.83057
0.8318
0.83302
0.83425
0.83547
0.83669
0.83791
0.83913
0.84035
0.84157
0.84278
0.84399
0.8452
0.84641
0.84761
0.84882
0.85002
0.85122
0.85241
0.85361
0.8548
0.85599
0.85718
0.85836
0.85954
0.86072
0.8619
0.86307
0.86425
0.86541
0.86658
0.86774
0.8689
0.87006
0.87122
0.87237
0.87352
0.87466
0.8758
0.87694
0.87808
0.87921
0.88034
0.88146
0.88259
0.88371
0.88482
0.88593
0.88704
0.88814
0.88924
0.89034
0.89143
0.89252
0.89361
0.89469
0.89577
0.89684
0.89791
0.89897
0.90004
0.90109
0.90215
0.90319
0.90424
0.90528
0.90631
0.90735
0.90837
0.90939
0.91041
0.91143
0.91243
0.91344
0.91444
0.91543
0.91642
0.91741
0.91839
0.91936
0.92033
0.9213
0.92226
0.92322
0.92417
0.92511
0.92605
0.92699
0.92792
0.92885
0.92977
0.93068
0.93159
0.93249
0.93339
0.93429
0.93518
0.93606
0.93694
0.93781
0.93867
0.93953
0.94039
0.94124
0.94208
0.94292
0.94376
0.94458
0.9454
0.94622
0.94703
0.94783
0.94863
0.94942
0.95021
0.95099
0.95177
0.95253
0.9533
0.95405
0.9548
0.95555
0.95629
0.95702
0.95775
0.95847
0.95918
0.95989
0.96059
0.96129
0.96198
0.96266
0.96334
0.96401
0.96468
0.96533
0.96599
0.96663
0.96727
0.96791
0.96853
0.96915
0.96977
0.97038
0.97098
0.97157
0.97216
0.97274
0.97332
0.97389
0.97445
0.97501
0.97556
0.9761
0.97664
0.97717
0.9777
0.97821
0.97872
0.97923
0.97973
0.98022
0.9807
0.98118
0.98165
0.98212
0.98258
0.98303
0.98348
0.98392
0.98435
0.98478
0.9852
0.98561
0.98602
0.98642
0.98681
0.9872
0.98758
0.98795
0.98832
0.98868
0.98903
0.98938
0.98972
0.99006
0.99039
0.99071
0.99102
0.99133
0.99164
0.99193
0.99222
0.9925
0.99278
0.99305
0.99332
0.99357
0.99382
0.99407
0.99431
0.99454
0.99476
0.99498
0.9952
0.9954
0.9956
0.9958
0.99599
0.99617
0.99634
0.99651
0.99668
0.99683
0.99698
0.99713
0.99727
0.9974
0.99753
0.99765
0.99776
0.99787
0.99797
0.99807
0.99816
0.99824
0.99832
0.99839
0.99846
0.99852
0.99857
0.99862
0.99867
0.9987
0.99873
0.99876
0.99878
0.9988
0.99881
0.99881
0.99881
0.9988
0.99879
0.99877
0.99874
0.99871
0.99868
0.99864
0.99859
0.99854
0.99849
0.99843
0.99836
0.99829
0.99821
0.99813
0.99804
0.99795
0.99785
0.99775
0.99764
0.99753
0.99741
0.99729
0.99717
0.99703
0.9969
0.99676
0.99661
0.99646
0.99631
0.99615
0.99598
0.99582
0.99564
0.99547
0.99528
0.9951
0.99491
0.99471
0.99452
0.99431
0.99411
0.9939
0.99368
0.99346
0.99324
0.99301
0.99278
0.99255
0.99231
0.99207
0.99182
0.99157
0.99132
0.99106
0.9908
0.99054
0.99027
0.99
0.98972
0.98945
0.98917
0.98888
0.9886
0.9883
0.98801
0.98772
0.98742
0.98711
0.98681
0.9865
0.98619
0.98588
0.98556
0.98524
0.98492
0.98459
0.98427
0.98394
0.98361
0.98327
0.98294
0.9826
0.98226
0.98191
0.98157
0.98122
0.98087
0.98052
0.98017
0.97981
0.97945
0.97909
0.97873
0.97837
0.97801
0.97764
0.97727
0.97691
0.97654
0.97616
0.97579
0.97542
0.97504
0.97466
0.97429
0.97391
0.97353
0.97315
0.97276
0.97238
0.972
0.97161
0.97123
0.97084
0.97045
0.97007
0.96968
0.96929
0.9689
0.96851
0.96812
0.96773
0.96734
0.96695
0.96656
0.96617
0.96578
0.96539
0.965
0.96461
0.96422
0.96383
0.96344
0.96305
0.96266
0.96227
0.96189
0.9615
0.96111
0.96072
0.96034
0.95995
0.95957
0.95919
0.9588
0.95842
0.95804
0.95766
0.95728
0.95691
0.95653
0.95616
0.95578
0.95541
0.95504
0.95467
0.9543
0.95394
0.95357
0.95321
0.95285
0.95249
0.95213
0.95177
0.95142
0.95107
0.95072
0.95037
0.95002
0.94968
0.94933
0.949
0.94866
0.94832
0.94799
0.94766
0.94733
0.94701
0.94668
0.94636
0.94605
0.94573
0.94542
0.94511
0.9448
0.9445
0.9442
0.9439
0.94361
0.94331
0.94303
0.94274
0.94246
0.94218
0.9419
0.94163
0.94136
0.9411
0.94084
0.94058
0.94032
0.94007
0.93982
0.93958
0.93934
0.9391
0.93887
0.93864
0.93842
0.9382
0.93798
0.93777
0.93756
0.93735
0.93715
0.93696
0.93676
0.93658
0.93639
0.93621
0.93604
0.93587
0.9357
0.93554
0.93539
0.93524
0.93509
0.93495
0.93481
0.93468
0.93455
0.93442
0.93431
0.93419
0.93408
0.93398
0.93388
0.93379
0.9337
0.93362
0.93354
0.93347
0.9334
0.93334
0.93328
0.93323
0.93318
0.93314
0.93311
0.93308
0.93305
0.93304
0.93302
0.93302
0.93302
0.93302
0.93303
0.93305
0.93307
0.93309
0.93313
0.93317
0.93321
0.93326
0.93332
0.93339
0.93345
0.93353
0.93361
0.9337
0.93379
0.93389
0.934
0.93411
0.93423
0.93436
0.93449
0.93463
0.93477
0.93492
0.93508
0.93525
0.93542
0.93559
0.93578
0.93597
0.93617
0.93637
0.93658
0.9368
0.93702
0.93725
0.93749
0.93774
0.93799
0.93825
0.93851
0.93878
0.93906
0.93935
0.93964
0.93994
0.94025
0.94056
0.94089
0.94121
0.94155
0.94189
0.94224
0.9426
0.94296
0.94334
0.94372
0.9441
0.9445
0.9449
0.9453
0.94572
0.94614
0.94657
0.94701
0.94746
0.94791
0.94837
0.94884
0.94931
0.9498
0.95029
0.95078
0.95129
0.9518
0.95232
0.95285
0.95339
0.95393
0.95448
0.95504
0.95561
0.95618
0.95676
0.95735
0.95795
0.95855
0.95917
0.95979
0.96042
0.96105
0.9617
0.96235
0.96301
0.96368
0.96435
0.96504
0.96573
0.96643
0.96713
0.96785
0.96857
0.9693
0.97004
0.97079
0.97154
0.9723
0.97307
0.97385
0.97464
0.97543
0.97623
0.97704
0.97786
0.97869
0.97952
0.98036
0.98121
0.98207
0.98293
0.98381
0.98469
0.98558
0.98648
0.98738
0.9883
0.98922
0.99015
0.99109
0.99203
0.99298
0.99395
0.99492
0.99589
0.99688
0.99787
0.99887
0.99988
1.0009
1.0019
1.003
1.004
1.005
1.0061
1.0072
1.0082
1.0093
1.0104
1.0115
1.0126
1.0137
1.0148
1.016
1.0171
1.0182
1.0194
1.0206
1.0217
1.0229
1.0241
1.0253
1.0265
1.0277
1.0289
1.0301
1.0313
1.0326
1.0338
1.0351
1.0363
1.0376
1.0389
1.0401
1.0414
1.0427
1.044
1.0453
1.0466
1.048
1.0493
1.0506
1.052
1.0533
1.0547
1.0561
1.0575
1.0588
1.0602
1.0616
1.063
1.0644
1.0659
1.0673
1.0687
1.0702
1.0716
1.0731
1.0745
1.076
1.0775
1.0789
1.0804
1.0819
1.0834
1.0849
1.0864
1.088
1.0895
1.091
1.0926
1.0941
1.0957
1.0972
1.0988
1.1003
1.1019
1.1035
1.1051
1.1067
1.1083
1.1099
1.1115
1.1131
1.1148
1.1164
1.118
1.1197
1.1213
1.123
1.1246
1.1263
1.128
1.1296
1.1313
1.133
1.1347
1.1364
1.1381
1.1398
1.1415
1.1432
1.1449
1.1467
1.1484
1.1501
1.1519
1.1536
1.1554
1.1571
1.1589
1.1606
1.1624
1.1642
1.166
1.1677
1.1695
1.1713
1.1731
1.1749
1.1767
1.1785
1.1803
1.1821
1.1839
1.1857
1.1876
1.1894
1.1912
1.193
1.1949
1.1967
1.1985
1.2004
1.2022
1.2041
1.2059
1.2078
1.2096
1.2115
1.2133
1.2152
1.2171
1.2189
1.2208
1.2227
1.2245
1.2264
1.2283
1.2302
1.232
1.2339
1.2358
1.2377
1.2396
1.2415
1.2433
1.2452
1.2471
1.249
1.2509
1.2528
1.2547
1.2566
1.2585
1.2604
1.2622
1.2641
1.266
1.2679
1.2698
1.2717
1.2736
1.2755
1.2774
1.2793
1.2812
1.283
1.2849
1.2868
1.2887
1.2906
1.2925
1.2944
1.2962
1.2981
1.3
1.3019
1.3037
1.3056
1.3075
1.3094
1.3112
1.3131
1.3149
1.3168
1.3187
1.3205
1.3224
1.3242
1.326
1.3279
1.3297
1.3316
1.3334
1.3352
1.337
1.3389
1.3407
1.3425
1.3443
1.3461
1.3479
1.3497
1.3515
1.3533
1.3551
1.3568
1.3586
1.3604
1.3622
1.3639
1.3657
1.3674
1.3692
1.3709
1.3726
1.3744
1.3761
1.3778
1.3795
1.3812
1.3829
1.3846
1.3863
1.3879
1.3896
1.3913
1.3929
1.3946
1.3962
1.3979
1.3995
1.4011
1.4027
1.4043
1.4059
1.4075
1.4091
1.4107
1.4123
1.4138
1.4154
1.4169
1.4185
1.42
1.4215
1.423
1.4245
1.426
1.4275
1.429
1.4305
1.4319
1.4334
1.4348
1.4362
1.4377
1.4391
1.4405
1.4419
1.4432
1.4446
1.446
1.4473
1.4487
1.45
1.4513
1.4526
1.4539
1.4552
1.4565
1.4578
1.459
1.4603
1.4615
1.4627
1.4639
1.4651
1.4663
1.4675
1.4687
1.4698
1.471
1.4721
1.4732
1.4743
1.4754
1.4765
1.4776
1.4787
1.4797
1.4807
1.4818
1.4828
1.4838
1.4848
1.4857
1.4867
1.4876
1.4886
1.4895
1.4904
1.4913
1.4922
1.4931
1.4939
1.4948
1.4956
1.4964
1.4972
1.498
1.4988
1.4995
1.5003
1.501
1.5017
1.5025
1.5032
1.5038
1.5045
1.5052
1.5058
1.5064
1.507
1.5076
1.5082
1.5088
1.5093
1.5099
1.5104
1.5109
1.5114
1.5119
1.5123
1.5128
1.5132
1.5137
1.5141
1.5145
1.5148
1.5152
1.5156
1.5159
1.5162
1.5165
1.5168
1.5171
1.5173
1.5176
1.5178
1.518
1.5182
1.5184
1.5186
1.5188
1.5189
1.519
1.5191
1.5192
1.5193
1.5194
1.5194
1.5195
1.5195
1.5195
1.5195
1.5195
1.5194
1.5194
1.5193
1.5192
1.5191
1.519
1.5189
1.5187
1.5186
1.5184
1.5182
1.518
1.5178
1.5175
1.5173
1.517
1.5167
1.5165
1.5161
1.5158
1.5155
1.5151
1.5148
1.5144
1.514
1.5136
1.5131
1.5127
1.5122
1.5118
1.5113
1.5108
1.5103
1.5097
1.5092
1.5086
1.5081
1.5075
1.5069
1.5063
1.5056
1.505
1.5043
1.5036
1.503
1.5023
1.5015
1.5008
1.5001
1.4993
1.4985
1.4978
1.497
1.4962
1.4953
1.4945
1.4936
1.4928
1.4919
1.491
1.4901
1.4892
1.4883
1.4873
1.4864
1.4854
1.4844
1.4834
1.4824
1.4814
1.4803
1.4793
1.4782
1.4772
1.4761
1.475
1.4739
1.4727
1.4716
1.4705
1.4693
1.4681
1.467
1.4658
1.4646
1.4634
1.4621
1.4609
1.4596
1.4584
1.4571
1.4558
1.4545
1.4532
1.4519
1.4506
1.4492
1.4479
1.4465
1.4452
1.4438
1.4424
1.441
1.4396
1.4382
1.4367
1.4353
1.4339
1.4324
1.4309
1.4295
1.428
1.4265
1.425
1.4235
1.4219
1.4204
1.4189
1.4173
1.4157
1.4142
1.4126
1.411
1.4094
1.4078
1.4062
1.4046
1.403
1.4013
1.3997
1.398
1.3964
1.3947
1.3931
1.3914
1.3897
1.388
1.3863
1.3846
1.3829
1.3812
1.3794
1.3777
1.376
1.3742
1.3725
1.3707
1.3689
1.3672
1.3654
1.3636
1.3618
1.36
1.3582
1.3564
1.3546
1.3528
1.351
1.3492
1.3473
1.3455
1.3437
1.3418
1.34
1.3381
1.3363
1.3344
1.3326
1.3307
1.3288
1.3269
1.3251
1.3232
1.3213
1.3194
1.3175
1.3156
1.3137
1.3118
1.3099
1.308
1.3061
1.3042
1.3023
1.3003
1.2984
1.2965
1.2946
1.2926
1.2907
1.2888
1.2868
1.2849
1.283
1.281
1.2791
1.2771
1.2752
1.2733
1.2713
1.2694
1.2674
1.2655
1.2635
1.2616
1.2596
1.2577
1.2557
1.2538
1.2518
1.2499
1.2479
1.246
1.244
1.242
1.2401
1.2381
1.2362
1.2342
1.2323
1.2303
1.2284
1.2264
1.2245
1.2225
1.2206
1.2186
1.2167
1.2148
1.2128
1.2109
1.2089
1.207
1.2051
1.2031
1.2012
1.1992
1.1973
1.1954
1.1935
1.1915
1.1896
1.1877
1.1858
1.1839
1.1819
1.18
1.1781
1.1762
1.1743
1.1724
1.1705
1.1686
1.1667
1.1648
1.1629
1.1611
1.1592
1.1573
1.1554
1.1536
1.1517
1.1498
1.148
1.1461
1.1442
1.1424
1.1405
1.1387
1.1369
1.135
1.1332
1.1314
1.1295
1.1277
1.1259
1.1241
1.1223
1.1205
1.1187
1.1169
1.1151
1.1133
1.1115
1.1097
1.108
1.1062
1.1044
1.1027
1.1009
1.0991
1.0974
1.0957
1.0939
1.0922
1.0905
1.0887
1.087
1.0853
1.0836
1.0819
1.0802
1.0785
1.0768
1.0751
1.0734
1.0718
1.0701
1.0684
1.0668
1.0651
1.0635
1.0618
1.0602
1.0586
1.0569
1.0553
1.0537
1.0521
1.0505
1.0489
1.0473
1.0457
1.0441
1.0426
1.041
1.0394
1.0379
1.0363
1.0348
1.0332
1.0317
1.0302
1.0286
1.0271
1.0256
1.0241
1.0226
1.0211
1.0196
1.0181
1.0167
1.0152
1.0137
1.0123
1.0108
1.0094
1.0079
1.0065
1.0051
1.0037
1.0022
1.0008
0.99943
0.99804
0.99665
0.99526
0.99388
0.99251
0.99115
0.98979
0.98843
0.98709
0.98575
0.98441
0.98308
0.98176
0.98045
0.97914
0.97783
0.97654
0.97525
0.97396
0.97268
0.97141
0.97015
0.96889
0.96764
0.96639
0.96515
0.96392
0.96269
0.96147
0.96026
0.95905
0.95785
0.95665
0.95547
0.95428
0.95311
0.95194
0.95078
0.94962
0.94847
0.94733
0.94619
0.94506
0.94394
0.94282
0.94171
0.9406
0.9395
0.93841
0.93733
0.93625
0.93518
0.93411
0.93305
0.932
0.93095
0.92991
0.92888
0.92785
0.92683
0.92581
0.92481
0.9238
0.92281
0.92182
0.92084
0.91986
0.91889
0.91793
0.91697
0.91602
0.91508
0.91414
0.91321
0.91229
0.91137
0.91046
0.90955
0.90865
0.90776
0.90688
0.906
0.90512
0.90426
0.9034
0.90254
0.9017
0.90086
0.90002
0.89919
0.89837
0.89756
0.89675
0.89595
0.89515
0.89436
0.89358
0.8928
0.89203
0.89127
0.89051
0.88976
0.88901
0.88827
0.88754
0.88681
0.88609
0.88538
0.88467
0.88397
0.88328
0.88259
0.88191
0.88124
0.88057
0.8799
0.87925
0.8786
0.87795
0.87732
0.87669
0.87606
0.87544
0.87483
0.87423
0.87363
0.87303
0.87245
0.87187
0.87129
0.87072
0.87016
0.86961
0.86906
0.86851
0.86798
0.86745
0.86692
0.8664
0.86589
0.86539
0.86489
0.8644
0.86391
0.86343
0.86295
0.86249
0.86202
0.86157
0.86112
0.86068
0.86024
0.85981
0.85938
0.85897
0.85855
0.85815
0.85775
0.85735
0.85697
0.85659
0.85621
0.85584
0.85548
0.85512
0.85477
0.85443
0.85409
0.85376
0.85343
0.85311
0.8528
0.85249
0.85219
0.85189
0.8516
0.85132
0.85104
0.85077
0.85051
0.85025
0.85
0.84975
0.84951
0.84928
0.84905
0.84883
0.84861
0.8484
0.84819
0.848
0.8478
0.84762
0.84744
0.84726
0.8471
0.84693
0.84678
0.84663
0.84649
0.84635
0.84622
0.84609
0.84597
0.84586
0.84575
0.84564
0.84555
0.84546
0.84537
