0.95879
0.95974
0.9607
0.96167
0.96264
0.96361
0.96458
0.96556
0.96655
0.96753
0.96852
0.96951
0.9705
0.9715
0.97249
0.97349
0.97449
0.9755
0.9765
0.9775
0.97851
0.97951
0.98052
0.98153
0.98253
0.98354
0.98455
0.98555
0.98655
0.98756
0.98856
0.98956
0.99056
0.99156
0.99255
0.99354
0.99453
0.99552
0.9965
0.99748
0.99846
0.99944
1.0004
1.0014
1.0023
1.0033
1.0042
1.0052
1.0061
1.0071
1.008
1.0089
1.0098
1.0108
1.0117
1.0126
1.0135
1.0143
1.0152
1.0161
1.017
1.0178
1.0187
1.0195
1.0203
1.0211
1.022
1.0228
1.0236
1.0243
1.0251
1.0259
1.0266
1.0274
1.0281
1.0288
1.0295
1.0302
1.0309
1.0316
1.0323
1.0329
1.0336
1.0342
1.0348
1.0354
1.036
1.0366
1.0372
1.0377
1.0383
1.0388
1.0393
1.0398
1.0403
1.0408
1.0413
1.0417
1.0421
1.0426
1.043
1.0434
1.0437
1.0441
1.0445
1.0448
1.0451
1.0454
1.0457
1.046
1.0462
1.0465
1.0467
1.0469
1.0471
1.0473
1.0475
1.0476
1.0478
1.0479
1.048
1.0481
1.0482
1.0482
1.0483
1.0483
1.0484
1.0484
1.0483
1.0483
1.0483
1.0482
1.0482
1.0481
1.048
1.0479
1.0477
1.0476
1.0474
1.0473
1.0471
1.0469
1.0467
1.0464
1.0462
1.046
1.0457
1.0454
1.0451
1.0448
1.0445
1.0442
1.0438
1.0435
1.0431
1.0427
1.0423
1.0419
1.0415
1.0411
1.0407
1.0402
1.0398
1.0393
1.0388
1.0383
1.0378
1.0373
1.0368
1.0363
1.0358
1.0352
1.0347
1.0341
1.0336
1.033
1.0324
1.0318
1.0313
1.0307
1.0301
1.0294
1.0288
1.0282
1.0276
1.027
1.0263
1.0257
1.025
1.0244
1.0237
1.0231
1.0224
1.0218
1.0211
1.0205
1.0198
1.0191
1.0185
1.0178
1.0171
1.0165
1.0158
1.0151
1.0145
1.0138
1.0131
1.0125
1.0118
1.0111
1.0105
1.0098
1.0092
1.0085
1.0079
1.0072
1.0066
1.0059
1.0053
1.0047
1.004
1.0034
1.0028
1.0022
1.0016
1.001
1.0004
0.99982
0.99924
0.99867
0.9981
0.99754
0.99699
0.99644
0.99591
0.99538
0.99485
0.99434
0.99383
0.99334
0.99285
0.99237
0.99189
0.99143
0.99098
0.99053
0.9901
0.98967
0.98925
0.98884
0.98845
0.98806
0.98768
0.98731
0.98695
0.9866
0.98626
0.98593
0.98561
0.9853
0.985
0.98471
0.98444
0.98417
0.98391
0.98366
0.98342
0.98319
0.98297
0.98276
0.98256
0.98237
0.98219
0.98202
0.98186
0.98171
0.98157
0.98144
0.98131
0.9812
0.98109
0.98099
0.98091
0.98083
0.98075
0.98069
0.98064
0.98059
0.98055
0.98051
0.98049
0.98047
0.98046
0.98045
0.98045
0.98046
0.98047
0.98049
0.98051
0.98054
0.98058
0.98061
0.98066
0.9807
0.98075
0.9808
0.98086
0.98092
0.98098
0.98104
0.98111
0.98118
0.98124
0.98131
0.98138
0.98145
0.98152
0.98159
0.98165
0.98172
0.98178
0.98184
0.9819
0.98196
0.98201
0.98206
0.98211
0.98215
0.98218
0.98222
0.98224
0.98226
0.98227
0.98228
0.98228
0.98227
0.98225
0.98223
0.98219
0.98215
0.9821
0.98203
0.98196
0.98188
0.98178
0.98167
0.98155
0.98142
0.98128
0.98112
0.98095
0.98076
0.98056
0.98035
0.98012
0.97987
0.97961
0.97933
0.97904
0.97873
0.9784
0.97805
0.97769
0.9773
0.9769
0.97648
0.97604
0.97558
0.9751
0.9746
0.97408
0.97354
0.97297
0.97239
0.97178
0.97116
0.97051
0.96984
0.96914
0.96842
0.96768
0.96692
0.96613
0.96532
0.96448
0.96362
0.96274
0.96183
0.9609
0.95995
0.95897
0.95796
0.95693
0.95587
0.95479
0.95369
0.95256
0.9514
0.95022
0.94901
0.94778
0.94653
0.94524
0.94394
0.94261
0.94125
0.93987
0.93846
0.93703
0.93557
0.93409
0.93258
0.93105
0.9295
0.92792
0.92632
0.92469
0.92304
0.92137
0.91968
0.91796
0.91622
0.91445
0.91267
0.91086
0.90903
0.90718
0.9053
0.90341
0.9015
0.89956
0.89761
0.89564
0.89364
0.89163
0.8896
0.88756
0.88549
0.88341
0.88131
0.87919
0.87706
0.87491
0.87275
0.87057
0.86838
0.86617
0.86395
0.86172
0.85947
0.85722
0.85495
0.85267
0.85038
0.84808
0.84577
0.84345
0.84112
0.83878
0.83643
0.83408
0.83172
0.82936
0.82699
0.82461
0.82223
0.81985
0.81746
0.81507
0.81268
0.81028
0.80788
0.80548
0.80308
0.80069
0.79829
0.79589
0.79349
0.7911
0.78871
0.78632
0.78394
0.78155
0.77918
0.77681
0.77444
0.77208
0.76973
0.76738
0.76504
0.76271
0.76039
0.75808
0.75577
0.75348
0.75119
0.74892
0.74666
0.74441
0.74217
0.73994
0.73773
0.73553
0.73334
0.73117
0.72901
0.72686
0.72473
0.72262
0.72052
0.71844
0.71638
0.71433
0.7123
0.71029
0.70829
0.70631
0.70436
0.70242
0.7005
0.6986
0.69672
0.69485
0.69301
0.69119
0.68939
0.68762
0.68586
0.68412
0.68241
0.68072
0.67905
0.6774
0.67578
0.67417
0.67259
0.67104
0.66951
0.668
0.66651
0.66505
0.66361
0.6622
0.66081
0.65944
0.6581
0.65678
0.65549
0.65422
0.65298
0.65176
0.65057
0.6494
0.64826
0.64714
0.64605
0.64498
0.64394
0.64293
0.64194
0.64097
0.64003
0.63912
0.63823
0.63737
0.63653
0.63572
0.63493
0.63417
0.63343
0.63272
0.63204
0.63138
0.63075
0.63014
0.62956
0.629
0.62847
0.62796
0.62748
0.62702
0.62659
0.62618
0.6258
0.62544
0.62511
0.62481
0.62452
0.62426
0.62403
0.62382
0.62364
0.62348
0.62334
0.62323
0.62314
0.62307
0.62303
0.62301
0.62302
0.62305
0.6231
0.62318
0.62327
0.6234
0.62354
0.62371
0.6239
0.62411
0.62434
0.6246
0.62487
0.62517
0.6255
0.62584
0.6262
0.62659
0.627
0.62742
0.62787
0.62834
0.62883
0.62934
0.62987
0.63042
0.631
0.63159
0.6322
0.63283
0.63348
0.63414
0.63483
0.63554
0.63626
0.63701
0.63777
0.63855
0.63935
0.64017
0.641
0.64186
0.64273
0.64362
0.64452
0.64544
0.64638
0.64734
0.64831
0.6493
0.65031
0.65133
0.65237
0.65342
0.65449
0.65558
0.65668
0.65779
0.65892
0.66007
0.66123
0.66241
0.6636
0.6648
0.66602
0.66726
0.6685
0.66977
0.67104
0.67233
0.67363
0.67495
0.67628
0.67762
0.67898
0.68034
0.68172
0.68312
0.68452
0.68594
0.68737
0.68881
0.69027
0.69173
0.69321
0.6947
0.6962
0.69771
0.69923
0.70077
0.70231
0.70387
0.70543
0.70701
0.7086
0.71019
0.7118
0.71342
0.71505
0.71668
0.71833
0.71999
0.72165
0.72333
0.72501
0.7267
0.72841
0.73012
0.73184
0.73357
0.7353
0.73705
0.7388
0.74057
0.74233
0.74411
0.7459
0.74769
0.74949
0.7513
0.75312
0.75494
0.75677
0.7586
0.76045
0.7623
0.76415
0.76602
0.76789
0.76976
0.77164
0.77353
0.77542
0.77732
0.77923
0.78113
0.78305
0.78497
0.78689
0.78882
0.79075
0.79269
0.79463
0.79658
0.79853
0.80048
0.80244
0.8044
0.80637
0.80833
0.8103
0.81228
0.81425
0.81623
0.81821
0.82019
0.82218
0.82416
0.82615
0.82814
0.83013
0.83212
0.83411
0.8361
0.83809
0.84008
0.84208
0.84407
0.84606
0.84805
0.85003
0.85202
0.85401
0.85599
0.85797
0.85995
0.86193
0.8639
0.86587
0.86784
0.8698
0.87176
0.87372
0.87567
0.87762
0.87956
0.88149
0.88343
0.88535
0.88727
0.88918
0.89109
0.89299
0.89488
0.89677
0.89864
0.90051
0.90237
0.90422
0.90607
0.9079
0.90972
0.91154
0.91334
0.91514
0.91692
0.91869
0.92045
0.9222
0.92393
0.92566
0.92737
0.92907
0.93075
0.93242
0.93408
0.93572
0.93735
0.93896
0.94056
0.94214
0.94371
0.94526
0.94679
0.9483
0.9498
0.95129
0.95275
0.9542
0.95562
0.95703
0.95842
0.95979
0.96114
0.96247
0.96379
0.96508
0.96635
0.9676
0.96882
0.97003
0.97121
0.97238
0.97352
0.97463
0.97573
0.9768
0.97785
0.97887
0.97987
0.98085
0.9818
0.98273
0.98364
0.98452
0.98537
0.9862
0.987
0.98778
0.98853
0.98926
0.98996
0.99063
0.99128
0.9919
0.9925
0.99307
0.99361
0.99412
0.99461
0.99507
0.9955
0.99591
0.99628
0.99663
0.99696
0.99725
0.99752
0.99776
0.99797
0.99816
0.99832
0.99845
0.99855
0.99862
0.99867
0.99869
0.99868
0.99865
0.99858
0.99849
0.99838
0.99823
0.99806
0.99786
0.99764
0.99738
0.99711
0.9968
0.99647
0.99611
0.99573
0.99532
0.99489
0.99443
0.99394
0.99343
0.9929
0.99234
0.99175
0.99114
0.99051
0.98986
0.98918
0.98848
0.98775
0.987
0.98623
0.98544
0.98463
0.98379
0.98294
0.98206
0.98116
0.98025
0.97931
0.97835
0.97738
0.97638
0.97537
0.97434
0.97329
0.97222
0.97114
0.97004
0.96893
0.9678
0.96665
0.96549
0.96431
0.96312
0.96192
0.9607
0.95947
0.95822
0.95697
0.9557
0.95442
0.95313
0.95183
0.95052
0.9492
0.94787
0.94653
0.94519
0.94383
0.94247
0.9411
0.93973
0.93835
0.93696
0.93556
0.93417
0.93276
0.93136
0.92995
0.92853
0.92712
0.9257
0.92428
0.92285
0.92143
0.92
0.91858
0.91715
0.91573
0.91431
0.91288
0.91146
0.91005
0.90863
0.90722
0.90581
0.9044
0.903
0.9016
0.90021
0.89882
0.89743
0.89606
0.89469
0.89332
0.89196
0.89061
0.88927
0.88794
0.88661
0.88529
0.88398
0.88268
0.88139
0.88011
0.87884
0.87758
0.87633
0.8751
0.87387
0.87265
0.87145
0.87026
0.86908
0.86791
0.86676
0.86562
0.86449
0.86338
0.86228
0.86119
0.86012
0.85907
0.85802
0.857
0.85598
0.85499
0.85401
0.85304
0.85209
0.85116
0.85024
0.84934
0.84845
0.84759
0.84674
0.8459
0.84508
0.84428
0.8435
0.84274
0.84199
0.84126
0.84055
0.83986
0.83918
0.83852
0.83789
0.83727
0.83666
0.83608
0.83552
0.83497
0.83444
0.83393
0.83344
0.83297
0.83252
0.83209
0.83168
0.83128
0.83091
0.83055
0.83021
0.8299
0.8296
0.82932
0.82906
0.82882
0.8286
0.8284
0.82822
0.82806
0.82791
0.82779
0.82768
0.8276
0.82753
0.82749
0.82746
0.82745
0.82746
0.82749
0.82754
0.82761
0.8277
0.82781
0.82793
0.82808
0.82824
0.82843
0.82863
0.82885
0.82909
0.82935
0.82962
0.82992
0.83023
0.83057
0.83092
0.83129
0.83168
0.83208
0.83251
0.83295
0.83341
0.83389
0.83438
0.8349
0.83543
0.83598
0.83654
0.83713
0.83773
0.83835
0.83898
0.83964
0.84031
0.84099
0.8417
0.84242
0.84316
0.84391
0.84468
0.84547
0.84627
0.84709
0.84792
0.84877
0.84964
0.85052
0.85142
0.85233
0.85326
0.85421
0.85517
0.85614
0.85713
0.85814
0.85915
0.86019
0.86124
0.8623
0.86338
0.86447
0.86557
0.86669
0.86782
0.86897
0.87013
0.8713
0.87249
0.87368
0.8749
0.87612
0.87736
0.87861
0.87987
0.88114
0.88243
0.88373
0.88504
0.88636
0.88769
0.88904
0.8904
0.89176
0.89314
0.89453
0.89593
0.89734
0.89876
0.90019
0.90162
0.90307
0.90453
0.906
0.90748
0.90896
0.91046
0.91196
0.91347
0.91499
0.91652
0.91806
0.9196
0.92115
0.92271
0.92427
0.92585
0.92742
0.92901
0.9306
0.9322
0.9338
0.93541
0.93702
0.93864
0.94027
0.94189
0.94353
0.94516
0.9468
0.94845
0.95009
0.95175
0.9534
0.95506
0.95671
0.95837
0.96004
0.9617
0.96337
0.96503
0.9667
0.96837
0.97004
0.9717
0.97337
0.97504
0.97671
0.97837
0.98003
0.9817
0.98336
0.98501
0.98667
0.98832
0.98997
0.99161
0.99325
0.99489
0.99652
0.99815
0.99977
1.0014
1.003
1.0046
1.0062
1.0078
1.0094
1.0109
1.0125
1.0141
1.0156
1.0172
1.0187
1.0202
1.0217
1.0233
1.0247
1.0262
1.0277
1.0292
1.0306
1.032
1.0335
1.0349
1.0363
1.0377
1.039
1.0404
1.0417
1.0431
1.0444
1.0457
1.047
1.0482
1.0495
1.0507
1.0519
1.0531
1.0543
1.0554
1.0566
1.0577
1.0588
1.0599
1.061
1.062
1.063
1.064
1.065
1.066
1.0669
1.0678
1.0687
1.0696
1.0705
1.0713
1.0721
1.0729
1.0737
1.0744
1.0751
1.0758
1.0765
1.0771
1.0777
1.0783
1.0789
1.0794
1.0799
1.0804
1.0809
1.0813
1.0817
1.0821
1.0824
1.0828
1.0831
1.0833
1.0836
1.0838
1.084
1.0842
1.0843
1.0844
1.0845
1.0845
1.0846
1.0845
1.0845
1.0845
1.0844
1.0843
1.0841
1.0839
1.0837
1.0835
1.0832
1.083
1.0826
1.0823
1.0819
1.0815
1.0811
1.0806
1.0802
1.0797
1.0791
1.0786
1.078
1.0773
1.0767
1.076
1.0753
1.0746
1.0738
1.0731
1.0722
1.0714
1.0706
1.0697
1.0688
1.0678
1.0669
1.0659
1.0649
1.0638
1.0628
1.0617
1.0606
1.0595
1.0583
1.0571
1.0559
1.0547
1.0535
1.0522
1.0509
1.0496
1.0483
1.0469
1.0456
1.0442
1.0428
1.0414
1.0399
1.0385
1.037
1.0355
1.034
1.0325
1.0309
1.0294
1.0278
1.0262
1.0246
1.023
1.0213
1.0197
1.018
1.0163
1.0147
1.013
1.0113
1.0095
1.0078
1.0061
1.0043
1.0026
1.0008
0.99901
0.99723
0.99544
0.99364
0.99183
0.99002
0.9882
0.98638
0.98455
0.98272
0.98088
0.97904
0.97719
0.97535
0.9735
0.97164
0.96979
0.96794
0.96608
0.96422
0.96237
0.96051
0.95866
0.9568
0.95495
0.9531
0.95125
0.94941
0.94757
0.94573
0.9439
0.94207
0.94024
0.93842
0.93661
0.9348
0.93299
0.9312
0.92941
0.92763
0.92585
0.92408
0.92233
0.92058
0.91884
0.9171
0.91538
0.91367
0.91197
0.91027
0.90859
0.90692
0.90526
0.90362
0.90198
0.90036
0.89875
0.89715
0.89556
0.89399
0.89243
0.89089
0.88936
0.88784
0.88634
0.88485
0.88337
0.88191
0.88047
0.87904
0.87763
0.87623
0.87485
0.87349
0.87214
0.87081
0.86949
0.86819
0.86691
0.86565
0.8644
0.86317
0.86196
0.86076
0.85959
0.85843
0.85728
0.85616
0.85506
0.85397
0.8529
0.85185
0.85082
0.8498
0.84881
0.84783
0.84687
0.84594
0.84502
0.84411
0.84323
0.84237
0.84153
0.8407
0.8399
0.83911
0.83834
0.83759
0.83686
0.83615
0.83546
0.83479
0.83414
0.8335
0.83289
0.83229
0.83171
0.83116
0.83062
0.8301
0.8296
0.82911
0.82865
0.8282
0.82778
0.82737
0.82698
0.82661
0.82626
0.82592
0.82561
0.82531
0.82503
0.82477
0.82453
0.8243
0.82409
0.8239
0.82373
0.82357
0.82344
0.82331
0.82321
0.82312
0.82305
0.823
0.82296
0.82294
0.82294
0.82295
0.82298
0.82303
0.82309
0.82316
0.82325
0.82336
0.82348
0.82362
0.82377
0.82394
0.82412
0.82431
0.82452
0.82475
0.82499
0.82524
0.8255
0.82578
0.82607
0.82638
0.8267
0.82703
0.82737
0.82773
0.8281
0.82848
0.82887
0.82927
0.82969
0.83011
0.83055
0.831
0.83146
0.83193
0.83241
0.8329
0.8334
0.83391
0.83443
0.83495
0.83549
0.83604
0.83659
0.83716
0.83773
0.83831
0.8389
0.83949
0.84009
0.8407
0.84132
0.84194
0.84257
0.84321
0.84385
0.8445
0.84516
0.84582
0.84648
0.84715
0.84783
0.84851
0.84919
0.84988
0.85058
0.85127
0.85197
0.85268
0.85338
0.85409
0.85481
0.85552
0.85624
0.85696
0.85768
0.8584
0.85913
0.85985
0.86058
0.86131
0.86204
0.86276
0.86349
0.86422
0.86495
0.86568
0.86641
0.86713
0.86786
0.86858
0.86931
0.87003
0.87075
0.87147
0.87218
0.8729
0.87361
0.87431
0.87502
0.87572
0.87642
0.87711
0.8778
0.87849
0.87917
0.87985
0.88052
0.88119
0.88186
0.88252
0.88317
0.88382
0.88446
0.8851
0.88573
0.88636
0.88698
0.88759
0.8882
0.8888
0.88939
0.88998
0.89056
0.89113
0.89169
0.89225
0.8928
0.89334
0.89388
0.8944
0.89492
0.89543
0.89593
0.89642
0.8969
0.89738
0.89784
0.8983
0.89875
0.89918
0.89961
0.90003
0.90044
0.90084
0.90123
0.90161
0.90198
0.90234
0.90269
0.90303
0.90336
0.90368
0.90399
0.90429
0.90458
0.90485
0.90512
0.90538
0.90562
0.90586
0.90608
0.90629
0.90649
0.90668
0.90686
0.90703
0.90719
0.90734
0.90747
0.9076
0.90771
0.90781
0.90791
0.90799
0.90806
0.90811
0.90816
0.9082
0.90822
0.90823
0.90824
0.90823
0.90821
0.90818
0.90814
0.90808
0.90802
0.90795
0.90786
0.90776
0.90766
0.90754
0.90741
0.90728
0.90713
0.90697
0.9068
0.90662
0.90643
0.90623
0.90602
0.9058
0.90557
0.90533
0.90509
0.90483
0.90456
0.90428
0.904
0.9037
0.9034
0.90309
0.90276
0.90243
0.90209
0.90175
0.90139
0.90103
0.90066
0.90028
0.89989
0.8995
0.8991
0.89869
0.89827
0.89785
0.89742
0.89698
0.89654
0.89609
0.89564
0.89517
0.89471
0.89424
0.89376
0.89327
0.89279
0.89229
0.8918
0.89129
0.89079
0.89028
0.88976
0.88924
0.88872
0.8882
0.88767
0.88714
0.8866
0.88606
0.88553
0.88498
0.88444
0.8839
0.88335
0.8828
0.88225
0.8817
0.88115
0.8806
0.88005
0.8795
0.87895
0.87839
0.87784
0.87729
0.87675
0.8762
0.87565
0.87511
0.87456
0.87402
0.87349
0.87295
0.87242
0.87189
0.87136
0.87084
0.87032
0.8698
0.86929
0.86878
0.86827
0.86778
0.86728
0.86679
0.86631
0.86583
0.86536
0.86489
0.86443
0.86397
0.86353
0.86309
0.86265
0.86222
0.8618
0.86139
0.86099
0.86059
0.8602
0.85982
0.85945
0.85908
0.85873
0.85838
0.85804
0.85772
0.8574
0.85709
0.85679
0.8565
0.85622
0.85595
0.85569
0.85545
0.85521
0.85498
0.85477
0.85456
0.85437
0.85419
0.85402
0.85386
0.85372
0.85358
0.85346
0.85335
0.85325
0.85316
0.85309
0.85303
0.85298
0.85295
0.85292
0.85291
0.85292
0.85293
0.85296
0.853
0.85306
0.85313
0.85321
0.8533
0.85341
0.85353
0.85367
0.85382
0.85398
0.85415
0.85434
0.85455
0.85476
0.85499
0.85524
0.85549
0.85576
0.85605
0.85634
0.85665
0.85698
0.85731
0.85766
0.85803
0.8584
0.85879
0.8592
0.85961
0.86004
0.86048
0.86093
0.8614
0.86188
0.86237
0.86287
0.86339
0.86392
0.86445
0.86501
0.86557
0.86614
0.86673
0.86732
0.86793
0.86855
0.86918
0.86982
0.87046
0.87112
0.87179
0.87247
0.87316
0.87386
0.87457
0.87528
0.876
0.87674
0.87748
0.87823
0.87898
0.87974
0.88052
0.88129
0.88208
0.88287
0.88366
0.88447
0.88527
0.88609
0.8869
0.88773
0.88855
0.88938
0.89022
0.89106
0.8919
0.89274
0.89359
0.89444
0.89529
0.89614
0.89699
0.89785
0.8987
0.89956
0.90041
0.90126
0.90212
0.90297
0.90382
0.90467
0.90551
0.90635
0.9072
0.90803
0.90886
0.90969
0.91052
0.91134
0.91215
0.91296
0.91376
0.91456
0.91535
0.91614
0.91691
0.91768
0.91844
0.91919
0.91993
0.92067
0.92139
0.92211
0.92281
0.92351
0.92419
0.92486
0.92552
0.92617
0.92681
0.92743
0.92804
0.92864
0.92922
0.92979
0.93035
0.93089
0.93142
0.93193
0.93243
0.93291
0.93337
0.93382
0.93425
0.93467
0.93507
0.93545
0.93581
0.93616
0.93649
0.9368
0.93709
0.93736
0.93762
0.93785
0.93807
0.93827
0.93844
0.9386
0.93874
0.93885
0.93895
0.93903
0.93909
0.93912
0.93914
0.93913
0.9391
0.93906
0.93899
0.9389
0.93878
0.93865
0.9385
0.93832
0.93813
0.93791
0.93767
0.93741
0.93712
0.93682
0.93649
0.93615
0.93578
0.93539
0.93498
0.93455
0.9341
0.93362
0.93313
0.93261
0.93208
0.93152
0.93094
0.93035
0.92973
0.92909
0.92843
0.92776
0.92706
0.92635
0.92561
0.92486
0.92409
0.9233
0.92249
0.92166
0.92082
0.91996
0.91908
0.91819
0.91727
0.91635
0.9154
0.91444
0.91347
0.91248
0.91147
0.91045
0.90942
0.90837
0.90731
0.90623
0.90515
0.90405
0.90294
0.90181
0.90068
0.89953
0.89838
0.89721
0.89603
0.89485
0.89365
0.89245
0.89124
0.89002
0.88879
0.88755
0.88631
0.88507
0.88381
0.88255
0.88129
0.88002
0.87875
0.87747
0.87619
0.87491
0.87362
0.87234
0.87105
0.86976
0.86846
0.86717
0.86588
0.86459
0.8633
0.86201
0.86072
0.85943
0.85815
0.85687
0.85559
0.85432
0.85305
0.85178
0.85052
0.84926
0.84801
0.84677
0.84553
0.8443
0.84308
0.84186
0.84065
0.83945
0.83826
0.83708
0.8359
0.83474
0.83358
0.83244
0.83131
0.83018
0.82907
0.82797
0.82689
0.82581
0.82475
0.8237
0.82266
0.82164
0.82063
0.81964
0.81866
0.81769
0.81674
0.8158
0.81488
0.81397
0.81308
0.81221
0.81135
0.81051
0.80969
0.80888
0.80809
0.80732
0.80656
0.80582
0.8051
0.8044
0.80372
0.80305
0.80241
0.80178
0.80117
0.80058
0.80001
0.79946
0.79892
0.79841
0.79792
0.79744
0.79699
0.79655
0.79614
0.79575
0.79537
0.79502
0.79468
0.79437
0.79408
0.7938
0.79355
0.79332
0.79311
0.79292
0.79274
0.79259
0.79246
0.79235
0.79226
0.7922
0.79215
0.79212
0.79211
0.79212
0.79216
0.79221
0.79228
0.79237
0.79249
0.79262
0.79277
0.79294
0.79313
0.79334
0.79357
0.79382
0.79409
0.79438
0.79469
0.79501
0.79536
0.79572
0.7961
0.7965
0.79692
0.79735
0.7978
0.79827
0.79876
0.79927
0.79979
0.80033
0.80088
0.80145
0.80204
0.80265
0.80327
0.8039
0.80455
0.80522
0.8059
0.80659
0.8073
0.80803
0.80876
0.80952
0.81028
0.81106
0.81185
0.81265
0.81347
0.8143
0.81514
0.81599
0.81685
0.81773
0.81861
0.81951
0.82041
0.82133
0.82225
0.82319
0.82413
0.82508
0.82604
0.82701
0.82798
0.82897
0.82996
0.83095
0.83196
0.83297
0.83398
0.83501
0.83603
0.83706
0.8381
0.83914
0.84018
0.84123
0.84228
0.84333
0.84439
0.84545
0.84651
0.84757
0.84863
0.8497
0.85076
0.85183
0.85289
0.85396
0.85502
0.85608
0.85714
0.8582
0.85926
0.86031
0.86137
0.86241
0.86346
0.8645
0.86554
0.86657
0.8676
0.86862
0.86964
0.87066
0.87166
0.87266
0.87366
0.87464
0.87562
0.8766
0.87756
0.87852
0.87946
0.8804
0.88133
0.88226
0.88317
0.88407
0.88496
0.88584
0.88671
0.88757
0.88842
0.88926
0.89009
0.8909
0.8917
0.89249
0.89327
0.89403
0.89478
0.89552
0.89625
0.89696
0.89765
0.89833
0.899
0.89965
0.90029
0.90092
0.90152
0.90212
0.90269
0.90326
0.9038
0.90433
0.90484
0.90534
0.90582
0.90629
0.90673
0.90716
0.90758
0.90797
0.90835
0.90871
0.90906
0.90939
0.90969
0.90998
0.91026
0.91051
0.91075
0.91097
0.91117
0.91135
0.91152
0.91166
0.91179
0.9119
0.91199
0.91206
0.91212
0.91215
0.91217
0.91217
0.91215
0.91211
0.91205
0.91198
0.91189
0.91177
0.91164
0.91149
0.91133
0.91114
0.91094
0.91071
0.91047
0.91021
0.90994
0.90964
0.90933
0.909
0.90865
0.90829
0.9079
0.9075
0.90709
0.90665
0.9062
0.90573
0.90525
0.90474
0.90423
0.90369
0.90314
0.90257
0.90199
0.90139
0.90077
0.90014
0.8995
0.89883
0.89816
0.89747
0.89676
0.89604
0.8953
0.89456
0.89379
0.89302
0.89223
0.89142
0.8906
0.88977
0.88893
0.88808
0.88721
0.88633
0.88544
0.88453
0.88362
0.88269
0.88176
0.88081
0.87985
0.87888
0.8779
0.87691
0.87592
0.87491
0.87389
0.87286
0.87183
0.87079
0.86974
0.86868
0.86761
0.86654
0.86545
0.86437
0.86327
0.86217
0.86106
0.85995
0.85883
0.8577
0.85657
0.85544
0.8543
0.85315
0.852
0.85085
0.8497
0.84854
0.84737
0.84621
0.84504
0.84387
0.8427
0.84152
0.84035
0.83917
0.83799
0.83681
0.83563
0.83445
0.83327
0.83209
0.83091
0.82973
0.82855
0.82737
0.8262
0.82502
0.82385
0.82268
0.82151
0.82034
0.81918
0.81802
0.81686
0.81571
0.81456
0.81341
0.81227
0.81113
0.81
0.80887
0.80774
0.80662
0.80551
0.8044
0.8033
0.8022
0.80111
0.80003
0.79895
0.79788
0.79682
0.79576
0.79471
0.79367
0.79263
0.79161
0.79059
0.78958
0.78858
0.78758
0.7866
0.78562
0.78466
0.7837
0.78275
0.78181
0.78088
0.77996
0.77905
0.77815
0.77726
0.77638
0.77552
0.77466
0.77381
0.77297
0.77215
0.77133
0.77053
0.76974
0.76896
0.76819
0.76743
0.76668
0.76595
0.76522
0.76451
0.76382
0.76313
0.76245
0.76179
0.76114
0.7605
0.75988
0.75927
0.75867
0.75808
0.75751
0.75694
0.7564
0.75586
0.75534
0.75483
0.75433
0.75385
0.75337
0.75292
0.75247
0.75204
0.75162
0.75122
0.75082
0.75044
0.75008
0.74973
0.74939
0.74906
0.74875
0.74845
0.74816
0.74789
0.74763
0.74738
0.74715
0.74693
0.74672
0.74653
0.74634
0.74618
0.74602
0.74588
0.74575
0.74563
0.74553
0.74544
0.74536
0.74529
0.74524
0.7452
0.74517
0.74516
0.74516
0.74517
0.74519
0.74522
0.74527
0.74532
0.74539
0.74548
0.74557
0.74568
0.74579
0.74592
0.74606
0.74621
0.74638
0.74655
0.74674
0.74693
0.74714
0.74736
0.74758
0.74782
0.74807
0.74833
0.7486
0.74888
0.74918
0.74948
0.74979
0.75011
0.75044
0.75078
0.75112
0.75148
0.75185
0.75223
0.75261
0.753
0.75341
0.75382
0.75424
0.75466
0.7551
0.75554
0.756
0.75646
0.75692
0.7574
0.75788
0.75837
0.75887
0.75937
0.75988
0.7604
0.76092
0.76145
0.76199
0.76253
0.76308
0.76364
0.7642
0.76477
0.76534
0.76592
0.7665
0.76709
0.76768
0.76828
0.76889
0.76949
0.77011
0.77073
0.77135
0.77197
0.7726
0.77324
0.77388
0.77452
0.77517
0.77582
0.77647
0.77713
0.77779
0.77845
0.77912
0.77978
0.78046
0.78113
0.78181
0.78249
0.78317
0.78386
0.78454
0.78523
0.78593
0.78662
0.78732
0.78801
0.78871
0.78941
0.79012
0.79082
0.79153
0.79224
0.79295
0.79366
0.79437
0.79508
0.79579
0.79651
0.79723
0.79794
0.79866
0.79938
0.8001
0.80082
0.80154
0.80227
0.80299
0.80371
0.80444
0.80516
0.80589
0.80661
0.80734
0.80807
0.8088
0.80952
0.81025
0.81098
0.81171
0.81244
0.81317
0.81391
0.81464
0.81537
0.8161
0.81683
0.81757
0.8183
0.81904
0.81977
0.82051
0.82124
0.82198
0.82272
0.82346
0.82419
0.82493
0.82567
0.82641
0.82715
0.82789
0.82864
0.82938
0.83012
0.83087
0.83161
0.83236
0.83311
0.83386
0.83461
0.83536
0.83611
0.83686
0.83761
0.83837
0.83912
0.83988
0.84064
0.8414
0.84216
0.84292
0.84369
0.84445
0.84522
0.84598
0.84675
0.84753
0.8483
0.84907
0.84985
0.85062
0.8514
0.85218
0.85297
0.85375
0.85454
0.85532
0.85611
0.85691
0.8577
0.85849
0.85929
0.86009
0.86089
0.86169
0.8625
0.8633
0.86411
0.86492
0.86573
0.86655
0.86736
0.86818
0.869
0.86982
0.87064
0.87147
0.87229
0.87312
0.87395
0.87478
0.87561
0.87645
0.87729
0.87812
0.87896
0.8798
0.88064
0.88149
0.88233
0.88318
0.88402
0.88487
0.88572
0.88657
0.88742
0.88827
0.88912
0.88997
0.89082
0.89167
0.89253
0.89338
0.89423
0.89509
0.89594
0.89679
0.89764
0.89849
0.89934
0.90019
0.90104
0.90189
0.90273
0.90358
0.90442
0.90526
0.9061
0.90694
0.90778
0.90861
0.90944
0.91027
0.9111
0.91192
0.91274
0.91355
0.91437
0.91517
0.91598
0.91678
0.91758
0.91837
0.91916
0.91994
0.92072
0.92149
0.92226
0.92302
0.92378
0.92453
0.92527
0.92601
0.92674
0.92746
0.92818
0.92889
0.92959
0.93028
0.93097
0.93165
0.93232
0.93298
0.93363
0.93428
0.93491
0.93554
0.93615
0.93676
0.93735
0.93794
0.93852
0.93908
0.93964
0.94018
0.94071
0.94123
0.94174
0.94224
0.94272
0.9432
0.94366
0.94411
0.94454
0.94497
0.94538
0.94577
0.94616
0.94653
0.94688
0.94723
0.94755
0.94787
0.94817
0.94845
0.94872
0.94898
0.94922
0.94945
0.94966
0.94986
0.95004
0.9502
0.95035
0.95049
0.95061
0.95071
0.9508
0.95087
0.95092
0.95096
0.95099
0.95099
0.95098
0.95096
0.95092
0.95086
0.95079
0.9507
0.95059
0.95047
0.95033
0.95017
0.95
0.94982
0.94961
0.94939
0.94916
0.94891
0.94864
0.94836
0.94806
0.94774
0.94741
0.94707
0.94671
0.94633
0.94594
0.94554
0.94512
0.94468
0.94423
0.94377
0.94329
0.9428
0.94229
0.94177
0.94124
0.9407
0.94014
0.93957
0.93898
0.93839
0.93778
0.93716
0.93653
0.93588
0.93523
0.93457
0.93389
0.93321
0.93251
0.93181
0.93109
0.93037
0.92964
0.9289
0.92815
0.92739
0.92663
0.92586
0.92508
0.92429
0.9235
0.92271
0.92191
0.9211
0.92029
0.91947
0.91866
0.91783
0.91701
0.91618
0.91535
0.91451
0.91368
0.91284
0.91201
0.91117
0.91033
0.90949
0.90866
0.90782
0.90699
0.90616
0.90533
0.9045
0.90368
0.90286
0.90204
0.90123
0.90042
0.89962
0.89883
0.89804
0.89725
0.89647
0.89571
0.89494
0.89419
0.89344
0.89271
0.89198
0.89126
0.89055
0.88986
0.88917
0.88849
0.88783
0.88718
0.88654
0.88591
0.8853
0.88469
0.88411
0.88354
0.88298
0.88243
0.8819
0.88139
0.8809
0.88041
0.87995
0.8795
0.87907
0.87866
0.87827
0.87789
0.87753
0.87719
0.87687
0.87657
0.87629
0.87603
0.87578
0.87556
0.87536
0.87518
0.87502
0.87489
0.87477
0.87468
0.87461
0.87456
0.87453
0.87452
0.87454
0.87458
0.87465
0.87474
0.87485
0.87498
0.87514
0.87532
0.87553
0.87576
0.87602
0.8763
0.8766
0.87693
0.87728
0.87766
0.87806
0.87849
0.87894
0.87942
0.87992
0.88045
0.881
0.88158
0.88218
0.88281
0.88346
0.88413
0.88484
0.88556
0.88631
0.88709
0.88789
0.88871
0.88956
0.89043
0.89133
0.89225
0.8932
0.89417
0.89516
0.89617
0.89721
0.89827
0.89936
0.90046
0.90159
0.90274
0.90392
0.90511
0.90633
0.90756
0.90882
0.9101
0.9114
0.91271
0.91405
0.91541
0.91678
0.91818
0.91959
0.92102
0.92246
0.92393
0.92541
0.9269
0.92842
0.92994
0.93149
0.93304
0.93461
0.9362
0.93779
0.9394
0.94102
0.94265
0.9443
0.94595
0.94761
0.94928
0.95097
0.95265
0.95435
0.95605
0.95776
0.95948
0.9612
0.96292
0.96465
0.96639
0.96812
0.96986
0.9716
0.97333
0.97507
0.97681
0.97855
0.98028
0.98202
0.98374
0.98547
0.98719
0.9889
0.99061
0.99231
0.994
0.99569
0.99737
0.99903
1.0007
1.0023
1.004
1.0056
1.0072
1.0088
1.0104
1.0119
1.0135
1.015
1.0165
1.018
1.0195
1.0209
1.0223
1.0238
1.0251
1.0265
1.0278
1.0292
1.0305
1.0317
1.033
1.0342
1.0354
1.0365
1.0376
1.0387
1.0398
1.0408
1.0418
1.0428
1.0437
1.0446
1.0455
1.0463
1.0471
1.0479
1.0486
1.0493
1.05
1.0506
1.0512
1.0517
1.0522
1.0526
1.053
1.0534
1.0537
1.054
1.0543
1.0545
1.0546
1.0548
1.0548
1.0549
1.0548
1.0548
1.0547
1.0545
1.0543
1.0541
1.0538
1.0534
1.053
1.0526
1.0521
1.0516
1.051
1.0504
1.0497
1.049
1.0482
1.0474
1.0466
1.0457
1.0447
1.0437
1.0427
1.0416
1.0404
1.0392
1.038
1.0367
1.0354
1.034
1.0326
1.0311
1.0296
1.028
1.0264
1.0247
1.023
1.0213
1.0195
1.0177
1.0158
1.0139
1.0119
1.0099
1.0079
1.0058
1.0037
1.0015
0.99928
0.99704
0.99475
0.99243
0.99008
0.98768
0.98525
0.98278
0.98028
0.97775
0.97518
0.97258
0.96994
0.96728
0.96458
0.96185
0.9591
0.95631
0.9535
0.95066
0.9478
0.94491
0.94199
0.93905
0.93609
0.93311
0.9301
0.92707
0.92403
0.92096
0.91788
0.91477
0.91166
0.90852
0.90538
0.90221
0.89904
0.89585
0.89265
0.88944
0.88622
0.883
0.87976
0.87652
0.87327
0.87002
0.86676
0.8635
0.86023
0.85697
0.8537
0.85043
0.84717
0.8439
0.84064
0.83738
0.83412
0.83087
0.82763
0.82439
0.82116
0.81794
0.81472
0.81152
0.80832
0.80514
0.80197
0.79881
0.79567
0.79254
0.78942
0.78632
0.78324
0.78017
0.77712
0.77409
0.77107
0.76808
0.76511
0.76216
0.75923
0.75632
0.75343
0.75057
0.74773
0.74492
0.74213
0.73937
0.73663
0.73392
0.73123
0.72858
0.72595
0.72335
0.72078
0.71824
0.71573
0.71324
0.71079
0.70837
0.70599
0.70363
0.7013
0.69901
0.69675
0.69453
0.69234
0.69018
0.68806
0.68597
0.68391
0.68189
0.67991
0.67796
0.67605
0.67417
0.67233
0.67053
0.66876
0.66703
0.66533
0.66368
0.66206
0.66048
0.65893
0.65743
0.65596
0.65453
0.65314
0.65178
0.65047
0.64919
0.64795
0.64675
0.64559
0.64447
0.64339
0.64234
0.64134
0.64037
0.63944
0.63855
0.6377
0.63689
0.63611
0.63538
0.63468
0.63403
0.63341
0.63283
0.63229
0.63179
0.63132
0.6309
0.63051
0.63016
0.62985
0.62958
0.62935
0.62915
0.62899
0.62887
0.62879
0.62874
0.62874
0.62876
0.62883
0.62893
0.62907
0.62925
0.62946
0.62971
0.62999
0.63031
0.63067
0.63106
0.63148
0.63194
0.63244
0.63297
0.63354
0.63413
0.63477
0.63543
0.63613
0.63687
0.63763
0.63843
0.63926
0.64012
0.64102
0.64194
0.6429
0.64388
0.6449
0.64595
0.64703
0.64814
0.64927
0.65044
0.65163
0.65286
0.65411
0.65538
0.65669
0.65802
0.65938
0.66076
0.66217
0.6636
0.66506
0.66655
0.66805
0.66959
0.67114
0.67272
0.67432
0.67594
0.67758
0.67924
0.68092
0.68263
0.68435
0.68609
0.68785
0.68963
0.69143
0.69324
0.69507
0.69691
0.69877
0.70065
0.70254
0.70444
0.70636
0.70829
0.71024
0.71219
0.71416
0.71614
0.71812
0.72012
0.72213
0.72414
0.72616
0.72819
0.73023
0.73227
0.73432
0.73638
0.73844
0.7405
0.74257
0.74464
0.74671
0.74878
0.75086
0.75293
0.75501
0.75708
0.75916
0.76123
0.7633
0.76537
0.76743
0.76949
0.77155
0.7736
0.77564
0.77768
0.77971
0.78174
0.78376
0.78577
0.78777
0.78976
0.79174
0.79371
0.79567
0.79762
0.79955
0.80148
0.80339
0.80529
0.80717
0.80904
0.81089
0.81273
0.81455
0.81636
0.81815
0.81992
0.82168
0.82342
0.82514
0.82684
0.82852
0.83018
0.83182
0.83344
0.83504
0.83662
0.83818
0.83971
0.84123
0.84272
0.84419
0.84563
0.84705
0.84845
0.84983
0.85118
0.8525
0.8538
0.85508
0.85633
0.85756
0.85876
0.85993
0.86108
0.8622
0.8633
0.86437
0.86541
0.86643
0.86741
0.86838
0.86931
0.87022
0.8711
0.87195
0.87278
0.87358
0.87435
0.87509
0.87581
0.8765
0.87716
0.87779
0.8784
0.87898
0.87953
0.88005
0.88055
0.88102
0.88146
0.88187
0.88226
0.88262
0.88295
0.88326
0.88354
0.8838
0.88402
0.88422
0.8844
0.88455
0.88467
0.88477
0.88484
0.88489
0.88491
0.88491
0.88489
0.88484
0.88476
0.88466
0.88454
0.8844
0.88423
0.88404
0.88383
0.88359
0.88333
0.88305
0.88275
0.88243
0.88209
0.88173
0.88134
0.88094
0.88052
0.88007
0.87961
0.87913
0.87864
0.87812
0.87759
0.87704
0.87647
0.87589
0.87529
0.87467
0.87404
0.87339
0.87273
0.87205
0.87136
0.87066
0.86994
0.86921
0.86847
0.86771
0.86695
0.86617
0.86538
0.86458
0.86376
0.86294
0.86211
0.86127
0.86042
0.85956
0.85869
0.85781
0.85693
0.85604
0.85514
0.85424
0.85333
0.85241
0.85149
0.85056
0.84963
0.84869
0.84775
0.8468
0.84585
0.8449
0.84394
0.84298
0.84202
0.84106
0.8401
0.83913
0.83816
0.8372
0.83623
0.83526
0.83429
0.83333
0.83236
0.83139
0.83043
0.82946
0.8285
0.82754
0.82659
0.82563
0.82468
0.82373
0.82279
0.82185
0.82091
0.81997
0.81905
0.81812
0.8172
0.81629
0.81538
0.81447
0.81357
0.81268
0.8118
0.81091
0.81004
0.80917
0.80831
0.80746
0.80662
0.80578
0.80495
0.80412
0.80331
0.8025
0.8017
0.80091
0.80013
0.79936
0.79859
0.79784
0.79709
0.79635
0.79563
0.79491
0.7942
0.7935
0.79281
0.79213
0.79146
0.79081
0.79016
0.78952
0.78889
0.78827
0.78767
0.78707
0.78649
0.78591
0.78535
0.7848
0.78426
0.78373
0.78321
0.78271
0.78221
0.78173
0.78126
0.78079
0.78035
0.77991
0.77948
0.77907
0.77867
0.77828
0.7779
0.77753
0.77718
0.77683
0.7765
0.77618
0.77588
0.77558
0.7753
0.77503
0.77477
0.77452
0.77429
0.77407
0.77386
0.77366
0.77347
0.7733
0.77314
0.77299
0.77285
0.77273
0.77262
0.77252
0.77243
0.77235
0.77229
0.77223
0.77219
0.77217
0.77215
0.77215
0.77216
0.77218
0.77221
0.77225
0.77231
0.77238
0.77246
0.77255
0.77265
0.77277
0.7729
0.77303
0.77319
0.77335
0.77352
0.77371
0.77391
0.77412
0.77434
0.77457
0.77481
0.77507
0.77534
0.77562
0.77591
0.77621
0.77652
0.77685
0.77718
0.77753
0.77789
0.77826
0.77864
0.77903
0.77943
0.77984
0.78027
0.7807
0.78115
0.78161
0.78207
0.78255
0.78304
0.78354
0.78405
0.78458
0.78511
0.78565
0.7862
0.78677
0.78734
0.78793
0.78852
0.78913
0.78974
0.79037
0.79101
0.79165
0.79231
0.79297
0.79365
0.79434
0.79503
0.79574
0.79645
0.79718
0.79791
0.79866
0.79941
0.80018
0.80095
0.80173
0.80252
0.80332
0.80414
0.80496
0.80578
0.80662
0.80747
0.80832
0.80919
0.81006
0.81095
0.81184
0.81274
0.81364
0.81456
0.81549
0.81642
0.81736
0.81831
0.81927
0.82024
0.82121
0.82219
0.82318
0.82418
0.82519
0.8262
0.82722
0.82825
0.82928
0.83033
0.83138
0.83243
0.8335
0.83457
0.83565
0.83673
0.83782
0.83892
0.84002
0.84113
0.84225
0.84337
0.8445
0.84564
0.84678
0.84792
0.84907
0.85023
0.85139
0.85256
0.85373
0.85491
0.85609
0.85728
0.85847
0.85967
0.86087
0.86207
0.86328
0.86449
0.86571
0.86693
0.86815
0.86938
0.87061
0.87184
0.87308
0.87432
0.87556
0.8768
0.87805
0.87929
0.88054
0.8818
0.88305
0.8843
0.88556
0.88682
0.88808
0.88934
0.8906
0.89186
0.89312
0.89438
0.89564
0.8969
0.89816
0.89942
0.90068
0.90193
0.90319
0.90445
0.9057
0.90695
0.9082
0.90945
0.9107
0.91194
0.91318
0.91442
0.91565
0.91688
0.91811
0.91934
0.92056
0.92177
0.92299
0.92419
0.9254
0.9266
0.92779
0.92898
0.93016
0.93134
0.93251
0.93367
0.93483
0.93598
0.93713
0.93827
0.9394
0.94053
0.94164
0.94275
0.94386
0.94495
0.94604
0.94711
0.94818
0.94924
0.95029
0.95134
0.95237
0.95339
0.95441
0.95541
0.9564
0.95739
0.95836
0.95932
0.96028
0.96122
0.96215
0.96307
0.96397
0.96487
0.96575
0.96662
0.96748
0.96833
0.96917
0.96999
0.9708
0.9716
0.97238
0.97315
0.97391
