1.6247
1.7811
1.8887
1.9032
1.7633
1.7449
1.8038
1.9989
2.1646
2.2897
2.2897
2.3045
2.3928
2.5621
2.7425
2.8493
2.8493
2.6799
2.5842
2.4775
2.5842
2.54
2.4517
2.286
2.1756
2.1388
2.1241
2.2087
2.3045
2.4222
2.5474
2.5585
2.518
2.4627
2.437
2.3597
2.1646
1.8443
1.5424
1.2369
1.016
0.95344
0.9424
1.005
1.0455
1.0565
0.98289
0.96448
1.1154
1.2921
1.3989
1.3989
1.2737
1.2185
1.3105
1.443
1.5424
1.5424
1.5829
1.6897
1.9106
2.113
2.1682
2.1351
1.9805
1.9474
1.8553
1.7265
1.432
1.2332
1.0639
1.0123
1.189
1.1964
1.3473
1.3252
1.4357
1.5645
1.697
1.7928
1.6602
1.5903
1.3252
1.2811
1.1927
1.0639
0.97553
0.81723
0.66998
0.50433
0.45279
0.33499
0.30922
0.30186
0.24296
0.36076
0.59636
0.76201
0.79515
0.8246
0.80619
0.9608
1.0823
1.1559
1.0013
0.87981
0.82828
0.83564
0.83564
0.8246
0.7657
0.74361
0.66998
0.59268
0.56691
0.56691
0.68103
0.67367
0.74361
0.7841
0.90926
1.0676
1.1706
1.2295
1.2258
1.2663
1.2995
1.1596
1.0381
0.91295
0.83932
0.75833
0.69207
0.6074
0.51537
0.51905
0.6479
0.69943
0.80251
0.92399
0.99761
1.016
0.97184
0.99761
0.99025
1.0823
1.097
1.0492
1.097
1.1522
1.2811
1.1964
1.2884
1.3657
1.5977
1.8112
1.9805
2.2198
2.4112
2.6468
2.5658
2.5143
2.2897
2.1535
2.0284
1.6492
1.3768
1.2001
1.1338
1.0749
1.0896
1.1964
1.2737
1.6786
1.7854
1.8922
1.8885
1.9437
2.0983
2.1682
2.2308
2.1498
2.2529
2.4038
2.5842
2.5585
2.4259
2.3155
2.4701
2.6137
2.8898
3.0628
3.2837
3.4861
3.5303
3.5598
3.3536
3.1843
2.9671
2.853
2.6726
2.5732
2.7793
2.8971
3.0002
2.9744
2.9487
2.9818
3.1106
3.21
3.0849
3.0959
3.0996
3.1806
3.1475
2.9928
2.8971
2.8161
2.7536
2.6174
2.3928
2.2014
2.0946
2.032
1.8737
1.7486
1.5866
1.4357
1.3179
1.2369
1.1817
1.1743
1.1154
1.1854
1.2038
1.097
1.1375
1.086
0.97553
0.77306
0.62213
0.4712
0.48592
0.60372
0.52642
0.5485
0.61845
0.92767
1.2332
1.5572
1.8259
2.0983
2.3045
2.3045
2.194
1.9179
1.7707
1.675
1.7007
1.6713
1.7265
1.8517
2.0909
2.6137
2.8051
2.7462
2.3339
1.9989
1.8259
1.8443
1.7044
1.259
0.91663
0.66262
0.73256
0.85405
0.94976
0.93135
1.005
1.0602
1.2074
1.4136
1.5682
1.6676
1.6639
1.5903
1.4504
1.2995
1.2185
1.1081
1.0418
0.99393
1.0749
1.3179
1.605
1.9363
2.0799
2.0909
1.9584
1.8811
1.7559
1.6492
1.6197
1.6161
1.6897
1.8627
2.0652
2.1977
2.2087
2.1278
2.0063
1.8553
1.8185
1.7191
1.6271
1.6087
1.6013
1.6602
1.6676
1.6602
1.6345
1.7412
1.8848
1.8958
1.929
1.8075
1.6676
1.5019
1.2958
1.0749
0.99025
0.98657
0.95344
0.9424
1.0123
1.1081
1.3142
1.3915
1.2958
1.086
1.0528
1.0823
1.0749
1.0013
0.77674
0.76938
0.86141
1.1191
1.2332
1.3584
1.4799
1.7523
1.9695
1.9915
1.9437
1.8259
1.8001
1.7744
1.9216
2.032
2.2382
2.4333
2.4922
2.4738
2.4112
2.448
2.367
2.2566
2.1057
2.021
2.1462
2.2382
2.3376
2.3265
2.3449
2.4443
2.5585
2.61
2.4775
2.4112
2.4627
2.621
2.8309
2.956
3.0849
3.2248
3.3941
3.4199
3.2542
3.0665
2.8861
2.8051
2.7094
2.6321
2.5327
2.5364
2.6431
2.6358
2.5364
2.3008
2.0468
1.7854
1.594
1.4638
1.3875
1.2863
1.2484
1.2212
1.2339
1.3149
1.4278
1.5293
1.5805
1.6777
1.7498
1.8856
2.0848
2.2943
2.4577
2.5436
2.5875
2.5895
2.5039
2.2572
1.8953
1.5587
1.3486
1.3667
1.3956
1.4634
1.4682
1.5085
1.5314
1.4694
1.3148
1.0631
0.92809
0.91803
1.0413
1.223
1.3697
1.5358
1.678
1.7398
1.6916
1.5424
1.3694
1.3142
1.3989
1.4614
1.5351
1.5977
1.7007
1.8222
1.9474
1.9989
2.0468
2.1351
2.2824
2.4038
2.4407
2.3449
2.356
2.3376
2.3045
2.2787
2.0909
1.8774
1.6676
1.6013
1.5461
1.5461
1.6013
1.5977
1.6345
1.7155
1.8333
1.9069
1.778
1.5314
1.1927
0.98657
0.9424
0.97921
0.98289
0.9019
0.99761
1.1817
1.4651
1.6161
1.7265
1.7155
1.7523
1.9106
2.0578
2.2456
2.3744
2.4701
2.4664
2.5216
2.4775
2.3045
2.0173
1.6934
1.5461
1.421
1.2811
1.086
0.94608
0.96816
1.0492
1.1117
0.92767
0.74729
0.63317
0.61845
0.69575
0.75465
0.81723
0.81723
0.86509
0.9424
1.0602
1.1522
1.2111
1.2001
1.189
1.2001
1.2222
1.3142
1.4173
1.6897
1.9511
2.2087
2.3486
2.4407
2.5658
2.6726
2.8125
2.8161
2.7315
2.6063
2.5253
2.5143
2.4333
2.3229
2.102
1.8774
1.6676
1.5203
1.4136
1.2332
1.097
1.0013
0.94608
0.90926
0.9608
0.98289
1.0749
1.2847
1.3436
1.2958
1.2553
1.3179
1.3768
1.4136
1.2479
1.0087
0.99761
1.1265
1.3547
1.4357
1.4614
1.524
1.7375
2.0026
2.1314
2.1867
2.0873
1.9989
1.929
1.8259
1.7412
1.7449
1.7928
1.8701
1.9474
2.021
2.0063
1.9547
1.8001
1.513
1.2627
0.96448
0.69575
0.4712
0.32763
0.39389
0.58163
0.80251
0.89454
0.91663
1.0087
1.0712
1.1743
1.1044
0.91295
0.73993
0.79146
0.97553
1.1191
1.1044
1.0123
0.97184
1.0896
1.3216
1.3694
1.2811
1.1117
1.1301
1.2332
1.3621
1.4283
1.421
1.5056
1.7265
2.0173
2.1682
2.1167
2.0247
1.8995
1.7891
1.7265
1.6418
1.5608
1.5645
1.6676
1.6602
1.6087
1.4688
1.34
1.2995
1.4099
1.5866
1.8517
2.1609
2.4775
2.8235
3.0996
3.2579
3.3278
3.2579
3.118
3.0223
2.956
2.9008
2.8677
2.772
2.5621
2.4627
2.4517
2.5989
2.7536
2.8198
2.7131
2.5216
2.3265
2.1462
1.9106
1.524
1.1559
0.89454
0.79515
0.87613
1.0087
1.1633
1.167
1.2958
1.3473
1.4614
1.5903
1.7081
1.7964
1.8333
1.9989
2.0431
2.1388
2.0946
2.0504
1.9731
1.9142
1.8774
1.7486
1.5203
1.3068
1.2111
1.167
1.2369
1.2038
1.0786
1.0307
1.1301
1.3068
1.432
1.4762
1.3878
1.3657
1.3841
1.4394
1.4688
1.421
1.3547
1.2774
1.1817
1.0234
0.8835
0.78778
0.70312
0.6074
0.44543
0.3534
0.35708
0.44175
0.45647
0.55218
0.7068
0.9424
1.1633
1.2148
1.1706
1.2627
1.3989
1.443
1.3805
1.27
1.3216
1.5314
1.8517
2.0946
2.3597
2.5989
2.7904
2.9303
2.9597
3.0039
2.9523
2.8714
2.6836
2.3155
2.0026
1.7486
1.5829
1.3436
1.0712
0.85405
0.7068
0.74361
0.82091
0.91295
0.97553
1.005
1.0749
1.0676
1.178
1.3326
1.432
1.4762
1.421
1.3694
1.2847
1.167
0.98657
0.7657
0.58163
0.39389
0.43439
0.63317
0.99025
1.4357
1.8406
2.194
2.529
2.8493
3.0186
2.9781
2.8051
2.5732
2.286
2.0762
1.8038
1.4872
1.167
1.0307
1.0087
1.1007
1.3436
1.5572
1.7964
1.9989
2.0652
2.0026
1.9621
1.9253
1.8774
1.8406
1.8517
2.0076
2.2306
2.4007
2.4668
2.41
2.2995
2.143
1.9697
1.7762
1.7017
1.7667
1.8528
1.8927
1.8442
1.7821
1.6853
1.582
1.4581
1.2855
1.0711
0.90578
0.89874
1.0535
1.3416
1.5845
1.6875
1.6465
1.574
1.5509
1.4748
1.3346
1.1191
0.87736
0.65522
0.57216
0.62991
0.7422
0.87313
0.92008
0.91024
0.87869
0.93827
0.9424
0.87613
0.77674
0.71416
0.73993
0.75833
0.81355
0.91295
1.1485
1.4246
1.6529
1.7412
1.7265
1.7375
1.7339
1.6676
1.513
1.3179
1.0492
0.82091
0.65158
0.56691
0.57427
0.67735
0.81723
0.94976
1.086
1.2074
1.2258
1.1485
1.0786
0.89086
0.72888
0.69943
0.79883
0.96816
1.1412
1.259
1.351
1.5351
1.6897
1.6713
1.4799
1.2516
1.2185
1.4467
1.7449
1.8995
1.9584
1.9989
2.1867
2.367
2.4811
2.437
2.2897
2.2124
2.1572
2.102
1.9695
1.8737
1.7302
1.5866
1.513
1.4614
1.4504
1.513
1.6197
1.7265
1.8885
2.0578
2.1314
2.0873
2.0136
1.9032
1.848
1.778
1.6455
1.4578
1.3032
1.351
1.5498
1.7449
1.9106
1.9952
2.0431
2.0946
2.1719
2.1903
2.1314
2.0946
2.0284
2.0136
2.0063
2.0578
2.0578
1.9621
1.7633
1.5977
1.4651
1.3915
1.3032
1.1854
1.086
1.1338
1.2847
1.3621
1.3216
1.2627
1.2627
1.3068
1.3731
1.3032
1.1522
1.0676
1.0381
1.0602
1.0823
1.1117
1.1338
1.0749
1.0123
0.92031
0.92399
0.8835
0.9424
0.93503
0.91295
0.97553
1.1081
1.2737
1.3473
1.4578
1.5314
1.6381
1.7854
1.8922
2.0026
2.0983
2.286
2.3854
2.4738
2.5989
2.8014
3.0517
3.2468
3.3941
3.4125
3.3168
3.107
2.9266
2.702
2.5216
2.4002
2.1977
2.0284
1.9106
1.8185
1.7265
1.675
1.7081
1.6676
1.5866
1.4246
1.4541
1.5277
1.5977
1.6124
1.6161
1.7302
1.9952
2.3302
2.5106
2.6947
2.8419
2.9671
2.8971
2.7094
2.4811
2.3229
2.2014
2.1167
2.0762
2.0247
2.1682
2.2382
2.3376
2.3891
2.4811
2.5585
2.5989
2.7278
2.7941
2.8861
2.8824
2.8493
2.8088
2.7941
2.7499
2.5916
2.4075
2.2676
2.2492
2.3486
2.4591
2.5474
2.5658
2.5364
2.4738
2.4627
2.437
2.3597
2.2934
2.1903
2.1646
2.2308
2.3744
2.4002
2.3965
2.3818
2.4002
2.4591
2.4848
2.4922
2.4296
2.5032
2.6321
2.8235
2.8934
2.8603
2.7683
2.6394
2.5585
2.4848
2.4038
2.1867
2.0026
1.8774
1.859
1.9142
1.9915
2.0946
2.1682
2.3449
2.367
2.3265
2.1498
2.0541
2.0136
1.8664
1.675
1.3584
1.178
1.0933
1.1522
1.1338
1.0492
1.0123
0.97921
0.9608
1.0307
1.1228
1.1706
1.1559
1.0749
1.0197
1.1007
1.2921
1.3952
1.4173
1.432
1.5461
1.7412
1.8737
1.8112
1.6639
1.524
1.3915
1.3252
1.1117
0.81355
0.57795
0.44543
0.44911
0.57059
0.7657
0.91295
1.1338
1.3805
1.5977
1.8185
1.9474
2.0063
2.0026
1.9511
1.8443
1.6676
1.4246
1.2663
1.1301
0.9424
0.75833
0.60004
0.4896
0.45647
0.52273
0.53746
0.61477
0.7068
0.75097
0.81355
0.8835
0.98657
1.1522
1.2553
1.2001
1.1117
1.0492
1.0749
1.2111
1.3621
1.3252
1.1338
1.189
1.2847
1.3952
1.3216
1.1117
0.86141
0.68471
0.67735
0.57059
0.47488
0.44175
0.46384
0.48224
0.48224
0.53378
0.60004
0.5485
0.48224
0.36444
0.28714
0.26505
0.22456
0.15829
0.20983
0.39021
0.61477
0.80251
0.85405
0.82091
0.87981
1.0528
1.1817
1.1449
0.93135
0.80987
0.75097
0.85405
0.92767
0.88718
0.74715
0.71772
0.84545
0.92837
1.0254
0.96651
0.89712
0.85331
0.92809
1.0132
1.0586
1.0826
1.0675
1.1339
1.1649
1.1007
0.97337
0.78618
0.5984
0.44853
0.41265
0.38383
0.36212
0.38008
0.37994
0.41222
0.50898
0.6552
0.71574
0.70872
0.69096
0.72324
0.84516
0.98184
1.1766
1.2321
1.3386
1.4205
1.4965
1.5323
1.4761
1.438
1.2995
1.1854
1.0786
1.0234
0.94976
0.96816
1.0676
1.189
1.2884
1.2921
1.2627
1.2185
1.2038
1.1265
0.98289
0.85036
0.74729
0.79146
0.86877
1.016
1.2074
1.3805
1.5167
1.6124
1.7339
1.8038
1.8148
1.7412
1.6197
1.513
1.4062
1.27
1.0639
0.9424
0.94976
1.0528
1.2369
1.4394
1.5388
1.5719
1.6602
1.8406
2.0541
2.1867
2.2124
2.1093
2.113
2.2161
2.3707
2.4075
2.2824
2.1057
1.8737
1.7375
1.605
1.4835
1.3252
1.1596
1.0786
1.0749
1.1301
1.1449
1.2038
1.2406
1.3142
1.4357
1.6013
1.7744
2.0026
2.2308
2.3229
2.367
2.3928
2.4407
2.3891
2.3302
2.2676
2.2529
2.367
2.4885
2.6542
2.853
3.2027
3.5266
3.8064
3.9279
4.0052
4.0089
3.8248
3.5045
3.0039
2.4811
2.0173
1.7964
1.6271
1.6271
1.7523
1.9326
2.2271
2.6542
3.0591
3.3352
3.4751
3.4824
3.453
3.4199
3.3278
3.0591
2.7388
2.3155
2.021
1.7559
1.4946
1.2443
1.0492
0.98657
0.95344
1.0712
1.1706
1.2884
1.4246
1.4946
1.4467
1.351
1.34
1.3584
1.421
1.4946
1.5608
1.6345
1.7486
1.8958
2.0504
2.2308
2.3523
2.4554
2.4811
2.4738
2.4554
2.4333
2.356
2.2382
2.0873
1.9253
1.778
1.6529
1.5645
1.4835
1.4688
1.4357
1.4099
1.3142
1.2222
1.1485
1.086
1.0933
1.0492
0.96816
0.94608
1.0455
1.2111
1.3326
1.4541
1.4983
1.5572
1.686
1.7854
1.8517
1.8185
1.8848
1.9731
2.0983
2.1351
2.0836
1.9768
1.859
1.8664
1.7817
1.6492
1.4062
1.2406
1.1265
1.1485
1.2995
1.513
1.697
1.8517
1.9915
2.0652
2.1719
2.2308
2.2087
2.0247
1.8995
1.7854
1.7817
1.8259
1.8664
1.929
1.9326
1.9768
2.0063
1.9915
1.9511
1.9106
1.9032
1.8148
1.8664
1.9768
2.1351
2.4112
2.6468
2.8272
2.8824
2.9303
2.853
2.6947
2.529
2.2824
2.1167
1.9731
1.9695
1.9768
2.032
2.0762
2.1204
2.1498
2.0836
2.0247
1.9437
1.9768
2.0173
2.1498
2.2456
2.4222
2.7167
2.9965
3.1769
3.1327
3.0297
2.8566
2.7462
2.6873
2.5069
2.3376
2.1756
2.1572
2.1609
2.2124
2.3413
2.4407
2.5253
2.5474
2.4959
2.3597
2.1535
1.8774
1.5388
1.2737
1.2369
1.3621
1.6087
1.8848
2.2419
2.691
3.0554
3.3168
3.3831
3.3462
3.3205
3.3205
3.2763
3.1916
3.0959
2.9855
2.9523
2.8971
2.8419
2.7499
2.5842
2.4002
2.2345
2.0026
1.6897
1.3621
1.0381
0.76201
0.7068
0.75465
0.89454
1.1449
1.3768
1.5461
1.6934
1.8958
2.0652
2.1425
2.1167
2.0431
1.94
1.9179
1.9142
1.8848
1.859
1.8333
1.8701
1.9032
2.0689
2.3376
2.6468
2.9597
3.1953
3.4125
3.4861
3.4456
3.3021
3.0996
2.875
2.5989
2.2345
1.848
1.605
1.5535
1.5903
1.6308
1.6639
1.767
1.9952
2.2124
2.3486
2.4112
2.4075
2.4627
2.4259
2.2271
1.8885
1.5756
1.3768
1.2663
1.2737
1.2516
1.3252
1.4725
1.7375
1.9805
2.1241
2.113
1.8848
1.6381
1.432
1.3841
1.2921
1.189
1.0565
1.0087
1.1044
1.2369
1.3473
1.34
1.3547
1.4578
1.5997
1.7286
1.776
1.7829
1.6777
1.5155
1.3617
1.252
1.2038
1.1345
1.1013
1.0186
1.0533
1.247
1.4752
1.6747
1.8
1.95
2.1037
2.3702
2.5879
2.6548
2.5708
2.3887
2.1928
1.9796
1.7628
1.4506
1.1127
0.7835
0.59793
0.48268
0.40633
0.34401
0.27026
0.2439
0.25426
0.30132
0.28251
0.24865
0.21838
0.25805
0.37549
0.46015
0.55587
0.58163
0.63317
0.7252
0.88718
1.0381
1.0455
1.0271
0.92031
0.92031
0.96816
1.0492
1.0712
0.96448
0.92767
0.90558
1.0234
1.0786
1.086
0.93871
0.81355
0.85773
0.99393
1.1817
1.3105
1.4799
1.7044
2.0468
2.4112
2.6321
2.6763
2.61
2.4775
2.2971
2.0173
1.6345
1.2479
0.92399
0.80619
0.85773
0.94608
1.0565
1.1559
1.2553
1.3216
1.3694
1.3731
1.2443
1.1265
1.0676
1.1044
1.2921
1.5093
1.6934
1.7339
1.8001
1.8701
1.9326
1.8922
1.7449
1.5498
1.4136
1.4173
1.4578
1.4762
1.4614
1.5535
1.7044
1.848
1.8627
1.7964
1.6492
1.6013
1.605
1.5682
1.4799
1.3989
1.3989
1.432
1.524
1.5719
1.6676
1.7891
1.9032
2.0615
2.2271
2.3891
2.5732
2.6247
2.5769
2.4775
2.3008
2.1204
1.9511
1.8885
1.8811
1.9216
1.8259
1.6381
1.5314
1.3989
1.2406
1.0455
0.92399
0.95344
1.1044
1.27
1.4025
1.524
1.7081
1.8296
1.7118
1.4025
1.1522
0.97553
0.86141
0.94608
1.1338
1.4283
1.8001
2.1535
2.3597
2.5069
2.5695
2.5437
2.4738
2.3781
2.1535
1.8406
1.6013
1.5498
1.4835
1.2737
0.99761
0.67367
0.54114
0.69575
0.96816
1.1927
1.524
1.8222
1.9731
2.0541
2.032
1.8737
1.6271
1.3142
1.0933
1.016
1.2074
1.4946
1.7523
1.929
1.9584
1.9437
1.8553
1.7854
1.6197
1.3768
1.1117
1.0197
1.0639
1.2847
1.4651
1.4688
1.2811
1.2737
1.4872
1.6197
1.6381
1.4173
1.3621
1.4025
1.5866
1.5572
1.421
1.4062
1.6529
2.0689
2.1903
2.1167
1.9695
1.8627
1.7891
1.8038
1.7707
1.6234
1.5682
1.6934
1.9474
2.1793
2.4259
2.4038
2.1903
2.0026
1.8259
1.7191
1.5903
1.4688
1.2627
1.1265
1.1338
1.2811
1.5388
1.8001
1.9989
2.1535
2.2934
2.367
2.4075
2.2087
1.9069
1.5792
1.351
1.2884
1.2516
1.2553
1.1854
1.2627
1.4136
1.5461
1.5792
1.5498
1.5719
1.7081
1.8958
2.0504
2.0909
2.1057
2.1682
2.2456
2.2198
2.0909
1.8774
1.6013
1.3731
1.1485
1.0418
0.97553
1.1412
1.351
1.5866
1.8443
1.9915
2.1756
2.194
2.1903
2.0468
1.8517
1.7081
1.6271
1.7375
1.8627
2.1314
2.3045
2.4627
2.6431
2.8677
3.0849
3.1732
3.21
3.0591
2.9045
2.7388
2.6615
2.6431
2.6615
2.7094
2.7241
2.8235
2.9671
3.1327
3.1585
3.0922
3.0407
3.0407
3.1511
3.2505
3.2947
3.1438
2.9965
2.8345
2.6983
2.5327
2.2456
1.8811
1.4725
1.2811
1.2222
1.2884
1.3032
1.3179
1.3915
1.5756
1.7928
2.021
2.2382
2.4259
2.6284
2.772
2.8235
2.853
2.9855
3.1254
3.1695
3.129
3.0223
3.0297
3.1106
3.0812
2.9855
2.7646
2.6137
2.4186
2.1646
1.8112
1.5019
1.3326
1.2001
1.1412
1.0344
0.97553
0.9608
1.0749
1.189
1.3436
1.5498
1.697
1.8222
1.9474
2.1462
2.3339
2.4738
2.5253
2.4186
2.2235
1.9768
1.7412
1.5498
1.432
1.4688
1.5866
1.7523
1.929
2.1204
2.2603
2.3449
2.3486
2.2419
2.0615
1.9768
2.0578
2.2124
2.3781
2.448
2.4149
2.2566
2.0762
1.8664
1.6144
1.3873
1.2388
1.1721
1.1306
1.158
1.2213
1.3237
1.5114
1.7517
1.9696
2.1619
2.343
2.5133
2.6127
2.6485
2.5683
2.4218
2.2479
2.1591
2.092
2.0533
2.0361
2.0615
2.1682
2.339
2.599
2.7897
2.9603
3.1
3.2372
3.3004
3.1997
3.0952
2.9294
2.7955
2.6503
2.5007
2.2975
2.1166
2.0841
2.1399
2.3265
2.54
2.783
2.9303
3.1033
3.2726
3.4383
3.4972
3.4199
3.2726
3.026
2.9376
2.9744
3.1106
3.1659
3.1254
3.037
2.9155
2.8456
2.7167
2.4885
2.0689
1.7044
1.351
1.1412
1.0786
1.1927
1.3952
1.5572
1.7854
1.9253
2.0173
1.8995
1.675
1.3878
1.0712
0.81355
0.53746
0.35708
0.254
0.37549
0.55218
0.58163
0.55218
0.54114
0.58532
0.589
0.65526
0.63317
0.55587
0.62213
0.7841
1.0013
1.2332
1.4541
1.5424
1.5277
1.5277
1.4946
1.4099
1.178
0.93503
0.7841
0.6479
0.57059
0.57795
0.56691
0.57427
0.6479
0.67367
0.65526
0.7252
0.84668
0.83564
0.73993
0.67367
0.67367
0.9019
1.178
1.4394
1.5829
1.6713
1.7523
1.6934
1.697
1.5019
1.2185
0.89086
0.62581
0.53378
0.57059
0.69943
0.63685
0.58163
0.6074
0.68103
0.74361
0.67367
0.56323
0.48224
0.51169
0.6074
0.68839
0.75097
0.80619
0.86141
0.96448
1.1265
1.3547
1.5572
1.6676
1.6897
1.6345
1.5977
1.5093
1.4062
1.2884
1.2038
1.1559
1.1081
1.1044
1.0933
1.097
1.097
1.0786
1.0013
0.96448
1.016
1.0676
1.1706
1.2663
1.3179
1.2627
1.2148
1.0418
0.89086
0.7841
0.74361
0.76201
0.73625
0.75833
0.73993
0.82828
0.87981
0.93503
0.95344
0.97921
1.097
1.2774
1.4541
1.5682
1.6639
1.7707
1.8038
1.7523
1.6455
1.5314
1.5719
1.7891
2.0909
2.3891
2.7204
3.0886
3.4309
3.7144
3.7806
3.6334
3.291
2.9671
2.6542
2.4149
2.2235
2.0873
1.9879
1.9547
2.032
2.1462
2.3229
2.4775
2.5695
2.5585
2.5253
2.5253
2.5658
2.5989
2.5769
2.5032
2.3744
2.2419
2.0799
1.9437
1.8774
1.8848
1.9437
1.9106
1.9032
1.8995
1.94
1.8737
1.7302
1.605
1.4762
1.4872
1.5093
1.5572
1.675
1.9032
2.1609
2.2603
2.264
2.1682
2.1057
2.0541
2.0026
1.9474
1.859
1.8296
1.9069
2.0873
2.2603
2.3265
2.2787
2.1204
1.9621
1.7633
1.4578
1.0896
0.7657
0.66998
0.74361
0.9424
1.1449
1.3216
1.4504
1.5351
1.5351
1.4099
1.1927
0.9608
0.74361
0.58163
0.52642
0.42702
0.37549
0.37549
0.39021
0.35708
0.34235
0.35708
0.37549
0.4307
0.42702
0.39021
0.41598
0.56323
0.7657
0.94976
1.1117
1.3068
1.594
1.9216
2.2492
2.5216
2.7352
2.8088
2.8051
2.7536
2.5953
2.4075
2.113
1.8001
1.4246
1.2001
1.0492
1.0381
1.1706
1.3473
1.6161
1.8406
2.102
2.2934
2.4259
2.4811
2.4517
2.3965
2.264
2.2087
2.2382
2.3229
2.4959
2.6247
2.702
2.6652
2.6174
2.5364
2.3486
2.1278
1.9106
1.7412
1.6602
1.6676
1.6271
1.4983
1.3289
1.2737
1.2774
1.3621
1.443
1.4541
1.4688
1.5056
1.6418
1.697
1.6676
1.5093
1.3105
1.1817
1.1596
1.2406
1.2737
1.3142
1.3252
1.3989
1.5277
1.7044
1.8774
1.8774
1.7633
1.5461
1.3878
1.2332
1.1044
0.99393
0.94608
1.0676
1.2811
1.4909
1.6271
1.7854
1.9658
2.0578
1.9511
1.6492
1.432
1.2884
1.2185
1.2663
1.2811
1.3473
1.5535
1.9731
2.3744
2.8014
3.1401
3.2432
3.2468
3.2321
3.21
3.0738
2.9082
2.6726
2.4413
2.2629
2.2097
2.2194
2.2613
2.2814
2.197
2.0882
2.0375
2.0087
1.877
1.6007
1.2517
0.93577
0.74051
0.61251
0.50197
0.43038
0.47713
0.65165
0.8565
1.0113
1.1132
1.2293
1.3211
1.3815
1.3543
1.3236
1.2011
1.0852
0.98307
0.85187
0.78789
0.7918
0.82094
0.74558
0.76755
0.85499
0.9789
1.068
1.0328
0.88314
0.7252
0.64053
0.6479
0.69207
0.61108
0.52273
0.51905
0.51169
0.5301
0.56691
0.53746
0.4896
0.51169
0.589
0.65894
0.85405
1.0749
1.2443
1.3584
1.4099
1.5056
1.5866
1.6529
1.6602
1.6087
1.6345
1.7412
1.8774
1.9032
1.9253
1.9069
1.8995
1.9032
1.8038
1.5866
1.3657
1.259
1.1927
1.1485
1.0528
1.0013
0.99025
1.0307
1.0123
0.94608
0.8246
0.73993
0.7068
0.589
0.47856
0.4896
0.63317
0.85773
1.0823
1.2627
1.3878
1.5498
1.6713
1.675
1.6381
1.5056
1.3731
1.2038
1.1301
1.0896
1.167
1.2038
1.189
1.189
1.2222
1.3363
1.4283
1.5093
1.4651
1.4578
1.4025
1.3621
1.2921
1.1633
0.99761
0.82828
0.81723
0.90558
1.0749
1.2001
1.2295
1.2516
1.2737
1.3805
1.4504
1.3731
1.259
1.1964
1.3252
1.5056
1.7118
1.767
1.697
1.5461
1.3841
1.2369
1.1044
1.0455
0.9424
0.84668
0.76201
0.86877
1.0492
1.3179
1.5719
1.7449
1.8075
1.8369
1.8701
1.8885
1.929
1.9069
1.8075
1.6529
1.594
1.6345
1.7191
1.7707
1.7707
1.6492
1.4725
1.3142
1.27
1.3142
1.3878
1.3989
1.3547
1.3326
1.3768
1.421
1.3105
1.1081
0.86509
0.6663
0.51905
0.49697
0.4896
0.50065
0.55955
0.6479
0.72152
0.79883
0.76938
0.73993
0.72152
0.69943
0.74361
0.75097
0.75465
0.79883
0.97184
1.0933
1.2185
1.3915
1.4872
1.5277
1.5093
1.3436
1.178
1.0234
0.93503
0.84668
0.77674
0.76201
0.82091
1.0676
1.3179
1.6271
1.8001
1.9584
2.1867
2.3928
2.5437
2.5695
2.6174
2.5474
2.5143
2.4222
2.3118
2.2345
2.2235
2.3081
2.3413
2.4407
2.5879
2.7683
2.875
2.9155
2.9008
2.8272
2.691
2.5106
2.2492
1.9547
1.7044
1.4541
1.2921
1.167
1.1485
1.1854
1.3142
1.5056
1.6786
1.8038
1.7744
1.7486
1.7302
1.6713
1.5903
1.4394
1.2443
1.0602
0.95344
0.84668
0.7841
0.84668
0.93135
1.0565
1.1927
1.443
1.7707
2.1462
2.4996
2.7462
2.9008
2.9892
3.026
2.853
2.5216
2.1535
1.7412
1.2737
0.84668
0.50801
0.23192
0.16197
0.22087
0.28345
0.30186
0.43807
0.62949
0.85036
1.0786
1.2369
1.3252
1.3473
1.4394
1.4725
1.443
1.3878
1.3142
1.2995
1.3252
1.4062
1.4467
1.4872
1.513
1.4394
1.3915
1.2921
1.3216
1.432
1.5682
1.7191
1.9069
2.2014
2.5069
2.853
3.0407
3.0554
2.9708
2.8309
2.5805
2.3229
2.1278
1.9584
1.8885
1.8038
1.8112
1.8075
1.9621
2.1462
2.2492
2.2235
2.0799
2.0541
2.0615
2.1535
2.2271
2.3229
2.4554
2.6468
2.864
3.0149
3.1475
3.2542
3.3242
3.2837
3.2505
3.3168
3.4604
3.6334
3.6812
3.6775
3.6444
3.6518
3.6113
3.3867
3.0554
2.6615
2.3523
2.1646
2.0946
2.1498
2.2271
2.3744
2.5879
2.8456
3.0554
3.1659
3.1806
3.0996
3.026
3.0186
3.0002
2.8861
2.7904
2.702
2.7352
2.8493
2.9781
3.0481
3.0775
3.1585
3.2137
3.2653
3.1879
3.0186
2.7167
2.3854
2.0946
1.9474
1.9142
1.9695
2.1572
2.4149
2.8125
3.2542
3.6591
3.9242
4.1009
4.204
4.2113
4.1119
3.9168
3.6407
3.2903
2.8817
2.5121
2.0775
1.7357
1.4722
1.2537
1.1156
1.0678
1.1381
1.1796
1.2885
1.3013
1.2258
1.0625
0.97022
0.89932
0.76851
0.75077
0.83188
0.98666
1.1798
1.4114
1.5066
1.5283
1.5714
1.5444
1.4823
1.346
1.195
1.0399
0.9339
0.98816
1.2431
1.6359
2.0169
2.2959
2.4753
2.5849
2.6324
2.5609
2.3237
1.9216
1.5682
1.2627
0.99761
0.83564
0.79883
0.86877
0.92031
0.99761
0.97184
1.0528
1.2148
1.5019
1.7486
1.9547
2.1867
2.3597
2.4811
2.4627
2.4259
2.2308
1.9952
1.7007
1.4357
1.2811
1.2148
1.3289
1.4025
1.6124
1.859
2.0946
2.2198
2.1535
1.9952
1.7228
1.6013
1.5572
1.5572
1.5903
1.686
1.9069
2.2014
2.5216
2.7609
2.783
2.7388
2.6947
2.7388
2.8456
2.8971
2.8419
2.6799
2.5253
2.4701
2.4885
2.448
2.3008
2.1167
1.9989
1.929
1.9437
1.8811
1.848
1.8553
1.94
2.0394
2.0689
2.1167
2.1646
2.2456
2.1719
2.0615
1.9216
1.8848
1.9658
2.0725
2.1388
2.2308
2.3818
2.4407
2.4407
2.3744
2.3376
2.3376
2.3413
2.3155
2.2382
2.2198
2.2897
2.3965
2.4443
2.4811
2.4959
2.4443
2.3523
2.1867
1.9253
1.6566
1.5203
1.4835
1.594
1.7265
1.8995
2.0615
2.264
2.4333
2.529
2.4664
2.3081
2.0762
1.8406
1.6713
1.5792
1.5756
1.5388
1.5277
1.5093
1.605
1.7228
1.8517
1.8406
1.7559
1.6455
1.594
1.5903
1.5719
1.6161
1.7118
1.8885
2.0725
2.2529
2.4112
2.5216
2.6321
2.5879
2.4333
2.2603
2.1351
2.0026
1.7412
1.4651
1.1559
1.0602
1.1117
1.2406
1.3657
1.5682
1.8885
2.1388
2.286
2.2124
2.1057
1.9695
1.8112
1.524
1.1706
0.92031
0.94608
1.2258
1.4762
1.7044
1.9032
2.1498
2.3744
2.4775
2.4959
2.4591
2.4443
2.4149
2.1977
1.9032
1.6345
1.5351
1.3731
1.0896
0.79883
0.54114
0.50433
0.589
0.75833
0.87981
0.99393
1.1596
1.259
1.3436
1.4246
1.5019
1.5167
1.4835
1.4541
1.4467
1.4283
1.4099
1.3252
1.1596
1.0271
0.98657
0.99393
1.0565
1.1706
1.2001
1.1964
1.1706
1.1375
1.0602
0.9424
0.83932
0.74729
0.73993
0.74361
0.78042
0.78778
0.73256
0.73256
0.65894
0.589
0.52273
0.51905
0.53746
0.49328
0.53746
0.48592
0.49697
0.64053
0.86509
1.0565
1.2111
1.3142
1.3252
1.3805
1.3731
1.2479
0.99761
0.75465
0.589
0.58532
0.65526
0.79515
0.96816
1.1044
1.2847
1.4909
1.7707
1.9658
2.2051
2.2456
2.2676
2.2603
2.2051
2.0983
1.7596
1.4983
1.1375
0.97553
0.83196
0.78778
0.843
0.90558
1.0123
0.99761
1.0087
0.95344
0.99025
0.97921
0.95344
0.95344
0.99761
1.0234
1.0896
1.1854
1.0639
0.98289
0.94976
1.0123
1.1412
1.3731
1.605
1.8333
2.1609
2.4259
2.5143
2.4222
2.2271
2.102
1.9584
1.8185
1.6492
1.4394
1.2921
1.3105
1.4541
1.5572
1.6271
1.6713
1.7339
1.8075
1.848
1.8185
1.7228
1.594
1.3952
1.1706
0.92767
0.83196
0.90558
1.1081
1.351
1.6197
1.9474
2.2345
2.4848
2.5695
2.5327
2.4075
2.2897
2.1646
1.9658
1.8038
1.7118
1.7118
1.7964
1.8701
1.9253
1.9805
2.183
2.4811
2.7352
2.9339
3.0186
3.0517
3.0407
2.9266
2.7094
2.3891
2.0983
1.8737
1.6676
1.5203
1.4283
1.4688
1.5535
1.6566
1.7412
1.7523
1.7744
1.7744
1.7707
1.7596
1.8333
1.9842
2.1719
2.3449
2.4922
2.5658
2.5916
2.5989
2.5106
2.2971
1.9915
1.7375
1.5203
1.3792
1.2483
1.0673
0.8483
0.75698
0.68061
0.61905
0.57939
0.52541
0.41721
0.42849
0.51537
0.51559
0.68727
0.93532
1.1958
1.4026
1.5845
1.5908
1.5622
1.5515
1.4428
1.2466
1.0221
0.84973
0.82872
0.98081
1.2248
1.5261
1.7616
1.9167
1.991
2.0373
2.1199
2.1169
1.9737
1.6889
1.377
1.159
1.0688
1.0658
0.94929
0.82091
0.76201
0.81723
0.99393
1.1706
1.2627
1.27
1.2737
1.2369
1.2111
1.1706
1.097
1.0639
0.96448
0.83196
0.75097
0.7252
0.73256
0.73625
0.73625
0.66262
0.72152
0.83564
0.93871
0.98289
1.0271
1.0565
1.1228
1.2148
1.2884
1.3768
1.4099
1.5203
1.594
1.6713
1.6823
1.6087
1.421
1.178
1.016
0.88718
0.87613
0.97553
1.2258
1.5608
1.8885
2.1756
2.2676
2.2529
2.0725
1.8001
1.4799
1.2001
1.0492
0.8835
0.76201
0.75097
0.73256
0.79883
0.81355
0.83196
0.8246
0.91663
1.1228
1.2811
1.4909
1.5572
1.5866
1.4799
1.2958
1.0933
0.98657
0.96448
1.0344
1.1522
1.2111
1.2627
1.2921
1.3473
1.2995
1.2553
1.2001
1.2222
1.2958
1.4504
1.6786
1.8811
2.0946
2.2419
2.3229
2.2934
2.2603
2.2051
2.1462
2.1093
2.0247
1.9142
1.7412
1.6676
1.6345
1.6345
1.5535
1.4762
1.443
1.432
1.4578
1.351
1.1817
0.95712
0.83564
0.81723
0.79515
0.65158
0.57795
0.65526
0.76201
0.91295
1.0749
1.0676
1.0344
1.0749
1.0896
1.1044
1.2111
1.2479
1.1743
1.1485
1.1559
1.1927
1.097
0.96816
0.76201
0.61108
0.62581
0.75097
0.89086
0.98657
1.1522
1.2295
1.3179
1.5019
1.5903
1.4688
1.2332
1.0492
0.93503
0.93135
0.92767
0.82091
0.68471
0.77674
1.0602
1.4394
1.7302
1.8627
1.9253
2.0136
2.194
2.2014
2.0909
1.8038
1.6013
1.5203
1.5019
1.524
1.4799
1.5351
1.6381
1.9142
2.1498
2.2713
2.3634
2.3818
2.4554
2.4811
2.5032
2.3781
2.2087
2.0541
1.9032
1.7854
1.6786
1.6529
1.5977
1.5977
1.6345
1.8001
2.0431
2.3229
2.518
2.6174
2.6836
2.7941
2.9008
2.8419
2.6726
2.437
2.2235
2.0541
1.94
1.7854
1.5977
1.4173
1.2921
1.1854
1.1596
1.1706
1.2001
1.2479
1.2774
1.351
1.3805
1.4909
1.6713
1.9511
2.2345
2.5032
2.7204
2.8198
2.8272
2.7977
2.7425
2.6137
2.4296
2.1903
1.9216
1.7817
1.8333
1.9216
2.0063
2.0541
2.1388
2.2603
2.5106
2.783
2.9781
3.0407
2.9339
2.7793
2.6578
2.6799
2.8014
2.9303
3.0333
3.1916
3.4235
3.6113
3.6775
3.626
3.464
3.291
3.1585
2.9597
2.7204
2.5253
2.4407
2.3707
2.3486
2.3045
2.183
2.1093
2.0873
2.1462
2.1314
2.0615
1.9511
1.848
1.8406
1.8737
1.8922
1.7854
1.6271
1.5056
1.4467
1.4578
1.4799
1.4688
1.421
1.3952
1.4835
1.6492
1.8148
1.9547
2.0873
2.183
2.275
2.3118
2.264
2.0504
1.8627
1.6492
1.421
1.2443
1.0933
1.0602
1.0823
1.2479
1.3952
1.6013
1.8112
1.9547
2.1093
2.1719
2.2492
2.3081
2.3229
2.2971
2.2492
2.2014
2.0946
1.9363
1.7523
1.6529
1.524
1.3179
1.0381
0.83932
0.66998
0.60004
0.6479
0.6074
0.53378
0.4307
0.47488
0.53746
0.589
0.61477
0.54114
0.41598
0.45647
0.64422
0.84668
0.99761
1.189
1.4025
1.6602
1.8848
1.9989
2.0689
2.0983
2.1609
2.2235
2.264
2.2713
2.356
2.5216
2.621
2.6321
2.54
2.4517
2.3744
2.2529
2.102
1.8296
1.6566
1.5572
1.605
1.7118
1.8553
2.0357
2.183
2.331
2.4684
2.5682
2.6233
2.5842
2.4658
2.3232
2.1924
2.1414
2.0194
1.8521
1.6327
1.4712
1.3495
1.2319
1.0619
0.90638
0.86736
0.97635
1.1308
1.2183
1.1938
1.1483
1.124
1.0962
1.0438
0.94199
0.84686
0.80813
0.97177
1.2281
1.4571
1.6447
1.7332
1.7938
1.8368
1.8622
1.7937
1.6526
1.5793
1.4905
1.4086
1.2553
1.086
0.9608
0.8835
0.83564
0.82091
0.75097
0.68471
0.62949
0.61108
0.61108
0.67735
0.76938
0.86877
1.0197
1.2479
1.5277
1.767
1.9511
1.9584
1.7559
1.6124
1.5056
1.2774
1.0344
0.90926
0.843
0.89086
1.1817
1.4872
1.8369
2.2897
2.772
3.1585
3.4824
3.7438
3.8358
3.718
3.3757
2.9818
2.5658
2.1278
1.6713
1.2222
0.9019
0.76201
0.79883
0.92767
1.0712
1.2774
1.5314
1.7596
1.9253
2.0136
2.1057
2.0762
1.9879
1.7817
1.5056
1.2774
1.1485
1.0749
0.97184
0.98657
1.0565
1.1338
1.2074
1.3326
1.4983
1.686
1.9547
2.1278
2.2603
2.4591
2.6836
2.8677
2.9266
2.9008
2.7536
2.5769
2.3523
2.0983
1.8627
1.6087
1.4283
1.3105
1.2958
1.3105
1.4357
1.5756
1.7633
2.0799
2.3229
2.5069
2.5364
2.6174
2.6615
2.7167
2.6615
2.3965
2.1609
1.9658
1.9547
1.9179
1.8148
1.6566
1.5903
1.6676
1.848
2.102
2.2897
2.4775
2.6947
2.945
3.1475
3.2395
3.1585
2.8971
2.6026
2.3118
2.0394
1.7707
1.4651
1.2038
0.98289
0.87981
0.86141
0.9019
0.90926
0.91295
0.91663
0.93503
0.95712
0.92399
0.80251
0.61108
0.56691
0.57427
0.64422
0.74361
0.89454
1.1596
1.4578
1.7523
1.8517
1.848
1.8222
1.8369
1.8148
1.6639
1.4762
1.3105
1.2111
1.1485
1.1228
1.1412
1.2111
1.3621
1.4725
1.5203
1.6455
1.9032
2.2456
2.4996
2.6873
2.7904
2.8898
2.9523
2.9155
2.7462
2.518
2.3118
2.1204
1.9437
1.8443
1.8885
1.9842
2.1535
2.2824
2.367
2.4407
2.5364
2.6284
2.6983
2.7572
2.7572
2.7131
2.6358
2.5437
2.4443
2.3118
2.1572
2.0063
1.8701
1.7633
1.7486
1.8296
1.94
2.0762
2.1903
2.3449
2.4996
2.6947
2.8493
2.8345
2.7499
2.6358
2.5621
2.4885
2.4296
2.3302
2.2198
2.2492
2.3449
2.4885
2.6358
2.8014
3.0076
3.1953
3.3278
3.3352
3.2579
3.0922
2.8309
2.4627
2.0394
1.6713
1.3915
1.1375
0.92031
0.73993
0.71048
0.80987
0.96816
1.1596
1.2811
1.5019
1.8038
2.0799
2.2529
2.264
2.1756
1.9695
1.7228
1.5056
1.2479
1.0344
0.7657
0.63317
0.61108
0.64053
0.7657
0.8835
0.98289
1.1817
1.4799
1.7596
1.9989
2.2198
2.4149
2.4701
2.529
2.529
2.5106
2.4848
2.4075
2.2787
2.1278
2.0284
1.8701
1.7044
1.5572
1.5056
1.5388
1.6345
1.7007
1.675
1.6124
1.5019
1.3878
1.1743
0.97553
0.89454
0.84668
0.92399
0.99761
1.0676
1.1559
1.2847
1.4946
1.6529
1.8038
1.8222
1.8038
1.7228
1.6087
1.5351
1.4394
1.3436
1.2369
1.1743
1.1817
1.2774
1.3989
1.4872
1.4909
1.4504
1.4062
1.34
1.2663
1.2443
1.2443
1.2921
1.3436
1.4394
1.605
1.9179
2.3045
2.6505
2.8898
2.9744
2.9781
2.9082
2.8088
2.6873
2.5106
2.2456
2.021
1.8517
1.6897
1.6013
1.5314
1.5056
1.5608
1.7265
1.9216
2.0799
2.1756
2.2051
2.1977
2.1793
2.1793
2.1498
2.0799
2.0063
2.0689
2.1093
2.1719
2.1535
2.0725
2.01
2.0136
2.1167
2.2235
2.3413
2.356
2.3008
2.1977
2.0799
1.9437
1.6786
1.3498
1.0469
0.85207
0.74634
0.68432
0.71685
0.81056
1.0725
1.397
1.7089
1.9696
2.1868
2.3501
2.3609
2.2907
2.1294
1.9831
1.8727
1.812
1.8149
1.8848
2.0042
2.0924
2.1248
2.1119
2.1662
2.3164
2.4923
2.5984
2.6236
2.6279
2.6504
2.7164
2.6718
2.5122
2.2655
2.0754
1.8952
1.7194
1.5695
1.4103
1.3131
1.2406
1.1854
1.086
1.0639
1.1044
1.2148
1.3216
1.3252
1.2663
1.1854
1.1228
1.1596
1.2038
1.2074
1.0933
0.96448
0.88718
0.83932
0.79515
0.69575
0.58532
0.44168
0.34347
0.32964
0.2942
