0.59175
0.69664
0.67932
0.66415
0.81974
0.86528
0.81215
0.67933
0.58825
0.63758
0.61481
0.55409
0.51993
0.51234
0.5427
0.56168
0.59204
0.66794
0.80077
0.99052
1.1993
1.3017
1.2752
1.1499
0.92601
0.71728
0.5427
0.48957
0.58445
0.6945
0.72866
0.75143
0.74004
0.58824
0.35674
0.23909
0.29981
0.36812
0.48198
0.64137
0.76661
0.78179
0.74005
0.68312
0.57306
0.44782
0.32259
0.34915
0.39848
0.37951
0.45542
0.72107
1.1044
1.3624
1.4953
1.5522
1.4308
1.1765
0.89944
0.64896
0.463
0.37951
0.37192
0.34535
0.35295
0.42505
0.57306
0.72866
0.778
0.78938
0.86528
0.88805
0.8539
0.74384
0.73625
0.75902
0.56927
0.40987
0.32259
0.33397
0.33397
0.25807
0.29981
0.34915
0.3909
0.4668
0.52752
0.56927
0.53131
0.47818
0.44782
0.51614
0.7021
0.99811
1.3245
1.5674
1.6547
1.5143
1.2865
1.0437
0.83872
0.68312
0.5427
0.50096
0.58065
0.63758
0.66035
0.66415
0.73246
0.79318
0.70589
0.61101
0.50854
0.43264
0.37192
0.33017
0.27325
0.2315
0.18596
0.14042
0.11385
0.14801
0.26566
0.34156
0.36054
0.48198
0.60722
0.62619
0.51993
0.53891
0.76281
0.88805
0.95257
1.0512
1.241
1.4232
1.5939
1.8862
2.1898
2.4441
2.5389
2.3947
1.9811
1.4763
0.96775
0.57306
0.33018
0.2353
0.30361
0.34536
0.49336
0.60722
0.71728
0.83493
0.94498
1.0968
1.1423
1.1196
0.99812
0.84251
0.66794
0.48198
0.3871
0.31499
0.29222
0.31879
0.36812
0.33017
0.25427
0.27704
0.33397
0.39469
0.39469
0.39469
0.40987
0.36877
0.36612
0.31464
0.26301
0.26434
0.21623
0.17146
0.12207
0.13467
0.19364
0.20977
0.30522
0.40998
0.50579
0.49496
0.49501
0.615
0.65113
0.58579
0.46488
0.47914
0.52643
0.45582
0.43652
0.55438
0.79777
1.0053
1.1407
1.2556
1.2741
1.2129
1.0361
0.80456
0.60722
0.463
0.36433
0.28463
0.25048
0.27325
0.28463
0.26186
0.28843
0.33397
0.35674
0.33017
0.36813
0.53511
0.6945
0.80836
0.80836
0.92601
1.112
1.2296
1.222
1.1499
1.1158
0.96396
0.73246
0.51614
0.48957
0.58445
0.72866
0.83872
0.81595
0.7742
0.67932
0.5465
0.463
0.40608
0.4668
0.52373
0.58065
0.60722
0.51993
0.48198
0.41367
0.47059
0.62999
0.90703
1.2979
1.5939
1.8786
2.0076
1.981
1.8482
1.6205
1.3131
1.1841
1.1044
0.91462
0.72866
0.70589
0.74384
0.69451
0.75523
0.9336
1.0512
0.97534
0.95257
0.90324
0.67553
0.41367
0.2353
0.19735
0.25048
0.27325
0.32258
0.33018
0.34536
0.34156
0.27704
0.25427
0.32258
0.51993
0.59963
0.59204
0.59583
0.5465
0.3871
0.19735
0.1556
0.2353
0.28843
0.27704
0.36433
0.49716
0.61481
0.6983
0.75143
0.80456
0.75143
0.63758
0.47439
0.31499
0.22391
0.27325
0.37572
0.48577
0.5465
0.52752
0.5427
0.51993
0.48198
0.43264
0.44782
0.51993
0.52373
0.4668
0.38331
0.31499
0.24289
0.17458
0.12524
0.12144
0.16319
0.1518
0.14801
0.18976
0.21253
0.21632
0.27325
0.3909
0.53511
0.5465
0.57686
0.72866
0.80456
0.71728
0.65656
0.84251
1.0626
1.0892
0.99432
0.97534
0.88426
0.67558
0.4791
0.42032
0.51519
0.67593
0.83091
0.88888
0.837
0.69448
0.54478
0.42751
0.33146
0.25669
0.27976
0.33999
0.38836
0.36233
0.37698
0.46891
0.49059
0.42751
0.37863
0.38155
0.35449
0.27061
0.21623
0.21876
0.20601
0.18178
0.1271
0.16006
0.29222
0.45541
0.6186
0.77041
0.89565
0.94119
0.81215
0.70589
0.66794
0.63758
0.56547
0.50855
0.7021
0.88805
0.92221
0.85011
0.80457
0.82733
0.778
0.80836
0.88805
0.94878
0.96017
1.0475
1.0588
0.91462
0.65656
0.59583
0.58065
0.5427
0.57686
0.59583
0.64896
0.58065
0.57306
0.55788
0.50095
0.4668
0.48198
0.48578
0.55409
0.55409
0.50475
0.43264
0.40228
0.42505
0.47059
0.55788
0.72866
0.94119
1.1006
1.1499
1.1044
1.0892
1.0437
1.0095
1.0361
1.112
1.074
0.94119
0.78559
0.57686
0.44782
0.45162
0.6224
0.70968
0.76282
0.79697
0.72487
0.58445
0.42885
0.32638
0.21253
0.16319
0.14801
0.18976
0.22771
0.26186
0.26566
0.35295
0.47439
0.55409
0.6186
0.66035
0.64896
0.59204
0.50475
0.37572
0.33777
0.34536
0.37951
0.463
0.56167
0.55409
0.69071
0.98673
1.3738
1.4953
1.3625
1.5484
1.6167
1.5105
1.3435
1.2524
1.3245
1.1499
0.95257
0.82354
0.70969
0.66035
0.66035
0.71348
0.75902
0.81595
0.95637
1.0892
1.1309
1.0626
1.0816
1.1385
1.1689
1.1917
1.2448
1.3283
1.2334
1.0664
0.88806
0.75902
0.68312
0.68312
0.61481
0.59583
0.7021
0.86528
1.0626
1.2372
1.4156
1.4497
1.2372
0.97914
0.76661
0.6186
0.56168
0.59583
0.74749
0.88662
0.97513
1.0404
1.0238
0.87508
0.76061
0.74936
0.72365
0.66171
0.6509
0.78114
0.92453
1.0242
1.1806
1.3723
1.5146
1.519
1.385
1.1685
0.96518
0.84319
0.81827
0.81146
0.84128
0.92657
0.95731
0.955
0.86665
0.785
0.72479
0.67173
0.55408
0.37192
0.2315
0.17837
0.14421
0.11385
0.1556
0.18596
0.17837
0.25427
0.42505
0.62619
0.79697
0.92221
0.95637
0.91842
0.778
0.61481
0.58065
0.58445
0.65655
0.6186
0.58445
0.51234
0.34915
0.17837
0.1594
0.21632
0.21253
0.31499
0.47059
0.70589
0.78938
0.81216
0.91462
0.89944
0.74384
0.61102
0.66415
0.82354
0.92221
0.87288
0.9336
0.96016
0.8501
0.69071
0.56927
0.66035
0.74384
0.78179
0.74005
0.67553
0.74005
0.80077
0.81215
0.79697
0.84631
0.96775
0.97155
0.8539
0.66794
0.58065
0.5427
0.42505
0.28843
0.21253
0.23909
0.24289
0.31879
0.51614
0.85769
1.2106
1.4573
1.4877
1.3966
1.2903
1.0133
0.68692
0.46301
0.42126
0.37192
0.34156
0.40987
0.47059
0.45541
0.55788
0.80836
0.95637
0.9298
0.85011
0.82733
0.78938
0.70209
0.67553
0.778
0.93739
1.0437
1.0019
0.8501
0.63378
0.44403
0.36433
0.37192
0.42126
0.40228
0.49716
0.66794
0.77041
0.76282
0.64897
0.65655
0.57306
0.47059
0.40608
0.41367
0.45162
0.44403
0.50095
0.48198
0.40608
0.30361
0.36813
0.50095
0.50854
0.44023
0.43264
0.45541
0.37571
0.24289
0.18976
0.20494
0.2315
0.22012
0.22771
0.36054
0.47439
0.5389
0.48578
0.47059
0.44403
0.40608
0.40608
0.43264
0.45972
0.51755
0.60826
0.58252
0.44497
0.42352
0.57286
0.72376
0.80373
0.81423
0.8247
0.76672
0.60395
0.4066
0.2535
0.16912
0.17294
0.19208
0.30573
0.46855
0.589
0.61796
0.70177
0.89532
1.1009
1.2863
1.4813
1.7195
1.85
1.7742
1.5306
1.1499
0.83872
0.56168
0.44403
0.56168
0.86149
1.2562
1.6053
1.9886
2.2353
2.2391
2.0721
1.8406
1.575
1.3131
1.1309
1.0475
1.0702
1.1765
1.2106
1.1158
1.055
0.99811
0.85769
0.59583
0.60722
0.87667
1.055
1.1575
1.2486
1.2979
1.1727
1.0019
0.80077
0.58824
0.4706
0.47439
0.4668
0.36433
0.36813
0.58445
0.7742
0.87667
0.8539
0.90703
0.87287
0.64137
0.44023
0.29602
0.32258
0.3871
0.50475
0.66794
0.79698
1.0171
1.222
1.3131
1.37
1.4383
1.4915
1.4383
1.2676
1.0854
0.8501
0.65655
0.53891
0.58824
0.78559
1.0626
1.408
1.6509
1.7344
1.6319
1.427
1.1271
0.84631
0.63758
0.50095
0.39849
0.34156
0.36813
0.40228
0.37572
0.33777
0.33777
0.48198
0.76661
1.1158
1.4953
1.833
2.0645
2.0076
1.6888
1.3131
0.87667
0.58445
0.57686
0.80836
1.093
1.2031
1.2979
1.3131
1.2068
1.0512
0.9298
0.88047
0.91462
0.98293
1.0512
1.093
1.1044
1.1158
1.0626
0.95637
0.81215
0.59204
0.48198
0.48198
0.55029
0.65655
0.76282
0.90703
0.96016
0.86908
0.72866
0.64517
0.49716
0.35674
0.24668
0.2315
0.21253
0.11765
0.11385
0.13283
0.11006
0.10247
0.28084
0.54649
0.80456
1.0171
1.1689
1.222
1.0968
0.89944
0.72478
0.58127
0.49184
0.46647
0.44871
0.41231
0.39836
0.45879
0.57005
0.69811
0.81748
0.91064
0.9102
0.87409
0.81306
0.64034
0.54239
0.48017
0.42106
0.30898
0.21743
0.27365
0.44471
0.68349
0.93644
1.1139
1.1493
1.0999
0.90917
0.70235
0.50518
0.36054
0.41367
0.68691
1.0361
1.2752
1.3397
1.3321
1.2752
1.0664
0.80836
0.65656
0.75523
1.0626
1.2676
1.3321
1.222
1.0399
0.81595
0.49336
0.23909
0.10626
0.12524
0.18596
0.20873
0.26945
0.31499
0.34156
0.34915
0.40987
0.52752
0.67932
0.86528
1.0285
1.1461
1.1234
0.99432
0.76661
0.55029
0.37951
0.22012
0.14422
0.20494
0.3833
0.54649
0.63378
0.62999
0.7021
0.74005
0.67553
0.57306
0.5427
0.66035
0.64896
0.53511
0.463
0.50095
0.51993
0.47059
0.45921
0.51993
0.60342
0.58824
0.50096
0.49716
0.51993
0.47818
0.36433
0.33777
0.44023
0.50475
0.48957
0.45541
0.4668
0.40228
0.32638
0.23909
0.23909
0.33017
0.44023
0.51613
0.51993
0.67553
0.92601
1.1727
1.3624
1.5143
1.5902
1.4308
1.093
0.73246
0.44403
0.27325
0.26566
0.39849
0.60342
0.79318
0.9336
1.0475
1.0664
1.0019
0.88806
0.80456
0.71348
0.60342
0.47818
0.40228
0.32258
0.24668
0.25427
0.28084
0.30361
0.33397
0.50855
0.74764
0.91842
0.95637
0.95257
0.97914
0.96016
0.82733
0.58445
0.52373
0.63378
0.68312
0.56168
0.43644
0.41367
0.33776
0.23909
0.19355
0.26186
0.33776
0.37572
0.3871
0.34915
0.26566
0.1556
0.075902
0.037951
0.041747
0.11765
0.29602
0.5427
0.91083
1.3604
1.8193
2.2225
2.5364
2.7768
2.835
2.7213
2.4239
1.964
1.5418
1.1949
0.95012
0.80614
0.7197
0.70527
0.70887
0.662
0.59681
0.58215
0.74507
1.0909
1.4914
1.9604
2.453
2.8933
3.1109
3.0357
2.6664
2.1293
1.6096
1.088
0.6224
0.36433
0.26566
0.3112
0.29602
0.19735
0.29602
0.44023
0.58065
0.58824
0.55029
0.56168
0.47439
0.33018
0.28463
0.36813
0.43644
0.47059
0.49337
0.55409
0.62999
0.72487
0.8577
1.055
1.2714
1.4459
1.4156
1.2031
1.0095
0.8501
0.65655
0.40228
0.3112
0.35295
0.45541
0.58824
0.75143
0.98673
1.1727
1.3814
1.5446
1.6623
1.6888
1.5143
1.4535
1.537
1.6964
1.7951
1.8406
1.9621
1.9127
1.6698
1.3169
1.0133
0.84631
0.76282
0.67932
0.59583
0.67174
0.88805
1.074
1.1423
1.1044
1.1044
0.95257
0.64137
0.37192
0.33018
0.50854
0.66035
0.82354
1.0399
1.241
1.3359
1.3397
1.3055
1.2524
1.1727
1.1651
1.2068
1.279
1.4118
1.5712
1.7192
1.7116
1.6167
1.4232
1.1727
0.90703
0.65655
0.51234
0.45541
0.5427
0.67932
0.85769
1.0247
1.1461
1.1879
1.1689
1.1309
1.0209
0.89944
0.79697
0.77041
0.73625
0.70969
0.71728
0.67553
0.58445
0.51614
0.53511
0.59963
0.71348
0.93739
1.203
1.3928
1.4687
1.4725
1.3852
1.2144
0.96775
0.74384
0.67173
0.63758
0.63378
0.6224
0.6186
0.60342
0.49716
0.41367
0.36813
0.36433
0.34536
0.41746
0.58445
0.778
0.9298
0.96396
0.96775
0.93739
0.81215
0.56168
0.44782
0.51614
0.69072
0.75868
0.70948
0.73549
0.66851
0.52411
0.36845
0.27173
0.389
0.55944
0.68721
0.7234
0.70891
0.75209
0.74126
0.59328
0.40679
0.37698
0.5348
0.76672
1.0191
1.2865
1.4513
1.451
1.5895
1.7665
1.8353
1.8049
1.6874
1.7787
1.6744
1.3093
0.8577
0.56168
0.57686
0.58065
0.60342
0.74764
1.0285
1.3473
1.6471
1.8254
1.8179
1.6281
1.4042
1.2106
0.96396
0.71348
0.56168
0.52752
0.48577
0.44023
0.40228
0.36813
0.30741
0.34915
0.48577
0.56926
0.64137
0.66035
0.76661
0.93739
1.1385
1.3093
1.4232
1.518
1.4573
1.26
0.99432
0.75523
0.53132
0.38331
0.42885
0.52372
0.58065
0.62619
0.72107
0.8539
0.88047
0.84251
0.778
0.62999
0.66035
0.82733
0.99811
1.1651
1.1917
1.203
1.1158
0.97534
0.91842
0.9336
1.1006
1.3169
1.3397
1.2258
1.2106
1.2106
1.1955
1.1613
1.1613
1.1917
1.1234
1.1082
1.1651
1.2941
1.4725
1.6319
1.7078
1.6319
1.4156
1.1537
1.0323
1.0095
0.99811
0.90703
0.81216
0.86149
0.85769
0.81974
0.778
0.81595
0.9298
0.95257
1.0247
1.1499
1.3207
1.4497
1.4004
1.4118
1.4194
1.3511
1.1993
1.0171
1.0361
1.0247
0.96016
0.84631
0.70589
0.61101
0.59963
0.55029
0.463
0.42126
0.50855
0.66035
0.71727
0.71348
0.66794
0.6186
0.58065
0.56168
0.51234
0.44782
0.44023
0.41746
0.35674
0.40228
0.5427
0.80077
1.0057
1.1234
1.093
0.9336
0.7742
0.60722
0.52373
0.59963
0.78938
0.93359
0.9336
0.83872
0.75902
0.62619
0.50095
0.37635
0.31338
0.3222
0.36124
0.46367
0.60573
0.78629
0.94994
1.0322
0.95521
0.8283
0.67999
0.50556
0.39551
0.44363
0.60416
0.69446
0.62943
0.70169
0.84955
0.87878
0.83957
0.78555
0.80781
0.76061
0.66492
0.5793
0.52642
0.56278
0.68674
0.70964
0.61101
0.64137
0.72866
0.83492
0.92601
1.0361
1.1765
1.1309
1.0019
0.778
0.69071
0.84631
1.1993
1.6585
2.0152
2.2581
2.2505
1.9773
1.575
1.1879
0.98673
0.98673
1.1423
1.4118
1.6623
1.7837
1.7268
1.518
1.2638
1.0474
0.88806
0.91083
1.112
1.4156
1.6053
1.5864
1.4383
1.3283
1.203
1.074
0.97534
0.90324
0.88047
0.69071
0.48577
0.3112
0.16699
0.18596
0.32258
0.53511
0.6945
0.70589
0.72487
0.75523
0.77041
0.73246
0.72866
0.83492
0.91842
0.89565
0.86529
0.78938
0.65276
0.51993
0.463
0.56547
0.56927
0.53132
0.52373
0.60342
0.6983
0.67933
0.76282
1.0361
1.3928
1.6736
1.8103
1.7533
1.5977
1.4611
1.2638
1.055
0.96016
0.99811
1.0057
0.82733
0.66415
0.57306
0.51613
0.4668
0.48198
0.49716
0.51234
0.5427
0.53511
0.4668
0.51614
0.69071
0.83872
0.81595
0.75902
0.84251
0.86149
0.9298
1.1044
1.4194
1.6774
1.7192
1.5674
1.3055
0.9298
0.60342
0.40608
0.37951
0.44403
0.52372
0.59963
0.59963
0.56547
0.51234
0.44782
0.42885
0.40608
0.34156
0.44403
0.76282
1.222
1.5864
1.8368
1.9924
1.89
1.5788
1.1841
0.82354
0.59204
0.48198
0.57686
0.80836
1.1537
1.5522
1.9203
2.1974
2.3188
2.2771
1.9694
1.5061
1.1993
1.0144
0.83528
0.57979
0.57656
0.76764
0.89089
0.9985
1.1017
1.2222
1.2246
1.1881
1.1699
1.1484
1.088
1.0206
0.92095
0.80636
0.68359
0.60335
0.68353
1.019
1.4801
1.8985
2.1858
2.3506
2.3182
2.1167
1.803
1.4801
1.1651
0.84252
0.70589
0.60722
0.5427
0.40228
0.32638
0.35674
0.29602
0.26186
0.25048
0.32258
0.35295
0.32638
0.33397
0.27325
0.18596
0.11006
0.14801
0.36433
0.59963
0.8539
1.1044
1.4383
1.723
1.8824
1.9279
1.8482
1.6433
1.3131
0.95257
0.58065
0.29602
0.12903
0.075903
0.14801
0.33776
0.57306
0.78179
0.82354
0.91462
1.0133
1.0171
0.9298
0.82734
0.83113
0.75143
0.6224
0.6186
0.73246
0.92601
1.1613
1.4383
1.6357
1.6888
1.6623
1.5522
1.3511
1.0702
0.82733
0.61101
0.48577
0.45921
0.53132
0.60722
0.61481
0.61101
0.56927
0.40987
0.33018
0.44782
0.63758
0.75143
0.67553
0.72107
0.66414
0.53891
0.50095
0.4668
0.48577
0.51993
0.59963
0.65276
0.5427
0.49716
0.52752
0.47059
0.47439
0.47059
0.50854
0.45162
0.5427
0.73625
0.83113
0.78938
0.70969
0.78938
0.74763
0.57306
0.43264
0.47439
0.67173
0.81595
0.89185
0.94878
0.92601
0.80077
0.59963
0.42505
0.32638
0.29602
0.28843
0.33397
0.40608
0.4668
0.50854
0.50096
0.49336
0.55029
0.54649
0.45921
0.37951
0.3909
0.43644
0.33017
0.23909
0.25427
0.40987
0.61481
0.778
0.88047
0.98294
1.1993
1.3511
1.3776
1.3852
1.4573
1.4649
1.3207
1.1044
0.94498
0.83492
0.72487
0.66043
0.63414
0.51064
0.51893
0.69449
0.94128
1.1738
1.2769
1.4332
1.4627
1.367
1.2365
1.1033
0.9778
0.85604
0.8381
0.89182
1.0028
1.139
1.2686
1.3347
1.2757
1.1588
1.0118
0.87424
0.77566
0.72045
0.6124
0.52231
0.38162
0.3081
0.3074
0.36812
0.41746
0.38331
0.48198
0.56927
0.64896
0.7021
0.76282
0.83492
0.78559
0.62999
0.47818
0.40608
0.43644
0.49716
0.57306
0.63758
0.61101
0.62999
0.6224
0.56547
0.44782
0.4706
0.60342
0.63758
0.63758
0.71348
0.88805
0.97534
0.96016
0.81216
0.72487
0.61481
0.47439
0.3909
0.33397
0.34536
0.37951
0.44782
0.51613
0.44403
0.41367
0.47059
0.42885
0.30741
0.25427
0.31499
0.29981
0.25427
0.3112
0.47059
0.56927
0.58445
0.57306
0.58824
0.62619
0.65655
0.70969
0.80077
0.95257
1.0474
1.0361
0.99432
0.89944
0.75523
0.61481
0.50095
0.3833
0.2353
0.14801
0.12904
0.27325
0.55029
0.85769
1.1347
1.2334
1.3131
1.4763
1.6357
1.7078
1.6585
1.5294
1.5598
1.3624
0.99811
0.66035
0.5427
0.72107
0.84631
1.0399
1.279
1.4953
1.5598
1.4725
1.26
0.99811
0.72486
0.49336
0.37572
0.42885
0.6186
0.82354
0.96775
1.0133
0.97534
0.84631
0.67932
0.50475
0.45921
0.59583
0.81595
1.0399
1.1423
1.1917
1.1082
0.96775
0.82354
0.68312
0.55788
0.42126
0.35674
0.29602
0.26186
0.25807
0.33397
0.43264
0.5465
0.67553
0.74384
0.7742
0.75902
0.75902
0.68691
0.5465
0.47059
0.47818
0.52752
0.53132
0.49337
0.51234
0.50095
0.39849
0.31879
0.42562
0.67592
0.99007
1.2446
1.3854
1.3156
1.1556
0.9754
0.69812
0.44169
0.30834
0.3464
0.32821
0.24948
0.23448
0.23456
0.23829
0.19593
0.23388
0.38732
0.49751
0.50071
0.478
0.53277
0.51366
0.44592
0.41875
0.45522
0.48087
0.59638
0.84589
1.1006
1.2562
1.3397
1.3397
1.1575
0.86528
0.57306
0.39849
0.36813
0.463
0.64517
0.83492
0.99052
1.0892
1.1765
1.2714
1.3586
1.4535
1.5712
1.704
1.8065
1.7951
1.6015
1.3359
1.112
0.94498
0.81595
0.76661
0.8577
1.0133
1.1575
1.2562
1.408
1.6205
1.8027
1.833
1.6623
1.4346
1.1385
0.7704
0.43644
0.26945
0.31879
0.47059
0.66035
0.92601
1.26
1.5712
1.7837
1.8444
1.7609
1.537
1.1879
0.83113
0.59204
0.53891
0.7742
1.2372
1.8141
2.3378
2.6756
2.8919
2.9602
2.945
2.9146
2.8539
2.8236
2.7325
2.5465
2.2543
1.9089
1.6243
1.3435
1.0626
0.80456
0.63758
0.55409
0.53131
0.51613
0.47819
0.51234
0.49716
0.40228
0.29222
0.19735
0.21253
0.18596
0.17458
0.16699
0.18596
0.21632
0.19355
0.26566
0.41367
0.63378
0.75523
0.81974
0.83872
0.94498
1.1271
1.2752
1.37
1.3624
1.4194
1.4156
1.2448
1.0702
1.0702
1.3169
1.5712
1.5977
1.4649
1.3814
1.3473
1.2258
0.90703
0.85011
1.1461
1.3928
1.5294
1.6736
2.0304
2.148
1.9355
1.6205
1.2979
1.0209
0.72866
0.53511
0.51614
0.62999
0.82354
0.97155
1.0664
1.0892
1.1385
1.1651
1.093
0.91842
0.83872
0.92221
0.95257
0.86908
0.75902
0.69829
0.70928
0.71697
0.74667
0.79457
0.80882
0.82295
0.7201
0.55904
0.47124
0.53419
0.7017
0.9102
1.042
1.1023
1.0701
1.0096
0.92061
0.83847
0.74868
0.7126
0.73445
0.66892
0.57331
0.50625
0.56495
0.5979
0.5077
0.46203
0.51731
0.57335
0.59963
0.68312
0.91083
1.1689
1.3738
1.537
1.6661
1.6736
1.575
1.3966
1.1271
0.86149
0.66794
0.58824
0.61101
0.75143
0.97914
1.1765
1.2486
1.2258
1.1044
0.88047
0.59963
0.39849
0.29222
0.20114
0.21253
0.24668
0.25048
0.24668
0.2353
0.23909
0.17457
0.091084
0.19735
0.35294
0.48198
0.51993
0.55029
0.64137
0.62999
0.51993
0.43264
0.47439
0.50854
0.48577
0.49337
0.55409
0.62999
0.66035
0.64137
0.57686
0.53511
0.4668
0.3909
0.41367
0.57306
0.88426
1.1271
1.3359
1.4459
1.3928
1.2562
1.0399
0.83113
0.66035
0.59204
0.61481
0.67553
0.76282
0.81974
0.81215
0.74764
0.67933
0.67553
0.71727
0.76282
0.82734
0.96775
1.1271
1.2372
1.3055
1.3852
1.4725
1.4194
1.2372
1.0778
0.88046
0.60722
0.44403
0.47059
0.62619
0.67553
0.68692
0.78559
0.84631
0.83113
0.71348
0.60342
0.51993
0.43644
0.33017
0.24668
0.26566
0.29981
0.3074
0.27325
0.26945
0.22391
0.22771
0.27704
0.34535
0.3871
0.38331
0.463
0.59583
0.78179
0.99811
1.2068
1.4004
1.5408
1.5977
1.5977
1.6243
1.6888
1.7116
1.7002
1.575
1.3093
1.0437
0.87287
0.7742
0.6983
0.64138
0.65276
0.59583
0.45541
0.32258
0.23909
0.25048
0.30361
0.33397
0.34915
0.36054
0.30051
0.2068
0.1091
0.11021
0.18059
0.21241
0.25546
0.26037
0.28785
0.31884
0.37188
0.47958
0.55667
0.62581
0.65478
0.64396
0.62586
0.60769
0.60032
0.55279
0.51586
0.51541
0.44841
0.30569
0.33094
0.5204
0.76864
0.96615
1.1465
1.3076
1.2621
1.0664
0.81974
0.67553
0.57306
0.51993
0.56168
0.67553
0.78938
0.74764
0.63758
0.64137
0.67553
0.6224
0.50475
0.463
0.57306
0.68691
0.80456
0.98673
1.1461
1.1879
1.1044
0.9298
0.74005
0.59204
0.56168
0.59963
0.66414
0.72487
0.70589
0.65655
0.58445
0.61101
0.67173
0.74005
0.84251
0.97914
1.1651
1.3131
1.3738
1.279
1.112
0.96775
0.79318
0.58065
0.40987
0.33018
0.37192
0.41367
0.37192
0.35295
0.50095
0.64517
0.59963
0.60722
0.75523
0.81595
0.7021
0.63379
0.78559
0.86528
0.79318
0.70969
0.64517
0.61101
0.45921
0.37951
0.40987
0.43264
0.41746
0.36813
0.36054
0.31879
0.26186
0.26945
0.28084
0.43644
0.59204
0.59583
0.59963
0.75143
0.96396
0.99052
0.91462
0.87667
0.90324
0.86528
0.71348
0.5465
0.50095
0.4668
0.47439
0.50475
0.67553
0.85769
0.99052
1.1082
1.074
0.98673
0.92221
0.96775
1.0361
1.1006
1.0816
0.97534
0.78559
0.55409
0.33776
0.21253
0.22391
0.29222
0.33776
0.34915
0.41367
0.41746
0.33018
0.29602
0.35674
0.39469
0.32259
0.3909
0.58824
0.75902
0.87288
0.99432
1.1006
1.0588
0.95257
0.79697
0.66035
0.55409
0.50095
0.4668
0.42505
0.463
0.50855
0.62619
0.74384
0.778
0.75143
0.72487
0.66035
0.50475
0.37192
0.34223
0.37374
0.35998
0.38383
0.51222
0.69448
0.91084
1.0845
1.1588
1.0706
1.0694
0.97881
0.75938
0.8311
1.0773
1.422
1.5501
1.6115
1.7484
1.615
1.2989
1.0418
0.97426
1.019
0.96204
0.85301
1.0016
1.2187
1.2287
1.1121
1.0313
1.1271
1.1006
0.98293
0.9336
1.0095
1.1309
1.093
0.99052
0.83113
0.64137
0.463
0.36054
0.42885
0.61481
0.83492
0.94498
1.0095
1.1309
1.112
0.83113
0.73625
0.88426
1.0702
1.0247
0.91463
0.92221
0.76661
0.5427
0.34536
0.33397
0.45921
0.6186
0.77041
0.81974
0.76661
0.78559
0.84251
0.87667
0.80836
0.7818
0.94878
1.0323
0.96016
0.88047
0.96775
1.0474
0.8539
0.82354
1.0247
1.26
1.3435
1.3814
1.537
1.4421
1.1271
0.84252
0.71728
0.75143
0.78559
0.79697
0.81215
0.79318
0.72866
0.56168
0.45541
0.45921
0.56547
0.66414
0.59584
0.77421
1.1385
1.4687
1.6585
1.6926
1.7685
1.6205
1.3321
1.1196
0.96396
0.84252
0.81595
0.87287
0.8501
0.68312
0.48957
0.53132
0.63758
0.72486
0.82733
0.91842
1.0323
1.0057
0.89565
0.74384
0.59583
0.5427
0.53511
0.64137
0.81974
1.0323
1.1765
1.26
1.2979
1.222
1.1537
1.0057
0.94119
0.90324
0.97914
1.1006
1.1651
1.2752
1.3852
1.4953
1.5067
1.4725
1.3662
1.1727
0.89565
0.64896
0.40987
0.2315
0.1594
0.16319
0.28843
0.43644
0.6186
0.67553
0.65276
0.6945
0.62999
0.48198
0.43264
0.50475
0.50475
0.5465
0.6983
0.86908
0.8539
0.74764
0.72107
0.60342
0.45541
0.38331
0.44835
0.61945
0.80683
0.90668
0.86489
0.74984
0.6024
0.47732
0.45952
0.57775
0.86437
1.2508
1.6664
2.067
2.3364
2.4285
2.2936
1.9281
1.499
1.029
0.63636
0.41207
0.34046
0.36945
0.35721
0.38611
0.45245
0.56383
0.7298
0.96431
1.1524
1.203
1.0968
1.0133
0.92601
0.87667
0.87667
0.9336
0.98673
0.87667
0.71348
0.47439
0.3871
0.463
0.67173
0.86528
0.92221
0.95637
0.94878
0.82354
0.66414
0.56927
0.56547
0.53132
0.52373
0.60342
0.66414
0.64137
0.60722
0.61481
0.55029
0.43644
0.38331
0.44403
0.48957
0.49716
0.6224
0.80456
0.94878
1.0019
1.0171
1.0664
0.96396
0.77041
0.5427
0.34536
0.25048
0.18975
0.14801
0.094879
0.12903
0.30361
0.55788
0.80836
0.94878
0.97535
1.074
1.0778
0.95637
0.80077
0.74764
0.84251
0.84251
0.83113
0.8577
0.93739
0.99811
0.93739
0.81595
0.70209
0.5465
0.52752
0.63758
0.88426
1.1347
1.3814
1.7116
1.8786
1.8254
1.5977
1.37
1.2334
1.0778
0.83493
0.7818
0.99052
1.2903
1.3814
1.2941
1.2144
1.0816
0.78938
0.45541
0.21632
0.17078
0.19735
0.24668
0.39849
0.63378
0.98293
1.3093
1.6129
1.7913
1.8179
1.6357
1.2486
0.92221
0.70209
0.48198
0.36433
0.40987
0.50475
0.50475
0.41746
0.43644
0.48198
0.50854
0.58824
0.62999
0.62619
0.68692
0.78559
0.80077
0.72487
0.65656
0.66414
0.57306
0.37192
0.29223
0.33777
0.42885
0.48577
0.4668
0.47818
0.45921
0.48957
0.60722
0.68312
0.70969
0.75143
0.80836
0.73625
0.55788
0.42885
0.48577
0.56577
0.60785
0.73196
0.87693
1.0201
1.0845
1.1228
1.1426
1.1118
1.0634
1.0191
0.95012
0.80974
0.64029
0.53511
0.47671
0.34744
0.42505
0.7053
1.0863
1.4135
1.6388
1.899
1.9843
1.8958
1.6345
1.2895
1.0182
0.78917
0.55175
0.39909
0.39849
0.50095
0.59204
0.60342
0.60342
0.67553
0.79697
0.95637
1.1651
1.4535
1.7382
1.7989
1.6395
1.3435
1.0171
0.68312
0.44023
0.25807
0.1594
0.14421
0.20494
0.33776
0.41367
0.53132
0.67933
0.80456
0.89565
0.91842
0.90703
0.77041
0.73246
0.79697
0.84631
0.81595
0.77041
0.99432
1.1993
1.3093
1.2827
1.2258
1.1955
1.0019
0.70589
0.47818
0.39849
0.38331
0.38331
0.4668
0.5389
0.45921
0.47439
0.70589
1.055
1.2903
1.4156
1.408
1.575
1.7989
1.9621
2.057
2.1822
2.482
2.5162
2.4213
2.3036
2.2467
2.1594
2.0494
1.8217
1.4953
1.1196
0.73625
0.56547
0.53132
0.64517
0.88426
1.2372
1.685
1.9924
2.1253
2.0873
1.8672
1.6205
1.4118
1.2941
1.2144
1.1309
1.0247
0.90703
0.68691
0.463
0.33018
0.33018
0.44782
0.51234
0.59583
0.64896
0.67553
0.70589
0.70969
0.7021
0.59583
0.52752
0.43264
0.32638
0.31879
0.35674
0.47818
0.48198
0.48957
0.47059
0.45541
0.45162
0.45541
0.51993
0.6224
0.78179
0.9298
1.1234
1.3511
1.5826
1.7002
1.6774
1.5332
1.3435
1.1917
1.0512
1.0095
1.0057
0.97914
0.87667
0.73625
0.63378
0.48577
0.36054
0.36433
0.44403
0.47059
0.39849
0.35295
0.35294
0.28843
0.21632
0.22391
0.34602
0.44201
0.45045
0.48522
0.57557
0.63534
0.65032
0.67616
0.74916
0.71992
0.59265
0.44647
0.32073
0.33604
0.46567
0.74484
1.0025
1.1846
1.2674
1.215
1.0514
0.80336
0.5884
0.41421
0.30837
0.24286
0.18442
0.16401
0.21113
0.32762
0.40667
0.40987
0.463
0.51234
0.50475
0.36433
0.34156
0.41746
0.43264
0.34915
0.29982
0.38331
0.35294
0.28084
0.25048
0.37192
0.55409
0.77041
1.074
1.3359
1.5029
1.5636
1.518
1.4497
1.3511
1.2827
1.2372
1.2068
1.2524
1.3473
1.427
1.4459
1.4232
1.3055
1.0816
0.75902
0.44782
0.20873
0.072107
0.045542
0.056927
0.083492
0.10626
0.12903
0.12903
0.18596
0.27704
0.38331
0.48957
0.65655
0.87288
1.0133
1.074
1.0323
0.92601
0.77041
0.66794
0.61101
0.56168
0.50096
0.53511
0.60342
0.58445
0.44782
0.39469
0.45162
0.50095
0.47818
0.4668
0.53132
0.58445
0.57306
0.48957
0.41746
0.36433
0.29222
0.17837
0.12524
0.11765
0.1518
0.12524
0.12903
0.18217
0.25048
0.3112
0.3909
0.4668
0.53132
0.62999
0.71348
0.71348
0.65276
0.59583
0.53131
0.37572
0.25427
0.25807
0.29981
0.41746
0.61101
0.86908
1.0512
1.1234
1.0968
0.97534
0.81215
0.55409
0.36433
0.32638
0.39849
0.52372
0.5427
0.57306
0.60342
0.51613
0.38331
0.28843
0.30361
0.33776
0.33018
0.40987
0.59204
0.78179
0.99432
1.1651
1.2182
1.1006
0.98293
0.8539
0.70209
0.56927
0.49337
0.49336
0.463
0.44403
0.39469
0.3112
0.30741
0.42885
0.55788
0.61481
0.58065
0.59963
0.61101
0.49716
0.40288
0.42302
0.53318
0.60493
0.55323
0.67232
0.81196
0.90625
0.92353
0.87935
0.922
0.93218
0.88511
0.7233
0.55331
0.56425
0.56785
0.47284
0.48726
0.6655
0.922
1.0562
1.2382
1.422
1.4255
1.268
1.009
0.86949
0.74702
0.60405
0.48245
0.41367
0.42885
0.37951
0.31499
0.315
0.42505
0.5465
0.64517
0.64896
0.59963
0.50854
0.33017
0.20494
0.14421
0.16319
0.18976
0.2315
0.36433
0.48957
0.62999
0.72866
0.78179
0.77041
0.76661
0.778
0.78938
0.86908
1.0057
1.1841
1.2144
1.0778
1.0171
1.0816
1.1651
1.1727
1.0209
1.1537
1.3435
1.4004
1.4194
1.4687
1.6736
1.6926
1.518
1.2638
0.95257
0.73245
0.51993
0.37951
0.39469
0.59583
0.91841
1.1727
1.37
1.4194
1.3017
1.093
0.89185
0.75902
0.6945
0.61101
0.63378
0.71348
0.6945
0.53132
0.4706
0.5427
0.463
0.37192
0.32638
0.34535
0.27704
0.2353
0.28084
0.22012
0.18217
0.22012
0.3074
0.35674
0.42885
0.51993
0.59204
0.6186
0.59963
0.55788
0.49337
0.52752
0.62999
0.72866
0.69451
0.76661
0.94878
1.0588
0.97534
0.79698
0.84251
0.84631
0.78938
0.70969
0.68312
0.72487
0.68691
0.64517
0.56168
0.48198
0.45541
0.48957
0.56547
0.6224
0.62999
0.61481
0.62619
0.66035
0.72866
0.83492
0.98673
1.093
1.1309
1.112
1.0019
0.84251
0.70969
0.69451
0.6983
0.67933
0.6186
0.55029
0.44403
0.28084
0.21632
0.19735
0.28084
0.39469
0.56927
0.78559
0.96396
1.0854
1.0892
1.0209
0.88426
0.67932
0.44403
0.29982
0.33018
0.47487
0.66088
0.84051
0.92155
0.88708
0.76091
0.56916
0.40304
0.389
0.52643
0.75966
0.95371
1.114
1.2024
1.1841
1.152
1.0488
0.84544
0.73416
0.67275
0.58535
0.40836
0.3741
0.53276
0.654
0.72771
0.84269
0.96986
1.0424
1.0932
1.1675
1.26
1.3017
1.3473
1.2524
1.074
0.86908
0.71728
0.66794
0.71348
0.88806
1.0892
1.2448
1.279
1.1955
1.0133
0.83493
0.73245
0.62999
0.49716
0.48957
0.58824
0.6224
0.5465
0.55788
0.62999
0.57686
0.59204
0.71728
0.94119
1.0854
1.2638
1.5218
1.6623
1.7078
1.6205
1.4763
1.2714
0.98673
0.74384
0.49716
0.315
0.26566
0.33397
0.43643
0.39849
0.44403
0.50475
0.44403
0.42505
0.48198
0.64137
0.62999
0.6262
0.81215
1.0209
1.2714
1.5484
1.9241
2.2277
2.2847
2.1063
1.6964
1.2714
0.89944
0.61101
0.35674
0.33018
0.54649
0.74384
0.83872
0.86149
0.90703
0.81974
0.65655
0.45541
0.33017
0.24668
0.26945
0.35674
0.48198
0.71728
0.99052
1.3738
1.7723
2.1556
2.4061
2.4858
2.3985
2.0418
1.685
1.4194
1.2486
1.1196
0.97535
0.99432
1.0854
1.1423
1.2562
1.3624
1.4953
1.5218
1.3283
1.0778
0.78559
0.56547
0.40987
0.35674
0.47439
0.60342
0.6983
0.74764
0.82354
0.88426
0.80077
0.65655
0.47439
0.36813
0.35295
0.48577
0.69071
0.83872
0.91462
0.89185
0.78179
0.56167
0.3074
0.20114
0.33017
0.6186
0.99811
1.4156
1.7951
1.9583
1.8406
1.5636
1.2524
0.89565
0.59963
0.44403
0.43644
0.42505
0.40228
0.4668
0.58824
0.73235
0.79648
0.86295
0.92155
0.97209
0.97435
0.89254
0.76033
0.70177
0.607
0.50486
0.44279
0.46892
0.57502
0.64394
0.71247
0.73407
0.75209
0.74857
0.7234
0.66544
0.70175
0.75644
0.67982
0.55808
0.60202
0.7019
0.67211
0.57106
0.55524
0.65286
0.66414
0.66414
0.6224
0.56927
0.56927
0.58824
0.61101
0.66415
0.7742
0.87667
0.80836
0.83872
0.98673
1.1879
1.4194
1.5484
1.5788
1.5256
1.3662
0.97155
0.66794
0.52373
0.60342
0.60722
0.67174
1.0361
1.3814
1.8065
2.205
2.5124
2.5465
2.2885
1.8634
1.3359
0.88426
0.55409
0.42126
0.48577
0.66414
0.89185
1.0588
1.1917
1.3321
1.408
1.3549
1.1347
1.0247
1.0171
1.1082
1.2676
1.4877
1.7609
1.8103
1.6509
1.3359
0.94878
0.70589
0.58445
0.59963
0.65655
0.66414
0.67933
0.67553
0.65655
0.61481
0.58065
0.55409
0.5465
0.4668
0.35674
0.22391
0.19355
0.33397
0.57306
0.80077
0.97155
1.055
0.99812
0.84631
0.58824
0.32638
0.15181
0.1556
0.31879
0.49336
0.67173
0.74384
0.72107
0.70969
0.64137
0.47439
0.35674
0.38331
0.47439
0.48577
0.50855
0.66794
0.88046
1.0361
1.0512
1.0968
1.3397
1.6547
1.8824
2.0532
2.2619
2.3985
2.2619
1.9355
1.5067
1.1309
0.97914
0.926
0.85769
0.70969
0.74005
0.91841
0.97914
0.93739
0.95258
1.1461
1.2372
1.0816
0.92981
0.91842
0.89185
0.78179
0.66794
0.64137
0.57686
0.52373
0.60342
0.80077
1.0437
1.2714
1.4042
1.3207
1.1993
1.0474
0.8501
0.73246
0.74764
0.88426
0.90323
0.7967
0.70191
0.62327
0.52642
0.42625
0.29587
0.27061
0.24139
0.20426
0.18979
0.18285
0.30146
0.37293
0.44346
0.45833
0.41792
0.42891
0.41398
0.38036
0.33146
0.27821
0.2812
0.23481
0.16094
0.18299
0.2921
0.50102
0.69076
0.81412
0.85658
0.80805
0.77041
0.7742
0.84251
0.8539
0.7818
0.92221
1.0361
0.90323
0.66035
0.59204
0.67173
0.58065
0.44782
0.39849
0.40228
0.41367
0.45541
0.39469
0.44024
0.57306
0.58445
0.53132
0.51614
0.57685
0.47059
0.37192
0.39849
0.3871
0.29222
0.21253
0.21632
0.22012
0.26945
0.39469
0.55788
0.72487
0.88047
1.0626
1.2941
1.5067
1.685
1.7533
1.6281
1.4459
1.2296
0.96016
0.67553
0.44403
0.43644
0.44782
0.39469
0.41367
0.47819
0.6186
0.73625
0.83492
0.94878
1.0512
1.222
1.3928
1.5067
1.537
1.4763
1.3169
1.1006
0.98293
0.9298
0.91842
0.83493
0.82354
0.80836
0.66415
0.64137
0.64137
0.71348
0.74764
0.80456
0.96016
1.0057
1.0247
0.99432
0.9336
0.8539
0.66414
0.51614
0.41367
0.3909
0.38331
0.38331
0.42505
0.37192
0.35295
0.39849
0.47818
0.51993
0.55788
0.56927
0.50855
0.49716
0.56168
0.58065
0.51614
0.48198
0.47059
0.3909
0.30361
0.33777
0.43644
0.48577
0.48957
0.53132
0.56927
0.62999
0.74764
0.87667
0.93739
0.89565
0.78938
0.6224
0.51234
0.49716
0.5427
0.53511
0.58065
0.59583
0.50475
0.35674
0.27325
0.34915
0.4668
0.64896
0.78559
0.83493
0.78939
0.72486
0.54649
0.42126
0.37572
0.42126
0.55788
0.64896
0.72866
0.62999
0.52752
0.52033
0.59648
0.72821
0.91783
1.153
1.2899
1.1921
1.0736
1.072
1.0922
1.0909
1.0361
1.0604
1.0741
0.97397
0.8381
0.67644
0.58229
0.61846
0.58195
0.50853
0.53378
0.63967
0.72376
0.66505
0.73878
0.80937
0.71313
0.60101
0.64168
0.81183
0.88046
0.93739
0.97914
0.96016
0.81595
0.67173
0.53131
0.36813
0.33777
0.41746
0.58065
0.64517
0.64896
0.65276
0.61101
0.56168
0.47059
0.41746
0.37192
0.36054
0.33397
0.30361
0.33397
0.3871
0.47439
0.60722
0.73625
0.78179
0.70969
0.58824
0.49336
0.36053
0.21632
0.12903
0.1518
0.22012
0.28843
0.35674
0.44403
0.50095
0.49337
0.50095
0.45921
0.40987
0.32258
0.26186
0.25807
0.32258
0.45541
0.5427
0.57306
0.58445
0.56168
0.47059
0.34915
0.28463
0.29981
0.27704
0.30361
0.37192
0.44023
0.51234
0.56168
0.58824
0.53511
0.44782
0.37192
0.35295
0.40608
0.56927
0.74005
0.84631
0.84252
0.778
0.778
0.86149
1.0285
1.26
1.5598
1.8141
1.9014
1.7875
1.5902
1.3169
1.0361
0.80456
0.72107
0.78559
0.85769
0.91842
0.94878
0.96775
0.95257
0.90703
0.77041
0.66415
0.74384
0.85769
0.90323
0.77421
0.70589
0.66414
0.48957
0.29602
0.14042
0.16699
0.23909
0.26566
0.34915
0.52752
0.6945
0.71728
0.64517
0.66414
0.6186
0.463
0.34915
0.3112
0.35674
0.47059
0.61101
0.65276
0.63758
0.74384
0.90323
0.98673
1.1385
1.3852
1.6167
1.6774
1.5712
1.3549
1.1499
0.96016
0.78559
0.6262
0.55788
0.53511
0.41367
0.3112
0.29982
0.45921
0.77041
1.1917
1.5836
1.8229
1.8639
1.7344
1.4702
1.1432
0.85593
0.67982
0.61039
0.67264
0.82469
1.0218
1.2246
1.4265
1.5821
1.5889
1.5182
1.4336
1.3814
1.3365
1.2846
1.2074
1.0539
0.84794
0.63927
0.49064
0.40001
0.41392
0.45453
0.45352
0.42941
0.34915
0.24668
0.17458
0.19735
0.22391
0.2315
0.21253
0.23909
0.29981
0.36053
0.42885
0.40228
0.45162
0.43644
0.45162
0.53131
0.59204
0.60722
0.78559
1.0474
1.0209
0.96017
1.0664
1.2144
0.99053
0.92981
1.1423
1.1917
0.96017
0.83493
0.90702
0.75522
0.56168
0.5465
0.78179
0.99431
0.99432
0.92981
0.98805
0.95589
0.73552
