0.54604
0.5412
0.5246
0.49118
0.58474
0.66159
0.79525
1.0826
1.4535
1.7977
2.0048
1.9748
1.7242
1.4769
1.2497
1.0425
0.72842
0.76518
1.106
1.3232
1.38
1.3967
1.5103
1.4
1.1561
0.89215
0.68498
0.49118
0.38426
0.29738
0.2506
0.32746
0.49452
0.72842
0.90552
1.0291
1.0492
0.99239
0.89883
0.81864
0.75849
0.72508
0.69501
0.62818
0.5413
0.48116
0.48116
0.53462
0.64489
0.7351
0.74847
0.67496
0.58808
0.49452
0.37089
0.28736
0.2506
0.29738
0.36421
0.46445
0.60145
0.75181
0.97234
1.1728
1.3332
1.4
1.3967
1.3232
1.106
0.86876
0.70503
0.60479
0.53796
0.45777
0.49787
0.66159
0.89883
1.1895
1.5036
1.8745
2.1051
2.0382
1.7041
1.3366
0.9289
0.60145
0.4277
0.45443
0.60479
0.73845
0.969
1.1962
1.3599
1.39
1.2931
1.1194
0.98237
0.83869
0.74513
0.76852
0.84871
0.90217
0.80862
0.69167
0.59143
0.51123
0.51457
0.61147
0.7184
0.78188
0.75849
0.66828
0.55801
0.43104
0.36087
0.34416
0.35085
0.36421
0.40097
0.42436
0.40431
0.31409
0.25729
0.23056
0.1537
0.15705
0.20048
0.22053
0.26397
0.3876
0.57138
0.65157
0.6382
0.64155
0.58808
0.45109
0.27399
0.14034
0.10358
0.14034
0.20717
0.28736
0.33414
0.35753
0.36087
0.37758
0.39762
0.38092
0.46779
0.63152
0.89215
1.1595
1.4468
1.6774
1.781
1.7275
1.5003
1.1895
0.82198
0.57472
0.42436
0.40431
0.47114
0.51791
0.53462
0.47114
0.40765
0.38092
0.3876
0.51791
0.69501
0.85539
0.89549
0.81196
0.73845
0.61147
0.41158
0.36278
0.55959
0.94401
1.3196
1.6455
1.9776
2.1471
2.0483
1.6818
1.3756
1.1724
1.0456
0.91615
0.78987
0.80879
0.80882
0.75832
0.72668
0.75854
0.88581
1.0262
1.0625
1.0192
0.88226
0.72096
0.55752
0.38522
0.23768
0.21245
0.29808
0.5246
0.76184
0.98905
1.1528
1.2196
1.2029
1.0358
0.88547
0.7351
0.64155
0.59143
0.58808
0.55467
0.47114
0.3876
0.3308
0.31075
0.30072
0.42101
0.6382
0.88881
1.1361
1.2931
1.3366
1.2062
1.0291
0.89549
0.75515
0.66159
0.60145
0.66159
0.66828
0.56469
0.4277
0.31743
0.27733
0.24058
0.26063
0.31743
0.39762
0.38092
0.46779
0.67162
0.94227
1.2029
1.4167
1.5838
1.5838
1.3666
1.0659
0.88881
0.8153
0.86208
0.89883
0.97568
1.0158
0.89215
0.72174
0.61147
0.49452
0.40097
0.48784
0.67496
0.79525
0.74847
0.71171
0.77854
0.78857
0.78188
0.81196
0.84537
0.83535
0.75515
0.6382
0.47782
0.35419
0.37758
0.59477
0.88213
1.1695
1.4702
1.6807
1.7375
1.5638
1.2764
1.0759
0.92556
0.77186
0.63152
0.63152
0.74179
0.78523
0.81864
0.92222
1.0893
1.2196
1.2463
1.1996
1.0559
0.90217
0.76518
0.69167
0.63152
0.55467
0.55467
0.66828
0.83535
1.0392
1.2697
1.5237
1.7208
1.7208
1.6206
1.3967
1.1394
0.90886
0.72842
0.65825
0.69501
0.82866
0.97234
1.0492
1.0258
0.95229
0.81864
0.68833
0.58808
0.53462
0.52126
0.5246
0.50455
0.43772
0.3308
0.24058
0.21385
0.26731
0.3876
0.50455
0.63486
0.75849
0.82198
0.76184
0.62818
0.51457
0.3876
0.30142
0.3595
0.54637
0.75731
0.91339
1.0805
1.1364
1.0352
0.81355
0.60829
0.53779
0.58308
0.74573
0.96022
1.2077
1.4328
1.5362
1.4556
1.2404
0.99905
0.79688
0.65326
0.6048
0.66913
0.74994
0.82806
0.85478
0.87527
0.89207
0.93626
1.0582
1.2196
1.3934
1.4969
1.4736
1.3399
1.1661
0.97234
0.81196
0.73176
0.77186
0.93225
1.1962
1.5671
1.9981
2.3657
2.623
2.7065
2.5896
2.3056
1.9614
1.654
1.4836
1.5103
1.7141
2.0249
2.3256
2.5595
2.6196
2.4826
2.2153
1.8578
1.4435
1.0459
0.73176
0.53462
0.36755
0.24392
0.18043
0.14702
0.20717
0.33748
0.53128
0.70837
0.78857
0.79191
0.74513
0.69167
0.65157
0.64155
0.63152
0.67496
0.8153
0.97234
1.1561
1.3399
1.5404
1.6607
1.527
1.2798
1.0525
0.86542
0.76518
0.73845
0.7184
0.74513
0.77854
0.83535
0.89215
0.91888
0.92556
0.9289
0.90886
0.82532
0.72508
0.64489
0.68164
0.69167
0.64823
0.57472
0.48116
0.40765
0.33748
0.31743
0.32077
0.32411
0.29404
0.32746
0.41433
0.45109
0.46445
0.51457
0.59477
0.58474
0.48784
0.41099
0.32077
0.21385
0.1938
0.28068
0.44775
0.60813
0.7184
0.7752
0.72508
0.61147
0.51791
0.49787
0.53796
0.61147
0.6783
0.70503
0.61816
0.47114
0.31409
0.22721
0.23724
0.2907
0.37424
0.44106
0.56804
0.71171
0.83869
0.94895
1.0392
1.0358
0.90552
0.75515
0.55133
0.33748
0.23056
0.31075
0.53796
0.69835
0.79191
0.8153
0.84203
0.81196
0.7184
0.64489
0.65825
0.76518
0.84871
0.94561
1.0592
1.1494
1.2114
1.2647
1.2447
1.1892
1.0663
0.95437
0.86614
0.8076
0.76552
0.71413
0.76188
0.90746
1.1116
1.2521
1.3642
1.3546
1.1889
1.0482
0.92279
0.83784
0.78734
0.7493
0.80395
0.89107
0.98853
1.0773
1.1637
1.3199
1.4915
1.4799
1.3679
1.2463
1.1695
1.126
1.0626
1.0191
0.97568
0.9122
0.80193
0.6783
0.57806
0.48784
0.36421
0.32411
0.36755
0.40765
0.39094
0.3876
0.53796
0.69501
0.78188
0.82866
0.88881
0.93559
0.8721
0.76184
0.66828
0.61816
0.54799
0.45443
0.43104
0.39428
0.30741
0.25395
0.38426
0.5814
0.74847
0.82866
0.84537
0.81196
0.65157
0.46445
0.25729
0.13031
0.0969
0.13366
0.18378
0.22053
0.21051
0.21719
0.27065
0.35085
0.48784
0.67496
0.89549
1.1027
1.253
1.2965
1.243
1.1194
0.96232
0.73176
0.55133
0.43772
0.34082
0.24726
0.17709
0.21051
0.17041
0.16707
0.21719
0.39428
0.65491
0.88881
1.1561
1.2363
1.1628
0.98905
0.75181
0.56135
0.39094
0.38426
0.52126
0.65491
0.76184
0.83535
0.9289
1.0058
1.0492
1.1127
1.1628
1.2096
1.2363
1.2096
1.1394
1.0124
0.85205
0.69167
0.57138
0.53462
0.55801
0.6382
0.76852
0.84537
0.85205
0.78523
0.63486
0.51791
0.47782
0.52794
0.58808
0.6783
0.84871
0.95898
0.99239
0.89215
0.78188
0.66828
0.57472
0.45109
0.3308
0.31409
0.37424
0.55133
0.72508
0.9289
1.0692
1.1428
1.1428
1.096
1.1027
1.1762
1.3265
1.4702
1.6339
1.6506
1.5404
1.3165
1.0759
0.92222
0.78523
0.72174
0.66494
0.65157
0.66494
0.68833
0.75499
0.90391
1.0967
1.2579
1.3489
1.3485
1.2424
1.032
0.82315
0.70453
0.68534
0.77124
0.93855
1.0859
1.1639
1.1449
1.0196
0.83103
0.57046
0.37278
0.32288
0.37477
0.56605
0.75614
0.92092
0.96084
0.85804
0.73107
0.5534
0.33965
0.18112
0.15036
0.22721
0.30741
0.43104
0.6382
0.84871
1.0024
1.0559
1.0258
0.89215
0.69835
0.53462
0.41433
0.2907
0.27733
0.40431
0.6382
0.88881
1.1327
1.4201
1.6506
1.7609
1.8043
1.7542
1.6306
1.4736
1.2898
1.126
0.97234
0.78523
0.60813
0.59143
0.60479
0.57138
0.47114
0.46111
0.54465
0.58808
0.70503
0.8721
1.0525
1.1194
1.1661
1.1294
1.0358
0.92222
0.77854
0.64489
0.53462
0.4444
0.32746
0.23056
0.20048
0.27065
0.27733
0.30741
0.47448
0.6783
0.83869
0.9289
1.0258
1.096
1.0893
1.0559
1.0492
1.0793
1.106
1.096
0.969
0.80862
0.67496
0.57472
0.51123
0.49118
0.59143
0.75849
0.96566
1.1194
1.1327
1.0492
0.95898
0.80862
0.55801
0.3475
0.30072
0.36421
0.42101
0.56804
0.80193
1.0492
1.243
1.3165
1.2163
1.1294
1.0626
0.99573
0.88881
0.77186
0.73845
0.64823
0.50789
0.37089
0.24392
0.27065
0.45443
0.65825
0.86542
0.97903
1.0559
1.0291
0.85874
0.63152
0.42101
0.28068
0.23724
0.21719
0.23056
0.24392
0.20382
0.20382
0.21719
0.22053
0.32077
0.4845
0.67496
0.80193
0.94227
1.1461
1.3265
1.4702
1.5905
1.7074
1.7676
1.7977
1.781
1.7977
1.8478
1.9146
1.9413
1.9146
1.8879
1.7977
1.7108
1.5771
1.4535
1.4012
1.3935
1.4781
1.5388
1.6086
1.6132
1.4832
1.2367
0.89986
0.57288
0.30306
0.21358
0.30421
0.47099
0.6186
0.71393
0.72661
0.6504
0.53196
0.38912
0.29312
0.24906
0.29145
0.36977
0.50974
0.66893
0.8222
0.92764
0.98843
0.95715
0.79498
0.69835
0.66494
0.70169
0.70837
0.72508
0.74179
0.64823
0.47448
0.28736
0.21385
0.26731
0.4444
0.65825
0.8153
0.8721
0.8153
0.69167
0.51791
0.32746
0.17709
0.13031
0.17041
0.23056
0.2506
0.30072
0.39428
0.49118
0.49787
0.45109
0.50121
0.50789
0.41099
0.41767
0.58808
0.79859
0.95229
1.1561
1.4468
1.5771
1.5705
1.4969
1.37
1.1762
1.0058
0.88547
0.82532
0.79859
0.78188
0.79859
0.77854
0.78857
0.82198
0.90217
1.0392
1.1661
1.2764
1.3198
1.3165
1.2597
1.2096
1.1829
1.1929
1.2296
1.2363
1.2864
1.3165
1.3934
1.5136
1.6339
1.7275
1.7609
1.7442
1.6072
1.3733
1.096
0.87878
0.67162
0.48116
0.36421
0.34082
0.37424
0.34416
0.31409
0.40097
0.54465
0.70169
0.9122
1.2296
1.6172
1.8411
1.8812
1.7576
1.527
1.2597
0.97903
0.78857
0.68164
0.6382
0.65157
0.71171
0.82866
0.95898
1.1595
1.37
1.5838
1.7676
1.801
1.6473
1.3867
1.2263
1.0592
0.8153
0.56804
0.55467
0.63152
0.64823
0.63486
0.57806
0.65491
0.76518
0.90217
1.0158
1.1093
1.2296
1.263
1.116
0.86876
0.63152
0.4444
0.34082
0.30741
0.28402
0.28402
0.27733
0.30072
0.34416
0.35085
0.33414
0.3475
0.40097
0.41433
0.37089
0.29738
0.29404
0.27399
0.22793
0.19579
0.21403
0.31552
0.47869
0.62986
0.72731
0.74327
0.73346
0.70773
0.65977
0.66942
0.74255
0.93504
1.1294
1.3014
1.3141
1.1643
1.0802
1.0211
0.93336
0.77485
0.68208
0.70139
0.62363
0.52867
0.5247
0.59311
0.71086
0.81749
0.87494
0.82198
0.66159
0.50121
0.40097
0.31075
0.2339
0.28068
0.48116
0.70837
0.88547
1.086
1.37
1.5938
1.6506
1.6239
1.5003
1.3432
1.2096
1.0926
1.0525
1.0191
1.0525
1.106
1.1093
1.1361
1.2062
1.2697
1.2998
1.2664
1.1795
0.97903
0.68833
0.48784
0.4277
0.49452
0.57138
0.57806
0.60813
0.74847
0.88881
1.0024
1.1361
1.3833
1.6206
1.674
1.644
1.507
1.3132
1.0726
0.87544
0.75515
0.64823
0.57138
0.49787
0.4444
0.36087
0.29404
0.24726
0.30407
0.35753
0.37424
0.3876
0.37424
0.30072
0.2506
0.3308
0.54799
0.79859
1.0592
1.3967
1.6506
1.7776
1.7475
1.5504
1.2664
0.99239
0.72508
0.50789
0.33748
0.28402
0.31743
0.36421
0.4444
0.60479
0.83535
1.1528
1.4568
1.674
1.8177
1.7743
1.537
1.3299
1.1929
1.1595
1.2029
1.3265
1.5203
1.4836
1.2664
1.086
0.97234
0.95229
1.0091
1.1194
1.1795
1.1093
0.99907
0.87878
0.79191
0.76518
0.8153
0.832
0.72508
0.59143
0.4277
0.27065
0.16707
0.12029
0.12697
0.10024
0.11027
0.24726
0.51123
0.86876
1.2263
1.5404
1.6774
1.527
1.3633
1.116
0.8721
0.65825
0.55801
0.56804
0.50121
0.45777
0.45777
0.47448
0.55467
0.72842
0.8721
0.86208
0.7752
0.77186
0.76184
0.65834
0.48923
0.4835
0.60956
0.74394
0.91229
1.0882
1.3133
1.4791
1.5045
1.3819
1.1314
0.90387
0.68221
0.48727
0.38363
0.41612
0.58022
0.82174
1.1094
1.4229
1.7008
1.886
1.9809
1.9487
1.8521
1.6735
1.4441
1.2096
0.97377
0.75166
0.59477
0.48784
0.40097
0.31075
0.36421
0.57138
0.71171
0.71506
0.69167
0.80862
0.86208
0.83535
0.77854
0.76852
0.75181
0.77854
0.8721
1.0258
1.2163
1.4134
1.527
1.3867
1.2397
1.0893
0.93559
0.76184
0.64823
0.72174
0.78188
0.81196
0.90886
1.0626
1.2664
1.3031
1.1227
0.97903
0.82866
0.74179
0.68164
0.6783
0.73845
0.66494
0.55801
0.47114
0.40431
0.30741
0.24058
0.29404
0.37089
0.36421
0.27733
0.30407
0.41433
0.50455
0.61147
0.76518
0.93225
0.95898
0.85205
0.80527
0.7351
0.66159
0.63152
0.67496
0.77186
0.71506
0.59477
0.56135
0.52794
0.45777
0.39762
0.46445
0.59143
0.64489
0.65491
0.69501
0.74513
0.72508
0.64823
0.54465
0.51791
0.51123
0.48116
0.39762
0.45443
0.59811
0.72174
0.85874
1.0091
1.1695
1.1829
1.086
0.98571
0.81196
0.6382
0.50121
0.40097
0.31075
0.19714
0.14368
0.13366
0.137
0.14368
0.14702
0.18712
0.24058
0.24058
0.24058
0.23724
0.26063
0.23724
0.22053
0.24058
0.2907
0.37758
0.43438
0.49787
0.51457
0.5246
0.46445
0.3876
0.40097
0.51791
0.75849
1.0726
1.4936
1.8879
2.2187
2.4392
2.5495
2.5328
2.3457
2.0884
1.7242
1.3432
0.95229
0.60479
0.36087
0.24392
0.2907
0.39428
0.50455
0.59143
0.62484
0.58808
0.55166
0.55885
0.60916
0.73107
0.92641
1.1451
1.3099
1.3548
1.3393
1.2386
1.0157
0.79346
0.57046
0.38989
0.26498
0.16374
0.14991
0.17031
0.19379
0.1865
0.2028
0.21888
0.2448
0.23709
0.23597
0.34454
0.43259
0.54703
0.6908
0.82393
0.95822
1.0291
1.0225
1.0291
0.99907
0.94895
0.84537
0.71506
0.61147
0.46445
0.3308
0.21719
0.14368
0.16373
0.18712
0.21719
0.20717
0.21719
0.28736
0.3876
0.60813
0.83869
1.1093
1.3332
1.4335
1.38
1.1996
0.98905
0.76184
0.63486
0.63486
0.70837
0.76518
0.79191
0.82532
0.87544
0.96232
1.0759
1.2029
1.3366
1.4401
1.5136
1.4836
1.4502
1.39
1.3366
1.3031
1.2463
1.2296
1.1628
1.1528
1.1428
1.0993
0.99573
0.82198
0.68164
0.5246
0.45777
0.46445
0.55467
0.70169
0.86208
0.99239
1.0592
1.0525
0.9122
0.72508
0.52794
0.35419
0.26063
0.25395
0.42101
0.69501
0.97234
1.2831
1.5103
1.6373
1.6005
1.4368
1.243
1.0291
0.832
0.6215
0.53462
0.47782
0.42436
0.32746
0.25729
0.26397
0.2506
0.28402
0.32746
0.43438
0.46445
0.44106
0.41433
0.35085
0.27399
0.19046
0.24058
0.39428
0.61481
0.86876
1.1227
1.2864
1.2129
1.1829
1.2029
1.2363
1.2564
1.2497
1.2697
1.2163
1.0626
0.88881
0.77186
0.75849
0.82532
0.77186
0.69167
0.61481
0.47114
0.35419
0.35419
0.47448
0.60479
0.69167
0.832
0.969
1.0559
1.126
1.1294
1.0993
0.99573
0.87878
0.76518
0.70169
0.71171
0.78523
0.86542
0.93893
0.98237
0.89883
0.7351
0.56135
0.45109
0.38822
0.38611
0.41057
0.43155
0.4161
0.38089
0.36217
0.32028
0.31133
0.30891
0.31958
0.32681
0.31412
0.3441
0.4291
0.58353
0.77407
0.97594
1.1085
1.1251
1.0188
0.85138
0.71099
0.57858
0.49995
0.50903
0.60667
0.73435
0.78736
0.87056
0.97155
1.0592
1.1027
1.116
1.086
0.97903
0.86208
0.73845
0.60813
0.47448
0.4845
0.57806
0.64155
0.64823
0.65825
0.64823
0.54799
0.39762
0.27733
0.31743
0.4845
0.76852
1.116
1.4736
1.7743
1.9447
1.9714
1.8946
1.7643
1.5905
1.4201
1.2731
1.1728
1.116
0.99907
0.82532
0.66828
0.57472
0.50789
0.42101
0.32411
0.32746
0.35085
0.35419
0.31075
0.31743
0.39094
0.4277
0.39762
0.31075
0.26397
0.19714
0.21719
0.32746
0.52794
0.69167
0.72508
0.77854
0.84203
0.82866
0.70169
0.55467
0.59477
0.66159
0.66159
0.62484
0.57138
0.64155
0.7351
0.83869
0.88881
0.9122
0.98237
0.96232
0.83869
0.62818
0.42436
0.31743
0.2506
0.21719
0.17375
0.15036
0.18378
0.27399
0.3876
0.45777
0.50789
0.5413
0.52794
0.43438
0.29404
0.27065
0.3475
0.43104
0.51123
0.55467
0.61147
0.60479
0.5413
0.49118
0.39762
0.32746
0.32411
0.37424
0.40097
0.37089
0.38092
0.42436
0.39094
0.2907
0.21051
0.19046
0.18378
0.14702
0.17375
0.24726
0.35085
0.43772
0.45109
0.44775
0.46445
0.46445
0.41767
0.31075
0.40097
0.57138
0.66159
0.64823
0.59477
0.64155
0.54799
0.41099
0.36755
0.42101
0.5246
0.64155
0.76184
0.82198
0.74513
0.64155
0.56135
0.49118
0.44775
0.4444
0.47448
0.51123
0.54166
0.53898
0.56621
0.5635
0.505
0.49593
0.45417
0.39277
0.35095
0.37149
0.45695
0.48331
0.503
0.58341
0.64407
0.70442
0.77407
0.78047
0.72668
0.65984
0.56033
0.4075
0.23811
0.22368
0.32913
0.39078
0.3996
0.38853
0.41106
0.33975
0.23127
0.13366
0.10358
0.0969
0.076852
0.070169
0.080193
0.070169
0.056804
0.12697
0.2506
0.34082
0.37089
0.40097
0.45443
0.4277
0.30072
0.29404
0.40431
0.5814
0.72508
0.89215
1.0926
1.1862
1.1695
1.0191
0.82866
0.6382
0.53462
0.5246
0.58474
0.65491
0.66828
0.74847
0.83535
0.88881
0.86876
0.83869
0.86542
0.76518
0.57806
0.42101
0.36755
0.41767
0.52126
0.73176
0.94227
0.969
0.93225
1.0492
1.243
1.37
1.3733
1.3399
1.3232
1.2397
1.1561
1.126
1.1762
1.3265
1.3566
1.1762
0.99907
0.82866
0.72842
0.58808
0.5413
0.67162
0.69835
0.66494
0.62818
0.6783
0.75515
0.79859
0.88881
1.0191
1.1862
1.3533
1.5003
1.517
1.38
1.1394
0.86208
0.59477
0.41099
0.32411
0.37758
0.5246
0.70503
0.87878
0.97903
1.0258
1.0291
1.0191
1.0492
1.1762
1.3867
1.7175
2.0683
2.3657
2.4893
2.4726
2.2788
1.9146
1.4335
1.086
0.85874
0.6382
0.45777
0.45443
0.65157
0.8721
1.1528
1.5671
2.0683
2.5027
2.7834
2.8435
2.6631
2.2153
1.791
1.4301
1.1227
0.89883
0.74179
0.78523
0.93893
1.1461
1.4101
1.6841
1.938
2.0817
1.9714
1.7041
1.3666
1.1127
1.0124
1.0191
1.1227
1.2564
1.4234
1.5237
1.6039
1.6941
1.781
1.8144
1.8042
1.7906
1.7543
1.7087
1.7092
1.7455
1.8523
1.9393
1.956
1.9034
1.7888
1.6913
1.5886
1.5464
1.6175
1.758
1.8835
1.985
1.9778
1.8831
1.7099
1.533
1.4251
1.3453
1.3997
1.5777
1.8326
2.0517
2.1622
2.142
1.9574
1.644
1.263
0.88547
0.59811
0.47448
0.5246
0.68498
0.89215
1.1093
1.2864
1.4
1.4268
1.3666
1.2864
1.2029
1.0926
0.98571
0.90217
0.93893
1.0191
1.1428
1.3366
1.527
1.6373
1.5203
1.2965
1.1361
1.0024
0.87544
0.79525
0.81864
0.81864
0.72508
0.64155
0.6215
0.70169
0.89883
1.2196
1.5471
1.7576
1.7943
1.6406
1.3499
1.0692
0.8153
0.57472
0.40097
0.34416
0.38092
0.39428
0.40431
0.47448
0.63152
0.76518
0.8153
0.76184
0.65157
0.55801
0.49787
0.49787
0.59477
0.74847
0.87878
0.85874
0.77854
0.74179
0.6783
0.57806
0.43438
0.55467
0.76518
0.99573
1.2497
1.537
1.8845
1.9748
1.938
1.6941
1.3533
0.98237
0.69501
0.55801
0.3876
0.30741
0.38426
0.54465
0.65157
0.74513
0.94561
1.2296
1.4769
1.7308
2.055
2.3624
2.5628
2.6196
2.5127
2.3323
2.0583
1.7977
1.6105
1.517
1.5671
1.6907
1.8344
1.9146
1.9413
1.8779
1.6573
1.3399
0.97903
0.7184
0.48784
0.30741
0.22387
0.20717
0.21385
0.18043
0.2506
0.41767
0.64489
0.86208
1.0726
1.1862
1.126
0.97903
0.8153
0.68833
0.6215
0.64823
0.76184
0.89215
0.97568
1.0091
1.0124
1.0024
1.0459
1.096
1.1962
1.3366
1.5136
1.6874
1.7977
1.8311
1.7008
1.4212
1.0853
0.76423
0.4811
0.30684
0.28482
0.33906
0.34011
0.4231
0.55676
0.68215
0.78394
0.85651
0.85943
0.86558
0.86868
0.81198
0.69174
0.57367
0.61511
0.59247
0.47912
0.38381
0.32359
0.30594
0.28815
0.24017
0.20199
0.15713
0.12217
0.17443
0.26397
0.43772
0.60479
0.70503
0.70169
0.68498
0.64489
0.50121
0.31743
0.24058
0.30072
0.27065
0.1938
0.17375
0.19714
0.1938
0.22387
0.36087
0.58808
0.78188
0.98905
1.1394
1.1962
1.1996
1.1962
1.2965
1.4435
1.674
1.918
2.0382
1.9447
1.6607
1.3132
0.97234
0.75181
0.66828
0.71171
0.82198
0.89215
0.87544
0.71171
0.53796
0.43104
0.36087
0.36087
0.4444
0.60479
0.76184
0.89215
1.0291
1.2062
1.4067
1.5838
1.664
1.5872
1.3967
1.1194
0.83869
0.59143
0.52126
0.6215
0.80527
0.99239
1.0926
1.1194
0.93225
0.832
0.79859
0.79859
0.8153
0.87544
1.0492
1.1294
1.1027
1.0291
0.94895
0.9122
0.94895
1.0058
1.1394
1.2898
1.4167
1.4535
1.4134
1.2998
1.1227
0.93893
0.78857
0.64155
0.47114
0.33414
0.21719
0.19714
0.30072
0.50789
0.72508
0.89549
1.0325
1.0692
0.90552
0.72508
0.6382
0.6215
0.65157
0.66159
0.7184
0.66494
0.60145
0.58474
0.60479
0.71506
0.88547
1.086
1.1695
1.1027
0.92222
0.72842
0.52794
0.32746
0.24726
0.33748
0.53128
0.70837
0.82532
0.85539
0.79859
0.70837
0.51457
0.43772
0.52794
0.76852
1.0425
1.2296
1.4134
1.4
1.1929
0.97568
0.78188
0.68164
0.70503
0.82532
1.0626
1.2931
1.4167
1.3366
1.1548
1.0392
0.87625
0.65228
0.46882
0.50576
0.62688
0.67881
0.74308
0.8227
0.91118
0.89164
0.84387
0.77731
0.74877
0.75508
0.7804
0.78679
0.76158
0.70766
0.64697
0.64042
0.63059
0.6142
0.56188
0.53194
0.44577
0.3122
0.18402
0.10526
0.11084
0.22721
0.44106
0.64489
0.8153
0.89883
0.92556
0.80527
0.59143
0.38092
0.21051
0.137
0.17041
0.26397
0.38092
0.46779
0.5246
0.51791
0.43104
0.31743
0.20382
0.13366
0.10358
0.14034
0.27065
0.41099
0.53128
0.56804
0.54799
0.49787
0.40097
0.35753
0.35419
0.4444
0.59143
0.85539
1.1294
1.3533
1.5237
1.5738
1.5136
1.2998
1.0291
0.75515
0.53462
0.43772
0.50121
0.63486
0.83535
1.0191
1.1728
1.2831
1.3399
1.3432
1.2029
1.0559
0.8721
0.73176
0.61147
0.54799
0.57138
0.59477
0.62818
0.63152
0.57472
0.4845
0.4444
0.47448
0.57472
0.69167
0.84871
0.96566
0.97234
0.84203
0.76518
0.67496
0.47448
0.4277
0.5246
0.7351
0.85539
0.94561
1.116
1.1461
1.0626
0.87878
0.6783
0.51791
0.36087
0.26397
0.24726
0.30741
0.34082
0.31075
0.29738
0.25729
0.16707
0.080193
0.07351
0.070169
0.083535
0.093559
0.14368
0.16707
0.16707
0.2907
0.45777
0.6783
0.8721
1.0392
1.1829
1.2497
1.2998
1.3165
1.3031
1.3432
1.3733
1.3332
1.126
0.95898
0.84871
0.71506
0.52794
0.46445
0.60145
0.66828
0.66494
0.62484
0.60145
0.51123
0.37089
0.27399
0.22053
0.17709
0.19046
0.20717
0.22387
0.25395
0.29404
0.35419
0.4277
0.54799
0.67496
0.75181
0.78857
0.78857
0.73166
0.67158
0.63888
0.71795
0.89712
1.1225
1.297
1.2814
1.158
0.92775
0.63736
0.37605
0.25437
0.32108
0.45823
0.64409
0.81513
0.9193
0.91017
0.80614
0.67575
0.53416
0.38709
0.24713
0.24266
0.35777
0.51485
0.57995
0.57343
0.56277
0.49164
0.36755
0.26397
0.21385
0.17709
0.26063
0.37758
0.50121
0.56469
0.60813
0.64823
0.59477
0.60479
0.71171
0.87878
1.116
1.3566
1.4936
1.4067
1.1661
0.88213
0.5814
0.35753
0.2339
0.18378
0.21385
0.23056
0.19714
0.18378
0.16039
0.1938
0.20048
0.22721
0.31075
0.38092
0.52126
0.69167
0.87544
1.0091
1.0626
1.0225
0.87544
0.79525
0.78188
0.78523
0.75181
0.6783
0.74513
0.79525
0.75849
0.75515
0.82532
0.87544
0.90217
1.0058
1.1762
1.3165
1.4067
1.5771
1.6841
1.6573
1.6206
1.537
1.5003
1.4802
1.4669
1.4335
1.3833
1.4602
1.5872
1.8077
2.0449
2.2788
2.4492
2.4659
2.359
2.1452
1.9614
1.8177
1.7208
1.6841
1.7342
1.7977
1.8645
1.928
2.0282
2.1519
2.2488
2.369
2.4258
2.4025
2.2855
2.095
1.8478
1.5638
1.2831
1.0258
0.84871
0.78188
0.81864
0.85874
0.86208
0.82532
0.70169
0.52794
0.34416
0.24058
0.19046
0.14368
0.15705
0.16707
0.22053
0.31075
0.45777
0.65491
0.85205
1.0358
1.1428
1.2163
1.2831
1.3566
1.3934
1.4669
1.537
1.5136
1.3733
1.1762
1.0158
0.88547
0.85539
0.91554
1.0826
1.3232
1.5571
1.7242
1.7743
1.7643
1.6473
1.4702
1.2029
0.92556
0.66494
0.43438
0.32077
0.23724
0.21051
0.20453
0.23947
0.32085
0.31885
0.29354
0.2715
0.30262
0.3533
0.38709
0.52446
0.7587
1.0905
1.4067
1.7124
1.965
2.1117
2.1498
2.0917
2.0123
1.9146
1.7951
1.6881
1.5554
1.3325
1.0722
0.81185
0.56079
0.36202
0.28675
0.33228
0.43827
0.53128
0.61816
0.6382
0.55801
0.47448
0.39094
0.3475
0.33414
0.31409
0.31743
0.37424
0.35753
0.28402
0.20717
0.24726
0.38092
0.51791
0.71506
0.94895
1.2029
1.3566
1.4301
1.4134
1.4
1.3165
1.1762
1.0826
1.0358
1.0726
1.0926
1.1127
1.1227
1.0291
0.86542
0.64155
0.41767
0.26731
0.24058
0.31409
0.41433
0.47782
0.49118
0.51123
0.56135
0.65825
0.75849
0.88881
1.0492
1.1661
1.2229
1.2965
1.3934
1.527
1.6774
1.8077
1.8678
1.8244
1.7108
1.5136
1.2798
1.1027
1.0124
0.969
0.96566
0.94895
0.90217
0.78857
0.61816
0.45777
0.31075
0.24058
0.26731
0.38092
0.52126
0.59477
0.64155
0.65491
0.60813
0.51123
0.47114
0.5246
0.58474
0.60479
0.59143
0.6783
0.74847
0.77854
0.79859
0.82532
0.85539
0.74513
0.60813
0.44106
0.28736
0.17041
0.14034
0.23724
0.34082
0.46111
0.59811
0.82866
1.116
1.3132
1.4
1.4034
1.3934
1.3733
1.2998
1.2096
1.126
1.0826
1.0392
0.93225
0.76184
0.6382
0.49787
0.38426
0.28736
0.17709
0.11361
0.070169
0.12697
0.20382
0.20717
0.23724
0.23056
0.28736
0.36755
0.39428
0.41433
0.40097
0.47448
0.45443
0.39762
0.42436
0.50455
0.56135
0.50121
0.48116
0.43772
0.33414
0.21719
0.16707
0.21385
0.22721
0.30142
0.41959
0.58934
0.8032
0.97522
1.1193
1.1878
1.2079
1.1803
1.0421
0.85408
0.67579
0.58007
0.50644
0.37051
0.32466
0.38031
0.50001
0.57687
0.65346
0.80007
0.88004
0.95731
1.0096
1.0625
1.0643
0.97847
0.91455
0.88614
0.91997
1.0282
1.2931
1.7275
2.1452
2.4426
2.5562
2.4994
2.2554
1.8912
1.5203
1.1762
0.9289
0.85874
0.94561
1.1895
1.4969
1.7843
1.9814
1.9881
1.7843
1.4502
1.1561
0.87878
0.59477
0.40765
0.42101
0.47114
0.41433
0.3475
0.3475
0.42101
0.53128
0.65491
0.79191
0.85205
0.832
0.86208
0.84203
0.76518
0.66494
0.60813
0.63486
0.58474
0.49452
0.41767
0.34416
0.36421
0.48116
0.59143
0.64489
0.66828
0.69167
0.69167
0.67496
0.60813
0.5814
0.6215
0.77186
0.97903
1.1762
1.3366
1.4201
1.3767
1.2062
0.94895
0.6382
0.4444
0.29738
0.22721
0.2907
0.46111
0.72508
0.95564
1.2296
1.4769
1.537
1.3733
1.1027
0.81864
0.50455
0.28068
0.22721
0.35419
0.49118
0.59811
0.70503
0.75515
0.72842
0.6382
0.55133
0.47114
0.46445
0.48784
0.53796
0.57806
0.61147
0.5814
0.51457
0.4845
0.46445
0.43438
0.40765
0.44106
0.46111
0.46111
0.38426
0.32077
0.29738
0.28402
0.30072
0.26397
0.28068
0.37089
0.51123
0.6783
0.79859
0.99239
1.1862
1.2931
1.2096
1.0124
0.82198
0.58808
0.3475
0.17041
0.1537
0.21051
0.32077
0.44775
0.60813
0.72508
0.77854
0.76852
0.69501
0.59143
0.52126
0.50789
0.51123
0.61147
0.7184
0.85205
0.93559
0.99573
1.0158
0.94227
0.92556
0.93824
1.003
1.054
1.1566
1.2839
1.3227
1.2713
1.0896
0.8807
0.62758
0.41467
0.24716
0.12511
0.10088
0.13953
0.20801
0.3048
0.42567
0.49978
0.47037
0.47964
0.54385
0.60802
0.60773
0.62688
0.6917
0.64594
0.55033
0.43073
0.35285
0.28138
0.21719
0.20717
0.17709
0.20717
0.25729
0.33414
0.4845
0.64489
0.78523
0.83535
0.84871
0.82866
0.75181
0.64489
0.49787
0.38092
0.28736
0.22721
0.22387
0.20382
0.24726
0.2506
0.26063
0.27399
0.2506
0.23056
0.18378
0.17041
0.14368
0.14368
0.18378
0.2339
0.30741
0.31075
0.35753
0.39428
0.36087
0.31743
0.32077
0.40431
0.45109
0.44106
0.40765
0.41099
0.45443
0.50789
0.58808
0.66828
0.72174
0.7184
0.76518
0.88213
0.94895
0.9289
0.84871
0.93559
0.97234
0.98905
1.0626
1.2363
1.5003
1.5504
1.3967
1.1728
1.0158
0.90552
0.79525
0.6382
0.72174
0.88213
0.98905
1.0793
1.1762
1.4335
1.5471
1.5738
1.4502
1.2564
1.086
0.83535
0.58808
0.37758
0.26731
0.22721
0.22053
0.28402
0.36087
0.3308
0.39428
0.51123
0.6215
0.69501
0.7351
0.80527
0.71506
0.58474
0.5246
0.56135
0.68498
0.79859
0.88547
0.8721
0.78523
0.63152
0.44106
0.30407
0.22053
0.21719
0.29404
0.41099
0.57806
0.77186
0.99239
1.1996
1.2831
1.3098
1.2497
1.1461
1.086
1.0692
1.1294
1.2731
1.4435
1.6473
1.8344
1.9748
2.0149
1.9113
1.7542
1.5905
1.3767
1.1762
0.97903
0.78857
0.62818
0.46111
0.35085
0.28736
0.3475
0.5246
0.77854
1.0191
1.2096
1.2798
1.1929
0.97821
0.81725
0.75105
0.73107
0.68516
0.63312
0.82099
0.99682
1.0816
1.0484
1.0125
1.0117
0.85335
0.60897
0.3607
0.19446
0.16367
0.23466
0.39935
0.64388
0.9397
1.2639
1.5681
1.7955
1.9294
1.9877
1.9658
1.8916
1.7357
1.5498
1.2647
0.93225
0.66159
0.47448
0.45443
0.63152
0.97903
1.4134
1.7776
2.0215
2.085
1.9981
1.8779
1.6941
1.4903
1.2965
1.1428
1.0225
0.86542
0.72508
0.65825
0.64823
0.74847
0.80862
0.832
0.81864
0.80862
0.81864
0.72508
0.60479
0.52794
0.51123
0.4845
0.36087
0.30407
0.3308
0.37424
0.39762
0.41433
0.49452
0.53796
0.53128
0.53128
0.59143
0.7184
0.8721
0.98571
1.106
1.1661
1.1461
1.0626
0.94561
0.84203
0.73845
0.6382
0.56804
0.57138
0.66159
0.81196
0.92556
0.99907
1.0225
0.93893
0.82198
0.76184
0.79859
0.93559
1.1327
1.3533
1.4869
1.4435
1.2497
1.0325
0.86876
0.75181
0.68164
0.64155
0.66159
0.63486
0.55467
0.43438
0.3475
0.30741
0.26397
0.27733
0.27065
0.27399
0.27399
0.34082
0.53128
0.76518
1.0225
1.2564
1.38
1.3599
1.1728
0.97568
0.78188
0.60813
0.53796
0.57472
0.71171
0.83535
0.92222
0.97903
0.95564
0.89549
0.81864
0.74179
0.67496
0.6215
0.59477
0.56135
0.58808
0.59477
0.59477
0.5814
0.51791
0.58474
0.6382
0.62484
0.52126
0.45777
0.55467
0.53128
0.41099
0.37089
0.44775
0.53796
0.47782
0.39094
0.43104
0.49452
0.54465
0.57472
0.6382
0.72842
0.74513
0.68164
0.55133
0.42436
0.35753
0.3308
0.29404
0.27065
0.32746
0.41825
0.48926
0.60916
0.76387
0.98172
1.1354
1.1718
1.1312
0.9892
0.8482
0.68853
0.5542
0.49333
0.50966
0.50658
0.49376
0.43234
0.4354
0.49333
0.5927
0.73002
0.8673
1.0211
1.1376
1.1814
1.1806
1.167
1.1075
1.0055
0.8644
0.73833
0.5814
0.47114
0.42436
0.42101
0.42436
0.41099
0.45777
0.48784
0.57138
0.65825
0.77186
0.89549
0.98905
1.0826
1.0058
0.89549
0.72174
0.59811
0.47448
0.35085
0.27399
0.24726
0.24392
0.18712
0.14034
0.10358
0.10358
0.083535
0.10024
0.14702
0.17041
0.19046
0.22053
0.2339
0.22721
0.22721
0.30741
0.39428
0.50121
0.59477
0.71171
0.80862
0.82198
0.78857
0.65157
0.56469
0.47782
0.33748
0.23724
0.15705
0.15036
0.137
0.090217
0.10024
0.11695
0.18712
0.30072
0.42436
0.57138
0.68498
0.70169
0.64155
0.57806
0.45777
0.32746
0.31409
0.52794
0.86208
1.2029
1.5604
1.8144
1.8645
1.6206
1.2931
0.97234
0.64823
0.37424
0.29738
0.47448
0.74847
0.97903
1.1595
1.2965
1.2831
1.1227
0.97234
0.91888
0.92222
0.97903
1.0258
1.0191
0.9122
0.72174
0.54799
0.36421
0.24392
0.23724
0.19714
0.15036
0.10358
0.15036
0.27733
0.38092
0.52126
0.64823
0.70503
0.67162
0.57138
0.47114
0.40097
0.36755
0.44775
0.65157
0.87878
1.1194
1.2697
1.3499
1.3466
1.2731
1.1661
1.0024
0.90552
0.832
0.78188
0.71506
0.66828
0.66159
0.61481
0.58808
0.53796
0.47114
0.37758
0.30407
0.33414
0.46111
0.62484
0.80193
0.91554
0.98571
0.97568
0.85874
0.67162
0.47782
0.40765
0.38426
0.34483
0.25944
0.2575
0.28889
0.31017
0.26817
0.23262
0.36977
0.56281
0.72693
0.80642
0.84417
0.85967
0.75199
0.62497
0.58033
0.67269
0.85312
1.0613
1.2227
1.2621
1.1119
0.9892
0.9744
1.0239
1.1128
1.2222
1.3787
1.3971
1.2553
1.0615
0.89215
0.78857
0.74847
0.68833
0.68164
0.64155
0.5814
0.50789
0.50455
0.64155
0.76518
0.91554
0.97568
0.93559
0.82532
0.62484
0.42101
0.2506
0.20382
0.28736
0.42101
0.53796
0.58474
0.56135
0.50121
0.40765
0.34416
0.34416
0.43438
0.51123
0.60813
0.69835
0.73176
0.65825
0.51457
0.51457
0.53796
0.54799
0.51457
0.47114
0.4845
0.37758
0.25395
0.13031
0.063486
0.056804
0.043438
0.10692
0.20382
0.38092
0.58808
0.82198
1.0692
1.263
1.3566
1.2764
1.0826
0.8721
0.65825
0.43438
0.2339
0.21385
0.35753
0.56804
0.78188
0.95564
1.1294
1.2497
1.233
1.0793
0.82532
0.67162
0.60145
0.53796
0.51123
0.51123
0.52794
0.55801
0.60479
0.66494
0.71506
0.79525
0.86542
0.81864
0.6783
0.53796
0.47782
0.51791
0.69167
0.99573
1.3098
1.5304
1.6239
1.5537
1.3633
1.0459
0.7752
0.58474
0.42101
0.28736
0.28068
0.37424
0.45443
0.50121
0.49452
0.54465
0.60813
0.58808
0.55133
0.49118
0.50121
0.46779
0.40765
0.40431
0.41433
0.46111
0.52126
0.59143
0.56469
0.49118
0.45109
0.40765
0.38426
0.36755
0.3308
0.40765
0.52794
0.68833
0.82866
0.94895
1.106
1.1628
1.1093
0.97568
0.81864
0.65157
0.49452
0.34416
0.21719
0.18378
0.20048
0.31409
0.4277
0.51457
0.57472
0.56833
0.53888
0.40394
0.31552
0.22679
0.15731
0.1243
0.094117
0.16042
0.28903
0.41793
0.47684
0.52874
0.66313
0.81513
0.89072
0.98197
1.089
1.0708
0.98958
0.91752
0.85138
0.70778
0.56237
0.67552
0.86695
1.011
1.1533
1.3526
1.569
1.621
1.5705
1.4802
1.3432
1.2296
1.1695
1.0793
0.92556
0.7351
0.59477
0.50789
0.50121
0.6215
0.832
1.0993
1.3265
1.4301
1.3232
1.1294
0.99573
0.90217
0.81864
0.78523
0.86542
0.99239
0.99239
0.92222
0.832
0.72174
0.57472
0.4277
0.34082
0.37089
0.4845
0.61147
0.68164
0.68833
0.75849
0.75515
0.67162
0.59477
0.58808
0.55801
0.49118
0.46111
0.49118
0.5413
0.57806
0.61147
0.57138
0.4845
0.38092
0.27065
0.28736
0.44106
0.68498
0.95564
1.2564
1.6306
1.9848
2.2822
2.476
2.5729
2.5929
2.5395
2.4426
2.2922
2.1385
1.9814
1.811
1.6807
1.5872
1.5471
1.5705
1.6406
1.7676
1.8144
1.781
1.6607
1.4502
1.2196
0.99907
0.79525
0.60145
0.4444
0.36755
0.31075
0.21719
0.21385
0.21719
0.24726
0.21051
0.1938
0.22053
0.22053
0.22721
0.28068
0.47114
0.76184
1.0993
1.4535
1.7843
1.9146
1.801
1.6306
1.5437
1.4301
1.263
1.1327
1.096
1.0058
0.832
0.67496
0.61481
0.67162
0.79525
0.87878
0.79525
0.72842
0.77854
0.87878
0.97903
1.1027
1.2731
1.3265
1.1862
0.96232
0.71506
0.48784
0.36087
0.41433
0.61147
0.9122
1.2397
1.5437
1.7208
1.6974
1.4802
1.2229
1.0492
0.90217
0.75181
0.59477
0.64489
0.67162
0.59811
0.50164
0.50607
0.64878
0.69826
0.71129
0.67219
0.64959
0.61096
0.59512
0.59542
0.63096
0.73311
0.83755
0.9256
0.98197
1.0572
1.1482
1.2583
1.3691
1.4995
1.5901
1.59
1.5236
1.3548
1.175
0.96731
0.71129
0.4811
0.31119
0.20274
0.11419
0.066828
0.16707
0.33748
0.52126
0.7184
0.94227
1.1093
1.1528
1.0893
0.95564
0.82866
0.65491
0.5246
0.41099
0.38092
0.3876
0.39094
0.39762
0.36087
0.35085
0.31743
0.27065
0.21385
0.16707
0.21385
0.28402
0.38426
0.51791
0.63486
0.74179
0.80862
0.85874
0.84871
0.75515
0.62484
0.57806
0.59477
0.63486
0.66159
0.74513
0.75849
0.78523
0.87544
0.93893
0.98905
0.97234
1.0225
0.95898
0.7184
0.51123
0.39762
0.34082
0.35419
0.34082
0.34416
0.3308
0.25729
0.21719
0.20382
0.20717
0.22721
0.27065
0.39094
0.54799
0.65491
0.76852
0.76518
0.72174
0.66828
0.54799
0.46445
0.39762
0.3876
0.40097
0.3876
0.39762
0.39094
0.40431
0.50455
0.66828
0.8721
1.0692
1.2296
1.3366
1.3399
1.2096
1.0492
0.90217
0.8153
0.72842
0.70837
0.67496
0.62484
0.5413
0.39094
0.32746
0.28068
0.24726
0.18043
0.16373
0.21051
0.23724
0.24392
0.24058
0.24058
0.27733
0.33748
0.37424
0.39094
0.41767
0.45777
0.43438
0.39428
0.36421
0.36421
0.35419
0.31409
0.35419
0.45109
0.5814
0.71171
0.84203
0.94561
0.85539
0.73845
0.66159
0.59477
0.53462
0.45777
0.51791
0.58474
0.62818
0.69501
0.81196
1.0225
1.263
1.4669
1.5705
1.5437
1.3833
1.1695
0.90217
0.58474
0.31409
0.18043
0.23795
0.43613
0.66529
0.94073
1.18
1.3195
1.3773
1.3069
1.1675
0.93729
0.72364
0.61831
0.58647
0.60578
0.6568
0.75825
0.83406
0.76465
0.70127
0.64708
0.56998
0.50181
0.46224
0.48109
0.43451
0.38749
0.38968
0.37196
0.31134
0.34298
0.44827
0.55801
0.64155
0.77854
0.93559
1.0225
0.97568
0.80527
0.64489
0.53796
0.58474
0.73176
0.969
1.2363
1.4435
1.5972
1.6597
1.6331
1.5155
