1.5651
1.9532
1.8328
1.131
0.061797
-0.55913
-1.134
-0.58489
0.62537
0.70864
-0.23283
-0.66744
-0.455
0.12208
0.96255
1.464
1.3321
0.22325
-1.2893
-1.7122
-1.6232
-0.64037
0.37078
0.87053
0.95179
0.98065
1.1549
0.96584
0.98998
0.90531
0.98092
0.9124
1.1876
1.5353
1.7825
1.5108
0.82478
0.10842
-0.27617
0.03476
0.45671
1.4354
1.9348
2.109
1.426
0.38905
0.45627
0.42084
1.2806
1.915
1.5578
0.74381
-0.34922
-0.81167
-0.9594
-1.3084
-1.1492
-0.94951
-0.71885
-0.9253
-1.2434
-1.6028
-1.6627
-1.127
-0.37973
0.19553
1.0243
1.798
2.0454
1.4907
0.38016
0.50691
0.13087
-0.28199
-1.2108
-1.6682
-1.6938
-1.7499
-0.98943
0.15324
0.72621
0.34517
-0.96858
-2.1037
-2.0655
-0.86064
-0.11918
0.22082
0.67924
1.208
1.4037
0.97724
0.85041
0.99139
1.2707
1.6732
1.7663
1.3602
0.72991
0.23836
-0.035374
0.077001
0.71488
1.7515
1.879
1.3465
0.85967
-0.084595
-1.0704
-1.8089
-1.5258
-0.6219
0.26911
0.95476
1.3456
1.4251
1.3154
1.1123
0.33167
-0.56941
-1.085
-0.89078
-0.61814
-0.526
-0.61758
-1.0473
-1.3538
-1.579
-1.7395
-1.6657
-1.3426
-0.64098
-0.19129
0.024536
0.20668
0.76731
1.2511
1.3112
1.1841
0.76852
0.84651
1.3669
1.8544
1.8319
1.0766
-0.032503
-0.89166
-1.0393
-0.80958
-0.44289
-0.34819
-0.097185
1.4447
2.3178
1.1978
0.21764
-0.6952
-0.90368
0.6046
1.6379
1.3454
0.32438
-0.53488
-0.81167
-0.76029
-0.52227
-0.73877
-0.98762
-1.2833
-1.414
-1.4254
-1.4947
-1.2952
-1.1509
-0.95846
-0.8975
-0.18798
0.23976
0
0.29441
-0.30102
-0.75543
-1.1776
-0.98643
-0.87913
-0.53921
-0.61539
-0.93606
-1.3372
-1.6483
-1.574
-1.4272
-1.1709
-0.57509
-0.26857
-0.39514
-1.3346
-1.708
-0.89193
0.70844
1.4474
1.3027
-0.32158
-1.5431
-1.3161
-0.91377
-0.25235
-0.27057
-0.72656
-1.4181
-1.5589
-1.3475
-1.0791
-0.91312
-0.74924
-0.63794
-0.46761
-0.32889
-0.71798
-1.6817
-2.2068
-1.9937
-0.89198
0.25519
1.0011
1.1811
0.22577
-1.1946
-1.6684
-1.0859
0.047213
0.94084
0.71972
0.11917
-0.60587
-0.92473
-1.3466
-1.5732
-1.5591
-1.5818
-1.3582
-1.0144
-0.42419
-0.26001
-0.15951
0.59628
1.6172
2.1839
1.0143
-0.42064
-1.6908
-1.6179
-0.36844
1.0723
0.98127
-0.059579
-0.50302
-0.50641
0
0.75737
1.6683
2.0275
2.1001
1.5354
0.68944
0.42063
0.089919
-0.24672
-1.3946
-1.8376
-1.6863
-1.2876
-0.44919
0.4058
1.2727
1.3253
1.238
0.26965
-0.59276
-1.5571
-1.6812
-1.3055
-0.80082
-0.4486
-0.064723
0.48048
1.0387
1.4604
1.5323
1.2707
1.2261
1.0866
1.0725
1.1705
1.1412
0.61227
-0.49912
-1.0011
-0.94694
0.28254
1.4607
2.2792
2.0226
0.72604
0
-0.30921
-0.31948
0.09911
0.85712
1.2916
1.7764
2.0294
1.5641
1.0117
0.39146
0.6554
0.5763
0.61513
0.50685
0.60669
0.94346
1.5295
1.8943
1.5259
0.96102
0.59135
0.69284
1.1943
1.5839
1.2988
0.54206
0.44418
0.77572
0.80077
-0.48557
-1.4895
-1.5917
-0.68561
0.93273
1.679
1.0355
-0.18296
-0.72368
-0.17175
1.1839
2.2646
2.1411
1.5
0.53428
0.46565
0.75424
1.0053
0.15476
-0.74484
-1.2088
-0.90725
-0.46247
-0.40812
-0.929
-1.5471
-1.7758
-1.597
-1.1994
-0.73789
-0.76798
-1.1816
-1.1826
-0.32113
0.72282
1.102
0.64221
0.096262
0.057206
0.66348
1.9602
2.5097
2.241
1.245
0.28091
-0.4457
-0.45779
0.38277
1.2415
1.4505
1.3995
0.42222
-0.81582
-1.5565
-1.1048
0.33857
1.6084
1.5699
0.3449
-0.99205
-1.2345
-0.64337
0.09782
0.35254
0.59276
1.0778
1.5468
2.4231
2.2318
1.082
0
-0.21912
0.15848
0.73936
1.3234
1.5294
1.4271
1.3316
1.1446
0.61816
-0.36039
-1.0968
-1.4413
-1.2548
-0.89626
-0.66746
-0.94325
-0.89266
0.031
1.2639
2.0087
1.6148
0.32744
-0.92805
-1.2875
-0.48829
0.98067
1.89
1.6133
0.58882
-0.6208
-0.97144
0.093547
1.1748
1.3792
0.8805
-0.364
-1.2513
-1.8878
-1.1853
0.26542
0.86632
0.95036
0.17938
-1.1492
-1.8985
-2.0609
-1.43
-0.24318
0.82281
1.5622
0.6255
-0.17873
-0.28143
-0.095651
-0.26577
-0.78112
-1.7117
-2.524
-2.415
-1.5132
-0.48247
-0.069046
0.34183
0.13435
0.70375
1.2941
1.1497
0.095339
-0.96194
-0.94905
-0.11539
0.93497
1.7398
1.8499
1.4919
0.91954
0.88173
0.91476
0.64003
0.11694
-0.33438
-0.75076
-1.2257
-1.4199
-1.4877
-1.3183
-1.148
-0.87752
-1.0566
-1.1192
-1.1479
-0.97659
-0.70781
-0.13564
0.75879
1.4604
1.4774
1.2512
0.86289
0.67907
0.79029
0.85069
0.29605
-0.592
-1.3537
-1.9504
-1.943
-1.5136
-0.98635
-0.73712
-0.51778
-0.31835
-0.087044
-0.7454
-1.2511
-2.1589
-2.1138
-1.1714
-0.22961
0.12013
-0.41554
-0.6621
-1.1944
-1.5672
-1.54
-1.3057
-0.7131
0.23624
1.4253
2.3552
1.8158
0.60927
-0.1164
-0.26344
0.18334
0.65811
0.98781
1.1403
1.391
1.4937
1.0889
0.512
-0.25668
-1.0203
-1.6714
-2.0103
-1.6383
-1.2398
-0.92448
-0.61957
-0.1726
0.42467
0.41705
0.099099
-1.7456
-1.8287
-0.42004
0.50619
0.75199
-0.16966
-0.78364
-1.2684
-0.88978
-0.69434
-0.6604
-1.0914
-1.5843
-1.813
-1.6457
-1.1609
-0.63408
-0.30834
-0.32975
-0.63245
-1.3715
-1.6314
-1.3413
-0.78971
-0.55874
-1.0373
-1.5869
-2.0382
-1.6952
-0.94519
-0.14942
-0.062565
0.074702
0.56056
0.71498
0.65097
0.69246
1.3172
1.0796
0.62062
0
-0.86535
-1.7215
-2.2447
-2.0127
-1.3024
-0.6467
-0.25028
-0.15992
-0.45158
-1.112
-1.4234
-1.5156
-1.0309
-0.63452
-0.02328
0.82204
1.6283
2.0381
1.4664
0.56172
-0.33935
-1.1475
-1.8307
-1.9598
-1.0556
-0.24501
0.21921
0.75175
0.67292
0.70028
1.0683
1.3958
1.6416
1.5664
1.1942
0.5654
-0.13574
-0.70655
-1.1726
-1.5701
-1.4842
-0.8988
-0.030993
0.82324
1.8606
2.2928
1.8243
0.79028
0.36776
0.21669
0.055606
-0.28434
-1.2218
-1.636
-1.269
0.035124
1.116
1.8854
1.9944
1.3865
0.079446
-0.64328
-1.0639
-0.98251
0.064996
1.2168
1.7562
0.73106
-0.42901
-0.99665
-1.1657
-0.19249
0.71154
1.0032
0.45596
-0.86663
-2.0236
-2.3514
-1.7221
-0.54604
0.16582
-0.10189
-1.101
-2.0605
-2.2629
-1.1777
-0.12673
0.78135
1.0854
1.3983
1.2041
0.19758
0.069516
0.75831
1.7204
2.1028
1.805
0.61134
-0.43528
-1.211
-0.64877
0.61278
0.8858
1.2991
0.62077
0.72067
0.8964
1.5663
1.6456
0.91648
-0.2258
-1.1731
-2.1314
-1.4046
-0.23975
0
-0.21764
0.081833
0.78203
1.7026
2.1627
2.1188
1.6092
0.83422
0.23213
-0.3488
-0.87043
-0.79438
0.17061
0.80724
1.4156
1.5167
1.3249
0.92266
0.87048
1.1652
1.1776
1.3737
0.93655
0.24297
-0.43151
-0.45692
0.43521
1.698
2.1922
1.8842
1.1429
0.39102
0.39565
0.89933
0.8372
0.32395
0.35126
0.92713
1.3614
1.4508
1.215
0.76581
0.83461
1.1386
1.6543
1.6711
1.2784
0.49209
-0.084827
-0.20175
0.31819
1.0065
1.401
1.4534
1.2135
1.0138
0.98006
1.1992
1.484
1.5098
1.2861
0.90357
0.37627
-0.31646
-0.90786
-1.301
-1.0873
-0.70737
-0.68528
-0.97991
-1.0626
-0.59665
0.11038
0.9317
1.536
1.7557
1.6083
1.299
1.2778
1.1213
0.97342
0.26195
0.090776
-0.17562
-0.4317
-0.74733
-1.582
-1.8053
-1.5288
-1.1052
-0.8479
-0.55756
-0.12576
0.66026
1.507
1.8525
1.7311
1.1123
0.52095
-0.20071
-1.1827
-1.8282
-1.3636
-0.66058
-0.24416
-0.38501
-1.224
-2.0841
-2.2106
-0.68838
0.56818
1.0434
0.62954
-0.37196
-1.0487
-1.1261
-1.0355
-1.2605
-1.903
-1.7218
-1.0755
-0.30206
0
-0.23276
-1.1844
-1.4154
-0.80403
0.064379
0.60177
1.0621
1.525
1.5118
1.44
1.3183
0.71502
-0.29955
-1.1633
-1.4341
-1.2432
-0.87336
-0.77005
-1.0599
-1.54
-1.5832
-0.87291
0
0.71077
0.873
0.84934
-0.12435
-1.1122
-1.8439
-2.7032
-1.7928
-0.73908
0.067193
-0.14942
0
-1.171
-1.319
-0.95849
-0.54455
0.10688
0.58313
1.3745
1.7062
1.4818
1.1809
1.1283
1.3796
1.3475
0.90137
0.055924
-0.50055
-0.88332
-0.78504
0.40441
0.87043
1.8197
1.3681
0.048361
-0.56404
-0.51888
-0.091001
1.2784
2.3477
2.5494
1.6944
0.65549
0.32192
0.16279
0.56874
1.4074
1.7557
1.2511
0.6516
0.53462
0.26463
0.35435
1.107
2.0565
1.9358
1.365
0.57121
0.20372
0.41981
1.2976
2.052
2.4143
1.3578
0.34847
-0.19359
-0.21529
-0.23976
-1.1946
-2.2278
-2.5024
-1.8116
-0.49617
0.32295
0.70246
0.51325
-0.41019
-0.80989
-0.97599
-0.39003
0.75645
1.7755
2.1599
1.6413
1.1628
0.59033
0.054855
-0.5561
-1.1213
-1.7583
-1.6751
-0.92569
-0.16147
0.49172
0.93838
1.5374
1.5472
1.0536
0.057864
-1.168
-1.8007
-1.3633
0.44755
1.3976
1.4502
0.50725
0
-0.025344
0.51148
1.4866
1.7839
1.9389
1.6402
1.3067
0.89327
0.39828
0.24284
-0.080729
0.32291
0.97048
1.9558
2.0405
1.7354
1.2197
0.51396
-0.048013
-0.6618
-1.2269
-1.7147
-1.5599
-1.0583
-0.58036
-0.50211
-1.015
-1.8611
-1.8503
-0.70702
0.39911
0.54298
-0.15952
-1.4812
-2.2688
-2.0274
-0.96335
0.042417
0.72799
1.0106
1.1494
0.77002
0.038652
-0.66476
-1.6065
-2.052
-1.8199
-0.82364
-0.36763
-0.22687
-0.59407
-1.345
-1.7003
-1.7991
-1.1597
-0.96033
-0.91006
-0.55783
0.22243
0.88581
0.95841
0.98623
0.83617
1.1096
1.54
1.8735
1.7958
0.96073
0.39647
-0.34258
-0.33367
0.36842
1.1699
1.628
1.1591
0.80656
0.59895
1.001
1.1225
1.4238
1.1211
1.1995
0.16614
-0.80854
-1.511
-1.4597
-0.24118
0.67163
1.1991
1.0451
0.090718
-1.0775
-1.8497
-1.9439
-1.4577
-0.061041
0.88707
1.4415
1.0265
-0.11571
-1.153
-1.4069
-0.12283
0.83411
1.4125
1.144
1.159
0.59634
0.035122
-0.58392
-0.75971
-0.79232
-0.83862
-1.0573
-1.709
-1.9872
-1.7917
-1.1814
-0.63152
-0.22881
-0.14098
-0.43518
-0.62317
-0.26342
0.72275
1.4448
1.9698
1.8846
1.1156
0.56941
0.48829
0.72889
0.65142
0.11484
-0.52776
-1.2352
-1.6683
-1.835
-1.6459
-1.4752
-1.0921
-0.74525
-0.20362
0.10111
0.42051
-0.23272
-1.3054
-0.15521
0.056568
-0.25803
-1.0511
-1.6605
-1.7639
-1.8886
-0.79786
0.28599
1.0045
0.99423
0.84374
0.61351
0.8204
1.2947
1.1299
0.39668
-0.39111
-0.83727
-1.137
-1.4658
-1.6049
-1.7691
-1.6023
-1.1999
-0.45725
-0.10267
0.031204
0.44124
1.0018
1.5233
1.4758
0.91415
-0.36567
-1.5257
-1.8934
-1.4214
-0.66191
-0.38395
-0.33005
-0.87382
-0.93392
-0.32756
0.59997
1.2699
1.3716
1.3857
1.1889
1.2728
1.58
1.5676
0.71582
0.025515
-0.34325
-0.28398
-0.29065
-1.0095
-1.7079
-2.2516
-1.7061
-0.85927
-0.077836
0.52429
1.0641
1.5849
1.5578
1.2242
0.71054
0.3906
0.40377
0.8469
1.2879
1.4919
1.4463
1.168
0.83699
0.69268
0.77971
0.91747
1.1396
1.1568
1.011
0.94149
0.9766
1.0733
1.0589
1.0147
1.1383
1.3309
1.5424
1.4167
1.1052
0.44275
0.1481
0.079136
0.61506
1.6923
1.7849
1.2932
0.39053
0.057874
0.24618
1.0904
1.5891
1.8398
1.5074
0.71502
0.29143
0.37324
0.78105
1.2262
1.5687
1.758
1.7733
1.4501
1.0171
0.28602
-0.14592
0.20181
1.017
0.70579
0.45798
0.79549
1.6165
1.6511
1.0011
0.29794
0.076031
0.35835
1.2304
1.7799
1.7944
1.4358
0.99118
0.77336
0.90089
1.085
0.89602
0.57664
0.28476
-0.25311
-1.0958
-1.7081
-1.5594
-0.97139
0.22714
1.3172
1.9392
1.6938
0.55736
-0.4343
-1.0128
-0.73441
0.17612
0.95989
1.1969
1.284
1.2916
1.2061
1.2545
0.56703
-0.38255
-1.0498
-0.87279
0.055201
1.2677
2.1022
2.3147
1.7546
0.67949
0.20642
0.26606
0.818
0.8648
0
-0.55144
-0.79803
-0.62139
-1.0607
-1.663
-1.9187
-1.4047
-0.75132
-0.52368
-0.19664
0.21908
0.82209
1.3986
1.8372
1.8243
1.4888
1.2287
0.82686
0.4066
0.21118
0.30936
0.69353
1.1419
1.5436
1.5668
1.4414
1.0528
0.52264
-0.54476
-1.4641
-1.926
-1.627
-0.80967
-0.28257
0.32145
0.77425
1.4697
0.93833
0
-0.98539
-0.88334
0.3128
1.5308
2.0018
1.5755
0.81925
0.10407
-0.27321
-0.6322
-1.3776
-1.786
-1.6571
-1.0918
-0.27971
0.61348
1.2234
1.4538
1.2322
0.96981
0.93079
1.001
1.433
1.4787
0.83218
0.048593
-0.66735
-0.91475
-1.2943
-1.1845
-1.2002
-1.2275
-1.2618
-0.924
-0.8369
-1.0309
-0.84457
-0.72537
-0.34067
0.3435
1.1776
1.651
1.6722
1.3973
0.97064
0.27108
-0.5047
-1.2768
-1.7185
-1.3141
-0.70551
-0.40538
-0.60394
-1.2381
-1.6864
-1.6854
-1.2216
-0.58787
0.065642
0.65212
1.0765
1.3232
1.1759
1.022
1.1941
1.4167
1.4811
1.3919
0.82514
-0.10346
-0.97274
-1.1
-0.68067
-0.37075
-0.29076
-1.0187
-1.9268
-2.5149
-1.5438
0.10061
0.85652
1.019
-0.21918
-0.82165
-0.29795
0.62215
1.3055
1.0213
1.0657
1.0066
0.55863
-0.019325
-0.65925
-1.2779
-1.6572
-1.728
-1.4668
-1.2376
-0.99946
-0.50931
0.11777
0.81581
1.4521
1.7767
1.4425
1.0744
0.87377
0.27738
-0.37673
-0.89943
-1.4829
-1.8258
-1.7178
-1.164
-0.75682
-0.73609
-0.81897
-0.35386
0.59465
1.0058
1.4963
-0.20324
-1.3903
-1.7198
-1.2512
-0.20511
0.68924
0.75225
0.61562
0.66733
1.0311
1.6346
1.7001
1.4871
0.94441
0.27573
-0.49004
-1.2214
-1.757
-1.7642
-1.0567
-0.53324
-0.39626
-0.17064
0.38152
1.0527
1.6418
2.0161
1.8556
1.3194
0.81501
0.51337
0.26237
0.2071
0.75006
1.4879
1.924
1.5382
1.0447
0.6435
0.65089
0.90812
0.77473
0.23729
-0.77317
-1.5713
-1.9048
-1.4403
-0.26474
0.6749
1.1431
1.322
1.3314
1.246
1.1105
0.74241
0.021116
-0.8346
-1.359
-1.2471
-1.2263
-1.0532
-1.0646
-1.1009
-1.2003
-1.1088
-0.95731
-0.82699
-0.46901
0.28051
1.5158
1.9539
1.758
0.60246
-0.52042
-1.0706
-0.36306
1.0471
1.6707
1.6186
0.46155
-0.59473
-1.0279
-0.63467
-0.34262
-0.50709
-0.88059
-1.6854
-2.114
-1.9205
-1.3541
-0.69146
-0.33052
-0.36002
-0.65654
-0.31003
0.88316
1.671
1.5643
0.491
-0.57601
-1.4447
-2.0427
-1.7743
-0.75597
-0.19831
-0.074432
-0.22795
-0.9302
-1.7859
-2.1196
-1.7246
-1.1178
-0.52688
-0.33485
-0.74581
-1.2011
-1.2378
-0.90271
-0.85753
-0.92521
-1.1755
-1.2004
-1.1912
-1.0909
-0.79023
-0.82631
-0.87447
-0.90498
-0.89981
-1.1491
-1.3084
-1.4707
-1.4648
-1.024
-0.42431
-0.20891
-0.34126
-0.70021
-1.2075
-1.578
-1.912
-1.7929
-1.4097
-1.0215
-0.47781
-0.19144
0.028195
0.051068
-0.10672
-0.48662
-0.96875
-1.237
-1.3455
-1.4284
-1.4578
-1.3433
-1.3127
-1.0851
-0.47597
0.16546
0.69302
1.1045
1.4892
1.4467
1.4062
0.66419
-0.4583
-1.5292
-1.5329
-0.030517
1.1091
1.2002
0.20928
-1.4597
-2.2153
-1.8084
-0.68245
0
0.10112
-0.12032
-0.73974
-1.4739
-1.8351
-1.712
-1.444
-1.1894
-0.89377
-0.64996
-0.57119
-0.54459
-0.59764
-0.24656
0.64003
1.8297
2.6012
2.1368
1.1179
0.243
-0.054557
0.10463
1.1073
2.414
2.0112
0.93219
-0.46746
-1.0267
-0.37595
1.203
1.5101
0.48923
-0.10574
-0.8747
-1.2595
-1.7487
-1.7309
-1.5344
-1.2609
-0.75084
-0.10062
0.64585
0.94917
1.532
1.6176
0.61908
0.16544
0.17261
0.67343
0.74593
0
-1.2198
-2.0337
-1.9237
-1.4089
-0.36494
0.42297
0.85057
0.67833
0.52686
0.80305
1.4036
1.8114
1.6562
1.2576
0.61527
0.41857
0.65543
1.2337
1.5929
1.4868
1.1864
0.63154
0.42802
0.53762
1.0009
1.3414
1.2266
0.8327
0.47296
0.52767
1.0148
1.5573
1.8891
1.6656
1.0504
0.64215
0.4056
0.75593
1.3094
1.5803
1.7323
1.1122
0.25105
-0.28685
-0.19147
0.39701
1.2474
2.2008
2.2748
1.8307
0.88983
0.19305
-0.32969
-0.26084
0.56389
1.1835
1.2916
1.1381
1.1072
0.85615
0.94718
1.1028
1.1573
1.0649
0.70312
0.82174
1.003
1.3873
1.6918
1.5845
1.0466
0.70694
0.502
0.36735
0.31281
0.57632
0.90228
1.2833
1.4
1.2293
1.0414
1.0582
1.1593
1.2892
1.0861
1.1382
1.2025
0.85329
0.19739
-0.023949
0.14599
0.62562
1.1814
1.3906
1.2119
1.0701
1.0594
1.2043
1.244
1.2163
0.98972
0.78461
0.6886
0.71592
0.79059
0.89197
1.0636
1.1546
1.1253
1.0636
1.0703
1.111
1.2075
1.3228
1.3186
1.0866
0.85752
0.4905
-0.28357
-1.2733
-1.7738
-1.3967
-0.5411
0.042241
0.80804
1.0111
1.2643
1.4299
1.0649
0.88449
0.70321
0.9176
1.0091
1.3649
1.3401
0.4534
-0.63285
-0.91911
-0.44858
0.43422
1.3726
1.6419
1.5137
0.93681
0.73678
0.79243
0.92718
1.131
1.3856
1.4089
1.2701
1.0891
0.73567
-0.20136
-1.2231
-1.4193
-0.89441
0.38333
1.2844
1.1463
0.65642
0.62563
1.2976
1.97
1.9572
1.1122
0.0603
0.05994
0.33555
1.1679
1.0439
0
-1.246
-2.0784
-1.56
-0.12724
1.4185
1.5693
0.40216
-0.69935
-0.82795
-0.41241
0.68249
1.2995
1.359
1.232
1.0356
0.96691
0.94133
1.0901
1.4965
1.1345
0.77274
-0.15225
-1.0695
-1.8554
-1.7517
-0.86454
-0.33094
-0.18366
-0.72766
-1.1242
-1.2545
-0.6088
0.020212
0.77207
1.4863
1.9716
1.9209
1.2395
0.66869
-0.036112
-0.81739
-1.7412
-2.1106
-1.8013
-1.0087
0.19228
0.56811
0.23341
-0.18169
0.081117
0.69346
1.1115
1.6619
1.769
1.6612
1.467
0.99152
0.21606
-0.62204
-0.98249
-1.0792
-1.3086
-0.83955
-0.098444
0.090198
0.93058
1.0422
1.3466
1.1634
0.96402
1.1041
1.1361
1.3395
1.3365
1.4851
1.2222
0.36785
-0.39677
-1.2123
-0.4716
1.1468
1.1724
0.24618
-0.44292
0.61459
1.5639
1.448
0.90551
0.35282
0.2556
1.1479
2.1274
2.03
1.3537
0.50055
0.087565
-0.34032
-0.68116
-1.263
-2.0479
-2.2462
-1.8018
-0.98011
-0.47865
-0.051342
-0.22579
-1.0353
-1.1851
-0.54399
-0.49644
-0.40049
0.52343
1.0503
1.4013
1.2012
1.0933
0.38502
-0.60872
-1.606
-2.3258
-2.2292
-1.1215
-0.037357
0
0.11965
0.48499
1.3426
1.4209
1.1599
0.79734
0.53821
1.0465
1.676
1.8886
1.4092
0.61444
-0.21881
-1.0847
-1.4402
-0.94578
0.1558
0.79935
1.2621
1.5996
1.4733
1.0199
0.50052
-0.067408
-0.90431
-0.96871
-0.88256
-0.73096
-0.81788
-0.98924
-1.342
-1.3083
-1.1492
-1.1209
-1.0635
-1.3919
-1.3731
-1.0564
-0.75702
-0.24349
-0.44201
-0.31509
0.067181
1.0256
1.4354
1.5563
1.5015
1.1721
1.1233
0.92314
1.0182
0.89267
0.59382
0.36624
0.31934
0.73277
1.1937
1.6152
1.5037
1.2419
1.0286
0.93643
0.8806
0.74934
0.72046
0.67217
0.79925
0.9732
1.1513
1.1589
1.1852
1.1391
1.0388
1.0432
1.08
1.255
1.317
1.1517
0.86491
0.40963
0.33325
0.50504
0.97625
1.2561
1.4518
1.5303
1.3405
1.1823
0.90617
0.82768
0.66968
0.78817
0.83231
0.94563
1.1634
1.2355
1.289
1.1794
1.4152
1.2367
0.94516
0.37775
0.20326
0
-1.0702
-1.6325
-1.7008
-1.2073
-0.83433
-0.43676
-0.14351
0.67627
1.4097
1.5202
1.019
0.069396
-0.68326
-1.2842
-1.5313
-1.4892
-1.3504
-1.2407
-1.2262
-0.81168
-0.19676
0.55444
1.2048
1.1826
0.69282
0.22753
-0.26563
-0.85396
-1.4142
-1.7092
-1.6997
-1.3142
-1.0279
-0.7648
-0.86862
-1.3089
-1.2297
-0.29616
0.21107
0.19251
-0.78578
-1.9583
-2.0522
-1.3369
-0.66939
-0.91009
-0.78633
-0.40995
0.75884
1.5766
1.8947
1.3821
0.73722
0.856
0.71792
0.095329
-1.1902
-1.7048
-1.8096
-1.43
-0.27965
0.49439
1.1441
1.4891
1.5547
0.54591
-0.34757
-0.49233
-0.57332
-0.26644
0.39907
1.2587
1.525
1.6119
1.3211
1.147
1.0931
1.2216
1.4933
0.69631
0.081387
-0.23555
0.08447
0.65845
1.2375
1.741
1.2158
0.46559
-0.69036
-1.5123
-1.8767
-1.3382
-0.049554
0.77358
1.0961
0.78793
-0.72435
-2.0542
-2.2963
-1.356
-0.17875
0.40401
0.2372
-0.29154
-0.75294
0
0.71744
1.547
1.5749
1.3249
0.97881
0.7973
1.0106
1.3985
1.4984
1.3346
0.75487
0.5306
0.31041
0.99672
1.2512
1.3917
1.088
1.4787
1.3868
0.64388
0.52686
0.55618
0
-0.6474
-1.5089
-2.1551
-2.0463
-1.0996
-0.16465
0.26577
0.5411
0.71136
0.91424
1.1312
1.3583
1.636
1.5781
1.4467
1.1589
0.52114
0.20292
0.30866
1.3883
1.7765
1.092
0.24764
-0.03119
0.26001
1.4252
2.2971
2.2643
1.4165
0.3378
-0.82569
-1.1803
-0.41954
1.0777
1.0821
0.48537
-0.46834
-0.3669
0.40859
1.504
2.0621
1.4879
1.0725
0.72597
0.54676
0.61195
1.3551
1.6983
0.85291
-0.22211
-1.3553
-1.5107
-0.85633
0.68143
1.4126
1.3275
0.72394
0.28129
0.38702
1.2106
1.9141
1.4588
0.67952
0.59718
0.4137
0.44989
0.97739
1.4893
1.5165
0.97456
-0.19182
-1.2706
-1.8497
-1.4467
-0.56353
-0.394
-0.51021
-0.81945
-1.101
-1.4656
-1.54
-1.4529
-1.1689
-0.85987
-0.64664
-0.90207
-1.2448
-1.28
-0.92443
-0.088481
0.85753
1.7536
1.7468
0.45255
0.030768
0.028897
0.77972
1.9298
2.5947
2.0407
1.1925
0.6719
0.37078
-0.16592
-0.97106
-1.0586
-0.53237
0.38133
1.2014
1.2227
0.62563
-0.76408
-1.3999
-1.4853
-1.1526
-0.4474
-0.4329
-0.93664
-1.7436
-1.7583
-1.2729
-0.73135
-0.22002
-0.22317
-0.34818
-0.90997
-1.4375
-1.839
-1.8102
-1.5421
-1.1607
-0.97424
-0.47059
0.12059
-0.45492
-0.6066
-0.4435
-0.31615
0
-1.1627
-1.9625
-2.3326
-1.5209
-0.4711
0
-0.42213
-1.3649
-1.9502
-1.8955
-1.1123
-0.50052
-0.27055
-0.86915
-1.4255
-1.4501
-0.42899
1.128
2.1116
1.7585
0.26621
-0.74541
-0.67078
-0.051071
0.51695
0.27808
-0.45502
-1.4743
-2.0915
-2.0091
-1.488
-0.90684
-0.2548
-0.41395
-0.83104
-0.94211
-0.12207
1.0206
1.7555
2.1257
1.442
0.66736
0.6306
1.0537
0.69213
-0.056231
-1.1067
-1.1324
-1.0254
-0.69189
-0.90319
-1.2722
-1.2271
-0.26255
0.8286
1.625
1.811
1.2299
0.55423
0.4516
1.3587
1.71
1.1801
0.14001
-0.060492
0.14986
1.0866
2.2094
2.2763
1.7342
0.97154
0.11153
-0.58416
-0.64906
-0.24006
0.36903
1.139
1.8278
2.0657
1.4356
0.9201
0.52281
0.5662
1.0445
1.733
2.0501
1.0091
0.36927
0
0.58258
0.97051
1.3991
0.90609
0.3864
0.64696
0.93846
1.6743
2.142
1.9291
0.66736
-0.31383
-0.44721
0.12157
1.2675
1.7688
1.7055
0.68509
-0.37712
-1.1718
-1.4199
-1.2168
-0.23277
1.1481
1.2512
0.91002
0.62979
0.66951
1.1239
1.6373
1.7901
1.3056
0.67229
-0.10687
-0.65428
-1.0042
-0.67809
0.42111
1.3133
1.979
1.8636
0.73442
-0.39763
-0.83803
-0.67424
0.46283
1.5273
1.7693
1.364
0.29985
-0.50744
-1.1359
-1.5087
-1.4019
-0.656
0.39449
1.1885
2.0625
1.7344
0.65757
-0.56402
-0.8245
-0.74548
0.28598
1.9218
2.3444
1.6013
0.078814
0
0.12463
0.079451
-0.40359
-1.3455
-1.7204
-1.6943
-0.73341
0.21643
0.97251
1.2734
1.0804
0.87702
0.86796
1.2802
1.5559
1.6299
1.4726
0.95553
0.3792
-0.27894
-0.44043
0.23608
1.6505
2.2179
0.8638
-0.54603
-1.2564
-0.75077
0.12724
1.155
1.2843
1.2761
0.85798
1.0397
1.166
0.52681
-0.4834
-1.1228
-1.2513
-0.84197
0.082323
0.92803
1.4079
1.6231
1.6314
1.3968
1.0415
0.59079
-0.088903
-0.84086
-1.42
-1.6144
-1.6208
-1.3045
-0.86254
-0.5339
-0.2545
-0.47808
-0.89591
-1.4818
-1.5513
-1.1154
-1.1058
-1.1887
-1.4248
-1.1843
-0.62334
-0.35499
-0.18538
-0.41025
-1.5261
-2.3277
-2.188
-1.0799
-0.47348
-0.30337
-0.26267
0.28848
0.89941
1.9191
2.0316
1.8017
1.3873
0.65112
0.23836
0.20089
0.94586
1.3474
1.7219
1.6257
1.2563
0.57755
0.13138
0.047222
0.43523
1.2915
1.9664
1.9341
1.3288
0.73727
0.45576
0.6132
0.90089
1.0528
1.0247
0.95032
1.28
1.5832
1.7368
1.2796
0.53246
-0.33295
-0.75197
-0.32945
0.36024
1.0524
1.1955
1.1941
0.88282
0.65414
0.67725
0.8562
1.2119
1.6607
1.9668
1.6642
0.76368
-0.17119
-0.71701
-0.51451
0.28174
1.2081
1.6124
1.8193
1.6392
1.4218
0.95313
0.37712
0.060019
-0.29614
0.40685
1.3783
1.2903
0.48919
-1.0937
-2.0047
-2.2132
-1.5592
-0.10096
0.54619
0.726
0.41503
-0.34263
-0.60771
0.081522
1.1899
2.1245
1.1178
0.76044
0.15845
-0.24013
-0.63092
-1.1465
-1.6415
-2.0085
-1.8677
-1.3211
-0.97718
-0.55165
-0.22133
0.12548
0.69056
0.62445
-0.65603
-1.2093
-0.42088
0.94891
1.318
0.40692
-0.99267
-2.2242
-2.4077
-1.0169
0.54783
0.64753
0
0
0.66105
2.5287
2.6989
2.3351
-0.078199
-0.26626
0
0.26545
-0.040037
-1.3253
-2.1774
-2.4389
-1.3327
0.16527
0.827
0.56706
-0.1871
-1.0983
-1.7972
-1.909
-1.7295
-1.228
-0.57205
0.22826
0.9269
0.88581
0.054392
-0.97025
-1.2198
-1.4816
-0.9371
0.15401
1.2088
2.0352
1.7225
0.25403
-1.2334
-1.0871
-0.21856
0.455
0.14099
-0.58123
-1.2081
-1.3985
-1.0976
-0.95433
-1.0867
-1.3346
-1.4206
-1.2728
-0.87887
-0.088394
0.65794
1.2388
1.419
1.1804
0.76538
0.63475
0.77982
0.96808
1.4387
1.5539
1.5414
0.83978
0.31804
0.28238
0.62315
0.98582
1.1874
1.2978
1.3227
1.44
1.536
1.4781
1.1277
0.5468
0.2409
-0.17749
-0.093113
0.46018
1.112
1.2011
1.2569
1.2561
0.82569
-0.17749
-1.1535
-2.017
-1.8743
-0.95002
-0.22184
-0.19629
-0.49491
-0.80083
-1.0186
-1.3746
-1.4118
-1.4793
-1.2493
-1.0537
-0.24848
0.84702
1.7948
1.8734
0.5816
-0.85533
-1.1818
-0.20941
0.93682
0.7842
0.1323
-0.73467
-1.2959
-1.3559
-1.1048
-1.026
-0.62724
0.27597
1.2344
1.8803
2.0395
1.7839
0.97099
0.31409
-0.30337
-0.67183
-0.87448
-0.80514
0.16682
0.47113
0.79696
0.376
-0.59419
-1.7463
-2.1312
-1.368
-0.61287
-0.35078
-0.48963
-1.0325
-1.5157
-1.3797
-1.0338
-0.92106
-0.90118
-1.0381
-1.0209
-1.0373
-0.90507
-0.82007
-0.98844
-0.93852
-0.50557
0.57433
1.4975
2.0019
1.4937
0.43196
-0.49777
-1.0811
-1.29
-1.4216
-1.2817
-1.1887
-1.1673
-0.92529
-0.14368
-0.29155
-0.86851
-0.78786
-0.46196
0.9183
1.5678
1.8298
0.95638
0.028278
-0.67957
-0.96204
-1.3816
-1.5676
-1.3292
-1.2232
-0.96122
-0.49464
0.16884
0.9277
1.3564
1.3679
0.91712
0.74948
0.80525
1.3604
1.7225
1.8266
1.3832
0.55741
0.086115
0
0.36209
0.9079
1.8134
2.2267
1.8455
1.1123
0.45663
-0.1415
-0.63528
-0.98564
-1.4405
-1.8389
-1.9029
-1.4081
-0.72399
-0.15724
0.12631
-0.40779
-1.6144
-2.4251
-1.6198
-0.18136
0.8884
1.2903
0.34071
-0.6879
-0.95223
-0.55949
-0.054701
0.56817
1.4812
1.8172
1.5615
0.98284
0.69286
0.81374
1.1522
1.4765
1.2067
0.70328
0.49207
0.76332
1.2583
1.73
1.7333
1.0355
-0.15168
-1.2514
-1.4567
-1.1396
-0.26341
-0.25667
-0.7917
-0.41491
0.59892
1.2146
0.39896
-0.89055
-1.8854
-2.2879
-1.6747
-0.36622
0.81632
0.94161
0.12833
-0.85546
0
1.144
2.6112
1.9169
0.455
-0.81724
-0.82566
-0.82262
-0.58869
0.43522
0.86307
0.91771
0
-1.1722
-2.242
-2.0273
-0.58313
0
-0.032293
-0.54107
-1.1857
-1.3928
-1.2923
-1.018
-0.95963
-1.2692
-1.6721
-1.6948
-1.2841
-0.60192
0
0.32587
-0.19434
-0.75469
-0.73698
-0.57852
0.24635
1.1518
1.8236
1.804
1.3224
0.98007
0.66359
0.79807
1.3118
1.7643
1.3299
0.3452
-0.028686
-0.1422
0.51997
1.5322
1.8752
1.5142
1.0281
0.16105
-0.77304
-1.5299
-1.707
-1.4646
-1.0426
-0.88581
-0.95312
-0.93753
-0.42351
0.031493
0.26783
-0.67622
-1.6208
-2.1076
-1.9516
-1.2065
-0.39645
0.38063
0.99335
1.6197
1.9717
1.3239
0.54822
0.068201
-0.28175
-0.11772
0.83518
1.5233
1.6268
1.4781
1.2983
1.0957
1.1204
1.2041
1.1218
0.84707
0.2596
-0.17681
-0.9783
-0.9987
-0.47888
0.16108
0.69764
1.1235
1.5874
1.5327
1.2871
1.1332
0.83637
0.63057
0.55759
0.91243
1.0973
1.196
1.2063
1.1917
1.193
1.384
1.5428
1.1947
0.43315
0
0.58024
1.0862
0.71497
0.50053
-0.078519
0.41281
1.0804
1.5758
1.3902
1.1764
0.82481
0.67326
0.69713
1.1571
1.4109
1.519
1.3279
1.0757
0.9838
1.0039
1.155
0.58391
-0.24655
-0.84423
-1.1952
-1.3902
-1.9211
-1.0631
-0.26115
0.28329
0.5743
-0.31878
-0.88461
-0.56198
0.19907
0.76431
1.1624
1.3847
1.3286
1.1797
1.0194
1.1461
1.2182
1.3774
1.2451
0.8898
0.36592
-0.11847
-0.55419
-1.7005
-2.3163
-1.8121
-0.61285
0.4124
0.72238
0.57809
0.10537
-0.38588
-0.79413
-1.4063
-1.9892
-1.9764
-1.6757
-1.1541
-0.69039
-0.2575
0.081053
0
0.51185
1.2207
1.6683
1.6976
1.5777
1.2967
0.67704
0.56664
0.24063
0.62563
0.89193
1.7451
1.382
0.76531
0.6815
0.37891
-0.13554
-1.1416
-1.9805
-2.4583
-2.0234
-0.997
-0.15368
0.10941
-0.58424
-1.6106
-2.3149
-1.2751
-0.17667
-0.1913
-0.82176
-2.202
-1.8494
-1.5757
-0.17876
0.46345
0
-1.092
-1.8463
-0.604
0.47665
1.0061
0.87595
0.37214
-0.52137
-1.2512
-1.8391
-1.745
-1.3497
-0.64266
-0.16488
0.35837
1.0279
1.5476
1.5252
1.2029
0.90642
0.80156
0.72017
0.79588
0.96992
1.1166
1.4993
1.7473
1.5241
0.69751
0.17532
0.10464
0.55304
1.3603
2.1232
2.1386
1.6498
1.1889
0.63728
0.18368
-0.068798
-0.036937
0.078199
0.88886
1.6917
1.8616
1.3861
0.78914
0.61289
0.72502
1.0783
1.5306
1.4154
0.43999
-0.64288
-0.98466
-0.61773
0.29904
1.3102
1.7996
1.6196
1.1704
0.79766
0.61441
0.85656
1.3918
1.7598
0.92872
-0.017501
-0.77616
-0.63458
0.25277
1.5191
1.9413
1.5918
0.98462
0.56865
0.64208
1.2111
1.8767
1.6795
0.85191
0.3759
0.080248
-0.30054
-1.34
-2.0889
-2.3483
-1.7907
-0.62566
0.2305
0.68911
0.5982
0.16614
0.31904
0.65199
1.7005
1.9875
1.5954
0.8717
0.45021
0.45501
0.89279
1.3327
1.3551
1.1185
1.0267
1.2764
0.92739
-0.092398
-1.3912
-2.0515
-1.6001
-0.53901
0.074988
-0.39001
-1.4907
-1.8894
-0.98915
-0.31781
-0.14941
-0.46774
-1.5284
-1.8952
-1.54
-0.67669
0.33131
1.2801
2.0141
1.7974
0.59075
-0.26041
-0.59439
-0.29879
0.75828
1.6739
1.7045
0.73242
-0.39476
-1.2189
-1.3604
-0.8856
-0.6493
-0.98139
-1.6414
-1.9726
-1.3683
-0.7508
0.040364
0.043904
-0.72801
-1.7806
-1.3697
0.143
1.3731
2.172
1.3992
-0.1659
-1.0511
-0.90524
-0.13806
0.90991
1.5572
1.7072
1.5982
0.25025
-0.16409
-1.2795
-1.0077
-0.41463
-0.16684
-0.64742
-1.4237
-1.6186
-1.5429
-0.43657
0.57706
0.94354
0.59022
-0.64661
-1.8851
-2.4685
-1.9787
-0.80681
-0.061229
-0.14149
-0.65279
-0.77363
-0.71814
-0.62793
-0.82405
-1.0509
-1.2409
-1.189
-1.3864
-1.8064
-1.4425
-0.47138
0.38111
0.39451
-0.10241
-1.0346
-1.5655
-1.575
-1.1223
-0.74794
-0.747
-0.95745
-1.5827
-2.0208
-1.7365
-0.77771
0.21771
0.49911
0.34092
-0.30218
-0.73435
-0.37478
-0.33655
-0.65139
-1.2816
-1.9626
-2.1582
-1.9065
-1.2851
-0.39297
0.14354
0.46213
0.36078
-0.080191
-0.13931
-0.59028
-0.70768
-1.4219
-1.5631
-1.0489
-0.35151
0.28107
0.84315
1.1901
1.2073
1.0462
1.0585
1.1883
1.4734
1.5877
1.5229
1.0037
0.47631
0.39269
0.6124
1.0631
0.81214
0.19108
-0.51742
0
1.1181
2.1609
1.7196
0.92501
0.37353
0.16581
0.31689
0.9208
1.3009
1.3557
1.2671
1.1512
1.1943
1.4321
1.5477
1.1807
0.4717
0
0.05551
0.59111
1.4355
1.7369
1.3894
0.9299
0.87115
1.1196
1.4764
1.5904
1.2458
0.39625
0.061416
0.22427
0.75771
1.0692
1.1507
1.0559
1.0074
1.1008
1.3464
1.5941
1.4774
1.0639
0.64171
-0.25888
-0.84031
-1.1651
-0.92633
-0.25727
0.35455
1.0602
1.4962
1.728
1.6315
1.3545
0.98362
0.71501
0.2025
-0.54964
-0.95838
-0.87353
-0.10363
0.56117
1.2325
1.525
1.4636
1.2713
1.0918
1.001
0.8661
1.0637
1.1802
1.2603
0.97283
0.65004
0.51827
0.53627
1.1045
1.5972
1.5987
1.2722
0.72634
-0.18889
-1.032
-1.2312
-1.2407
-1.3967
-1.1632
-0.67488
0.286
1.1876
1.7198
1.4761
0.60523
-0.38833
-0.86865
-1.0986
-0.91719
-0.57199
-0.74845
-1.0838
-1.1826
-1.0317
-1.1809
-1.4506
-1.4839
-1.1572
-0.51191
-0.38965
-0.43966
-1.5117
-2.1865
-2.2652
-1.3056
-0.59763
0
-0.042598
-0.078513
0.25296
1.0763
1.7885
2.0082
1.8122
1.2548
0.4098
-0.39514
-1.0479
-1.1535
-0.9005
-0.14985
0.37673
0.90556
1.1943
1.273
1.0435
0.8827
1.159
1.3939
1.3138
0.74362
0.19784
-0.52344
-1.1468
-1.7393
-1.9984
-1.7598
-1.1369
-0.41507
-0.19105
-0.35412
-1.0933
-1.4766
-1.088
-0.52688
-0.26904
-0.54605
-1.0462
-1.5755
-1.8775
-1.8187
-1.4504
-0.92577
-0.58007
-0.38686
-0.3118
-0.49338
-0.49067
-0.45504
-0.44827
-0.96256
-1.5491
-1.778
-1.5262
-1.1819
-0.39975
0.29442
0.84804
1.1179
1.3127
1.5144
1.4436
1.4158
1.1765
0.71043
0.39032
-0.075455
-0.75653
-1.6067
-1.729
-1.5603
-0.91671
-0.36921
0.26346
0.85867
1.5066
2.1329
1.8526
1.0525
0.10294
-0.50802
-1.182
-1.8709
-1.7313
-0.75081
0.096263
0.72991
0.85296
0.66407
0.67924
0.67825
0.37424
-0.52116
-1.4239
-1.8398
-2.0654
-1.631
-1.0773
-0.58313
-0.13418
0.26113
0.69348
0.6882
1.1047
1.386
1.7815
1.7664
0.96347
0.066884
-0.58224
-0.64585
-0.14649
0.86234
1.5014
1.6618
1.43
0.95025
0.78801
0.91344
1.2784
1.6476
1.5312
0.93788
0.10286
-0.31839
-0.020061
1.1955
2.2746
2.3743
1.5367
0.55052
0.22396
0.54317
1.1639
1.2953
1.0296
0.19849
-0.75836
-1.3454
-1.3968
-0.74073
0.23321
1.0895
1.4226
1.3745
1.1006
1.118
1.1419
1.1615
1.1401
1.0807
0.61509
-0.21585
-0.78963
-1.0953
-0.36145
0.96408
2.0075
2.2804
1.6518
0.30541
-0.55208
-0.84529
-0.27495
0.4628
0.23498
0.44048
0.94649
1.127
1.2628
1.3855
1.3278
1.0125
0.66044
0.58111
0.5858
0.80941
1.1213
1.3694
1.4672
1.5351
1.2215
0.85803
0.4907
0.53136
0.84796
1.0315
1.3268
1.2729
1.1844
1.067
1.1729
0.94392
0.85189
0.89418
0.98292
0.93845
0.93638
1.1469
1.6486
1.5553
0.86561
0.037218
-0.5744
0.13967
1.8595
2.9471
1.7687
0.44677
-0.69886
-0.41864
0.22578
1.8242
1.0974
0.90451
1.2959
1.0929
0.26985
-1.0131
-0.77334
-0.49153
-0.19682
-0.30691
-0.74279
-1.5303
-1.8374
-1.6733
-1.3258
-1.0658
-0.90946
-0.94182
-0.9128
0
0.95918
1.2128
0.52128
-1.0577
-1.9995
-1.954
-0.56219
0.37532
0.12274
-0.18946
-0.77623
-0.9332
-1.2759
-1.2156
-1.1418
-1.0154
-0.87413
-0.87701
-1.0611
-1.5614
-1.4279
-1.0367
-0.5185
-0.32092
-0.511
-1.4276
-2.2999
-2.0103
-1.2183
-0.4278
-0.20338
-0.60212
-1.1311
-1.0948
0.13301
1.5325
2.1717
1.9411
1.1075
-0.042419
-0.74707
-0.76996
-0.59755
-0.48999
-0.30336
0.79023
1.0993
1.389
1.5233
1.0232
-0.085555
-1.4177
-2.0874
-1.4373
0
1.1065
0.99554
-0.48652
-1.2035
-0.23835
0.42731
0.62568
0.16565
-0.97314
-2.0633
-2.0791
-1.6033
-1.0032
-0.67219
-0.92974
-1.0298
-0.95566
-0.20964
0
0
1.2068
2.4214
2.6412
1.1455
0.15112
-0.21376
-0.076702
0.91683
1.9948
2.0209
1.0259
-0.31283
-1.3102
-1.9442
-1.8937
-0.67139
0
-0.15051
0.073058
0.41708
0.55874
0.11732
-0.53437
-1.7017
-2.2394
-1.9679
-1.2666
-0.75079
-0.55004
-0.058369
0.3696
1.0137
1.696
1.9181
1.4965
1.3172
1.136
0.52002
-0.3229
-1.0537
-1.2724
-1.1504
0
1.1123
1.2955
0.76027
-0.12358
-0.78732
-1.6294
-1.1235
-0.77666
-0.95335
-0.58453
0.44918
1.4571
1.3886
0.5028
-0.70389
-1.2513
-0.50242
0.92395
2.1908
1.7804
0.64165
-0.76678
-1.1481
-0.98864
0.49224
1.2739
1.2625
0.62566
-0.18037
-0.45917
0.24415
1.268
1.5678
0.84346
-0.17638
-0.95014
-1.2036
-0.63078
0.36781
1.312
1.6263
1.4491
1.032
0.58774
0.66357
1.0589
1.1409
1.3702
1.4053
1.4188
1.3227
1.0258
0.69039
0.33553
0.70487
0.39718
0.21919
-0.51667
-0.24122
1.0376
1.6295
2.3692
1.9338
0.92492
-0.4767
-0.86181
0
1.3524
0.77499
-0.050058
-0.52688
-0.044888
1.3428
2.2043
1.7567
0.71733
-0.4421
-1.2895
-1.816
-1.2103
-0.62805
-0.33069
-0.27669
0.066888
0.61693
1.1222
1.5768
1.7503
1.6056
1.43
1.3187
1.0255
0.50532
0
-0.32929
-0.32634
0.14714
0.96233
0.10941
-0.26956
-0.19891
0.57385
1.7009
2.5672
2.6139
1.4121
0.42808
-0.076704
0.1756
0.55371
0.36829
0.08206
0.22925
1.1341
2.0154
2.2495
1.5341
0.54981
-0.35016
-1.1791
-1.6581
-1.5458
-0.63354
0.17562
0.88877
0.88876
0.5658
0.28954
0.30331
1.1157
1.43
1.2402
0.51287
-0.44492
-1.1268
-1.3336
-1.437
-1.3887
-1.0306
-0.93015
-0.91265
-0.56995
0.19037
1.3393
2.0171
2.168
1.3739
0.4816
-0.048283
-0.32847
-0.50926
-0.93307
-1.4521
-1.8698
-1.9517
-1.5601
-0.54539
0.33303
1.0525
1.0093
0.37651
-0.23415
-0.69966
-0.88801
-1.4072
-1.4588
-1.2901
-1.1149
-1.0725
-1.0417
-0.93311
-0.94242
-0.96119
-1.0174
-0.89204
-0.6552
0.28909
1.3283
1.4694
1.2841
0.15738
-0.87908
-1.8447
-1.6294
-0.13042
0.93397
1.2889
0.68415
-0.70818
-1.602
-1.4891
-0.88132
-0.19118
