0.38108
0.69961
1.1145
1.4349
2.2032
2.366
2.5292
2.5005
2.1186
1.382
1.062
1.16
1.0969
1.2275
1.1643
0.90669
0.19452
-0.61673
-1.2349
-1.4641
-1.14
-0.35871
0.19588
0.22878
0.22903
-0.065507
-0.098366
0.16412
0.62429
0.85517
0.82311
1.3513
1.5175
1.7171
1.6527
1.555
1.2584
0.7955
0.56399
0.099616
-0.36558
-0.46568
-0.16645
0.066637
0.3668
0.93442
1.1355
0.9693
0.60209
0.53559
0.30149
0.16761
0.16773
-0.16784
-0.57105
-0.97479
-0.97541
-0.63946
-0.033677
0.57284
0.94406
0.64097
0.10126
-0.033772
-0.43927
-0.23665
-0.033824
0
-0.37242
-0.40646
-0.13554
0.1017
0.37306
1.1535
1.4934
1.4939
1.2907
1.3251
1.3255
1.6999
1.7004
1.871
1.7354
1.906
1.8044
1.4983
0.95368
0.64727
0.74961
0.74975
1.3293
1.6363
1.7048
1.364
0.75027
-0.068213
-0.64808
-0.44346
-0.51172
-0.98937
-1.6376
-1.4671
-0.98946
-0.1706
0.7165
1.1259
0.95529
0.61409
0.4776
-0.034112
-0.27288
-0.40928
-0.61386
-0.6138
-0.51144
-0.37501
-0.71582
-0.81797
-0.74968
-0.54513
-0.51097
-0.47682
-0.27242
-0.17022
0.034038
0
0
-0.27211
-0.68012
-0.95192
-1.4275
-1.3931
-0.67939
0.20376
0.61109
0.57697
0.57679
0.54269
0.57642
0.47454
0.20331
-0.067745
-0.23703
0.20309
0.7444
0.9809
0.98053
1.0816
0.946
0.81054
1.0128
1.2486
1.1806
1.0453
1.2471
1.4824
1.7512
2.087
1.9515
1.6816
1.3447
1.3105
1.4443
1.7458
2.1813
1.7443
1.0058
0.23459
-0.13399
-0.60268
-1.0709
-1.5722
-1.7721
-1.6042
-1.3362
-0.56761
-0.76759
-1.0674
-1.367
-1.6663
-1.7655
-1.6315
-1.1648
-0.93139
-0.49872
-0.066465
0.46504
0.59763
0.49779
0.66341
0.46418
0.6628
0.72875
0.56286
0.19857
-0.033079
0.13226
0.42965
1.0571
1.717
2.2774
2.5403
2.7371
2.637
2.3064
2.0749
2.1398
1.9744
1.3815
0.9535
0.32866
-0.098558
0
0.32827
0.32814
0
-0.065578
0.065553
0.065529
-0.098257
-0.49111
-0.75277
-0.91609
-0.39248
-0.06539
-0.065369
-0.032674
0.55527
0.71836
1.2404
1.4358
1.3702
0.91319
0.097814
-0.39115
-1.0754
-1.4334
-1.5308
-1.4653
-1.4649
-1.4971
-1.3015
-1.0735
-0.19515
0.68287
1.0403
0.52007
-0.19499
-0.74733
-1.202
-1.2018
-1.2991
-1.4612
-1.8506
-2.0776
-1.6879
-1.2333
-0.64903
-0.032448
0.32445
0.16221
-0.12976
-0.22706
-0.55141
-1.0379
-1.5892
-2.3999
-3.1133
-3.1457
-2.5619
-1.7187
-0.87559
-0.22701
0.3243
0.97294
1.5892
1.5244
1.0379
0.64875
0.87587
0.94082
0.48667
-0.29203
-1.006
-1.4605
-1.5256
-1.4284
-1.9155
-2.1431
-2.111
-1.3967
-0.22741
0.51988
1.1049
1.2027
1.4305
1.886
2.1141
2.1796
2.0174
1.6599
0.84641
0.097687
-0.45599
-0.61901
-0.61917
-0.68454
-0.45649
0.032616
0.65251
1.436
1.9261
2.188
2.1887
2.3528
2.1248
1.9293
1.7337
1.2435
0.58924
0.19649
-0.13104
-0.19663
0
0.29518
0.5906
0.75497
1.412
2.0368
2.3335
2.5646
2.8618
2.9947
2.9302
2.7009
2.2737
1.9121
1.7481
1.9139
1.9148
1.7836
2.0488
1.9176
1.9516
1.754
1.7217
1.5238
1.1269
0.72953
0.13271
-0.59749
-1.0295
-0.89717
-0.86439
-0.69853
-0.99842
-1.4984
-1.999
-2.4334
-2.3346
-2.3359
-1.7028
-0.96876
-0.36766
-0.23409
-0.36806
-0.20087
-0.20098
0.40218
0.73773
0.57038
-0.06714
-0.43665
-0.033607
0.40351
1.043
1.2455
1.0441
0.6066
0.43834
0.64101
0.74263
0.94568
0.9462
0.91291
0.50745
0.37233
0.2032
0.23719
0.84758
1.4586
1.6291
1.4262
1.3251
0.95183
0.44216
-0.27224
-0.68095
-0.44285
0.23858
1.364
1.8765
1.6044
0.81966
0.20502
0.13675
0.34204
1.0951
1.4722
1.5757
1.5079
1.5429
1.1663
0.51478
-0.20601
-0.9618
-1.3746
-1.1346
-0.65353
-0.3097
-0.034426
0.37885
0.27565
-0.06894
-0.41381
-0.27599
-0.51768
-0.55241
-1.0016
-1.3821
-1.832
-2.0055
-1.9025
-1.6956
-1.1423
-0.20777
0.31176
0.31186
0.24264
0.13869
-0.10405
-0.034695
-0.24294
-0.6596
-1.3196
-1.0768
-0.20847
1.0774
2.3639
3.0251
2.852
2.0873
1.6354
1.3574
1.1836
1.0446
0.83581
0.69664
0.59226
0.94081
0.73186
0.34856
-0.20917
-0.17433
-0.069742
0.17438
0.872
1.1163
1.4304
1.291
1.2562
0.90732
0.76779
1.2914
2.164
2.932
3.1067
2.6879
1.6756
0.73309
0.52364
0.48873
0.34909
0.034909
-0.27926
-0.80286
-0.73301
-0.069807
0.59333
0.76779
0.52345
0.17447
0.13956
0.41865
0.59303
0.45344
0
-0.45333
-0.6276
-1.011
-0.62742
0.17425
1.115
1.6026
1.7416
1.4627
0.9053
0.62662
0.93973
1.1483
1.0089
0.5565
0.31295
0.20858
0.06951
-0.17373
-0.72947
-1.1807
-0.79849
-0.55531
-0.27757
-0.034686
0.45078
0.4853
0.51979
0.034641
-0.72723
-1.3155
-1.5227
-1.0724
-0.58788
0.13827
1.2094
2.038
2.3479
2.1745
1.7941
1.5519
1.5858
1.5507
1.3089
0.61974
0.10324
-0.1376
-0.27508
-0.34369
-0.068708
-0.034338
-0.10297
-0.17153
0
0.034274
0.10277
0.034241
-0.30802
-0.54732
-0.47866
-0.034173
0.034156
0.23897
0.51182
0.88669
1.1248
1.0902
0.5448
-0.20419
-0.7483
-0.57792
-0.13591
0.30563
1.0521
1.5265
1.5934
1.3892
1.016
0.47385
-0.23679
-0.50712
-0.81094
-0.70917
-0.33751
0
0.2697
-0.033693
-0.20204
-0.77403
-1.4126
-1.916
-1.9485
-1.6116
-1.1744
-0.70425
-0.60329
-0.56944
-0.36824
0.13383
0
-0.60151
-0.90172
-1.3017
-1.3343
-1.3335
-0.9329
-1.0655
-0.96506
-0.73168
-0.73124
-0.86368
-0.89637
-0.39815
-0.23211
-0.26512
-0.72864
-1.4564
-2.3818
-2.8763
-2.8746
-2.7078
-2.5412
-2.3418
-2.0767
-1.5484
-0.75726
-0.16452
-0.26309
-0.82166
-1.5438
-2.298
-3.2153
-3.8036
-4.4241
-5.3386
-6.0229
-6.2157
-6.1467
-5.8165
-5.0947
-4.4063
-3.5557
-2.543
-1.2056
-0.16283
0.29293
0.39035
-0.2926
-1.1048
-2.2083
-2.9212
-3.3413
-3.2422
-2.3007
-1.4574
-0.97106
-0.51762
-0.097002
0.25853
0.48449
0.48423
0.12906
-0.064496
0.32231
1.0308
1.0303
0.41835
-0.7076
-1.3823
-1.7351
-1.5736
-0.93084
-0.38498
-0.12826
-0.32049
-0.80083
-1.1846
-0.96003
-0.12794
0.63939
1.374
2.0121
2.1707
1.9144
1.3076
0.82878
0.35047
0.3503
0.57295
0.76357
0.6042
0.60392
0.28593
0.12702
0.31741
0.8566
1.7124
2.0603
2.1544
1.7417
1.2661
0.72768
0.34786
0.15805
-0.15798
-0.094743
-0.69447
-1.483
-2.1446
-2.6796
-2.8989
-3.0236
-2.613
-2.2972
-2.076
-1.855
-1.5085
-1.0994
-0.69078
0.12554
0.56469
0.65851
0.53285
0.56394
0.34448
0.15651
0.093867
-0.031275
-0.4064
-1.1249
-1.5617
-1.842
-1.4979
-0.99819
-0.59242
-0.71682
-0.84112
-0.46708
-0.498
-0.40445
-0.12439
0.031084
-0.03107
-0.24845
-0.55877
-0.80676
-0.49624
0.093004
0.34086
0.15487
-0.12384
-0.64986
-0.83515
-0.83477
-0.12361
0.64868
1.2041
1.7282
1.2647
0.24666
-0.77045
-1.3246
-1.0776
-0.89246
-0.73824
-0.9531
-1.1063
-0.98291
-0.36841
0.030686
0.2147
0.4905
0.70474
0.91877
1.0408
0.91785
0.48928
0
-0.12219
-0.2748
-0.51879
-0.76254
-0.70117
-0.7008
-0.51771
-0.2435
-0.030421
0.06081
0.33427
0.82004
1.1231
1.3349
1.2735
1.3637
1.3024
1.453
1.6337
1.5118
1.4505
1.7517
1.8412
1.629
1.2059
0.84365
0.42157
0.48151
0.66167
0.9919
1.1715
1.441
1.6801
1.5591
1.4683
1.3176
1.4365
1.5253
1.8829
1.8817
1.373
0.86504
0.74523
1.1618
1.5778
2.0825
2.2
2.1093
2.0782
2.0174
1.7788
1.3925
1.3619
1.3017
1.3599
1.5067
2.096
2.596
2.5941
2.386
1.8544
1.4707
1.4696
1.909
2.0543
2.2287
2.6373
2.8988
2.6918
2.0758
1.4315
0.72977
0.78754
1.0492
1.3105
1.6877
1.8027
1.9465
1.6547
1.5083
1.4202
1.1873
0.86807
0.37585
-0.11555
-0.83707
-1.4997
-1.7578
-1.526
-1.2946
-0.74736
-0.34464
0.086088
0.40141
0.71619
0.94456
1.144
1.8573
2.2554
2.3676
1.9096
1.0251
0.17071
-0.3127
-0.056804
0.17026
0.11341
-0.14164
-0.45285
-0.82008
-0.98888
-0.59281
0.084612
0.98627
1.8582
2.5879
2.7262
2.4149
1.8797
1.0652
0.084017
-0.36375
-0.30752
-0.027931
0.22325
0.44611
0.78001
1.3638
2.1412
2.7228
2.6927
2.4684
2.3277
2.1042
1.9087
1.6859
1.5464
1.1588
1.0751
1.1292
1.1557
0.90729
0.52193
0.74105
0.98722
1.6988
2.1627
2.3523
2.0224
1.5565
1.2005
0.87233
0.76265
0.70758
0.3535
-0.2717
-0.48865
-0.46112
0.13551
0.75826
1.2447
1.3248
1.1347
1.0798
0.94405
0.72769
0.75405
0.96875
1.2907
1.4778
1.5303
1.3414
1.0187
0.83041
0.72273
0.77569
0.72167
0.77457
0.77402
0.61344
0.53305
0.66585
0.66539
0.71813
0.95686
1.089
1.4068
1.6712
2.4124
2.6228
2.7535
2.5136
2.0097
1.3742
0.66027
0.079186
-0.71225
-1.2655
-1.581
-1.6328
-1.5002
-0.99962
-0.34179
-0.18395
-0.15759
-0.18376
-0.078713
-0.1049
-0.15727
-0.4716
-0.99513
-1.3873
-1.2297
-0.73228
-0.15685
0.28744
0.65301
0.65275
0.8352
1.2523
1.5648
1.6164
1.4595
1.1985
0.98972
1.0936
1.5097
1.9516
2.2633
2.5747
2.4961
2.1315
1.4294
0.83144
0.25977
-0.077915
0.051933
0.15577
0.31149
0.49312
0.5709
0.46703
0.41509
0.70039
1.0375
1.2968
1.556
1.919
1.8151
1.6076
1.5298
1.5816
1.6335
1.6335
1.4261
0.95942
0.59642
0.62239
0.54463
0.2075
-0.20752
-0.28536
-0.38918
-0.31139
-0.20762
-0.051913
-0.18173
-0.15579
-0.025971
0.077929
-0.15589
-0.59772
-0.85781
-0.67603
0.052016
0.78046
1.3272
1.7181
2.005
1.7713
1.1205
0.49526
-0.20861
-0.65215
-0.65241
-0.33939
-0.052236
-0.39194
-0.70581
-1.1507
-1.0466
-0.54974
0.078573
0.36686
0.26218
0.18362
-0.36744
-1.2868
-2.3122
-2.9183
-3.1305
-3.0534
-2.4231
-1.6604
-0.81753
-0.15833
0.36969
0.58134
0.50241
0.31753
-0.1324
-0.55648
-0.79556
-0.45115
-0.053117
0.66447
1.2502
1.3044
0.90583
0.55994
0.53371
0.53416
0.72173
0.77585
0.83008
0.2948
-0.37554
-0.99339
-1.5855
-1.8559
-1.9653
-2.1558
-2.05
-1.755
-0.91887
-0.16231
0.78529
1.8974
2.7134
2.7433
2.5286
1.9597
1.444
1.2274
1.3106
1.476
1.3408
1.0683
0.41134
-0.13727
-0.30232
-0.082545
0.13773
0.082733
0.60741
0.88453
1.0516
1.1637
1.2483
1.2497
1.1678
1.4755
1.4772
1.0883
0.44705
0.083925
0.19607
0.7572
1.5725
2.0243
2.252
2.0012
1.6369
0.76298
0.084884
-0.19832
-0.34042
-0.45448
-0.68262
-0.76895
-1.1977
-1.5705
-1.7156
-1.4315
-1.0894
-0.68899
-0.22997
-0.14393
0.057648
0
-0.14451
-0.49201
-0.26083
0.29021
0.75559
1.0476
0.84509
0.4669
-0.058444
-0.11705
-0.17582
0.029344
0.26446
0.88277
0.94293
0.41311
-0.1182
-0.79894
-1.3334
-1.543
-1.6641
-1.7557
-2.0263
-1.7009
-1.2551
-0.86781
-0.7192
-0.66019
-0.69117
-0.8727
-0.60271
-0.8148
-0.99726
-0.90787
-0.42427
0.39452
0.69896
0.8521
0.42665
-0.030517
-0.51951
-0.73445
-1.0419
-1.0434
-0.89116
-0.9847
-1.2326
-1.3268
-0.92698
-0.3713
0.37181
1.0239
1.2738
1.1511
1.0592
1.0606
0.84338
0.59429
0.21924
-0.25089
-1.0049
-1.415
-1.8577
-2.4592
-2.715
-2.2443
-1.1395
-0.47539
-0.063467
-0.15887
0
0.47783
1.3077
1.5329
1.2471
0.86443
0.54495
0.54562
0.67483
0.96522
1.3852
1.6126
2.0343
2.2307
2.3305
2.7221
3.0173
3.0533
2.5691
2.1488
1.4668
0.88107
0.88206
0.88305
0.91678
1.1145
1.6735
1.9053
1.5785
1.0864
0.79095
0.56085
0.066051
-0.03306
0.066188
0.26502
0.16581
-0.06639
-0.46519
-0.56543
-0.39952
-0.56654
-0.80058
-1.1352
-1.1697
-1.2712
-0.93752
-0.46919
0.10063
0.43646
0.60486
0.80718
0.60591
0.64012
1.079
1.5524
1.8576
1.8253
1.4547
0.74484
0.44048
0.373
0.44116
0.27169
0.16993
-0.17006
-0.71475
-1.0899
-0.81801
0.23875
1.3994
2.4249
2.0847
0.95755
0.06844
-0.27393
-0.068526
-0.17142
0.068608
-0.10297
-0.10303
-0.41236
-0.79079
-1.376
-1.8242
-1.7907
-1.2404
-0.31025
0.86222
1.8633
2.0713
1.8305
1.5549
1.279
0.76081
0.27677
0
0.069248
0.5542
1.1781
1.2479
0.62415
0.13875
0.65926
1.3189
2.1179
2.3269
2.1191
1.4247
1.0775
1.1821
1.1476
1.1131
1.0785
0.93955
0.83532
1.0792
1.7061
1.9849
2.1246
2.0204
1.7419
1.4286
1.4984
1.638
1.429
1.1851
1.0109
0.8018
0.38349
0.10459
-0.41838
-0.73219
-0.76706
-0.62759
-0.38353
-0.1046
0.55783
0.87157
1.011
0.83661
0.62742
0.34854
0.2091
0.69694
1.2544
1.7419
1.9159
1.9156
1.4974
1.2535
1.1836
1.253
1.5312
1.6701
1.6697
0.62602
-0.38248
-0.66049
-0.34754
0.27796
0.79894
1.2849
1.1109
1.423
2.1165
2.6015
2.67
2.1145
1.4554
0.79673
0.62331
0.76154
0.65745
0.20754
0.24203
0.93319
1.382
1.8303
1.6915
1.4492
1.0347
0.5516
0.10338
-0.58553
-0.82625
-0.68821
-0.48151
-0.92817
-0.82463
-0.85855
-0.75513
-0.5489
-0.34288
-0.30842
-0.37676
-0.20539
-0.58161
-1.0942
-1.4694
-1.1953
-0.44372
0.20467
0.4091
0.30663
0.17025
0.40833
0.5781
0.27187
-0.30566
-0.47516
-0.81401
-0.91515
-0.44033
0.50772
1.0486
1.3858
1.4186
1.5864
1.7539
1.9212
1.9871
1.5145
1.0425
0.60489
0.53727
0.23488
-0.2347
-0.67005
-1.1382
-0.70245
0.066847
0.63454
0.50055
0.40012
0.23321
0.19973
0.49892
0.997
1.1622
0.72991
-0.29835
-1.3911
-2.6474
-3.075
-2.8741
-2.0794
-1.2532
-0.36243
-0.032919
0.23023
0.59149
0.8536
0.68882
-0.19663
-0.81852
-1.4393
-1.7974
-1.9264
-2.1203
-2.379
-2.8
-2.0817
-0.64992
0.90902
2.3028
2.981
3.2371
3.0399
2.94
2.4853
1.7735
0.93417
0.35399
-0.41794
-0.64233
-0.77003
-0.70515
-0.70444
-0.7677
-0.6391
-0.92575
-0.76535
-0.38228
0.25459
0.79479
1.1115
1.4276
1.2043
1.298
1.2018
1.2005
0.82056
0.28374
-0.031493
-0.53482
-0.53425
-0.53368
-0.53311
-0.62652
-0.46939
-0.37511
-0.21858
0.031192
0.56085
0.74699
0.71509
0.93171
0.77559
0.37188
0.2786
0.40199
0.55599
0.40111
0.24657
-0.27708
-0.86109
-1.2595
-1.3195
-1.3793
-1.9902
-2.6609
-3.4522
-3.8146
-3.8104
-3.0754
-2.4029
-1.6406
-0.69802
-0.24252
-0.18169
-0.18149
-0.12086
-0.15091
-0.24118
-0.30114
-0.18049
-0.060095
-0.060029
-0.059962
-0.089844
0.26923
0.77693
0.95516
0.62613
0.14891
-0.02975
0.14859
0.26716
0.23722
-0.26657
-1.0355
-1.4186
-1.1218
-0.73725
-0.29458
-0.14713
-0.058787
-0.058723
0
-0.087893
-0.52679
-1.0524
-1.1973
-1.1377
-0.87421
-0.49485
-0.40709
-0.55189
-0.87048
-0.95651
-0.89758
-0.80986
-0.52008
-0.57726
-0.46132
-0.086407
0.54668
0.9485
0.68911
0.45893
0.085961
-0.40074
-0.88644
-1.2283
-1.5695
-1.7675
-1.5379
-1.3372
-1.1369
-1.2493
-1.3615
-1.8136
-2.0666
-1.9232
-0.90414
0.4234
1.8048
2.4228
1.9983
1.2372
0.64612
0.14033
-0.42059
-0.75635
-0.69968
-0.67107
-0.44697
-0.19537
-0.027885
0.02786
0.25051
0.72306
0.86135
0.88835
0.99852
0.99766
0.91373
0.88528
1.1333
1.0495
1.0486
0.90989
0.63364
0.57807
0.6051
0.49469
0.35699
0.4939
1.0144
1.1232
0.9855
0.7112
0.082
-0.49163
-1.0917
-1.2
-1.1719
-1.2799
-1.4423
-1.7676
-2.0925
-1.9824
-1.5469
-0.84071
-0.35232
0.027084
-0.46012
-1.1631
-1.6489
-1.1616
-0.35097
0.24283
0.40447
-0.10779
-0.83491
-1.1843
-0.88776
-0.61839
-0.40307
-0.42971
-0.51001
-0.69754
-0.61673
-0.40201
-0.45538
-0.40161
0.080283
0.66871
1.0427
0.9086
0.34725
-0.1602
-0.37364
-0.24009
0.053332
0.15993
0.42632
0.53269
0.50587
0.31938
-0.13303
-0.85108
-1.4357
-1.2226
-0.85025
-0.37187
-0.18588
-0.29201
-0.74309
-1.5123
-1.6711
-1.9889
-2.0944
-1.8819
-1.643
-1.3777
-1.5099
-1.4566
-1.933
-2.3827
-2.7264
-2.329
-1.5084
-0.74085
-0.15874
-0.29098
-0.71416
-1.1902
-1.2694
-1.3486
-1.1635
-0.79322
-0.39659
-0.026439
0.3437
0.39657
-0.13219
-0.52876
-0.63453
-0.50235
-0.55525
-1.0048
-1.5602
-2.3801
-2.8563
-2.7772
-2.1426
-1.4286
-0.97896
-0.7674
-1.0322
-0.76762
-0.21179
0.34422
0.37076
0.23839
0.29143
0.45048
1.0337
1.4316
1.4319
0.90181
0.76939
0.82267
0.87599
0.9559
0.92963
0.58452
0.2392
0.39879
0.5319
0.47888
0.079841
-0.42598
-0.90554
-1.3322
-0.79963
-0.15999
0.42682
1.1475
2.0558
2.7245
3.0464
2.8873
2.1933
1.4183
0.9906
0.91073
0.83079
0.56308
0.18779
-0.34894
-0.96682
-1.0211
-0.61837
-0.1076
0.69982
1.3735
2.1289
2.7503
3.2376
3.5096
3.1606
2.4598
1.4876
0.56838
-0.21667
-0.70463
-0.67799
-0.51562
0.21725
1.1957
1.9852
2.2315
2.0425
1.7714
1.4182
1.1736
0.98328
0.84735
0.43767
0.16425
0.054794
0.027418
0.24696
0.63162
1.1543
1.3478
1.5691
1.3775
1.1029
1.1591
1.5191
1.7691
1.328
0.80301
0.24943
0.027738
0.38867
0.91696
1.1403
1.0578
1.2259
1.227
1.4793
1.6762
2.209
2.351
2.2692
1.9348
1.3191
0.56186
0.11248
0.19703
0.11269
0.39481
0.87506
1.1302
0.90504
0.39634
0.11335
0.22692
0.70984
1.1369
1.3087
1.2246
0.91222
0.799
0.3999
0.08578
0
0.057303
0
0.2871
0.66101
0.94939
1.2384
1.4414
1.6449
1.56
1.4459
0.92637
0.1449
-0.23208
-0.2904
0.087212
0.40742
0.90309
0.96238
0.87581
0.84752
1.0532
0.96647
0.49841
0.1174
-0.17628
-0.14706
-0.029444
-0.2358
-0.97372
-1.8314
-2.2473
-2.5162
-2.7559
-3.0556
-2.8213
-2.2594
-1.369
-0.26814
0.65616
1.3436
1.7934
1.6158
0.95853
0.2099
-0.060037
-0.030051
-0.361
-0.54208
-0.27133
0.090541
0.60426
1.0888
1.2111
1.0912
0.91027
0.729
0.15204
-0.42616
-0.67039
-0.6101
-0.27484
0.27513
0.82626
0.8884
0.95068
1.0131
1.2907
1.4152
1.7246
1.8189
1.2962
0.89592
0.49482
0.43342
0.18594
-0.031023
-0.43477
-0.80827
-0.71575
-0.56073
-0.31184
-0.31216
-0.093744
-0.1564
-0.56362
-1.0344
-1.2864
-1.1621
-0.78599
-0.18883
-0.031503
-0.094604
-0.34723
-0.63196
-0.98051
-1.2664
-0.76062
-0.031724
0.98441
1.5893
2.1318
2.3568
2.3591
2.2338
1.8207
1.5027
1.3122
1.3455
0.67338
-0.12838
-0.99593
-1.5114
-1.3197
-0.64437
0.25799
1.1298
2.2293
3.331
3.9815
3.6936
2.6917
1.7853
0.74726
0.097558
-0.65098
-0.97736
-1.3043
-1.1097
-0.75135
-0.75202
-0.68724
-0.16378
0.91796
1.936
2.9558
3.1885
2.7636
2.3709
2.1752
2.276
2.278
2.5774
2.5134
2.2839
1.9214
1.691
1.3274
0.66425
0.3324
-0.099805
-0.49944
-0.49986
0.033351
0.56744
0.60131
0.40121
-0.20077
-0.77023
-1.039
-0.83857
-0.67139
-0.36956
0.50435
1.346
2.0206
2.0222
1.3492
0.2363
-0.2027
0.10143
0.87973
1.4899
1.4911
1.4244
1.0182
1.1548
1.2917
0.88446
0.13617
-0.23848
-0.27275
-0.27296
-0.17073
-0.13668
-0.10259
-0.68441
-1.1644
-1.1652
-0.7545
-0.20592
-0.034345
-0.03437
-0.10318
0.13768
0.41332
0.31021
0.37941
0.55226
0.65626
0.38021
-0.10376
-1.073
-1.905
-2.2875
-2.1504
-1.77
-1.3892
-0.79933
-0.034777
0.3828
0.55717
0.69693
0.52304
-0.034892
-0.17458
-0.52407
-0.66425
-0.59471
-0.10502
0.14011
0.31545
0.24551
-0.070189
-0.10535
0.17569
0.77353
0.73882
0.45765
-0.59883
-1.4804
-2.3982
-2.7879
-2.4011
-2.1199
-1.3787
-0.74284
-0.35394
-0.21249
-0.14174
-0.035456
-0.035476
-0.31947
-0.67481
-1.1727
-1.4223
-1.2807
-0.99668
-1.1753
-1.3541
-1.5688
-1.3199
-0.89231
0
1.0362
1.7874
2.5752
3.2207
3.652
3.2956
2.688
1.5777
0.71751
0.32304
0.6823
1.2575
1.2221
1.1148
0.5037
-0.17998
-0.54018
-0.18014
0.36044
0.68515
1.2266
1.4076
1.5165
1.7339
2.2044
2.603
3.1104
3.5458
3.6558
3.5124
2.9704
2.5004
1.5226
1.0154
0.76185
0.72583
0.39935
-0.072634
-0.036329
0
0.10906
0.18182
0
-0.47304
-0.72797
-0.54614
-0.43704
0.03643
0.65592
0.80189
0.36459
0.21881
0.25534
0.65675
1.4963
2.6647
3.7241
4.1265
4.1639
3.6533
2.9597
2.5217
2.7048
2.6322
2.0476
1.4262
0.73147
0.47552
0.32924
0.47563
0.4025
0.43913
0.76854
0.4758
0.073204
-0.51246
-0.98836
-1.2446
-1.2813
-0.4027
-0.036609
-0.036609
-0.8054
-1.9036
-2.5991
-2.2696
-1.0249
-0.036602
0.073198
0.18298
0.84164
1.2074
1.2073
1.0608
0.76809
0.62169
0.36565
0.036558
-0.58483
-0.76744
-0.036538
1.0594
1.753
1.8257
1.4967
0.87587
0.65673
0.43769
0.25525
-0.18226
-0.76526
-1.3114
-2.1486
-2.2934
-1.492
-0.25463
0.94541
1.9264
2.1073
1.8521
1.3794
1.0522
0.61654
0.47124
0.28985
-0.25349
-1.484
-2.3152
-2.4947
-1.9513
-1.3362
-0.79404
-0.46892
-0.64888
-0.86463
-0.43204
-0.10794
0.25169
0.53896
0.14362
-0.50232
-1.1832
-1.5048
-1.611
-0.93011
0.14298
0.89293
1.3562
1.5333
1.4252
0.81877
0.32011
0.21322
0.39056
0.85135
0.95689
1.3455
1.4857
1.5549
1.6946
1.4461
0.81039
0
-0.63292
-1.3699
-1.614
-1.6824
-1.6105
-1.7486
-1.3275
-0.97704
-1.0805
-1.1488
-1.0084
-0.72936
-0.24283
-0.034647
0
-0.34561
-0.82843
-1.0342
-1.3427
-1.341
-0.44641
0.44582
1.0274
1.026
0.8197
0.61393
0.64713
1.0884
1.1547
1.1192
0.94822
0.71012
0.50648
0
0.10099
0.13445
0.30206
0.46915
0.86992
0.96878
0.90054
0.93241
0.79793
0.69706
0.53023
0.33085
-0.03303
-0.065951
0.19752
0.59156
0.45932
-0.065505
-0.52314
-0.52224
0.032583
0.91072
1.039
0.45375
-0.064706
-0.25836
-0.12895
0.38614
0.80298
0.9618
0.54402
0.095825
-0.15941
-0.50916
-0.53996
-0.41213
-0.3797
-0.60005
-0.40977
-0.40898
-0.34539
-0.21937
-0.031277
0.28094
0.405
0.87059
1.024
1.1459
1.2054
1.2338
0.95427
0.46081
0.42922
0.39775
0.30534
-0.24377
-0.82105
-1.487
-1.9685
-1.9644
-1.9302
-1.8961
-1.772
-1.6185
-1.6749
-1.7908
-1.8764
-2.1993
-2.343
-2.1013
-1.329
-0.97254
-0.88226
-1.1445
-1.1714
-1.0812
-0.34991
0.43646
0.66781
0.60844
0.34694
0.20195
-0.086365
-0.51708
-0.77397
-1.23
-1.1988
-0.96839
-0.51158
-0.36869
-0.0849
0.1412
0.16907
0.33743
0.42089
0.67198
0.81025
0.55761
0
-0.83286
-1.2743
-1.3269
-1.2138
-1.4865
-1.3186
-1.0691
-0.6018
-0.027297
0.51756
0.8155
0.59679
0.35192
-0.35119
-1.0783
-1.5604
-1.6645
-1.6076
-1.4706
-1.2274
-0.93201
-0.69095
-0.26521
0.50289
1.0038
1.2917
1.3155
0.8665
0.078617
-0.57539
-0.9136
-1.016
-0.83205
-0.31142
0.025901
0.10341
-0.025803
-0.10301
-0.10282
0.12828
0.38413
0.3323
-0.15309
-0.63669
-0.55926
-0.22837
0.27862
0.73323
0.80764
0.73063
0.7042
0.70297
0.55138
0.57545
0.69935
0.89764
0.94592
1.0189
0.9924
0.99076
1.0881
1.2591
1.5036
1.6243
1.892
1.7664
1.2003
0.58698
0.34189
0.26822
0.17043
0.19449
0
0.072723
0.3873
0.8702
1.1586
1.2535
1.4684
1.3943
1.1524
0.95905
0.79018
0.52611
0.071652
-0.35781
-0.71474
-0.73766
-0.47534
0.21365
0.85361
1.3974
1.8453
2.0086
1.8648
1.6034
1.1777
0.63531
0.25856
0.16438
0.37534
0.56247
0.74925
1.0059
1.0049
1.1908
1.5397
2.1444
2.7482
3.2113
3.3715
2.6486
1.834
1.1135
0.57954
0.04633
-0.62503
-1.2492
-1.7801
-1.6866
-0.96979
0.046153
0.96866
1.6596
1.7509
1.3355
0.5984
0.023004
-0.55186
-1.1032
-1.1947
-1.2631
-1.4004
-1.6294
-1.6977
-1.6971
-1.5591
-1.1231
-0.61872
0
0.27486
0.48092
0.022897
-0.22893
-0.57226
-0.77819
-0.86966
-0.59499
-0.18306
-0.18306
-0.68646
-1.1899
-1.1213
-0.29749
0.70946
1.3733
1.1216
0.57233
0.43504
0.91602
1.6491
2.1077
2.0853
1.3294
0.66488
0.2064
0.091762
0.20653
0.87233
1.6075
1.9757
1.9535
1.7014
1.6562
1.657
2.0031
2.1654
1.8669
1.522
1.1998
0.92347
0.57751
0.4623
0.27755
0.25459
0.3474
0.74164
1.1132
1.2533
1.6723
1.9525
2.2332
2.3049
2.097
1.6091
1.097
0.86432
0.42086
0.070206
-0.16397
0.11723
0.49283
0.79869
1.1287
1.1534
0.84824
0.51891
0.4014
0.23637
0.49692
0.82911
0.83004
0.47485
0.047539
0.023797
0.047651
0.54864
0.90756
1.1
1.0056
0.69519
0.50406
0.12017
-0.072194
-0.43374
-0.86862
-1.2322
-1.2339
-0.84793
-0.50946
-0.048588
0.36492
0.48725
0.34157
0.26876
0.12234
0.024504
-0.14724
-0.3195
-0.39383
-0.29582
0.46909
1.36
1.9069
2.0835
1.9377
1.6173
1.1464
1.0983
0.90005
0.52588
0.15049
-0.050247
0.075494
0.075619
0.40397
0.27819
0.20266
0.17763
0.61004
0.7893
0.86716
0.99639
0.69099
0.15382
-0.5393
-1.029
-1.4431
-1.4198
-1.2672
-1.1399
-0.88236
-0.54595
0.26044
0.86097
1.3852
1.5972
1.4164
1.0774
0.92134
0.97574
0.81898
0.63519
0.42422
0.42499
0.61202
0.98634
1.4421
1.311
0.88449
0.40277
0.2152
0.16169
0.18898
0.054092
-0.51481
-0.73289
-0.7614
-0.81726
-1.2008
-0.98425
-0.46562
0.19207
0.6597
0.85364
0.88275
0.5527
0.44295
0.11093
0.027782
0.25048
0.80853
1.201
1.231
1.3453
1.2073
1.125
1.2114
1.3546
1.3004
1.0194
0.9928
0.824
0.74
0.74124
1.0566
1.2014
1.3753
1.4062
1.236
1.2956
1.6149
2.0796
2.1119
2.1732
2.1766
2.2672
2.1251
2.0118
1.8104
1.0821
0.20502
-0.41065
-0.61689
-0.44128
0.11785
0.88511
0.97501
0.94679
0.50369
-0.059339
-0.5645
-0.74376
-0.74476
-1.1335
-1.2844
-1.1365
-0.74865
-0.14992
0.4203
0.75145
0.81256
0.84366
0.96533
0.93625
0.87685
1.12
1.1213
1.1225
0.97185
0.82087
0.48695
-0.21326
-0.45744
-0.67158
-1.0389
-1.5293
-1.9593
-2.3288
-2.5762
-2.4557
-2.4885
-2.5213
-2.6157
-2.3098
-1.9417
-1.6348
-1.389
-1.5136
-1.8856
-2.0724
-1.8571
-2.0131
-2.0453
-1.7985
-1.3651
-0.68294
-0.27953
0.18645
0
0
0.37341
0.96505
1.2769
1.1527
0.74797
0
-0.15592
-0.062387
0.093605
-0.21846
-0.5931
-0.81177
-0.74945
-0.21862
0.40606
0.4061
-0.24993
-0.59361
-0.68736
-0.56239
-0.43741
-0.43739
-0.78101
-1.1246
-0.71839
-0.28107
0.031225
0.24976
0.53063
1.2171
1.9031
2.7136
2.6192
1.995
1.2464
0.84104
0.21796
-0.498
-0.87112
-0.80853
-0.34191
0.34174
0.80732
0.68274
0.43423
0.55796
0.49566
0.24767
0
-0.34009
-0.7415
-1.0806
-1.1106
-0.95561
-0.46203
0.030777
0.46126
0.36869
0.42976
0.79741
0.94988
0.97959
0.73398
0.7027
0.36626
0.27441
0.15229
-0.1217
-0.12157
0.33394
1.2736
1.8173
1.9967
1.541
1.0563
0.72341
0.84292
1.2026
1.1711
1.1995
1.2877
1.3458
1.0453
0.83508
0.47652
0.35688
0.29697
0.50411
0.6218
0.35478
0.32472
0.1179
-0.058858
-0.058766
0.088008
0
0
0.14597
0.058291
0.029097
0.23238
0.69597
0.95531
1.0404
1.1828
0.86393
0.3737
-0.14348
-0.54422
-1.0865
-1.7409
-2.4213
-3.1561
-3.6327
-3.4275
-2.5446
-1.806
-1.2111
-1.0682
-1.2064
-1.344
-1.2017
-0.55781
-0.083504
0.38891
0.44357
0.27667
-0.055222
-0.055109
0.082494
0.38418
0.90368
1.8036
2.1816
1.8777
1.385
0.70456
0.24337
0.08095
0.080778
-0.080604
-0.48259
-1.0969
-1.6551
-1.9445
-2.0466
-1.9095
-1.7201
-1.6899
-1.3964
-1.5511
-1.7312
-2.0415
-2.1153
-2.1888
-2.3139
-2.1531
-1.993
-2.0144
-2.0872
-2.2368
-2.1292
-1.7661
-1.1748
-0.61155
-0.27966
0.3805
1.1136
1.3384
1.4362
1.5587
1.8562
2.0272
2.0227
2.1925
2.1627
2.4059
2.5985
2.5186
2.1188
1.647
1.4226
1.1258
1.05
1.1451
0.85086
0.12128
-0.53246
-0.65203
-0.38554
0.1683
0.45582
0.5027
0.23886
0.33367
0.54699
0.59326
0.44991
0.25991
0.09431
-0.44701
-0.79821
-1.2885
-1.3325
-0.95645
-0.093116
0.58075
0.95045
1.2955
1.3851
1.3362
1.2415
0.91774
0.57242
0
-0.36487
-0.88759
-1.4082
-1.6774
-1.6289
-1.445
-1.0817
-0.44982
0.17958
0.64973
0.89446
1.2052
1.1361
0.84494
0.3773
-0.28799
-0.86237
-1.3685
-1.4541
-1.1216
-0.087812
0.9423
1.5313
1.4631
1.2644
1.4363
1.499
1.5832
1.4507
1.0808
0.58267
0.12927
-0.12906
-0.55837
-0.81479
-0.62084
0.04275
0.78965
1.6195
2.0001
1.7846
1.5486
1.2286
1.0788
0.92939
1.0124
0.86359
0.56792
0.042011
-0.16782
-0.02095
0.25107
1.0657
1.5234
1.7299
1.6445
1.497
1.3913
1.2445
1.1395
0.57942
-0.02067
-0.41294
-0.65999
-0.72109
-0.80265
-0.45231
-0.020538
0.41036
0.61493
1.0034
1.1866
1.3286
1.4091
1.3262
1.1212
0.95732
0.65125
0.16268
-0.060958
-0.040607
0.12173
0.40548
0.8509
1.4172
1.6186
1.5771
1.2124
0.78757
0.50455
0.36307
0.60479
0.76567
1.0069
1.1071
1.0664
1.0257
1.3871
1.9692
2.551
3.1123
3.5328
3.7122
3.4102
3.0082
2.3057
1.5034
0.76154
0.26048
-0.1202
-0.4006
-0.18025
0.28035
0.78091
1.1413
1.1612
0.76078
0.14014
-0.20021
-0.46049
-0.74083
-1.0012
-1.2016
-1.1817
-0.66103
0.22038
1.062
1.423
1.7641
1.945
2.0859
2.1066
1.9667
1.7466
1.3254
0.92413
0.46225
-0.12064
-0.1408
0.46284
1.1879
1.8129
1.9952
1.9963
1.5939
1.0699
0.66657
0.34359
-0.040449
-0.40475
-0.81005
-1.3983
-1.7643
-1.8671
-1.7467
-1.4228
-0.85436
-0.36645
0
0.38747
0.59191
0.42901
0.020448
0
0.12292
0.24607
0.041053
-0.41094
-0.96671
-1.4413
-1.4016
-1.0317
-0.59905
-0.24816
-0.18633
-0.47673
-0.72631
-0.54019
-0.29122
-0.10414
-0.25024
-0.56375
-1.1289
-1.4444
-1.4044
-1.1964
-0.7146
-0.10523
0.50581
0.8231
1.2681
1.4816
1.4201
0.74295
-0.021259
-0.70259
-1.4286
-1.7512
-1.9464
-2.1208
-2.3387
-2.4284
-2.0448
-1.4876
-0.90699
-0.64892
-0.73667
-1.1069
-1.5001
-1.4591
-1.5707
-1.7045
-2.0359
-2.4561
-2.5264
-2.0247
-1.3008
-0.77307
-0.44256
-0.22169
0.02221
0.11126
0.62421
1.2061
1.5665
1.4349
0.8087
-0.045015
-0.72164
-0.56489
0
0.5898
0.79554
0.63771
0.34231
0.16007
0.43535
0.64288
0.36811
-0.43803
-1.4092
-2.2687
-2.8069
-2.5571
-2.0965
-1.4473
-0.72519
-0.093771
0.37588
0.80045
1.1325
1.2058
0.99516
0.54614
-0.023797
-0.78699
-1.434
-1.7725
-2.0644
-2.3335
-2.3869
-1.8364
-1.2108
-0.14561
1.0215
1.9501
2.3209
2.0322
1.4723
0.7132
0.17253
-0.22232
-0.61894
-0.84363
-0.59683
-0.17446
-0.17485
-0.025035
0.32618
0.67896
0.9325
0.9851
0.60757
0.025372
-0.48314
-0.45873
0.10217
0.69116
0.92359
0.30855
-0.48962
-0.9814
-0.54355
0.23347
0.62395
0.99009
0.99227
1.1253
1.4425
1.8662
2.1073
1.5575
0.95241
0
-0.87682
-1.3314
-1.1474
-0.72203
-0.26799
0.080567
0.16148
-0.053939
0
0.46041
0.73276
0.97904
0.7358
0.054616
-0.3831
-0.60324
-0.43962
-0.82595
-1.1035
-1.2716
-0.91402
-0.44404
0.22246
0.72441
0.61416
0.27971
0.084074
0.22463
0.53451
0.9583
0.9601
0.39608
-0.085031
-0.28396
-0.19914
0
0.37116
0.60065
0.68767
1.0333
1.6677
2.3331
2.4525
2.3989
2.4609
2.639
2.992
3.0842
2.7978
2.0141
1.4034
0.76137
0.38128
0.17625
0.52956
0.73661
0.85575
1.2708
1.6574
2.1044
2.4635
2.5265
1.9645
1.1922
0.62678
0.11955
-0.23941
-0.53938
-0.42006
-0.5708
-0.48128
-0.51199
-0.51261
-0.36227
0.090675
0.7565
1.0603
1.2738
1.3663
1.3982
1.1562
0.79193
0.45735
-0.1526
-0.45826
-0.73392
-1.1325
-1.5931
-1.7785
-1.5039
-1.4437
-1.322
-1.2
-0.73905
-0.36981
-0.030841
0
-0.61773
-1.02
-1.2681
-1.3927
-1.7343
-2.0762
-2.6666
-3.2575
-3.3525
-2.8884
-1.9266
-1.3679
-0.77759
-0.93353
-1.0585
-1.1212
-0.7789
-0.77918
-1.1536
-1.6218
-1.9343
-1.8724
-1.6544
-1.405
-1.3429
-1.3744
-1.031
-0.96863
-0.90626
-0.81261
-0.31257
0
0.34388
0.37515
-0.12505
-0.8441
-1.0942
-0.84404
-0.56266
-0.43759
-0.5313
-0.65623
-0.34369
0.21868
0.87455
0.87438
0.62442
0.21849
-0.06241
-0.68632
-0.56137
0.062355
0.21817
0.12462
-0.34259
-0.74717
-0.90246
-0.83986
-0.87058
-1.4607
-1.8327
-1.7386
-1.6447
-1.3646
-0.83693
-0.24784
0.34058
0.6498
1.1442
1.5143
1.5133
1.4814
0.92525
0.49312
0.15399
-0.18465
-0.61503
-1.2291
-1.2896
-1.3806
-1.2262
-0.91887
-0.76508
-0.94788
-1.2525
-1.2209
-1.4638
-1.6757
-1.8568
-1.8854
-1.7925
-1.9425
-2.0618
-1.9992
-1.6643
-1.1789
-0.81534
-1.0256
-1.0246
-0.63213
-0.24055
-0.39046
-0.75006
-0.5694
-0.44902
0.089701
0.41812
0.41763
-0.11918
-0.56544
-0.77283
-0.86096
-0.71165
-0.44423
-0.26621
-0.29542
-0.32455
-0.058935
0.20601
0.44088
0.58708
0.38111
-0.029277
-0.29239
-0.5548
-0.58322
-0.46595
-0.37808
-0.60991
-1.1311
-1.2455
-1.2727
-1.0687
-0.80764
-0.31684
-0.23011
-0.057446
0.51629
1.1743
1.4301
1.2852
1.1408
0.91132
0.73938
0.8519
0.68054
0.56629
0.31101
0.19763
0.084573
0.2252
0.64649
1.0665
1.2331
1.1474
1.3133
1.4788
1.6438
1.8082
1.6389
1.3314
1.1909
1.6039
2.0434
2.5917
2.8907
2.7765
2.1959
1.5897
0.98521
0.38257
0.24557
0.2997
0.29925
-0.16298
-0.54248
-0.054167
0.67609
1.7552
2.4537
2.6924
2.4196
2.1207
1.93
1.9271
2.1649
2.4553
2.3451
1.9159
1.5146
1.2205
1.0333
1.0053
1.0567
1.2663
1.6859
2.3149
2.4692
2.0722
1.3883
0.81087
0.49629
0.62602
1.1201
1.3526
1.2988
0.93385
0.75124
0.72435
1.0334
1.548
1.649
1.2608
0.66811
0.15398
0.025629
0.40953
1.2014
1.4296
0.91786
0.15278
-0.025431
0.55878
1.6489
2.6096
2.6822
1.8197
0.80774
0.32775
0.32735
0.72937
1.0551
1.1291
0.80197
0.35045
0.075011
-0.24975
-0.17463
-0.12459
-0.049781
-0.29835
-0.49671
-0.66983
-0.64432
-0.44559
-0.29675
-0.32114
-0.6416
-0.7149
-0.96043
-1.4515
-1.6221
-1.3258
-1.0547
-1.0537
-0.97925
-1.1495
-1.124
-0.80561
-0.31707
0.24368
0.43823
0.72974
0.82632
0.82561
0.92195
1.0909
1.0415
0.77446
0.33855
-0.26579
-0.79676
-0.91677
-0.60268
-0.33725
-0.36107
-0.64946
-1.2019
-1.7295
-1.9203
-1.5592
-1.2705
-1.0061
-0.86186
-0.81346
-0.9086
-0.86026
-0.71646
-0.73991
-0.85876
-1.1921
-1.5012
-1.9529
-1.9757
-1.6892
-1.6408
-1.5211
-1.6867
-1.8047
-1.6615
-1.0202
-0.42687
-0.23705
-0.21326
-0.23687
-0.26046
-0.3077
-0.21295
-0.21288
-0.16552
-0.28366
-0.51989
-0.59062
-0.42513
0.21251
0.44852
0.35402
0.11798
0.023591
0.18869
0.2594
0.40082
0.42433
0.14142
0.070702
-0.023565
0.023562
0.070679
0.1649
0.070668
-0.070664
-0.21198
0.047106
0.14131
0.21197
0
-0.32973
-0.56527
-0.40042
-0.11778
-0.023557
-0.023558
0
0.1885
0.18852
0.18855
0.35357
0.6601
1.1554
1.6036
1.6275
1.3919
0.92027
0.49564
-0.30689
-0.732
-1.0865
-1.0868
-1.0871
-0.75643
-0.5202
-0.56767
-0.35491
0.071006
0.56824
0.75793
0.71082
0.37925
0.21341
0.47443
1.234
1.8518
1.9476
1.7822
1.4739
1.1654
0.83284
0.47614
0.071457
-0.023831
0.14306
0.31013
0.28643
0.095528
0.23895
0.43036
0.64591
1.2447
1.7724
1.7255
1.0551
0.40793
-0.12005
0
0.31255
0.50522
0.50557
0.53
0.65091
0.74786
1.1105
1.6187
2.0792
2.1533
1.9854
1.575
0.92148
0.4611
0.24287
0.34029
0.31623
0.29214
0.36548
0.073155
0.04881
0.21983
0.48892
0.73401
1.053
1.299
1.0303
0.61381
0.24574
-0.14758
-0.46774
-0.68993
-0.96185
-1.3577
-1.5566
-1.5086
-1.1387
-0.52034
0.49604
1.0923
1.4661
1.6417
1.7179
1.3458
0.52388
-0.37457
-0.94986
-1.226
-1.1772
-1.0029
-0.8533
-0.82905
-0.37723
0.17622
0.98282
1.7154
2.3485
2.4774
2.4293
2.3812
2.1048
1.5739
0.83863
0.1272
-0.45841
-0.66286
-0.40835
-0.30659
-0.23019
-0.10242
0.35885
0.76981
1.1817
1.5944
1.6991
1.6237
1.2642
0.95568
-0.025858
-0.85424
-1.5808
-1.9976
-2.1557
-1.716
-1.0412
-0.46905
0.026087
0.20893
0.33988
-0.052347
-0.47165
-1.0493
-1.5231
-1.7351
-1.5791
-1.212
-1.187
-0.95061
-0.79305
-0.21171
0.63584
1.6179
2.2038
2.0733
1.4901
0.47949
-0.56001
-1.3081
-1.7639
-1.953
-2.0355
-1.5551
-1.2615
-1.1554
-1.1028
-0.75394
-0.2965
0.35078
1.0535
1.5413
1.2993
0.7587
0.081374
-0.92319
-1.7124
-2.3127
-2.7236
-3.1353
-3.5205
-3.4694
-3.0901
-1.9709
-0.7124
0.082281
0.41181
0.46717
0.7977
0.5782
0.30315
-0.3862
-1.1321
-1.7964
-1.9364
-1.6059
-1.358
-0.85991
-0.3887
-0.19452
-0.19469
0.11135
0.55724
0.86447
0.78148
0.55867
0.027957
-0.16788
0.30804
0.72869
0.86952
0.75793
0.47759
0.33739
0.50647
1.2108
1.8599
2.1715
1.6933
0.87552
0.028263
-0.79193
-1.1321
-1.5011
-1.6722
-1.4464
-0.70949
0.056796
0.71041
1.3364
1.5933
1.6512
1.5952
1.7957
1.5401
1.0558
0.37118
-0.19998
-0.40017
-0.28598
-0.057226
-0.22902
-0.3437
-0.48715
-0.43004
-0.11473
0.20087
0.68899
0.48824
0.086196
-0.20121
-0.28755
-0.31643
0.25899
1.0939
1.7566
2.2469
2.2764
2.0754
1.7012
1.644
1.8464
1.7314
1.3855
1.0394
0.43317
-0.1733
-0.02889
0.23116
0.75141
1.0984
0.9251
0.95415
0.98318
1.1857
1.2148
0.86778
0.46285
0.37609
0.17359
-0.057866
-0.28934
-0.66548
-0.89696
-0.66548
-0.028933
0.54971
0.49182
0.2025
-0.49176
-0.92558
-1.0701
-0.89647
-0.80962
-0.60713
-0.40469
-0.40463
-0.72242
-0.80897
-0.31774
0.23104
2.2232
