-1.1149
-0.88637
-0.45558
0.050591
-0.12641
0.050533
-0.17676
-0.50475
-0.025223
-0.025209
0.17636
-0.05036
-0.15099
0.15091
-0.27651
-0.025123
-0.30131
0.72775
1.1788
1.2283
0.35074
-0.47574
-1.001
-0.8754
-0.59995
-0.77451
0.099883
0.39932
0.89798
0.84764
0.44851
0.79693
0.2738
0.024878
-0.47244
-0.34793
0.22356
0.54619
0.84369
0.074406
-0.29748
-0.69377
-0.14859
0.32179
0.59379
0.27202
-0.54379
-1.3094
-1.1853
-1.2095
-0.49343
-0.69049
-1.1092
-1.9957
-2.3889
-2.1663
-2.1161
-2.4104
-2.5077
-3.3668
-2.7513
-2.7748
-1.9882
-1.8647
-1.349
-1.1033
-0.73523
-0.68597
-1.0041
-0.68547
-1.1991
-0.92963
-0.56248
-0.36671
-0.17108
-0.36647
-0.21982
-0.39066
-0.87873
-0.92727
-1.2441
-1.7315
-1.8774
-1.9987
-2.2663
-1.9733
-1.6319
-0.92532
-0.65731
0.048679
-0.21901
0
0.53514
0.48639
0.85103
0.46191
0.7292
0.60757
0.80187
0.87464
1.2389
1.263
0.75288
-0.024284
0.12141
-0.38846
-0.53409
-0.41267
-0.58256
-0.21845
-0.048541
0.5582
0.072807
-0.29122
-1.2134
-1.3347
-0.97072
-0.70378
-0.94649
-0.8009
-0.48542
-0.12136
-0.21846
-0.21848
0.31561
0.80123
0.72846
0.97139
1.0929
1.3117
1.7006
1.5551
1.0207
0.51043
0.14586
0.58357
0.43777
0.92437
0.46229
0.097347
-0.31646
-0.19479
0.12178
0.51161
0.58487
0.80444
-0.024384
-0.34149
-0.46361
0.31732
0.19534
0.39083
-0.19549
-0.63558
-0.51356
-0.51377
-1.4196
-1.2243
-1.3474
-0.53919
-0.56396
-0.6869
-0.76087
-1.1542
-1.597
-1.4504
-1.2544
-1.009
-0.66483
-0.36956
-0.36978
0.024667
0.22214
0.88911
1.211
1.6816
2.6231
2.4267
2.5027
1.6862
0.24815
-0.149
-0.72068
-0.27356
-0.32355
0.22417
0.97217
1.2723
1.5979
1.6242
1.9507
1.9524
2.2046
1.7803
1.0039
0.6531
0.70398
1.3338
1.1839
0.30256
-0.95903
-0.95997
-0.4046
1.0378
2.1538
1.9277
1.3203
1.398
1.3486
1.8341
1.5301
0.79141
0.63895
0.35822
0.3074
0.30776
-0.23109
-0.025707
-0.25738
-0.30923
-0.28381
0.077499
0.80183
1.3467
1.7633
1.5319
1.274
0.52067
0.15641
-0.39155
-0.26139
-0.57585
-0.99603
-1.4174
-1.5245
-0.68439
-0.28997
0.13199
1.0311
0.87374
0.18562
-0.79669
-0.55853
-0.29301
-0.40018
-0.42753
-1.2578
-1.3671
-1.4766
-1.1025
-0.72724
-0.5126
-0.54047
-0.35189
-0.13557
1.1407
1.2243
0.9811
0.6006
0.21878
0.90406
0.82332
-0.21994
0.13771
-0.74499
0.16585
-0.055386
0.027744
-0.27796
-0.027848
0.0279
0
-0.16804
0.1403
0.47795
0.39437
-0.36692
-0.33936
-0.19835
0.085178
0.19915
-0.79819
-1.3425
-1.2022
-0.28682
0.11497
0.17281
-0.49064
-1.5907
-2.3187
-1.5684
-0.26196
0.20419
0
-0.90818
-0.67528
-0.32367
0.29489
0.29555
-0.56279
-0.14844
0.23803
1.5507
1.9727
1.6776
1.2911
-0.24076
-0.15082
-0.6047
-0.42428
0.36452
0.63942
1.0987
0.12237
0.184
-0.4611
-0.70872
0
0.43349
0.93116
1.1824
1.466
1.1256
0.3448
-0.28281
0.12601
-0.063161
0.094979
-0.73001
-1.1773
-1.1803
-1.0554
-0.16032
0
-0.51565
-0.93702
-0.22676
0.12991
0.22794
0.65296
-0.1964
-0.19692
0.098717
0.36292
0.92623
0.49751
0.69837
-0.46682
-0.63523
-2.0114
-1.2773
-1.1459
-0.40553
-0.067771
0.10193
0.51104
2.528
3.22
3.1944
2.4799
1.4851
0.45021
-0.20836
-0.13929
0.52378
0.14006
0.35112
0.56335
0.95328
1.133
2.2367
2.1361
2.3206
2.6851
2.4054
2.1601
1.047
0.68786
0.50827
1.5291
2.9207
3.1486
2.4231
1.1782
1.4399
1.6291
2.5248
3.2766
2.9124
1.1608
0.48814
1.0167
1.737
1.6283
0.26582
-1.1424
-2.3677
-2.7956
-2.0354
-0.38511
-0.038619
0.19364
0
-0.038945
1.0935
1.6449
1.5709
0.82704
-0.078986
-0.51484
-0.75455
-1.2345
-1.797
-1.6819
-1.5259
-1.0872
-0.16151
-0.3644
0.69021
0.56997
0.20412
0.81871
1.0262
1.9756
1.1556
-0.082766
-0.7884
-2.33
-2.8369
-3.3046
-3.649
-3.1121
-2.3192
-1.2684
-0.4663
-1.2326
-0.12784
-0.72635
-0.5569
-0.1718
-0.21531
-0.73394
-1.1687
-2.3433
-2.0448
-2.7915
-1.924
-2.2358
-2.1095
-1.9386
-1.8993
-1.2841
-2.3526
-2.0469
-2.4534
-1.8781
-0.94131
-0.62905
-0.85577
-1.3996
-2.0817
-0.86189
-0.18188
0.54691
0.31977
-0.59523
-1.7898
-1.2419
-1.1064
-2.1717
-2.4544
-1.8565
-1.535
-0.41955
0.093438
-0.2341
0.093842
-0.56425
0
0.9444
1.0883
1.3751
0.52266
-0.71417
0.85873
1.2429
2.2991
1.8237
0.38469
-0.09636
-1.3516
-1.064
-0.29073
-0.048546
0.24318
-0.53597
-0.53694
-0.83131
0.53886
2.0611
2.5071
1.5758
0.44394
-1.3835
-1.5343
-0.84275
-1.2413
-1.5915
-2.2914
-0.89802
-0.1499
0.30026
1.3532
1.5058
1.8096
2.0136
1.4619
1.7164
0.25275
-0.70867
-1.4192
-2.2839
-3.1508
-3.0022
-3.4136
-2.0405
-1.8897
-1.534
0.10239
0.15376
1.1288
0.92461
0.46281
1.6473
1.5459
0.9285
0.051635
0.31011
-0.31041
0.20713
0.5183
0.67438
0.15576
-0.31178
0.10401
0.72867
2.1356
0.99043
-1.0955
-0.46982
-1.5672
0.052273
-1.4123
-0.99444
-1.9377
-1.31
-2.4642
-2.0983
-1.8369
-1.2077
-0.42027
0.47301
2.2609
1.9462
2.894
1.5265
2.0009
1.5801
1.4225
0.7905
-0.31627
-1.4235
-1.6348
-1.846
-1.3188
0
1.3719
0.47492
0.26386
-0.2111
0.31665
1.5833
1.4777
1.3193
1.0026
1.2663
2.5324
3.1123
3.1646
2.0039
0.31635
-0.10543
0.1581
1.2645
2.0542
3.1594
2.6847
1.8418
1.0521
0.73618
1.7872
1.1034
0.15756
1.2074
0.41975
1.2586
1.7297
1.3097
1.1519
0.7326
1.2551
2.3519
2.5594
2.1401
1.3563
0.41702
0.62509
0.62464
0.3641
-0.36382
0.20774
1.2973
1.7111
1.6578
0.41411
-1.0861
-1.4985
-0.51626
-0.25789
0.36071
-0.5663
-2.8288
-4.984
-5.9543
-4.5637
-3.5857
-2.4562
-1.1757
-0.61274
0.25503
-0.91708
-0.50892
-1.9825
-2.7926
-3.9558
-4.3564
-3.744
-5.1039
-4.1387
-5.0409
-4.7829
-5.0785
-4.1179
-2.5076
-1.4024
-1.3006
-1.1989
-1.0975
0.04982
-0.54727
-1.5899
-1.1907
-1.3872
-0.54421
-1.1857
-1.1346
-1.133
-1.3773
-0.68763
-0.58852
0.097941
0.048897
0.48823
0.82873
0.58409
1.3608
0
0.67827
0
-1.3523
-2.1699
-3.7069
-4.3739
-2.6873
-3.0183
-1.3871
-0.42978
0.85815
0.47596
0.71276
-0.23719
-0.094718
0.37824
0.236
0.51832
-1.0819
-0.37568
-1.2189
-0.093598
-0.046719
0.18655
0.37246
-0.046476
0.27837
0.9726
-0.18493
0.41537
0.046071
0.36792
1.2395
1.9247
3.0192
2.1462
1.5954
0.40951
-0.4542
-0.72542
1.0862
1.6263
2.0293
2.0256
2.651
3.319
3.7607
3.4857
2.2304
1.692
1.1556
0.84295
0.35428
-0.66307
0.61774
1.1011
1.7146
1.141
0
0
-0.13094
0.43566
0.78276
0.78134
0.9099
0.47575
-0.12951
0.34474
0.60221
0.85874
0.42859
0.77007
1.7509
1.9182
1.6595
1.3167
0.084795
-0.21161
-0.54919
-1.0964
-1.0103
-1.5967
-1.8455
-1.4654
-0.083589
0.33376
0.5414
-0.66516
-1.079
-1.1599
-0.5376
-0.70178
0.082418
1.0696
0.24639
0.16398
-0.081846
0.28596
1.3458
2.0763
1.8289
1.0954
0.48603
0.60651
0.92841
1.3298
1.8908
1.3655
1.6439
1.481
1.5984
2.2341
1.9118
1.9086
0.67487
-0.4756
-1.1079
-1.2246
-1.341
-0.39377
0
0.51027
0.90134
0.74341
1.2891
0.97509
0.70097
1.3609
0.23293
-0.34886
-0.54183
0.23186
0.65593
0.42379
-0.1154
-0.99866
-1.5725
-0.45955
-1.1089
-0.38183
-1.3726
-1.6752
-1.5207
-0.75923
1.4026
2.1576
2.6838
1.8496
1.5077
0.41405
0.11277
0.33783
1.1246
1.4974
2.0561
2.0534
1.7523
1.2287
1.599
2.0425
2.1882
1.6668
0.66587
0.59113
0.70107
1.6952
2.1715
1.691
1.2483
0.99008
0.80575
1.2072
1.2057
0.94883
1.0206
-0.32767
-0.58184
-1.4892
-1.2336
-0.10872
0.72398
0.75932
1.228
0.93803
1.3695
1.368
1.834
2.1194
2.0454
1.7206
1.4324
0.53659
-0.25015
-0.67829
-0.67761
-0.42754
-0.35593
-0.39114
-0.35524
-0.21294
0.78003
1.7003
1.8756
1.8385
0.88311
0.9176
0.3526
0.45798
0.52797
1.055
1.3352
1.5798
1.7188
0.98135
1.4008
0.83978
0.90902
0.73362
0.31416
0.38367
0.13941
0.59204
0.3132
0.45206
-0.20849
-0.38195
-1.0756
-1.0055
0
0.86561
3.4255
3.2503
2.6607
0.5525
-0.69017
-0.79319
-0.65483
0.2411
-0.3098
-0.37841
-0.89389
-0.92772
-0.6868
-0.37752
0.82321
1.0627
1.5418
0.17122
-0.61606
-1.1973
-0.92313
0
0.3074
1.0242
-0.71656
-1.944
-3.3749
-3.0667
-3.3377
-2.6894
-3.1306
-3.4354
-2.448
-2.277
-1.9704
-1.4262
-0.95046
-1.2215
-1.7299
-2.1022
-1.8642
-1.9313
-1.9645
-1.93
-1.4555
-1.3535
-1.2177
-1.4203
-1.7241
-1.6898
-1.3852
-1.2835
-1.1819
0.033758
0.033749
-0.60734
-1.2144
-1.1466
-1.1801
-0.13484
-0.90994
-0.90975
-1.9202
-2.4587
-2.3572
-1.7844
-1.8514
-1.3462
-1.4806
-1.1103
-0.90828
-0.60543
-1.3116
-1.6477
-1.4457
-0.90766
0.10084
0.26887
-0.13442
-1.4113
-1.5792
-1.2095
0.033593
-0.20154
-0.33588
-0.73889
-1.3769
-1.0075
-1.7462
-2.1155
-3.022
-2.5518
-2.0817
-1.7459
-1.3429
-0.53717
-0.53716
0.3693
0.53716
1.3765
0.90647
-0.47003
-1.1079
-1.108
-0.50363
0.40292
-0.16789
-1.2424
-1.9141
-1.3769
-0.43659
0.83965
1.1756
0.77257
0.40311
-0.30235
0.23518
-0.0336
0.90727
0.97456
0.57135
0.30251
-0.13446
0.5379
-0.033622
-0.1345
-0.63896
-0.6054
-0.60547
0.47098
0.90842
1.2114
1.3462
1.1444
0.94256
0.13467
0.13469
-0.57251
-1.482
-1.5496
-1.9204
-1.2468
-0.94366
-0.40449
-0.74168
-0.64064
-0.87681
-1.1805
-1.3831
-1.4846
-1.4511
-1.4513
-1.0127
-1.0804
-0.7767
-0.50664
-0.91211
-0.067576
0
0.54081
0.67613
1.3525
1.6233
1.4207
1.7931
1.7934
1.5907
0.98169
0.33858
-0.067729
0.98226
2.8118
3.1512
2.4401
0.91523
0.23733
-0.033911
0.10175
0.33924
1.0519
1.7308
1.1541
0.10185
-1.2904
-0.8491
0.61147
0.57762
0
-0.84977
-1.4279
-1.4962
-0.91828
0.27214
1.0207
2.212
2.4506
2.349
1.4641
0.57895
0.71531
1.3968
1.7037
2.7606
2.3861
3.0684
2.4552
1.9781
1.1257
0.23882
0.61423
0.40956
0.71685
1.4339
1.8781
2.3224
2.3569
2.7673
2.631
2.0505
0.88868
0.71789
1.7779
1.8124
2.6676
1.6419
0.54737
-1.1633
-1.2661
-0.58182
1.2322
2.3279
3.3896
2.5339
2.0205
0.95901
0.3768
0.27407
0
-0.068532
-0.068539
-0.41128
-1.1654
-2.2967
-3.1198
-2.2972
-1.063
0.4458
1.0288
0.92603
-0.343
-1.0291
-1.6123
-0.24015
-0.034309
0.78915
0.58332
-0.61766
-0.51474
-0.68635
-0.27455
-0.27456
-0.30889
0.44619
0.068646
1.2357
1.0641
1.7162
0.75515
0.92678
0
0.2746
-0.5492
-0.2746
-1.1327
-0.92673
-0.78942
-0.30889
0.54913
1.1325
1.1668
0.37748
-1.0294
-1.2009
-0.68622
-0.44601
-0.65182
-0.75469
-0.89184
-0.65168
-0.13718
0.068586
-0.03429
-0.41144
-0.54853
-1.0627
-0.30848
-0.75399
-0.23988
-0.92512
-1.4389
-1.61
-1.7125
-1.6438
-1.4039
-1.2667
-1.78
-1.7455
-1.3003
-0.88955
0.20525
1.2997
1.1968
0.51284
0.23928
-0.034176
-0.54671
-1.5031
-2.0835
-1.6732
-0.71695
0
0.23888
-0.2047
-0.10233
0.81843
1.1251
1.4656
1.7038
1.7715
1.3623
0.47669
-0.03404
0.23821
-0.068042
0.47616
-0.034002
0.37391
-0.23787
0.40766
0.40753
0.64506
1.1879
0.20358
-0.40702
-0.77987
-0.8813
0.27108
1.3888
1.9301
1.9633
1.0828
0.57504
-0.16907
0.70983
0.43926
0.4391
-0.43893
-1.4513
-1.2821
-0.2698
0.57311
0.80878
0.67371
0.16836
0.13463
0.23551
0.30268
0.67234
0.40323
0.83972
1.0408
1.5773
1.7444
1.643
0.90494
0.67003
0.87065
0.53554
-0.10037
-1.1036
-1.4707
-0.43433
0.76808
2.4701
2.5356
1.9675
1.2666
0.76627
-0.0333
0.23299
-0.033268
0.23276
-0.89735
-0.79725
-1.4609
-0.63053
-0.23218
0.59674
0.72899
0.23183
0.99306
1.158
0.92591
0.59492
0
-0.23112
-0.231
-0.065965
0.82413
1.3838
1.6136
1.8102
1.6777
1.8083
1.8402
2.3318
1.2145
0.098422
-0.91811
-1.6714
-1.6705
-2.0951
-2.6502
-2.7142
-3.1049
-2.7112
-2.6771
-1.2399
-0.2609
1.4015
1.2379
1.3674
1.1715
0.7155
1.1052
1.5594
2.1429
2.012
1.3298
-0.12966
-1.3283
-1.619
-0.77669
0.54985
0.77584
1.357
0.7104
0.09682
-0.22579
-0.19343
-0.96662
-0.80508
-1.1265
-0.51469
-0.48226
-0.61054
-0.83502
0.064198
0.19249
0.92987
1.0896
0.89685
1.0885
0.25597
-0.1599
-0.67122
-0.25557
-0.25543
-0.44678
-0.8293
-0.38256
-0.12745
0.38216
1.2732
1.5589
1.4945
1.3984
1.1436
0.85727
0.095205
0.28547
0.60237
1.3309
1.7737
1.013
0.15821
-0.47441
-0.91676
-1.0427
-0.82116
-0.094705
0.78885
1.3877
2.2383
2.3633
2.2048
1.7001
1.6364
1.4784
1.5407
1.32
1.0367
1.0677
0.62778
0.87853
0.9409
2.0378
2.225
2.2868
1.7849
0.93905
1.7209
1.4388
1.8447
0.84388
0.24995
-0.15616
0.49954
1.186
1.6536
1.4659
0.74829
1.0909
0.18695
0.49837
0.37366
0.062258
-0.37343
-1.4
-1.7417
-1.7723
-0.74601
-0.31075
0.3728
-0.27953
-1.3352
-1.8626
-2.1725
-2.5132
-2.3265
-1.8918
-1.1472
-0.248
-0.15496
-0.30987
-0.77451
-1.1151
-0.92906
-0.80504
-0.8049
-1.1452
-1.6093
-1.4853
-0.43314
-0.71148
-0.40209
-0.15463
0.49475
0.74204
0.43281
0.092736
-0.030909
0.12363
0.33994
0.80344
1.0197
0.98872
0.40165
-0.24716
-0.40161
0.12357
0.95764
1.0503
0.43247
-0.77226
-1.9152
-2.0697
-1.421
-0.52517
-0.18536
0.61789
1.3903
1.8848
1.7613
1.5451
0.58718
0.18544
-0.21637
0
0.24733
0.92758
0.95862
0.95875
1.2063
0.83527
0.34035
-0.99026
-1.4547
-0.061913
1.1766
2.2297
1.5177
0.43373
-0.49579
-1.1778
-0.71303
-0.093025
0.093048
0.58945
0.27929
0.03104
-0.18629
-0.34164
-0.24853
-0.49722
0.031086
-0.59082
-0.21774
-0.7779
-0.84042
-0.71616
-0.49837
-0.84131
-0.74811
-1.3409
-1.3414
-1.4355
-1.561
-1.2805
-1.3436
-0.93777
-0.96945
-1.095
-0.62601
-0.37578
0.18798
-0.25075
-0.31359
-2.1335
-2.4798
-1.9157
-1.2883
-0.62876
-0.91218
-1.7624
-2.771
-3.1821
-2.2066
-1.8925
-0.75741
-0.6947
-0.37915
-0.34776
-0.3796
-0.15826
-0.98184
-0.7923
-0.41226
0.72984
1.0478
0.98498
0.50871
0.4136
0.57307
0.79647
1.0521
1.659
1.1493
1.1182
0.31971
-0.12798
-0.35219
-0.22429
0.35271
1.2515
1.991
3.7601
3.0233
3.4763
2.1583
1.2251
1.0325
0.09687
-0.16158
-0.71154
-0.032369
1.1015
1.4915
2.1093
1.2017
0.48759
-0.032534
0.032562
1.0103
1.2069
2.3506
2.222
1.0793
-0.065471
-0.29489
0.16398
0.22978
0.78853
0.92081
0.46083
1.1202
0.75851
0.49515
0.46258
0.26458
0.49657
1.0272
1.2273
1.1953
0.53175
0.69861
0.7326
0.93333
0.53386
-0.3006
-0.40121
-1.004
-1.005
-0.90547
-0.6714
-1.3106
-1.5474
-1.4817
-1.5169
-0.70863
-0.23646
0.16908
-0.067702
0.27109
0.54276
0.74709
1.4618
1.5995
1.6693
1.1254
0.23899
-0.44431
-1.1633
-1.3016
-0.78864
0.068652
0.41236
-0.068802
-0.79209
-1.3101
-0.9664
-0.76015
-0.72639
-0.62331
-0.76266
-0.31234
0.34743
0.3826
1.358
1.5338
0.80264
-0.069872
-0.5596
-1.0504
-0.56084
-0.59656
-0.52696
-0.66822
-0.070417
0.21149
0.42344
0.035326
0.035365
0.14162
1.2405
1.7032
1.4919
1.2091
0
-0.7128
-1.1417
-0.035719
1.2158
1.6109
0.75257
-0.46638
-0.2514
0.3955
0.39593
-0.18016
-0.68536
-0.64999
0.10845
1.7008
2.391
3.7716
3.6304
2.7621
0.76401
-0.32778
-0.036458
0.18248
0.43842
0.29258
0.98849
1.7958
2.9716
2.4605
2.0219
1.3984
1.5471
2.0649
1.218
1.6626
1.6273
1.74
2.6681
2.9303
2.599
2.0812
1.86
0.70748
0.074542
-0.26114
-0.48544
0.29901
0.26187
1.1233
1.2743
0.33761
0.18773
-0.60128
-1.9559
-2.6729
-2.8636
-2.4512
-2.4533
-0.9066
0.037807
1.1351
0.60591
0.5685
0.34137
1.2147
1.5956
2.1291
1.1795
0.19039
-0.76215
-1.0678
-1.6411
-1.795
-1.5288
-0.99441
-0.038273
0.5362
0.68987
1.3807
0.76754
0.34562
-0.69168
-1.6534
-0.9234
0.15399
0.34669
-0.84798
-2.2754
-3.0099
-1.8919
-0.11589
1.5847
1.1215
1.7025
1.0452
0.85209
1.395
1.8996
1.1636
1.1641
0.15528
-0.34953
-0.50509
0.19434
0.73879
1.2447
0.70043
0.038926
-0.62303
-1.1296
-1.2858
-0.58465
-0.038988
-0.54598
-0.31207
-1.7949
-2.693
-3.3572
-2.8894
-2.2651
-0.58591
1.2111
1.3285
1.485
0.66445
0.23454
-1.0165
-1.4075
-2.6589
-3.754
-4.1453
-4.0281
-3.5198
-2.7768
-2.8941
-1.9946
-1.4861
-2.0727
-2.0334
-2.5025
-2.5023
-1.4074
-0.50818
-0.5472
-1.0552
-2.3054
-2.6566
-2.539
-2.1089
-0.89804
-0.85881
-0.31222
-0.42919
-0.66312
-0.85792
-0.74071
0.19486
0.42856
0.42842
0.77867
0.66163
0
0.11667
-0.19437
-0.19428
-0.77679
-0.81526
-0.62086
-0.81449
-1.0467
-0.27122
-1.7427
-1.703
-2.0116
-1.5851
-1.6615
-1.6991
-1.4279
-1.1185
-0.3469
-0.038519
-1.2318
-1.7695
-2.4986
-2.4584
-2.4183
-1.8028
-0.42161
0.15319
0.76537
0.57357
0.42028
-0.076352
-0.80103
-0.72412
-0.49502
0.30436
0.41813
0.41775
-0.18971
-0.30325
-0.34084
-0.30268
-0.075596
-0.30209
0.037723
0.26379
0.52704
0.67693
0.67621
0.75055
1.2746
0.11234
-0.71069
-2.7649
-2.6871
-2.1621
-1.5639
-0.074383
0.037148
0.074207
0.18529
-0.48118
-0.62846
-0.55384
-0.25813
0.55244
1.2506
1.4694
1.9077
1.5755
1.427
0.877
-0.43791
-1.2755
-1.8561
-1.9989
-1.9598
-2.1745
-1.7009
-0.93961
-0.39696
-0.21621
0.89956
1.1138
1.7221
1.8628
2.1104
2.4287
2.318
2.1364
2.0976
1.1359
0.49619
-0.035387
0.5653
1.5168
2.3245
2.1449
1.6149
1.7525
1.9946
2.0262
1.6392
0.55712
-1.0776
-2.0822
-1.8016
-0.51881
-0.069058
0.37917
-0.55058
-0.13741
0.58298
1.5063
2.3238
1.774
2.4179
1.8017
1.052
0.23712
0.033815
0.20253
0.067388
0.57177
0.90647
0.90483
0.46832
0.43408
-0.066659
-0.066537
0
-0.39776
-0.72788
-0.89165
-1.0878
-0.98705
-0.59112
0.098337
0.78522
0.45718
0.032595
-0.45547
-0.68191
-1.0047
-0.58228
-0.38745
0.25781
0.86845
1.0915
1.0894
1.1193
1.1491
1.561
1.4309
1.682
2.4389
2.0549
2.1456
1.5116
0.97435
0.56466
-0.87666
-1.2499
-1.7777
-1.5564
-0.86988
-0.062013
0.30946
0.52507
1.4488
1.7229
1.9652
2.2372
2.0799
1.5569
1.4625
1.2468
1.1837
0.75728
-0.15116
-0.694
-1.566
-1.2924
-0.53998
0.8084
1.8527
2.7439
3.1256
2.4659
1.7495
0.6511
0.67939
1.2088
2.0598
2.3495
1.7001
2.5746
1.5477
1.2241
0.20363
-0.6678
-0.98531
-0.28925
0.46192
1.0374
1.3518
1.0909
1.6046
1.573
1.9697
2.308
2.3321
2.2994
1.5868
1.0748
-0.056462
-0.25362
-0.16877
0.16846
-0.33631
-0.75532
-1.1449
-1.6724
-1.8642
-1.6387
-1.7466
-1.3561
-1.1327
-1.4616
-1.7893
-1.7862
-1.1521
-0.54768
-0.35537
-0.60036
-1.4438
-1.9853
-1.4932
-0.43364
0.51408
1.0534
0.59324
0.16152
0.026875
-0.26831
0.13393
-0.40114
-0.40048
-0.42648
-0.55885
0.10628
0.61011
1.0858
1.3221
0.6072
0.34266
0.42108
0.21021
0
0.31435
0.41849
1.0969
0.99089
1.2237
1.2479
0.90858
0.82948
0.25883
-0.23261
-0.10323
-0.28348
-0.10294
0.20558
0.38492
0.61501
0.71651
1.3033
1.3525
1.0449
0.66171
1.1691
1.3199
1.2168
0.30379
-0.30339
-0.78276
-0.88263
-0.68002
-0.37732
-0.10049
0.85313
1.228
1.7021
1.525
1.2236
0.74824
0.29895
0.39813
-0.074565
-0.54619
-0.24799
-0.66882
-0.71757
-0.5932
0.32097
1.4305
1.8725
2.1412
1.5981
1.2281
0.73609
0.98047
0.68565
0.73391
-0.073321
-0.97668
-2.0979
-2.6321
-1.4609
-1.7272
-1.2153
-1.1171
-0.29116
0.70302
1.2111
1.3069
0.74964
0.41076
0.048286
-0.62723
-0.53033
-1.5657
-1.7812
-1.6355
-1.2979
-0.024018
0.86404
1.2952
0.95875
0.45511
0.047875
0.023923
0.19126
-0.095573
-0.40595
-0.90688
-0.93022
-1.6925
-0.97686
-0.85727
-0.23801
-0.6423
-0.40421
0.11883
0.28506
0.071233
0.023734
0.35586
0.42685
0.26075
-0.023696
-0.26055
0
-0.02367
0.094649
0
-0.047295
-0.14184
-0.35451
0.28353
1.4173
1.7948
2.0541
1.4163
0.87322
0.87306
0.37747
0.16512
-0.68396
-1.0376
-1.0375
-0.87232
-0.58935
-0.49501
-0.35355
-1.2256
-1.0841
-1.0841
-0.30637
0.2121
-0.2121
-0.89556
-1.3905
-1.3906
-0.73069
-0.49502
-1.2494
-1.7447
-1.627
-0.68389
-0.023586
1.0379
1.0381
0.23597
-0.33043
-0.61377
-0.56668
-0.75575
-1.1103
-1.6304
-1.7963
-1.4185
-1.277
-1.3011
-1.1832
-0.8285
-0.30783
0.1895
0.07109
-0.11853
-0.87746
-1.637
-1.9225
-1.9708
-1.7104
-1.1645
-1.5693
-1.5225
-1.9516
-1.5954
-1.4771
-0.78663
-0.21465
-0.40568
-0.54917
-0.62116
-1.2191
-1.2199
-2.154
-2.6822
-2.9236
-3.7648
-3.2154
-2.4011
-1.3936
-0.096177
-0.096245
0.14447
0.26506
-0.36171
-0.67569
-1.6181
-1.3776
-1.8866
-2.1786
-3.2706
-3.1035
-3.2032
-3.2058
-3.5975
-2.968
-2.5323
-1.8034
-1.6587
-1.5625
-1.4906
-1.1985
-0.95479
-0.53911
-0.83395
-0.51558
-0.83557
-1.4268
-1.5267
-1.3557
-0.17271
-0.19759
0.5192
0.29699
0.56983
1.2401
0.79449
-0.024855
-1.0699
-1.7685
-1.6707
-1.0734
-0.37487
0.02502
0.15029
-0.35107
-0.57743
-0.20108
-0.30197
-0.12597
-0.17656
-0.70709
-1.1883
-1.5441
-1.0898
-0.68514
0.17785
0.53419
0.30563
0.22951
0.35746
0.38348
0.81913
0.79454
1.0779
1.3362
0.59177
0.82441
0.077389
0.05166
0.10346
-0.20719
-0.18153
-0.72708
0.23402
0.44263
0.67787
0.41771
0.65356
1.0733
0.99613
0.65625
-0.49943
-1.0266
-1.6342
-1.2142
-0.92512
-0.052937
0.13253
-0.39814
-1.1961
-0.66544
-0.34652
-0.053386
-0.10692
-0.21415
-0.53613
-0.64427
-0.10753
0.53843
0.48528
0.62096
-0.27037
-1.056
-0.43384
0.78746
2.0123
1.8245
1.4181
1.0924
1.3948
2.109
2.112
2.3073
1.0453
-0.055095
-0.63451
-1.3537
-1.1343
-0.8035
-0.61043
-0.11115
-0.055653
-0.27867
-0.58604
-0.30741
-0.11195
0.30829
0.22453
0.14053
-0.028147
0.056373
-0.056453
0.084799
0.65105
-0.19842
0.14193
0.36954
0
0.39907
0.5709
0.80037
1.0305
0.9459
0.68887
0.60359
0.43173
0.80698
0.23088
0.28899
0.37619
0.92725
0.72538
0.46486
0.55275
0.61174
0.61255
0.90541
0.38018
0
-0.79165
-0.7633
-1.1758
-1.2067
-1.7976
-1.1507
-1.0045
-0.32537
-0.29616
-0.9192
-1.1875
-1.0106
-0.32735
0.029794
0
0.029864
-0.26909
-0.11973
0.44951
0.60002
0.57066
0.12027
-0.51173
-1.115
-1.5385
-0.87579
-0.15116
-0.030264
0.24236
0.36392
0.66787
1.1548
1.3384
1.2484
0.48766
0.18305
0.33591
1.1004
1.5297
1.2249
0.36781
-0.58289
-0.61411
-0.49172
0.36911
0.6157
0.24649
-0.092509
-0.64809
0.37063
1.1128
1.2683
0.55725
-0.030981
0.34105
0.21719
-0.031049
-0.65247
-0.62183
-0.34224
1.2142
0.93458
1.2469
0.62383
0.3121
-0.37474
-0.49995
0.21885
1.3138
0.75115
0.62628
-0.37596
0.06269
0.59584
0.84711
0.65916
0.65944
1.1309
1.1314
1.2576
1.1323
1.9193
1.6996
2.078
2.2361
2.8038
2.8677
2.6163
2.7115
2.176
2.9967
2.9027
2.2405
1.3572
0.063136
-0.3473
-0.37892
0.094742
0.91594
1.5793
1.8322
1.4216
0.97937
0.31594
0.15797
1.1374
1.3901
1.8008
2.1166
1.3583
0.69492
-0.37901
-1.2317
-1.2631
-0.15787
1.1049
1.5466
0.5996
-0.56793
-0.37854
0.12615
0.18918
0.40979
-0.78786
-0.12602
-0.44095
-0.56676
-0.69248
-0.25172
0.346
1.352
1.7601
2.2936
2.8579
2.1033
1.2552
0.69002
0.47025
0.90872
1.6913
1.8156
1.9398
1.4072
2.219
1.9054
1.6546
0.65521
0.62364
0.77907
0.49829
-0.062247
-0.37324
0.15541
0.4038
0.49665
-0.31019
-0.46495
-0.68143
-1.1142
-1.9175
-2.3178
-1.0499
0
1.3258
1.8792
2.0316
1.6608
1.598
1.5352
1.3192
0.76628
0.58186
0.61193
0.18341
0.42757
0.45769
0.7621
1.5228
2.0081
1.8238
1.6094
0.97079
-0.060614
-0.30276
-0.69565
-0.36258
-0.69422
-0.21106
-0.1506
0.15044
-0.75141
-1.0208
-1.3796
-1.7975
-1.7357
-1.3751
-0.98536
-1.0737
-0.41709
-0.59516
-1.189
-0.97976
-1.4234
-1.1848
-1.0651
-0.67967
-0.79692
-0.82545
-1.2956
-1.1176
-0.38186
0.088014
0.17581
0.38046
0.2923
-0.17516
-0.29157
-0.34945
-0.3781
0.14524
0.058022
0.81127
0.14469
-0.289
-1.0679
-1.0954
-0.37425
-0.11501
-1.005
-1.95
-1.8615
-1.2871
-0.3142
0.51348
0.085467
-0.56902
-1.4491
-0.68102
-0.028338
0.1698
0.73483
0.3387
-0.084562
-0.084448
0.44979
0.30881
0.36447
-0.33598
-0.95067
-1.2565
-2.3145
-1.9772
-1.752
-0.77764
0.05547
0.16619
0.16596
0.6077
0.96549
1.0193
0.9904
1.1264
1.317
1.2604
1.6144
0.98373
0.46391
0.35428
0.43545
1.4949
1.4114
1.4908
1.543
1.2976
1.7548
1.5098
1.1309
0.02689
-0.10742
-0.69728
-0.72315
-0.98967
-0.026713
-0.5869
-1.119
-1.7827
-1.8601
-2.07
-2.2528
-2.0381
-1.7712
-1.2409
0.052734
0.26333
0.4734
-0.26266
0
0.1572
1.2298
1.9339
2.2186
2.4765
2.3432
2.4964
1.818
0.75225
-0.28499
-0.64691
-0.33598
0.025814
0.82504
0.69529
1.2346
0.56519
0.15396
0.20504
0.84479
1.5342
0.84282
-0.15306
-1.0957
-1.0944
-1.2457
-1.2443
-1.3951
-1.2416
-0.58212
0.88486
1.0859
0.3784
-0.50398
-1.2334
-0.85493
-0.40189
0.15055
0.075196
-0.10016
0
-0.62468
-1.1982
-1.1221
-1.1459
-0.12443
-0.24862
0.14902
-0.32257
-0.4462
-0.76772
-0.22267
0.098872
0.4692
0.6168
0.29579
0.14776
0.14762
0.88495
1.449
1.8895
2.6478
2.1066
1.7377
1.5406
1.295
1.538
1.6099
2.2667
1.9482
2.3604
2.1153
2.2838
2.2577
2.2802
2.0119
2.1557
1.9121
2.1767
1.8126
1.6181
1.4963
1.7364
2.0245
2.0953
2.0939
2.1407
1.6826
1.2731
1.0563
0.74372
0.21579
-0.11981
-0.023947
0.69407
1.4352
1.7929
1.7203
1.2656
1.0501
1.4074
1.1921
1.3344
1.3338
1.1903
1.3087
1.5696
1.4976
0.85538
0.2375
0.047479
0
-0.37951
-0.61645
-1.185
-1.2793
-1.2788
-0.63917
-0.94657
-0.40215
-0.80403
-0.3546
-0.59081
-0.54337
0.11809
0.4486
0.51928
0.35396
-0.16514
-0.070754
0.28295
0.89578
1.2491
0.96606
1.3899
0.96566
1.1303
1.3185
0.80035
0.11768
-0.25886
-0.61175
-0.42346
-1.0585
-1.6229
-1.5521
-1.0111
-0.023513
0.6348
0.94037
0.21157
-0.42312
-0.8462
-0.75216
-0.11752
-0.49358
-0.75212
-1.3867
-0.96367
-0.47009
-0.11753
0.14104
-0.28209
-0.68176
-0.98744
-0.61132
-0.35271
-0.58791
-0.9878
-0.49395
-0.23524
-0.09411
0.14118
0.40008
0.54137
0.63563
0.68283
0.94201
1.3662
1.2015
0.61268
0.28284
0.7544
1.0611
1.1086
0.14155
-0.047197
-0.59012
-0.61389
-0.30704
-0.23625
-0.33085
-0.61463
-0.82765
-0.49675
0.78087
0.87583
1.184
0.56851
0.11848
0.54523
0.59287
0.75917
0.52214
0.23743
-0.23753
-0.35645
-0.095094
-0.35676
-0.9042
-1.9521
-1.5243
-1.4773
-0.9774
-0.95403
-1.3363
-1.337
-1.1704
-1.0038
-0.88472
-0.6938
-0.55055
-1.0298
-1.5576
-1.4146
-1.3195
-1.2722
-0.88865
-1.0574
-0.52901
-0.40903
-0.24075
-0.048179
-0.16873
-0.96479
-1.0619
-1.0868
-1.1116
-0.89472
-1.839
-2.0824
-2.4472
-2.2307
-0.99478
-0.99546
-0.55882
-1.167
-1.8735
-2.1183
-1.9249
-1.78
-1.2444
-0.87908
-1.2218
-1.2228
-2.1292
-1.6655
-2.0589
-1.9378
-1.5956
-0.83529
-0.68843
-0.78739
-0.93577
-0.56684
0.12332
1.2095
1.5811
1.9038
1.5095
0.99062
-0.074358
-0.52094
-0.69517
-0.6709
-0.59686
-0.42314
-0.074735
-0.42386
-1.1729
-1.4236
-1.7748
-1.6513
-1.1269
-0.65165
-0.878
-0.82856
-1.5329
-1.1319
-0.88113
-0.57955
-0.75662
-1.1864
-1.4654
-1.0116
-1.1391
-0.93742
-0.32967
-0.32997
-0.40649
-0.76288
-0.4836
-0.10191
0.79051
1.0465
1.0986
1.1252
1.203
1.1017
0.56418
0.20535
0.66802
0.90011
1.2099
0.90182
0.82531
0.64539
0.43928
0
-0.4919
0.025914
-0.57066
0.12982
-0.28588
-0.1821
0.052078
0.39096
0.83485
0.62674
0.83646
0.91576
1.3357
1.468
1.2333
0.60411
-0.15775
-0.84212
-1.9229
-1.5293
-1.6627
-1.4794
-1.0048
-0.13234
0.31792
0.68949
0.31853
-0.53139
-0.47871
-0.18634
0.2931
0.24004
-0.21357
-0.45426
-0.08024
-0.080316
0.13399
0.13411
0.13424
0.18811
0.40347
0.5923
1.1049
1.1329
0.43197
0.13511
-0.16229
-0.81217
-1.1923
-1.5188
-1.1673
-0.7608
-0.21757
-0.2722
0.32694
0.19088
-0.054587
-0.081953
-0.49216
0.027366
-0.08217
-0.10966
-0.38413
-1.2358
-1.5392
-0.99033
-0.44052
-0.8818
-1.0756
-1.1593
-0.38677
0.47004
1.1069
1.4678
0.69295
-0.44385
-1.5825
-1.4449
-1.4182
-1.0854
-0.80773
-0.61324
0.39055
0.86547
1.6205
1.5938
2.2107
1.7923
0.89682
0.056093
-1.263
-2.1628
-2.6985
-2.0816
-1.2104
-0.73243
-0.70476
-0.22568
-0.53637
-0.084749
0.67846
0.62235
0.33969
0.028327
-0.70865
-1.0495
-1.9301
-2.6698
-2.7852
-2.4457
-1.5935
-0.62642
-0.085474
0.91228
2.1395
1.4557
1.1424
0.028577
-0.28594
-0.08583
-0.17176
-0.085927
0.42987
0.68817
0.65986
0.74632
0.60312
0.86205
1.61
1.5245
1.4389
1.0078
0.51853
-0.028821
-0.14417
-0.11539
0.25975
-0.14437
-0.14444
-0.1445
-0.20239
0.72312
0.98385
1.5922
1.8535
1.5065
1.5361
1.4497
1.5083
1.6829
1.103
0.63881
0.087141
-0.66831
-1.6277
-1.4538
-1.5997
-1.2802
-0.72758
0.2329
1.2231
2.272
2.6806
2.2441
1.6325
0.78732
0.2625
0.55431
0.058362
1.1091
0.11678
-0.78842
-1.4895
-1.2561
-0.46749
1.4612
2.1337
2.5434
2.3683
1.3744
1.3747
0.81906
1.1703
1.4045
1.8436
1.4926
0.81958
0.087822
-1.1711
-0.87838
0.029282
0.58569
1.9036
2.1381
2.5483
2.2848
2.402
2.1092
2.4022
1.6992
1.9336
2.1387
1.7286
1.2305
0.96683
0.20508
0.11719
0.76172
0.93748
1.4355
1.2011
1.1131
1.0545
0.70296
0.79078
1.025
0.81996
0.90775
0.32208
0.23422
0.70259
1.9027
2.7513
2.9558
3.0433
3.2185
2.8963
2.4572
2.4568
2.398
2.0468
1.3448
1.0523
0.11691
-0.37989
-0.1753
-0.84716
-0.84702
-1.1681
-0.14599
0.61303
1.4593
1.3715
1.2837
0.46671
0.52494
0.14579
-0.087453
-0.67033
-0.99071
-1.2235
-1.4563
-0.9318
-0.58224
-0.058211
0.029098
0.32001
0
-0.31985
0.05814
0.31969
0.31961
-0.029048
0.46465
0.98711
0.95783
0.98659
0.23208
0.26102
-0.14497
0.43479
1.0142
0.8691
1.0716
0.23163
-0.20262
-0.54981
-0.52072
0.1446
-0.28912
-0.028904
-0.75129
-0.95328
-0.60646
-0.83724
-0.54838
-0.69248
-0.46152
-0.77858
-0.60538
-0.25937
0.17286
-0.11521
0.37432
1.209
1.7841
1.3521
0.83402
0.54627
0.60359
0.45974
0.40215
0.028717
-0.086125
-0.4592
0.17215
0.28683
0.88892
1.4907
1.0317
1.3179
0.80197
1.0594
0.85876
0.40064
0.42914
0.71503
0.37171
0.28585
0.11431
0.17142
0.19993
0.39976
0.51384
0.59933
1.2554
0.85573
0.71293
-0.08553
-0.11401
-0.085487
-0.5128
-0.45571
-0.48407
-0.99638
-0.085384
-0.19918
0.31293
-0.25598
0.25592
0.25587
0.42635
0.73885
0.68188
0.056811
-1.136
-0.82344
-1.0788
-0.42575
-0.87973
-1.3052
-1.5886
-1.3898
-0.4821
0.028354
0.2835
0.17007
0.45345
-0.19836
-0.028333
-0.79321
-1.218
-0.90629
-1.0761
-0.48135
-0.99091
-1.0474
-0.62273
-0.28303
0.96222
1.1602
1.1318
0.50929
0.056584
-0.5658
-0.4809
-0.62231
-0.056571
-0.33941
-0.98992
-2.3475
-2.3191
-2.0363
-1.3575
-0.79187
-0.1414
-0.31109
0.3111
0.16969
0.67879
0.22627
0.11314
-0.42429
-0.36774
-0.28289
-0.6224
-1.1034
-1.3865
-1.047
0.1132
0.53775
0.70764
1.0191
1.0476
1.2459
2.124
2.7757
3.5693
3.2298
3.032
2.3523
1.7291
1.1624
0.14178
-0.53888
-0.51062
-0.17024
0.8514
1.2206
1.7604
1.7608
1.3351
1.6764
0.96634
1.1656
0.48343
0.028445
-0.88206
-1.2523
-1.5944
-1.4525
-1.7948
-1.9664
-1.3399
-1.2263
-1.0555
-0.25685
-0.057098
0.085679
0.085712
-0.48589
0
-0.28605
0.28617
0.51532
0.37234
0.28654
0.45867
0.65964
0.48778
0.34448
0.57441
0.31608
-0.028748
-0.54649
-1.036
-1.6412
-1.6708
-1.7294
-0.95167
-0.89448
-0.92385
-1.531
-1.4741
-0.54948
0.83917
1.3029
1.3327
1.2175
0.4061
-0.31928
-0.087131
-0.14531
0.29081
-0.0873
-0.58239
-2.302
-3.1783
-3.3847
-3.2119
-3.0681
-3.2457
-3.0139
-3.0454
-2.9597
-2.5806
-2.3184
-2.4964
-2.175
-2.3237
-1.7368
-1.4141
-1.2383
-0.61964
-0.73826
-0.23644
0.029579
0.76968
1.2444
2.5501
2.8194
2.7623
2.3188
1.5472
0.80405
0.089418
0.14916
0
0.14943
-0.41878
-1.018
-1.2886
-1.3798
-1.0208
-0.36061
-0.42111
0.15054
0.24109
0.7843
2.3854
2.9619
2.8438
1.6656
0.84876
0.63721
0.54672
1.3074
1.187
1.6147
1.5858
1.2211
1.2529
1.4072
1.378
0.91965
0.73649
0.49151
1.5991
1.0467
0.46227
-1.0181
-1.5442
-1.2367
-0.71187
0.34083
-0.093056
-0.18632
-0.18652
0.24897
0.12462
0.093572
-0.43716
0.56269
0.81368
1.4725
1.7879
1.5701
1.3518
0.72388
0.31509
0.94636
1.6422
2.403
2.5323
2.567
2.9189
3.1129
2.7349
2.4197
1.9125
1.468
1.3419
1.0236
0.70454
0.38475
0.2247
-0.7713
-1.1583
-1.965
-1.032
-0.58121
-0.12931
0.67968
1.4906
1.979
1.5591
1.5284
1.2697
1.369
1.5012
0.81682
0.55609
0.49125
0.032789
-0.52524
-0.59159
-1.1517
-0.56004
-0.72561
-0.26417
0.66119
1.0922
1.5243
0.79621
0.63107
0.79807
0.49937
0.6666
0.066737
0.16704
0.26757
0.066968
-0.63693
-0.87258
-0.63838
-1.3791
-1.6501
-1.3823
-1.08
-0.40547
-0.30445
-0.16933
-0.91537
0.20364
0.64558
2.1089
1.975
2.5226
1.6722
1.1616
0.342
0.34237
1.4738
1.3724
2.2668
1.0315
0.72278
0.17227
-0.068979
-0.06905
-0.38016
0.41514
0.17315
0.06933
-0.65929
-0.24314
0.1043
0.34802
0.66188
0.10461
-0.38393
-0.73364
0.73433
1.715
2.3472
1.8935
1.79
1.4754
1.9338
1.7596
1.5146
1.0223
1.3055
1.13
0.74221
0.24761
0.67264
0.49604
0.14184
-0.3194
-1.3496
-2.0616
-1.3873
-1.4595
-1.1756
-1.2478
-1.0703
-0.21422
0.21438
0.14302
0.071559
-0.32224
-0.071656
0.35852
-0.035875
-0.89746
-1.7601
-2.2644
-2.086
-1.1156
-0.28806
0
0.2163
-0.10821
0.36089
0.57773
1.0116
1.6627
1.0849
1.1578
1.0497
1.1227
1.1232
0.86994
1.0154
0.87067
0.65327
0.79875
0
-0.76302
-1.7083
-0.72719
0.036372
1.4553
1.3466
0.91013
0.65548
2.2584
3.3155
3.0977
2.0049
0.65628
0
0.21885
0.98499
1.6784
1.4597
-0.10949
-0.80306
-1.5698
-1.7525
-2.1543
-1.6798
-1.6434
0.036521
1.0592
1.8627
1.2418
0.21914
-0.87656
-0.3287
0.29217
0.65734
0.47471
-0.18257
0
0.43808
0.65703
0.14599
-0.18246
-0.76621
-0.80255
-0.18237
0.47406
0.40104
-0.1458
-0.40085
-0.69221
-0.58276
0.18206
0.36402
0.69143
0.47293
0.90919
0.69075
0.50879
0.072658
-0.36315
-1.0164
-2.1772
-1.8135
-1.1239
-1.0509
-1.0505
-1.6655
-2.0989
-2.0979
-1.9883
-2.2402
-2.4557
-2.4183
-2.0562
-1.6945
-1.2972
-1.1884
-1.8355
-1.5106
-1.8691
-1.2213
-1.041
-1.3273
-1.3623
-1.6838
-1.5752
-1.3952
-0.28599
-0.60728
-0.57113
-0.89171
-0.28513
0.67665
1.6725
1.7067
0.88818
0.53247
0.49656
-0.60245
-1.0268
-2.0165
-2.3682
-2.1895
-1.5877
-1.3043
-0.70436
-1.3019
-2.2146
-2.8797
-3.1226
-2.1031
-0.6303
-0.24487
0.48926
0.17456
-0.69752
-1.8465
-2.6103
-3.7201
-2.8827
-3.4347
-2.1487
-1.3848
-1.2449
-0.79449
-0.79361
-0.55146
-0.27542
0.10317
-0.54959
-1.4753
-2.1933
-2.0196
-1.6753
-0.54639
0.068217
0
-0.81664
-1.6653
-2.1045
-2.5088
-2.9459
-2.976
-2.7021
-2.0915
-0.8086
0.77393
1.0754
0.73839
0.53632
-0.066953
0.53493
0.76796
0.3668
-0.33302
-0.93122
-1.2953
-1.957
-2.0869
-2.051
-0.29732
-0.42889
0.13179
-0.36192
-0.23
0.52498
0.58979
0.29449
-0.75154
-1.1747
-1.5967
-1.4317
-1.2998
-0.90855
-0.93967
-1.7473
-2.1002
-2.2908
-2.7064
-1.4156
-0.99594
-0.16041
1.0572
1.7914
1.7249
1.531
0.41406
1.2086
1.1433
1.3002
0.88665
-0.06324
-0.50518
-1.1981
-0.97593
-1.2574
-1.4439
-1.097
-0.84503
-1
-1.3418
-1.4645
-1.4623
-0.83883
-0.77555
-1.27
-2.0414
-2.2855
-1.6962
-1.0778
-0.52272
-0.061405
-0.030657
-0.7653
-0.8253
-0.45782
0.09143
0.21302
-0.060773
-0.39444
-1.0301
-0.99833
-0.93644
-1.297
-1.5963
-1.7143
-1.7718
-1.7992
-0.7785
0.11959
0.26869
-0.20868
-0.65488
-0.77282
0.059361
1.0966
1.5981
1.448
0.64919
-0.058932
-1.0298
-2.2036
-2.5524
-2.0507
-0.76061
0
0.84594
1.3108
1.5416
1.5975
1.1312
0.72409
0.086768
-0.057764
-0.40378
-0.28801
-0.17256
-0.37336
-0.83173
-0.91649
-0.51481
-0.028561
0.45635
1.0823
2.759
3.0109
2.6947
1.7563
0.7638
0.59326
0.47961
-0.1127
-0.90038
-1.4893
-1.5153
-0.78469
0.2239
1.0342
1.4795
0.94784
0.72388
0.55611
0.9997
1.7195
1.9389
2.1024
1.409
1.3796
0.88184
0.85321
0.41233
0.76871
0.74034
1.205
0.90263
0.76493
0.57299
0.84482
1.3882
1.5224
1.3849
1.2747
1.3545
1.4611
1.3243
1.3227
1.5369
1.966
2.3134
2.1227
1.2883
0.26809
-0.080335
-0.85594
-0.053437
0.82735
1.1464
1.731
1.1704
1.4615
1.7519
