-0.89383
-0.2909
0.96356
1.5484
1.2361
0.27012
0.15782
0.63231
0.88221
0.43055
-0.29511
-0.6368
-0.79752
-0.41096
0.045754
0.55019
0.82704
0.5756
0.53074
0.46259
1.136
1.3945
0.97859
0.32704
-0.070265
0.21137
0.49457
0.51959
0.26056
0.23758
0.5481
1.0279
1.9185
2.3097
2.1485
2.0347
1.7987
2.2441
2.8886
2.3833
1.7016
1.2378
1.3668
1.0229
0.8015
0.5281
0.70701
0.786
0.76382
0.17898
-0.48787
-0.10315
0.2072
0.49427
-0.15677
-0.23621
-0.44816
-0.13241
0.47881
1.0154
1.4495
1.1864
1.1376
0.54418
0.87463
1.263
1.5996
1.1358
0.69564
0.27948
0.58949
0.42289
0.99097
0.99517
1.3419
1.9495
1.6696
2.0519
1.3346
1.1358
0.52615
0.52806
0.64767
0.62034
1.4819
1.3974
2.1174
1.5254
1.3798
1.0225
1.2663
0.99735
0.03029
-0.51601
-0.42577
-0.030466
0.39669
0.76396
0.88731
0.76576
-0.030658
-0.67497
-1.0437
-1.3205
-1.3821
-1.4743
-1.1976
-0.67531
0.30678
0.64374
-0.15312
-1.2236
-2.2911
-2.623
-2.2836
-1.0332
-0.57616
-0.36305
-0.81483
-0.66215
-0.42016
-1.0771
-0.92454
-0.47556
0.41463
1.1802
0.9699
0.23417
0.20404
-0.1451
-0.37556
0.17253
0.22893
0.71188
-0.056662
-0.45095
-1.9344
-2.7047
-2.7452
-1.7923
-0.90473
-1.6627
-2.2762
-2.2626
-1.2316
-0.10644
0.026448
-0.65712
-1.6718
-1.5056
-0.85124
-0.66646
-0.81508
-1.0884
-1.1569
-0.82475
-0.67056
-0.14808
0.22074
0.60936
0.8963
0.86676
0.52648
-0.28546
0.09459
0.4937
1.3323
1.9058
1.5485
0.94243
-0.045726
-0.4776
-0.49777
-0.067538
0.51527
-0.044593
-0.46607
-0.70704
-0.50599
0.10954
0.39276
0.86946
0.73632
0.62584
0.47319
0.87907
1.2612
1.5775
2.0199
2.121
1.3544
0.084481
-0.82218
-1.1576
-0.1261
0.69271
1.0485
0.98477
0.4188
0.083726
0.020927
0.50227
1.1932
1.7382
1.6764
1.7618
1.8477
2.3546
1.937
1.6662
0.78184
0.67762
0.95512
1.2129
1.771
2.2469
2.9194
3.0368
2.7233
1.7138
0.89291
0.39361
0.2196
0.90437
1.0858
0.69024
0.17901
0.42732
0.88175
1.1593
0.68575
-0.48277
-1.0174
-0.90723
-0.28086
0.094203
-0.26071
0.11927
0.2161
0.53176
0.19468
-0.61254
-1.0115
-0.74533
-0.30024
0.30239
0.20304
0.66467
0.515
0.25939
0.1829
-0.44746
0.10606
0.18698
0.40362
-0.054212
0
0.19254
0.85887
1.8976
2.3891
2.4628
1.3969
0.40193
0.028908
-0.058214
0.64469
1.829
1.5144
0
-1.7444
-1.846
0.030447
1.5008
2.3413
2.8192
1.7133
0.28186
-1.5111
-1.6768
-0.98553
0.095818
0.70581
0.19332
-1.0352
-1.3965
-0.42374
-0.032708
0.2297
-0.49371
-0.62713
-1.4891
-1.3268
-1.4293
-0.9658
-0.33359
0.66812
1.0368
1.473
0.67
-0.56976
-1.5085
-1.2738
0.10053
1.3062
1.5059
0.96948
-0.70113
-1.8001
-2.4291
-2.0257
-0.59637
0.33048
0.69208
0.23
-0.85149
-1.2728
-1.2355
-0.90675
-0.032248
0.25684
-0.60717
-1.8445
-2.8475
-2.5807
-1.784
-0.93361
-0.061873
-0.092245
-0.21389
-0.27322
0.15078
0.29951
0.089226
0.41342
-0.2052
-0.75653
-1.6171
-2.2924
-2.3313
-1.5795
0.50361
1.1378
1.2385
-0.081879
-0.62247
-0.64403
-0.26606
-0.2374
-0.33995
-0.46663
-0.23129
0.38213
0.40405
0.10013
-0.74446
-0.86099
-1.0242
-0.58023
-0.19175
-0.16635
-0.49483
-0.21029
0.023171
0.57451
1.2536
0.81397
0.47106
0.089026
0.35337
0.72333
0.73975
0.49679
-0.12868
0.36207
1.1001
1.9545
2.4432
1.9716
1.5059
1.0665
1.0198
1.2578
1.3119
1.667
1.4394
1.6718
1.6252
1.8558
2.026
2.0191
1.5046
1.4808
1.8656
2.2489
2.0121
1.8539
1.8318
2.0028
1.6353
1.961
1.499
0.97996
0.44201
-0.23071
-0.57718
-0.21184
0.28924
0.61801
0.46435
0.31021
0.21378
0.077942
-0.15634
-0.25485
-0.33441
-0.039487
0.099105
0.19904
-0.15993
-0.18076
0.36329
1.0954
1.7538
2.1531
1.8974
1.5767
0.83489
0.86115
0.88784
1.7449
1.9923
1.8551
0.99926
-0.13127
-0.57298
-0.42181
0.78281
2.0507
2.1571
1.4872
0.41503
-0.16265
-0.32783
0.33039
0.95131
1.1744
1.1835
0.43811
0.80935
0.76608
0.94614
0.27592
-0.075805
-0.73809
-0.51266
0.38718
0.51979
0.52328
0.52671
0.68911
1.5468
2.361
2.6717
2.0083
0.84587
0.90514
1.5161
1.9111
1.6137
0.97799
1.01
1.0139
1.5262
1.4462
1.2231
0.65606
0.40036
0.45861
-0.028722
0.057547
-0.317
-0.14428
0.34663
0.69382
1.0413
1.4757
1.0707
0.54976
-0.40495
-1.2431
-1.3577
-1.0389
-0.51887
0.57575
0.28744
0.74608
0.91656
0.54312
-0.42786
-0.99608
-0.70979
0.53809
1.6383
2.3381
2.2473
1.1485
0.64237
0.41769
0.47195
0.47051
0.60701
0.082518
0
-0.35536
-0.32701
-0.54334
-0.48752
0.29703
0.40385
0.51006
0.16061
0.26695
0.29285
-0.053106
0.29135
0.71339
1.8189
2.1041
1.391
0.68103
0.39217
0.44368
1.1204
1.1968
1.7668
1.9462
1.6071
0.7251
0.25875
0.64644
1.5248
3.255
3.9256
3.7443
3.0213
1.7562
0.85253
0.2326
0.43959
0.67276
0.62149
0.38878
0.67457
0.85714
0.31207
0.2604
-0.52155
-0.99243
-0.78475
-0.70746
0.10499
0.76257
0.36883
-0.079188
-0.89925
-0.76856
0.7967
1.9161
1.6535
0.96213
0.08035
0.48314
0.72627
1.3209
0.62132
0.43313
-0.32553
-0.70676
-0.59923
0.51854
1.0664
0.90403
0.27444
0.27492
0.5783
0.49648
0.13812
-0.3043
-0.13851
0.27736
0.99968
1.3065
1.0017
0.2228
0
-0.69725
-0.44649
-0.19543
0.94954
1.2291
0.92194
-0.41907
-1.8716
-2.1505
-1.731
-0.83722
0.61362
1.3658
1.0584
-0.41742
-0.97302
-0.63872
-0.083212
0.083105
-0.47028
-1.1325
-1.9305
-1.4317
-0.41227
0.2469
0.27381
0.21861
0.16361
0.24488
-0.054296
0.10834
0.2702
0.80861
1.183
0.93855
0.66861
0.90684
2.2874
2.997
3.2263
2.3467
1.2093
0.31449
0.41802
-0.1823
-0.51919
-0.5175
-0.18052
0.66825
0.5635
0.28077
-0.20348
-1.546
-1.6161
-1.4088
-0.37595
0.22471
0.74615
1.1891
0.7896
0.56523
0.34263
0.43868
0.9707
1.7155
2.2132
2.2991
1.7403
1.5424
1.8421
2.1389
2.0816
1.6058
0.6715
0.16125
0.25207
0.3419
0.18136
0
-0.76221
-1.6272
-2.0831
-1.9166
-1.0073
-0.41352
-0.82191
-1.5905
-2.157
-1.2943
-0.33726
0.14657
0.60313
1.0534
1.3128
0.44814
-0.50566
-0.96395
-1.276
-0.71257
-0.64842
-0.4486
-0.63888
-0.23059
-0.15258
-0.37859
-0.84541
-1.2306
-1.1658
-1.1203
-1.1847
-1.013
-0.87972
-0.37421
-0.37143
-0.71981
-0.88881
-0.44983
0.017177
0.034109
-0.50804
-0.30271
0.30065
0.77976
0.82408
0.54039
0.21154
0.24258
0.16075
0.063926
0.047674
-0.14224
-0.37731
-0.75079
-0.87167
-0.58874
-0.030849
-0.18432
-0.030598
-0.076212
0.060759
0.18169
-0.22645
-0.97866
-1.5621
-1.8736
-1.7504
-1.7926
-2.1633
-2.6532
-3.1132
-3.0526
-2.725
-2.3385
-2.5039
-2.894
-2.9126
-2.6478
-2.0383
-1.3819
-0.82825
-0.57388
-0.45451
0.13683
0.28997
1.0881
1.4778
1.3921
0.93278
0.65648
0.53448
0.39537
0.27055
0.19224
0.67749
1.0073
0.8184
0.42886
0.049879
0.21793
0.89602
0.9209
0.98077
1.1634
1.4723
1.5749
1.2329
1.1008
1.1301
1.418
1.9909
1.8426
1.7482
1.5172
1.6307
1.7662
1.964
1.5643
1.0341
0.49197
0.66317
0.81709
1.2496
0.40679
-0.45447
-1.0499
-1.1716
-0.62544
-0.18055
0.114
-0.023029
0.18605
0.5166
0.78227
0.62205
0.55526
0.34097
0.024564
-0.19814
-0.59921
-0.40257
-0.20279
0.43402
0.61695
1.0609
0.23433
-0.39286
-1.1589
-0.84725
0.34589
0.93554
1.208
0.70068
0.70321
0.43415
0.16329
-0.49113
-0.9845
-0.90423
-0.52147
-0.76951
-0.96287
-0.49555
0.7712
1.2396
1.1018
0.44055
0
-0.49488
-0.5218
-0.57597
-0.79417
-1.1482
-1.528
-1.8789
-1.3313
-1.3552
-1.5952
-1.6989
-1.0757
-0.40226
-0.18718
-1.1997
-1.8341
-2.385
-2.3513
-1.1326
-0.4989
0.052356
-0.1044
0.39032
0.077836
-0.025871
-0.38699
-0.51461
-0.61593
-0.81921
-0.6385
-0.45869
-1.0935
-2.0558
-2.8375
-2.7824
-2.0964
-1.1604
-0.42837
0.2014
0
-0.35203
-1.0558
-1.4578
-1.5837
-1.7351
-2.1386
-2.7194
-2.5204
-1.6402
-0.85919
0.075935
-0.25358
-0.7115
-0.99327
-0.74042
-0.81921
-1.0783
-1.6482
-1.8086
-1.6593
-0.83269
-0.20897
-0.3147
-0.36867
-0.47604
-0.15938
0.42696
0.88475
0.7543
0.10829
-0.48974
0
0.52226
-0.027632
-0.41666
-0.61436
-0.58958
0.81856
0.82296
1.1983
0.60235
0.46137
0.86964
1.6318
2.1089
1.8546
1.3609
0.17838
0.92601
1.2004
1.0551
0.54497
-0.9121
-0.57999
0.12257
1.4455
1.7591
2.3531
2.267
2.0243
1.5924
0.56333
1.0036
1.3196
1.3532
1.6386
1.9243
1.8311
1.074
-0.22117
-1.3902
-1.5161
-0.85236
0.18926
0.66166
0.18879
0.15706
0.18812
0.43799
0.53055
0.34238
0.49655
0.030936
-0.12332
-0.18432
-0.88743
-1.5238
-1.396
-1.4804
-0.15036
0.59853
1.608
0.56286
0.20627
-1.143
-0.9618
-1.0433
-0.69154
-1.0312
-1.2814
-1.019
-0.84406
-1.2864
-1.4731
-1.6851
-2.2513
-2.1284
-1.6544
-0.29653
0.10718
0.07991
-0.2648
-0.44756
-0.41883
-0.20824
0.56953
0.46349
0.79406
0.71358
0.68471
1.0348
1.4572
1.6759
1.0711
0.81871
-0.56845
-0.68956
-0.31908
1.0766
2.0007
2.0927
1.6994
1.6231
1.1848
1.1829
0.84383
1.2283
1.0108
1.3229
0.62526
0.33671
0.36089
0.86669
2.1688
2.6781
3.3346
3.0018
2.1105
1.2888
0.90212
1.6629
1.3493
0.81245
-0.29656
-1.1166
-0.89717
-0.075109
0.57863
0.9356
0.58471
1.176
0.7457
0.87956
0.36445
0.44541
0.55389
1.381
1.257
1.1583
1.2212
0.32811
-0.055105
-1.2773
-0.72768
-0.47961
-0.19909
0.88891
1.5901
1.4576
0.44092
-0.44461
0
0.51235
1.2764
0.61283
-0.64878
-1.1213
-0.72216
-0.094947
0.38277
-0.80361
-0.93925
-0.58731
0.26291
1.39
1.3328
0.97268
1.0126
1.9357
2.6643
3.1598
2.1406
1.0756
-0.31369
0.28002
0.73792
0.2821
-0.35374
-1.3125
-0.10667
0.89063
1.2131
0.3572
-1.0008
-1.3229
-0.67918
0.32151
1.1419
1.6032
1.3511
-0.1064
-0.24753
-0.1762
0.49144
1.5727
1.3217
0.24218
-0.89434
-0.99134
0.47539
1.3149
0.60229
-0.33194
-1.3824
-1.4355
-0.22626
1.4085
2.4403
1.4113
0.34128
-0.24545
0.12132
0.89923
1.3326
0.70192
0.3754
0.39906
0.61885
0.69383
0.082127
-0.62095
-1.3044
-1.0235
-0.77608
-0.35695
-0.60302
-0.84178
-0.36591
0.1442
0.7577
0.69981
0.50557
0.04528
0.13383
0.70321
0.69286
0.72539
0.12615
-0.47658
-1.4297
-1.9731
-1.9653
-1.1745
-1.197
-1.0475
-1.7664
-1.836
-1.9038
-1.6989
-1.5707
-1.1637
-0.69685
-0.32715
-0.20427
-0.404
-0.5162
-0.85679
-0.68496
-0.59745
-0.25588
-0.39612
-0.83228
-1.2143
-1.019
-0.13786
0.38004
0.030183
-0.98917
-1.7272
-2.1752
-1.78
-1.7994
-1.6738
-1.912
-2.1054
-1.7664
-1.8743
-2.1674
-2.1893
-2.07
-1.5135
-1.087
-1.0711
-0.6052
-0.81551
-0.9555
-1.0114
-1.3064
-0.9977
-0.71713
-0.54893
-0.40871
-0.76226
-0.86271
-0.96383
-0.53995
-0.37047
-0.48595
-1.1616
-1.7702
-1.3581
-1.0446
-0.43715
-0.45382
-0.61785
-0.90195
-0.43109
0.05979
0.060135
-0.2571
-0.94344
-1.4395
-1.2793
-0.62067
-0.35934
-0.42479
-1.0617
-1.0694
-1.1417
-1.2799
-1.4693
-1.711
-1.2601
-1.0027
-0.5896
-0.64529
-1.301
-1.8294
-1.8444
-1.4385
-0.8313
-0.37449
-0.52141
-1.1964
-1.4438
-1.5662
-1.4489
-1.1423
-0.58517
-0.55179
-0.46026
-0.50252
-0.44798
-0.54954
-0.79098
-1.3547
-1.485
-1.2128
-0.89566
-0.71742
-0.57785
-1.2881
-1.192
-0.88391
-0.46589
0.19175
-0.064297
-0.62512
-0.86707
-0.89358
-1.0078
-0.19819
-0.26556
-0.48918
-1.5637
-1.9071
-2.118
-1.9683
-1.8852
-0.84354
-0.1144
-0.11479
-0.2073
-0.50832
-0.81109
-1.069
-1.3281
-1.4717
-2.084
-2.6988
-3.2689
-2.2857
-1.5345
-0.11825
0.28427
0.30843
-0.26136
-0.73755
-0.40497
0.26235
0.50141
0.31072
0.11963
0.64658
0.50334
0.69567
0.76826
1.0091
1.2022
0.72188
0.65016
0.93981
0.9405
0.89294
0.62795
0.072513
0.072572
0.024212
0.024233
-0.24256
-0.80127
-0.89935
-0.8517
0.097455
1.2442
1.3924
0.80733
-0.12251
-0.049086
0.31962
0.59117
0.17277
-0.54412
-1.0907
-0.81992
-0.049815
0.79912
1.227
1.331
1.4106
1.5161
2.9408
3.2563
2.7574
1.717
1.2606
1.1108
0.95978
0.91186
0.36639
0.052586
0.15852
0.84961
0.98739
0.96575
0.72823
0.73226
1.1456
1.1797
0.8831
0.91624
0.47493
0.47793
0.79226
1.1107
0.88876
0.72158
0
0.029262
1.0019
2.0476
1.7933
0.87299
-0.72771
-1.3438
-0.33842
0.89873
1.4985
0.25158
-0.38013
-0.67009
-0.61069
-0.097121
0.45649
1.1493
0.42989
-0.36628
-1.4752
-0.9113
0.20385
0.61549
0.65378
1.9734
3.3435
3.7481
2.0078
0.49578
-0.07119
-0.21462
-0.25155
0.072186
0.79731
1.3097
1.4238
1.5382
1.5427
0.62603
0
-0.33278
0.1111
0.1483
1.3357
0.48252
-0.18558
-0.92754
-0.96386
-0.25918
0.62842
0.92224
0.66237
0.29353
0.25599
-0.43718
-0.54418
-1.1556
-0.503
0.71463
1.4919
2.6472
1.6126
0
-0.62175
-0.71957
0.44171
0.63991
0.86763
0.46273
-0.065449
-0.90687
-0.99337
-0.09508
1.3474
1.8584
1.1324
-0.090696
-0.50755
-0.56005
-0.78556
-0.97619
-0.6232
0.22354
1.2677
1.4946
0.83053
-0.29052
-0.31239
0.38486
1.1126
1.6944
1.5714
1.0887
0.23839
-0.21141
0.25461
0.13685
0.26973
0.48736
0.8952
1.3559
1.655
1.8409
2.1661
2.1974
2.1275
1.8416
1.4851
1.3116
0.78073
0.41369
0.20431
0.45876
0.92487
1.0039
0.81541
0.68379
0.26021
0.41205
1.1728
1.717
1.6176
0.99159
0.57342
0.9261
1.4667
1.8075
1.842
1.6873
1.3003
1.1366
0.4489
0.3233
0.30634
0.62504
1.0322
1.2549
1.4161
1.5767
1.5872
1.7924
1.3713
1.0267
0.50519
0.35625
-0.014834
-0.074148
0.25212
0.74184
1.366
2.0513
2.3521
2.2071
1.7187
1.3633
1.2319
1.4165
1.2097
1.0169
0.5638
0.36729
0.38435
0.58705
0.86959
1.7798
1.9626
2.1322
2.0977
1.6313
0.86934
-0.097254
-0.79984
-0.95361
-0.62942
-0.13352
0.28594
0.42383
0.18799
-0.017231
0.33012
0.91115
1.5022
1.8182
1.8162
1.0522
0.42094
-0.38778
-0.87567
-0.62038
-0.15175
0.40195
0.79184
1.1497
1.337
1.0118
0.60045
0.10096
-0.2648
-0.41093
0.16579
0.96139
1.8968
2.295
2.3138
1.7061
1.2189
0.87741
1.1935
1.4028
1.1662
0.79054
0.11371
-0.11448
-0.16132
-0.51021
-1.0034
-1.1267
-0.35411
0.40354
1.5034
1.727
1.398
0.96867
0.3892
0.342
0.049056
0.24622
0.59307
1.5373
1.3433
1.497
1.201
1.4801
1.3831
1.8146
1.3132
0.96144
0.811
0.40611
-0.48291
-0.89061
-0.99341
-0.33143
-0.10205
0.43398
0.79173
1.2519
1.7887
2.1211
1.84
1.5843
1.3796
1.0471
0.63825
0.025519
-0.20404
0
0.45854
1.0437
1.0175
0.55921
0.10159
-0.30453
-0.025356
0.48135
1.3163
1.214
0.75806
0.25247
0.32794
0.88218
1.4859
2.0635
2.5649
2.4626
2.2349
1.2799
0.42637
-0.6016
-0.22549
-0.20035
-0.17523
-0.4004
-0.60044
-0.32517
-0.45017
-0.30009
-0.42512
-0.75025
-1.1755
-1.4259
-2.4772
-2.3278
-2.2285
-1.1273
0.12532
0.92792
1.7065
1.4817
1.4326
0.93071
0.60425
-0.025202
-0.30273
-0.68188
-1.1378
-1.0125
-0.86172
-0.71057
-0.94022
-0.91606
-0.40771
-0.10208
0.33224
-0.051192
-0.7947
-1.6689
-1.4401
-1.0561
-0.2838
-0.31011
-0.1812
-0.51857
-0.25971
-0.20812
-0.20846
-0.65252
-1.3072
-1.126
-1.0491
-1.1034
-1.0262
-1.3176
-1.1085
-0.89868
-0.5294
-0.39761
-0.69014
-0.90369
-1.1178
-1.0925
-1.4406
-1.5758
-1.6844
-1.4988
-0.88404
-0.4022
-0.26835
-0.6714
-0.80624
-0.29581
0.45742
1.6421
1.6967
0.94292
0.45811
-0.24258
-0.53913
-0.59307
-0.08087
0.56603
0.94321
0.56578
-0.18853
-0.86149
-1.3723
-1.1026
-1.29
-2.0411
-1.959
-2.145
-1.4465
-1.2578
-0.88218
-0.74767
-0.50674
0.18646
0.71824
1.4345
2.2813
2.1189
1.0578
0.052806
-0.23723
0.026314
0.13134
-1.0488
-1.3348
-1.4107
-0.62577
0.46841
0.77914
0.31103
-0.36212
-1.6004
-2.4213
-2.776
-1.3337
-0.8446
-1.0726
-0.96834
-0.73738
-0.55816
-0.37972
-0.58095
-1.0333
-0.70411
-0.62728
-1.0765
-1.0742
-0.72283
0
0.57077
0.47048
0.51888
0.56708
0.41825
0.29461
-0.24499
-0.36672
-0.073192
0.073043
-0.48596
-1.164
-1.3311
-1.5217
-1.2054
-0.38498
1.0567
2.2053
2.1773
1.8868
1.5496
1.1423
0.64144
0.07115
0.14206
0.68548
0.89674
0.61257
-0.11762
0.11743
0.68006
1.522
2.2445
2.9183
3.0073
2.4211
1.1391
0.39466
0.092737
0.43992
0.83245
0.57735
-0.069195
-0.50681
-0.57522
-0.55155
-0.52795
-0.75663
-1.3512
-1.9445
-2.6509
-2.4654
-2.0296
-0.77455
0.50068
0.9549
0.40885
-0.045385
-0.20405
-0.090607
0.067896
-0.13568
-0.74561
-1.1965
-1.7596
-2.1866
-2.2075
-1.5532
-0.49489
0.22481
0.38194
0.60625
0.44883
0.2243
-0.067257
-0.56022
-1.0528
-1.4778
-1.5444
-0.64891
-0.11185
-0.022365
0.15653
-0.044716
0.53654
0.84947
0.69299
0.17884
-0.38007
-0.31305
0.17892
0.78296
1.2755
1.3655
0.64942
0.42568
0.089665
-0.044859
0.11222
0.17968
-0.53945
-1.7772
-2.702
-2.6144
-2.0305
-0.76795
0.58794
1.9245
2.5392
1.8843
1.0004
0
0.15965
0.47976
0.93832
0.57319
0.11486
-0.34525
-0.80725
-0.046227
0.67177
1.3466
1.5127
1.493
1.871
2.0165
1.6222
1.2494
0.30732
-0.49786
-0.61822
0
0.93298
1.3919
0.98707
0.72461
0.94513
1.7265
2.0496
1.5916
0.90922
0.41926
0.69309
1.2174
1.222
1.1015
0.90468
1.6146
2.2034
2.1867
1.2764
0.69201
0.8492
1.3177
1.5306
1.2503
0.52308
0
0.29005
0.84722
1.0899
0.98757
0.99156
1.0225
0.29716
-0.46106
-1.1708
-1.066
-0.54878
0.33052
1.0229
1.0822
0.94686
0.083843
-0.81331
-0.95679
-0.79057
-0.96309
-0.85246
-0.74106
-0.45739
-0.37269
-0.086241
-0.54763
-0.86686
-0.31861
0.6677
1.2801
1.1661
0.58412
0.43885
0.61537
0.029346
-0.88151
-1.6768
-1.7079
-1.4441
-1.445
-2.4195
-2.8926
-2.9226
-2.2141
-1.9481
-0.70818
-0.67834
-0.64842
-0.58898
-0.912
-0.58769
-0.96839
-0.90832
-0.84829
-1.1971
-0.61191
-0.14537
0.52212
0.95483
0.75029
-0.28776
-1.4059
-2.2596
-1.9671
-0.96601
0.19818
1.5232
1.658
0.58782
-0.33455
-0.66632
-0.19352
0.055051
0.57547
0
0.10861
-0.48646
-0.72621
-0.58886
-0.34626
-0.079512
-0.29009
-0.94461
-0.8093
-0.33766
-0.25841
-0.53989
-0.7929
-1.0688
-0.65824
-0.30226
0.55133
1.2218
1.5382
1.7775
1.4003
0.7823
0.51093
-0.3148
-0.57848
-0.7438
0.07166
0.57077
0.56834
0.82538
0.70461
0.8656
0.60594
0.90557
1.5271
2.2597
2.597
2.2453
1.8731
1.435
0.97683
0.72512
0.90426
1.0151
0.65284
0.04494
-0.53837
-0.94074
-1.2974
-0.91606
0.22321
1.5835
2.2736
2.3617
2.1161
1.1359
0.6237
0.13369
0.40125
0.22306
0.55811
0.73744
0.9844
1.5234
2.311
2.2924
1.8688
0.8122
0.49742
-0.09065
0.22719
-0.22778
0.13705
-0.38944
-0.66637
-0.99122
-1.2952
-1.0443
-0.67543
-0.46753
0.11733
0.35335
0.070953
-0.68869
-1.3116
-1.2214
-0.69755
-0.38656
-0.16988
-0.17066
-0.73476
-0.44291
-0.37083
0.2484
-0.074875
-0.15047
-1.0332
-0.86095
-0.66158
0.28126
1.1305
1.3426
2.1533
2.2158
2.1741
1.4739
0.87265
-0.026568
-0.82746
-0.91172
-1.1044
-1.38
-1.6036
-2.02
-2.0561
-1.294
0
0.83273
0.97538
0.16786
-0.47741
-1.2402
-1.0467
-1.022
-0.96849
-0.91453
-0.34405
0.23007
0.49036
0.57856
0.43512
0.3781
-0.75812
-1.6661
-1.582
-1.8791
-1.2652
-1.4151
-1.4177
-2.1007
-2.4894
-1.7512
-1.2484
-0.77383
-0.77476
-0.59663
-0.059722
0.7472
0.47859
-0.41905
-1.198
-0.74914
0
0.56977
0.35994
-0.33
-0.090006
-0.15001
0.47999
0.65987
0.56976
0.98928
1.3485
1.3779
1.5269
2.3041
1.8541
1.3747
0.41809
0.17904
0.47706
0.71498
0.4167
-0.80288
-1.8121
-1.8697
-1.1266
-0.35538
0.38457
0.70918
0.61982
0.61909
-0.50058
-1.5293
-2.1443
-1.7309
-0.2344
0.49748
0.81833
0.58376
-0.02915
-0.46579
-0.52333
-0.63878
-0.17398
-0.028958
0.49163
0.75089
0.89409
1.1809
1.8697
1.8097
2.2949
2.4064
2.0026
1.5999
0.45649
0
-0.34143
-0.22731
0.90799
1.9552
2.4618
2.7975
2.2575
1.409
0.47838
0.084302
-0.028061
0.28022
0.69956
1.2854
1.5626
2.0062
1.9198
1.4169
0.61035
0.19392
0.13831
0.13811
0.35855
0.24786
0.027499
0.027458
0.38384
0.82128
0.79271
0.70963
0.6268
0.73469
0.24453
0.54256
0.027087
0.10818
-0.45908
-0.35053
-0.29615
-0.053764
-0.67104
-1.2329
-1.793
-1.5766
-0.72044
0.26644
0.50551
0.45166
0.53062
0.15897
0.026459
-0.29066
-0.71251
-0.79067
-0.47382
-0.57841
-0.36765
-0.078692
0.28822
0.99463
1.3597
1.3061
0.67857
-0.28684
-1.407
-1.9006
-2.3155
-2.236
-2.0528
-2.0258
-1.4538
-1.3234
-1.4786
-1.6857
-1.3483
-0.41482
-0.025925
0.077777
-0.41485
-0.77798
-1.2191
-1.9201
-2.2583
-1.8958
-1.4551
-0.65
-0.26018
-0.49472
-1.1727
-1.3824
-1.6188
-1.4375
-1.413
-1.3099
-0.65577
-0.26266
-0.42083
-1.0009
-1.6619
-1.4531
-0.6351
0.53013
1.0355
1.2235
0.61282
0.347
0.66853
1.152
1.53
1.3177
0.67358
-0.13497
-0.64911
-0.92133
-1.276
-1.8496
-1.5806
-0.35491
0.73846
1.4795
1.5918
1.3196
1.0739
0.91009
0.85621
0.58083
0.33234
0.16638
0.24986
0.22233
0.58417
0.89091
1.4766
1.7563
1.4224
0.64172
0.13953
-0.11163
-0.44649
-0.50219
-0.61354
0.22298
0.11141
-0.89049
-1.7513
-2.2211
-1.9684
-1.4116
-0.02763
0.74453
1.3758
0.85096
-0.19166
-0.98298
-1.3612
-0.65134
-0.43278
-0.86251
-0.96671
-1.2304
-0.82579
-0.58353
-0.052811
-0.36795
-0.88927
-1.145
-0.75077
-0.82399
-0.97308
-1.324
-1.8985
-1.9123
-1.7505
-1.9135
-1.7037
-1.4473
-0.75537
-0.072606
0.64897
0.78767
0.49771
0.25885
-0.21026
-0.18554
-0.6907
-1.1427
-1.3157
-1.5536
-1.4527
-0.33274
0.41833
0.93972
0.84598
0.88279
1.2183
1.8671
2.2959
2.5095
2.0349
1.1959
0.71664
0.61008
0.68678
0.88293
0.73767
0.81225
1.2798
1.3112
1.0117
0.44494
0.28858
-0.019137
-0.39981
-0.68201
-0.96163
-0.76959
-0.76629
-0.46536
-0.64901
-0.73906
-0.6261
-0.29372
-0.21966
-0.09129
-0.30966
-0.56351
-0.72581
-0.924
-0.85046
-0.9581
-0.93937
-1.1196
-1.5708
-1.9502
-1.5717
-1.157
-0.68768
-0.56173
-0.853
-1.2182
-1.5306
-1.5526
-0.91576
-0.91849
-0.95834
-1.4796
-1.6708
-1.9572
-2.0031
-2.031
-2.1542
-1.7852
-1.7374
-1.7662
-1.9308
-1.7286
-0.87939
-0.09833
0.43548
0.15942
-0.50162
-1.374
-1.3839
-1.1275
-0.41305
-0.062426
-0.23065
-0.76068
-1.1286
-0.77264
-0.60569
-0.56689
-0.72524
-1.1962
-1.2726
-1.0577
-0.92988
-1.4171
-2.3493
-3.1098
-2.2446
-1.3426
-0.73544
-0.59728
-1.0825
-1.3077
-1.5355
-1.2262
-0.61679
-0.049626
0.24948
-0.20062
-0.075598
0.050627
0.10168
-0.20415
-0.12804
0.46239
1.0304
1.0328
0.23284
-0.28502
-1.2451
-1.22
-0.98667
-0.51921
-0.93398
-1.529
-2.3288
-2.1434
-1.0562
-0.28254
0.33277
-0.22949
-0.15234
0.050536
0.42731
0.7748
0.47197
-0.29613
-1.2007
-1.2891
-1.4962
-1.5557
-1.6134
-1.5518
-1.3044
-0.80727
-0.25115
-0.18075
-0.29056
-0.77364
-0.80858
-0.49679
-0.19209
0.12651
0.22908
0.14395
0.10152
0.20042
0.33629
0.39043
0.32747
-0.076023
-0.63752
-0.8694
-0.67518
-0.41403
-0.1243
-0.14014
-0.15553
-0.32394
-0.13458
0.24898
0.76988
0.95384
0.95748
0.91376
0.52891
-0.046089
-0.65253
-1.0645
-0.94822
-0.79081
-0.97008
-1.6466
-2.2379
-2.5087
-2.7326
-2.6917
-2.761
-3.0047
-2.9509
-2.7797
-2.3496
-1.8751
-1.5506
-1.2442
-1.1592
-1.0883
-0.95577
-0.35007
0.23625
0.91547
0.93581
0.57623
0.048849
0.048677
0.40033
0.71379
0.7242
0.32526
-0.072169
-0.22828
-0.012006
0.42006
0.67214
0.91262
1.0937
1.2876
1.6755
1.5944
1.3804
1.0321
1.072
1.027
0.99431
0.59181
0.45836
0.6724
0.70116
0.74307
0.67167
0.51027
0.64228
0.80225
1.0692
1.1434
1.312
1.35
1.3621
1.4156
1.6215
1.8179
1.9484
1.6571
1.1022
0.66568
0.52679
1.0656
1.4673
1.6362
1.6866
1.521
1.5398
1.7024
1.9174
1.8442
1.2068
0.75367
0.47513
0.2923
0.453
0.19421
0.25049
0.47144
0.6064
0.52141
0.26419
0.40156
0.75562
1.1974
1.0739
0.84603
0.34683
0.26858
0.3556
0.61409
0.943
0.4988
0.26328
-0.31067
-0.96484
-1.0661
-0.64184
-0.60213
-0.72509
0.023616
0.85809
1.6594
2.2073
2.6901
2.2922
1.2912
0.4251
0.1762
1.1398
1.6304
1.4342
0.74637
0
-0.18169
-0.54704
-0.57488
-0.62882
-0.18381
0.15783
0.71116
0.81722
1.1604
1.4768
1.9768
2.2119
1.8144
1.3124
1.0737
1.1492
0.91132
0.70055
0.69781
0.6948
0.71716
0.68804
-0.10138
-0.73073
-0.60103
0.22393
0.6178
0.19629
-0.073065
-0.29001
0.023975
0.66579
1.061
1.0284
1.2277
1.6525
2.2283
1.9369
1.5613
0.77301
0.52479
0.43292
0.53565
0.42412
0.37776
0.62304
0.67818
0.56938
0.22133
0.099544
0.11819
0.33136
0.7329
0.83974
0.77434
0.57941
0.31448
0.09155
0.45313
1.1305
1.7589
1.988
1.8121
1.8466
1.6584
1.5585
1.3094
1.3977
1.5836
1.7501
2.1735
2.0594
1.8038
1.2831
0.53457
0.046828
-0.124
-0.12316
0.24472
0.24317
0.2417
0.090111
0.044804
0.28225
0.51729
0.57363
0.90774
1.2974
1.7857
1.7355
1.3402
1.2209
1.0596
1.1566
1.1963
0.80989
0.96418
1.5285
1.9218
2.0038
1.6774
1.521
1.6749
1.5476
1.8146
1.9694
1.8855
1.4218
0.76071
0.0564
-0.15527
0.042402
0.39635
0.86495
1.1933
1.5374
1.8548
2.2025
2.1939
1.711
1.1825
0.83893
0.92868
0.94634
0.94963
0.79177
0.41208
0.20683
-0.07416
0.13403
0
-0.22527
-0.12066
-0.25754
-0.56306
-0.85609
-1.0597
-0.92581
-0.74416
-0.54522
-0.87657
-0.95949
-1.2645
-1.3184
-1.1653
-0.70588
0.11286
0.5185
0.43967
-0.19639
-0.60856
-0.80995
-0.96349
-0.78464
-0.68786
-1.1296
-1.2538
-1.2769
-0.54746
0.65325
1.5719
2.0653
1.8833
1.717
0.86249
-0.12378
-0.37306
-0.8923
-0.59158
-0.64826
-1.0129
-1.3626
-1.5693
-1.5212
-1.2148
-1.2386
-1.3738
-1.0441
-0.28084
0.52645
1.2272
1.2324
1.2756
1.0897
1.2478
1.2144
0.96776
0.54418
0.27322
-0.33313
-0.59032
-0.53349
-0.21825
0.47818
1.2205
1.6275
1.7958
1.8643
1.9333
1.1446
0.20528
-0.10309
-0.12426
0.08321
-0.22986
-0.12595
1.1598
1.822
1.8731
1.3046
0.83806
1.1876
1.4104
1.1993
0.65742
0.68276
0.92973
1.157
1.6774
1.956
2.2375
2.0676
1.9188
1.7225
1.3162
0.9055
0.72373
0.44604
0.56657
0.61723
0.57297
0.072027
0.14487
0.50995
0.4396
0.14737
0.098812
0.39752
0.64968
0.92985
1.2638
1.6269
1.6106
1.8255
1.991
2.1583
2.092
1.2096
0.47597
-0.53178
-0.58817
-0.10752
0.054052
0.73361
0.60093
0.79629
1.0212
1.3594
1.3384
0.75662
0.3661
-0.19809
-0.5687
-1.3428
-1.3777
-0.92272
-0.57931
-0.26185
-0.20456
0.44022
1.061
0.88787
0.26745
-0.62657
-0.659
-0.69164
-0.6641
-0.909
-1.0644
-1.4346
-1.2865
-0.52258
0.27762
1.1143
1.4286
1.9942
1.6882
0.90955
0.28318
0.12626
0.28497
0.44467
0.44605
0.41546
1.0899
1.7684
1.9028
1.1645
1.0383
1.5296
1.5668
1.4406
0.3284
0.03294
-0.39648
-0.66283
-0.56514
-0.066693
0.4683
0.63755
-0.40393
-0.97927
-1.4567
0.10196
1.057
2.0182
2.6427
2.3071
2.2457
1.04
0.69566
-0.69803
-0.45527
-0.1757
-0.17631
0
1.0297
1.3895
2.2166
1.7937
1.4039
0.75852
-0.18121
-0.36365
0.14595
0.29285
0.18363
-0.70003
-1.3675
-1.7425
-1.5618
-1.4546
-1.0099
-0.90017
-0.33847
-0.7541
-0.52918
0.79563
0.91133
0.87519
0.26689
0.34376
0.84171
0
-1.036
-1.767
-1.4227
-0.61573
0.5776
1.1172
0.84769
0.26972
-0.42377
-1.5403
-1.6933
-1.3458
-0.49932
0.30687
0.6128
0.038232
-1.1446
-1.1801
-0.94933
-0.4923
0.33981
1.7312
1.9503
1.1958
-0.26054
-1.0379
-1.3654
-0.4408
-0.25589
-1.0548
-2.1347
-1.9431
-1.3954
-0.88925
-1.4496
-1.6162
-0.73313
-0.20809
0.82678
1.1632
1.1891
0.7421
-0.50231
-1.4294
-1.5177
-0.55667
0.71492
1.2899
1.0879
0.38099
-0.72454
-0.75013
-0.40314
-0.33845
-0.18317
0.09087
0.21039
0.59648
-0.059193
0.23498
0.4956
0.72345
0.25855
-0.19965
-0.19825
0.16875
0.44697
0.16651
-0.35845
-0.19181
-0.35405
-0.40612
-1.023
-1.3387
-1.6779
-1.855
-1.7142
-1.1288
-0.3398
0.46858
0.67426
0.1292
-0.95295
-1.9258
-2.6631
-2.733
-2.5486
-1.9586
-1.0158
0.076076
1.6212
2.9359
3.2884
3.2875
2.6048
1.7201
1.0883
0.73459
0.35502
-0.27932
-0.40693
-0.30577
-0.15321
0.12797
0.35926
1.0294
1.239
1.243
0.83158
0.5999
0.1571
0.07887
-0.39602
-1.1402
-1.7315
-1.2311
-0.59165
-0.43242
-0.24447
-0.13652
0.68621
1.5729
2.4415
2.2317
1.4867
0.67694
0.14181
-0.11408
0.11472
0.40373
0.46394
0.20408
0.20518
0.70723
1.2441
1.6376
1.5561
1.4134
0.87629
0.94108
0.64037
0.85753
0.30754
0.30876
-0.55787
-0.80871
-0.56176
-1.0958
-1.0676
-0.85007
0
0.37958
0
-0.12699
-0.12717
0.095493
0.57348
0.92454
0.76543
0.66981
0.28701
-0.31876
-0.76447
-0.57278
0.31781
0.72984
0.8869
0.3161
-0.28383
0.18873
0.031366
0.18762
-0.49865
-1.0559
-0.86625
-0.86279
-1.166
-1.6496
-2.0069
-1.8762
-1.6561
-1.6775
-1.46
-0.94825
-0.38306
-0.64453
-1.1941
-1.3896
-0.89197
-0.82925
-1.847
-2.1458
-2.2442
-2.0067
-1.9105
-1.3753
-1.1203
-0.54288
-0.13482
-0.29463
-0.61196
-0.47576
-0.13128
0.10434
-0.3628
-0.61792
-0.86976
-0.58462
-0.050517
0.35141
0.049894
-0.81825
-1.6514
-1.8132
-1.5835
-1.5018
-1.373
-1.2697
-0.71487
-0.28445
-0.11792
-0.58666
-0.51375
-0.65078
-1.0179
-1.451
-1.1466
-1.0504
-1.0689
-1.5177
-1.3766
-1.2141
-1.053
-1.0047
-1.1349
-1.2866
-1.15
-0.48512
-0.83558
-1.2719
-1.9468
-2.0948
-1.5021
-1.1729
-0.97537
-0.99503
-1.0579
-1.2284
-1.4629
-1.2243
-0.64336
-0.1499
-0.10693
-0.5553
-1.0666
-1.4703
-1.4048
-0.44656
0.12747
0.55189
0.48782
0.61463
0.74128
0.59264
0.35961
-0.021142
-0.44375
-0.82372
-0.97115
-1.2029
-1.6877
-1.8347
-2.1293
-2.2552
-2.0861
-1.8328
-1.4112
-0.56857
-0.42109
0.042103
0
0.10523
-0.063132
-0.021042
0.063122
0.46287
0.23143
-0.14727
-0.35765
-0.35765
-0.44181
-0.14728
0.27353
0.33668
-0.54715
-1.7469
-2.3155
-2.5053
-1.495
-0.77925
-0.25279
-0.23178
-0.21077
0.31624
1.2232
1.7089
1.5196
1.0346
0.73933
0.97216
1.7761
1.6502
1.2913
0.72016
0.084779
0.16967
0.46693
0.87084
1.0203
0.95731
0.63874
0.66061
0.29861
0.1281
-0.55561
-1.4332
-1.9485
-1.822
-1.6522
-1.5037
-1.2258
-0.73197
-0.40951
-0.15104
-0.25923
-0.88674
-1.6023
-1.8644
-1.7146
-1.282
-0.82667
-0.58805
-0.65414
-0.6767
-0.56818
-0.80945
-1.4673
-2.1923
-2.3481
-2.2405
-1.6929
-1.0563
-0.8149
-0.6833
-0.63969
-0.022074
0.61846
1.3039
1.2604
0.75216
-0.2877
-1.3062
-1.7051
-1.9491
-1.8385
-1.3956
-0.84176
-0.26579
0.37647
0.66419
0.46478
0.022124
-0.13268
-0.48621
-0.26504
0.11036
0.17643
-0.24239
-1.1448
-1.9575
-2.1312
-1.4924
-0.28498
0.45979
0.10933
-0.32757
-0.19627
0.58798
1.283
1.3679
0.95392
0.51951
0.43225
0.36683
0.086174
-0.21509
-0.23622
-0.17152
0
0
0.38408
0.51131
0.78706
0.99829
0.912
1.2072
1.7343
2.4713
2.3627
2.1281
1.8731
1.4507
1.1552
0.73446
0.52418
0.48189
0.69096
0.9417
1.4433
1.2546
0.62715
0.12541
-0.29262
-0.25084
0.16726
0.29279
0.58583
0.56522
0.54465
-0.083857
0.23082
0.96622
2.1029
2.4635
2.5513
1.5837
0.74027
-0.44494
-0.3184
0.25522
1.1295
1.9436
1.5841
0.79395
0.32267
1.0568
1.6867
2.4719
2.6311
2.0935
1.3998
0.72399
0.57219
0.6623
0.73088
1.1554
1.3376
1.3197
1.2344
0.85572
1.1524
1.3377
1.5926
1.7578
1.3973
2.1146
2.3986
2.5687
1.5789
0.81536
0.39733
0.28138
0.91741
1.1563
1.3966
1.1871
0.78583
-0.21494
-0.76641
-0.7205
0.12041
0.57947
0.50832
0.50958
0.65673
0.70701
0.70858
-0.024486
-0.5398
-1.0571
-0.88674
-0.88835
-0.34607
-0.1238
0.0992
-0.24838
-0.47261
-0.52309
0.22448
0.99896
1.6503
1.6272
1.0777
0.37636
-0.20094
-0.72917
-0.88094
-0.68027
-0.22698
-0.47967
-1.1372
-1.619
-1.3421
-0.9126
-0.30453
-0.025406
0.33067
0.71308
1.071
0.74048
0.2557
0.20486
-0.12824
0.10276
-0.10294
0.28361
0.25833
-0.12943
-0.77827
-1.4561
-1.5378
-1.6201
-1.2838
-1.1824
-1.2912
-1.9825
-3.0231
-3.2994
-2.7235
-1.6347
-1.6679
-1.9985
-2.2779
-2.451
-2.1882
-1.5387
-0.60732
-0.30512
-0.47389
-1.2608
-1.3518
-1.0759
-0.4555
0.028628
0.51825
0.66607
1.2236
1.231
1.504
1.4541
1.7919
1.8936
2.1783
1.9491
1.073
-0.18519
-1.0254
-1.2827
-1.2285
-0.44404
0.031936
0.73958
0.16188
0.1304
0.42668
0.62784
0.53227
0.46885
0.70792
0.57682
1.1952
0.5842
-0.13831
-0.97408
-0.97987
-0.66877
-0.46016
-0.56945
-0.8587
-0.35962
-0.036138
-0.18154
-0.51059
-0.9889
-0.36773
-0.2953
-0.037043
0.29731
0.82007
0.97183
0.41217
0.30041
0.18811
0.37683
0.79236
1.6619
2.0032
2.4577
2.9494
2.7597
2.5693
1.0193
-0.11312
-1.0919
-1.4282
-0.78762
-0.18708
0.44777
0.14881
-0.25955
-0.70195
-1.3616
-1.0261
-0.47429
0.25418
0.7226
0.50316
0.035742
-0.10661
-0.81244
-0.9829
-1.151
0.58897
1.8924
2.1524
1.3906
0.80799
0.70163
0.72936
0.49338
-0.35891
-1.3592
-1.7653
-1.3686
-0.94679
-0.97002
-0.62044
-0.33829
0
1.239
1.7374
2.316
2.5311
3.1215
3.3255
2.9811
1.6196
0.39436
-0.75399
-1.1075
-1.0432
-1.0072
-1.5117
-1.7402
-1.4605
-0.57953
0.31362
0.62236
0.69482
0.53636
0.17748
0.050343
0.024994
0
-0.17259
-0.78385
-0.77888
-0.21771
0.31259
0.28688
0
0.28373
0.82327
0.84257
0.88513
0.76515
1.4544
1.7012
2.0839
1.6883
1.7051
1.9488
1.8299
1.0588
0.83131
0.96379
1.7668
1.8973
1.4037
0.4672
-0.15553
-0.28852
-0.55435
-0.53181
-0.48726
0.022142
0.17713
0.24358
0.15506
0.37677
0.62102
0.88798
1.3557
1.5577
1.6491
1.5848
1.2299
0.87383
0.20208
-0.15754
-0.15792
0.20357
0.77116
0.90986
0.66164
0.20598
0.41331
1.2211
1.8727
1.9259
2.2358
2.0339
1.8776
1.1782
0.35488
0.07127
0.095426
0.071875
-0.8181
-0.99083
-1.1408
-1.1703
-1.1755
-1.0578
-0.27182
0.62056
1.5709
1.9036
2.2896
1.5164
0.83775
-0.28049
-1.3574
-1.7749
-1.6534
-1.0638
-0.67742
-0.2093
-0.23643
-0.44838
-0.45014
-0.42529
-0.10672
0
0.080619
-0.026966
-0.70346
-1.1943
-1.3886
-1.0378
-0.27388
-0.10985
-0.57821
-1.4629
-1.7983
-1.5804
-0.61122
0.13918
1.0875
1.173
0.86702
0.28004
0.58876
0.75771
1.3201
2.3046
2.3901
2.194
1.6318
1.0973
0.084395
-0.56248
-0.7309
-0.47762
-0.028075
0.25245
0.50438
0.50379
1.0063
1.256
1.6163
1.7248
1.8049
1.6905
0.88499
0.24835
0.30284
0.90633
1.4519
1.8033
0.81748
-0.35325
-1.138
-0.94551
-0.37706
0.1074
0.24088
0.34682
0.34569
-0.10601
-0.26415
-0.13163
0.052472
0.75825
0.65142
0.36354
-0.12939
-0.4642
-0.051401
0.076839
0.66368
0.78866
1.0142
1.3395
1.4611
1.13
1.1014
1.7219
2.1646
2.5056
2.4243
2.3436
1.3778
0.41717
-0.39166
-0.70819
-0.60911
-0.85091
-0.72785
-1.2107
-1.7886
-1.858
-1.2528
-0.12029
0.98506
1.2719
0.5274
0.11976
0.4308
1.0763
1.2432
0.57359
-0.66907
-1.8399
-2.2702
-1.9362
-0.93261
-0.16748
0.28732
0.52719
0.31183
0.45627
0.76943
0.81867
1.037
1.232
1.573
1.6731
1.6765
1.9724
1.8306
1.468
1.0302
0.63945
0.39459
0.22259
0.074416
0.24881
0.32446
0.7762
1.0048
0.5041
-0.40465
-1.0405
-1.1715
-0.56228
-0.46171
-0.84954
-2.067
-2.9304
-2.6549
-1.3062
-0.41953
0.13158
-0.23772
-0.74227
-0.85137
-0.66751
-0.48231
-0.18822
-0.10792
0.46021
0.08148
-0.38147
-1.0387
-1.7272
-1.8423
-1.5718
-1.6314
-1.1921
-1.2229
-0.80795
-0.89355
-0.83949
-0.5047
-1.236
-1.8572
-2.0292
-1.3265
-0.73471
-0.28289
0.45305
1.0485
1.7297
1.7304
1.4188
0.96487
0.90806
0.59578
0.056718
-0.22674
-0.56645
-0.8489
-0.81973
-0.76225
-0.33831
-0.028148
0.0281
-0.056094
-0.5878
-1.4244
-1.6161
-1.6677
-1.4971
-1.4653
-1.1027
-0.49473
-0.054799
0.054621
0.054438
-0.13563
-0.27028
0.21544
0.61706
0.93541
0.7454
1.0606
1.2676
1.0783
0.89043
0.80843
1.1685
2.2494
3.1149
2.7424
2.5773
2.2102
1.5934
1.0576
0.42617
0.52412
0.81998
0.54425
0.14778
-0.58855
-0.63483
-0.58348
0.12104
0.43391
0.96023
1.1953
1.3095
1.3991
1.0393
0.8235
0.28126
0.46701
0.34897
0.44043
0.16169
0.29925
0.52765
0.61737
0.52422
0.84067
1.3591
1.6261
1.9367
2.1109
2.1052
2.1891
1.2923
0.46676
-0.1774
0.28762
0.57398
0.77104
0.4617
-0.37303
-0.56947
-0.83083
-0.63299
-1.155
-1.6101
-1.9337
-1.5405
-0.97509
-0.32463
0.7782
1.4467
1.704
1.6593
0.86117
0.1936
-0.21494
-0.45103
-0.55802
0.60056
