1.0437
1.1733
1.0839
0.84464
0.62675
0.53164
1.0232
1.5001
1.91
1.7213
1.4747
1.1679
1.0183
1.339
1.6119
1.7203
1.657
1.5326
1.3445
1.3626
1.5954
1.274
0.78638
0
-0.1287
-0.097526
0.65636
1.324
1.2675
0.33578
-0.47273
-0.44096
0.034036
1.0575
1.5369
1.2636
0.54582
0.034038
0.54283
0.9121
1.1426
0.93517
0.46434
0.16457
0.35904
0.7441
0.83337
0.66666
0.31434
0.18674
0.2157
0.48821
0.30222
-0.6288
-1.5731
-2.1488
-1.9281
-1.1605
-0.28839
-0.028691
-0.80005
-2.0509
-2.6724
-2.6135
-1.961
-1.1387
-1.1992
-1.8926
-2.5665
-2.5264
-1.8739
-1.0347
-0.2391
0.09076
-0.18397
-0.62226
-0.56893
-0.064288
0.78534
1.6338
1.6662
0.97169
0.21264
0.5432
0.66634
0.94635
1.1615
0.98998
0.648
0.45555
0.71968
0.95162
1.2368
0.90148
0.27575
-0.51497
-0.095278
1.3074
2.163
1.9438
0.65602
-1.0714
-1.7513
-1.4538
-0.052261
0.68276
1.1067
1.1088
0.68672
0.15831
0.10529
0.68181
1.3568
1.1928
0.72077
0.35739
-0.25293
-0.80124
-0.24769
0.24488
0.58073
-0.0478
-0.75517
-1.6308
-1.7938
-0.54481
0.58264
0.92928
0.43702
-0.38857
-1.4081
-1.8141
-1.8363
-1.8588
-1.8
-1.5811
-1.2864
-1.436
-1.5051
-0.86578
-0.19564
0.58392
1.3176
2.1233
2.2702
2.0337
1.5697
0.87902
0.34349
0.26689
0.80011
0.76166
1.1041
1.0659
0.64714
0.076132
-0.30452
-0.38059
-0.60879
-0.68459
-0.41808
-0.075945
0.22756
0.4923
0.64257
0.49029
0.30094
0.18754
0.74767
1.2664
1.9292
2.1056
1.8018
1.0979
0.54618
0.32601
0.39635
1.2902
1.8179
1.4537
0.70538
0.14035
0.17458
0.79932
1.5225
1.4474
0.89278
0.2396
0.40963
0.98776
1.2922
1.087
-0.03395
-1.6637
-2.6502
-2.5856
-1.7384
-0.41004
0.23992
-0.068797
-1.3125
-2.0126
-1.2555
0.17533
1.7282
2.5903
2.4282
1.6533
0.7959
0.36417
-0.21994
-0.55341
-0.37126
0
0
-0.075527
-0.22768
-0.57168
-0.57383
-0.307
0
-0.15413
-0.84854
-1.7745
-2.5443
-2.3865
-1.4592
-0.57416
-0.076244
-0.22761
-0.37719
-0.56211
-0.33482
-0.14762
-0.29268
-0.61615
-0.39474
0.42613
1.3347
1.6668
1.4414
0.71209
-0.20097
-0.099241
0.55534
1.7742
2.612
2.5795
1.7399
0.64454
0.57621
0.98915
1.6892
1.788
1.0441
-0.11483
-1.3931
-1.6339
-1.1729
-0.083102
0.93471
1.2012
0.43398
-0.37752
-0.40237
0.56069
1.7284
2.1464
1.8496
0.89632
0.28949
0.47316
0.97203
1.3923
1.2878
0.78927
-0.18444
-0.76566
-0.63522
-0.079637
0.58599
0.80214
0.80554
0.40464
0.29823
0.32709
0.41121
0.41371
0.80493
1.2853
1.463
1.5869
1.4845
1.2945
0.89876
1.0521
1.4731
1.7527
1.8872
1.45
1.1272
0.98314
1.3633
1.6872
1.8274
1.7154
1.4731
0.87153
0.29275
0.55712
1.1223
1.8279
1.773
1.0771
0.10155
-0.23821
0.61549
1.3393
1.4133
0.93371
0.27739
-0.41693
-0.69589
-0.24377
0.24382
0.13926
-0.48692
-0.76388
-1.0046
-0.58724
-0.30982
-0.68573
-0.75087
-0.47542
0.50656
1.1078
1.4343
1.0271
-0.13159
-1.4696
-1.7825
-0.51454
0.92523
1.8673
1.5069
-0.031141
-1.699
-2.2983
-1.6418
-0.45253
0.56889
0.41612
-0.73782
-2.0225
-2.3006
-1.1288
0.48916
1.5167
1.566
0.85018
-0.3104
-0.53408
0
0.83786
1.6436
1.9736
1.665
0.80374
0.41538
0.27682
0.58134
0.8032
0.85939
0.66624
0.61181
1.2264
1.7606
2.0464
1.6316
1.0168
0.14184
-0.34209
-0.20061
0.28825
0.6961
0.75917
0.14704
-0.56302
-0.71695
0.030129
0.97287
1.596
1.5809
1.5035
1.2349
1.281
1.4905
1.7383
1.5609
1.6484
1.7726
1.4513
1.2262
1.208
1.1533
0.73126
-0.14839
-0.97866
-1.6805
-1.6275
-1.0614
0.19937
1.4556
2.1725
1.8277
0.58909
-0.12781
0.12933
0.56675
0.44059
0.66743
0.1347
-0.13582
-0.27367
-0.04591
-0.046168
-0.46384
-1.0242
-1.2604
-0.98196
0
1.4034
1.495
0.839
0.18584
-0.60144
-0.36822
0.77777
2.0447
2.2995
1.8777
1.2403
0.87714
0.8679
0.98697
1.1451
0.41893
-0.24818
-0.8165
-0.36251
0.75482
1.802
2.2399
0.87555
-0.63782
-1.4051
-1.0203
0.28728
1.3095
1.6395
0.65334
-0.74584
-1.5712
-1.3189
-0.48792
0.41728
0.85545
0.50053
0.092694
-0.15264
0
0.5668
1.5933
2.0728
1.5315
0.65811
0.28343
0.67408
1.3921
1.9052
1.2874
0.027185
-1.2684
-1.7689
-1.3313
-0.39692
0.76284
1.2556
0.93668
0.36243
0.23188
0.53862
0.9705
1.7551
1.8498
1.2624
0.17613
-0.70225
-0.87513
-0.34903
0.57183
1.4878
2.0531
2.3443
2.1914
1.425
0.51491
-0.097888
-0.51297
-0.68276
-0.55991
-0.19445
-0.14562
0.36355
0.79877
1.378
1.5214
1.4475
1.7355
1.7342
1.709
1.4435
0.98606
0.36068
-0.31258
-0.84168
-1.2028
-0.77019
-0.024086
0.86795
1.2311
1.1604
0.70226
-0.097057
-0.53503
-0.65833
-0.34234
0.14719
0.86164
1.3345
1.5883
1.5705
1.5531
1.536
1.4179
1.7062
1.7423
1.6504
1.3758
1.1763
0.94778
0.66304
0.50771
0.16156
-0.13569
-0.54702
-0.85458
-1.3614
-1.9041
-1.9188
-1.8196
-1.1743
-0.69227
-0.3485
-0.58459
-0.8528
-0.88718
-0.98093
-1.1647
-1.4093
-1.3239
-1.1164
-0.57455
-0.42399
-0.3334
-0.18187
0.4241
1.2403
1.3887
1.0537
0.60002
0.41827
0.47572
0.65056
0.64664
-0.146
-1.0147
-1.6113
-1.5984
-1.2737
-0.86983
-0.86205
-1.4053
-1.829
-1.5955
-0.80362
0.079607
0.70979
0.46885
-0.51626
-1.612
-2.0296
-1.686
-0.77406
0.14872
0.24617
-0.4403
-1.4348
-1.8144
-1.3966
-0.59956
0.40633
0.66743
0.2141
-0.78397
-1.7569
-2.2556
-2.2099
-1.6183
-1.1687
-0.59803
-0.024008
0.86803
1.3813
1.5353
1.447
0.93841
0.2737
-0.35118
-0.83499
-1.2768
-1.4181
-1.4586
-1.3161
-1.0379
-0.61902
-0.10891
-0.27552
-0.33464
-0.14115
0.3144
0.4341
-0.029304
-1.1275
-2.3734
-2.8287
-2.34
-1.5269
-1.1666
-0.98866
-0.70949
-0.42379
0.42821
0.96477
1.1755
1.1522
1.1619
1.3089
1.0756
0.69861
0.38659
0.42405
0.49714
0.99851
1.1095
0.68207
-0.035984
-0.75702
-1.2271
-1.4807
-1.0474
-0.46934
-0.54104
-0.90047
-1.6538
-2.0446
-1.6457
-0.39234
0.78206
1.2397
1.0584
0.56213
-0.13992
-0.31337
0.17326
0.55172
0.34309
-0.47785
-1.0185
-1.4856
-1.0408
0.30044
1.9912
3.167
3.2462
2.4442
0.71249
-0.5149
-0.86331
-0.41296
0.31555
0.56417
0.56029
-0.34001
-1.1355
-1.5233
-1.2399
-0.39015
0.26802
0.47271
-0.23445
-1.308
-1.5853
-0.94306
0.25497
1.3198
1.308
0.30337
-0.71052
-1.2997
-1.1535
-0.87704
-0.07899
0.31303
0.18091
-0.33289
-0.81195
-0.90522
-0.44859
0.66702
1.6411
2.186
1.855
0.90823
-0.56923
-1.7657
-1.8232
-1.3
-0.85333
-1.0313
-1.7314
-2.4011
-2.3882
-1.3897
-0.28998
0.35526
0.44214
0.50637
0.61404
1.289
2.0247
2.2781
1.9895
1.0994
0.42979
0.021424
0.23495
0.85177
1.2101
1.1852
0.90723
0.56784
-0.062887
-0.66853
-1.041
-1.141
-1.0334
-0.72068
-0.43073
-0.51074
-0.36624
-0.040526
0.68608
1.4468
2.061
2.1521
1.7265
1.1266
0.68908
0.45112
0.11726
-0.19479
-0.46604
-0.4841
-0.077265
0.53972
1.0391
1.0762
1.0562
0.94066
1.0753
1.5949
2.2705
2.6219
2.532
2.3267
1.7712
1.1926
0.4913
0.019767
-0.55707
-1.0019
-1.2522
-1.5073
-1.4595
-1.0587
-0.27269
0.063628
0.1502
0.28238
0.77001
1.4491
1.8761
1.903
1.3029
0.63767
0.31181
0.51173
1.0648
1.762
2.0474
1.197
-0.079391
-0.86123
-0.68428
0.27835
1.1888
1.4101
0.26328
-0.98106
-1.7518
-1.3497
-0.40485
0.56884
1.1219
0.90982
0.32921
-0.36667
-1.0119
-1.2619
-0.75819
-0.10439
-0.035108
-0.6017
-1.3905
-1.579
-0.86616
0.68903
1.9662
2.1916
1.611
0.55008
-0.25691
-0.69735
-0.36677
0.73251
1.2427
0.94767
0.10898
-0.50659
-0.21614
0.71693
1.1766
0.88618
0.35229
0.070003
0.034765
0.69046
1.7138
2.4157
2.1276
1.2736
0.59873
0.3301
0.85177
1.5932
2.1622
1.954
1.3674
0.59988
-0.25081
-0.37363
0.092781
0.52232
0.30529
-0.45509
-1.1459
-1.2591
-0.29808
0.94858
1.71
1.3491
0.72948
0.34841
0.54897
1.2365
2.0895
2.3079
1.4183
0.11296
-1.0404
-1.4279
-0.86425
0.083287
0.58058
0.38546
-0.1371
-0.73731
-0.8975
-0.27087
0.86331
1.8541
1.6594
0.77312
-0.66389
-1.6401
-1.4758
-0.52508
0.28774
0.23457
-0.41556
-1.2165
-1.3673
-0.59149
0.56406
1.1249
0.6629
-0.50863
-1.7507
-2.1267
-1.4909
-0.1766
0.42828
0.17615
-0.62856
-1.382
-1.03
0.35173
2.0107
2.3894
1.7122
0.57996
-0.37893
-0.68356
-0.43149
0.1782
0.30649
0.025635
-0.54053
-1.1375
-1.1949
-0.41774
1.1025
2.1648
2.3636
1.4697
0.24205
-0.64975
-0.62689
-0.1921
-0.13817
-0.7791
-1.8491
-2.7926
-3.0668
-2.0578
-0.86276
-0.086787
0.23272
0.087716
0.088124
0.17697
0.76957
1.128
1.1007
0.59583
0
-0.68558
-0.95293
-0.35669
0.38537
0.97475
0.82335
0.11699
-0.55224
-1.0678
-0.68711
0.19866
0.61842
0.55645
0.19264
-0.35363
-0.26874
0.61034
1.8596
2.61
2.6508
2.0611
1.0161
0.46424
0.36134
0.6888
0.79635
0.43894
-0.022793
-0.51739
-0.19989
0.48266
1.4961
2.0583
2.0365
1.5752
0.89472
0.90766
1.4122
2.0523
2.2815
1.8671
0.97898
-0.15918
-0.77344
-0.633
0.15797
0.78902
1.124
0.94693
0.57273
0.41547
0.71394
1.1537
1.5771
1.9043
1.7117
1.2144
0.75305
0.85988
1.1743
1.3479
1.4824
1.4509
1.3132
1.0882
0.9029
0.58485
0.41471
0.63781
0.7978
0.89314
0.4949
0
-0.61627
-0.80451
-0.23144
0.34949
0.53935
-0.07079
-0.90208
-1.5758
-1.7766
-1.4239
-1.1399
-0.82853
-0.68535
-0.3441
-0.12337
0.42098
1.1429
1.8193
2.2491
2.0793
1.7324
1.0314
0.78113
1.0093
1.4651
1.8962
2.0744
1.9991
1.3919
0.73381
0.48059
0.40446
0.15155
-0.12616
-0.52925
-1.0571
-1.0806
-0.72758
-0.075135
0.32499
0.524
0.29885
-0.42256
-0.76909
-0.32193
0.44496
0.86378
0.88714
0.049221
-1.0325
-1.9405
-2.0622
-1.4972
-0.46639
0.68765
1.2045
1.1815
0.78906
0.59314
0.69393
0.59677
0.17473
-0.97779
-2.2425
-3.2431
-3.3649
-2.9512
-1.7061
-0.33869
0.57799
0.76871
0.56193
0.45943
0.21846
0.35887
0.58626
0.73432
0.8003
0.6076
0.14648
-0.80104
-1.0517
-0.42612
0.52413
1.2179
1.2968
1.057
0.25943
-0.13129
0.066423
0.53747
0.64527
0.30887
-0.069322
-0.34986
-0.035292
0.7827
1.7203
2.309
2.5403
2.1885
1.392
0.88226
0.81091
1.1817
1.4048
1.5161
0.99792
0.33221
-0.18419
0.036736
0.51253
0.72917
1.0523
0.68573
0.071755
-0.17823
-0.070799
-0.035138
-0.31378
-0.76077
-1.5429
-2.3111
-2.3576
-1.8353
-1.0577
-0.52379
-0.097259
0.16051
0.28608
0.31473
0.18697
-0.12342
-0.48882
-0.78657
-1.1684
-1.4539
-1.587
-1.2518
-1.3556
-1.1146
-0.48148
0.33686
1.0853
1.49
1.6965
1.7369
2.1539
2.2975
1.9885
0.9475
0.026132
-0.46714
-0.33513
0.48666
1.3237
1.6701
1.3336
0.85088
0.47306
0.12389
0.14799
0.49122
0.97859
1.0969
1.0447
0.7025
0.43489
0.40978
0.60144
0.60046
0.16791
-0.023965
0.071851
0.83803
1.6761
2.06
1.7738
1.1517
1.009
1.0828
1.374
1.6667
1.7916
1.6263
1.6064
1.8307
2.0322
1.8914
1.2816
0.46988
-0.49635
-0.82193
-0.44996
0.22581
0.75547
0.96047
0.964
0.40738
0
-0.076932
0.36028
1.0071
1.4251
1.5858
1.0433
0.65414
0.6562
1.0532
1.3734
1.3246
0.69089
-0.23988
-0.6684
-0.21455
0.83404
1.5656
1.8416
1.3861
0.4637
-0.10952
-0.054979
0.69014
1.3032
1.783
1.5399
1.0415
0.73596
0.99663
1.6334
2.0771
2.4114
1.7855
0.85559
-0.029749
-0.27009
0.030286
0.64212
1.2045
0.99865
0.22083
-0.31903
0.096825
1.1105
2.2155
2.7459
2.2049
0.85927
-0.24384
-0.56495
-0.46536
-0.14518
0.14721
0.18658
-0.22701
-0.49867
-0.69992
-1.4581
-1.9965
-1.8606
-1.1877
-0.1658
0.33547
0.59358
0.29991
0
-0.13099
-0.52839
-1.686
-2.4123
-2.2919
-1.6712
-0.31749
0.50053
0.36484
-0.41097
-0.82217
-1.1411
-1.3214
-1.1361
-0.67913
-0.13519
-0.089623
0.089036
-0.088372
-0.48199
-0.26049
0.47279
1.4882
1.9754
2.1174
1.5575
0.68744
0.19937
0.0786
0.11615
-0.038128
-0.037536
-0.59108
-0.76337
-0.57222
0.42218
1.2113
0.95318
0.066976
-1.1202
-1.7181
-1.659
-1.2562
-1.5152
-1.8883
-1.9505
-1.2127
0.11666
1.4097
1.9024
0.98127
-0.36006
-1.5878
-2.0034
-1.4733
-0.55691
0.26271
0.26041
-0.025828
-0.30759
-0.3818
-0.12645
0.45259
0.97551
0.59754
-0.27276
-1.359
-1.7738
-1.4992
-0.68686
-0.29396
-0.73421
-1.6635
-2.3239
-2.5207
-2.0084
-0.73564
0.29471
0.36908
-0.51785
-1.508
-1.9088
-1.8152
-0.89807
-0.050067
0.17588
-0.025224
-0.45588
-0.89019
-0.91965
-0.38492
-0.025781
-0.20724
-0.78095
-1.4128
-1.8145
-1.7183
-0.90359
-0.053443
0.88672
1.2431
1.3046
0.98427
0.57763
0.44282
-0.22281
-0.98113
-1.7213
-1.9603
-2.1743
-2.0459
-1.6255
-1.2576
-0.91375
-0.59425
0.17975
0.7251
1.1886
1.1378
0.68279
-0.031331
-0.85421
-0.92668
-1.033
-0.81554
-0.75836
-0.79999
-0.84261
-0.27269
0.62059
1.6392
2.117
1.9277
0.90293
-0.58464
-1.2568
-1.1964
-0.56715
0.34404
0.92727
0.62455
-0.59129
-1.5915
-2.6087
-2.7106
-1.7116
-0.20508
0.74239
0.45578
0.083165
-0.95877
-1.7114
-1.8786
-1.2927
-0.54076
-0.2072
0.16491
0.12288
0.040638
-0.24157
-0.1195
-0.51161
-0.77661
-0.91831
-0.71546
-0.40715
0.036341
0.32078
0.24446
0.51278
1.07
1.9282
2.3942
2.3375
2.0378
1.0682
0.31839
0.028231
0.19275
0.8596
1.4416
1.6374
1.0993
0.63466
0.64433
0.88715
1.0515
1.0976
0.96659
0.7116
0.6356
0.77093
0.96403
1.0106
1.2561
1.3389
1.4598
1.6181
1.9275
2.0442
1.6915
1.1022
0.14872
-0.3889
-0.4617
-0.018437
0.51589
0.92158
1.1259
0.94351
0.68677
0.72695
1.3864
2.1485
2.6185
2.734
2.1012
1.1476
0.17675
-0.33729
-0.38105
-0.12169
0.32834
0.47773
0.46268
0.3195
0.53944
0.69961
1.2628
1.8635
2.116
1.7062
0.84106
0.18936
-0.40759
-0.53416
-0.54079
-0.67171
-1.1326
-1.349
-1.0035
-0.28597
0.73512
1.6695
2.0852
1.6712
0.76052
-0.082062
-0.5231
-0.33232
0.11136
0.16782
-0.028084
0.19727
0.79135
1.6996
2.4688
2.7842
2.4733
1.7912
1.5347
1.3914
1.4463
1.3588
0.79093
-0.1127
-0.75852
-0.47604
-0.055806
0.36135
0.44293
0.41347
0.30185
0
0.1631
0.59513
1.2113
1.3392
0.74618
-0.45077
-1.2665
-0.94519
-0.078387
0.91021
1.4497
1.2887
0.25664
-0.76683
-1.044
-0.60894
0.73335
2.4959
3.9974
4.0125
2.7526
1.1989
0.14964
-0.39856
-0.42311
-0.27364
-0.49747
-0.49759
-0.49789
-0.34887
-0.14972
0.049993
0.42584
0.6278
0.75554
0.83381
0.76078
0.94209
1.4322
1.7988
1.4982
0.51949
-0.5487
-0.97287
-0.44998
0.55977
1.2352
1.0283
0.51832
0.41265
0.91578
1.9042
2.9113
2.9109
2.0464
0.72792
-0.14711
-0.38656
-0.15029
0.82057
1.3215
0.96352
-0.094312
-1.113
-1.5762
-1.4318
-0.32916
0.83233
1.6836
1.8727
1.4115
0.52197
0
-0.1421
-0.43049
-0.8329
-1.3519
-1.5109
-1.7458
-1.2349
-0.33907
0.60651
0.95286
0.49786
-0.80748
-2.3918
-2.5139
-1.6659
-0.19389
1.0084
1.2402
0.81271
-0.30891
-0.92394
-0.69035
-0.26727
-0.26589
-0.30211
-0.60034
-0.81971
-0.73962
-0.25682
0.036383
-0.036068
-0.28598
-0.99181
-1.9653
-2.4339
-2.3769
-1.7066
-1.1501
-0.33531
0.26598
0.59366
1.0147
1.235
1.1302
0.41735
-0.19165
-0.57248
-0.91914
-1.0116
-1.3887
-2.0816
-2.4924
-1.864
-0.91845
-0.12713
-0.031931
-0.35327
-0.87312
-0.78236
-0.098693
0.56502
0.57147
-0.23825
-1.4488
-2.6249
-2.8433
-2.023
-0.66149
0.037414
-0.19059
-1.2046
-2.4971
-2.5078
-1.4865
-0.21083
0.25838
0.17594
-0.22461
-1.1468
-1.6859
-1.6249
-1.0724
-0.4472
-0.050615
0.25758
-0.10477
-0.21286
-0.108
0.60201
0.60937
0.56
0.22612
0.45586
1.3765
2.0173
1.4458
-0.057939
-0.69543
-1.0417
-0.57705
-0.17234
-0.1142
-0.79343
-1.8535
-1.7231
-1.5381
-0.86744
-0.21376
0.36829
0.05174
-0.050826
0.049878
0.19561
0.47904
1.3129
2.66
3.4069
3.3719
2.6509
1.1267
-0.20355
-1.0323
-0.89036
-0.52833
-0.29428
-0.14341
-0.24462
-0.20437
0.033206
0.5504
0.82096
1.3553
1.7435
1.5553
0.80254
-0.19606
-0.38338
-0.16075
0.76059
1.2847
0.9572
0.24715
-0.09708
0.11927
0.65706
1.0861
1.3211
1.0114
0.2442
-0.46099
-0.93446
-0.92613
-0.27782
0.89169
1.9849
1.9977
1.2999
-0.10465
-1.4852
-1.9886
-0.88086
1.3043
3.2959
3.9086
2.7155
0.71099
-0.76065
-1.163
-0.82058
0.044868
1.2946
2.186
2.4962
2.0826
1.4172
0.73167
0.39634
0.25165
0.12784
-0.051953
-0.026389
0.29482
0.59865
0.5523
0.25208
-0.11356
-0.48879
-0.46552
0.029414
0.26734
0.71915
0.63402
0.24306
-0.30535
-0.091942
0.9523
2.0295
3.0432
3.1915
2.2946
0.57883
-0.63625
-0.57182
0.2389
1.184
1.4657
1.0731
0.22941
-0.17
-0.2518
-0.13808
0.29973
0.67199
0.68932
-0.052299
-0.4127
-0.4835
0.12556
1.2396
2.3016
2.7341
2.1054
1.231
0.53914
0.58076
1.1521
1.6928
1.5912
0.97231
0.69797
0.69571
1.1868
1.9461
2.2815
1.8361
0.92001
0.24762
0.11304
0.27272
0.48028
0.36861
-0.44134
-1.3127
-1.7758
-1.7951
-1.7191
-1.5933
-1.4402
-1.485
-1.3273
-0.72511
0.23655
1.3342
1.6529
1.4585
0.6428
0.22706
0.37468
0.81931
0.98006
0.7533
0.15279
-0.71242
-1.1296
-0.92124
0.032137
0.94213
1.7391
1.5564
0.43406
-0.60542
-0.74467
-0.20418
-0.1709
-0.37724
-1.375
-2.2718
-2.3415
-1.3421
-0.068715
0.27417
0.068307
-1.1902
-2.3683
-2.8588
-2.205
-0.86223
0.32897
1.1089
0.84017
0.19201
-0.47517
-0.56421
-0.062009
0.39857
0.93961
0.53927
-0.3553
-1.3167
-1.4746
-0.62856
0.79057
1.9534
1.655
0.13635
-1.5641
-2.2139
-2.0322
-1.2016
-0.33622
-0.076851
-0.17769
-0.30198
-0.19967
-0.17337
0.31965
1.0747
1.6506
1.6655
0.88862
-0.23909
-1.4051
-1.6615
-0.92313
-0.023618
0.094317
-0.54173
-1.6008
-2.3306
-2.2376
-1.4619
-0.51954
0.047327
0.30839
-0.23792
-1.0742
-1.8689
-2.1172
-1.9816
-1.5783
-1.0006
-0.76056
-0.76479
-0.69476
-0.62401
-0.50225
-0.53063
0
0.61416
1.3135
1.7107
1.8
1.6278
1.0833
0.50517
-0.32103
-0.96898
-0.9477
-0.16341
0.52043
1.2119
1.5507
1.8372
1.5667
1.0964
0.53662
-0.34044
-0.96872
-1.2874
-1.3499
-0.89369
-0.028932
0.958
1.1359
0.87645
0.49812
0.38199
0.53034
0.97479
1.2141
1.217
1.3984
1.6401
1.7632
1.6173
1.2606
0.72188
-0.12057
-0.84579
-1.2109
-1.3652
-1.6724
-1.7372
-1.7107
-1.4393
-0.95173
-0.49253
-0.061736
0
0.15524
0
-0.21869
-0.65822
-0.94349
-1.1046
-1.2669
-1.0491
-1.404
-1.8579
-2.3155
-2.0987
-1.6209
-1.0416
-0.26147
-0.13127
-0.1318
-0.13234
0.066436
0.2001
0.066959
0.16804
0.53973
1.0157
1.5289
1.6023
1.3682
1.4756
2.1687
2.9349
2.8396
2.049
1.1841
0.38413
0.2451
0.31597
0.21121
-0.28236
-0.60162
-0.35485
-0.17791
0.14273
-0.071573
-0.93321
-1.7281
-1.6614
-0.83338
-0.14542
-0.10944
-0.21966
-0.58787
-0.92191
-0.66625
-0.40868
-0.4848
-0.78606
-0.82654
-0.52789
-0.22704
-0.18984
-1.0284
-2.216
-3.0652
-3.073
-2.5025
-2.1603
-1.5842
-1.238
-0.92936
-0.77485
-0.54244
-0.58098
-0.23221
0.50251
0.81039
0.61614
-0.26888
-0.91911
-1.1068
-0.49427
0.56791
1.319
1.65
1.4548
1.224
0.66372
0.21987
0.21845
0.036165
-0.32325
-0.42795
0.21243
0.80831
1.4301
1.5578
1.0649
0.13636
-0.5074
-0.50349
-0.3997
-0.16527
-0.32805
-0.71632
-1.1959
-1.1552
-0.35047
0.66449
1.4458
1.5614
0.93103
0.21595
0.2454
0.8848
1.8214
2.9004
3.5796
3.3554
2.1193
0.95204
0.26698
0.32548
0.88578
1.179
1.1185
0.64687
0.5583
0.6757
0.96971
1.1761
1.1479
0.7958
0.35431
0.32545
0.23726
-0.38658
-0.95439
-1.2267
-1.1409
-0.45199
0.54447
1.0022
0.91486
0.27564
-0.061522
-0.4944
-0.31043
0.12475
0.53275
0.6928
0.98105
1.3041
1.1189
0.67488
0.16154
-0.38982
-0.62068
-0.22998
0.46268
1.1637
1.974
2.5256
2.712
2.4917
1.9939
1.5584
0.83744
0.035167
-0.56721
-1.4298
-2.0187
-1.818
-1.1005
-0.44413
0.26142
0.94217
1.4832
1.535
1.5488
1.1328
0.47277
-0.039725
-0.32033
-0.44376
-0.97498
-1.2266
-1.3159
-1.1572
-0.45653
0.2915
0.50092
-0.041802
-0.20908
-0.75214
-0.62558
-0.33261
0.082793
-0.041166
0
-0.16222
-0.76333
-1.0733
-0.8249
0
0.53511
0.97864
1.2219
1.6011
1.965
2.243
2.4392
1.649
0.72481
0
-0.12613
0.52414
1.5975
2.1508
1.4976
0.19707
-0.82576
-0.99601
-0.3687
0.87638
1.7669
1.6817
0.82445
0.047584
-0.16354
0.25257
1.039
1.6235
1.3809
0.69205
-0.12816
-0.52804
-0.60637
-0.39375
-0.30846
-0.5312
-0.73164
-0.78944
-0.60559
-0.080626
0.90687
1.7754
2.1436
1.9891
1.4482
1.0056
0.82706
1.3765
1.8536
1.8742
1.3798
1.1143
1.1083
1.5308
1.8995
1.8862
1.5889
1.5469
1.6517
1.4844
1.0277
0.31498
-0.48288
-1.289
-1.7666
-1.6343
-1.202
-0.41958
0.3063
0.68841
0.51122
0.16302
-0.19948
-0.81297
-1.0689
-0.84149
-0.56982
-0.61424
-0.98849
-1.2226
-1.2729
-0.90676
-0.49494
0.076621
-0.11548
0.19312
0.38697
0.38716
0.30946
0.23158
0.38462
0.38282
0.76116
0.68029
0.29995
-0.037162
0.55203
1.4567
2.1607
2.4201
1.582
0.13884
-1.0963
-1.5213
-1.3675
-0.9213
-0.64917
-0.83253
-1.4216
-2.0574
-2.0614
-1.6403
-0.68998
0.29638
0.61515
0.14483
-0.2579
-0.11346
0.50564
1.5032
2.1805
1.9169
1.1962
0.94531
1.3693
1.6292
1.6483
1.3241
0.60714
0.10532
0.26281
1.1287
1.7577
1.8103
1.129
0.28919
-0.10536
0.44888
1.3242
1.5681
1.4142
0.96488
0.61944
0.27073
0.32668
0.84885
1.1295
1.1921
0.72545
-0.16851
-0.56545
-0.28462
0.48708
1.096
1.4515
1.49
1.029
0.41409
0.62476
1.2565
2.0753
2.2068
1.6402
0.85429
0.30638
0.55361
1.0186
1.1458
0.80755
0.43602
-0.093662
-0.06258
0.65841
1.4134
1.7933
1.6069
0.88344
-0.094775
-0.69584
-0.79163
-0.1902
0.28562
0.6354
0.95416
0.92341
1.1477
1.3406
1.6619
2.0801
2.3392
2.0216
0.35346
-0.90098
-1.6755
-1.4519
-0.67842
-0.097031
-0.19427
-1.037
-1.5891
-1.168
-0.19472
0.61659
1.103
0.81044
0.22668
-0.29101
-0.74229
-1.2235
-1.766
-1.6323
-0.92472
-0.095263
0.50573
0.78621
0.84447
0.74624
1.0197
1.1665
1.067
0.75674
0.45073
0.32807
0.3552
0.61689
0.11662
-0.83918
-1.6948
-1.255
-0.02833
1.52
2.3782
1.9198
0.63673
-0.55124
-0.82374
-0.16424
0.60082
0.73623
-0.21799
-1.4989
-2.1006
-1.3394
-0.027413
1.5961
2.2951
1.8078
0.42001
-1.1569
-1.6509
-1.322
0.17426
1.7333
2.3495
1.3862
-0.30557
-1.6435
-2.2987
-1.8559
-0.81338
0.33098
0.60637
0.4459
0.13974
0.035593
0.72537
1.3306
1.3938
0.49905
-0.039116
-0.67746
-0.97409
-0.82645
-0.084107
0.89829
1.1306
1.0161
-0.40367
-1.9565
-2.6289
-1.9618
-0.51987
0.33441
0.77189
0.58401
0
-0.19747
0
0.14957
0.2501
0.50126
-0.20071
-0.85289
-1.1024
-0.24996
0.39858
0.94242
0.83864
0
-0.87581
-1.882
-1.9127
-1.8939
-1.2649
-0.37056
0.36617
0.67805
1.1155
1.4089
1.2159
1.1562
1.0554
0.70745
0.32814
0.080861
0.11956
-0.15717
-0.27122
0.076433
0.9804
1.5632
2.095
2.2514
2.1179
1.8817
1.5812
1.2875
0.51726
0
-0.81441
-1.2805
-1.4064
-1.0323
-0.59643
-0.39593
-0.23012
-0.62274
-1.1444
-1.5664
-1.499
-1.1069
-0.35792
0.4229
0.74825
0.68337
0.065112
-0.065148
-0.42371
-0.94574
-1.4683
-1.9911
-2.0567
-1.1752
0.29372
1.0763
1.336
1.1064
0.42231
-0.12966
-0.22633
-0.032238
0.35342
0.80019
1.275
1.5865
1.6734
1.7275
1.4682
0.43481
-0.64834
-1.0126
-0.57933
0.30297
1.1138
1.4056
0.83197
0.088567
-0.46935
-0.20405
0.26073
0.92143
0.94461
0.25614
-0.3679
-0.28146
0.78392
2.2004
3.2702
3.2266
2.0859
0.65564
-0.10877
0.18948
0.61978
1.1535
0.77447
-0.29244
-1.2703
-1.7123
-1.547
-1.0177
-0.15581
0.10336
-0.12855
-0.61387
-0.8142
-0.70862
-0.35239
0.42554
1.1699
1.5099
1.2552
0.6363
-0.048669
-0.048394
0.4331
1.1246
1.3326
1.1124
0.77694
0.44503
0.67585
1.5075
2.1928
2.2977
1.6929
0.72896
-0.34031
-0.67796
-0.36022
0.51595
1.3189
1.8269
1.9098
1.3061
0.68411
0.19801
0.13162
0.43744
1.134
1.5874
1.366
0.79992
0.47425
0.75231
1.4788
2.0729
2.0882
1.1686
0.042374
-0.5282
-0.42142
0.63047
1.8657
2.2378
1.4817
0.12497
-0.99803
-1.2457
-0.53918
0.84954
1.6568
1.4288
0.37285
-0.72549
-1.3489
-1.1016
0.020827
1.0022
1.2565
0.73551
0.10548
-0.31784
-0.085165
0.59928
0.99007
0.75784
-0.19611
-1.1845
-1.8113
-1.7578
-1.0985
-0.22591
0.45535
0.9867
1.5033
1.6317
1.8558
2.0359
2.2184
2.0667
1.7671
1.3408
0.88371
0.71665
0.67156
0.85098
0.85615
0.83585
0.99344
0.79402
0.56652
0.23297
-0.23416
-0.83676
-1.0774
-1.2147
-1.3268
-1.3599
-1.4469
-1.427
-1.3258
-0.67981
-0.1913
-0.10987
-0.27609
-0.55504
-0.47426
-0.25241
0.19737
-0.028346
-0.82647
-1.7192
-1.8148
-0.98466
0.49494
1.8438
2.0004
1.0348
-0.41598
-1.254
-1.3798
-0.69301
0.45392
0.63812
-0.24405
-1.3779
-1.5979
-0.86323
0.43293
1.4265
1.0571
0.40513
0.37474
1.6582
2.6949
3.1064
2.3246
0.78601
-0.47191
-0.88127
-0.34629
0
0.3777
0.37757
0.44028
0.37714
0.47106
0.40791
-0.53292
-1.1274
-1.3453
-0.90645
-0.15614
0.53043
0.81065
0.34277
-0.062296
-0.031142
0.34258
0.65423
0.52996
-0.031204
-1.0624
-1.9406
-2.3839
-2.5472
-2.3972
-1.6458
-1.3027
-1.0849
-0.92979
-0.61232
-0.097221
0.0326
0.29524
0
-0.89763
-1.674
-1.5174
-0.88314
-0.10265
0.24126
-0.20829
-0.73414
-0.52796
0.70852
1.8178
2.33
2.0179
0.97741
0.18173
0.14588
0.84102
1.0625
1.2837
0.95398
0.40342
0
0.4021
1.0207
1.1625
0.86822
0.54001
0.35804
0.32029
0.63634
1.2987
1.6373
1.3478
0.54834
-0.54362
-1.4817
-1.5685
-1.2565
-0.85179
-0.55179
-0.51453
-0.73287
-0.88412
-0.40684
0.37228
1.3843
2.1967
2.3005
1.472
0.2386
-0.44433
-0.4709
-0.029254
0.46545
0.23153
-0.43206
-1.0899
-0.5143
0.39867
1.5333
1.8412
1.47
0.56456
-0.056397
0.14091
0.84538
1.5222
1.6362
1.2428
0.22634
-0.25518
-0.14213
0.59871
1.3731
2.0101
2.2782
1.7093
1.2229
0.99531
1.0894
0.91833
0.26834
-0.090054
-0.72555
-0.57865
-0.42964
-0.4021
-1.3097
-2.2323
-2.7585
-2.7182
-1.9676
-1.2364
-0.85334
-0.82764
-0.86814
-0.84182
-0.84881
-0.47917
-0.10348
0.41703
0.63
1.0571
1.241
1.0341
0.43016
0.14405
-0.072316
-0.25396
-0.036378
0
-0.036498
-0.25562
-0.43812
-0.29181
-0.14565
0.65384
1.1225
0.90171
0.28723
-0.35715
-0.53257
-0.21164
0.77056
1.1819
1.0689
0.51283
0.37275
0.97369
2.0953
3.0631
2.9352
1.8082
0.47947
-0.2848
-0.87716
0.093048
1.597
2.9806
3.103
1.9699
0.65072
-0.32252
-0.49423
0.17302
0.74393
1.0224
0.73318
0.11204
-0.52882
-0.60865
0.027511
0.82099
1.0348
0.75904
0.026995
-0.34957
-0.10718
0.3739
0.53257
-0.37181
-1.3247
-1.8507
-1.4778
-0.18442
1.1576
1.6029
0.86633
-0.13117
-1.1274
-1.2843
-0.70757
0.15725
0.49807
-0.15735
-1.0235
-1.891
-1.9456
-1.1319
0.23725
1.2674
1.111
0.026507
-1.408
-2.0507
-1.4954
0.026781
1.4238
2.5607
2.651
1.9551
0.87241
0.2464
0.77
1.3261
1.5547
1.1161
0.36466
-0.31024
-0.39708
0.45645
0.80359
0.66416
-0.23247
-1.1991
-1.2954
-0.11855
1.3429
1.8931
1.3618
0.21335
-0.82889
-1.0514
0.09346
1.1299
1.2649
0.38233
-0.44945
-0.67933
-0.29338
0.82122
1.6551
1.9682
1.6137
0.84702
0.20487
-0.068822
0.27744
0.45435
0.035223
-0.81644
-1.4667
-1.2618
-0.43598
1.0984
1.8816
1.4871
0.33715
-0.30196
-0.22817
0.53637
1.0807
0.42766
-0.90064
-1.9719
-1.5488
-0.23992
1.57
2.5123
2.039
0.69759
-0.57796
-0.74742
-0.083512
0.71366
1.1392
0.67837
-0.25555
-0.81266
-0.34352
0.34475
1.0376
1.0406
0.30426
-0.34847
-0.43633
0.74272
1.3118
1.0937
-0.043748
-1.137
-1.5292
-0.61087
0.56624
1.2169
1.0836
0.82101
0.86118
0.94357
1.3665
1.36
0.46513
-0.4626
-0.96166
-0.74803
0
1.6818
2.3629
1.7799
0.20081
-0.8771
-1.2268
-0.74629
0.46782
0.96735
1.1138
0.57189
-0.075704
-0.41344
-0.18664
0.40789
0.62636
0.32958
0.072818
0.28968
0.64847
1.1474
0.99965
0.035562
-1.2049
-1.9432
-1.2333
-0.14065
1.2988
2.1385
1.7865
0.84037
0.10505
0.070065
0.24544
1.2287
2.1098
2.431
1.9068
1.1683
0.95859
0.99717
1.2863
1.4342
1.1156
0.10836
-0.83398
-1.4925
-1.7542
-1.2107
-0.62615
-0.40671
-0.8536
-0.78221
-0.74758
-0.71257
-0.56434
-0.26414
-0.075678
-0.22761
-0.038022
0.1143
0.6489
0.76462
0.72736
0.45989
0.34522
0.88279
1.1136
1.3059
1.1139
0.72971
-0.38396
-1.3817
-1.1892
0.15336
0.99621
0.91895
-0.15305
-1.7971
-2.5601
-2.2911
-1.412
-0.80103
-0.83884
-1.1817
-1.8675
-2.0579
-1.6389
-0.80061
0
0.4961
0.68741
-0.038224
-0.61222
-0.42141
0.26853
0.65311
0.69263
0.30837
-0.7337
-1.0446
-0.73655
-0.23307
-0.1557
-0.11702
-0.46903
-0.62665
-0.6279
-0.47184
-0.74845
-1.5784
-1.6995
-1.5041
-1.1494
-0.79353
0.079424
0.99347
1.5902
1.9484
1.7096
1.55
1.0723
0.91253
1.1887
1.4636
2.0528
1.7723
0.86411
-0.31326
-0.78047
-0.89414
-0.542
-0.42394
-0.5753
-0.80122
-0.75883
-0.33946
-0.18742
-0.40963
-0.51779
-0.40393
0.1458
0.83192
1.3995
0.85423
0.21178
-0.069991
-0.13876
0
0.30669
0.67534
1.0037
1.5912
2.2662
2.6681
2.6434
2.2996
1.6771
0.78387
0.093211
0.061583
0.15259
0.18151
0.11997
-0.11896
-0.38341
-0.29254
0.20316
0.80637
1.029
1.0214
0.45073
-0.30774
-0.52798
0.13804
1.262
1.9905
2.1685
1.4284
0.26803
-0.39989
-0.39783
0.39584
1.1293
1.3854
0.44235
-0.75128
-1.4962
-1.0533
0.25586
1.7331
2.8182
2.6813
1.5879
0.42699
0.17522
0.54889
1.4176
2.0331
1.7304
0.73949
-0.31957
-0.80911
-0.63592
0.048804
0.7792
0.82628
0.16981
-0.58131
-0.45959
0.21746
1.1347
1.3753
0.60304
-0.5307
-1.2066
-0.91762
-0.21756
0.45995
0.6548
0.21875
-0.38991
-0.26888
0.58869
1.6252
2.3001
2.3112
1.6738
0.804
0.55615
0.96697
1.8194
2.2719
2.3158
1.6266
0.68805
0.66757
1.0512
1.6058
1.8143
1.4721
0.72981
-0.05675
-0.17214
0.14507
0.64564
1.1579
1.1414
0.51672
-0.33835
-0.59147
-0.37808
0.095668
0.41961
0.49006
-0.033068
-0.46859
-0.16939
0.72005
1.4922
1.7561
1.4928
0.35969
-0.072798
0.036833
1.2672
2.1118
1.984
1.1967
-0.31243
-0.86916
-0.47957
0.64677
1.39
1.3644
0.7525
-0.71851
-1.2817
-0.5613
0.82887
2.1592
2.7588
2.2907
1.0877
0.36567
0.27647
0.64994
0.70118
0.75262
0.473
-0.42776
-0.81124
-0.47871
-0.095957
-0.096082
0.19223
0.48027
0.43155
-0.1913
-1.0007
-1.2808
-1.085
-0.046868
0.65132
1.1535
1.2345
1.0865
0.35836
0.13288
0.48149
0.73499
0.51222
-0.084255
-0.62349
-0.90209
-0.5258
0.55854
1.5349
1.8638
1.5328
0.90794
-0.11209
-0.66455
-0.87605
-1.1195
-1.5374
-1.8421
-1.5809
-1.3948
-1.3164
-1.3092
-1.4406
-1.6408
-1.5007
-0.95395
-0.71553
-0.68233
-1.0261
-1.6136
-2.1047
-2.0485
-1.2244
-0.38819
0.42774
0.68491
0.4015
-0.037001
-0.30043
-0.41973
-0.50457
-0.35569
-0.44311
-0.73974
-1.3428
-1.6296
-1.9297
-1.9747
-1.5624
-1.1297
-0.57883
-0.39554
0.50686
1.1952
1.2785
0.70976
0.22376
0.17188
0.41052
1.4997
1.9008
1.5028
0.63881
0.1302
0.066259
0.47147
1.0939
1.0395
0.49095
-0.42521
-0.42894
-0.71997
-0.79619
-0.3632
-0.072772
0.14555
0
0.50675
0.43207
0.57209
0.63804
0.14033
-0.97064
-1.9153
-2.2237
-2.5851
-1.3674
-0.12776
0.81368
0.67383
0.4192
0.52638
0.97012
1.5021
1.5716
0.6858
-0.30793
-0.84834
-0.92151
-1.0367
-1.0984
-0.97778
-0.73362
-0.5028
-0.32548
-0.35558
-0.7675
-1.4914
-1.9206
-1.9732
-1.4054
-0.20019
0.064996
-0.031676
-0.5871
-0.66369
-0.58956
-0.028831
1.1572
2.0743
2.1705
1.1722
0.20952
-0.15464
0.30471
1.4526
2.1517
2.0049
1.0406
0.095916
-0.54713
-0.4489
0.25841
1.1459
1.7246
1.4183
0.51085
-0.78933
-1.5799
-1.5595
-0.84027
0.23428
1.2474
1.7748
1.1906
0.62351
0.21751
0.73119
1.6971
2.682
2.8851
1.6735
0.15383
-0.85581
-1.0234
-0.31869
0.91406
1.6604
1.2402
0.11164
-0.87609
-0.97295
-0.57947
0.4693
1.425
1.6824
1.155
0.2152
-0.65279
-1.0055
-0.60322
0.032068
0.67994
0.84964
0.8242
0.099739
-0.7708
-0.77667
-0.068022
1.3012
1.792
1.4214
0.48808
-0.10514
0.52827
1.3444
1.3502
0.2497
-1.0383
-2.0838
-1.8742
-0.68683
0.47123
1.1266
1.275
1.3509
1.0976
1.5762
2.2767
2.354
1.5103
0.36888
-0.48014
-0.62856
0.03701
0.77782
0.92655
0.22247
-0.66756
-1.298
-1.5573
-1.0377
-0.14812
0.33289
0.073868
-0.3318
-0.84603
-0.88046
-0.256
0.76525
1.4154
0.79472
-0.39531
-1.5722
-2.0239
-1.2342
0.38499
1.6317
1.9617
1.6708
0.94534
0.20046
-0.19827
0.32665
0.8714
0.9243
0.75509
0.24836
-0.39809
-0.54353
-0.11907
0.61615
1.4168
1.8236
1.46
0.747
0.35445
0.59124
0.92732
1.3848
1.366
0.71219
-0.35157
-1.0667
-0.80907
0.096987
1.6556
2.5663
2.4256
1.4949
0.57966
0.34555
0.43525
0.61564
0.38619
-0.45311
-1.6058
-2.1923
-1.7183
-0.56601
0.70358
1.3438
1.2356
0.41422
-0.25485
-0.6538
-0.82454
-0.97551
-1.1546
-1.5336
-1.9974
-2.1252
-1.8522
-1.1855
-0.23577
0.47968
0.75957
0.30395
-0.16897
-0.68914
-0.8201
-0.83678
-0.82348
-1.3697
-2.1606
-2.3347
-2.0845
-1.0801
0.17207
1.2275
1.4645
0.98155
0.66542
0.075114
-0.57175
-0.73421
-0.50868
-0.47487
-0.99922
-1.1691
-1.2994
-1.2661
-0.61528
0.20568
0.53554
0.37076
0.12341
-0.3692
-0.77621
-0.56887
-0.20183
-0.36048
-0.47642
-0.2752
0
0.38452
0.91165
1.6501
2.1833
2.117
2.0155
1.5967
0.69949
-0.20684
-1.0534
-1.5745
-1.4534
-0.71677
0.096438
0.88843
1.41
1.2692
0.64264
0.27241
0.44934
1.157
1.6756
1.749
0.78091
-0.45947
-1.4265
-1.5316
-0.90288
-0.11234
1.1188
1.9232
2.1398
1.6632
1.1065
0.82855
0.91028
1.2953
1.2119
0.82602
0.46803
0.44053
0.71602
0.85399
0.82677
0.68926
0.68954
0.80017
1.0488
1.0766
1.27
1.4908
1.3525
0.49663
-0.49635
-1.2675
-1.5415
-1.1823
-0.52171
-0.19191
-0.4379
-0.92876
-1.0359
-0.95202
-0.24424
0.43316
0.86417
0.64649
0.18808
-0.21441
-0.34755
0.1867
1.1176
1.9649
2.2261
2.1957
1.7697
1.0816
0.92248
1.238
1.5274
1.4223
0.81696
0.31656
0.23777
0.7147
1.5921
2.4218
2.4035
1.8233
0.48482
-0.46021
-0.73503
-0.054782
0.38603
0.11109
-0.75562
-1.8622
-2.2767
-1.522
-0.26092
0.67339
0.82819
0.50815
-0.060432
-0.30552
-0.092692
0.75005
1.3594
1.5352
0.90601
-0.032736
-0.76166
-0.80392
0.033877
1.0619
2.1469
2.4497
1.7678
0.14283
-1.1535
-1.6369
-1.4309
-0.22195
1.0064
1.2014
0.34014
-0.3042
-0.57355
-0.30744
0.54044
1.3565
1.4389
0.39003
-0.82105
-1.4102
-1.3339
-0.62834
-0.35365
-0.78604
-1.5718
-2.0029
-1.9619
-1.6069
-0.86097
0.039068
0.62386
0.77813
1.2033
0.81304
0.19306
-0.34652
-0.19194
0.53579
1.03
0.95062
-0.22738
-1.5107
-2.371
-2.0626
-1.1209
0.11168
1.1867
1.1452
0.29437
-0.29318
0.14599
0.69052
1.3389
1.5852
1.5063
1.1423
1.0658
1.1667
1.0201
0.76988
0.31328
-0.48469
-1.4116
-1.8829
-1.1572
-0.23685
0.77354
0.80226
-0.19933
-1.4196
-1.9684
-1.5648
-1.2958
-1.1267
-1.0557
-0.98562
-0.85323
-0.37696
-0.56215
-0.49688
-0.30887
0.36873
0.82557
0.66959
0.090917
-0.69429
-1.1731
-1.0195
-0.38875
0.14918
-0.029783
0.32719
0.65385
1.0993
1.3076
1.3979
1.489
1.7006
2.6615
3.209
3.0092
1.601
0
-1.0974
-1.195
-0.092437
0.99183
1.4658
1.0673
0.50563
-0.12728
-0.44861
-0.12908
0.22751
0.65462
0.52736
-0.033185
-0.83513
-1.143
-0.33822
0.78232
1.8464
2.1988
2.0702
1.2814
0.7643
0.7314
0.20936
0.41922
0.80392
1.0134
0.97763
0.8715
0.48693
-0.31211
-1.2439
-1.4451
-1.2327
-0.71517
-0.067708
0.26909
0.63472
1.1276
1.514
1.3389
0.42111
-0.22489
-0.57347
-0.50549
-0.28196
-0.18642
-0.46225
-1.1311
-1.2134
-1.084
-0.50823
0.44542
1.4163
2.1707
2.5383
2.8163
2.6595
2.0159
1.0621
0.08589
-0.82857
-1.2268
-0.79812
-0.37044
0.31353
0.62756
0.91404
0.77263
0.54496
-0.028761
-0.57703
-1.1292
-1.5695
-1.6052
-1.5242
-0.61836
0.82836
1.8727
1.9714
1.4706
0.84435
0.30295
0
0.03056
0.24545
0.43113
0.55616
0.092968
-0.46602
-0.71606
-0.093549
1.0614
1.8117
1.8118
1.0616
-0.062383
-0.71629
-0.83908
-0.74388
-0.98871
-1.2622
-1.5941
-1.4342
-0.63762
0.81535
