-0.95196
-0.93496
-0.90097
-0.98596
-1.241
-1.3259
-1.5809
-1.6829
-1.7509
-1.7679
-1.7339
-1.5129
-1.224
-1.037
-0.90097
-0.76497
-0.64598
-0.64598
-0.61198
-0.62898
-0.74797
-0.67998
-0.66298
-0.62898
-0.9239
-1.5115
-1.4197
-1.4789
-1.8189
-1.8189
-1.6829
-1.4449
-1.173
-1.122
-1.19
-1.224
-1.156
-0.98596
-0.84997
-0.42499
-0.32299
-0.35699
-0.50998
-0.59498
-0.71397
-0.91797
-1.02
-1.173
-1.645
-2.4972
-1.5999
-1.2579
-1.207
-1.02
-0.88397
-0.93496
-1.02
-1.173
-1.4789
-1.7339
-1.7679
-1.6999
-1.4789
-1.2409
-1.173
-1.241
-1.241
-1.054
-1.054
-1.122
-1.224
-1.105
-1.4873
-1.9386
-1.0591
-0.81597
-1.003
-1.224
-1.19
-1.156
-0.90097
-0.76497
-0.71397
-0.76497
-0.90097
-1.054
-1.3259
-1.4959
-1.5639
-1.6319
-1.7679
-1.7849
-1.7679
-1.6319
-1.3089
-0.91797
-1.014
-1.7743
-1.307
-1.02
-1.037
-1.071
-1.105
-1.071
-1.19
-1.088
-1.02
-0.93496
-0.78197
-0.64598
-0.59498
-0.78197
-0.95196
-1.3429
-1.7339
-1.9549
-1.7679
-1.4279
-1.037
-0.78197
-1.0591
-2.07
-1.4197
-1.2749
-1.3259
-1.3089
-1.122
-0.91797
-0.74797
-0.76497
-1.003
-1.2409
-1.6149
-1.7339
-1.5639
-1.241
-0.95196
-0.84997
-0.64598
-0.61198
-0.50998
-0.35699
-0.27199
-0.35699
-0.67603
-1.3143
-1.4647
-1.3259
-1.5639
-1.5979
-1.4279
-1.003
-0.64598
-0.39099
-0.18699
-0.067998
0.050998
0
0.033999
-0.067998
-0.23799
-0.22099
-0.102
-0.050998
-0.28899
-0.37399
-0.54398
-0.50998
-0.49575
-0.39429
-0.045069
0
0.067998
-0.050998
-0.136
-0.22099
-0.102
-0.22099
-0.39099
-0.56098
-0.74797
-0.84997
-0.86697
-0.64598
-0.56098
-0.40799
-0.23799
-0.102
-0.016999
-0.016999
0
-0.119
0.045069
0.59144
0.47322
0.25499
-0.067998
-0.18699
-0.49298
-0.49298
-0.40799
-0.20399
-0.22099
-0.25499
-0.32299
-0.50998
-0.59498
-0.50998
-0.42499
-0.39099
-0.47598
-0.62898
-0.83297
-0.81597
-0.62898
-0.71397
-1.2394
-1.9386
-1.4197
-1.054
-1.037
-0.95196
-0.81597
-0.81597
-0.84997
-1.122
-1.2579
-1.241
-1.071
-1.071
-1.224
-1.3429
-1.6489
-2.0399
-2.3289
-2.3459
-2.2269
-2.0229
-1.6659
-1.4449
-1.7802
-2.6943
-1.8253
-1.3769
-1.3939
-1.2409
-1.19
-1.19
-1.241
-1.105
-1.3259
-1.4959
-1.5809
-1.6999
-1.7169
-1.5469
-1.139
-0.91797
-0.79897
-0.67998
-0.67998
-0.74797
-0.91797
-1.003
-1.6675
-2.6943
-1.9154
-1.5639
-1.6829
-1.6829
-1.4959
-1.3259
-1.156
-1.122
-1.241
-1.4279
-1.5129
-1.5129
-1.5129
-1.3939
-1.2749
-1.207
-1.224
-1.241
-1.139
-1.037
-0.81597
-0.64598
-0.7211
-1.3143
-0.74363
-0.66298
-0.74797
-0.83297
-0.73097
-0.49298
-0.32299
-0.136
-0.119
-0.15299
-0.16999
-0.119
-0.22099
-0.40799
-0.56098
-0.79897
-1.037
-1.2579
-1.2749
-1.4619
-1.4789
-1.3599
-1.3971
-1.2157
-0.65349
-0.37399
-0.47598
-0.39099
-0.20399
-0.067998
0.016999
0.102
0.22099
0.067998
-0.084997
-0.35699
-0.67998
-0.86697
-1.139
-1.241
-1.139
-0.84997
-0.39099
-0.136
-0.22099
-0.28899
-0.38308
-0.78859
-0.81123
-0.86697
-0.88397
-0.86697
-0.74797
-0.73097
-0.83297
-0.74797
-0.59498
-0.49298
-0.56098
-0.50998
-0.50998
-0.56098
-0.56098
-0.35699
-0.25499
-0.28899
-0.30599
-0.45898
-0.56098
-0.59498
-0.54082
-0.75573
-0.63096
-0.44198
-0.56098
-0.59498
-0.59498
-0.47598
-0.44198
-0.42499
-0.32299
-0.47598
-0.66298
-0.71397
-0.54398
-0.49298
-0.30599
-0.35699
-0.40799
-0.54398
-0.66298
-0.59498
-0.69698
-0.64598
-0.8563
-1.4129
-1.1042
-0.83297
-0.74797
-0.74797
-0.62898
-0.64598
-0.62898
-0.66298
-0.62898
-0.40799
-0.33999
-0.20399
-0.119
-0.22099
-0.44198
-0.47598
-0.37399
-0.35699
-0.33999
-0.45898
-0.61198
-0.66298
-0.58589
-0.72287
-0.7211
-0.79897
-0.93497
-0.91797
-0.95196
-0.76497
-0.71397
-0.78197
-0.81597
-0.79897
-0.62898
-0.45898
-0.37399
-0.47598
-0.71397
-0.76497
-0.66298
-0.54398
-0.32299
-0.016999
0.033999
0
0
0.36144
0.33801
0.25499
0.16999
0.033999
-0.15299
-0.23799
-0.23799
-0.22099
-0.033999
0.15299
0.18699
0.050998
-0.16999
-0.32299
-0.59498
-0.66298
-0.74797
-0.79897
-1.003
-1.088
-1.19
-1.3259
-1.8027
-2.5957
-1.6225
-1.224
-1.054
-0.90097
-0.88397
-0.88397
-0.74797
-0.66298
-0.59498
-0.61198
-0.78197
-1.054
-1.2579
-1.241
-1.122
-1.088
-0.95196
-0.90097
-0.83297
-0.62898
-0.59498
-0.76497
-1.4197
-2.3657
-1.8253
-1.3939
-1.4109
-1.3599
-1.3089
-1.19
-0.88397
-0.74797
-0.79897
-1.003
-1.156
-1.3429
-1.4449
-1.2919
-1.19
-1.207
-1.2919
-1.3089
-1.3939
-1.3089
-1.2919
-1.156
-1.307
-1.3143
-0.67603
-0.54398
-0.73097
-0.74797
-0.91797
-1.139
-1.4619
-1.5809
-1.8019
-1.7849
-1.6659
-1.5979
-1.6489
-1.8359
-1.9889
-2.1419
-1.9889
-1.6149
-1.3599
-1.3939
-1.5979
-1.7509
-2.4787
-3.2529
-1.8253
-1.071
-0.96896
-0.88397
-1.037
-1.224
-1.4619
-1.3769
-1.19
-1.105
-1.088
-1.4109
-1.8359
-2.2099
-2.2949
-2.2099
-2.2779
-2.0739
-1.9039
-1.6829
-1.5639
-1.3939
-1.7126
-2.1686
-1.307
-1.003
-1.173
-1.5129
-1.6999
-1.7679
-1.5979
-1.2749
-1.071
-1.003
-0.90097
-0.84997
-0.90097
-0.95196
-0.95196
-1.037
-1.054
-1.156
-1.088
-1.156
-0.93496
-0.67998
-0.51829
-0.92002
-0.96897
-1.071
-1.4279
-1.3599
-1.173
-0.86697
-0.74797
-0.56098
-0.50998
-0.62898
-0.66298
-0.59498
-0.61198
-0.64598
-0.81597
-0.79897
-0.76497
-0.74797
-0.54398
-0.61198
-0.69697
-0.81597
-1.4422
-2.3329
-1.4422
-0.78197
-0.52698
-0.59498
-0.59498
-0.88397
-1.207
-1.4279
-1.5129
-1.4789
-1.4619
-1.19
-0.84997
-0.54398
-0.20399
-0.016999
-0.102
-0.25499
-0.33999
-0.57798
-0.74797
-0.96896
-1.3746
-2.2672
-1.5098
-1.088
-0.95196
-1.003
-1.037
-0.86697
-0.79897
-0.57798
-0.39099
-0.16999
-0.22099
-0.42499
-0.61198
-0.98596
-0.96896
-0.71397
-0.49298
-0.33999
-0.42499
-0.40799
-0.66298
-0.62898
-0.8563
-1.1829
-0.9239
-0.78197
-0.78197
-0.81597
-0.71397
-0.66298
-0.78197
-1.19
-1.3599
-1.3599
-1.224
-0.88397
-0.64598
-0.57798
-0.73097
-0.61198
-0.52698
-0.44198
-0.49298
-0.49298
-0.44198
-0.52698
-0.49575
-0.78859
-0.58589
-0.67998
-0.83297
-1.088
-1.224
-1.173
-1.156
-1.19
-1.2579
-1.139
-1.02
-0.98596
-0.76497
-0.73097
-0.67998
-0.67998
-0.45898
-0.45898
-0.40799
-0.27199
-0.35699
-0.45898
-0.7887
-1.0514
-0.65349
-0.30599
-0.16999
-0.22099
-0.37399
-0.44198
-0.42499
-0.69697
-0.95196
-0.88397
-0.84997
-0.78197
-0.61198
-0.44198
-0.50998
-0.47598
-0.39099
-0.25499
-0.084997
0.136
0.119
-0.119
-0.47322
-1.15
-0.99151
-1.037
-1.173
-1.3259
-1.5299
-1.6149
-1.6319
-1.5639
-1.3089
-0.86697
-0.40799
-0.15299
0
0.16999
0.18699
0.050998
0.016999
-0.033999
-0.18699
-0.42499
-0.74797
-1.02
-1.7351
-2.4315
-1.5549
-1.071
-1.071
-1.037
-1.139
-1.207
-1.139
-1.241
-1.3769
-1.5129
-1.4279
-1.3429
-1.054
-0.71397
-0.50998
-0.42499
-0.56098
-0.76497
-1.122
-1.3429
-1.4789
-1.5299
-1.9379
-2.6286
-1.8253
-1.7169
-1.9549
-1.9549
-1.8529
-1.7339
-1.7339
-1.6659
-1.6999
-1.6659
-1.5979
-1.5469
-1.5979
-1.4449
-1.2749
-1.122
-0.95196
-0.83297
-0.95196
-1.037
-1.2749
-1.7339
-3.1322
-5.6514
-4.1011
-2.9408
-2.6178
-2.1759
-1.9549
-1.8529
-1.6659
-1.3089
-1.071
-0.91797
-0.62898
-0.69697
-0.95196
-1.3089
-1.5129
-1.6659
-1.7169
-1.5639
-1.5129
-1.4449
-1.3939
-1.3939
-1.983
-3.0557
-1.9154
-1.3429
-1.2919
-1.3089
-1.224
-1.2749
-1.3089
-1.241
-1.156
-1.071
-1.071
-0.84997
-0.57798
-0.20399
-0.050998
-0.15299
-0.64598
-1.139
-1.4619
-1.6489
-1.4959
-1.105
-0.87884
-0.78859
-0.40562
-0.40799
-0.61198
-0.64598
-0.49298
-0.33999
-0.32299
-0.28899
-0.42499
-0.54398
-0.52698
-0.45898
-0.20399
-0.119
0.18699
0.033999
-0.37399
-0.67998
-0.78197
-0.81597
-0.64598
-0.32299
-0.15774
-0.16429
-0.24788
-0.30599
-0.28899
-0.32299
-0.18699
-0.25499
-0.40799
-0.67998
-0.93496
-1.3429
-1.3939
-1.207
-0.93496
-0.67998
-0.52698
-0.15299
0.033999
0.39099
0.57798
0.61198
0.40799
0.102
-0.24788
-1.0186
-1.1042
-0.91797
-0.88397
-0.98596
-1.037
-1.003
-0.90097
-0.62898
-0.35699
-0.22099
-0.39099
-0.50998
-0.54398
-0.67998
-0.69697
-0.74797
-0.78197
-0.96896
-1.02
-1.139
-1.2579
-1.207
-1.3746
-1.7415
-1.2619
-0.95196
-0.90097
-0.84997
-0.69697
-0.54398
-0.56098
-0.66298
-0.61198
-0.66298
-0.86697
-1.02
-1.207
-1.3429
-1.3259
-1.037
-1.003
-1.122
-1.3599
-1.5299
-1.5979
-1.5469
-1.7577
-2.2015
-1.4873
-1.2749
-1.173
-1.156
-0.88397
-0.66298
-0.79897
-0.88397
-1.105
-1.105
-1.3089
-1.3429
-1.241
-1.037
-0.81597
-0.61198
-0.54398
-0.90097
-1.105
-1.054
-0.91797
-0.84997
-1.1267
-2.0043
-2.0055
-1.8699
-2.0059
-1.8699
-1.7169
-1.4109
-1.207
-1.122
-1.071
-1.105
-1.02
-1.054
-0.95196
-0.91797
-0.93496
-0.93497
-0.73097
-0.42499
-0.27199
-0.136
-0.25499
-0.33999
-0.63096
-1.1172
-1.0366
-1.02
-1.037
-1.071
-1.003
-1.003
-0.98596
-1.037
-1.003
-0.73097
-0.52698
-0.39099
-0.23799
-0.050998
-0.016999
-0.084997
-0.119
-0.32299
-0.42499
-0.52698
-0.16999
0.067998
0.29295
0.39429
-0.090137
-0.28899
-0.37399
-0.30599
-0.47598
-0.57798
-0.73097
-0.84997
-1.037
-1.173
-1.2579
-1.2579
-1.224
-1.02
-0.84997
-0.61198
-0.42499
-0.25499
-0.45898
-0.95196
-1.3089
-1.6149
-2.2083
-2.9572
-1.6901
-1.207
-1.105
-1.003
-0.90097
-0.90097
-0.90097
-1.088
-1.2919
-1.5129
-1.7169
-1.8699
-1.9719
-1.6319
-1.3089
-1.003
-0.64598
-0.37399
-0.18699
-0.25499
-0.37399
-0.62898
-1.1943
-2.1686
-1.9154
-1.9039
-2.4309
-2.6348
-2.5838
-2.3119
-1.8699
-1.3939
-1.071
-0.84997
-0.69697
-0.76497
-0.76497
-0.76497
-0.59498
-0.69698
-0.57798
-0.59498
-0.54398
-0.50998
-0.61198
-0.56098
-0.87884
-1.5443
-1.2845
-1.156
-1.3429
-1.4619
-1.4279
-1.3089
-0.91797
-0.66298
-0.42499
-0.62898
-0.74797
-0.96896
-1.207
-1.4279
-1.5299
-1.5129
-1.4789
-1.241
-1.037
-1.054
-1.02
-0.91797
-0.96897
-1.1829
-0.60843
-0.42499
-0.56098
-0.71397
-0.79897
-0.76497
-0.73097
-0.49298
-0.42499
-0.61198
-0.78197
-1.02
-1.224
-1.5299
-1.6319
-1.7339
-1.6999
-1.5469
-1.3429
-1.2749
-1.3089
-1.19
-1.5098
-2.1686
-1.3295
-0.91797
-0.90097
-0.90097
-0.78197
-0.86697
-0.76497
-0.83297
-0.76497
-0.96896
-1.054
-1.054
-1.088
-1.122
-1.3089
-1.3769
-1.3429
-0.95196
-0.57798
-0.22099
-0.16999
-0.37399
-0.81123
-1.8729
-1.5774
-1.3259
-1.224
-1.122
-0.95196
-0.61198
-0.35699
-0.084997
0.050998
-0.119
-0.56098
-0.90097
-1.173
-1.241
-1.139
-0.88397
-0.49298
-0.25499
0.119
0.25499
0.20399
0.119
0
-0.36144
-0.74363
-0.61198
-0.83297
-0.83297
-0.90097
-0.74797
-0.62898
-0.59498
-0.47598
-0.50998
-0.61198
-0.78197
-0.95196
-1.156
-1.3259
-1.2579
-1.4109
-1.5639
-1.6319
-1.3259
-1.02
-0.52698
-0.31548
-0.52572
-0.7887
-0.96896
-1.088
-1.224
-1.071
-0.71397
-0.52698
-0.44198
-0.62898
-0.64598
-0.83297
-0.96896
-1.071
-1.2579
-1.4449
-1.4449
-1.2409
-1.122
-1.003
-0.90097
-0.90097
-1.088
-1.5323
-2.4972
-1.7577
-1.224
-0.95196
-0.71397
-0.64598
-0.69697
-0.90097
-0.96896
-0.90097
-0.57798
-0.44198
-0.35699
-0.28899
-0.40799
-0.57798
-0.81597
-1.037
-1.122
-1.207
-0.96896
-0.81597
-0.67998
-0.96897
-1.2157
-0.94644
-0.64598
-0.56098
-0.50998
-0.54398
-0.40799
-0.23799
-0.27199
-0.30599
-0.37399
-0.35699
-0.44198
-0.49298
-0.52698
-0.62898
-0.67998
-0.73097
-0.78197
-0.79897
-0.71397
-0.39099
-0.22099
-0.15774
-0.098573
-0.20281
-0.37399
-0.59498
-0.81597
-0.91797
-0.76497
-0.61198
-0.45898
-0.37399
-0.39099
-0.50998
-0.83297
-1.139
-1.2919
-1.122
-0.93497
-0.62898
-0.47598
-0.59498
-0.84997
-1.02
-1.003
-1.4197
-1.7086
-0.90137
-0.78197
-0.81597
-0.91797
-1.071
-1.4279
-1.6829
-1.9719
-2.0569
-1.9719
-1.7339
-1.6149
-1.4279
-1.105
-0.90097
-0.88397
-0.93496
-0.93497
-0.81597
-0.73097
-0.49298
-0.54398
-1.1042
-2.2343
-1.6901
-1.3429
-1.224
-1.037
-0.90097
-0.81597
-0.79897
-0.79897
-0.98596
-1.02
-1.173
-1.3939
-1.7679
-2.0569
-2.0739
-1.9889
-1.8189
-1.6829
-1.6829
-1.7169
-1.6319
-1.4619
-1.7802
-2.3986
-1.3971
-0.81597
-0.71397
-0.66298
-0.66298
-0.52698
-0.30599
-0.136
-0.15299
-0.39099
-0.61198
-1.122
-1.5809
-1.8019
-1.6659
-1.3939
-1.3259
-1.156
-1.19
-1.19
-1.19
-1.088
-1.3746
-2.0043
-1.1943
-0.95196
-0.98596
-0.93496
-0.86697
-0.81597
-0.90097
-0.84997
-0.86697
-0.56098
-0.22099
0.23799
0.27199
0.18699
-0.18699
-0.59498
-1.071
-1.2579
-1.3939
-1.5299
-1.3429
-0.98596
-0.87884
-0.8543
-0.29295
-0.033999
-0.084997
-0.119
-0.25499
-0.37399
-0.49298
-0.64598
-0.76497
-1.02
-1.173
-1.241
-1.224
-1.4109
-1.241
-1.003
-0.69697
-0.35699
-0.15299
-0.15299
-0.28899
-0.37399
-0.63096
-1.2157
-0.90137
-0.66298
-0.50998
-0.50998
-0.25499
-0.16999
-0.084997
-0.016999
-0.033999
-0.22099
-0.62898
-0.88397
-1.071
-1.088
-0.95196
-0.64598
-0.54398
-0.44198
-0.27199
-0.16999
-0.084997
-0.119
-0.36055
-1.0514
-1.0816
-0.73097
-0.64598
-0.61198
-0.73097
-0.74797
-0.74797
-0.64598
-0.49298
-0.45898
-0.54398
-0.62898
-0.52698
-0.59498
-0.61198
-0.66298
-0.79897
-0.84997
-0.76497
-0.47598
-0.084997
0.25499
0.7887
0.92002
-0.13521
-0.83297
-1.3599
-1.5979
-1.4789
-1.173
-0.91797
-0.67998
-0.47598
-0.40799
-0.45898
-0.49298
-0.44198
-0.32299
-0.119
0.23799
0.33999
0.050998
-0.50998
-1.105
-1.5809
-1.8699
-2.4111
-3.2529
-1.9154
-1.088
-0.67998
-0.35699
-0.28899
-0.23799
-0.52698
-0.79897
-1.156
-1.19
-1.122
-0.93496
-0.88397
-1.037
-1.2749
-1.3939
-1.173
-1.071
-0.90097
-0.95196
-1.054
-1.037
-1.2845
-1.2157
-0.81123
-0.49298
-0.54398
-0.69697
-0.81597
-1.003
-1.088
-1.3769
-1.5469
-1.5299
-1.2749
-0.96896
-0.69697
-0.56098
-0.78197
-0.93496
-1.054
-1.02
-0.91797
-0.57798
-0.54398
-0.57798
-1.014
-1.7743
-1.307
-1.156
-1.2919
-1.5469
-1.5469
-1.4279
-1.071
-0.86697
-0.88397
-0.88397
-1.037
-1.3089
-1.5129
-1.4279
-1.037
-0.67998
-0.39099
-0.45898
-0.69697
-0.91797
-1.02
-1.2749
-1.983
-2.99
-2.2534
-1.8019
-1.8699
-1.6829
-1.5469
-1.3769
-1.3599
-1.4279
-1.5979
-1.6489
-1.5639
-1.5469
-1.3769
-1.207
-0.98596
-0.93496
-1.02
-1.173
-1.4279
-1.5129
-1.3939
-1.2409
-1.7802
-3.0886
-2.321
-1.9549
-1.9719
-1.8359
-1.5809
-1.4449
-1.4109
-1.4109
-1.4109
-1.207
-0.83297
-0.33999
-0.15299
-0.050998
-0.35699
-1.02
-1.6319
-1.9719
-1.9379
-1.7169
-1.3599
-1.2579
-1.6675
-2.7272
-1.8703
-1.4449
-1.4279
-1.241
-1.088
-0.91797
-0.71397
-0.50998
-0.49298
-0.50998
-0.50998
-0.69697
-0.78197
-0.84997
-0.62898
-0.50998
-0.50998
-0.61198
-0.62898
-0.74797
-0.66298
-0.42499
-0.54082
-0.88716
-0.7211
-0.62898
-0.95196
-1.224
-1.3939
-1.4109
-1.3429
-1.19
-1.037
-0.95196
-0.76497
-0.66298
-0.61198
-0.61198
-0.52698
-0.49298
-0.49298
-0.30599
-0.15299
-0.20399
-0.27199
-0.39099
-0.76616
-1.8072
-1.4422
-1.037
-0.88397
-0.67998
-0.52698
-0.50998
-0.45898
-0.44198
-0.44198
-0.50998
-0.37399
-0.20399
-0.16999
-0.27199
-0.27199
-0.56098
-0.64598
-0.83297
-0.74797
-0.64598
-0.54398
-0.47598
-0.67603
-0.8543
-0.27041
-0.016999
-0.20399
-0.61198
-0.98596
-1.3429
-1.5809
-1.7169
-1.5129
-1.224
-0.66298
-0.136
-0.033999
-0.35699
-0.91797
-1.3939
-1.7849
-1.8529
-1.5809
-1.139
-0.83297
-0.59498
-0.54082
-1.6757
-1.5323
-1.4619
-1.7169
-1.9039
-1.9209
-1.8869
-1.9039
-1.7849
-1.5469
-1.156
-1.071
-1.003
-1.19
-1.2749
-1.224
-1.037
-0.90097
-1.003
-0.98596
-0.98596
-1.037
-1.02
-1.3746
-2.1686
-1.7126
-1.156
-1.122
-1.139
-1.139
-1.156
-1.122
-1.2749
-1.19
-1.2919
-1.3769
-1.5299
-1.5809
-1.5979
-1.4279
-0.93496
-0.56098
-0.28899
-0.39099
-0.33999
-0.49298
-0.54398
-0.74363
-1.3472
-1.1042
-0.93496
-1.054
-1.3599
-1.5469
-1.5979
-1.5129
-1.2749
-0.81597
-0.39099
-0.18699
-0.084997
-0.119
-0.16999
-0.27199
-0.40799
-0.40799
-0.76497
-0.91797
-0.83297
-0.84997
-0.95196
-1.5323
-2.2343
-1.1943
-0.62898
-0.49298
-0.39099
-0.47598
-0.52698
-0.71397
-0.96896
-0.95196
-0.91797
-0.86697
-0.90097
-0.69697
-0.62898
-0.32299
-0.16999
-0.016999
-0.016999
-0.22099
-0.37399
-0.66298
-0.81597
-1.1267
-1.38
-0.9239
-0.74797
-0.45898
-0.52698
-0.74797
-1.037
-1.241
-1.2919
-1.173
-1.037
-0.91797
-0.96896
-1.003
-0.73097
-0.64598
-0.57798
-0.42499
-0.25499
-0.20399
-0.18699
-0.050998
-0.067998
-0.090137
-0.32858
-0.45069
-0.50998
-0.67998
-0.66298
-0.81597
-0.83297
-0.88397
-0.90097
-0.88397
-0.79897
-0.71397
-0.78197
-0.81597
-0.86697
-0.91797
-0.98596
-0.93497
-0.73097
-0.59498
-0.40799
-0.32299
-0.50998
-1.2394
-2.3657
-1.9605
-1.5979
-1.4109
-0.96896
-0.35699
0.136
0.49298
0.28899
-0.25499
-0.73097
-1.071
-1.156
-1.3089
-1.2749
-1.3259
-1.173
-1.139
-0.84997
-0.95196
-1.088
-1.088
-1.156
-1.1718
-1.3143
-0.76616
-0.84997
-1.088
-1.19
-1.105
-1.054
-0.88397
-0.57798
-0.76497
-1.156
-1.6489
-2.0059
-2.0399
-1.7339
-1.3259
-1.19
-1.071
-1.088
-0.96896
-1.003
-0.95196
-1.02
-1.5999
-2.4315
-1.5549
-1.156
-1.4279
-1.6149
-1.8529
-1.9889
-1.8359
-1.5639
-1.3599
-1.3429
-1.3089
-1.3599
-1.5979
-1.7849
-1.8699
-1.8189
-1.8699
-1.7679
-1.6829
-1.4959
-1.2749
-0.96896
-1.0366
-1.4129
-1.014
-0.86697
-1.088
-1.207
-1.105
-0.95196
-0.73097
-0.49298
-0.49298
-0.62898
-0.73097
-0.71397
-0.67998
-0.56098
-0.28899
-0.050998
-0.067998
-0.27199
-0.42499
-0.64598
-0.66298
-0.73097
-1.1492
-2.07
-1.7351
-1.3259
-1.3599
-1.19
-0.88397
-0.61198
-0.52698
-0.61198
-0.78197
-0.91797
-0.83297
-0.57798
-0.30599
-0.136
-0.084997
-0.28899
-0.74797
-1.071
-1.156
-0.88397
-0.69697
-0.40799
-0.45069
-0.92002
-0.69856
-0.59498
-0.52698
-0.54398
-0.44198
-0.39099
-0.30599
-0.050998
0.23799
0.30599
-0.033999
-0.52698
-1.105
-1.4449
-1.5469
-1.4449
-1.5469
-1.7339
-1.8359
-1.9719
-1.9719
-1.8699
-2.2083
-2.8586
-1.8478
-1.105
-0.95196
-0.84997
-0.59498
-0.45898
-0.32299
-0.30599
-0.28899
-0.37399
-0.52698
-0.79897
-1.02
-1.2919
-1.4109
-1.3769
-1.156
-1.02
-1.003
-1.02
-1.02
-0.91797
-0.67603
-0.46001
-0.13521
-0.119
-0.35699
-1.054
-1.6999
-2.1249
-2.1589
-1.9719
-1.6489
-1.3089
-1.02
-0.71397
-0.52698
-0.54398
-0.54398
-0.32299
-0.102
-0.102
-0.33999
-0.49298
-0.54398
-0.59498
-0.54082
-0.42715
-0.067603
-0.084997
-0.136
-0.32299
-0.40799
-0.22099
-0.20399
-0.23799
-0.44198
-0.61198
-0.90097
-1.207
-1.3259
-1.5129
-1.5809
-1.6489
-1.4789
-1.3599
-1.3939
-1.4789
-1.6659
-1.6829
-2.1182
-2.3657
-1.307
-0.86697
-0.74797
-0.83297
-1.003
-1.139
-1.105
-1.207
-1.122
-1.003
-0.67998
-0.42499
-0.20399
-0.016999
-0.18699
-0.42499
-0.62898
-0.69697
-0.67998
-0.61198
-0.61198
-0.78197
-1.5323
-3.0886
-2.6139
-2.1419
-1.8699
-1.6149
-1.2749
-0.91797
-0.33999
0.102
0.28899
0.25499
-0.016999
-0.33999
-0.54398
-0.74797
-0.90097
-1.071
-1.003
-0.96896
-1.071
-1.054
-0.95196
-0.57798
-0.45069
-0.032858
0.045069
-0.016999
-0.084997
-0.084997
-0.136
-0.32299
-0.49298
-0.84997
-1.122
-1.139
-0.81597
-0.61198
-0.54398
-0.54398
-0.61198
-0.56098
-0.42499
-0.25499
-0.20399
-0.20399
-0.18699
-0.18699
-0.15774
-0.065716
-0.067603
-0.30599
-0.52698
-0.57798
-0.49298
-0.39099
-0.30599
-0.16999
-0.30599
-0.18699
-0.033999
0.084997
0.050998
-0.033999
-0.016999
-0.050998
-0.15299
-0.52698
-1.054
-1.5469
-1.5979
-1.4109
-1.3521
-1.1829
-0.15774
0.23799
0.25499
0.136
-0.23799
-0.57798
-0.73097
-0.62898
-0.62898
-0.71397
-0.88397
-1.224
-1.4449
-1.4279
-1.224
-1.02
-0.79897
-0.47598
-0.27199
-0.084997
-0.136
-0.20399
-0.36055
-0.69001
-0.51829
-0.57798
-0.83297
-1.003
-1.173
-1.2749
-1.241
-1.105
-0.86697
-0.57798
-0.22099
0.016999
-0.016999
-0.18699
-0.32299
-0.52698
-0.78197
-0.95196
-1.003
-1.19
-1.19
-1.173
-1.307
-1.5443
-0.96897
-0.79897
-1.088
-1.3089
-1.3769
-1.2919
-1.139
-0.88397
-0.54398
-0.50998
-0.39099
-0.27199
-0.22099
-0.35699
-0.42499
-0.61198
-0.86697
-0.98596
-0.96896
-0.88397
-0.93497
-0.86697
-1.2844
-2.3329
-1.7126
-1.4279
-1.4449
-1.5639
-1.4109
-1.3939
-1.4109
-1.3599
-1.088
-0.88397
-0.59498
-0.44198
-0.47598
-0.64598
-1.088
-1.4109
-1.7509
-1.9039
-1.7679
-1.5469
-1.2749
-1.054
-1.0816
-1.7743
-1.2394
-1.037
-1.071
-1.207
-1.2579
-1.088
-1.071
-1.105
-1.139
-1.4279
-1.7509
-1.8699
-1.6319
-1.4109
-1.139
-0.95196
-0.86697
-0.83297
-0.83297
-0.90097
-0.96896
-1.207
-1.8253
-2.9243
-1.9605
-1.2579
-1.156
-1.105
-1.105
-1.224
-1.241
-1.2749
-1.122
-0.95196
-0.79897
-0.95196
-1.19
-1.6319
-2.2269
-2.4309
-2.4649
-2.1249
-1.6659
-1.173
-0.88397
-0.88397
-1.3295
-2.2672
-1.5774
-1.071
-0.83297
-0.83297
-0.81597
-0.83297
-0.88397
-1.054
-1.105
-1.003
-0.90097
-0.88397
-0.76497
-0.88397
-1.071
-1.2579
-1.4789
-1.6829
-1.5979
-1.4449
-1.3089
-1.3089
-1.8478
-2.7272
-2.1407
-1.7679
-1.7849
-1.7509
-1.7169
-1.6319
-1.5979
-1.5639
-1.4449
-1.207
-0.90097
-0.76497
-0.62898
-0.67998
-0.84997
-1.054
-1.088
-0.95196
-0.79897
-0.54398
-0.45898
-0.47598
-0.47322
-0.49287
-0.29295
-0.42499
-0.49298
-0.64598
-0.83297
-0.95196
-0.90097
-0.84997
-0.90097
-0.86697
-0.95196
-0.86697
-0.78197
-0.47598
-0.30599
-0.15299
0.016999
-0.084997
-0.28899
-0.49298
-0.54398
-0.67998
-0.90137
-1.1829
-0.58589
-0.32299
-0.28899
-0.25499
-0.45898
-0.64598
-0.69697
-0.96896
-1.19
-1.4449
-1.5809
-1.6489
-1.3939
-0.93496
-0.54398
-0.44198
-0.66298
-0.90097
-1.207
-1.19
-0.95196
-0.83297
-1.1718
-2.0372
-1.4873
-1.19
-1.054
-0.73097
-0.49298
-0.25499
-0.050998
-0.033999
-0.18699
-0.39099
-0.71397
-0.74797
-0.74797
-0.49298
-0.56098
-0.78197
-1.122
-1.4109
-1.5299
-1.4789
-1.003
-0.59498
-0.22534
0.16429
0.54082
-1.19
-1.19
-1.2579
-1.207
-1.3089
-1.4619
-1.4449
-1.3429
-1.173
-1.02
-0.74797
-0.67998
-0.74797
-0.96896
-1.4449
-1.7509
-1.8359
-1.4789
-1.3259
-0.95196
-0.90097
-1.2394
-2.2672
-1.6901
-1.2919
-1.3429
-1.156
-0.98596
-0.88397
-0.96896
-1.156
-1.2919
-1.5129
-1.6319
-1.6319
-1.5129
-1.4619
-1.4279
-1.3259
-1.3259
-1.2579
-1.224
-1.139
-1.122
-1.003
-1.3746
-2.2015
-1.5549
-1.105
-1.003
-1.003
-0.83297
-0.93496
-1.054
-1.207
-1.2579
-1.3429
-1.4449
-1.241
-1.088
-0.76497
-0.62898
-0.44198
-0.52698
-0.62898
-0.73097
-0.84997
-0.96896
-0.96896
-1.1943
-1.5772
-1.014
-0.56098
-0.35699
-0.20399
-0.18699
-0.39099
-0.86697
-1.088
-1.19
-1.3089
-1.3769
-1.3769
-1.207
-1.071
-0.86697
-0.69697
-0.57798
-0.57798
-0.61198
-0.54398
-0.35699
-0.25499
-0.31548
-1.0186
-1.2619
-1.2919
-1.4959
-1.6659
-1.5979
-1.3769
-1.071
-0.93496
-0.78197
-0.69697
-0.69697
-0.57798
-0.47598
-0.40799
-0.39099
-0.27199
-0.39099
-0.40799
-0.62898
-0.78197
-0.79897
-1.054
-1.3746
-2.2015
-1.5323
-1.122
-0.78197
-0.44198
-0.18699
-0.016999
-0.084997
-0.28899
-0.57798
-0.79897
-1.071
-1.3089
-1.3429
-1.4279
-1.3089
-1.02
-0.49298
-0.16999
0.16999
0.27199
0.136
-0.23799
-1.014
-2.2672
-2.2083
-1.9379
-1.9209
-1.8189
-1.6659
-1.4959
-1.3769
-1.4279
-1.4449
-1.3939
-1.224
-0.96896
-0.74797
-0.61198
-0.84997
-1.003
-1.054
-0.90097
-0.69697
-0.28899
-0.016999
-0.016999
-0.40562
-1.1172
-1.0816
-0.96896
-0.91797
-1.003
-1.139
-1.3429
-1.241
-1.003
-0.78197
-0.47598
-0.37399
-0.32299
-0.16999
0.016999
0.102
-0.084997
-0.32299
-0.83297
-1.3259
-1.5809
-1.5639
-1.5639
-1.9605
-2.6286
-1.6225
-1.207
-1.071
-0.81597
-0.66298
-0.49298
-0.35699
-0.20399
-0.119
-0.136
-0.15299
-0.45898
-0.52698
-0.71397
-0.73097
-0.79897
-0.76497
-0.71397
-0.83297
-1.088
-1.207
-1.139
-1.2619
-1.61
-0.94644
-0.74797
-0.66298
-0.56098
-0.44198
-0.42499
-0.16999
-0.119
-0.32299
-0.59498
-0.67998
-0.62898
-0.66298
-0.76497
-0.95196
-1.156
-1.19
-0.84997
-0.67998
-0.69697
-0.84997
-1.088
-1.5774
-1.9057
-0.76616
-0.37399
-0.32299
-0.40799
-0.50998
-0.52698
-0.45898
-0.44198
-0.49298
-0.67998
-0.76497
-0.98596
-1.207
-1.3939
-1.156
-0.95196
-0.66298
-0.40799
-0.39099
-0.42499
-0.57798
-0.69697
-1.0816
-1.9386
-1.3521
-1.003
-0.96896
-1.02
-0.95196
-1.156
-1.071
-0.98596
-0.81597
-0.81597
-0.96896
-1.139
-1.5469
-1.4619
-1.156
-0.59498
-0.27199
-0.119
-0.102
-0.067998
-0.033999
-0.033999
-0.022534
-0.098573
-0.11267
-0.35699
-0.73097
-0.86697
-0.90097
-0.84997
-0.71397
-0.42499
-0.22099
-0.016999
-0.033999
-0.15299
-0.37399
-0.64598
-0.59498
-0.73097
-0.88397
-0.98596
-0.93496
-0.84997
-0.79897
-0.64598
-0.9239
-1.61
-1.2845
-0.96896
-0.96896
-0.76497
-0.45898
-0.27199
-0.32299
-0.33999
-0.42499
-0.45898
-0.44198
-0.49298
-0.57798
-0.73097
-0.84997
-0.71397
-0.61198
-0.45898
-0.32299
-0.37399
-0.64598
-0.83297
-1.014
-1.38
-0.7211
-0.57798
-0.67998
-0.69698
-0.54398
-0.23799
-0.050998
0.32299
0.54398
0.52698
0.18699
-0.102
-0.44198
-0.78197
-0.98596
-1.071
-0.90097
-0.81597
-0.67998
-0.52698
-0.52698
-0.52698
-0.67603
-1.4457
-1.2168
-0.86697
-0.86697
-0.84997
-0.79897
-0.69697
-0.66298
-0.71397
-0.66298
-0.79897
-0.88397
-0.96896
-0.96896
-0.83297
-0.61198
-0.30599
-0.40799
-0.83297
-1.139
-1.173
-0.98596
-0.54398
-0.11267
0.13143
-0.15774
-0.45898
-0.81597
-1.241
-1.5469
-1.6999
-1.7339
-1.6659
-1.5129
-1.139
-0.96896
-0.79897
-0.69697
-0.88397
-1.224
-1.4449
-1.4109
-1.173
-0.78197
-0.42499
-0.49298
-0.96896
-1.8929
-3.5486
-2.6815
-1.9889
-1.8019
-1.6489
-1.6149
-1.6489
-1.6999
-1.6829
-1.5639
-1.4449
-1.5639
-1.8869
-2.1079
-2.3119
-2.2779
-1.9209
-1.3599
-0.95196
-0.67998
-0.50998
-0.50998
-0.71397
-1.3746
-2.7929
-2.4562
-2.1929
-2.2269
-2.2439
-2.0909
-1.7849
-1.3259
-1.122
-0.95196
-0.93496
-1.054
-1.2749
-1.3259
-1.2749
-1.3769
-1.224
-1.088
-1.037
-1.139
-1.241
-1.2579
-1.4449
-2.1858
-3.5815
-2.6139
-1.8699
-1.5809
-1.105
-0.64598
-0.15299
0.15299
0.18699
-0.016999
-0.16999
-0.32299
-0.54398
-0.67998
-0.91797
-1.156
-1.3599
-1.4789
-1.3089
-1.071
-0.66298
-0.136
0.15299
0.15774
0.098573
-0.22534
-0.37399
-0.59498
-0.81597
-0.98596
-1.241
-1.224
-1.139
-0.91797
-0.73097
-0.57798
-0.64598
-0.71397
-0.81597
-0.95196
-1.037
-0.95196
-0.66298
-0.50998
-0.45898
-0.37399
-0.42499
-0.65349
-0.88716
-0.40562
-0.16999
-0.033999
0.033999
0.050998
-0.102
-0.37399
-0.62898
-0.88397
-0.95196
-0.67998
-0.49298
-0.40799
-0.47598
-0.45898
-0.62898
-0.67998
-0.73097
-0.79897
-1.088
-1.088
-0.96896
-1.3971
-2.07
-1.4647
-1.037
-0.90097
-0.69697
-0.44198
-0.23799
-0.016999
0.067998
0.136
0
-0.084997
-0.32299
-0.71397
-1.037
-1.2919
-1.2919
-1.207
-0.76497
-0.61198
-0.64598
-0.76497
-0.69697
-0.96897
-1.6757
-1.1492
-0.95196
-0.91797
-0.88397
-0.88397
-0.96896
-0.98596
-0.93496
-0.95196
-0.91797
-0.95196
-0.90097
-0.96896
-0.91797
-0.95196
-1.054
-1.224
-1.2749
-1.054
-0.86697
-0.54398
-0.37399
-0.63096
-1.5443
-1.3521
-0.86697
-0.64598
-0.37399
-0.22099
-0.15299
-0.35699
-0.71397
-0.95196
-1.3259
-1.3429
-1.224
-0.96896
-0.84997
-0.73097
-0.69697
-0.74797
-0.76497
-0.62898
-0.42499
-0.37399
-0.18699
-0.27041
-0.65715
-0.56336
-0.54398
-0.69697
-0.84997
-0.79897
-0.76497
-0.74797
-0.83297
-0.76497
-0.91797
-0.91797
-0.61198
-0.39099
-0.20399
-0.084997
0
-0.16999
-0.56098
-0.76497
-1.122
-1.3429
-1.4619
-1.7351
-2.1029
-1.4873
-1.122
-1.224
-1.241
-1.071
-0.71397
-0.54398
-0.30599
0
0.067998
0.016999
-0.18699
-0.35699
-0.62898
-0.67998
-0.83297
-0.84997
-0.90097
-0.76497
-0.56098
-0.56098
-0.57798
-0.87884
-1.6757
-1.3971
-1.02
-0.81597
-0.73097
-0.62898
-0.57798
-0.56098
-0.78197
-0.86697
-1.054
-1.2749
-1.2749
-1.173
-0.93496
-0.83297
-0.76497
-0.88397
-1.054
-1.054
-0.95196
-0.78197
-0.95196
-1.5774
-2.9243
-2.3435
-1.8529
-1.8019
-1.7169
-1.6999
-1.6149
-1.6149
-1.5979
-1.5639
-1.4109
-1.4109
-1.4789
-1.4959
-1.5809
-1.5639
-1.4789
-1.3259
-1.3259
-1.4789
-1.6659
-1.9039
-2.0059
-2.5013
-3.0557
-1.9154
-1.3599
-1.3769
-1.3259
-1.4109
-1.4789
-1.4449
-1.4789
-1.4279
-1.2919
-1.19
-1.105
-0.71397
-0.45898
-0.32299
-0.22099
-0.27199
-0.22099
-0.32299
-0.49298
-0.71397
-1.037
-1.6675
-2.4972
-1.7351
-1.2919
-1.19
-1.173
-1.4109
-1.5129
-1.5299
-1.4109
-1.224
-0.98596
-0.76497
-0.74797
-0.67998
-0.64598
-0.64598
-0.61198
-0.45898
-0.44198
-0.42499
-0.52698
-0.62898
-1.003
-1.5999
-2.4972
-1.5549
-0.98596
-0.74797
-0.50998
-0.52698
-0.64598
-0.64598
-0.78197
-0.86697
-0.76497
-0.52698
-0.40799
-0.37399
-0.45898
-0.69697
-0.91797
-1.139
-1.054
-0.98596
-0.93496
-0.93496
-1.003
-1.4647
-2.4315
-1.5774
-1.139
-0.91797
-0.66298
-0.57798
-0.67998
-0.76497
-0.74797
-0.95196
-1.105
-1.139
-1.19
-1.3939
-1.4959
-1.5809
-1.6149
-1.4789
-1.2749
-1.071
-1.122
-1.139
-1.173
-1.4873
-2.2343
-1.3971
-1.088
-1.173
-1.173
-1.071
-0.96896
-0.93496
-0.86697
-1.088
-1.3769
-1.5639
-1.6319
-1.5639
-1.2749
-1.003
-0.95196
-0.93497
-0.74797
-0.90097
-1.088
-1.19
-1.003
-1.1943
-1.9386
-1.3746
-1.2749
-1.5469
-1.7849
-1.7679
-1.6319
-1.2919
-0.95196
-0.95196
-1.3429
-1.7679
-1.9209
-1.8869
-1.5129
-0.90097
-0.33999
-0.016999
0.016999
-0.067998
-0.30599
-0.44198
-0.61198
-1.1492
-2.3329
-2.2083
-1.9209
-2.1929
-2.1589
-2.0399
-1.9039
-1.7679
-1.5129
-1.3089
-1.3089
-1.2919
-1.3259
-1.3939
-1.6319
-1.6829
-1.8359
-1.8359
-1.7679
-1.6829
-1.7169
-1.8189
-1.7849
-2.3435
-3.3186
-2.2534
-1.6319
-1.6489
-1.7169
-1.6659
-1.5299
-1.5979
-1.5809
-1.6149
-1.7339
-1.9209
-1.9889
-1.9889
-1.8699
-1.6829
-1.3429
-1.3089
-1.02
-0.67998
-0.54398
-0.62898
-0.90097
-1.307
-2.2015
-1.3295
-0.74797
-0.61198
-0.61198
-0.66298
-0.62898
-0.79897
-0.84997
-0.76497
-0.71397
-0.66298
-0.62898
-0.69697
-1.037
-1.2919
-1.4109
-1.3769
-1.4279
-1.3769
-1.2409
-1.3089
-1.2919
-1.5323
-1.9715
-1.2619
-0.78197
-0.64598
-0.61198
-0.57798
-0.61198
-0.67998
-0.84997
-0.88397
-0.91797
-0.98596
-1.037
-1.037
-0.98596
-1.071
-0.90097
-0.95196
-0.95196
-0.86697
-0.64598
-0.40799
-0.136
0.067603
-0.19715
-0.49575
-0.64598
-0.59498
-0.44198
-0.16999
0.067998
0.136
0.084997
-0.016999
0.084997
0.016999
0.033999
0.033999
-0.050998
-0.20399
-0.45898
-0.59498
-0.66298
-0.79897
-0.81597
-0.76497
-0.61198
-0.49575
-0.36144
-0.20281
0.15299
0.39099
0.56098
0.16999
-0.40799
-1.02
-1.6149
-1.7849
-1.6829
-1.3259
-1.003
-0.66298
-0.59498
-0.67998
-0.57798
-0.54398
-0.59498
-0.67998
-0.61198
-0.71397
-0.83297
-1.1042
-1.3472
-0.65349
-0.40799
-0.25499
-0.42499
-0.47598
-0.49298
-0.42499
-0.61198
-0.78197
-0.98596
-1.207
-1.2919
-1.2579
-1.207
-1.2919
-1.3769
-1.4109
-1.3599
-1.3089
-1.224
-1.122
-1.207
-1.4647
-1.7086
-0.96897
-0.66298
-0.76497
-0.69697
-0.74797
-0.76497
-0.86697
-0.79897
-0.84997
-0.86697
-0.79897
-1.054
-1.173
-1.156
-0.95196
-0.61198
-0.18699
0.15299
0.33999
0.28899
0.033999
-0.32299
-1.2168
-2.2015
-1.4647
-0.98596
-0.66298
-0.37399
-0.25499
-0.39099
-0.67998
-0.86697
-0.90097
-0.74797
-0.62898
-0.54398
-0.61198
-0.39099
-0.15299
0.23799
0.49298
0.62898
0.45898
0.20399
-0.016999
-0.40799
-1.1492
-2.1686
-1.645
-1.241
-1.2919
-1.241
-1.2579
-1.3939
-1.3769
-1.173
-1.088
-1.003
-0.69697
-0.59498
-0.66298
-0.64598
-0.59498
-0.61198
-0.64598
-0.57798
-0.57798
-0.71397
-0.90097
-0.95196
-1.5999
-2.4643
-1.7126
-1.156
-0.86697
-0.64598
-0.30599
-0.49298
-0.64598
-0.90097
-1.19
-1.4449
-1.6149
-1.4959
-1.3599
-1.156
-1.02
-0.91797
-0.73097
-0.56098
-0.42499
-0.62898
-0.56098
-0.40799
-0.36055
-0.78859
-0.7211
-0.93496
-1.224
-1.5129
-1.6149
-1.6319
-1.6659
-1.5299
-1.4959
-1.4619
-1.3599
-1.173
-0.96896
-0.78197
-0.35699
-0.16999
-0.067998
-0.35699
-0.71397
-1.173
-1.6319
-1.9379
-2.7266
-3.6472
-1.9154
-0.86697
-0.54398
-0.35699
-0.22099
-0.25499
-0.30599
-0.23799
0.067998
0.32299
0.54398
0.56098
0.28899
-0.16999
-0.69697
-0.95196
-1.071
-0.83297
-0.45898
-0.39099
-0.50998
-0.74797
-1.2168
-1.7743
-0.94644
-0.22099
0.102
0.18699
0.050998
-0.136
-0.33999
-0.33999
-0.119
0.033999
0.102
0.136
0.033999
-0.23799
-0.45898
-0.64598
-0.59498
-0.59498
-0.35699
-0.22099
-0.33999
-0.49298
-1.0816
-1.8072
-1.4197
-0.83297
-0.62898
-0.44198
-0.27199
-0.15299
-0.119
-0.32299
-0.45898
-0.74797
-0.90097
-1.071
-1.071
-0.96896
-0.78197
-0.62898
-0.69697
-0.86697
-1.037
-1.003
-0.96896
-0.78197
-0.7211
-0.92002
-0.81123
-0.66298
-0.56098
-0.54398
-0.54398
-0.57798
-0.66298
-0.86697
-1.122
-1.156
-1.4109
-1.5639
-1.6829
-1.6829
-1.4959
-1.2579
-1.037
-1.037
-1.207
-1.4279
-1.6659
-1.8529
-2.5914
-3.9429
-2.8843
-2.2099
-2.1249
-1.9719
-1.7849
-1.5299
-1.3769
-1.3599
-1.3769
-1.156
-0.93496
-0.69697
-0.57798
-0.73097
-0.88397
-1.037
-1.054
-1.19
-1.4959
-1.6659
-1.8189
-1.8019
-2.2309
-2.9243
-1.8929
-1.5299
-1.6149
-1.8529
-1.9719
-1.8699
-1.4959
-1.2919
-1.2919
-1.3429
-1.4449
-1.4449
-1.241
-0.98596
-0.95196
-0.83297
-0.69697
-0.76497
-0.81597
-0.86697
-0.95196
-1.19
-1.7577
-2.4643
-1.5323
-1.02
-0.98596
-0.83297
-0.86697
-0.84997
-0.98596
-1.003
-1.02
-1.003
-0.96896
-0.98596
-1.003
-1.003
-0.88397
-0.98596
-0.90097
-1.003
-1.207
-1.3769
-1.4109
-1.3429
-1.7126
-2.1686
-1.3521
-0.98596
-0.93497
-0.79897
-0.62898
-0.73097
-0.73097
-0.79897
-0.76497
-0.69697
-0.50998
-0.35699
-0.35699
-0.40799
-0.61198
-0.71397
-0.79897
-0.69697
-0.64598
-0.61198
-0.56098
-0.59498
-1.0591
-1.61
-1.1042
-0.67998
-0.67998
-0.54398
-0.61198
-0.67998
-0.57798
-0.47598
-0.57798
-0.67998
-0.90097
-0.95196
-0.98596
-0.91797
-0.59498
-0.47598
-0.33999
-0.28899
-0.25499
-0.28899
-0.27199
-0.15299
-0.45069
-0.8543
-0.65349
-0.42499
-0.49298
-0.44198
-0.37399
-0.40799
-0.39099
-0.39099
-0.42499
-0.56098
-0.64598
-0.88397
-1.105
-1.3599
-1.3599
-1.241
-0.98596
-0.84997
-0.86697
-1.003
-1.173
-1.224
-1.6675
-2.4315
-1.6225
-1.3259
-1.4109
-1.3939
-1.224
-0.93496
-0.83297
-0.67998
-0.76497
-0.98596
-1.2579
-1.2749
-1.2749
-1.139
-1.088
-1.122
-1.241
-1.3769
-1.5129
-1.8019
-2.0059
-1.9379
-2.2534
-2.76
-1.5999
-0.86697
-0.91797
-1.02
-1.173
-1.3599
-1.6149
-1.8699
-2.0399
-2.2439
-2.1419
-1.9379
-1.6319
-1.4619
-1.2919
-1.122
-0.98596
-0.81597
-0.62898
-0.49298
-0.54398
-0.76497
-1.3971
-2.5629
-1.8703
-1.19
-0.83297
-0.64598
-0.42499
-0.52698
-0.78197
-1.088
-1.2919
-1.3429
-1.3769
-1.156
-1.037
-0.78197
-0.28899
0.119
0.25499
0.050998
-0.067998
-0.33999
-0.66298
-1.054
-1.8027
-2.99
-2.2083
-1.4449
-1.207
-0.90097
-0.52698
-0.15299
0.15299
0.35699
0.42499
0.33999
0.136
0.050998
0.033999
-0.22099
-0.49298
-0.66298
-0.57798
-0.52698
-0.50998
-0.49298
-0.71397
-0.74797
-0.9239
-1.3472
-0.99151
-0.71397
-0.57798
-0.67998
-0.69698
-0.49298
-0.37399
-0.50998
-0.67998
-0.83297
-0.71397
-0.42499
-0.15299
0.033999
0.102
-0.050998
-0.54398
-1.139
-1.4789
-1.3939
-0.95196
-0.57798
-0.20281
0
-0.045069
-0.084997
-0.084997
-0.050998
-0.084997
-0.067998
-0.23799
-0.42499
-0.64598
-0.73097
-0.84997
-0.78197
-0.66298
-0.66298
-0.61198
-0.52698
-0.32299
-0.136
-0.136
-0.084997
-0.20399
-0.20399
-0.24788
-0.098573
-0.20281
-0.30599
-0.44198
-0.62898
-0.74797
-0.86697
-0.88397
-1.054
-1.224
-1.2749
-1.156
-1.156
-1.2749
-1.5469
-2.0739
-2.1929
-1.8359
-1.173
-0.64598
-0.42499
-0.45898
-0.69698
-0.76616
-0.88716
-0.31548
-0.27199
-0.42499
-0.61198
-0.69697
-0.71397
-0.79897
-0.86697
-0.90097
-0.86697
-0.93496
-1.071
-1.105
-1.088
-0.96896
-0.83297
-0.57798
-0.54398
-0.61198
-0.61198
-0.76497
-0.86697
-1.5999
-2.7929
-2.2083
-1.5979
-1.4789
-1.2579
-1.156
-1.071
-0.90097
-0.88397
-0.93496
-1.02
-0.88397
-0.83297
-0.74797
-0.66298
-0.67998
-0.86697
-0.78197
-0.57798
-0.56098
-0.57798
-0.52698
-0.44198
-0.56336
-0.65715
-0.36055
-0.33999
-0.22099
-0.050998
0.119
0.20399
0.20399
0.102
-0.22099
-0.45898
-0.54398
-0.47598
-0.56098
-0.57798
-0.59498
-0.67998
-0.66298
-0.62898
-0.66298
-0.81597
-0.67998
-0.45898
-0.40562
-0.39429
-0.067603
0.067998
0.016999
-0.084997
-0.42499
-0.90097
-1.2749
-1.3429
-1.207
-1.02
-0.73097
-0.62898
-0.49298
-0.30599
-0.102
0.119
0.15299
0.20399
0.016999
-0.30599
-0.76497
-1.088
-1.8027
-2.76
-1.7126
-1.2749
-1.224
-1.105
-0.93496
-0.90097
-0.90097
-1.02
-1.156
-1.224
-1.173
-0.93496
-0.88397
-0.71397
-0.61198
-0.64598
-0.88397
-1.156
-1.224
-1.088
-0.61198
-0.22099
-0.045069
-0.55858
-0.7211
-0.83297
-1.054
-1.088
-1.003
-0.88397
-0.86697
-1.02
-1.2409
-1.6829
-2.0569
-2.0739
-1.7339
-1.2409
-1.9549
