-2.7204
-2.4228
-1.9458
-1.8645
-1.4705
-1.3865
-1.0774
-0.63077
-0.22608
0.40837
0.77402
0.82231
0.45835
-0.41384
-1.2455
-1.2956
-1.3923
-1.7221
-1.2602
-0.79567
-0.093857
0.51754
0.56599
0.33095
0
-0.23745
-0.33313
-0.57222
-0.33442
0.2393
0.095881
0.096032
-0.3366
-0.67412
-1.1571
-1.2549
-1.3045
-1.2573
-1.0164
-0.33901
0.19383
0.72719
0.58194
0.97011
0.82467
0.97018
0.97004
0.9213
-0.29083
0.24223
0.048417
0.48382
0.096682
0.33806
0.86836
1.1082
1.6361
1.2013
0.67172
0.1437
0.14345
0.28637
0.47635
1.1884
1.6127
1.3251
1.3692
1.6012
1.9259
1.6397
1.6819
1.4908
1.7651
1.8987
2.2621
2.577
2.431
2.3314
1.7312
0.81718
0.40714
0.31551
0.13472
0.35791
0.57938
0.48835
0.044221
-0.70473
-0.8335
-1.1359
-1.0008
-0.60663
-0.34519
-0.55858
-0.47063
0.17041
-0.042419
0.5913
0.54668
1.1305
1.3756
1.3696
1.8181
1.769
1.5973
1.468
1.2179
0.92964
0.92556
1.2821
0.95737
0.35745
0
-0.31499
0.27443
0.42941
0.77744
0.69674
0.23128
0.38386
0.6881
1.2944
1.4788
2.0016
1.5423
1.0117
0.82116
1.4501
2.2226
2.2881
1.9121
1.319
0.14603
-0.61847
-0.97891
-1.2286
-1.1525
-1.041
-0.96617
-0.57077
-0.035564
0.56734
0.70712
0.74038
0.80865
1.3675
1.3989
1.0465
0.97436
0.72903
1.3162
1.7971
1.7242
1.3077
1.0304
1.1998
1.4029
1.6396
1.6368
1.4981
1.3259
1.4258
1.4579
1.0497
0.54116
0.50679
0.64131
0.94423
0.97716
1.0101
0.77393
0.87439
1.1093
0.94084
0.23514
0
-0.13432
-0.20147
-0.23506
-0.26868
-0.10077
-0.23521
0.13446
0.03363
-0.23554
-0.57239
-0.64019
-0.33721
-0.135
-0.10135
0.067638
0
0.10169
0.47518
0.2719
0.10211
0.034089
0.27315
0.47881
0.68521
0.96105
1.1348
1.1715
1.7954
2.249
2.566
2.5718
2.6475
2.3396
2.3804
2.4917
2.3574
2.2931
2.1933
2.5186
2.3835
2.1764
1.825
1.6869
1.8001
1.8058
1.8478
1.4903
1.3858
1.6831
1.7989
1.5472
1.2939
1.3355
1.2286
1.2704
1.3875
1.5808
1.6244
1.6305
1.4464
0.99338
0.84378
0.84704
0.77303
0.27162
-0.038955
-0.58663
-1.1779
-1.5768
-2.0976
-1.9868
-1.9948
-1.1216
-1.1261
-1.171
-1.3785
-1.669
-1.5531
-1.3131
-0.4532
0.20683
-0.20765
-0.37527
-0.083724
-0.084055
0.042193
0.042358
-0.21261
0.042687
1.0284
2.0646
3.0654
3.5536
4.0452
3.7981
2.7165
1.6269
1.0149
1.417
1.9106
2.3183
2.0129
1.481
0.99049
0.67747
0.45305
0.90885
1.6408
2.3312
1.9712
1.2871
0.64529
0.36971
1.0193
1.9972
2.747
2.8468
2.6661
2.1094
0.98645
0.37655
-0.14148
-0.047246
-0.33131
-0.37927
-0.6173
-0.80845
-0.76198
0.095374
0.66845
0.38241
0.28711
-0.43109
-0.19176
0.14394
0.67219
0.76869
0.28841
0.24045
0.57728
0.72179
0.67378
0.48132
0.38505
0.91442
1.3955
1.347
1.3465
1.346
1.6816
2.1128
2.1114
2.3975
2.0123
1.8668
1.339
1.3376
0.62033
0.14298
-0.1428
-0.095076
0.3323
0.47403
1.0413
0.61434
0.42461
0.56519
1.0344
0.84479
0.28108
-0.093514
-0.18666
0.46573
0.83662
0.83488
0.37027
-0.32329
-0.69126
-1.0576
-0.82582
-0.41197
-0.36536
-1.0024
-1.7728
-2.4035
-3.2121
-2.9788
-2.2512
-1.0331
-0.7169
-0.35758
0.044588
0.4448
0.93179
1.2836
1.413
1.3655
1.8016
2.1041
2.4051
2.1812
1.9585
1.3894
1.2562
1.1668
1.0779
1.2045
1.4164
1.7131
1.8375
0.8528
0.51059
0.29722
0.63557
0.67656
0.80182
0.63177
0.25222
0.54545
0.58633
0.45986
0.37559
0.16664
-0.79023
-0.99657
-0.82917
-0.57953
-0.372
-0.6604
-0.37096
-0.041163
0.49332
0.65696
0.12303
-0.73738
-1.1458
-0.85847
-0.04084
0.73445
1.3861
2.1589
2.4422
2.5219
2.7641
2.5187
2.6798
2.5162
1.9066
0.8921
0.60805
0.40526
0.52671
0.48611
0.081009
-0.081003
-0.48601
0.40502
1.0936
1.5394
1.9043
1.9047
1.4593
1.0137
0.73013
0.771
1.0555
1.4216
1.9506
1.6264
0.97643
0.69208
0.24443
-0.1223
-0.53037
-0.48995
-0.24517
0.12269
0.32746
0.24581
0.12302
0.20523
0.86279
1.2749
1.0704
0.90664
0.12376
-0.2065
-0.12403
0.66224
0.78729
0.70521
0.12459
-0.70683
-0.87416
-0.58345
0.41724
0.79368
0.66915
0.20935
-0.2096
-0.71347
-0.79834
-1.0096
-0.92653
-0.71678
0
0.42259
0.25383
-0.29646
-0.38158
-0.72153
-0.84975
-0.93569
-0.63861
0.2557
1.0664
1.6225
1.1966
1.2832
1.7553
2.6137
2.7873
2.5749
1.632
0.85954
-0.21503
-1.0328
-1.421
-1.8095
-1.207
-0.90571
-0.69038
-1.1223
-0.82049
-0.43198
0.30248
0.95091
0.90788
0.77833
0.5622
0.90826
1.0381
1.6869
1.9463
1.73
1.4703
0.60532
0.56197
0.25931
0.56167
1.2957
1.0794
0.69051
0.60392
1.0779
1.4651
1.2059
0.90386
0.55916
0.12895
0.38655
0.68667
0.98628
1.0711
0.68491
0.34214
-0.81179
-1.1098
-1.1939
-0.89447
-0.51056
-0.25499
-0.084899
0.25439
0.71991
0.42295
-0.25344
-0.75935
-0.58982
0
0.33612
0.8811
1.3407
1.0878
0.50132
-0.083431
-0.87473
-1.3725
-1.3704
-1.9488
-2.2771
-2.6042
-2.0636
-1.4011
-0.78172
-0.12323
0.24608
0.73706
0.98119
1.4286
1.2226
0.69171
0.20312
0.08112
-0.040496
0
0.28259
0.5643
1.1269
1.6073
1.9259
1.8829
1.4001
1.1184
0.5584
0.079657
0.19886
0.039717
0.079325
-0.55452
-0.59335
-0.86911
-0.63128
-0.11822
0.31486
0.74691
1.6099
2.118
2.2724
1.9177
1.3684
0.66401
-0.039022
0.11696
0.46744
0.42813
0.50557
0.66064
0.93201
0.93139
1.3574
1.2791
1.201
1.394
1.7805
1.8959
1.9726
2.4361
2.4742
2.3965
2.1256
2.1255
1.739
1.3526
1.43
1.5462
1.7011
1.3922
0.88975
0.2322
-0.46459
-0.61976
-0.50383
-0.03878
0.11642
0.1165
-0.19432
-0.54457
-0.1168
-0.23383
-0.23407
-0.27338
0.0782
0.9004
1.3719
1.8841
1.6902
1.5746
1.1827
1.3426
1.2262
0.91129
0.55569
0.1193
-0.11952
0.35928
0.64002
0.64136
0.32137
0.28182
0.28246
0.32357
0.32434
-0.040642
-1.0593
-1.5931
-1.7201
-1.3141
-1.4
-1.3626
-1.5736
-1.8273
-1.6661
-1.3369
-1.1733
-1.1349
-1.0541
-1.0152
-1.2307
-1.5327
-1.7514
-1.8002
-1.7633
-1.1652
-1.3424
-1.6948
-2.2242
-2.1884
-2.1963
-2.2043
-2.0354
-1.6876
-1.2927
-1.1633
-0.71857
-0.58604
-0.45251
-0.13627
-0.18239
-1.007
-1.6082
-1.6144
-1.991
-1.7663
-1.8197
-1.6394
-1.7867
-1.6992
-1.2793
-1.522
-1.3845
-0.91054
-0.38483
-0.048284
0.096926
0.82691
0.82994
1.2739
1.2785
0.74024
0.14857
-0.69574
-0.54853
-0.40028
0.35142
0.75552
1.1622
0.70969
0.91531
1.2242
1.4836
1.8985
2.4185
2.6317
2.3802
2.179
1.0923
0.52145
0.15681
0.78591
1.2603
1.1052
1.4239
1.1625
1.0589
0.74257
0.79699
0.63863
0.85283
1.2277
1.9777
2.0872
1.3395
1.0727
0.64425
0.59106
0.43019
-0.21523
-0.53837
-0.64633
-0.53879
-0.48503
-0.48509
-0.539
-0.59286
-0.91607
-1.239
-1.077
-1.3456
-1.291
-1.0751
-1.0205
-0.7513
-0.80417
0.21421
0.32094
0.69447
0.9069
0.95884
0.90415
1.1151
1.4841
1.5872
1.5314
1.6864
2.1563
2.0466
1.6755
1.6194
1.3029
1.8195
2.2816
2.5342
2.0116
1.0288
0.30777
-0.40918
-0.35699
0.15254
0.7097
0.25268
0.050378
-0.50218
-0.75085
-0.049893
0.79565
1.6851
1.7782
1.9198
1.8642
1.4177
1.4128
1.2622
1.0642
0.62661
0.6724
0.28714
0.14305
0
0.33138
0.99054
1.5039
1.8263
1.5863
0.74381
0.09264
0.046153
0.45987
0.68733
1.2784
1.8653
1.8587
1.6714
1.3955
0.80746
1.1176
1.6484
1.9535
1.7699
1.2789
1.1868
1.0076
1.441
1.8717
2.343
2.5087
3.234
3.7829
3.4715
2.7348
1.8321
1.5294
1.4404
1.6053
1.2639
0.16807
-0.33525
-0.083596
0.29184
0.79018
1.0372
0.99334
0.66069
0.3296
0.32887
1.0255
1.4327
2.0017
1.59
0.77315
0.16246
0
0.36425
0.24242
0.3227
0.52357
1.0456
1.3251
1.4035
1.2414
1.5198
2.0373
2.2744
1.9929
1.6325
1.8696
1.6294
1.1515
0.79352
0.5947
0.23772
0.43555
0.4353
0.59329
0.67209
1.1065
1.5407
1.5798
1.382
0.86854
-0.039474
-0.23683
-0.51312
-0.11842
-0.078952
0.6317
1.3031
1.106
0.90872
0.11857
-0.27676
-0.67243
-0.35616
0.079188
0.51501
0.67388
0.63465
0.75416
0.67526
0.91428
1.1935
1.0352
1.0361
1.4758
1.6768
1.5586
1.5201
0.88099
0.6414
0.52171
0.60264
0.68377
0.20134
0.040317
-0.40365
-0.72747
-0.72838
-0.20258
0.48682
0.64994
0.56944
0.040728
-0.53017
-0.40837
0.040893
0.65517
1.1071
1.7245
2.2203
2.7586
2.8448
2.89
2.5633
2.8151
2.9848
2.7813
2.2862
1.4568
1.4587
1.2103
1.2118
1.4226
1.5501
1.3842
1.2179
0.79893
-0.084198
-0.59007
-0.42196
-0.084487
0
-0.55035
-1.1018
-2.0786
-2.0807
-1.7426
-1.3188
-1.1922
-0.80969
-0.55445
-0.38414
0.085428
0.85487
1.497
1.1984
0.72799
-0.21423
-0.77161
-0.85773
-0.64356
-0.6438
-1.0304
-0.42945
-0.55842
-0.51556
-0.73048
-0.85947
-0.81654
-0.73059
-0.38676
-0.04297
-0.30075
-0.81617
-0.90188
-0.94456
-1.2018
-1.1584
-1.158
-1.0717
-1.0712
-1.4132
-1.7547
-1.9674
-1.4105
-0.55523
-0.21339
-0.21322
-0.38347
-0.93653
-1.0633
-1.1047
-1.3583
-1.5689
-1.3978
-0.88851
-0.5494
-0.21106
-0.16864
-0.33687
-0.84111
-1.008
-0.83891
-0.754
-0.50197
-0.41773
-0.29199
-0.45819
-0.58229
-0.74756
-0.49763
-0.33125
0.24806
0.61919
0.78309
0.86417
0.65738
0.12306
0
0.40891
0.97983
1.1006
1.872
2.2347
2.434
2.4302
2.4668
2.4629
2.3784
2.254
1.6879
1.2439
1.0417
1.5602
1.6777
2.114
2.3897
2.1477
1.5092
0.59491
0.47528
-0.039553
0.43452
1.0652
1.5761
1.6922
1.1792
0.94226
0.62747
0.901
1.0957
1.0555
0.15622
-0.58525
-0.81861
-0.89579
-0.81722
-0.77769
-0.66054
-0.11648
0.038803
0.077557
-0.65886
-1.0846
-1.1615
-1.1223
-1.3927
-1.4309
-1.1212
-1.0436
-1.0047
-1.0046
-1.2363
-1.7384
-1.4294
-0.77267
-0.038637
0.42507
0.6957
0.96649
0.54139
0.46421
0.038699
-0.50331
-0.7747
-0.81387
-0.73679
-0.93127
-0.54361
-0.93258
-1.1277
-1.6346
-1.5971
-1.7155
-1.8732
-1.9532
-1.7989
-1.3702
-0.70546
0
0.35357
0.62935
0.90585
1.0648
0.55287
0
-0.83164
-1.7847
-2.1846
-2.1481
-2.0718
-2.2347
-2.1584
-1.5614
-1.1229
-1.0042
-0.5231
-0.56431
-0.040379
0.36405
0.89149
1.2991
1.3421
0.85561
0.61227
0
0.28678
0.57463
0.9458
1.1948
1.2795
1.3233
1.1186
1.0376
0.70689
0.24995
-0.45908
-0.29267
0.083771
0.6294
1.3451
1.3053
1.0123
1.0563
1.2697
1.6957
1.6559
1.616
1.15
0.5119
-0.042721
-0.59896
-0.85685
-1.1583
-0.64435
-0.7742
-1.1627
-1.2934
-1.3812
-1.4259
-1.5138
-1.1256
-0.90997
-0.56379
-0.39062
-0.17373
-0.43461
-1.0437
-1.2183
-1.2623
-1.3064
-1.5681
-2.0478
-2.571
-2.7456
-2.397
-2.179
-2.0479
-1.9604
-1.3501
-1.1319
-1.1749
-1.1308
-0.82586
-0.82529
-0.43403
-0.39029
-0.47658
-0.43281
-0.34587
-0.64774
-0.7763
-1.1198
-1.5483
-1.8036
-1.5006
-0.47084
0.72638
1.0662
1.4473
1.6144
2.0774
2.1575
2.2371
2.1478
1.8065
2.0117
2.2992
2.2933
2.2871
2.0321
1.3647
0.94843
0.69896
0.49191
0.69474
0.65183
1.0559
0.89054
0.80692
0.76401
0.6412
0.63899
0.91535
1.507
1.6992
1.8111
1.7653
1.4461
0.70089
0
-0.19323
-0.26948
0.3068
0.91683
0.79911
0.26533
-0.15102
-0.37607
-0.74916
-0.63426
-0.33445
0.22208
0.36866
0.80783
1.4264
1.1293
1.0159
0.61438
0.46797
0.28685
0.28572
0.32018
0.035438
-0.1059
-0.1055
0.24522
0.48859
0.73013
0.93525
1.0699
1.4098
1.3362
1.4339
1.1907
1.4577
1.3852
1.0775
0.97319
1.0704
0.93354
0.565
0.19879
-0.23122
-0.55986
-0.55823
-0.26195
-0.19591
-0.29307
-0.032477
-0.032394
-0.2585
-0.90256
-1.0934
-1.508
-1.5047
-1.5335
-1.6898
-1.9411
-2.2234
-2.2512
-2.279
-2.1806
-2.1142
-2.3003
-2.4546
-2.3259
-1.7581
-1.8504
-1.7234
-1.5028
-1.0637
-0.40644
0.24998
0.87455
1.0928
1.4047
1.4358
1.5294
1.1549
0.93661
1.218
1.2809
1.6254
1.6577
1.0955
0.21929
-0.47036
-0.87893
-0.6914
-0.31468
0.031512
0.56807
0.75866
1.2033
1.2372
1.1125
1.1786
1.1811
1.0239
0.57733
0.25724
-0.064481
-0.42029
-0.61603
-0.45528
-0.22835
-0.19636
0.19701
0.62603
1.1242
1.2943
1.4991
1.5718
1.3431
1.5847
1.693
1.6663
1.6054
1.6127
1.4134
1.2816
1.0791
1.0495
1.1955
1.4491
1.8121
1.3218
1.0058
0.75855
0.54491
0.21923
0.14701
0.22184
0.1116
0.074857
0.037663
0.15161
-0.34331
-0.84469
-0.42513
0.23344
1.6843
3.155
3.693
3.3589
2.698
1.9061
1.2662
0.94628
0.70453
0.45922
-0.042057
0.16948
-0.085377
-0.25806
-0.30336
0.043668
0.39602
0.088681
0.089366
0.27017
0.54454
1.0976
1.2444
1.3005
0.98302
1.1794
1.046
0.91039
0.57946
0.5353
0
-0.29652
-0.44821
-0.55202
-0.60681
-0.91713
-0.9754
-1.4999
-2.0322
-1.3648
-0.89893
-0.53262
0.26823
1.0806
2.1763
2.9585
2.6479
1.8328
0.50318
0
-0.056642
-0.51303
-0.8604
-0.57712
-0.17418
0.1168
0.41117
1.1814
1.6037
2.1497
2.461
2.8355
2.607
2.6194
2.6927
2.0286
1.6051
1.4258
1.1203
0.49981
0
-0.44045
-0.69442
-0.69659
-0.12703
0.44582
0.70239
1.0241
0.89811
0.12856
-0.1288
-0.064511
-0.064608
-0.45286
-0.84198
-1.3614
-1.0381
-0.38951
0.51956
1.3642
0.90949
1.1692
0.90911
0.32453
0.51891
1.1018
0.97121
1.1641
1.098
0.7739
0.12877
-0.12854
-0.19243
-0.38405
-0.063864
0.31855
0.63548
0.57039
0.1264
0.50409
0.25126
0.56353
1.1857
1.4925
1.6731
1.7287
2.2757
2.7569
2.8069
2.3092
1.3918
0.36154
-0.17998
0
-0.47566
-0.17755
0.23564
0.058631
-0.2334
-0.52262
-0.4045
-0.86251
-1.0299
-0.6262
0.16992
0.50717
1.1213
0.39044
-0.33294
-1.1593
-1.5926
-1.6936
-2.0653
-1.7842
-2.0439
-2.0868
-2.4487
-1.6417
-0.94834
-0.26208
0.26075
0.051885
-0.46461
-0.56501
-0.5622
-0.712
-0.65791
-0.10073
0.85206
1.696
1.8866
2.3226
1.8201
1.469
1.4625
1.1648
0.53155
-0.24058
-0.7187
-0.62029
-0.47521
-0.37865
-0.70718
-0.56357
-0.093574
0.55937
0.18579
-0.18513
-0.18449
-0.36775
-0.045818
0.54807
1.457
1.5888
1.4936
1.2186
0.99019
0.94267
0.94025
1.1166
0.53468
0.35564
0.48792
0.53116
0.79513
0.61724
0.79215
0.21966
-0.21929
-0.30653
-0.17491
-0.17466
-0.34888
-0.21779
0.13053
0.39119
1.1291
1.3884
1.4741
1.4298
1.0825
0.95216
0.82197
0.8217
0.12971
-0.043229
0.47548
0.64837
1.0807
1.2538
1.6
1.5139
1.2116
1.4285
1.7757
2.2967
2.4283
2.2998
1.9107
1.4342
1.4789
1.4803
1.5253
1.7451
1.878
1.8364
1.4008
1.3587
1.7554
2.1093
2.7282
2.8201
2.0298
1.5025
0.84089
0.31027
-0.22197
-0.044463
0.31174
0.044606
-0.22339
-0.93979
-1.3896
-1.4368
-1.2143
-0.99113
-0.9928
-1.3109
-1.3584
-1.9049
-2.9076
-3.231
-2.8716
-2.1915
-1.0518
-0.091608
0.64227
0.73517
0.9664
0.59915
0.64619
0.60091
0.46289
0
-0.46416
0.046476
0.32575
0.5591
0.88629
0.93399
0.748
0.42118
1.0306
1.8755
2.3464
2.1135
1.5511
0.65848
0.23532
0.518
1.1779
1.2255
0.75446
0.61319
0.04718
0.28313
0.23597
0.28317
0.14158
0.33033
0.66054
0.89623
1.509
1.7912
1.8846
1.1773
0.14119
0.23515
0.51694
1.4556
2.2988
2.156
1.7324
1.2628
1.3547
1.5397
2.0968
2.6524
3.0203
2.4126
1.9456
1.1099
0.13851
-0.32262
-0.41405
0.45919
0.73329
1.052
0.86729
0.77438
1.0909
1.2246
0.72406
0
-0.045046
0.62916
1.4795
2.0125
2.409
2.314
2.1306
2.3464
1.9429
1.5414
1.3177
1.4456
1.398
1.3507
1.4339
1.3
1.426
0.99114
1.1173
1.0714
1.1966
1.4916
1.4449
0.76282
0.084523
-0.25287
-0.084056
0.16765
0.20899
-0.041684
-0.70671
-0.91211
-0.57888
-0.53611
-0.61697
-0.6564
-1.1457
-1.3877
-1.3028
-0.89349
-0.97234
-0.72751
-0.12097
0.52297
1.0436
1.4016
1.4385
0.95697
0.07958
-0.079418
-0.079259
0.47463
0.86852
0.86693
0.19668
-0.19634
-0.50964
-0.58711
-0.977
-0.74143
-0.54554
-0.31132
0
-0.038818
0.34896
0.15492
0.50299
0.54117
0.73381
1.1191
1.581
1.3873
0.88583
0.076989
-0.88499
-1.6155
-2.1149
-2.0376
-2.3063
-2.3831
-2.0372
-2.0374
-2.0377
-2.0382
-1.1925
-0.15394
1.0011
1.5409
1.4263
1.2344
1.2354
1.6614
1.8564
1.7034
1.3177
1.0476
0.73811
0.89467
1.4802
1.7554
2.0316
1.9957
1.803
1.8061
2.0454
1.931
1.382
0.43521
-0.31717
-0.39731
-0.47782
-0.039908
0.52001
0.60144
0.80387
1.0073
1.1311
1.377
1.5025
1.3844
0.8166
0.45039
0.57485
1.153
1.4042
1.9882
1.7865
1.5419
0.9196
0.83859
1.0515
1.1814
1.6085
1.6561
1.1502
0.42738
0
-0.2581
-0.12947
0.47629
0.30409
-0.39226
-1.1369
-1.0529
-0.70424
-0.044159
0.13291
0.35557
-0.22295
-0.98411
-1.436
-1.8457
-1.5353
-0.99654
-0.95415
-1.0938
-1.6455
-1.6504
-1.6092
-0.73772
-0.23118
0.18546
-0.092977
-0.18644
-0.56076
-0.98379
-1.268
-1.2239
-1.4154
-1.8914
-2.4641
-2.5167
-2.8547
-2.0974
-1.1461
0
0.76666
1.3437
1.586
1.2513
0.28911
-0.82011
-1.4005
-1.4502
-0.4838
0.19367
0.29069
0.82406
1.2124
1.2613
1.213
1.4558
1.0676
0.63079
0.097023
0.43646
1.018
1.0659
1.3556
0.87082
0.67671
0.57947
0.28942
0.19271
-0.24058
-0.38438
-0.52773
-0.71847
-0.81287
-0.19092
-0.42874
-0.5705
-0.47442
-0.52072
-0.18892
-0.42405
-0.37601
-0.93762
-0.51433
0.093261
0.88351
1.1128
0.83215
0.96792
0.87304
0.9161
1.4154
1.6838
1.3154
0.54244
0.31534
0.26935
0.31313
0.31201
-0.044412
-0.39825
-0.22043
-0.48315
-0.5251
-0.87186
-1.1726
-1.1681
-1.4653
-1.2021
-0.9836
-1.278
-1.4852
-1.5218
-0.92636
-0.33556
0.79387
1.207
0.8707
0.24782
-0.12344
-0.08198
-0.61253
-0.56956
-1.3375
-1.6153
-1.9313
-1.804
-1.8375
-1.9106
-1.4279
-0.94865
-0.78785
-0.35334
-0.70433
-0.62403
-0.46652
-0.31003
-0.27043
-0.53922
-1.1136
-0.95722
-1.2217
-1.2945
-1.177
-1.136
-1.0198
-1.2433
-1.3154
-1.7997
-1.5337
-1.2317
-1.0801
-0.92917
-0.59348
0.074043
0.81298
1.328
1.8045
1.7281
1.5419
1.2098
0.91527
0.54847
0.073043
-0.47426
-0.47378
-0.80104
-0.29104
-0.25447
-0.10899
0
0.3629
0.79805
0.87032
1.1964
1.2325
1.0874
0.6887
0.50751
0.50761
0.18134
0.32653
0.036297
0.072632
0.36338
1.2363
2.0379
2.2218
2.4426
2.2991
2.0824
1.9751
2.0875
2.4569
2.7542
3.0525
2.5415
2.103
1.8479
2.4065
2.7818
2.7872
2.5321
1.8283
1.1966
0.82444
0.60094
0.45175
0.15094
0.075657
-0.037923
-0.1901
0.30496
0.72623
0.57491
0.57652
0.65524
0.6958
0.42646
0
0.31203
0.313
0.70645
1.0631
1.422
1.1888
1.0735
1.1968
1.2008
1.5262
1.8942
2.5478
2.6379
2.688
1.8801
1.3126
0.94683
0.70237
0.33174
0.083239
0.37596
0.62892
0.29459
0.042241
0.212
-0.17024
-0.64079
-0.68609
-0.47347
-0.25923
-0.21685
-0.34827
-0.56808
-0.61409
0
0.22098
-0.31054
-1.0687
-1.1621
-0.67295
0.27019
0.99436
1.2249
1.0017
0.91399
1.1925
1.1508
0.73917
0.41727
0.27917
0.56031
1.1714
2.2099
2.2647
2.6985
2.8026
2.812
2.6779
2.5907
2.5029
1.4486
0.38752
-0.29155
-0.097484
0
-0.049038
-0.14755
-0.49327
-0.34628
-0.099217
-0.099493
-0.24941
0
-0.1003
-0.30167
-1.109
-1.2128
-1.4184
-1.5741
-0.86522
-0.8672
-0.92025
-1.4859
-1.5404
-1.3892
-1.4435
-0.77483
-0.20701
0.20739
0.41553
0.36422
0.67753
1.3572
2.3527
3.0893
3.5657
3.6756
3.5227
2.6848
1.8448
1.8469
2.0602
2.4324
2.1701
1.9072
1.1135
0.53064
0.53102
0.69079
0.95705
0.90438
0.69192
-0.10649
-0.74574
-1.3854
-1.9187
-2.2389
-2.4525
-2.0794
-2.0261
-1.5462
-1.1729
-0.69295
-0.95927
-0.79917
-0.53261
-0.74537
-0.69183
-0.6383
-0.4253
-0.58443
-0.53096
-0.21223
-0.3181
-0.15892
-0.26464
-0.42303
-0.79241
-1.0555
-0.73803
-0.31594
0
0.84049
1.0493
0.68112
0.4709
-0.052248
-0.46954
-0.6251
-0.31206
-0.25963
-0.051841
0.20701
0.4133
0.41256
0.46328
0.87344
1.3846
1.433
1.6345
1.3763
0.81388
0.2538
0.4052
0.55592
1.2606
1.7609
2.1082
1.6025
0.99915
0.39869
0.19886
0.049591
0.74198
1.1348
0.88581
0.53991
0.048952
-0.24411
-0.14607
-0.09711
-0.43578
-0.82084
-1.3
-0.96022
-0.62234
0.047733
0.76149
1.7557
1.5139
1.415
1.2697
0.79697
1.1684
1.4443
1.254
1.2501
1.2
1.7022
1.7885
1.6456
1.4124
0.90828
0.45265
0.94743
1.2141
1.3445
1.1613
1.0239
0.97608
0.88434
0.83728
1.0979
1.1379
0.87234
1.0432
0.86634
0.73384
0.90337
0.9431
0.98253
0.76626
0.72116
0.33818
-0.337
-0.37779
-0.66927
-0.50019
-0.12461
-0.12417
-0.20622
-0.78087
-1.1058
-1.2651
-1.5453
-1.4588
-1.0095
-1.1267
-1.1228
-1.1188
-1.2344
-1.2698
-1.0281
-0.55167
-0.39269
-0.1174
-0.38999
-0.42751
-0.73591
-0.4246
-0.11541
0.34505
0.76421
1.0663
0.83502
-0.075659
-0.7541
-1.0147
-1.2736
-0.93344
-0.52104
-0.1113
-0.036981
0.036864
0.44099
0.43962
0.40174
0.50975
0.65341
1.0134
1.6238
1.5471
1.0762
0.75119
0.71338
1.2805
1.2769
1.4149
0.81137
0.49256
0.42108
0.83996
1.2218
0.41785
0
-0.79693
-1.4863
-1.7242
-1.6514
-0.99545
-0.44524
0.41009
1.023
0.98685
1.1886
1.2201
1.6236
1.8906
1.9882
1.4464
0.83943
0.60335
0.70275
0.73503
1.0675
1.3323
1.3304
0.83034
0.13268
0.16563
-0.066171
0.42961
0.85826
1.1871
1.3506
1.2177
1.118
0.68994
0.85356
1.0826
1.5409
1.5727
1.6047
2.0294
2.1268
2.4858
2.5832
2.3865
1.9285
1.3073
0.62097
-0.065367
-0.26149
0.13077
0.75208
0.81771
0.68712
-0.065467
-0.39299
-0.65534
-0.52459
-0.45933
-0.91933
-1.1172
-1.4471
-1.5472
-1.6146
-1.3524
-0.95768
-0.7935
-0.59587
-0.36462
0.033193
0.36566
0.76571
0.33344
0.30059
0.40147
0.46921
0.23503
-0.3364
-0.53929
-0.5066
-0.16922
0.10175
0.033991
-0.51102
-1.3659
-1.3692
-1.2009
-0.72237
-0.31038
-0.13831
-0.27737
-0.52149
-0.52295
-0.73423
-0.73638
-0.28136
0.14111
0.4954
0.49696
0.24928
-0.60735
-1.147
-1.1869
-1.0105
-0.83292
-0.65415
-0.40118
-0.21962
-0.14695
-0.1475
-0.18507
-0.40871
-0.2238
-0.11234
-0.37594
-0.52843
-0.83376
-0.76107
-0.72601
-0.34534
-0.19267
-0.54177
-0.69957
-0.97586
-1.2154
-1.6539
-1.3053
-0.83441
-0.47897
-0.72175
-0.40282
-0.16188
0.48791
0.85786
0.53358
-0.04124
-0.49726
-0.16656
0.62762
1.5137
2.4929
2.2929
1.8776
0.8577
0.2586
-0.12995
-0.087072
0.43757
1.2754
2.166
2.6659
3.2155
2.7383
2.1207
1.2246
0.72946
0.18331
0.23034
0.50939
1.0241
1.357
1.9286
1.8914
1.3309
0.52562
0.24017
0
0.38831
1.2198
1.6677
1.775
1.7842
1.7437
1.7027
1.5102
1.518
1.5767
1.0225
1.2332
1.2912
1.0901
0.36521
0
-0.4743
-0.74148
-0.15968
0.10698
0.16125
0.16204
0.54274
0.65441
0.49315
0.38537
-0.16593
-0.38898
-0.83735
-1.2337
-1.5209
-1.5277
-0.85246
-0.74201
-0.80252
-0.86349
-0.75149
-0.6385
-0.17484
0.29257
1.3511
1.946
1.9534
1.9607
1.0734
1.0174
1.0209
1.2655
0.786
0.66724
0.3651
-0.36623
-0.61222
-0.9824
-0.49259
-0.18522
-0.24762
-0.3103
-1.6797
-2.2449
-2.3124
-1.8163
-1.2552
-0.75455
-0.44095
-0.5048
-0.31601
-0.31648
-0.063382
-0.31731
0.95301
2.3532
3.2465
3.5038
3.3149
3.0616
2.2971
2.4255
2.4259
2.426
2.1704
2.1061
1.9778
1.403
1.1472
0.38212
-0.063632
0.063569
0.50798
0.63419
0.88664
1.1382
0.94698
0.81926
0.3774
0.56495
0.68901
0.99989
1.5586
1.2437
0.24807
-0.61843
-0.18499
0.49179
1.4094
1.588
1.2782
0.72783
0.36258
0.96323
0.47974
0.71673
1.0707
2.073
2.182
1.9374
2.0455
1.687
2.4315
2.6502
2.2358
1.1408
0.28372
0.39513
0.22459
0.61428
0.83305
1.1045
0.93356
0.76441
0.59713
0.3238
0.26823
0.2133
-0.159
-0.42141
-0.20941
0.2081
-0.051699
0.051372
0.25522
0.76076
0.90702
1.1515
0.94501
0.4447
0.098173
-0.14629
-0.04844
-0.62554
-1.0516
-1.5668
-2.028
-2.3424
-1.7218
-0.87825
-0.09183
0.77534
1.0873
1.4851
1.9222
2.6644
2.735
2.5417
2.0896
1.6435
0.94528
0.3842
0.084827
-0.42141
-0.7537
-0.41607
-0.57883
-0.53413
-0.65331
-0.44638
-0.64532
-0.84186
-0.63757
-0.19806
0.51192
1.1745
1.6348
1.5868
1.4624
1.4543
1.2941
0.87066
0.48948
0.14982
-0.29807
-0.55603
-0.47946
-0.1468
-0.03652
0
-0.14469
-0.46808
-0.43011
-0.10705
-0.071055
-0.17688
-0.10568
0.070168
0.27955
0.27846
0.34675
0.4491
0.30979
0.4116
0
0.068139
0.40752
1.1849
1.5863
1.5144
1.4095
1.3722
1.402
1.6981
1.7937
2.0547
1.8518
1.749
1.3174
0.75608
0.36097
0.42589
0.35981
0.52262
0.61978
0.22806
-0.16272
-0.39015
-0.09745
-0.032458
0.097309
0.12967
0.12962
-0.29154
-0.84204
-1.2629
-1.6839
-1.9108
-1.9436
-2.3331
-2.8204
-3.0166
-2.7265
-2.3713
-1.9182
-1.497
-1.1403
-1.631
-2.0251
-1.7336
-1.1139
-0.032814
0.75606
0.85628
0.62698
0.56215
0.56338
0.3986
0.39955
0.56745
0.87014
1.1745
1.2451
0.77627
0.37238
0.37355
0.88578
1.128
1.029
1.067
1.0363
0.83214
0.62649
0.20964
-0.03508
-0.24657
0.21222
0.39074
0.71353
0.75253
0.89992
0.43395
0.109
0.18253
0.62361
1.1059
1.3337
1.7873
1.7591
1.9188
1.9289
2.0533
1.9879
1.7682
1.4687
1.0883
1.0163
1.1793
1.2256
1.1929
1.3999
1.7299
1.5378
1.4656
1.4744
1.5244
1.1192
0.45872
0.46152
0.59097
1.1892
1.2392
0.42995
-0.17304
-0.26116
0.043795
0.088129
0.26601
0.089215
0
-0.22577
0.18172
0.63987
1.2875
1.5727
1.5356
0.93616
0.14125
0.28415
0.57158
1.006
1.2526
1.2112
0.73073
0.048982
0.83719
1.0892
1.7917
2.1011
2.6648
3.1329
3.1482
3.0613
2.7681
2.2143
2.0174
2.4418
2.8175
2.8292
2.525
1.5843
0.53009
-0.53203
-1.0678
-1.875
-1.6662
-1.2401
-0.70301
-0.21693
-0.10876
0.49068
1.1477
1.5338
2.2507
1.7051
1.6532
1.1592
0.77396
-0.16607
-1.2193
-1.2761
-1.1661
-1.0002
-0.72274
-0.83423
-1.1125
-1.1682
-0.22248
1.0565
1.3894
2.1661
2.1644
2.0515
1.7723
1.3828
1.2704
0.93752
0.88085
0.38465
0.21936
0.54721
0.54595
0.21785
-1.0321
-1.5711
-1.7287
-1.1311
-0.91284
-0.32115
-0.53347
-1.3823
-1.4304
-1.3196
-1.3147
-1.2048
-1.3566
-1.611
-1.9149
-1.9069
-2.6171
-3.4743
-3.815
-3.5954
-2.8733
-2.1074
-1.1486
-0.54675
-0.64307
-1.3784
-1.8126
-1.95
-1.3097
-0.53094
0
0.095571
0.09509
0.42574
-0.14119
-0.093651
-0.23294
-0.13905
-0.18446
-0.2294
-0.36517
-0.81747
-1.0393
-0.85419
-0.67096
-0.89014
-0.5757
0
0.96464
1.7889
2.2578
2.4629
2.2361
2.3966
2.4705
2.6285
2.6163
2.5202
2.467
2.2061
1.9062
1.0727
0.41078
0.081804
0.40729
0.48671
0.080784
0
-0.48081
-0.15964
0.19878
1.2277
1.8149
1.9655
2.3892
2.4588
2.4114
1.8992
1.3521
0.80857
0.84435
1.5304
1.9833
2.1675
1.7061
1.3988
0.56549
0.18798
0.037496
-0.37398
-0.67146
-1.1163
-1.1879
-1.6296
-1.8845
-1.7698
-1.582
-1.3218
-1.1359
-0.69485
-0.69354
-0.72872
-0.72744
-1.0893
-1.2688
-1.1944
-0.61438
-0.39697
-0.50453
-1.0077
-1.1502
-1.2206
-0.53787
0.071636
0.07156
0.46467
0.57135
0.74922
0.89117
1.2466
1.0677
1.1025
1.0662
1.4563
1.5974
1.3837
1.2412
1.2052
0.95664
0.74377
0.28324
0.14158
0.07077
0.17688
0.14148
0.070727
0.31823
0.70709
1.0959
1.2372
1.3433
1.0251
0.7777
0.63633
1.0606
0.77787
0.77796
0.9549
1.4149
1.4151
1.3446
1.3449
1.4868
1.5226
1.2396
0.88568
0.77962
0.85074
1.2056
1.0286
1.4192
1.8811
2.0593
1.6338
1.2435
1.1729
1.2089
1.0315
0.88954
0.56952
0.46291
0.60558
0.71272
0.74865
0.85594
1.7839
2.2129
2.2852
2.1432
2.0369
1.5372
1.0371
0.57244
0.28633
0.14322
0.21492
-0.071669
-0.035848
0.25104
0.96867
1.3638
1.3285
1.5804
1.7607
1.8692
1.834
1.7628
1.4036
1.1161
1.0805
1.2971
1.9104
2.4521
2.7777
2.5984
2.1301
1.5892
1.1201
0.86754
1.0125
1.7365
1.7011
1.4484
1.3765
1.1597
1.0152
0.87058
1.0162
0.72618
0.69021
0.61787
0.43637
0.36383
0.21842
0.54634
0.80176
1.1669
1.2405
1.0953
0.51145
0.29245
-0.03658
-0.73211
-1.0257
-0.73316
-0.47691
-0.22028
-0.18372
-0.25742
-0.40485
-0.44204
-0.44244
-0.47976
-0.33246
-0.25883
-0.037014
-0.037053
-0.037093
-0.074268
-0.22306
-0.7444
-0.89437
-0.85817
-0.44832
0.074818
1.1238
2.0632
2.3667
2.5959
2.0723
1.434
0.98275
0.7572
0.91018
0.94974
1.0656
0.53377
0.15279
0.03827
0.46014
0.57633
0.92403
0.96455
0.92796
0.6975
0.38837
0.38926
0.078035
-0.19556
-0.35286
-0.58957
-0.94572
-0.82966
-0.19806
0.75467
1.633
2.037
2.0027
1.6872
1.1281
0.96987
0.77016
0.89454
1.3053
1.5959
1.3137
1.0709
0.66125
0.24881
0.62418
1.0439
1.9277
2.5655
2.9547
3.2198
2.9341
2.9879
3.2992
3.613
3.5407
3.3378
2.3501
1.7478
1.36
1.5858
1.5481
0.48855
-0.26759
-0.85093
-0.85452
-0.63231
-0.18143
0.091105
0.18299
0.091892
-0.23073
-0.64884
-0.46548
0.18701
0.65738
0.66026
0.71052
0.095151
-0.43006
-0.6719
-0.19281
0.048412
-0.24311
-0.83016
-0.93182
-0.64029
-0.74195
-0.64575
-0.94775
-0.55099
-0.050297
0.20201
-0.050709
-0.66186
-1.0223
-1.8986
-2.4726
-2.482
-1.5571
-0.9898
-0.57512
-0.31482
-0.42122
0.47548
1.7493
2.4995
1.6005
-0.26756
-1.4492
-2.1531
-1.8893
-1.4073
-0.814
-0.92484
-0.3272
0.3826
0.82164
0.60378
0.49496
0.66116
0.49671
0.27639
0.22143
0.27715
0.77696
0.83334
0.7229
0.055652
0.27844
-0.055717
-0.55738
-1.3938
-2.286
-2.6761
-3.0658
-2.2846
-1.7265
-0.94619
-0.22246
0.50006
0.88801
0.99777
1.2732
1.2712
1.876
2.4783
2.7482
1.6453
0.8755
0.60044
0.97998
0.38006
-0.054137
0.10795
-0.053801
0.21449
0.32062
-0.10649
-0.47741
-1.321
-1.2631
-1.3626
0.052185
1.0391
1.4999
1.3899
1.2296
1.2236
0.96379
0.95884
1.6064
2.4468
2.3342
2.2225
1.7189
1.4649
1.3593
1.303
1.1513
0.23841
-0.66344
-1.6483
-1.9655
-1.8135
-1.5708
-1.4688
-1.4592
-0.58887
-0.089991
0.13408
-0.17756
-0.22044
-0.17514
-0.17393
0.4318
0.8147
0.93672
0.76101
1.1334
1.6673
1.8623
1.9723
1.2647
0.60757
0.2815
0.39927
-0.03964
-0.23614
-0.23444
0
0.038516
-0.34417
-0.30374
-0.15079
0.59888
1.5238
2.1034
2.1986
1.6374
0.75877
-0.35881
-0.7483
-0.74315
-1.1247
-1.6755
-2.0456
-1.7564
-1.6078
-1.4613
-1.0466
-0.73788
-0.69979
-0.82774
-0.95409
-0.94809
-0.74725
-0.19373
-0.032091
-0.15949
-0.34878
-0.56736
-0.97141
-1.0593
-1.0532
-0.8317
-0.33696
0.27419
0.42421
-0.1507
-1.1093
-2.0282
-2.2553
-2.4508
-1.7335
-1.1111
-0.69843
-0.49242
-0.31717
-0.40185
-0.71444
-0.91054
-0.9067
-0.47969
-0.028103
0.64382
0.86441
0.72226
0.71961
0.79976
0.93439
1.3421
1.5833
1.551
1.1665
0.62204
0.18877
-0.2958
-0.53635
-0.53495
-0.24012
0.26616
0.6904
0.79484
0.42301
-0.29023
-0.65835
-0.97258
-0.68226
-0.13099
0.23542
0.26121
0.10434
0.18238
0.1041
0.36397
0.93507
1.5572
1.945
2.2289
2.2796
2.0455
2.2778
2.3808
2.484
2.277
2.1995
2.3034
2.5111
2.6933
2.9019
2.9813
3.0351
3.0115
2.8841
2.6268
2.6816
2.7368
2.6619
2.4302
2.5383
2.7781
2.7825
2.4191
1.7913
1.0557
0.37021
-0.10599
-0.61077
-0.82505
-0.77362
-0.61504
-0.64338
-0.64504
-0.45813
-0.18916
-0.027099
0.29896
0.84505
1.0937
0.96004
1.1007
1.0768
0.99729
0.72276
0.39055
0
-0.056199
0.028205
0
-0.39791
-0.68482
-0.8308
-1.1506
-1.242
-1.3052
-1.3108
-1.1702
-1.0871
-0.61974
-0.35572
-0.268
-0.14957
-0.33058
-0.36232
-0.78872
-1.0363
-1.5619
-1.4772
-1.237
-0.93232
-0.81202
-0.72191
-0.50472
-0.50727
-0.54172
-0.54448
-0.70825
-1.0679
-1.3011
-1.5367
-1.2161
-0.52862
0.23249
0.63435
0.60414
0.70855
0.78014
0.81837
0.71987
0.79261
0.62359
0.45276
-0.070025
-0.35198
-0.95536
-0.99598
-0.60789
-0.10784
0.072269
0.32691
0.14605
0.036703
-0.55339
-0.63041
-0.93182
-1.1614
-1.3555
-1.703
-1.9397
-1.9877
-1.4981
-1.3125
-1.125
-1.0135
-1.0576
-1.3775
-1.2654
-0.75487
-0.5189
-0.4411
-0.48341
-1.0117
-1.1382
-1.2657
-0.98423
-0.86496
-0.41366
-0.49851
-0.2503
-0.12567
0.21032
0.80245
0.16962
0.042572
-0.29917
-0.25742
-0.68906
-0.64841
-1.0413
-0.91445
-0.83033
-0.57013
-0.5281
-0.83903
-0.79755
-1.2003
-1.7394
-2.1029
-1.3914
-0.31516
0.36128
1.2683
1.272
1.4123
1.0508
1.237
1.0107
0.73699
0.60037
0.092601
-0.60341
-0.83755
-1.3526
-1.6363
-2.671
-2.3952
-2.118
-1.6037
-1.0399
-0.80517
-0.71186
-0.52305
0
-0.23864
-1.0519
-2.3948
-3.1185
-3.46
-2.888
-1.9765
-1.4001
-0.91864
-1.0168
-1.0181
-1.9904
-3.0623
-3.4067
-3.4594
-3.4633
-3.5159
-3.0795
-2.3976
-1.8121
-1.2745
-1.0303
-0.6383
-0.049137
0.14752
-0.049205
-0.19694
-0.24632
-0.049289
0.098626
0.64135
0.78966
1.1849
1.6297
2.1735
2.174
1.3837
1.0873
0.64255
0.84028
1.384
1.8781
1.6308
0.64235
0.34581
0.69145
1.185
1.1846
0.9868
0.19728
-0.098592
-0.24635
-0.59092
-0.44292
-0.73773
-0.44233
-0.39289
-0.098146
0.34323
0.24495
-0.29367
-0.1467
0.53735
0.87838
1.1211
1.0712
0.7295
0.48575
0.72771
1.3082
1.4032
1.3529
0.96502
0.52999
-0.43298
-0.48035
-0.4796
-0.33518
-0.095607
0
-0.095282
-0.14267
-0.18989
-0.14216
-0.61488
-0.094419
0.28271
0.89351
0.18774
0.2342
0.79466
1.6327
1.9086
1.6723
0.92706
0.32377
0.69227
0.96704
1.1027
1.1003
1.3265
0.82144
0.13659
-0.045425
-0.13596
0
0.22553
0.40499
0.89784
0.98527
1.4744
1.56
1.3339
1.3307
1.3717
1.5008
1.7614
1.801
1.8843
1.7049
1.3519
1.0876
0.043399
-0.60612
-0.043191
0.6894
1.2036
0.98631
0.98399
0.76827
0.55357
0.59477
0.97487
1.2264
0.71728
0.54727
-0.12601
-0.083822
-0.33455
-0.91802
-1.499
-1.9113
-1.6585
-1.8619
-1.6104
-1.5247
-1.3571
-0.90297
-0.32771
-0.081771
-0.36727
-0.81464
-0.77249
-0.7711
-1.0128
-0.88972
-0.8882
-0.64488
-0.32191
-0.24104
-0.32088
-0.88106
-0.87972
-1.1978
-1.7543
-2.1898
-2.2265
-1.8264
-1.7051
-1.1088
-1.0283
-0.75057
-0.35511
-0.31529
-0.3543
-0.82579
-0.70707
-0.58862
-0.62723
-0.39164
-0.039127
-0.039092
0.31246
0.89754
1.2477
1.5974
1.2847
1.2448
0.8552
0.73806
1.0093
1.3966
2.1323
2.6347
2.9429
2.2446
1.4698
1.2371
1.3523
1.7378
1.93
1.9676
2.0824
2.3898
2.5043
2.0796
1.4628
1.0774
1.2692
1.1918
1.2297
0.99874
0.38397
-0.61409
-1.0358
-1.5339
-1.8016
-2.0307
-1.8766
-1.4164
-1.3009
-1.2238
-1.7583
-2.5215
-2.7111
-2.2517
-1.8308
-1.7154
-1.2572
-0.79953
-0.45657
0.11407
0.45594
0.53154
0.45525
1.0235
1.212
1.3245
0.98304
1.0199
1.0189
0.94248
0.41426
0.037619
-0.37576
-0.63805
-0.89968
-1.3104
-1.1217
-0.52276
0.26102
0.78192
1.1897
1.819
1.6678
1.2581
1.0713
0.77439
0.33129
0.036742
0.4034
0.62223
1.0593
1.0572
0.98218
0.47189
0.43463
0.32523
0.072107
-0.28775
-0.50234
-0.32214
-0.21422
0.28489
0.56829
0.4605
0.035327
0.35229
0.10539
-0.17515
-0.34927
-0.83577
-1.1457
-1.5576
-1.6908
-1.8919
-2.4688
-2.5633
-2.7594
-2.1391
-1.0491
0.10118
0.94111
1.2728
1.8025
1.8626
1.7235
1.6843
1.6782
1.8361
1.8294
1.9854
1.6538
1.163
0.54716
0.19239
-0.031944
0.15912
0.57065
0.3474
-0.22023
-1.0656
-1.4049
-1.4307
-1.3322
-1.1111
-0.73786
-0.67378
-0.73221
-0.18235
0
0.60321
0.96146
0.98774
0.80509
0.4753
0.38473
0.32433
0.32312
0.58533
0.37907
-0.14526
-0.20263
-0.11537
0.086222
0.48686
0.68493
0.79631
0.6802
0.59315
0.53486
0.64531
0.61522
1.0313
1.2503
1.551
1.7671
1.7066
1.7014
1.6964
2.2097
2.4754
2.6583
2.7861
2.4279
1.964
1.6905
1.5256
1.6286
1.5714
1.7536
1.6965
1.5075
1.5834
1.896
2.3125
2.2554
2.0416
1.3063
0.75625
0.28635
0.36383
0.38919
0.28496
0.388
0.38745
0.41273
0.2061
0
-0.30842
-0.46214
-0.23084
0.051249
0.35844
0.51165
1.0737
1.5839
2.2724
2.6796
2.5254
2.3715
2.0394
2.2429
2.319
2.2933
2.2679
1.8603
1.3763
1.1217
0.96899
0.79078
0.84216
0.91917
0.89415
0.94584
1.2279
1.2289
1.1787
0.84633
0.5391
0.15419
-0.43736
-0.46363
-0.51579
-0.439
-0.49132
-0.59562
-0.59651
-0.67538
-0.36426
-0.46912
-0.52216
-0.57542
0.91715
