0.88083
1.1292
1.1672
0.85144
0.24861
0.078425
0.16975
0.54791
0.93843
1.0288
1.1711
1.3783
1.7022
1.7791
1.6224
1.3621
1.2448
0.76471
0.59602
0.3886
0.49211
1.1394
1.7867
1.7218
1.5277
1.1652
1.5538
2.1499
2.3447
2.4102
2.3203
2.5418
2.8544
2.8429
2.39
1.3908
1.2617
1.2627
1.4852
1.7343
1.4097
1.4764
1.8966
2.1999
2.3074
1.8771
1.6167
1.1978
0.79086
0.46203
0.30409
0.66213
0.80915
0.98329
0.90518
1.0669
1.5499
1.553
1.3415
1.398
1.5223
1.2691
0.89308
0.35263
0.50301
0.7359
1.0929
1.0957
0.89256
1.3355
1.1734
1.6058
1.1939
0.75178
0.80983
1.0363
1.222
0.8172
1.272
1.0918
1.1095
0.72783
0.28637
0.25861
1.1677
1.5335
1.8583
1.6755
1.5939
1.5704
1.0459
0.88719
1.2171
1.8178
1.6753
1.0062
0.090464
0.36332
1.0792
1.7247
1.7472
0.83109
0.57187
0.72954
1.0601
1.5657
1.667
1.0741
-0.031733
-0.25501
-0.36824
0.24126
0.75942
1.185
1.2721
0.78651
0.55976
0.3143
0.43216
0.18372
0.16783
-0.016865
0.27116
0.39172
0.65041
0.87728
1.0718
1.1641
0.82075
0.77226
0.44102
-0.2837
-0.62379
-0.80615
-0.036014
0.27151
0.3457
0.60357
0.88251
0.8317
0.65028
0.35487
0.4694
1.0759
1.0437
0.74398
0.13424
-0.15424
-0.1163
0
-0.41139
0.21664
0.23759
1.2341
1.5209
1.3882
1.072
0.081334
-0.020442
-0.45211
-0.57847
-0.39462
0.18791
0.23089
0.56971
0.44544
0.63969
0.75021
0.19392
-0.28157
-0.41366
0.26261
1.6058
1.8351
1.1334
-0.022336
-0.89799
-0.67689
-0.15873
0.79764
0.93902
1.7262
1.7347
2.0918
1.5414
0.7275
-0.02358
-0.21323
-0.21423
0.55005
1.4656
1.8827
1.5518
0.90121
-0.024466
-0.2949
0
0.32228
0.59754
1.3252
2.0338
1.9667
2.709
2.9997
3.0117
1.9731
1.3891
1.6786
2.2293
3.3045
3.7867
4.2461
3.7352
2.2173
0.98005
-0.39867
-0.93333
-0.6956
-0.24156
0.080773
0.51314
-0.16253
-0.081506
-0.32696
-0.27324
0.082196
0.054944
0.90894
0.46943
-0.69204
-1.8591
-1.9469
-0.58538
0.44697
0.97981
-0.11221
-0.8994
-0.9011
0.02821
1.7803
3.0287
2.8634
1.3345
-0.56867
-1.6514
-1.5679
-0.57084
-0.45718
-0.22883
-0.25768
0.085968
0.45886
1.0045
1.2062
0.43102
0.17249
-0.1438
0.54663
0.60432
0.71956
-0.05757
-0.028786
-0.43176
0.02878
0.14387
0.94927
1.3515
1.3222
0.11491
0.7752
0.40169
1.2615
1.6329
1.7746
2.0588
2.4566
2.1401
1.254
-0.51238
-0.59699
-0.19872
0.31183
-0.28305
-1.0739
-1.185
-1.2393
-0.75914
-0.50517
-0.16807
-0.25161
0
0.44549
1.2781
1.6634
2.1576
1.2143
0.55066
-0.35707
0
-0.027331
0.89963
0.40786
-0.48814
-1.2171
-1.1598
-0.48416
0.026822
1.0966
0.61338
0.71794
0.39768
-0.10573
-0.57975
-1.3136
-1.4143
-1.6188
-1.5616
-1.5307
-1.1896
-0.54135
-0.5396
-0.28173
-0.076583
0.27988
1.3694
2.1737
1.6626
1.0796
0.45041
-0.074816
-0.69593
-1.189
-1.2837
-0.27064
0
-0.073313
-0.34097
-0.33982
-0.41125
0.02411
-0.28834
-0.45502
-0.11934
0.14273
0.2371
-0.28358
-0.28265
0.093909
0.16381
-0.1866
-1.2323
-1.2747
-0.32345
0.20728
0.41326
0.36621
0.41073
1.092
1.3155
1.583
0.92445
0.76439
0.40352
0.55886
0.066876
-0.40015
-0.31038
0.22111
0.90416
1.4517
2.194
2.3854
2.5542
2.6134
2.5637
2.276
2.6168
2.762
3.0144
3.1154
3.0017
1.8402
2.4986
2.7495
3.2124
2.4846
1.929
1.7988
1.7747
2.025
2.2324
2.4394
2.1629
1.2792
1.2985
1.5688
1.5878
1.3981
0.95888
0.35401
0.76974
0.87296
0.66455
0.72628
0.95384
1.2226
0.57986
-0.20698
-0.62063
0.26882
1.633
1.4258
0.41318
-0.97079
-1.7141
-1.0738
-0.02065
0.49562
1.425
1.1361
0.30991
-0.72331
-0.53749
0.18612
0.86896
2.277
1.6569
0.78749
-0.5599
-0.74707
-0.60226
-0.062354
-0.45766
-1.291
-1.7507
-2.1489
-2.005
-1.4009
-0.33494
0.62877
1.0912
0.46229
-0.39979
-0.46356
-0.29542
0.042266
0.10583
0.25438
0.42466
-0.27648
-0.44738
-0.78961
0.064136
0.96378
1.8024
1.7198
1.443
1.2516
0.41083
-0.60665
-1.7802
-1.4358
-0.89381
-0.19662
0.15325
-0.021941
0.065967
-0.022038
0.64053
0.66411
1.2869
0.77834
0.62411
0.13405
-0.022394
-0.22447
-0.405
-0.022554
0.09043
-0.38525
-0.045433
-0.18217
0.50218
0.91527
1.3992
1.3566
1.0603
0.67005
1.297
1.3466
0.67494
0.11665
-0.53789
-0.3282
-0.070497
0.77732
1.2042
1.633
1.6606
1.831
1.3347
0.83612
0.47888
0.45597
1.3469
1.7598
1.8603
1.0411
0.4853
-0.29181
-0.29243
0.14652
1.1012
1.0053
0.19655
-0.44312
0.24666
0.71668
0.51995
0.14883
0.1491
0.57256
0.84787
0.72441
0.17515
0.22556
1.1547
1.7095
2.0646
2.1432
1.717
0.75854
-0.17723
-0.17746
0.40611
0.8386
1.5265
1.5027
0.89234
0.51042
-0.20436
0.56249
0.33266
0.02561
-0.33318
-0.12823
0.61591
2.0286
2.004
1.4394
1.1829
1.1319
1.5697
1.8532
1.3387
0.9012
0.90129
0.5923
0.59229
0.721
0.59218
0.74652
-0.28309
-0.61748
0.077158
0.8998
2.0814
2.4913
2.1562
1.9239
1.3843
0.999
1.1006
1.5344
1.5841
1.8378
0.81595
0.68772
0.27986
-0.076235
-0.96445
-0.88715
-0.45563
0.5561
1.0096
1.5877
1.5349
1.8339
1.5299
1.2268
0.14996
-0.34926
0.49801
1.864
3.4725
3.7131
3.2608
2.0953
0.9839
0.58904
0.58771
0.48864
0.70686
0.53496
0.8005
0.75013
1.1344
0.65004
0.33618
0.07185
-0.35829
-0.97668
-1.1878
-1.1845
-1.1339
-1.1778
-0.93953
-0.60891
-0.46701
-0.27937
0
0.67107
1.5918
1.6788
1.4214
0.70846
0.5923
0.88561
1.4713
1.9403
1.6641
1.2103
0.42444
0
0.04438
-0.26538
-0.24244
-0.74683
-0.80995
-0.8508
-0.84787
-0.80161
-1.1659
-0.53788
0.25728
0.72643
0.61743
0.42432
-0.21142
-0.021067
-0.10497
0.29287
0.16677
-0.66472
-0.86937
-1.2376
-0.94548
-0.73734
-0.65312
-0.30508
-0.16214
-0.06059
-0.080505
-0.76214
-1.1193
-1.4142
-1.5086
-1.7605
-1.7348
-1.7879
-2.193
-2.2637
-1.9838
-1.4926
-1.0626
-0.42363
0.13435
0.55479
0.36231
-0.057023
-0.58736
-0.4344
-0.30125
-0.26277
-0.71104
-1.1939
-1.7668
-1.6873
-0.83192
0.18433
0.9741
0.36653
-0.10965
-0.36446
-0.7269
-0.38058
-0.28918
-0.10815
-0.23372
-0.57381
-0.46503
-0.28545
0.05339
0.035506
0.10626
-0.12368
-0.052884
-0.17588
-0.087743
-0.087551
0.29704
1.0636
1.305
1.5281
1.0052
0.48434
0.15539
0.068935
0.27525
0.034347
-0.17144
-0.15405
-0.11962
0.11944
0.22148
0.30623
0.25483
0.66167
1.1183
1.1846
1.2677
0.65845
0.32043
-0.15163
-0.47126
-0.60533
-1.1592
-2.0479
-2.5998
-2.7822
-2.2276
-1.8747
-1.974
-2.9427
-3.593
-3.3911
-2.8888
-1.5024
-0.40053
0.10011
-0.050047
-0.10008
0.26687
0.9507
1.4011
1.8683
1.7351
1.5185
1.5021
1.4525
1.4363
1.6206
1.5879
1.8395
1.8572
1.9085
2.0605
1.9948
1.7111
1.3766
1.4114
1.1603
1.2455
1.1456
1.0119
1.1311
1.2168
1.6242
2.1343
2.2556
2.3603
1.6322
1.0896
0.54555
-0.06829
-0.34194
-0.18835
0.29153
0.79006
1.187
1.7231
1.4843
0.57052
-0.43296
-0.69395
-0.10428
0.57458
0.22677
-0.33205
-1.0331
-1.2105
-1.0547
-0.63405
-0.37061
0
-0.51388
-1.0654
-1.3524
-1.2839
-1.5368
-1.2715
-1.364
-1.367
-1.0275
-0.39745
0.36212
0.88919
0.50925
0.091144
-1.2606
-1.8129
-1.9822
-1.3797
-1.0141
-0.60986
-0.27785
-0.51985
-0.65132
-0.61552
-0.89737
-0.91818
-1.1457
-1.4872
-0.92455
-0.24585
0.26537
0.056994
-0.79973
-1.1641
-1.0903
-0.5751
-0.24977
-0.019255
0.038595
-0.0967
-0.25196
-0.6604
-0.89539
-0.66321
0.097735
0.29381
-0.17665
-1.0227
-1.7934
-2.488
-2.394
-1.4867
0.21847
1.0347
0.91702
0.079886
-1.1004
-1.0222
-0.72279
-0.40223
-0.020145
0.28249
-0.18189
-1.0931
-1.9057
-1.5228
-0.732
-0.12217
0.040781
0
0.26578
0.53225
1.0043
0.51302
-0.34926
-1.81
-2.6973
-3.0299
-2.579
-1.2804
-1.0335
-1.0551
-1.6358
-1.3884
-1.0162
-0.70559
-1.4952
-1.8078
-1.5178
-0.58248
0.4787
0.39563
0.3333
0.062516
0
0.29192
0.12514
-0.1043
-0.35469
0.313
0.47997
0.93911
0.41738
0.75125
1.2311
1.1892
0.85528
-0.020856
-0.45873
-0.25015
0.22923
0.70827
1.1036
0.93665
0.56173
0.49907
-0.3741
-0.89319
-1.6192
-1.5767
-0.31099
0.5801
0.91093
0.9723
1.385
1.6317
1.4652
1.0309
0.65921
0.9879
1.9534
2.7115
2.9756
2.5215
1.6793
0.83874
0.61305
0.83691
1.5904
1.446
1.1392
0.26415
0.50737
0.50676
0.76934
1.2537
1.1714
0.8875
0.84609
0.52311
0.82385
1.184
0.84177
0.64052
-0.11994
-0.019964
0.29907
0.13938
0.85509
0.87384
0.71402
0.25751
0.17804
0.05927
0.19731
0.15765
0.35425
0.96312
1.0601
1.1568
0.8616
0.56717
0.60555
-0.03902
-0.52615
-0.68124
-0.21385
-0.077676
-0.6983
-1.4144
-1.3935
-1.0053
-0.42489
0.17364
-0.038548
-0.096275
0.076945
0.88404
1.3057
1.0743
0.78585
0.61284
1.1099
1.3958
1.7005
1.5274
1.1639
0.68642
0.40016
0.70462
1.3133
2.3018
2.3767
2.1666
1.7857
1.3483
1.7844
1.5371
1.6885
1.5363
1.555
1.2514
0.83414
0.81511
1.1373
1.4785
1.5165
2.1801
2.7112
2.2755
1.7259
0.94852
0.91083
1.5185
1.709
1.6527
0.64617
0.32324
-0.095123
0.15228
0.7619
1.5439
1.9837
2.0042
1.9867
2.1222
2.2198
1.8579
1.2846
0.74848
0.19212
0.44237
0.25032
-0.096391
-0.46325
-0.17394
0.25158
0.58135
0.42692
0.66074
0.97312
1.0331
1.269
1.1341
0.52884
0.078479
-0.21619
-0.39377
-0.25642
0.15809
-0.25738
-0.53559
-1.0335
-0.57755
-0.019956
0.51994
0.9018
1.3255
1.7712
2.824
3.073
2.5127
1.1171
-0.28502
-0.44896
0.1432
1.0048
1.1307
0.28853
-0.061984
-0.55929
-0.16614
-0.4581
-0.3758
-0.71174
-0.50376
-1.0103
-1.2663
-1.693
-1.9312
-1.6387
-1.1951
-0.38524
0.2361
0.45203
0.41017
-0.28146
-0.021714
0.69689
0.52422
0.48196
-0.85692
-2.5344
-2.7188
-2.1727
-0.93397
-0.28996
-0.35795
-0.74051
-1.1029
-1.7835
-1.4493
-0.70413
-0.36453
-0.5256
-0.29798
-0.068974
0.9455
0.99462
0.85843
0.23271
-0.21007
-0.91302
-2.0898
-2.4257
-2.1967
-0.90024
-0.047521
-0.2383
-0.93208
-1.6539
-1.8509
-1.2536
-0.48351
-0.024244
-0.097249
-0.04876
-0.929
-0.71092
-0.90951
-0.22183
-0.51898
-0.94159
-1.267
-1.3201
-0.99888
-0.32546
-0.55215
-1.5096
-1.8664
-2.0479
-1.4699
-0.93987
-0.17822
-0.025519
0.61382
0.56391
0.10275
-0.87525
-2.0379
-1.8095
-1.0361
0.25953
1.5862
1.5632
1.2268
1.0721
1.2312
1.7319
1.7611
1.2901
0.34282
-0.55466
-0.52905
-0.29141
0.053059
-0.21253
-0.90448
-1.8646
-2.6404
-2.7504
-1.7644
-0.50851
-0.21434
-0.59004
-0.53693
0
0.59171
0.32302
0.45799
0.80882
1.1871
0.53996
-0.32418
-0.75685
-0.62203
0.29764
0.78502
1.5436
0.8127
-0.62327
-1.1655
-0.9218
0.21693
2.1154
2.3326
1.8716
1.2477
1.0307
2.007
1.6
0.84054
-0.51507
-0.67756
-0.10838
0.89385
0.97477
-0.027066
-0.94692
-1.1628
-0.51355
-0.32417
-0.108
-1.1603
-1.6449
-1.536
-0.32314
0.94179
0.91418
0.21493
-0.56372
-0.18775
0.21438
0.4819
0.56169
0.32065
0.4538
-0.053334
1.0922
1.5168
1.967
1.5134
0.76911
0.68874
1.0319
0.47568
0.21115
0.8172
1.1321
1.2095
0.76155
0.44584
0.49763
1.4386
1.6978
1.4868
1.3024
0.70232
0.25975
1.0116
1.1915
1.6812
1.0072
0.82524
0.72103
0.74569
0.33378
-0.025637
0.025599
0.051122
0.5615
0.89196
0.94152
0.40653
0.58351
1.3426
0.96117
0.98498
-0.17653
-0.42806
-1.4583
-1.8578
-2.1307
-1.9774
-1.6745
-1.1729
-1.3456
-1.4432
-0.81992
-0.57062
0.39638
1.5338
2.0256
2.0227
1.6503
1.1315
0.58951
0.83397
0.29393
1.2964
0.73282
-0.097578
-0.6334
-0.5839
-0.63172
-0.97061
-1.1874
-1.3311
-0.99103
-0.33797
-0.434
-0.16857
-0.28862
0
-0.76779
-0.86274
-1.0053
-0.19127
0.9075
1.5982
2.2875
1.9993
1.3314
0.28499
-0.64055
-1.5878
-1.0417
-0.30745
-0.21263
-0.35403
-0.51873
-0.75377
-1.1766
-1.6222
-2.1139
-1.9946
-0.844
0.77297
1.8722
1.9407
1.682
1.1437
1.5392
1.701
1.816
1.6051
1.139
1.6258
1.7405
1.4609
0.60244
-0.50937
-1.1105
-1.2484
-0.092404
0.66944
0.71508
0.46101
0.76012
1.1739
1.8861
1.4251
1.2863
0.91814
0.48169
0.91688
0.82463
1.1674
1.6242
1.7602
1.6448
0.59356
0.045628
-0.68397
-0.11392
0.70582
0.56883
-0.68214
-1.7497
-1.8393
-0.86231
0.92976
0.97445
0.61145
-0.18105
-0.67845
-0.36159
0.15809
0.88015
0.76677
0.11268
-0.54047
-0.51758
0.089948
-0.15729
-0.44907
-0.40386
-0.2242
-0.47045
-0.71633
-0.84997
-0.5364
-0.20099
-0.53553
-0.69116
-0.31188
0.22258
0.24463
-0.66661
-1.6873
-2.4399
-2.3048
-2.1256
-1.6591
-1.547
-1.7443
-1.6544
-0.88151
-0.55041
-0.59386
-0.50537
-0.72437
-0.76749
-0.59145
-0.41577
0.21859
0
-0.15269
-0.32683
0.34823
0.80439
1.1509
0.52058
0.086664
-0.21641
-0.38907
-0.69087
-0.90567
-0.40921
-0.53778
-0.12891
0.47208
0.98584
1.3057
1.0688
0.51239
0.12793
0.021294
0.14886
0.40353
0.63631
0.67782
0.38076
-0.31688
-0.97043
-0.6531
-0.56805
0.31515
0.83924
0.92188
1.088
1.5043
2.4203
3.1878
2.8712
2.1608
1.4316
1.0981
0.93101
0.57848
0.70145
0.12361
0.26744
-0.28761
-0.73853
-0.75798
-0.47052
-0.18386
-0.1428
-0.20372
0.34585
0.60948
1.339
1.3575
1.1331
0.72741
0.24215
-0.040304
-0.12075
-0.22109
0.14051
0.22052
0.040044
0.15997
0.099858
0.59841
0.71722
0.69646
1.0534
1.5485
1.9432
1.4459
0.35612
-0.77074
-0.82913
-0.49301
-0.1182
0.39359
0.94369
0.84456
0.82413
0.64693
0.4309
0.90017
0.99716
1.0159
0.488
0.11703
0.6042
1.1686
1.7322
2.4506
2.5851
2.2533
1.7666
1.494
1.4157
1.8414
1.7824
1.2588
0.42588
0.46443
0.48362
0.69621
0.50268
0.096648
-0.077303
-0.19323
0.65688
1.9705
2.2794
2.2214
1.5647
1.0818
0.46368
0
-0.21258
0.11598
0.65735
1.0443
1.122
1.0837
1.2003
1.53
1.5695
1.6091
1.513
1.0674
0.66028
1.166
1.8863
2.6661
2.9408
2.9627
2.4775
2.2454
1.9739
2.0736
1.8798
1.4702
1.0008
0.80545
1.0031
1.0633
1.2421
1.1647
1.0476
0.41565
-0.01982
0.11909
0.73545
1.4731
1.5949
1.6573
1.66
1.9632
1.6855
1.3869
1.047
0.46391
0.060619
0.52633
0.60843
0.93469
0.65147
-0.061195
-0.61317
-0.59392
-0.86192
-0.96653
-1.1128
-0.78476
-0.16557
0.20741
0.54047
0.66668
0.877
1.2557
2.2026
1.8713
1.4331
0.31688
-0.4447
-0.31841
0.44686
0.7466
1.1548
0.85751
0.88115
0.94802
1.1016
1.2344
1.1724
0.6095
0.93844
0.65644
0.89948
0.37394
-0.2426
-0.19901
0.39909
1.4005
2.2959
2.0785
1.8376
1.2808
1.1941
1.2199
1.2458
1.5217
1.4575
1.5756
0.96161
0.6428
0.2532
0.06924
0.16199
0.67289
1.233
0.86306
0.39759
-0.70346
-1.246
-0.89571
-0.61444
0.3554
1.2589
2.429
2.5784
2.561
2.7113
2.8383
2.58
2.5379
1.478
0.7529
0.12172
-0.024402
0.48916
1.1031
1.4988
1.5267
0.69101
0.44519
0.52051
0.49677
0.12445
-0.12471
-0.59982
-0.92656
-1.8066
-2.1871
-2.0905
-1.6654
-1.1881
-2.2792
-2.5368
-3.151
-1.7563
-0.86683
0.025535
0.2046
0.23052
0.23085
-0.28255
-0.84881
-1.0045
-0.9026
-0.85208
-0.38777
-0.77643
-1.2696
-2.0749
-2.752
-2.7547
-2.1849
-1.1715
-0.67741
-0.13037
-0.13046
-0.07833
0.052252
0.31369
0.26154
0.26166
0.62824
0.96889
0.34052
-0.39301
-0.68136
-0.49799
0.34077
1.0748
1.3369
1.4941
0.34073
0.13103
-0.3406
-0.55005
-0.54988
-1.1779
-0.83725
-0.47073
-0.15683
0.26123
0.20885
0.75658
1.2253
0.70334
0.98906
1.4303
1.2471
0.54506
-0.12964
-0.36261
-0.12936
-1.0078
-1.2905
-1.9332
-1.7247
-1.1054
-0.6161
-1.4867
-1.2285
-1.7377
-2.0156
-2.1906
1.2461
0.55849
-0.50682
-0.80944
-1.5401
-1.3104
-0.98092
-0.17572
0.50104
0.37501
0.57381
0.17427
-0.074525
0.074362
0.34625
0.27144
-0.17234
-0.46668
-0.5636
-0.5867
0.19509
-0.024327
-0.16987
-0.70197
-1.2314
-1.0596
-0.9368
-1.2219
-1.8638
-1.8112
-0.8081
0.80592
2.2457
2.1453
1.293
0
-0.65461
-1.3522
-1.4413
-1.6227
-1.4332
-0.48404
0.36773
0.41251
-0.022851
-0.86581
-1.5448
-1.5403
-0.81309
0.1126
0.40417
-0.26865
-0.69199
-1.1351
-1.0208
-0.70802
-0.97067
-1.4297
-1.6229
-1.2027
-1.0029
-0.28261
-0.43352
-0.30258
-0.84045
-0.88099
-0.34281
-0.085455
0.021302
-0.46732
-0.63544
-0.21121
0.90565
1.4912
1.1938
0.35506
-0.62485
-0.6439
-0.41429
0.30988
0.80351
0.71918
-0.10247
-0.57231
-0.57082
0.14233
1.5211
1.6184
1.1704
0.30193
-0.3815
-0.080118
-0.27974
-0.079733
0
0.43647
1.0688
1.6391
1.6748
1.4744
1.785
2.1335
2.8906
2.6701
2.0032
0.87339
0.13558
0.50259
0.7524
1.2323
1.3645
1.0166
0.15317
-0.42045
-0.91571
-0.97123
-1.1977
-0.96791
-0.41683
0.96471
1.7753
2.5267
2.8429
2.707
2.6654
2.2867
1.8155
1.5887
1.0079
0.78292
0.27925
0.46483
0.72424
0.98304
1.1486
1.1473
0.90572
0.7201
0.95911
1.1977
1.0124
0.64361
0.055114
-0.25696
-0.89856
-1.081
-1.3364
-1.1889
-0.93212
-0.40178
-0.27374
-0.47414
-0.91116
-1.038
-0.96454
-1.0912
-1.3996
-1.3261
-0.78067
-0.018145
0.39898
0.25376
0.036234
-0.30784
-0.362
-0.14473
0.30743
0.45191
0.37945
0.18062
0.10833
0.23464
0.52324
1.2445
1.4605
1.0995
0.66672
0.7746
1.1886
1.6743
1.6739
1.4575
0.91744
1.097
1.4564
2.0132
1.851
1.2756
0.62868
0.44895
0.71814
0.68207
-0.017945
-0.10764
0.071745
0.96832
1.2729
1.0395
0.73466
0.14331
0.41191
1.0922
1.8794
2.5768
2.737
2.933
2.8069
2.5379
1.7152
0.94664
0.48209
0.51762
0.48174
0.21403
0.14263
0.035644
0.40973
0.48079
0.99676
1.3521
1.6894
1.7952
1.7233
1.0654
0.95838
1.2772
0.85097
0.14175
-0.65521
-1.0265
-0.76054
-0.74239
-0.67125
-0.79438
-0.82913
-0.61701
-0.2114
-0.21124
-0.5629
-0.61521
-0.40397
0.22815
0.28058
0.12265
-0.47269
-0.48978
-0.12234
0.31431
0.62806
0.24403
-0.20897
-1.0439
-1.5817
-1.858
-1.4052
-1.0398
-0.31164
-0.48428
-1.2095
-1.9504
-2.2759
-2.153
-1.6001
-0.75622
0.41204
0.54878
0.32548
-0.39356
-0.9059
-1.0756
-0.71627
-0.068139
0.59554
1.0198
1.3072
1.1531
0.76219
0.72748
0.81114
0.979
0.69126
0.26945
0
-0.23523
-0.1007
0.21794
0.77029
1.2043
1.3367
1.3018
1.1503
1.5821
1.5804
1.1134
0.16601
-0.28192
-0.0497
0.54616
1.24
1.4536
1.4522
1.5003
1.6142
1.5963
1.1674
0.45999
0.27905
0.86928
1.5569
2.1453
2.1437
1.7334
1.5198
1.4045
1.4853
1.4681
1.3042
0.87991
0.70033
0.50466
0.60209
0.63439
0.65044
0.82905
0.79633
0.22747
-0.63355
-1.3156
-1.5104
-0.87695
-0.32479
-0.42224
-0.53596
-0.92585
-0.86102
-0.71495
-0.5201
-0.17884
-0.22769
-0.4393
-0.35811
-0.39086
-0.81475
-1.3207
-1.7621
-1.4042
-0.6536
-0.19624
0.049103
-0.081915
-0.54117
-1.379
-1.4627
-1.6783
-1.7462
-1.7484
-2.5436
-2.5306
-2.468
-2.2395
-2.0769
-1.6143
-1.667
-0.73479
0.083651
0.53637
0.33588
-0.067312
-0.42157
-0.79423
-1.4226
-1.4258
-1.1569
-0.95501
-0.44448
-0.39418
-0.41238
-0.58574
-0.72551
-0.74483
-1.0249
-0.9233
-0.83866
-0.63089
-0.72072
-0.2116
-0.07076
-0.053243
-0.51639
-0.76826
-1.0219
-1.0075
-1.1375
-1.0691
-0.98209
-0.63892
-0.27486
0.055184
0.25853
0.44496
0.67012
0.46726
0.35658
-0.39577
-0.037852
0.30412
1.1454
1.2079
0.36592
-0.36756
-0.13603
1.2104
2.6478
3.5863
2.9499
1.9694
0.71958
-0.18077
-0.26239
0.22311
0.71344
0.75799
0.5971
0.55874
0.7904
0.52268
0.12609
0.19012
0.89188
1.2381
1.3734
0.90611
0.56392
-0.19625
-0.17538
-0.52898
-0.17728
0.42333
0.33603
0.24776
0.067941
0.22771
0.22896
0.71367
1.5509
1.9551
1.7553
1.6708
0.6152
0.2855
-0.33491
-0.26458
0.45951
0.63223
0.73348
-0.56539
-1.3346
-1.9134
-1.5239
0.12558
0.80802
1.5739
1.5567
1.0261
0.51576
0.46659
0.10422
0.36666
0.76337
1.4286
1.1168
0.3741
-0.10741
-0.29684
0.027116
0.54492
0.57488
0.71511
1.354
1.4712
1.2827
0.72825
0.95654
1.1585
0.85133
0.22798
0.20032
0
0.77897
0.86896
0.90143
0.14595
-0.58599
-0.67638
-1.0035
-0.74046
-1.5455
-1.5209
-1.6755
-1.0206
-0.72267
-1.4498
-1.5147
-0.54687
0.39607
0.21385
-0.73514
-1.7197
-1.724
-2.0367
-1.8558
-1.9219
-1.0872
-0.28014
0.77967
0.87484
0.78248
0.50162
0.34541
0.40882
0.37789
-0.53604
-0.56826
-0.72692
0
-0.063334
-0.31694
-0.44404
-0.76172
-0.7939
-1.4297
-1.3667
-0.73123
0.15899
0.79506
0.25442
-1.0812
-1.7806
-1.9073
-1.5571
-1.5564
-0.7937
-0.66631
-0.79269
-1.204
-0.72811
-0.12651
0.60032
0.22093
-0.37829
-0.6297
-0.72319
0.094197
0.062705
0.12521
-0.34378
-0.56159
-0.15572
0.031087
-0.031027
0.77414
1.2979
1.5727
1.4462
0.2456
-0.6126
-0.82505
-1.0059
-0.88182
-0.12132
-0.24201
-0.36206
0.27081
0.96022
1.4961
1.3427
0.89252
0.08899
0.059149
0.35382
0.97001
1.0549
0.20447
-0.29117
-0.75461
-0.89679
-0.6055
-0.17243
0.51554
1.4843
1.4224
2.2396
1.8929
2.2804
2.2163
1.7053
1.4207
1.2213
0.027659
-1.3228
-2.4989
-2.6814
-1.7993
-0.92353
-0.21651
0.026965
-0.6448
-0.5889
-0.64009
0.2923
1.0855
1.2398
0.18397
-0.96886
-0.91314
-0.75384
-0.95829
-1.6257
-1.7741
-1.1528
-0.33184
0.076303
-0.076029
-0.5808
-0.6039
-0.35102
0.14991
-0.37345
-0.42176
-0.17306
0.24637
1.1048
1.3702
1.2924
1.288
1.6227
2.1001
2.5743
2.6137
2.6769
1.6914
1.1635
1.2782
1.5336
1.5994
1.0551
0.14024
-0.41943
-0.18584
0.30108
0.9929
1.3813
1.7216
1.8539
1.9626
2.1846
2.5414
2.5569
1.8277
1.3952
0.67324
1.4324
2.0089
2.8941
2.7977
2.4361
2.1206
1.7848
1.3847
1.0524
1.2248
1.1782
1.2624
1.4114
1.5597
1.5345
1.2507
1.1618
1.3094
2.1847
1.902
1.5354
0.85115
0.80688
1.568
1.9665
1.7303
1.074
0.18914
-0.41948
-0.14653
0.35516
1.0217
1.5192
1.4125
1.161
0.97262
1.2807
1.4639
0.90556
-0.041088
-0.45116
-0.1433
-0.020436
-0.0816
-0.44803
-0.89454
-1.096
-0.60786
0.080913
0.82799
1.7742
2.4155
2.4919
1.8058
1.3421
0.86
1.1981
1.3557
0.39812
-0.17888
-0.63503
-0.11889
0.45503
0.90868
1.0059
0.33481
0.19665
0.078543
0.23528
0.23493
-0.15639
0.03904
0.19492
-0.23356
-0.77741
-0.95095
-0.9302
-0.71601
-0.8889
-0.96482
-0.73222
-0.73119
-0.86467
-0.95939
-0.90057
-0.80364
-0.66878
-1.1258
-1.4673
-1.1988
-0.81713
0.26568
1.1181
1.5519
1.0773
0.151
-0.24505
-0.50828
-0.35721
-0.69471
-0.63755
-0.67418
-0.6172
-0.61641
-1.082
-1.2856
-1.0793
-0.65049
-0.07425
0.3708
0.61107
0.55485
0.40641
0.59044
0.16587
-0.12886
-0.57001
-0.64283
-0.9173
-0.65973
-0.47595
-0.45715
-0.74894
-1.4233
-1.4766
-0.47348
0.07277
0.98144
0.9805
0.43537
0.28998
0.30782
0.50655
0.92186
0.61405
0.90228
0.36062
0.19819
-0.21604
-0.5577
-0.44944
0.071862
0.16158
0.071768
-0.089656
-0.071683
0.53732
0.89505
1.5208
1.4307
0.89377
0.58964
0.33935
0.21425
0.053544
-0.17843
-0.67783
-0.94515
-1.3728
-1.6756
-2.0318
-2.584
-3.1183
-3.3854
-3.7416
-3.9197
-4.5791
-5.0961
-4.8649
-3.8675
-3.0838
-2.2464
-1.6941
-1.3021
-0.87427
-0.26772
0.1964
0.50011
0.82195
0.92959
1.2699
1.4316
1.4861
1.3974
0.84251
0.41256
0.071798
-0.071849
-0.57522
-1.0794
-1.0982
-0.68472
-0.12624
0.57762
0.92143
1.7723
2.0456
1.9752
0.99767
0.29054
0.3454
0.47318
0.054661
0.036483
-0.25569
-0.18286
-0.21971
-0.10999
0.45891
1.2866
1.8221
1.3639
1.1074
1.0165
1.7028
2.2243
2.506
1.952
1.8618
1.3612
1.6808
2.0014
1.6486
1.1821
0.39466
-0.2447
-0.11312
0.26438
1.116
1.3452
1.2525
0.53226
-0.26658
-0.76292
-0.99346
-0.53584
-0.99681
-1.1329
-1.231
-0.73213
-0.19299
0.17399
0.56157
0.6595
1.1852
1.7905
2.4953
2.7143
1.9168
1.2735
0.7457
0.76657
1.0041
1.5184
1.4023
1.4836
1.2086
1.1113
1.2918
1.2938
0.83726
0.39929
-0.11996
0.020023
0.14036
1.3454
1.5282
1.6511
0.84684
0.54512
0.32346
0.40484
0.20267
0.30439
0.56888
1.1594
1.4866
1.5495
0.91845
0.40864
0.47043
0.77802
1.0042
0.98469
0.86241
0.53436
0.39083
-0.22646
-0.35027
0.061861
1.2794
1.8999
1.8806
1.3855
1.076
0.76607
0.64221
0.97421
1.2443
1.3901
1.0586
0.83066
0.56091
0.60268
0.66525
0.85261
0.29121
0.45773
0
-0.10407
0.083271
0.18738
0.4581
0.020824
0
0.062478
0.10413
0.18743
0.58308
1.7699
1.9988
1.9569
0.72854
0.041624
0.062424
1.0194
1.7055
1.6843
1.2681
0.7274
0.41553
0.06231
-0.06229
-0.39436
-0.24898
0.062222
0.60125
0.60101
0.68363
0.49698
0.20698
-0.12414
-0.02068
0.53744
0.95042
1.2184
1.094
0.5777
0.76302
1.2574
1.71
1.6474
1.1526
0.9052
1.0281
0.71935
0.45195
0.041067
0.24629
0.63595
0.88173
0.81984
1.2497
1.7816
2.2926
2.6191
2.6385
2.3717
1.9825
1.4506
1.6543
1.8375
2.1431
2.1016
1.6523
1.5295
1.733
2.0587
2.1601
1.5485
1.263
1.1814
1.2016
1.4051
1.4457
1.6289
1.527
1.1198
0.75332
0.3665
0.63123
1.0386
1.1201
0.91661
1.0594
1.0188
1.3859
0.99893
0.36705
-0.040796
0.14284
0.67361
1.0006
0.89888
0.57227
0.77703
0.65468
0.65503
0.69637
0.6353
0.57418
-0.22572
-0.8419
-0.90416
-1.0488
-0.78205
-1.1534
-1.4842
-1.6299
-1.0945
-0.55809
0.18621
0.6213
0.84997
1.0376
0.93486
0.49914
-0.020821
-0.77126
-0.66782
-0.3761
-0.25105
-0.041894
0
0.58804
1.5772
2.5059
2.2774
1.4993
0.99391
0.46591
1.1453
1.2532
0.97857
0.57526
-0.4908
-0.91904
-1.4771
-2.1228
-2.6417
-2.7536
-2.4996
-1.511
-0.36757
0.60645
1.2801
1.2171
1.0669
0.69797
0.45886
0.48158
0.48245
0
-0.17608
0.28665
0.26509
0.55329
0.37694
0.82193
0.93475
1.271
1.5191
1.2981
0.82968
-0.11233
-1.328
-2.1649
-2.7113
-1.6978
-0.7711
0.022722
-0.04553
-0.5702
-0.95973
-1.282
-1.0321
-0.59745
0.23022
0.76112
0.99358
0.78706
0.23191
0.069699
-0.1862
0.046633
0.49052
0.67858
0.91418
1.5967
2.0699
2.0028
2.4782
1.8914
0.68676
-0.54557
-0.99789
-0.45216
0.21452
0.40585
-0.047822
-0.33527
-0.69554
-0.57649
-0.28867
-0.67455
-1.1098
-1.3288
-1.1129
-0.21804
0.16982
-0.072876
-0.5108
-1.096
-0.92666
-1.7091
-2.1512
-1.909
-0.61257
0.44156
0.41749
-0.14751
-0.98444
-1.0594
-0.19729
0.14811
-0.32122
-0.74196
-1.1882
-1.1893
-0.59513
0.049635
0.76996
0.49713
-0.398
-0.94593
-0.69748
-0.77273
-0.049885
-0.4742
-0.99889
-1.0244
-1.6499
-1.8008
-2.2771
-1.8526
-1.4526
-1.0523
-1.0276
-1.2787
-0.82767
-0.55194
0
0.050201
0.4268
0.2511
0.5274
0.17582
-0.050241
0.2261
1.0803
1.5828
1.7085
0.55273
-1.0301
-1.7836
-1.0048
0.025116
0.75339
1.9334
2.41
2.6856
2.409
1.4801
0.7524
0.20058
0.050129
0.47606
1.1772
0.72608
0.32535
-0.47531
-0.90019
-0.099974
1.5988
2.4719
2.8449
2.1949
1.4458
1.9931
2.1662
2.0653
1.691
1.5407
1.5149
1.9605
1.8847
1.4125
1.4115
1.1382
1.5082
1.927
1.5305
0.93727
0.32038
0.61559
1.3285
2.0402
2.2103
1.5703
1.2502
2.0083
1.8351
2.3711
2.9793
2.7568
2.8028
2.4104
1.7269
1.9196
1.602
1.1881
0.60554
0.12098
-0.12085
0.048287
-0.26529
-0.048181
0.38502
0.69707
0.88836
0.38372
0
-0.23928
-0.5258
-0.40583
-0.50074
-0.59542
-0.45199
0.023761
0.54585
0.71113
0.23676
-0.52025
-1.3227
-1.557
-0.94251
-0.56483
-0.21156
-0.39912
-1.1021
-1.8034
-1.9182
-1.6355
-1.1202
-0.069926
0.58201
0.74409
-0.069675
-0.57993
-0.83411
-0.57855
-0.27738
-0.50793
-0.34591
-0.18427
0.92028
1.7006
1.8593
1.5362
1.168
0.73205
0.54843
0.75326
1.0488
1.116
1.5244
1.8637
1.1806
0.72578
-0.067972
-0.22634
0.42963
0.63251
0.69961
0.69894
0.045051
0.45009
0.17988
0.022465
-0.4489
-0.85219
-0.98593
-1.0075
-0.022372
0.35767
0.31273
-0.33482
-0.49073
-0.15603
0.37869
0.89047
1.1347
1.1785
1.0667
1.1994
0.77698
0.55472
0.17743
0.33253
1.5069
2.3481
2.2366
0.26565
-0.70819
-0.99564
-0.66361
-0.15481
0
-0.044219
-0.15475
-0.11053
0.17684
0.64105
1.0611
1.7023
2.3879
2.344
2.1453
1.7918
1.748
1.2616
1.0627
0.75302
-0.066469
-0.8423
-0.90922
-0.66562
-0.31079
-0.022212
0.75568
2.2685
2.4481
2.5167
1.9169
1.1377
1.1609
0.4916
-0.2684
-0.40298
-0.29133
0.022433
0.26949
0.022483
-0.5177
-0.20282
0.20307
1.3555
1.5609
1.2912
0.93001
0.49974
0.31848
0.50121
0.45635
0.84556
0.86981
1.1693
1.4009
1.4263
1.4057
1.7545
2.1277
1.9231
1.7178
1.442
1.1651
1.3542
1.6142
1.5941
1.9497
1.6242
1.6276
0.82737
0.59225
0.736
1.0945
1.5262
2.3184
2.5393
2.449
2.4066
2.0504
1.354
0.89672
0.43728
0.43833
0.39056
0.024469
-0.12264
-0.24589
-0.32044
-0.074128
0.44587
1.3409
2.8378
3.3439
3.052
1.9561
0.72906
0.050405
-0.45476
0.15196
0.81244
1.578
1.8114
1.5601
1.692
1.7732
2.0608
1.9623
1.7081
1.8159
1.7941
1.72
1.3321
1.3613
1.6529
1.1306
0.84318
-0.21124
-1.1642
-1.856
-1.4878
-0.69212
0.42675
0.69478
0.85669
0
-0.18807
0.026913
0.51221
0.81005
0.83836
0.67712
0.29837
-0.24446
-0.27199
-0.68085
-0.38174
-0.49138
-0.6559
-0.30093
-0.6846
-0.41113
-0.19202
-0.10981
-0.054945
-0.082469
-0.19253
-0.3027
-0.49553
-0.82615
-1.1845
-0.77141
-0.71638
-0.63373
-1.9286
-2.2314
-2.644
-1.9824
-0.93576
-0.24758
-0.54987
-0.93418
-1.3179
-1.1796
-0.71261
0.10952
0.41026
0.32782
-0.32741
-0.76292
-0.40811
-0.27166
0.24409
-0.27075
-0.1081
-0.48555
-0.3769
-0.16119
-1.0187
-0.053492
-0.21347
-0.26618
-0.76998
-0.47666
-0.10564
0.94809
1.917
2.2778
2.0881
1.275
0.90774
0.46529
0.87589
1.5146
1.765
1.6821
1.3458
0.80944
-0.07559
-0.57723
-0.62488
-0.22403
-0.47097
-1.1354
-1.622
-2.0552
-1.4614
-1.1153
-0.57924
-0.81675
-1.0998
-0.99932
-0.61562
-0.070684
0.14066
0.32656
0.23207
0.27706
0.91873
0.93676
0.88636
0.54254
0.49466
0.7827
0.62274
0.22119
-0.43993
-0.41561
-0.34803
-0.17303
-0.64521
-0.44908
-0.29768
-0.46511
-0.33632
-0.31348
0.16622
0.26855
-0.020538
-0.65339
-1.2992
-2.0181
-2.1669
-2.0545
-1.7451
-1.3997
-1.6464
-2.3578
-2.6153
-2.446
-1.9532
-1.7515
-1.5521
-1.6185
-1.2724
-1.1722
-0.777
-0.47829
-0.38414
-0.1819
-0.36178
-0.59364
-0.39359
0.64054
1.4157
1.8306
1.0855
-0.017415
-0.69296
-1.3443
-1.4745
-2.0299
-2.0197
-1.7732
-1.3612
-1.0702
-0.099852
0.76189
1.8628
2.1824
2.0254
1.2033
0.50184
0.12894
0.11234
-0.17579
-0.49335
-1.1887
-1.9733
-2.2643
-1.8483
-0.93628
-0.13992
0.43375
0.46309
0.38458
0.33729
0.47371
0.56359
0.36443
0.1968
0.33207
0.54185
0.66043
0.59879
0.13438
-0.2383
-0.49032
-0.4299
-0.26624
0.23616
0.7365
0.69098
0.27882
-0.45412
-0.36563
0.05841
0.53951
0.61159
0.36358
0.15979
0.14511
0.36243
0.42006
0.72369
1.0414
1.0987
0.59242
-0.014444
-0.5054
-0.44757
-0.10106
-0.20212
-0.47649
-0.98208
-0.98241
-0.85275
-0.86766
-0.79585
-0.73851
-0.59419
-0.46419
0.31945
1.2066
2.125
2.5358
2.3643
2.0024
1.8592
1.7157
2.0714
2.4432
1.9024
1.7734
0.93303
0.59373
0.69927
0.34303
0.10466
0.29982
0.78165
1.3265
1.0884
0.89455
0.85165
1.0374
1.1938
0.95202
0.75494
0.75755
1.086
1.4948
2.016
2.2903
2.6455
2.1974
1.8411
1.6733
1.5682
1.7675
1.9364
2.1717
1.9207
1.3897
0.60766
-0.016498
-0.066296
0.33303
1.5726
2.2693
2.4661
1.8331
1.1257
0.6685
0.27563
0.5021
0.17402
0.43727
0.61533
0.49482
0.21317
-0.17857
-0.23337
0.14437
0.38099
0.78428
0.66012
0.51619
0.33362
0.13044
-0.13115
-0.39557
-0.90905
-1.1044
-1.2635
-1.1164
-1.3353
-1.6733
-2.0931
-2.1437
-1.8981
-1.6896
-1.3389
-1.0648
-0.50491
0.081211
0.36736
0.08206
-0.45366
-0.8498
-1.1458
-1.005
-0.82066
-0.14803
0.10626
0.2349
-0.021458
-0.34496
-0.64983
-0.36995
-0.34979
-0.32941
-0.63969
-1.3293
-1.6243
-1.7206
-1.6156
-0.90122
-0.63339
-0.40878
-0.22798
-0.22884
-0.27562
-0.27661
-0.16192
-0.25532
0.16301
0.046726
-0.35154
-0.94029
-1.2967
-0.87479
-0.56898
0.26147
1.5251
2.2215
2.7294
2.3275
2.116
1.831
1.6896
1.0881
0.46016
-0.072768
-0.51009
-0.55939
-1.0714
-0.78
-0.29277
0
-0.7086
-0.85569
-0.88054
-0.61168
-0.31814
-0.56291
-0.75868
-1.4192
-1.5167
-1.4672
-1.7108
-1.8807
-1.4887
-1.5118
-0.99872
-1.1679
-1.3852
-1.8686
-1.8416
-1.5483
-1.0385
-0.91606
-0.67367
-0.7203
-0.21562
0.35854
0.26229
-0.68976
-1.3759
-1.4904
-1.2974
-0.70561
-0.28138
0.11687
0.093192
-0.44117
-1.0413
-1.2681
-1.0338
-0.48062
0.068396
0.27251
0.74639
0.78837
0.49347
0.089338
0.24461
0.22139
-0.066116
-0.10969
0.30569
0.4129
0.10814
0.064566
0.10708
1.0654
1.272
1.2655
0.60851
-0.18786
-0.60213
-0.84674
-0.78057
-0.87848
-0.69081
-0.76783
-0.48226
-0.11989
-0.59609
-1.1064
-1.2376
-1.0548
-0.34958
-0.61791
-0.92151
-1.3933
-1.2524
-1.1697
-1.2191
-1.4544
-1.3347
-1.0873
-0.97103
-1.3661
-1.6116
-1.5842
-1.5391
-1.0854
-0.56606
-0.22863
0.10491
0.13907
0.41482
0.89363
1.2474
1.2573
0.99677
0.57118
0.31741
0.36548
0.21478
0.37791
0.065365
-0.22754
-0.33949
-0.096481
0.52785
0.70013
1.1397
1.3229
1.8019
1.902
2.0012
1.5437
0.99857
0.53512
0.79129
1.4692
1.6132
1.5309
0.97122
0.43141
0.41474
1.1209
1.6891
1.9747
1.5151
0.7981
0.49146
0.69119
0.90382
1.1007
1.2249
1.6465
1.7824
2.0161
1.9956
2.0033
1.9833
1.685
1.4579
1.3431
1.3395
1.2947
1.1265
0.39745
-0.2051
-0.58662
-0.39478
-0.095095
0.054234
0.10826
0.25667
0.45854
0.8483
1.0084
1.0875
1.0593
1.1518
0.89636
0.74845
0.44066
0.34691
0.026667
-0.093277
0.19978
0.31952
0.17302
-0.013307
-0.2395
-0.039916
0.43912
0.9849
1.3846
1.8513
2.1188
2.3867
1.7346
1.0149
0.32078
0
0.2277
0.65712
0.98026
0.95475
0.95619
0.6205
0.67561
0.70391
0.84088
0.9377
0.81711
0.9827
1.0944
1.193
1.1685
1.1164
0.91212
0.95625
1.0563
0.93399
0.81101
0.42082
0.3659
0.42361
0.70846
1.1944
1.3557
1.0457
0.70456
0.56297
0.81159
1.1205
1.2859
1.4528
1.4738
1.5988
1.7845
1.4491
1.3058
1.0405
0.72735
0.62433
0.65806
0.43068
0.29375
0.38854
1.203
1.9478
2.2426
2.0009
1.7726
1.7344
1.1952
1.2508
1.0784
1.3642
1.6204
1.181
1.0376
1.1619
1.2877
1.2616
0.89215
0.56978
0.67769
0.017489
0.12322
-0.15946
-0.19619
-0.28726
-0.37954
-0.6914
-0.95252
-0.95898
-0.55703
0.16825
0.94117
1.2888
1.2978
1.1338
0.61925
0.54563
0.52983
0.90902
1.4328
1.7436
1.5944
1.3008
0.90063
0.12368
-0.76811
-1.0871
-1.0317
-0.95416
-1.1744
-1.5483
-1.884
-2.1372
-1.9326
-1.3711
-0.51219
-0.24667
-0.27096
-0.93217
-0.34338
0.50708
1.4852
1.3551
0.70566
-0.66304
-1.621
-1.7997
-0.8454
-0.1945
-0.14682
-0.78811
-1.4376
-1.771
-1.2299
-0.22731
0.43201
-0.23011
-1.0804
-1.3197
-1.1453
-0.1571
0.10534
-0.31781
-0.29297
-0.77669
-0.64631
-0.92056
-0.97991
-0.62935
-0.71512
-0.85698
-0.75014
-0.97719
-1.1222
-1.4658
-1.416
-1.1664
-1.1716
-1.3777
-2.0177
-1.8814
-1.3951
-0.52524
-0.23435
-0.26465
-0.44272
-1.0664
-1.5754
-1.5509
-0.77803
-0.12008
-0.51191
-1.4497
-1.3024
-0.69859
0.21318
0.70225
0.36729
0.55224
0.58422
0.030814
-0.61754
-1.2684
-0.52687
0.21732
0.24876
0.12456
-0.56131
-1.53
-1.3129
-0.031293
1.159
2.0691
2.0706
2.7626
3.0781
2.6395
1.5402
0.094317
-0.15721
-0.062885
-0.34583
-0.50293
-0.40851
0.15705
0.65929
0.81577
0.8152
0.87721
0.31301
0.031269
-0.28112
-0.84236
-1.3087
-1.2135
-1.0875
-0.34124
-0.24777
-0.30917
-0.30861
0.092407
0.030741
-0.39881
-1.1632
-1.5882
-1.7674
-1.9151
-1.6072
-0.75616
-0.21117
-0.45128
-1.2901
-1.6155
-1.7599
-0.35689
0
0.088673
0.20625
0.79294
1.727
1.7504
1.3955
1.2747
0.46191
0.54654
0.83116
1.0565
0.25603
-0.34008
-0.36701
-0.25309
0.86834
1.2555
0.94479
0.55351
0.055124
0.49407
0.38268
-0.29941
-0.46077
-0.62074
-0.4031
-0.7492
-1.0923
-1.2201
-0.92428
0.39437
1.1255
1.6156
1.7381
1.3171
0.87411
0.74219
1.0191
1.3949
1.4895
1.6837
0.82552
-0.54783
-1.983
-2.0973
-1.3017
0
1.1195
0.19379
-0.96453
-1.7042
-1.0274
0.11892
1.1128
1.8383
1.9942
1.8684
1.4879
0.97205
1.4054
1.6514
1.2559
0.20459
-1.1769
-1.8476
-1.6152
-0.78172
-0.11119
0.19927
-0.022046
