-1.3145
-1.479
-1.0685
-0.49337
0.082276
0.43226
0.37083
-0.32997
-1.0943
-1.3231
-1.3044
-1.2443
-1.2672
-0.9991
-0.70916
-0.37628
0.10477
0.25209
0.084256
-0.14787
-0.31781
-0.65888
-1.0236
-1.0271
-1.2671
-1.5952
-1.9911
-2.412
-2.5968
-2.652
-2.1797
-2.1235
-2.0893
-1.7423
-1.0103
-0.15798
0.61266
1.3234
1.5603
1.2463
0.60362
0.093429
-0.70506
-1.1352
-1.3092
-1.4376
-1.4954
-1.5542
-1.7116
-1.9453
-1.9344
-1.5487
-1.0568
-0.53236
0.25541
1.1581
1.582
1.6205
1.3172
0.95592
0.53533
0.75554
0.97935
1.0971
1.3551
1.3943
1.0967
0.4821
-0.028599
-0.17306
-0.08727
0.23472
0.88778
1.4924
1.686
1.6095
0.91893
0.37076
0.093494
0.53439
0.9195
0.70358
0.67739
0.48801
0.39376
0.43021
0.4005
0.10097
-0.06788
0.30802
0.79369
1.2525
1.5434
1.5559
1.212
0.64676
0.65186
0.40147
0.29423
0.33353
0.5974
0.30092
-0.075781
-0.4198
-0.26904
-0.19352
0.11691
0.35308
0.039491
0.19874
0.68001
0.96599
0.85038
0.8147
0.94235
0.74166
0.58003
0.12496
-0.50243
-0.96785
-0.97259
-0.46735
-0.085362
0.47156
0.86102
0.6484
0.086792
0.087117
0.612
0.61408
1.0121
1.1035
1.2837
1.2428
1.335
1.1597
0.75994
0.71668
0.98725
0.5394
0
-0.090152
-0.45128
-0.99378
-1.8083
-2.3975
-2.6249
-2.5804
-1.7658
-1.4488
-1.5843
-1.7647
-1.5376
-1.175
-1.3998
-1.6691
-2.2529
-2.5649
-2.2017
-1.8841
-1.8808
-1.8325
-1.6057
-0.93461
-0.66603
-0.88585
-0.66266
-0.39651
0
0.0438
0.17466
-0.13057
-0.30365
-0.43229
-0.043074
-0.51499
-0.59855
-0.89434
-0.97561
-1.1829
-0.96757
-0.67022
-0.91753
-0.95497
-1.116
-1.1108
-1.597
-1.8339
-1.7034
-1.6547
-1.2047
-0.75913
-0.79501
-1.4632
-1.7702
-1.5653
-1.4791
-0.69685
-0.038504
0.61271
0.38083
0.22723
-0.33895
-0.63665
-0.55858
-0.18514
0.11045
0.18303
0.29116
-0.28948
-0.57562
-0.82266
-0.28448
0.14141
0.21088
0.034941
-0.59053
-1.0706
-1.236
-1.0239
-1.2555
-1.5518
-1.6769
-1.9338
-2.2541
-2.4058
-2.1297
-1.9871
-1.8785
-1.5779
-1.729
-1.6237
-1.6461
-1.385
-1.2207
-0.74704
0.030954
0.3694
0.24491
-0.030448
-0.060566
-0.21084
-0.05992
0.17881
-0.088936
-0.44237
-0.55745
-0.35028
-0.40659
-0.31787
-0.25879
0.057226
0.028475
0.14169
0.16923
-0.36495
-0.39121
0.19472
0.77538
1.2958
1.5921
1.2026
0.35382
-0.51498
-1.0528
-1.4518
-1.4997
-0.88031
-0.26575
-0.052952
-0.10552
-0.28914
-0.62866
-1.0181
-1.1448
-1.53
-1.8612
-2.0874
-1.8756
-1.5883
-1.6604
-1.5029
-1.8545
-2.1031
-2.2241
-2.0422
-2.0122
-2.0327
-1.6026
-1.2993
-1.1221
-0.94574
-0.62103
-0.61992
-0.49509
-0.51899
-0.78962
-1.3059
-1.7962
-1.843
-1.6935
-1.2993
-1.1509
-1.2966
-1.3687
-1.514
-1.4397
-1.7312
-1.657
-1.4126
-1.3875
-1.5329
-1.4107
-1.0699
-1.094
-1.1667
-0.92356
-0.58328
-0.58329
-0.46181
-0.60772
-0.77804
-0.60799
-0.2676
-0.073007
-0.36519
-0.58456
-0.87729
-1.2679
-1.3418
-1.0986
-0.83061
-0.39116
-0.17126
0.024486
0.19605
0.41698
0.68742
0.63893
0.34438
0.17236
-0.22184
-0.8143
-1.1857
-1.286
-1.0894
-0.86761
-0.19855
0.12425
0.14928
0.049824
-0.024945
-0.14986
-0.32514
-0.27549
-0.50158
-0.50227
-0.35209
-0.025185
-0.050442
-0.32835
-0.4553
-0.83594
-1.167
-1.0925
-0.71249
-0.15291
0.61257
1.1504
1.229
0.94881
0.77052
0.84892
0.59262
0.49034
0.85303
1.0874
1.167
1.117
1.0408
0.88614
1.0965
1.0722
1.1788
0.78717
0.44682
-0.13164
-1.055
-1.638
-1.8261
-1.9618
-2.3105
-2.3944
-2.4785
-2.1625
-1.6315
-0.96454
-0.61733
-0.4571
-0.26937
-0.29683
-0.6488
-1.0833
-1.3837
-1.4949
-1.8243
-1.8821
-2.2134
-2.2448
-1.7552
-0.79675
-0.055046
0.082717
0.11049
-0.083011
-0.44351
-0.83304
-1.1405
-1.449
-1.619
-1.3142
-1.2324
-1.01
-0.73067
-0.1126
0.19737
0.28241
0.31115
-0.3683
-0.76613
-0.96624
-0.74
-0.59858
-0.65654
-0.60031
-0.97328
-1.5193
-1.9231
-1.9831
-2.072
-1.7
-1.327
-1.0108
-1.0698
-1.1289
-1.13
-1.2472
-1.1032
-0.7846
-0.55261
-0.75684
-1.0779
-1.3994
-1.9547
-2.1019
-1.8695
-1.4321
-1.1989
-0.9362
-1.2
-1.7567
-1.728
-1.2597
-0.79118
-0.52754
-0.26381
-0.23451
-0.46904
-0.76217
-0.76212
-0.79134
-0.87913
-0.55667
-0.43936
-0.17569
0.14636
0.61448
0.81895
0.8478
0.99347
0.67168
0.2043
-0.14584
-0.23319
-0.087385
-0.23285
-0.26176
-0.81371
-1.6261
-2.2049
-2.5508
-2.6933
-2.3725
-1.6476
-1.0684
-0.57694
-0.4899
-0.2303
-0.37385
-0.37345
-0.28696
-0.51596
-0.68718
-0.37181
0.25712
0.54221
0.45609
0.34168
0.3413
0.14205
0.22703
0.25513
-0.14158
-0.45258
-1.102
-1.6654
-2.1148
-2.169
-2.0261
-1.8273
-1.0954
-0.47702
0.11214
0.02801
0.22389
0.50335
0.55885
0.58635
0.72545
0.75285
0.86384
1.0861
0.83502
0.38948
-0.30588
-0.97286
-1.5004
-2.0555
-1.8606
-1.7214
-1.5545
-1.5266
-1.4433
-1.36
-1.4434
-1.1104
-0.94405
-0.80541
-0.4445
0.13896
0.63948
1.2518
1.9761
2.1723
2.0624
1.8408
1.8423
2.0116
2.3211
2.6595
2.4382
1.6554
0.98324
0.59072
0.25351
0.3103
0.50853
0.7357
0.70858
0.85176
0.88173
0.42744
0.25696
0.14304
0.14334
0.057456
0.17275
0.25971
0.37601
0.46389
0.55222
0.49534
0.32134
0.82012
1.116
1.1486
0.59066
0.26656
0.089114
-0.11917
-0.11953
-0.41966
-0.90208
-1.2971
-1.4828
-1.852
-1.98
-1.4059
-0.95066
-0.61542
-0.58667
-0.6197
-0.68407
-0.96733
-0.75157
-1.0686
-1.0724
-0.98134
-0.95315
-0.98853
-0.99217
-0.5461
-0.45139
-0.4207
-0.32481
0.032602
0.2945
0.29559
0.6593
1.0588
1.2287
1.0666
0.97009
0.63788
0.26955
0.033815
-0.64478
-1.0898
-0.99109
-0.65159
-0.86032
-0.93232
-1.0048
-1.0429
-1.2905
-1.1197
-0.49146
0.10565
0.88315
1.5946
1.6349
1.1407
0.82232
0.78883
0.7551
1.1899
1.5546
1.5588
0.9813
0.25506
-0.58443
-1.0252
-1.0643
-0.69892
-0.2212
-0.25863
0.40727
0.85329
1.2267
1.3035
1.0447
0.26165
-1.1233
-1.7252
-2.2538
-2.182
-1.8461
-1.3204
-0.98218
-0.79429
-0.18934
-0.075822
0.11385
0.15195
0.19012
-0.38057
-1.2188
-1.5627
-1.8308
-1.7937
-1.5274
-1.1079
-0.61152
-0.34411
0.19123
0.07651
-0.3061
-0.4592
-0.42096
-0.53577
-0.2296
-0.076525
-0.3443
-1.0709
-1.9118
-2.3698
-2.5981
-1.9095
-0.76339
-0.19074
-0.34311
-0.80003
-1.142
-1.4074
-1.4442
-1.4049
-1.669
-2.3493
-2.8388
-2.5331
-2.2279
-1.2823
-0.79093
-0.677
-0.78869
-0.975
-1.0858
-1.084
-0.93294
-0.67055
-0.70653
-1.0021
-0.7409
-0.40669
-0.036896
0.51546
0.69805
0.36658
-0.40231
-0.80275
-1.274
-1.6703
-1.5574
-1.0838
-0.72061
-0.39526
0.071668
0.35733
0.3563
0.24868
0.28335
0.14124
-0.1408
-0.035089
-0.069951
-0.34861
-0.55591
-0.65791
-0.79367
-0.72213
-0.65103
-0.88768
-1.1566
-0.61005
0.574
1.2446
1.4073
1.235
0.96417
0.79477
0.95651
0.9198
0.58889
0.26065
0.25957
0.25849
0.25741
0.35243
0.19142
-0.6671
-1.6131
-2.173
-2.1949
-2.0605
-1.3365
-1.1141
-1.14
-1.3803
-1.4353
-1.4289
-1.2712
-0.75333
-0.33
-0.11947
-0.089202
-0.29602
-0.55995
-1.0563
-1.3729
-1.7159
-2.1138
-2.191
-2.038
-1.8862
-1.7642
-1.2183
-1.2978
-1.3484
-1.6224
-1.532
-1.4424
-1.2983
-0.77027
-0.68493
-0.81857
-1.0055
-1.2451
-1.4019
-1.4232
-1.0432
-0.9059
-0.98205
-1.137
-1.2907
-1.4958
-1.5949
-1.4588
-1.3237
-1.2672
-1.005
-0.87304
-1.1515
-1.4279
-1.7026
-1.6968
-1.691
-1.4841
-1.2285
-1.3994
-1.619
-1.5145
-1.1879
-0.83876
-0.5656
-0.39223
-0.43989
-0.36544
-0.43718
-0.67799
-0.84491
-0.72202
-0.40792
-0.38277
-0.16697
-0.16647
-0.30824
-0.68559
-0.75429
-0.51705
-0.25776
-0.023364
0.023296
-0.32519
-0.92638
-1.0622
-1.1512
-1.1019
-1.1215
-0.86717
-0.79634
-0.81666
-0.88207
-1.2402
-1.3714
-1.1207
-0.53629
-0.13366
-0.22209
-0.26569
-0.52973
-0.6381
-0.54836
-0.26239
0.043593
0.21727
0.7147
1.0146
1.1405
1.051
0.91925
0.46877
0.12742
0
-0.23206
-0.35744
-0.23051
-0.04177
0
0.20744
0.2274
0.28844
0.30799
0.53202
0.99921
1.2397
1.6405
1.8367
1.7298
1.2027
0.85902
0.91582
0.97224
1.2062
1.2219
1.0214
0.39153
-0.078047
-0.50564
-0.87228
-0.92743
-1.0785
-1.2095
-1.4736
-1.45
-1.3314
-1.1567
-0.83187
-0.47127
-0.13157
0.1312
0.50466
0.52192
0.44617
0.38938
0.59183
0.88554
1.0858
1.4138
1.4655
1.3892
1.295
1.165
0.85383
0.39891
0.072397
-0.37943
-0.75761
-0.95455
-1.0431
-1.3649
-1.7039
-1.8094
-1.879
-1.9129
-2.0005
-1.981
-1.9796
-1.7111
-1.3539
-0.99721
-0.81889
-0.53395
-0.33814
-0.35594
-0.39157
-0.33825
-0.33835
-0.5701
-0.73082
-0.94532
-1.3208
-1.6256
-1.8417
-2.0226
-2.2758
-2.2966
-2.102
-1.9611
-1.8921
-1.9132
-2.0069
-1.8657
-1.343
-0.8547
-0.63782
-0.5479
-0.45763
-0.53211
-0.5886
-0.35037
-0.20338
-0.14831
-0.2045
-0.33559
-0.26178
-0.13128
0.1505
0.32082
0.17039
0.056983
0.19058
0.26771
0.28783
0.50065
0.50244
0.36849
0.19465
0.60566
1.1963
1.7914
2.1934
1.9639
1.3741
0.8997
0.78283
0.82627
1.1129
1.5034
1.5299
1.3313
1.09
0.97058
0.70503
0.41644
0.33454
0.25195
0.253
0.27523
0.34015
0.25618
0.15006
0.12916
0.021617
-0.17366
-0.043595
0.41587
0.74727
1.0152
1.108
1.1571
1.1842
1.3909
1.5317
1.4022
1.4079
1.4136
1.4192
1.1721
1.4075
1.6447
1.7907
1.681
1.6407
1.4823
1.0629
0.90101
0.45223
0.14335
-0.16788
-0.43331
-0.72488
-1.0671
-1.0224
-1.0995
-1.0299
-0.66451
-0.32111
-0.17353
-0.44783
-0.49937
-0.82689
-1.1064
-1.3627
-1.3421
-1.6518
-1.734
-1.7144
-1.823
-1.9839
-2.0682
-1.7639
-1.4575
-1.0185
-0.55025
-0.39434
-0.58029
-0.63513
-0.84962
-1.4384
-1.5767
-1.3941
-1.4255
-1.3491
-1.3263
-1.1676
-1.253
-1.1476
-0.98669
-1.3471
-1.7925
-2.2958
-2.7189
-2.6157
-2.0374
-1.3436
-1.0948
-0.76016
-0.5647
-0.53798
-0.73825
-0.68336
-0.39972
-0.25766
-0.22965
-0.34539
-0.25972
-0.34719
0.029006
0.34895
0.49557
0.61367
0.73232
0.6166
0.32373
0.14749
-0.029563
-0.32591
-0.17815
0.14878
0.08945
-0.20914
-0.38917
-0.68987
-0.90153
-1.0537
-1.2969
-1.7222
-2.1488
-2.213
-2.247
-2.3417
-2.4366
-2.0742
-1.7106
-1.2847
-0.85764
-0.58272
-0.61416
-0.24596
-0.12312
-0.18489
-0.12339
-0.24705
-0.64915
-1.2686
-1.3627
-1.1469
-1.0858
-0.52785
-0.18645
-0.12439
-0.62241
-1.1523
-1.4335
-1.8398
-1.841
-1.7172
-1.562
-1.7192
-1.5325
-1.1578
-0.97059
-0.50121
-0.094025
0
-0.40785
-0.5964
-0.56529
-0.18853
0.12575
0.31453
0.12588
-0.50379
-0.6931
-0.88263
-1.0093
-1.0415
-0.72634
-0.47401
-0.47434
-0.31645
-0.6017
-0.69725
-0.53922
-0.25397
0.063549
0.34984
0.82771
0.82855
0.47852
0.47905
0.8633
0.96039
1.3142
1.8616
2.2177
2.2531
2.0308
1.7111
1.4229
1.2957
1.2006
0.94275
0.3257
0.1958
0.1962
0.13107
0.36123
0.88862
1.7813
2.3808
2.8175
2.9575
2.3655
2.0711
1.9093
1.7131
1.2464
0.94602
0.57611
0.5099
0.85253
1.4027
1.6819
1.2743
1.175
0.83231
0.27843
0.27944
0.38565
0.42229
0
-0.035462
-0.10681
0
0.35888
0.79278
1.2665
1.5625
1.8245
1.5758
0.8465
0.70233
0.66829
0.67124
0.44949
0.52675
0.49133
0.49355
0.076276
-0.26818
-0.69277
-0.96658
-0.34956
-0.23411
-0.43117
-0.74816
-0.43512
-0.35763
-0.2395
-0.44108
-1.007
-1.8206
-2.0319
-1.7959
-1.3528
-1.0705
-0.62021
-0.58131
-0.50034
-0.37679
0.042035
0.042202
0.084733
0.21264
-0.21344
-0.98542
-1.5909
-1.7259
-2.0348
-1.8677
-1.9608
-2.3602
-3.0686
-2.9455
-2.4686
-1.8563
-0.93046
-0.13324
0.17804
-0.53524
-1.0279
-1.3879
-1.3005
-0.6737
0.08995
0.58538
0.36062
0.40606
0.36121
0.22588
0.22598
0.045206
-0.09042
-0.49726
-0.090388
-0.67762
-0.94809
-0.90223
-0.81124
-0.94537
-1.4387
-1.3917
-1.2997
-1.3421
-1.3394
-1.1583
-1.0667
-0.8423
-0.044212
0.08817
-0.21976
-0.61334
-0.82958
-1.3487
-1.9506
-2.4181
-2.6234
-2.227
-1.4498
-0.76412
-1.0141
-1.1355
-1.2973
-1.3324
-1.8226
-1.7305
-1.3524
-1.3041
-1.1752
-0.84609
-0.5207
-0.39815
0.079147
0.3933
-0.039085
-0.38838
-0.27012
-0.1917
-0.3428
-0.037838
0.18793
-0.037335
-0.25958
0.073663
0.80478
1.3079
1.9484
1.72
1.1744
0.24739
-0.42118
-1.0108
-1.5924
-1.6159
-1.6731
-1.4583
-0.90949
-0.13383
0.099706
-0.16508
-0.29519
-0.58654
-0.80941
-0.96511
-1.1509
-1.4614
-1.7999
-1.7263
-1.8721
-1.9852
-2.0048
-1.6562
-1.3421
-0.81914
-0.1509
-0.030026
-0.20913
-0.29732
-0.20714
-0.11783
0.029327
0.49644
0.78523
0.86904
0.57716
0.20127
-0.25789
-0.19992
0.028471
-0.11355
-0.39631
-0.8188
-1.2675
-1.7424
-1.9912
-1.9035
-1.9562
-2.3998
-2.759
-2.8673
-2.809
-2.3901
-1.8055
-1.6938
-2.1655
-2.4433
-2.7216
-2.7784
-2.6133
-2.2816
-1.8662
-1.4502
-1.0054
-0.83917
-0.84069
-0.98277
-0.84422
-0.87445
-1.0747
-0.9642
-1.2799
-1.3981
-1.2023
-0.66073
-0.20183
-0.23156
0.058124
-0.11674
-0.26382
-0.11779
0.029586
0.11892
-0.17929
-0.30037
-0.30198
-0.15182
0.15269
0.46072
0.092693
-0.27977
-0.40663
-0.69252
-0.85542
-0.7335
-0.5458
-0.87278
-0.94393
-0.72113
-0.2641
0.19951
0.80388
1.0798
0.81589
0.47953
-0.17256
-0.52167
-1.1916
-1.2009
-1.0323
-1.2916
-1.7357
-1.9317
-2.094
-2.3328
-2.3887
-2.182
-1.8581
-0.95555
-0.038526
0.31064
0.11741
0.15778
-0.079504
-0.36055
-0.5248
-0.48814
-0.45085
-0.41295
0.33281
0.41908
-0.042212
-0.42515
-0.42815
-0.043113
0.43409
1.6169
2.4194
2.7893
2.7625
2.3314
1.3081
0.90749
0.95838
0.96378
0.92291
0.78865
0.65282
0.23431
-0.14127
0.094614
-0.38015
-0.71583
-1.198
-0.96212
-0.91743
-1.0661
-1.6531
-2.0973
-2.4949
-2.0604
-0.83614
-0.34512
-0.049413
-0.049513
-0.44644
-1.0434
-1.0947
-0.69749
-0.44887
-0.049919
0.69936
1.2995
1.1499
0.80009
0.20002
-0.39996
-0.34984
-0.14985
-0.099834
-0.59849
-0.49824
-0.099532
0
0.24814
0.049549
-0.59355
-1.6292
-2.1679
-2.065
-1.3735
-0.48939
0.29291
-0.048692
-0.48561
-0.096853
-0.28972
-0.38516
-0.76798
-0.71774
-0.85855
-1.8066
-1.8006
-1.7474
-1.459
-1.0319
-0.84131
-0.69862
-0.74255
-0.046243
0.50685
0.87231
1.1436
1.1395
0.68122
0.2715
0.3607
0.40433
0.49242
0.71371
1.1557
1.196
1.236
1.3637
0.87686
0
-0.52265
-0.78145
-1.2117
-0.99226
-0.94622
-1.1149
-1.8813
-2.5154
-2.4659
-2.5017
-2.1145
-1.5607
-1.3885
-1.5951
-1.8007
-2.0056
-2.1681
-2.1219
-1.827
-1.8235
-2.2339
-2.23
-2.0201
-1.8111
-0.94528
-0.49248
0
-0.32747
-0.16354
-0.20419
-0.16318
0.081513
0.4072
0.40686
0
0.28439
0.20301
-0.081155
-0.44612
-0.28376
-0.32417
-0.40506
0.080986
0
0.080944
0.040464
0.36411
0.52586
0.36401
0.44486
-0.28307
-1.0917
-1.8599
-1.9811
-1.698
-0.76807
0.52548
1.253
1.2933
1.4547
1.5757
1.2119
0.48465
0.12113
-0.32292
-0.60526
-0.52435
-0.52412
-0.48355
0
0.72443
1.3272
1.728
2.2484
2.5671
1.9633
1.4408
0.91935
0.71852
0.31887
0.55716
0.75487
0.23795
-0.19791
-0.47402
-0.74892
-0.98316
-0.78462
-0.6261
-0.78052
-0.97289
-1.1252
-1.2377
-1.465
-1.4985
-1.7995
-2.1362
-1.976
-1.1733
-0.11307
0.638
1.1956
0.92979
0.29612
-0.25784
-0.73297
-1.2031
-1.8495
-1.7311
-1.7214
-1.6401
-1.276
-0.98643
-0.9103
-0.80017
-0.34565
0.068674
-0.10232
-0.33873
-0.70638
-1.2358
-1.2932
-0.92165
-0.68612
-0.45397
-0.51488
-0.51091
-0.79208
-0.59724
0.031184
0.61866
0.82843
0.60865
0.15091
-0.56872
-1.0092
-1.3246
-1.3427
-1.3024
-0.80356
-0.48375
-0.64893
-0.78331
-1.0263
-1.1276
-1.1181
-0.676
-0.48262
-0.82421
-1.1337
-1.3335
-1.115
-0.77153
-0.20407
0.15181
0.075299
-0.1494
-0.32117
-0.46576
-0.51084
-0.12071
0.071885
0.047571
-0.18891
-0.11723
-0.069846
0
0.2756
0.2966
0.22669
0.18021
0.11194
0.20028
0.22124
0.59396
0.76572
0.60931
0.58452
0.62469
0.51451
0.32008
-0.16995
-0.69808
-1.222
-1.595
-1.9028
-2.563
-3.053
-3.2921
-3.2413
-3.0885
-2.7728
-2.4796
-2.5153
-2.6127
-2.7306
-2.7877
-2.8046
-2.4768
-1.9676
-1.6826
-1.3779
-1.1143
-0.99268
-1.0334
-0.77028
-0.3448
0.040597
0.50796
0.85438
1.0593
0.8161
0.6949
0.36861
-0.16417
-0.90504
-1.4847
-2.0262
-2.4674
-2.454
-2.441
-2.3026
-1.9326
-1.5813
-1.3545
-1.3811
-1.1734
-1.007
-0.81776
-0.58367
-0.26061
-0.065464
-0.24121
-0.15426
-0.088601
0.15586
0.58198
0.85518
0.85987
0.75089
0.75513
0.73643
0.74069
0.86142
1.1241
1.2721
1.3271
1.502
1.4631
1.2066
1.0925
0.95264
0.68813
0.69234
0.57218
0.40047
0.15109
0.15201
0.45877
0.35897
0.30952
0.12973
-0.0261
-0.23627
-0.34325
-0.50454
-0.74773
-0.9936
-1.1071
-1.4389
-1.6104
-1.7012
-1.6272
-1.691
-1.6158
-1.2598
-0.8439
-0.84786
-0.65301
-0.88409
-1.0885
-1.1219
-0.89545
-0.69605
-0.52408
-0.058453
0.029334
0.17664
0.088623
0.41495
0.47576
0.68603
0.92741
0.78006
0.63179
0.48263
0.6653
0.33345
-0.1823
-0.48721
-0.79338
-0.88668
-0.85772
-0.64443
-0.61478
-0.7697
-0.33917
-0.12351
0.3401
0.7739
1.1157
1.21
0.99379
0.71495
0.12445
-0.52931
-0.81012
-1.0289
-1.4351
-1.6856
-1.6865
-1.7498
-2.2506
-2.7518
-3.0656
-3.0665
-2.6605
-1.7532
-0.93946
-0.46983
-0.093984
0.094001
-0.28205
-0.50151
-0.75239
-0.78386
-1.0976
-1.0664
-1.3176
-1.7571
-2.0398
-1.9147
-1.7582
-1.6958
-1.445
-1.4454
-1.5087
-1.6978
-1.6985
-1.2901
-0.69255
0.22046
0.69321
0.75664
0.82016
0.6944
0.37901
-0.25285
-0.28466
-0.69636
-0.63357
-0.25364
0.22213
0.88936
0.82664
0.89113
0.44603
0.12758
0.35124
0.47953
0.64015
0.70505
1.091
1.1567
1.1262
0.90219
0.74216
-0.064631
-0.8091
-1.1669
-1.3635
-1.2682
-0.78168
-0.26099
-0.29411
-0.52375
-0.7214
-0.62412
-0.88847
-1.1538
-1.2879
-1.4888
-1.2926
-1.129
-0.96471
-1.1664
-0.96827
-0.73591
-0.5362
-0.50361
-0.40363
-0.87615
-1.2829
-0.87935
-0.13553
0.40732
0.34004
0.034064
-0.78483
-1.5724
-1.9174
-2.0235
-1.9238
-1.514
-1.2062
-1.2081
-1.6248
-1.731
-1.8376
-1.8749
-1.7036
-1.4273
-0.97601
-0.66311
0.20965
0.41978
0.49027
0.73617
1.2632
1.5454
1.7928
2.2164
2.1125
1.8673
1.7275
1.7285
1.4117
1.1299
1.0244
0.95402
0.88358
0.53025
0.4596
-0.035356
0
0.56564
0.88367
0.70678
0.31796
0.10595
0
0.14113
0.31736
0.49336
0.77472
1.0908
1.4414
1.3698
1.2281
0.59587
-0.49015
-1.4337
-1.362
-0.83703
-0.62688
-0.48685
-0.65969
-1.0053
-1.4188
-1.4509
-1.2758
-0.99809
-0.72135
-0.41137
-0.51315
-0.95583
-0.57905
-0.44181
-0.033907
-0.10148
-0.13498
-0.53858
-0.94014
-0.87074
-0.73484
-0.43306
-0.19933
0.16565
0.13215
0.065886
0.49272
0.42577
0
-0.16278
0.032458
0.71189
1.3871
1.6722
1.2823
0.89474
0.95558
1.5875
1.5507
1.2303
0.56596
-0.50142
-1.7492
-2.584
-2.7307
-2.6907
-2.1578
-1.6283
-1.1636
-1.4345
-1.6123
-1.6373
-1.8434
-1.4458
-0.93073
-0.44889
-0.35796
-0.1784
-0.20748
-0.47273
-0.44179
-0.23489
-0.23417
-0.49608
-0.69823
-0.89919
-1.0701
-1.0958
-0.92009
-0.8888
-1.1722
-0.99791
-0.96677
-0.82239
-0.36769
0.42316
1.0693
1.0947
1.148
1.0056
1.0033
1.001
1.1653
1.3288
1.4641
1.5438
1.2106
0.82379
0.76742
1.2037
1.4201
1.6085
1.7147
1.5217
1.0853
0.56892
0.56811
0.21613
0.10792
-0.10779
-0.40372
-0.91405
-1.2353
-1.2877
-1.5545
-1.2585
-0.90964
-0.37426
-0.26713
-0.10678
-0.026677
-0.29328
-0.18653
-0.37288
-0.53244
-0.98464
-1.3035
-1.5425
-2.0207
-2.1798
-1.887
-1.5679
-1.5412
-1.4083
-1.6474
-1.7804
-1.7008
-1.4086
-1.143
-1.1166
-0.95733
-0.58518
-0.3991
-0.10646
0.1065
0.31961
0.42631
0.58643
0.32001
-0.32017
-0.82752
-0.96149
-0.88185
-0.80215
-0.48158
-0.34802
-0.29467
-0.10722
0
-0.16106
-0.75214
-1.2366
-1.7218
-1.777
-1.5628
-0.97082
-0.7827
-0.75636
-0.86517
-1.1366
-1.1918
-0.86756
-0.4342
-0.27164
-0.054382
0.13609
-0.027247
-0.40915
-0.8465
-0.98413
-1.0947
-0.959
-0.74069
-0.79653
-1.2375
-1.4594
-1.3235
-1.2424
-1.0229
-0.55372
-0.30499
-0.13884
0.19466
0.75201
0.92059
0.95003
0.69972
0.028037
-0.73023
-1.4631
-1.8322
-1.9769
-1.6129
-0.9356
-0.65341
-0.99638
-1.3408
-1.6868
-2.0631
-1.8093
-1.4105
-0.86562
-0.69418
-0.086987
0.31976
0.55374
0.43832
0.087899
-0.26442
-0.67762
-0.65
-1.1852
-1.8128
-2.2952
-2.3021
-2.2493
-2.2262
-1.9315
-2.0286
-1.944
-1.4629
-0.67271
-0.36818
-0.36943
-0.4016
-0.217
-0.27997
-0.40583
-0.50126
-0.75457
-0.63107
-0.25334
-0.063563
-0.15948
0.12805
0.28915
0.22571
-0.06472
-0.29229
-0.52148
-0.94855
-1.4114
-1.647
-2.0493
-2.1227
-2.1299
-2.2372
-2.3785
-2.0837
-1.5846
-1.0822
-0.3053
0.37424
0.58003
0.37636
-0.034306
0.13758
0.62064
1.3479
1.5934
1.2844
0.59133
0.73185
1.0124
1.2938
1.6459
1.7533
1.65
1.0894
0.98482
0.66873
-0.035215
-1.0216
-2.114
-2.5368
-2.184
-1.1268
-0.5279
-0.633
-0.73779
-0.73695
-0.63082
-0.45489
0.38423
1.0807
1.4958
1.6311
1.6269
1.5189
1.3767
1.4409
0.8206
0.068138
-0.44122
-0.33804
-0.2693
-0.06703
-0.13345
-0.36522
-0.92504
-1.2161
-1.2423
-1.3005
-1.0991
-1.1569
-1.3416
-1.6508
-1.7349
-1.5042
-1.4631
-1.0821
-0.42985
-0.030487
-0.15134
-0.3906
-0.68594
-0.88796
-0.82244
-0.55377
0.028918
0.2869
0.71154
0.64936
0.16803
-0.24999
-0.1102
0.10929
-0.08129
-0.13436
-0.31979
-0.63427
-0.73384
-0.54581
-0.33508
-0.15337
-0.20281
-0.52801
-0.82295
-0.76679
-0.31896
-0.024339
-0.2656
-0.47911
-0.71307
-0.91985
-0.81922
-0.74337
-0.85314
-1.2131
-1.1817
-1.2636
-1.1652
-0.91241
-0.41999
-0.17568
-0.021819
0.043365
-0.06465
-0.21421
-0.14908
-0.25412
-0.69501
-0.98461
-1.0838
-1.0576
-1.2796
-1.5613
-1.7999
-2.281
-2.4746
-2.5459
-2.3554
-2.3071
-2.4195
-2.6312
-3.0013
-3.2112
-3.2032
-3.1367
-3.0317
-2.7509
-2.6089
-2.6442
-2.6016
-2.4425
-1.9913
-1.5803
-1.053
-0.76028
-0.77971
-0.62385
-0.29252
-0.13658
-0.13668
-0.05863
-0.07826
-0.13713
-0.21582
-0.53062
-0.78758
-1.0852
-0.98873
-1.0308
-1.1726
-1.2755
-1.0594
-0.72187
-0.40237
-0.10094
-0.081049
0.081359
0.28589
0.47162
0.45305
0.57917
1.1013
1.5241
1.4896
1.2019
1.0385
0.89486
0.83544
0.84007
1.0831
1.2419
1.5121
1.5873
1.1756
0.91502
0.67373
0.63282
0.56866
0.64105
0.82965
0.81198
0.88751
0.84651
0.82863
0.92969
1.2482
1.4986
1.1926
0.9069
0.64177
0.42258
0.17523
0.15126
0.10155
-0.23011
-0.41197
-0.25929
0.078334
0.15776
0.42362
0.34656
0.026842
-0.13512
-0.21765
0.054777
0.35841
0.97126
1.2289
1.3492
1.3294
1.5938
1.7467
1.6996
2.2312
2.6521
3.1068
3.3892
3.4076
2.7108
1.6468
1.0232
0.39313
0.18231
0.30524
0.36793
0.12317
-0.18552
-0.40358
-0.24931
0.031278
0.47083
0.81884
0.72668
0.60212
0.76275
0.8604
0.83063
0.83259
0.67395
0.54668
0.48326
0.8068
0.87266
0.22655
-0.19442
-0.51898
-0.71421
-0.87715
-0.91013
-1.008
-0.97573
-0.55296
-0.19515
-0.35769
-0.52008
-0.45484
-0.35714
-0.16221
0.29171
0.19427
-0.032341
-0.032299
0.4838
0.8051
0.45012
0.032096
-0.48055
-0.83133
-0.73392
-0.54131
-0.57189
-0.98267
-1.1385
-1.672
-2.0455
-1.8833
-1.1583
-0.46834
-0.28024
0.031052
-0.030965
-0.40141
-0.55421
-0.92102
-1.3469
-1.7092
-1.8259
-2.1846
-2.2992
-2.2019
-1.624
-1.4693
-1.465
-1.4011
-1.5754
-1.6005
-1.3003
-0.82515
-0.79345
-0.5275
-0.64296
-0.78696
-0.90114
-0.81181
-0.3181
-0.28846
-0.34529
-0.66021
-0.91637
-1.3428
-1.4253
-1.5075
-1.9583
-2.0958
-2.2046
-2.0875
-1.999
-1.7705
-1.8515
-2.0723
-2.2645
-2.3167
-2.3688
-2.3096
-1.7506
-1.0822
-0.69281
-0.19374
0.11058
0.19329
-0.24824
-0.66128
-0.99093
-1.0725
-0.71435
-0.32942
-0.21943
-0.43853
-0.24649
0.16421
0.60172
1.2027
1.5844
1.4197
0.81862
0.30001
-0.21808
-0.79016
-1.0349
-0.95278
-0.84353
-0.67998
-0.59814
-0.86967
-1.3311
-1.575
-1.4929
-1.3566
-1.112
-0.81331
-1.0297
-1.4085
-1.4078
-0.97418
-0.4598
0
0.24316
0.27003
-0.13493
-0.29667
-0.18867
-0.2424
-0.16149
-0.026894
-0.053746
-0.21481
-0.10731
-0.24124
-0.99083
-1.5517
-2.0579
-2.0557
-2.2135
-1.9979
-1.9423
-2.126
-1.911
-1.4579
-1.0059
-1.1103
-1.2935
-1.6606
-1.9476
-1.7082
-0.97081
-0.078588
0.41845
0.41775
-0.052129
-0.78058
-1.1948
-1.0371
-0.69874
-0.28415
0.43831
0.69483
0.71918
0.4358
0.33261
0.20428
0.076454
0.17804
0.050766
0
0.15169
0.55507
0.55395
0.32667
0.025078
-0.42547
-0.79929
-0.89741
-0.92051
-0.96836
-0.81778
-0.64307
-0.66652
-0.96093
-1.1313
-1.2028
-1.2742
-1.1007
-0.87899
-0.87747
-1.2896
-1.6276
-1.8675
-2.3004
-2.4178
-2.3176
-1.9767
-1.8536
-1.4424
-0.9123
-0.40762
0.16764
0.66977
0.95574
0.90699
1.0491
0.97667
0.85679
0.6896
0.71282
0.33241
-0.37964
-0.71138
-1.0191
-1.0896
-0.87604
-0.26035
0.04732
0.23654
0.42568
0.5202
0.63837
0.80385
0.82751
0.87488
1.0642
1.774
2.3423
2.5797
2.486
1.8475
1.1375
0.64019
0.59312
0.40358
-0.14254
-0.68947
-0.92796
-0.88113
-0.45288
0.4056
0.90753
1.028
0.93342
0.69487
0.35984
0.21617
0.43289
0.6502
0.57874
0.38636
0.266
0.19374
0.60636
1.1903
1.4355
1.2185
1.1717
1.2959
1.2491
1.0305
0.49157
0.024623
-0.148
0.24713
0.76754
1.1411
1.4415
1.5191
1.3474
0.75004
0.90186
1.2551
1.8866
2.3946
2.4754
2.2021
1.6741
1.3981
1.0699
0.63825
0.43496
0.35899
0.23129
0.10303
0.28395
0.23285
0.051862
-0.15594
-0.28655
-0.23499
-0.34021
-0.18362
-0.3681
-0.63251
-0.95102
-1.0857
-1.3272
-1.3836
-1.0402
-0.8021
-0.75045
-1.0747
-1.1582
-1.4851
-1.4888
-1.1126
-0.76175
-0.62732
-0.4922
-0.30157
-0.41229
-0.41337
-0.41446
-0.52637
-0.94444
-1.2533
-1.2288
-1.3162
-0.95474
-0.64764
-0.45179
-0.39643
-0.22717
0
-0.19992
-0.48693
-0.86181
-1.2101
-1.5316
-1.5362
-1.599
-1.9539
-2.2525
-2.4063
-2.2961
-2.333
-1.9849
-1.7536
-1.6401
-1.5558
-1.4109
-1.4457
-1.7831
-1.8802
-2.1302
-2.2903
-2.0226
-1.8453
-1.7902
-2.1684
-2.1141
-2.1219
-2.0359
-1.6977
-0.91516
-0.41181
-0.1272
-0.031922
-0.19228
-0.48258
-0.87208
-0.97283
-1.2372
-1.4056
-1.3128
-1.5159
-1.489
-1.0964
-0.46707
-0.335
-0.37003
-0.13512
-0.37313
-1.0219
-1.6077
-1.6488
-1.5868
-0.90066
-0.24351
0.17467
0.17541
0.63412
0.84905
0.28421
0.10702
-0.17912
-0.10792
-0.072242
0.29016
0.83763
0.9873
1.2483
1.327
1.2583
0.63163
-0.1119
-1.0859
-1.9921
-2.1505
-1.7041
-1.2163
-1.2588
-1.2633
-1.8056
-2.3129
-2.4367
-2.212
-1.9466
-1.8356
-1.567
-1.5718
-1.8128
-1.6994
-1.2285
-1.0729
-1.1553
-0.9186
-0.72063
-0.4414
-0.12065
-0.040301
-0.4442
-1.1733
-1.5402
-2.1112
-2.2365
-2.0769
-1.5088
-1.1024
-0.65401
-0.081835
-0.12286
-0.53282
-0.65622
-0.20518
-0.16421
-0.041066
0.36967
0.65723
0.78042
0.78029
0.32845
-0.77974
-1.4766
-1.7626
-1.4745
-0.98215
-0.69499
-0.36752
-0.85649
-1.0183
-0.77275
-0.40607
-0.48646
-0.48559
-0.56544
-0.68523
-0.28156
0.16054
0.28029
-0.3595
-0.87659
-1.0333
-1.0305
-0.59287
-0.039412
-0.39296
-1.1361
-1.1717
-0.81758
-0.27164
0.46413
1.3106
1.9976
1.914
1.8691
1.2542
0.60589
-0.037728
-0.60139
-1.011
-1.1191
-0.55738
-0.48119
-0.77428
-0.8447
-0.69505
-0.58299
-0.87102
-0.86757
-1.1522
-1.1835
-1.2145
-0.81831
-0.67332
-0.45888
0.070321
0.42028
0.55821
0.76459
1.0387
0.86228
0.75598
0.78742
0.61399
0.30589
-0.27094
-0.53999
-1.3453
-1.7765
-2.1048
-2.331
-2.39
-2.0848
-1.7156
-1.7105
-1.9352
-2.0279
-1.9572
-1.5942
-0.8762
-0.22661
-0.38756
-0.54781
-0.54664
-0.38507
-0.09608
0.25574
0.73397
1.0195
1.3361
1.7153
1.3959
0.69709
0.12661
-0.31621
-0.66346
-0.82082
-0.59945
-0.28381
-0.15761
0.12605
-0.031508
-0.5041
-1.0713
-1.2606
-1.2925
-1.0407
-0.37866
-0.1263
-0.2212
-0.34791
-0.41159
-0.25357
-0.12694
0.41311
0.89108
1.1156
1.341
1.3753
0.86522
0.3532
-0.28959
-0.83843
-1.5514
-1.7171
-1.7214
-1.9538
-1.8611
-1.899
-2.0357
-2.371
-2.4112
-1.9879
-1.7616
-1.2671
-0.6022
-0.067138
0.13474
0.30423
0.40708
0.34046
0.51257
0.51448
0.75742
0.86398
1.2489
1.3583
0.97899
0.49143
0
-0.35382
-0.74601
-0.49934
-0.42974
-0.827
-1.5163
-1.8487
-1.5286
-1.1693
-0.51364
-0.33152
-0.51776
-0.48268
-0.037276
0.41164
0.6762
1.6216
1.817
1.7859
1.5256
1.2249
0.92204
0.50122
0.42561
0
-0.46749
-0.85993
-0.78431
-0.74749
-0.47358
0.079172
-0.11911
-0.71676
-1.198
-1.1212
-0.88329
-0.52329
0.12106
0.72812
0.89199
0.93461
1.0588
1.0201
1.4719
1.9252
1.8875
1.1508
0.8233
0.70082
0.2064
-0.041333
-0.33105
-0.70421
-1.2024
-1.079
-0.66447
-0.58179
-0.87315
-1.1647
-1.2483
-1.2902
-0.95735
-0.54112
-0.74917
-0.58257
-0.3744
-0.16633
-0.49874
-0.5815
-0.91313
-1.5345
-1.6988
-1.4073
-0.86822
-0.33034
0.16495
0.12354
-0.20558
-0.61572
-0.45074
-0.85893
-1.2655
-1.2629
-1.4635
-1.9064
-2.3066
-2.4221
-2.5368
-2.5302
-1.522
-0.91863
-0.39825
-0.11912
0.039583
0.078914
0.11798
0.50955
0.70309
0.81737
0.96953
1.0818
0.57735
0.1917
-0.15275
-0.49442
-0.83325
-1.0183
-0.9388
-1.3459
-1.4144
-1.5191
-1.7702
-2.239
-2.1187
-1.7085
-1.8086
-1.6556
-1.8262
-1.7456
-1.6302
-0.95179
-0.035063
0.034873
0.034682
-0.27592
-0.65165
-1.0572
-0.94945
-0.7417
-0.77091
-0.73307
-0.62937
-0.52684
-0.3273
0.13013
0.48503
0.73918
1.054
1.3332
1.3565
1.0032
0.90349
0.61919
0.15383
-0.061143
-0.15189
-0.24149
-0.6599
-0.50669
-0.50349
-0.52973
-0.55562
-0.37776
-0.17325
0.086081
0.39919
0.36836
0.16895
-0.055968
0
-0.02764
0.30219
0.98297
1.547
1.6726
1.6627
1.5462
1.2722
1.1594
1.1789
1.042
0.77711
0.54096
0.30743
-0.3822
-0.55757
-0.65548
-0.7524
-1.048
-1.142
-0.83991
-0.8604
-0.73396
-0.70616
-0.65443
-0.62735
-0.64859
-0.98064
-1.5004
-1.5891
-1.2047
-0.54116
-0.18751
0.16345
0.3955
0.23182
0.30033
0.13815
0.1377
-0.27453
-0.29651
-0.43208
-0.72564
-0.88195
-1.0826
-1.4398
-2.0871
-2.642
-3.1275
-3.4105
-3.4703
-3.3081
-3.1689
-2.9642
-2.4734
-2.1167
-1.8493
-1.473
-1.1417
-1.0745
-1.1608
-1.1377
-1.3333
-1.3757
-1.0691
-0.63221
-0.39213
-0.34833
-0.63098
-1.1526
-1.6085
-1.7165
-1.3684
-1.0205
-0.60783
-0.45578
-0.47741
-0.73774
-0.71599
-0.60748
-0.54239
-0.17357
0.08679
0.1302
0
0
0.26049
0.30396
0.32572
0.32579
0.30413
-0.13037
-0.41291
-0.63036
-0.78268
-0.69586
-0.4785
-0.34806
-0.23934
-0.2829
-0.63119
-0.84897
-0.89262
-0.67498
-0.65327
-1.0671
-1.3938
-1.7641
-1.9166
-1.7205
-1.3502
-1.0017
-0.89277
-0.6314
-0.58777
-0.82709
-0.93573
-1.0661
-1.2398
-1.4134
-1.1739
-1.1735
-1.1513
-1.1509
-0.84655
-0.69431
-0.5205
-0.23845
-0.28167
-0.51975
-0.80086
-0.7139
-0.51892
-0.064829
0.32396
0.47487
0.17258
-0.08624
-0.34476
-0.55991
-0.38741
0.064531
0.38697
0.53715
0.62276
0.68682
0.51486
0.70758
0.94301
1.1568
1.0707
0.94185
0.83453
0.87706
1.1976
1.5181
1.7529
1.4962
1.5174
1.6456
1.5815
1.3466
0.94058
0.38486
-0.42774
-0.96273
-1.3056
-1.2634
-0.68559
0.042877
0.72942
1.1594
1.6332
1.6563
1.2058
0.88383
0.82017
0.95092
1.2553
1.7773
1.9756
1.9789
1.7429
1.6589
1.5747
1.4685
1.4497
0.85864
-0.044139
-0.70801
-1.1757
-1.5126
-1.8738
-1.9241
-1.9299
-1.6884
-1.4003
-0.99708
-1.0915
-1.1867
-1.3055
-1.3334
-1.5924
-1.6914
-1.6983
-1.7988
-1.6187
-1.2723
-0.89929
-0.68939
-0.33434
-0.11996
-0.21697
-0.16957
-0.097374
0.19572
0.12295
0.024716
-0.42237
-1.1739
-1.5819
-1.5904
-1.4976
-1.6079
-1.4885
-1.4452
-1.635
-1.5399
-1.5224
-1.4255
-1.5399
-1.6021
-1.5576
-1.5126
-1.2225
-0.929
-0.82443
-0.85681
-0.66714
-0.75482
-1.0965
-1.2723
-1.2795
-1.0007
-0.83371
-0.40468
-0.43593
-0.75965
-0.88114
-0.47238
0
0.65614
1.049
0.75295
0.3934
0.24322
0.64135
0.67487
0.55456
0.27844
-0.093194
-0.28069
0
0.31422
0.40994
0.22149
-0.031745
-0.35028
-0.92622
-1.4093
-1.3809
-1.6419
-1.3876
-1.2937
-1.037
-1.1364
-0.84563
-0.1303
-0.03262
-0.03266
-0.45773
-0.91629
-1.2445
-1.2124
-1.1474
-1.2788
-1.3117
-1.2133
-1.1475
-0.85211
-0.29481
-0.032736
-0.55607
-0.91502
-0.71817
-0.19563
0.32561
0.84536
0.97388
0.90741
0.93811
1.1946
1.4822
1.254
1.1229
0.57613
-0.031931
-0.22296
-0.15885
-0.41194
-0.63206
-0.34668
0
0.1567
0.375
0.43623
0
-0.61952
-0.80298
-0.55425
0.0614
0.3979
0.45775
-0.030426
-0.48538
-0.54445
-0.24127
0.060145
0.14994
0.26913
0.26839
0.62457
1.3052
1.6569
1.7413
1.5898
1.5861
1.2308
1.1112
1.1088
1.194
1.2498
1.5377
1.3902
0.694
0.28873
0.14416
0.25916
0.20133
0.37351
0.71762
0.94648
1.4617
1.6041
1.861
1.9177
2.5182
2.8327
2.6325
2.1464
1.6317
1.1455
0.57304
0.22936
-0.086074
-0.77534
-1.006
-1.3237
-1.671
-2.077
-2.1088
-1.8805
-1.7676
-1.8287
-2.2972
-3.2047
-3.9115
-3.6562
-3.2829
-2.7026
-2.0903
-1.2689
-0.53242
0.14825
0.56474
0.68534
0.59745
0.35939
0.36032
-0.12042
-0.72438
-1.1499
-1.6687
-2.0989
-2.3178
-1.8346
-1.6553
-1.1985
-1.4171
-1.6676
-2.1668
-2.2649
-2.0523
-1.8698
-1.1867
-0.062585
0.84653
1.0051
0.78663
0.59881
0.15782
0.31609
0.56969
0.91889
1.015
1.3969
1.5885
1.208
0.89054
0.41359
0.063639
-0.22274
-0.2227
-0.22263
-0.57219
-0.76242
-0.85701
-0.79273
-0.66511
-0.063259
0.063162
0.12611
0.15734
0.69089
1.1594
1.0003
0.81066
0.18656
-0.12401
-0.15454
0.33889
0.30703
0.18356
0.12192
-0.030362
-0.1512
-0.030114
0.14992
0
0.029715
0.20702
0.55921
0.82001
0.87414
0.72468
0.11534
-0.40151
-0.51341
-0.4822
-0.53589
-0.47675
-0.41824
-0.693
-1.0472
-1.6436
-2.3963
-2.9232
-3.0132
-2.4869
-2.2326
-1.6907
-1.0502
-0.62631
-0.62251
-0.48984
-0.51251
-0.56038
-0.35448
-0.22653
-0.42538
-0.97018
-1.484
-1.869
-2.1519
-2.2858
-2.4426
-2.6219
-2.8712
-2.642
-2.4627
-2.4975
-2.6259
-2.59
-2.3457
-2.1269
-1.5881
-1.375
-1.3237
-1.2047
-0.99619
-0.69921
-0.427
0.33593
1.0044
1.6687
2.1073
2.5214
2.5366
2.376
2.2825
2.0583
1.7699
1.2867
0.80547
0.17387
-0.19532
-0.23841
-0.21649
-0.34604
-0.12966
0.28074
0.75546
1.2083
1.4238
1.1865
0.49625
-0.15108
-0.71253
-1.2747
-1.254
-1.0821
-0.82323
-1.0411
-0.97739
-0.78308
-0.67543
-0.30558
-0.19682
-0.087658
0.065888
0.22014
0.46344
0.48677
0.75433
1.157
1.272
0.89537
0.51649
0.20278
-0.15826
-0.27226
-0.40987
-0.70854
-1.0784
-1.1748
-1.1795
-1.2076
-1.236
-1.1711
-1.1292
-1.1815
-1.1394
-1.1685
-1.1979
-0.84251
-0.26606
0.17014
0.31753
0.66278
0.71547
0.96708
1.2711
1.5784
1.6118
1.4177
1.298
0.81874
0.33439
-0.1293
-0.39
-0.8365
-0.81476
-0.58136
-0.37197
-0.374
-0.61778
-0.67517
-1.059
-1.3378
-1.4274
-1.8216
-1.8869
-1.4787
-0.39269
0.47939
1.134
1.5105
1.4325
1.0656
0.46322
0.029101
-0.6435
-0.52917
-0.32501
-0.17816
-0.47744
-1.0495
-1.3257
-1.7559
-1.7337
-1.5584
-1.3506
-1.3875
-1.3317
-1.493
-2.124
-2.572
-2.677
-2.4347
-2.2538
-1.7526
-1.5992
-1.7976
-2.1904
-2.7474
-3.0159
-3.0907
-2.4475
-1.9639
-1.4115
-0.49373
0.66003
1.191
0.96173
0.63152
0.13323
-0.20025
-0.16718
-0.20097
-0.33548
-0.36956
-0.06728
0.067358
-0.16857
-0.40491
-0.37144
-0.20272
-0.033801
0.20286
0.40577
0.64245
1.1156
1.318
0.81068
0.13503
-0.13492
-0.16848
-0.23561
-0.16807
0.23496
0.46917
0.66906
0.70116
0.63306
0.49867
0.46431
0.52929
0.065983
0.065795
-0.13119
-0.098085
-0.097761
0.032475
0.22651
-0.12895
-0.67435
-0.99147
-1.1148
-1.4906
-1.5155
-1.6344
-1.7832
-1.5256
-1.2083
-0.83229
-0.55201
-0.12203
-0.24275
-0.54321
-0.96035
-1.1638
-1.5132
-1.6814
-1.4369
-1.4283
-1.6805
-1.843
-1.7458
-1.7065
-1.6958
-1.348
-1.2836
-1.3031
-1.2947
-0.84842
-0.65257
-0.43221
-0.34887
-0.55986
-0.63565
-0.31574
0.33981
0.72709
0.77393
0.76889
0.81481
1.0372
1.3824
1.5983
1.2407
0.78904
0.56356
0.41395
0.2178
0.19241
0.26296
0.16634
0.18898
0.25833
0.51368
0.74293
1.1082
1.5612
1.3473
1.3855
1.3105
1.3712
1.342
1.4912
1.8163
1.8298
1.5581
0.83016
-0.065254
-0.953
-1.2511
-1.4609
-1.6265
-1.6204
-1.4446
-1.3549
-1.287
-1.1356
-1.0063
-1.0451
-0.83375
-0.20787
0.31101
0.53777
0.55717
0.28827
0.061647
-0.02051
0.061422
0
-0.14287
-0.24458
-0.6107
-1.0574
-1.4017
-1.4208
-1.6429
-1.9055
-2.0059
-2.147
-2.2478
-2.2881
-2.1667
-2.1467
-2.0258
-1.8442
-1.6423
-1.5622
-1.5836
-1.6053
-1.8305
-1.7306
-1.3453
-0.85717
-0.53134
-0.20466
-0.020497
-0.24636
-0.32905
-0.74168
-1.1972
0.41363
