-1.178
-1.1603
-1.155
-0.83089
-0.8863
-1.0716
-1.0293
-0.76192
-0.76579
-1.1056
-1.6016
-1.9728
-1.4036
-0.55977
-0.084354
0.15015
-0.33607
-0.64262
-1.5657
-2.0913
-1.9306
-1.3359
-0.46227
-0.037561
0.85989
1.5505
2.228
1.8287
0.86197
0.27425
-0.182
-0.48196
-1.1826
-2.1481
-1.8352
-0.92529
0.35469
0.94957
1.1802
0.91
-0.20854
-1.2676
-1.0854
-0.99336
0.070993
0.85528
1.3543
1.144
0.88
0.66375
0.60764
0.80383
1.0646
1.3867
1.4659
1.2886
1.0955
0.88881
0.92349
1.1949
1.3864
1.2411
0.80772
0.46423
0.26038
0.28438
0.69514
0.95951
1.2571
1.3318
1.3814
1.1776
1.1802
1.3744
1.1491
0.45917
-0.4732
-1.6016
-1.9546
-1.3614
0
0.16683
-0.34517
0.33647
-0.077
0.51904
1.0749
1.8097
1.784
1.3807
0.2372
-0.67013
-1.1522
-0.87437
-0.050428
0.31544
0.83734
1.3089
1.6291
1.5968
1.4276
1.199
1.001
0.9295
0.85647
0.5955
0.18036
-0.3229
-0.69514
-1.8165
-2.4162
-1.5823
-0.79348
-0.49182
0.092972
0.86879
1.43
1.7108
1.1924
0.68057
-0.14985
-0.99497
-1.4598
-1.8337
-1.1871
-0.11606
0.87716
1.1603
0.72838
0.055406
-0.62357
-1.231
-1.7223
-1.7788
-1.6082
-1.1873
-0.78878
-0.43522
0.52558
0.97112
0.8263
0.043054
-0.54004
-1.0884
-1.4175
-1.6743
-1.4202
-1.311
-1.1648
-0.91499
-0.46172
-0.45009
0.13855
0.75116
1.1884
1.246
1.2929
1.2288
1.3143
1.3578
1.323
1.0865
0.78549
0.41805
0.47667
0.7955
1.1243
1.1622
1.2326
0.79444
1.1927
1.6448
1.3114
0.6916
0.028197
0.1709
0.21399
1.1175
1.9288
2.3225
1.8587
0.99883
0.70659
0.22369
0.80667
1.0659
1.0513
0.4235
0.35226
0.36444
0.54792
0.91339
1.1728
1.3437
1.3167
1.1776
1.1704
1.1375
1.0263
0.92136
0.79825
0.72303
0.78897
1.0276
1.2044
1.5466
1.9078
1.5958
0.60012
0.023171
-0.20382
0.091416
0.86535
1.4608
1.7369
1.7464
1.4794
1.0597
0.30456
-0.5005
-1.1369
-1.694
-1.4625
-0.79697
-0.096871
0.8252
1.7317
2.0123
1.1487
0.89563
0.59231
0.97842
0.1925
-1.54
-1.2833
-0.27054
0.75833
1.206
0.83417
0.37074
0.51333
0.43147
-1.6683
-2.3502
-1.9663
-0.99198
0.33647
0.63055
0.65759
0.06179
0.24415
0.52052
0.98639
1.3419
1.6057
1.6735
1.4426
0.95618
0.34409
-0.62346
-1.4127
-1.4578
-1.21
-1.2878
-1.0267
-1.0246
-0.59889
-0.73468
0
0.34517
-0.6825
-2.0222
-1.2512
-0.70937
0.56508
1.0381
1.2779
1.3739
0.87297
0
-0.85085
-1.3279
-1.3485
-1.4156
-1.1016
-1.2948
-0.77
-1.1332
-1.3527
-0.74399
-0.5927
-0.44348
-0.2071
1.2699
1.6683
2.1148
1.4613
0.32928
-0.4792
-0.61537
-0.44112
-0.0572
0.45731
1.2425
1.7771
1.6822
1.3954
0.85155
0.72486
0.59626
0.94792
1.1384
1.0843
1.0508
0.90534
0.86023
0.82811
0.7851
0.97659
1.174
1.7151
1.9058
1.5713
0.85556
-0.1001
-0.47345
-0.60975
0.81382
1.8887
0.59319
0
-0.58882
0.44917
1.5247
2.294
0.83955
-0.87043
-1.9374
-1.0725
-0.078819
0.77
0.87043
0.058198
-0.38133
-0.74424
-0.88774
-0.85419
-0.94783
-1.1216
-1.2232
-1.433
-1.3177
-1.2566
-1.0311
-0.85865
-0.48829
-0.54885
-1.1375
-1.4818
-1.1326
-1.0506
-0.97863
-0.83417
-0.92558
-1.2892
-1.4472
-1.56
-0.82274
-0.24415
0.48435
1.2293
1.1122
1.1279
0.91
1.0284
1.6295
1.5929
0.70555
-0.62903
-1.2297
-0.43997
0.11888
-0.24901
-1.1764
-1.9828
-1.0378
-0.495
-0.095345
0.050792
0.49777
1.2864
2.0497
2.0304
1.7569
0.86567
0.078734
-0.76868
-1.1507
-1.3025
-1.1667
-0.64474
-0.40161
-0.42919
-0.71363
-1.0236
-1.5039
-1.4988
-1.3936
-1.2417
-1.0721
-1.1497
-0.99139
-1.0528
-1.1188
-0.91442
-0.46568
0.13031
0.60285
0.74673
0.030539
-0.57946
-1.0734
-1.5047
-1.7708
-1.732
-1.5403
-1.09
-0.62197
-0.2548
0.44292
0.90486
1.7536
0.57909
-0.84118
-2.0359
-1.2109
-0.23833
-0.32712
-0.30333
-0.585
-1.5188
-1.7351
-2.1541
-1.2954
-0.78867
-0.4004
-0.51665
-0.76099
-0.74636
-0.13712
-0.19963
-0.82971
-1.375
-2.092
-1.7719
-1.2987
-0.57465
-0.056236
0.64114
1.4435
1.9179
1.7875
0.97876
0.59854
0.32955
0.50489
1.0432
1.6914
1.9663
1.9155
1.4206
0.58478
-0.066512
-0.12512
-0.11473
0.054402
0.79235
1.8654
2.1325
2.2272
1.4742
0.71318
-0.1232
-0.86701
-0.8008
-1.1122
-0.18367
0.2755
1.4598
1.3967
1.5678
0.94922
0.25667
0.47667
0.182
-0.4335
-1.2928
-1.5373
-1.7233
-1.4998
-1.6336
-1.0906
-0.51845
0.075547
0.60872
0.385
-0.12671
-1.2183
-1.8616
-2.0984
-1.561
-0.69484
-0.022048
0.63633
1.0707
1.4365
1.1765
0.47971
-0.23111
-0.94996
-1.5213
-1.8083
-1.6998
-1.3874
-0.85975
-0.26296
0.48778
1.1687
1.5708
1.6399
0.6175
-0.39314
-0.87043
-0.68444
-0.71288
-0.90725
-1.4212
-1.9953
-1.9341
-1.2026
-0.51031
-0.26933
0.38928
1.4187
1.1776
-0.19627
-1.3875
-1.3295
-0.2617
0.46679
0.54676
-0.1994
-1.3559
-1.7081
-2.0254
-1.7621
-0.945
-0.66214
-0.23171
0.81477
1.7575
1.9219
0.35
-0.11311
-0.41492
0.32465
1.2976
2.1627
2.283
1.7769
0.91555
0.065425
-0.35496
-0.88798
-0.50898
-0.073066
0.54402
1.0758
0.91378
0.87043
1.0408
1.3164
0.90064
0.9323
0.97024
1.2364
1.2164
1.2512
1.2106
1.2716
1.1952
0.8952
0.76267
0.053245
-0.43733
-0.50832
-0.78628
-0.27666
0.43029
1.2909
1.812
2.1062
1.7753
0.99657
-0.223
-0.69034
-1.1195
-0.58882
-0.080294
0.18614
0.4558
0.84749
1.2512
1.539
1.5291
1.43
1.2288
1.1122
1.0653
1.2367
0.73468
-0.036937
-0.33932
-0.47667
-0.16591
0.51776
1.7205
1.8426
1.6096
1.2195
0.90037
1.2037
1.2421
0.66733
-0.087807
-0.095333
0.21761
2.0273
1.8769
2.1708
0.83417
-0.546
-0.38874
-0.92876
-0.364
-0.92808
-0.87519
-0.47416
0.45271
1.43
2.2397
1.8027
0.4646
-0.63221
-0.73652
-0.59761
0.3282
1.3423
2.145
1.7875
0.72947
-0.55173
-1.2402
-1.1628
-0.38874
-0.40482
-0.41478
-0.16034
0.57827
0.93568
1.4227
1.8074
1.7685
1.5872
1.3433
0.65979
0
-0.25434
-0.016966
0.66104
1.0024
1.3707
1.3929
1.411
1.3339
1.2824
1.1643
1.0071
0.94171
0.6495
0.41218
0.27265
0.49385
0.85964
1.2886
1.6624
1.4692
1.1733
0.72004
0.64671
0.75743
1.0856
1.4173
1.555
1.4984
1.2347
1.0537
0.46495
0.035
-0.4923
-0.93844
-1.0267
-0.68865
0
0.5287
1.1326
1.66
1.8748
1.6272
1.2639
1.0207
0.64827
0.45771
0.2211
0.2997
0.66599
1.3428
1.9047
1.9644
1.5553
1.0029
0.60301
-0.091207
-0.47801
-1.3441
-2.1573
-2.1761
-1.4433
-0.51695
-0.26342
0.061411
-0.36007
-0.98459
-1.2725
-1.3288
-1.7442
-1.2293
-0.62843
-0.26342
0
0.73875
1.5508
2.0403
1.6928
1.0399
0.14395
-1.1013
-1.7789
-1.5883
-0.89003
-0.060714
0.13672
-0.054556
-1.0429
-2.0525
-2.2199
-1.9332
-1.0874
-0.55664
-0.22389
0.23012
0.92979
1.9584
2.2485
1.6416
0.79212
-0.034553
-0.69807
-0.49395
0.33913
1.1275
1.5269
1.2229
0.72621
-0.25668
-1.0961
-1.5597
-1.7282
-1.4488
-1.2369
-0.95171
-0.8551
-0.22387
0.25603
0.79021
1.0198
1.0213
0.40409
-0.29346
-1.1299
-1.6172
-1.7687
-1.478
-0.97681
-0.68876
-0.90683
-1.0096
-1.484
-1.4854
-1.3171
-0.85923
-0.098621
0.11247
0.33742
0.048829
-0.74878
-0.5525
-0.858
-1.1991
-1.4812
-1.5383
-1.1144
-0.79359
-0.67864
-0.5927
-0.81885
-1.2107
-1.4451
-1.5356
-1.5826
-1.2698
-1.0769
-0.76296
0
0.65486
0.79287
0.33367
-0.041025
-0.34048
-1.1538
-1.4604
-1.5631
-1.7682
-1.5167
-1.2988
-0.83417
-0.41395
-0.085191
0.29298
1.272
1.1776
1.7358
1.6016
1.1
0.9724
0.7352
0.8054
0.21643
0.62263
0.65106
0.76465
0.79962
1.0114
1.0822
1.3789
1.4045
1.5779
1.2634
0.85085
0.026765
-0.64962
-1.43
-1.8769
-1.54
-1.3036
-0.98137
-0.69837
-0.34757
0.15282
0.77
1.184
0.99
1.87
2.0673
0.1164
-1.0355
-1.0111
-0.44687
-0.23646
0.13085
0.78
1.365
1.6145
1.4181
0.88613
0.26693
-0.22545
-0.72056
-1.0225
-1.1367
-1.326
-1.4531
-1.6824
-1.3819
-1.1292
-0.82187
-0.26092
0.34517
0.95502
1.0976
1.6683
1.6609
1.0935
0.53114
-0.15641
-0.60544
-1.3775
-1.2341
-1.3191
-1.1054
-0.69775
-0.18488
0.75284
1.5001
2.0651
1.6683
0.87043
0.16258
-0.53322
-1.0537
-1.5721
-1.6295
-1.3594
-1.019
-0.61411
0.41575
0.82591
1.0145
1.1399
1.1164
1.2916
1.3943
1.4355
0.80932
-0.32553
-0.88211
-0.92619
-0.26517
0.27635
1.2178
1.566
1.869
1.7755
1.2697
0.59997
0.41278
0.60438
0.77947
0.91396
0.80932
0.99701
1.2189
1.2387
0.91574
0.73468
0.88416
1.2644
1.8971
1.6827
1.2512
0.63354
0.03988
0
0.41443
0.64064
0.74065
0.98137
1.2604
1.4275
1.6002
1.5595
1.2116
0.7301
0.5034
0.50634
0.4431
0.74701
1.2003
1.7942
1.9703
1.3982
0.66138
0.17703
0.1232
0.68285
1.1814
1.6466
1.884
1.7207
1.4325
1.0049
0.57612
0.2464
0.076412
0.53865
0.44162
0.54108
1.0659
1.4978
1.3664
0.95618
-0.14721
-1.1584
-1.8537
-1.7114
-0.92744
-0.4509
-0.61981
-0.98
-1.1208
-1.4127
-1.0091
-1.2567
-1.0561
-1.2162
-0.91
-0.80726
0.17063
0.89375
1.625
1.3489
1.0246
1.3882
1.0725
0.90316
0.37917
0.0715
-0.94985
-1.2779
-1.1932
-1.0599
-1.078
-0.71182
-0.71232
-0.68819
-0.63556
-0.62412
-1.0128
-1.4199
-1.649
-1.7733
-1.4721
-0.64581
0.50949
0.96559
0.77
0.17875
-0.24162
-0.79216
-1.8269
-1.8838
-1.7958
-1.0345
-0.15259
0.50386
1.1122
1.4477
1.6448
0.94265
0.72072
0.8372
0.87336
0.15592
-0.429
-1.1241
-1.4412
-1.5441
-1.4773
-1.2899
-1.1944
-0.99778
-0.73603
-0.93314
-0.48592
-0.34919
0.94689
1.3585
1.488
1.1311
0.37247
0.30868
0.5587
1.4721
2.0989
2.3428
1.2453
0.29075
-0.41708
-0.070493
0.33036
0.83916
1.2034
1.4495
1.6005
1.7325
1.6781
1.3144
0.42844
0.22344
-0.25406
-0.21074
-0.049554
0.53773
0.93283
1.1932
1.5448
1.426
1.2827
0.96871
0.616
0.58224
0.81667
1.3431
1.6865
1.5055
1.0279
0.73899
0.35825
0.30345
0.76628
1.0736
1.3368
1.3945
1.3085
1.1083
0.8324
0.89061
0.84251
0.99732
0.99401
1.0029
0.88275
0.75958
0.92705
1.0342
1.2183
1.2679
1.2361
1.1059
0.92117
1.0043
1.1922
1.3562
1.3661
0.93272
0.35549
-0.36008
-0.83395
-1.5185
-1.7925
-1.4169
-1.0591
-0.77275
-0.44525
0
0.68485
1.3148
1.7524
1.7479
1.3538
1.1315
0.98977
0.6722
0.50366
0.38537
0.8031
1.1155
1.5449
1.7311
1.3576
0.7501
-0.43147
-1.524
-1.5742
-1.0256
-0.23279
0.075833
0.021481
0.56477
0.96571
1.5511
1.9593
1.995
1.5119
0.87043
0.42167
0.20985
0.28306
1.076
1.912
2.2823
1.71
1.0246
0.182
-0.32928
-0.17358
0
0.53933
1.0257
1.4885
1.7602
1.5264
1.3609
1.0313
0.34803
-0.60254
-1.4099
-1.8097
-1.5967
-0.67864
-0.26481
0.16321
0.54271
1.3712
1.7836
1.925
1.5789
0.81477
0.34222
-0.20609
-0.65486
-1.2387
-1.603
-1.6863
-1.3347
-1.2963
-1.0657
-0.41883
-0.51071
-0.81843
-0.96648
-1.488
-1.274
-0.23833
-0.064581
-1.4584
-2.0687
-1.7325
-0.75657
0
-0.56875
-1.1363
-1.2809
-0.86667
-0.081714
1.0298
1.7259
2.3898
1.4813
0.57909
-0.36072
-0.54699
-1.105
-1.2896
-0.99626
-0.18469
-0.031778
0.72144
1.3138
2.0085
2.1139
1.5533
1.0039
0.25832
-0.37212
-0.74763
-1.1168
-0.89057
-0.087297
0.52684
0.92258
1.2685
1.7764
1.562
1.3499
1.1122
0.61847
-0.2182
-1.3819
-2.0188
-1.8938
-0.84354
0.2002
-0.052408
-0.37074
0
1.483
1.9757
1.8732
1.1527
0.76163
0.46438
1.1181
1.094
0
-0.94622
-1.3527
-1.0311
-1.0599
-0.99414
-0.73652
-1.0841
-1.2464
-1.8122
-1.8155
-1.43
-0.47952
-0.22
-0.094434
-0.037491
0
-0.34838
-0.93162
-1.2689
-1.4664
-1.4674
-1.3068
-1.0153
-0.85275
-0.8564
-0.94668
-1.1787
-1.3166
-1.2212
-0.8008
-0.66733
-0.86647
-1.2613
-1.6104
-1.5861
-1.2121
-0.53551
-0.29318
0.45708
0.47667
-0.30333
-1.5939
-2.4596
-1.4707
-0.5775
-0.21761
-0.13826
-0.66379
-1.2054
-1.5002
-1.6519
-1.5716
-1.4736
-0.96096
-0.56394
-0.80327
-0.48196
0.21389
1.155
1.4801
1.2689
0.33985
-0.605
-0.96611
-1.2159
-1.6579
-1.6126
-1.2725
-0.96353
-0.46845
0.047106
0.47441
1.1732
1.4598
1.8222
1.5668
1.0559
0.54476
-0.48892
-1.4344
-1.8537
-1.4181
-0.6093
-0.17875
-0.75751
-0.96648
-1.2833
-0.65486
-0.43089
-0.2194
0.24474
1.088
1.7973
2.2908
1.8308
1.2845
0.55984
0.024963
-0.42596
-0.99
-1.7029
-1.6016
-0.90368
-0.63962
-0.62377
-0.70341
-0.84452
-0.88524
-0.83417
-1.0376
-1.419
-1.3286
-1.0749
-0.71392
-0.63265
-0.7606
-0.82529
-1.1166
-1.2875
-1.2649
-1.1911
-1.0822
-0.97594
-1.1186
-1.1786
-1.1199
-0.82479
-0.61286
-0.95667
-1.2125
-1.469
-1.5144
-1.1332
-0.7061
-0.04931
0.16591
1.21
1.102
0.61656
0.14059
-0.47132
-0.84422
-1.256
-1.4246
-1.5533
-1.8254
-1.5727
-1.2364
-0.46558
0
0.273
0.0924
-0.47525
-1.0915
-1.2815
-1.5779
-1.5521
-1.2968
-1.121
-0.78429
-0.02372
1.1152
1.8328
1.588
0.77826
-0.025025
-0.65106
-1.2365
-1.6888
-1.7126
-0.7299
0.27054
0.89198
1.1487
1.3389
1.5504
1.6279
1.5131
0.73987
0.28737
-0.54781
0.14578
0.21667
0.50229
0.65897
1.1423
1.5538
1.8787
1.838
1.2181
0.63354
0.12703
-0.289
-0.73046
-1.2109
-1.4009
-1.1928
-1.137
-1.2369
-1.2197
-1.2727
-1.0834
-0.81441
-0.35248
-0.042485
0.43678
0.99665
1.1164
1.1475
1.1278
1.1898
1.2687
1.4358
1.4415
1.2358
1.0008
0.77335
0.67756
0.4698
0.82129
1.2642
0.78205
-0.065175
-0.57536
-1.3953
-1.3805
-1.414
-0.64532
-0.73633
-0.54257
-0.49142
-1.1629
-1.6826
-1.5648
-0.86124
-0.030553
0.66404
1.0026
1.1936
0.99644
1.1082
1.3739
1.3738
1.4163
1.0898
0.60228
0.55372
0.68757
0.90671
1.4245
1.2206
1.2851
1.018
0.665
0.99336
1.18
1.2512
0.99198
0.88759
0.81299
0.88874
0.96482
0.68095
0
-0.62174
-1.4758
-2.0666
-2.014
-1.2022
-0.38133
0.21867
0.5968
1.4159
1.925
2.3194
1.5653
0.88696
0.089776
-0.095789
0.10706
0.31947
0.75547
1.18
1.32
1.1836
1.2012
1.2653
0.92164
0.69117
0.55984
0.7717
1.0596
1.4864
1.5566
1.5362
1.1991
1.0068
0.74268
0.54292
0.3758
0.5005
0.35067
0.79834
1.503
1.7613
1.5378
1.3587
0.9625
0.66927
0.63186
0.7287
1.2629
1.4661
1.3588
0.61212
0.36656
0.048241
0.41708
0.95136
1.4491
1.7038
1.4184
1.078
0.87305
0.90716
0.87777
0.93283
1.0083
1.1102
0.92652
0.88377
0.94127
1.0595
1.16
1.1358
1.137
1.1049
1.2002
1.2711
1.0725
0.77
0.48632
1.1011
1.43
1.0979
0.34517
-0.48938
-0.10802
0.2833
0.8911
1.2362
1.8332
2.0074
1.5648
0.88978
0.025151
-0.62562
-1.0487
-1.4976
-1.3128
-1.1655
-1.0588
-0.69252
0.063354
0.80576
1.5185
1.4253
1.3324
1.0537
1.0166
0.82607
0.27935
-0.30404
-1.2827
-1.7866
-2.0283
-1.6111
-0.94724
-0.15205
0.54645
0.87158
0.33266
-0.79952
-1.7151
-2.3923
-1.4819
-0.27985
0.33425
0.2275
-0.3229
-1.3457
-2.1476
-2.3018
-1.7394
-0.78228
-0.1114
0.35
0.6472
1.0509
1.5919
1.8178
1.4267
0.49695
-0.48272
-1.1516
-1.7393
-1.3793
-0.88116
-0.33266
-0.11122
0.49364
0.91
1.4064
1.7712
1.8151
1.4414
0.86474
0.65169
0.56967
0.17982
-0.60872
-1.4775
-1.8485
-1.4927
-0.75418
-0.30105
0.13436
0.65561
1.2037
1.566
1.6201
1.4011
1.1078
0.81162
0.87836
1.078
1.2895
1.1893
0.78883
0.094732
-1.0698
-1.911
-1.5041
-1.0204
0.081382
0.040691
0.79149
1.1302
2.548
2.5774
1.5485
0.58882
0
0
0.34817
1.3406
1.771
1.0468
-0.36847
-0.69034
-1.2639
-1.2788
-0.89584
-0.37074
0.5666
1.4621
1.8859
1.6271
0.66038
-0.24246
-1.0238
-1.7212
-1.641
-0.76218
0.68153
0.572
0.40399
-0.41067
-1.6854
-2.1973
-1.8155
-0.79682
-0.10214
0.96482
1.8675
1.0935
0.42
-0.15244
-0.12513
-0.49858
-0.8008
-1.483
-1.8938
-1.8228
-1.3953
-0.84991
-0.033591
1.0368
1.171
0.71232
-0.33478
-0.54402
-0.92102
-0.95956
-0.90657
-0.95256
-0.99957
-0.97723
-0.9683
-1.0933
-1.2017
-1.2284
-1.1842
-1.0646
-1.0715
-1.0586
-1.0482
-1.0496
-0.90271
-0.57483
-0.614
-0.54061
-0.59834
-1.0164
-1.1983
-1.42
-1.2916
-1.2624
-0.93805
-0.77559
-0.75263
-0.84876
-1.1759
-1.54
-1.8014
-1.5098
-0.95223
-0.55457
-0.34757
-0.24063
-0.30895
-0.66733
-0.5005
-1.0994
-0.94017
-1.5015
-1.6217
-1.5973
-1.1929
-0.62263
-0.18283
-0.43105
-0.89094
-1.32
-1.7205
-1.747
-0.80589
-0.462
-0.49695
-0.78577
-0.8008
-1.0259
-1.1659
-1.1991
-1.1039
-1.1094
-1.0744
-1.1978
-1.4038
-1.2192
-0.69911
-0.55957
-0.31087
-0.76235
-0.96648
-1.6449
-1.6283
-1.2779
-0.72947
-0.70433
-0.53037
-0.91248
-1.64
-1.8528
-1.4579
-0.57242
-0.13423
0.49586
1.2238
1.0843
0.96158
0.66282
0.60606
0.82623
1.5278
1.8938
1.8852
1.3186
0.68621
0.21189
-0.020561
0.38161
0.90955
1.2702
1.3803
1.3625
1.2844
1.3236
1.4622
1.2356
0.83237
0.50746
0.5525
0.90652
1.2639
1.4677
0.75322
0.42758
-0.16109
0.12848
0.3981
1.0105
1.5674
1.8419
1.7937
1.4109
1.0839
0.21888
-0.58157
-1.2285
-1.3256
-1.1726
-0.71318
-0.37726
0.27425
1.2438
2.0343
2.03
1.3683
0.7199
0.7268
0.43089
0.12752
-0.20488
-0.6546
-1.4696
-1.7433
-1.8786
-1.7071
-1.2312
-0.49129
0.28498
0.89833
1.1744
0.77
-0.2997
-0.78419
-0.86553
-0.3357
0.24063
0.78356
1.0027
1.1193
1.2456
1.4321
1.4874
1.3253
1.1796
0.96931
0.7567
0.56206
0.88036
0.75677
0.86465
0.79193
0.35405
-0.62562
-1.9444
-2.2817
-1.8816
-0.56794
0.13951
0.49029
1.0111
1.1389
1.5184
1.1286
0.54849
0.73966
0.91
1.1959
1.1418
0.88324
0.12916
-0.78203
-1.2303
-1.4334
-1.1422
-0.35026
0.53559
1.2683
1.8182
1.7426
1.1335
0.41067
-0.28224
-1.0052
-1.5864
-1.79
-0.95561
0.29298
0.94242
1.6321
1.2438
0.55957
-0.19067
-0.99778
-1.5452
-1.5097
-0.7392
0.14465
0.99198
1.5176
1.7332
1.3537
0.89493
0.64121
0.9797
0.98036
1.1904
1.2634
0.47291
0.035123
0.27806
1.0832
1.7928
2.294
1.6735
0.64392
0.059761
-0.83955
-1.2179
-1.56
-1.2229
-0.91758
-0.95929
-0.83784
-1.1122
-0.6289
-1.0355
-1.2105
-0.9323
-0.37271
1.0162
1.5904
1.4127
0.26
-0.15321
-0.45109
-0.75026
-1.1164
-1.3472
-1.486
-1.563
-1.2899
-1.2122
-1.1789
-0.81506
-0.31677
0.65759
1.0054
0.95333
0
-0.76653
-1.1672
-0.57278
-0.36517
-0.42705
-0.73173
-1.0586
-1.3662
-1.4549
-1.5167
-1.5147
-1.3384
-0.87174
-0.6165
-0.21223
-0.33932
-0.68208
-0.91453
-1.0084
-0.91603
-1.0048
-1.3633
-1.5616
-1.6126
-1.4505
-1.1102
-0.73407
-0.35644
-0.29817
-0.41927
-0.09625
0.30565
0.12133
-0.234
-1.1559
-1.9184
-2.0588
-1.8118
-1.3375
-0.68405
0.054699
0.80889
0.93211
1.4707
1.1236
0.24179
-0.84991
-1.3347
-1.1365
-0.60789
0.45341
0.90152
1.0238
0.91955
0.95333
0.98137
1.0849
1.1917
1.088
1.0662
1.0328
1.2177
1.1603
0.962
1.1931
1.4252
1.309
0.6006
0
-0.60526
0.1641
1.6016
2.9526
2.002
0.845
0.6179
-0.072014
-0.30333
-0.77542
-0.92989
-0.49824
0.038649
1.2155
1.4199
2.0321
1.82
1.3893
0.95881
0.56825
-0.055922
-0.65759
-1.7493
-1.6884
-1.04
-0.44
0.58882
0.55611
0.6179
0.91
1.95
2.6693
0.72361
0.59583
-0.50684
-0.58882
0.8008
2.711
1.1776
-0.31778
-0.52684
0.23011
0.51333
-1.04
-1.6016
-1.3948
-0.95637
-0.21527
-0.23498
-1.2031
-1.3013
-1.6534
-1.1882
-1.0617
-0.31824
0.26893
1.2758
1.9951
2.0378
1.3239
0.43522
0.22686
0.52531
0.75075
1.3635
1.483
1.5682
1.5857
1.1345
0.7979
0.42678
0.45127
0.92197
0.89072
0.62793
0.79106
0.84268
0.75547
0.9869
1.3683
1.697
1.9596
1.5029
0.71279
-0.28297
-0.68738
-0.23553
0.53489
0.94583
1.2421
1.1887
0.55611
0.56967
0.65583
0.52839
1.022
1.0355
1.3298
1.3507
1.613
1.4472
0.84626
0.54645
0.50428
0.67091
0.90231
1.1337
1.1094
1.1532
0.98124
0.98082
1.0683
1.6091
1.8643
1.4437
0.48885
-0.2729
0.27414
0.070986
1.2084
0.84507
1.422
1.7166
1.1557
1.4314
0.29673
0
0.1247
0.86634
2.1767
2.4715
2.0077
1.1532
0.17276
0.092781
0.13702
0.34776
0.7265
1.3257
1.7849
2.1064
1.8946
1.2731
0.62256
0.34036
0.059859
-0.17447
-0.28581
0.41476
0.87951
1.2622
1.5155
1.527
1.5586
1.482
1.3274
0.51235
-0.44412
-0.59835
-0.42149
-0.045104
0.53441
1.088
1.8108
2.0863
1.8219
1.4708
0.9255
0.33166
-0.042596
-0.31087
-0.33091
0.76412
0.55
0.083417
-0.45982
-0.89198
-1.545
-1.705
-1.3212
-0.94769
-0.462
0.37616
1.4632
2.2509
2.1181
1.1279
0.18537
-0.39588
-0.19127
0.52135
1.1498
1.2988
1.2012
1.2012
1.0815
1.0031
0.54162
-0.4689
-1.2512
-1.7623
-1.8371
-1.2964
-0.58994
-0.037281
0.49069
1.0295
1.7866
1.9969
1.578
1.0289
0.49457
0.24054
0.2271
0.5996
1.0852
1.393
1.727
1.6337
1.3585
0.94571
0.39722
-0.39888
-1.3722
-1.6037
-1.5378
-0.77425
0.14138
0.9501
1.4815
1.6683
1.416
0.62263
-0.10111
-0.85085
-1.001
-0.76309
-0.36771
0.6495
1.49
1.8128
1.6295
1.3171
0.75174
0.75631
0.64421
1.2012
1.1817
0.28197
-0.72441
-1.3623
-0.86792
0.25503
0.88171
1.0355
0.83883
0.50454
0.015213
-0.50748
-0.90273
-1.3186
-1.6665
-1.7677
-1.5744
-1.2581
-0.77183
-0.43407
-0.32529
-0.6706
-0.78068
-0.96983
-1.2107
-1.4103
-1.5273
-1.5296
-1.3538
-0.96871
-0.47667
0.1096
0.88324
1.7215
1.2069
0.30333
0
-0.40765
-0.95095
-1.2821
-1.7029
-1.425
-1.1261
-0.18145
0.61411
1.3975
1.6279
1.5314
1.1247
0.75344
0.77258
0.70583
0.49554
-0.175
-0.9856
-1.5438
-1.2139
-0.54292
0.19717
0.90045
1.6197
2.1677
1.8103
1.2966
0.71369
0.28351
-0.30003
-0.82435
-0.76579
-0.6488
-0.24072
0.57786
1.43
2.018
2.1988
1.6614
1.0548
0.39063
0.12245
-0.21481
-0.98258
-1.1393
-1.6276
-1.3152
-0.6969
0.58198
0.47168
0.76267
0.78
1.0328
1.1375
1.2418
1.4621
1.4567
1.182
0.85357
0.47874
0.83417
0.99576
1.5691
1.0069
0.26342
-0.5758
-0.97476
-0.8763
-0.1871
0.92578
1.4987
1.65
1.5834
0.9795
0.65425
0.42042
0.6661
0.61465
0.85471
1.1209
1.3736
1.42
1.1776
1.0509
0.85877
0.9009
0.99783
1.2512
1.2754
1.1606
1.056
0.78463
0.65283
0.99109
1.1565
1.6763
1.6038
1.1261
-0.066291
-0.2487
-0.31947
-0.22344
0.11247
0.68029
1.22
1.9334
1.8484
1.5265
0.99637
0.34919
-0.18488
-1.063
-1.4927
-1.3925
-0.84367
-0.22517
0.49851
1.3319
1.7883
1.6384
1.2793
1.1596
0.825
1.0448
0.94957
0.45127
-0.076122
-0.1569
0.40802
0.70802
1.097
1.4927
1.8316
1.6545
1.3455
0.845
0.4931
-0.52684
-0.87967
-1.1662
-0.66268
0.429
1.3325
1.4054
1.155
0.38155
-0.25974
-0.94283
-1.4972
-1.7597
-1.5872
-1.2239
-0.64849
-0.28783
0.24818
0.95333
1.7104
1.8415
1.4912
0.75649
0.19579
-0.43157
-0.9285
-1.4424
-1.851
-1.786
-1.4089
-0.74723
0.015739
0.74148
1.5805
1.8749
1.2346
0.76547
0.057695
-0.45917
-0.7054
-1.3933
-1.5907
-1.7127
-1.6619
-1.1332
-0.47857
0.46071
0.29691
-0.44943
-0.9757
-0.73468
-0.75992
-0.97772
-1.1218
-1.329
-1.3761
-1.5618
-1.3331
-1.0854
-0.73603
-0.22494
-0.029184
0.81506
1.1238
0.91959
0.13906
-0.64973
-1.225
-1.5383
-1.728
-1.4626
-1.138
-0.94302
-0.90826
-0.80499
-0.82487
-0.68537
-0.59118
-0.60187
-1.0402
-1.5273
-1.8906
-1.9311
-1.5196
-0.59876
0.12953
0.14452
0
-0.52387
-1.0452
-1.2674
-1.1163
-0.78876
-0.72726
-0.80347
-0.91702
-1.0415
-1.1477
-1.2528
-1.3153
-1.3517
-1.0693
-0.78246
-0.54827
-0.64725
-0.8284
-0.9725
-1.0996
-1.1616
-1.2494
-1.4152
-1.4539
-1.4179
-1.155
-0.97609
-0.4987
-0.25488
-0.12178
-0.04645
-0.34004
-0.66733
-1.2191
-1.5435
-1.4223
-1.245
-0.9403
-0.81353
-0.93996
-1.0883
-1.0942
-1.0267
-1.2018
-1.1932
-1.4354
-1.0952
-1.0293
-0.79697
-0.95136
-0.71928
-0.65639
0.44
0.51333
0
0.18537
0.86293
1.5805
1.6232
0.69034
-0.1925
-0.63221
0.15015
1.0671
2.2012
2.0833
1.9231
0.77
0.30333
0.058029
0.22808
0.41043
0.94662
1.2852
1.4916
1.4036
1.2147
1.0856
0.90118
0.72875
0.72947
0.70549
0.9441
1.0517
1.1864
1.2468
1.0916
1.1443
0.94061
0.86992
0.98725
1.0649
1.1252
1.2453
1.2534
1.164
0.84671
0.62562
0.63981
0.61764
1.0074
1.1007
1.1144
0.96751
1.0584
1.0965
1.0427
1.0537
0.95254
0.80939
0.87667
0.94974
0.99815
0.83305
0.84161
1.0342
1.1426
1.1599
1.1375
1.0101
0.97515
1.1191
1.1792
1.0283
0.86711
0.66816
0.70203
0.80609
1.0512
1.2409
1.2311
1.2385
1.1199
1.0427
1.0304
1.147
1.1379
0.94233
0.69488
0.74222
0.69421
1.0929
1.4495
1.5912
1.3163
0.79193
0.82049
0.53745
0.58478
0.64121
0.76122
1.3483
1.9762
2.1546
1.5364
0.33526
-0.3385
-0.20429
-0.39588
-0.60301
-0.87588
-1.7532
-1.5998
-1.1165
-0.7837
-0.034399
0.85495
1.7246
1.8131
1.2074
0.88324
0.73758
0.69837
0.81162
0.38185
0.416
0.94242
1.5712
2.0639
1.69
1.1181
0.84142
0.77
0.86667
0.65542
0.55173
0.52684
1.3689
0.82274
0.10162
-0.039255
0.53209
0.8315
1.5473
1.9096
1.8969
1.4459
0.74741
0.43286
0.29441
0.65357
1.3266
1.7172
1.7547
1.2042
0.57405
-0.35371
-0.6552
-1.0118
-0.84544
-1.0333
-1.2223
-1.0388
-1.3664
-1.4544
-0.88846
0.099437
1.143
1.7621
1.5492
0.77
-0.037491
-0.83071
-1.1952
-1.8672
-1.1917
-0.94745
-0.286
0.30868
1.5516
1.8386
1.7543
1.0902
0.30333
-0.51188
-1.4203
-1.7665
-1.3527
-0.25667
0.78339
0.77748
-0.47667
-1.1035
-0.71928
-0.3575
0.38174
0.84643
1.2684
1.4112
1.1887
1.4968
1.359
1.2699
1.0256
0.81563
0.308
0.098378
0.062174
0.35616
1.1606
1.8814
2.1986
1.9083
1.33
0.77297
0.13935
-0.47667
-0.73603
-0.54529
-0.33932
0.44121
0.72611
1.2512
1.5657
1.7236
1.4083
0.67077
0.033647
-0.63894
-1.4822
-2.1212
-2.1505
-1.4765
-0.77597
-0.19794
-0.029355
-0.29184
-0.28526
-0.52088
-0.79602
-1.4246
-1.6335
-1.8632
-1.4741
-1.1232
-0.54849
0.057091
0.75192
1.6049
1.8416
1.6331
0.83666
-0.062759
-0.93739
-1.2305
-0.81078
-0.1941
0.38408
0.92509
1.6137
1.9391
1.6442
1.2676
0.69543
0.273
-0.30003
-1.2354
-2.1374
-2.031
-1.0633
-0.037774
0.71802
1.2246
1.8319
0.66733
0.2241
-0.92529
-0.97442
-1.6952
-0.74399
0
-0.11572
-0.97799
-2.1217
-1.6272
-1.1516
-0.55611
-0.546
-1.6594
-1.8311
-1.3869
-0.50812
-0.12833
0.24218
-0.37632
-1.0155
-1.483
-1.4909
-1.2076
-1.1359
-0.71811
-0.64648
-0.71967
-1.0288
-1.2663
-1.3727
-1.3012
-1.087
-0.87085
-0.74698
-0.75263
-1.2171
-1.5554
-1.5513
-0.76369
-0.63585
-1.1696
-0.90282
0
1.4257
2.0362
1.8586
1.1901
0.19439
-0.21349
-0.084969
0.30848
0.75486
0.81739
0.43823
-0.33917
-0.93072
-1.3982
-1.8371
-1.8282
-1.4629
-0.93236
-0.41706
0.4958
1.0297
1.1046
0.64162
-0.031295
-1.1193
-1.9784
-1.894
-1.5257
-0.74178
-0.326
0.30268
1.4316
1.6011
1.7128
1.0232
0.77
0.35123
1.0073
0.87043
0.87389
1.1302
1.4613
1.4531
0.74455
-0.43522
-0.74609
-1.0281
-0.1509
0.43105
1.3739
1.8155
2.0973
1.3403
0.74293
0.038949
-0.49432
-1.1586
-1.54
-1.2049
-1.1384
-0.81932
-0.57685
-0.84
-0.9828
-1.5889
-1.5094
-1.4788
-0.82817
-0.50898
-0.20154
-0.78044
-1.0186
-1.2722
-1.3678
-1.1357
-0.80356
-0.58882
-0.68587
-0.67324
-1.0854
-1.3736
-1.4998
-1.5442
-1.3257
-1.2811
-0.96451
-0.65855
-0.57909
-0.37247
0.14368
0.14368
-0.29155
-1.1868
-2.2363
-2.7489
-1.7388
-0.68341
-0.067407
-0.060301
-0.22306
-0.59338
-0.99862
-1.4868
-1.4195
-1.3149
-1.0307
-0.78448
-1.0096
-1.2897
-1.6138
-1.3015
-0.92509
-0.42798
-0.28668
-0.47786
-0.79655
-1.3401
-1.5863
-1.8024
-1.4615
-0.94277
-0.82923
-0.62346
-0.29691
0.9555
1.1534
0.93957
0.27635
-0.31778
-0.91676
-1.4123
-1.5593
-1.6478
-1.4265
-1.1881
-0.79399
-0.68328
-0.74148
-0.90137
-0.88874
-0.572
-0.071246
0.52522
0.75075
1.2703
1.444
1.3283
1.504
1.43
1.4903
0.86654
0.462
0.032395
0.19953
0.715
1.2192
1.2581
1.001
0.88601
0.79802
0.79606
1.1888
1.5303
1.6588
1.3176
1.0206
0.71358
0.40941
0.33577
0.60544
0.87201
1.0026
0.95136
0.94912
1.0681
1.3928
1.7287
1.5868
1.3184
0.84831
0.24856
-0.35266
-0.72294
-0.37917
-0.042961
0.35286
0.89535
1.8268
2.2266
2.1843
1.5746
0.60722
0.076267
-0.081714
0.065711
0.572
1.2036
1.4274
1.3726
1.305
1.3133
1.3451
1.1931
1.144
0.96687
0.7268
0.31778
-0.050812
0.39813
0.77425
1.6683
1.1776
-0.1641
-1.0987
-1.6683
-1.9137
-1.7144
-1.2779
-0.48435
-0.1164
0.17875
-0.16966
-0.57349
-1.3241
-1.2768
-1.5167
-1.3759
-1.0725
-0.14033
0.19087
0.79081
1.3769
1.9241
1.9242
1.3257
0.76732
0.27491
0.28737
0.52771
1.1644
1.6413
1.9585
1.6714
1.2627
0.71366
0.45232
0.29196
0.36596
0.59761
1.0961
1.3467
1.5536
1.5293
1.4792
1.1508
0.88818
0.72118
0.42445
0.81162
0.99602
1.0187
0.30232
0.32532
0.24415
0.56295
1.0091
1.5101
1.7692
1.7151
1.5511
1.1569
0.66613
0.29792
0.20154
0.41492
0.91251
1.5358
1.6419
1.3816
0.96353
1.2907
1.3258
1.144
0.76218
0.34717
0.52
0.67737
0.42059
0.43904
0.93844
1.7122
1.0806
0.68696
0.43904
0.79761
1.2226
1.1882
1.1391
0.95177
1.1563
1.3087
1.3793
1.1723
1.186
0.88759
0.58029
-0.17639
0.037212
0.58882
0.79258
1.1337
1.5167
1.8347
1.6506
1.4072
0.90501
0.1569
-0.3276
-0.84643
-0.92808
-0.82003
-0.21098
0.51443
1.2381
1.814
1.9426
1.7467
1.146
0.87389
0.29061
-0.35469
-0.87466
-0.26909
0.4792
0.67635
1.1565
1.1375
1.0115
1.1412
1.384
1.3117
1.1043
0.96316
0.98738
0.70441
0.3282
-0.95986
-2.002
-2.125
-1.0508
-0.60667
-0.286
-0.18452
0.57326
0.82113
0.89057
1.155
1.5878
1.6741
1.7993
1.4079
0.40336
-0.28701
-0.36361
-0.038282
0.89144
1.8168
2.196
1.769
1.2173
0.38041
0.41495
0.2843
0.78171
1.157
1.0752
1.4862
1.5362
1.5626
1.0901
0.94026
0.60098
-0.27176
-1.1078
-1.253
-0.84315
-1.2419
-0.87537
-1.0776
-0.28409
0.19134
1.9108
1.9934
1.3455
-0.096046
-0.61103
-0.61359
-0.12168
0.66649
0.92439
1.4829
1.7642
1.6512
1.2851
0.79253
0.45511
-0.63654
-1.2545
-0.79288
0.14166
1.7861
1.8328
1.5349
0.2275
-0.29014
-0.37596
-0.66104
-1.4368
-1.6538
-1.2705
-1.0519
-0.79444
-0.64581
-0.92004
-1.483
-1.9654
-1.7017
-1.3102
0
0.27614
0.55611
0.47667
0.847
0.31478
-0.58198
-1.3347
-1.7634
-1.5359
-1.5041
-0.84243
-0.78203
-1.2037
-0.43522
0.46679
0.72042
0.38606
0
-0.53121
-0.8588
-1.1179
-1.3537
-1.4364
-1.5204
-1.3431
-1.1908
-0.95796
-0.88696
-0.64284
-0.62062
-0.46795
-0.54213
-0.73199
-0.86592
-1.2093
-1.4185
-1.4634
-1.3123
-0.99647
-0.75113
-0.75905
-0.82049
-0.89165
-0.99057
-1.1102
-1.2892
-1.4475
-1.6116
-1.1971
-0.95618
-0.6326
-0.60245
-0.15723
0.4095
0.13347
-0.04931
-0.34784
-0.74872
-1.1122
-1.5571
-1.6504
-1.6617
-1.3347
-1.0784
-0.6266
-0.54318
-0.61943
-1.3043
-1.7623
-0.94171
0
0.38845
0.72698
0.84741
1.0576
1.0423
1.1053
1.3347
1.3372
1.0137
0.91307
0.51581
0.65666
1.0093
1.2491
1.5777
1.4951
1.2786
0.93551
0.54849
0.62294
0.66733
0.95789
1.1097
1.0468
0.86329
0.97055
0.94569
1.1199
0.94007
1.0225
1.3166
1.5973
1.6521
1.1582
0.76764
0.33146
0.21148
0.26643
0.2002
0.87043
1.8428
2.1695
1.7233
1.0672
-0.19475
-0.78591
-1.4578
-1.0251
-0.2617
0.286
1.6038
1.2012
0.39365
-0.82557
-1.2809
-1.1749
-1.018
-0.72014
-0.61411
-0.61003
-0.78759
-1.0742
-1.2111
-1.664
-1.6911
-1.6172
-1.1279
-0.41364
0
-0.1006
-0.54686
-0.89978
-1.1937
-1.5054
-1.5344
-1.3719
-1.0201
-0.76877
-0.60131
-0.8024
-1.4913
-1.9814
-1.5226
-0.50898
0.47401
0.75604
0.3575
-0.6093
-1.4552
-1.9931
-1.82
-1.3078
-0.20639
0.81603
1.0267
0.60211
0
-0.6825
-1.4758
-1.0376
-0.92117
0.23553
1.3903
2.1809
1.3887
0.43794
-0.42211
-1.2037
-1.488
-0.64392
-0.090588
0.34164
0.50646
0.77826
1.1392
1.2377
1.5659
1.16
1.049
0.858
0.79319
0.83675
0.69493
0.82333
1.1185
1.2912
1.2978
1.2752
1.0529
0.99336
1.12
1.1295
1.1645
1.0293
0.6488
-0.37632
-1.5805
-1.1365
-0.69175
0
-0.2002
-0.66073
-1.6896
-1.772
-1.4852
-1.049
-1.2315
-1.3976
-1.1917
-0.90452
-0.21298
-0.25025
-0.095333
-0.21298
-0.72361
-1.1506
-1.5668
-1.2954
-0.60667
-0.14
0.21627
0.91537
1.6884
1.9585
1.9141
1.5157
1.0902
0.55202
0.16683
-0.0455
0.21298
0.6188
0.76529
0.81233
0.95667
1.3591
1.5581
1.409
1.2127
0.94957
0.79444
0.45127
0.68886
0.97772
1.4903
1.5697
1.4158
1.0984
0.63894
0.6488
0.89745
1.3914
1.2158
0.65703
-0.29659
-1.0395
-1.1619
-1.5326
-1.7752
-1.5702
-0.85647
0
1.0574
0.94922
-0.84991
-0.94434
-0.88798
-0.14
-0.54402
-0.97442
-0.6113
-0.63894
-1.1498
-1.8137
-1.8769
-1.6683
-1.1162
-0.60438
-0.042778
0.34861
1.2358
1.4613
1.617
1.3921
1.001
0.33209
-0.2337
-0.28065
-0.56467
-0.819
-1.0839
-1.3594
-1.74
-1.9087
-1.5541
-0.98055
-0.64148
-0.49308
-0.31446
-0.20636
-0.13873
0.7115
-0.088841
-0.34803
-0.33153
0.83889
1.9994
2.3925
2.1017
0.4708
-0.2187
-0.63197
-0.10265
0.26709
0.60612
1.0669
1.1189
1.4222
1.3669
1.386
1.156
0.91706
0.81429
0.85347
1.0617
1.1697
1.3224
1.1043
0.9472
0.70807
0.71554
0.64727
0.62855
0.68001
0.77761
0.95895
1.2749
1.4766
1.5095
1.3478
1.1903
0.78999
0.69708
0.50908
0.57763
0.76741
1.1656
1.4533
1.4592
1.2826
1.2058
1.1002
0.91313
0.70937
0.61847
0.7188
1.3664
1.4909
1.2843
0.75075
0.74148
0.34757
0.71756
0.7177
1.6683
1.9067
1.5059
1.5508
1.0214
0.50684
0.078819
-0.44292
-0.67375
0.16683
0.26693
0.65392
0.77
0.7392
0.91
0.83234
0.99109
1.2536
1.3471
1.3582
1.1873
1.1062
0.75888
0.58029
0.70468
0.8736
1.0066
1.304
1.4014
1.5543
1.2882
1.0654
0.66243
-0.28519
-0.7727
-1.5805
-1.3915
-1.186
-0.62563
-0.43105
-1.1069
-1.1226
-0.68562
0.29691
0.91725
1.6538
1.7227
1.4649
1.4793
1.2711
0.12513
-0.73244
-0.52135
-0.62562
-1.0854
-0.858
0
0.24024
1.1582
2.2523
1.8063
1.1776
0.95333
0.06179
-0.57612
-1.6811
-1.3258
-0.92876
-0.31281
0.12711
0.46156
0.97784
1.3831
1.3891
1.4361
1.1751
1.4603
1.4791
1.0068
0.51256
0.273
-0.098459
0.46809
1.1776
1.7189
1.6115
1.0735
0.86139
0.94866
1.6423
1.6604
1.398
0.3229
0.077
-0.098137
0.77856
0.53245
0.41025
-0.29659
-0.95986
-1.43
-1.595
-1.5084
-0.54957
0.43054
0.80667
0.98211
1.6817
1.5109
1.3683
0.58478
0.7054
0.61078
0.94557
0.78695
1.0155
0.90008
1.0301
1.4183
1.4014
1.2954
1.281
0.91277
0.56535
-0.29441
-0.99701
-1.3255
-1.6771
-1.3421
-1.094
-1.4389
-0.81563
-0.14613
0.31677
0.63221
0.093991
-0.17955
-1.4607
-1.5861
-1.5088
-1.1176
-0.46817
0.27935
1.2769
1.6167
1.5349
0.9202
-0.33516
-1.2659
-1.6065
-1.1122
-0.40134
0.29257
0.7407
1.1928
1.4472
1.4572
1.2603
0.78382
0.3133
-0.49256
-1.296
-1.7962
-1.7952
-1.4434
-0.9282
-0.49668
-0.37616
-0.60667
-1.0578
-1.2032
-1.1749
-1.0725
-0.8008
-0.64235
-0.91617
-0.98011
-1.0488
-1.0976
-1.0841
-1.061
-1.1972
-1.2024
-1.3546
-1.2663
-1.3347
-0.92776
-0.38402
0.080943
-0.165
-0.76789
-1.1122
-1.3565
-1.227
-1.1534
-1.2801
-1.3775
-1.4485
-1.1917
-0.92242
-0.79246
-0.10482
0.62131
0.546
1.1316
0.48829
0.4476
0.31087
-0.12639
-0.72471
-1.4421
-1.7702
-1.8065
-1.6016
-1.1535
-0.8008
-0.3575
0.17308
1.077
1.3636
0.89685
-0.026204
-0.97659
-1.2908
-1.8403
-1.7347
-1.4059
-0.99806
0.11708
0.65037
0.63388
0.12297
-0.56236
-0.98913
-1.4432
-1.5103
-1.2927
-1.1913
-1.1276
-1.0812
-1.0696
-0.82885
-0.57707
-0.50394
-0.8846
-1.0854
-1.2908
-1.219
-1.132
-1.0703
-0.75026
-0.65486
-0.74941
-0.79941
-1.1008
-1.3011
-1.4636
-1.519
-1.3483
-1.2651
-0.8384
-0.38255
0.081714
1.1074
1.6414
1.4178
-0.078052
-0.6012
