0
0.057601
-0.028785
0.40277
1.0352
1.7243
2.2979
2.4116
2.4678
2.2371
2.2074
2.2636
2.2339
2.0324
1.8026
1.2012
0.28586
-0.45717
-0.71402
-0.85645
-1.3127
-1.5403
-1.8818
-2.1375
-2.1081
-1.9649
-1.7079
-1.7072
-1.6212
-1.6206
-1.62
-1.5057
-1.2212
-1.0504
-1.0784
-0.96453
-1.1343
-1.1623
-1.2469
-1.3598
-1.5859
-2.01
-2.0942
-2.3198
-2.5736
-2.7424
-2.4306
-2.1473
-1.723
-1.2142
-0.95974
-0.56438
-0.19747
0.22561
0.16916
0.05637
-0.14088
-0.45069
-0.67584
-0.6475
-0.2533
-0.14068
0.084384
0.30932
0.50602
0.42157
0.28097
0.39325
0.42122
0.44918
0.36486
0.36477
0.30857
0.67306
1.0374
1.1212
1.1209
1.2327
1.2324
1.1201
0.81184
0.53177
0.13991
0.36367
0.867
1.4819
1.3698
1.1459
0.75444
0.53078
0.61445
0.89356
1.2005
1.1723
1.2558
1.0602
0.94844
0.97615
1.0875
1.1431
1.0592
1.1705
1.1982
1.2259
1.1421
1.142
1.1975
1.2252
1.4756
1.4754
1.3361
1.0576
0.91836
0.66784
0.83473
1.1407
1.2241
1.1128
0.918
0.91797
1.0292
1.4186
1.975
2.5035
2.7539
2.754
2.8376
3.0048
2.7267
2.5879
2.4212
2.2266
2.0042
1.8932
1.9214
1.7268
1.4764
1.226
0.94756
0.66904
0.50191
0.47417
0.055802
-0.2791
-0.41881
-0.47483
-0.25148
-0.027954
0.11186
0.11192
0.25193
0.50413
0.58846
0.2243
0.19638
-0.14036
-0.42134
-0.64649
-0.8157
-0.81629
-0.92957
-0.70477
-0.62069
-0.48003
-0.19783
0.056573
0.084938
-0.17004
-0.19857
-0.28397
-0.08528
0.056915
0.37036
0.45635
0.62823
0.82913
1.0019
0.77392
0.45923
0.43111
0.23025
0.66291
1.0103
1.1274
0.72383
0.31899
0.14523
0.26185
0.40802
0.49631
0.23398
-0.1758
-0.61645
-0.91173
-1.0608
-1.0039
-1.0059
-1.3638
-1.842
-2.1437
-2.2081
-2.2729
-1.8584
-1.4421
-0.84322
-0.75469
-0.66576
-0.33371
-0.36497
-0.48788
-0.6726
-0.88897
-1.0143
-0.92466
-0.98907
-0.99188
-0.8704
-0.4053
0.21889
0.53318
0.97524
0.85204
0.72809
0.63514
0.63719
0.63928
0.67346
0.83661
0.64573
0.55076
0.52016
0.81561
1.0804
1.2158
1.484
1.5888
1.5614
1.2672
1.3389
1.2097
1.2143
1.3884
1.4618
1.6724
1.9533
2.5117
2.5565
2.567
2.5428
2.5184
2.4587
2.5044
2.7985
2.7037
2.501
2.2607
1.8381
1.3756
0.9817
1.1321
0.88041
0.62642
0.5182
0.37182
0.26145
0.30017
0.49
0.68158
1.0651
1.5286
1.8428
1.7357
1.55
0.73968
-0.11734
-0.39295
-0.078958
0.59496
0.79699
1.0409
0.80447
0.40412
0.24361
0.65266
1.1475
1.2764
1.1168
0.54023
0.20875
0.20971
0.12641
-0.21165
-0.97803
-1.3669
-1.8023
-1.8104
-1.9917
-1.9572
-2.1406
-2.1062
-1.6748
-1.7263
-1.9561
-2.411
-2.1971
-1.8913
-1.2209
-0.5903
-0.27357
-0.45782
-0.36773
-0.23075
-0.046334
0.41864
0.93391
0.98435
0.47051
-0.33058
-0.3318
-0.66599
-0.19096
0.38327
1.0096
0.82003
0.33879
0.14567
0.097427
0.58641
1.2255
1.6717
1.8246
2.275
2.331
1.8899
0.99736
0.049999
-0.85217
-1.4573
-1.3601
-0.90886
-0.25304
0.10144
0.35579
0.30559
0.051032
0.40903
0.51223
0.56444
0.66818
1.1326
1.1859
0.9294
0.77555
0.15531
-0.25916
-0.5708
-0.5714
-0.62395
-0.57246
0
0
-0.052157
-0.26093
0.46992
0.52235
0.99279
1.3589
0.88868
0.36597
0
0.47052
0.73183
1.4111
2.3512
2.6637
2.4015
1.5132
1.0952
0.26058
-0.052079
-0.31223
-0.51993
-0.4675
0.051892
0.98488
1.3462
2.0168
2.4275
2.6305
2.1632
1.7486
1.3865
0.71777
0.46066
0.40877
0.10201
-0.050912
0.35571
0.86217
0.96168
0.40408
-0.20162
-0.85501
-1.5557
-1.2518
-1.2489
-0.74755
-0.24858
0.49595
0.64313
-0.049347
0
0
0.53857
1.1719
2.0939
2.4767
1.8886
1.4004
0.67412
0.43211
0.43086
0.81144
1.2849
1.7081
2.3179
2.1223
1.6456
1.3124
1.6355
1.9564
2.1825
1.8979
1.3843
0.32198
-0.45851
-0.9141
-1.4123
-1.6349
-1.8559
-2.0756
-2.5636
-2.645
-2.279
-2.4498
-2.2643
-1.9472
-1.588
-1.2751
-0.96423
-0.3495
-0.13064
0.13023
0.12981
0.086266
-0.30097
-0.47147
-0.42726
-0.5537
-0.59443
-0.71957
-0.88614
-1.0517
-0.92267
-0.79443
-0.58361
-0.083123
0.62157
0.99158
1.1123
1.2733
1.1877
1.1435
1.1403
1.2589
1.1339
0.92886
0.92633
0.723
0.080119
-0.47944
-0.51804
-0.19873
-0.11893
-0.039545
-0.51281
-1.1018
-1.3347
-1.0965
-0.89857
-0.62364
-0.27222
-0.50441
-0.85171
-1.0044
-0.73238
-0.7693
-0.57577
-0.30645
0
-0.19077
-0.30464
-0.38008
-0.45524
-0.18934
0.0378
0.18867
-0.075338
-0.75212
-0.75088
-0.89961
-0.86078
-0.8221
-0.82087
-0.67065
-0.33485
0.074309
0.074209
0
0.037009
0.073928
-0.14768
0
0.22102
0.29437
0.66165
0.80787
1.0272
1.0996
1.3183
1.0976
0.47525
0.073057
0.036501
0.40123
0.729
0.94709
0.76449
0.32745
0
0.25441
0.61757
0.98041
1.3067
1.3425
1.2332
1.0153
1.015
1.1959
1.3044
1.8837
2.137
2.1367
1.883
1.738
1.3035
1.1586
1.1224
1.1587
1.1588
1.0503
1.0142
0.47094
-0.14493
-0.61608
-0.68871
-0.87017
-0.97922
-1.1246
-1.5968
-1.7788
-1.5979
-1.2352
-1.1267
-0.98176
-0.80032
-0.65512
-0.36414
-0.072865
0.10936
0.072944
-0.18246
-0.5112
-0.80381
-0.84087
-0.58533
-0.43928
-0.84253
-1.173
-1.5407
-1.9089
-1.7266
-1.397
-0.66224
-0.36819
0.18424
0
-0.25835
-0.36937
-0.29574
-0.33299
-0.44436
-0.11119
0.18547
0.40839
0.70603
0.89262
1.0051
1.1923
1.6409
1.8291
1.9428
1.9447
2.4705
2.7351
2.5877
2.1772
1.3151
0.52654
-0.15059
-0.2261
-0.11316
0.52858
0.9826
1.0592
0.64373
0.26532
0.45528
0.56966
0.68426
0.76104
0.87605
0.83878
0.80144
1.0314
0.6883
0.53587
0.2682
0.34516
0.23033
0.30741
0.61541
0.5005
0.57806
0.34717
-0.077224
-0.61838
-0.88978
-0.96808
-0.93024
-0.69834
-0.038834
0.58305
0.73923
0.85675
0.74061
0.66327
0.8982
1.2899
1.878
2.2713
2.6261
2.4324
2.0419
1.8865
2.0849
2.1655
1.6946
1.3805
0.7501
0.35562
0.39548
0.51458
0.55465
0.39652
0.39687
0.39721
0.31804
0.11937
0.47788
0.63772
1.0372
1.7567
2.1178
2.1196
1.9613
1.8027
1.3231
1.2439
1.2851
1.3666
1.3677
1.2078
1.2088
1.1292
1.4933
1.9389
2.2235
2.0635
1.6602
1.1347
0.04056
-0.56831
-0.93441
-1.0165
-0.69179
-0.24436
0.040761
0
-0.12248
-0.32689
-0.12269
-0.04093
0.20482
0.45098
0.61548
0.57493
0.57541
0.24681
0
0.082411
0.082481
0.41276
0.82622
1.6125
2.0691
1.6567
1.3265
0.78832
0.53985
0.91439
1.3312
1.2491
0.62512
-0.083424
-0.70974
-1.1701
-1.673
-1.842
-2.2627
-2.5165
-2.4349
-2.3531
-2.1871
-1.9366
-1.2642
-0.67488
0.12666
0.3381
0.25382
-0.3811
-0.76296
-0.594
-0.46718
-0.17005
0.38301
0.7242
0.51172
0.38418
0.47004
0.42776
0.89923
1.0288
0.94403
0.25774
-0.043002
-0.12914
0.086189
0.56084
1.1661
1.6862
1.688
1.6032
1.3014
1.3028
1.9129
2.8291
3.6166
3.6207
3.7559
3.4978
3.1079
2.8485
2.9395
3.1186
2.9463
2.9938
2.3802
1.5886
0.97198
0.70772
0.61999
0.17735
0.13317
0.26665
0.66741
1.0246
1.0704
0.58048
0.22353
0.22379
0.044812
-0.53838
-1.2128
-1.3941
-1.4408
-1.3523
-0.94775
-0.67776
-0.40713
-0.13587
0.54412
0.90792
1.2726
1.5925
1.4122
0.86651
0.27395
0.04571
-0.45762
-0.22907
0.045865
0.73465
1.333
1.3805
1.2899
0.96846
0.9695
1.2016
1.4805
1.0652
0.64905
0.32486
-0.092911
-0.23251
0
0.13978
0.13992
0.46683
0.46727
0.18708
0.046813
0
-0.046896
-0.28162
-0.093954
-0.51718
-0.9411
-1.2244
-0.80121
-0.4245
-0.80244
-1.0392
-1.6545
-1.3245
-0.42602
0.37894
0.52137
-0.047427
0.047455
0.52231
1.1877
1.5687
1.5219
0.76133
0.095211
0.047627
0.14294
0.61966
0.90601
1.3833
0.8112
0.47732
-0.095492
-0.52535
-1.0032
-1.2901
-1.3381
-1.8641
-2.2468
-2.5817
-2.9166
-3.2993
-3.4429
-2.6778
-2.1518
-1.1476
0
0.71713
0.66924
0.28677
0.28673
0.33445
0.76428
1.4327
1.7187
1.1932
0.66798
0.14309
-0.047678
-0.19063
-0.47638
-0.76187
-1.2374
-1.3795
-1.6165
-1.9483
-1.9946
-1.4713
-0.94865
-0.14221
0.9474
1.7988
2.3178
2.4579
2.5505
2.5013
2.405
2.5443
1.9772
1.4111
0.61092
0.56341
0.28144
-0.046863
-0.046818
0.046771
0.093449
0.18671
0.83931
1.2576
1.6285
1.8127
1.7643
1.5768
1.5287
1.8508
1.8025
1.9389
1.9827
1.8883
1.61
1.2405
1.3767
0.96249
1.1902
1.3259
1.0503
0.54728
0.091099
-0.045492
-0.1363
0.13613
0.72512
1.5842
1.6726
1.4899
1.0371
0.2702
-0.26986
-0.49411
-0.62808
-1.2546
-1.7005
-1.7431
-1.7856
-0.98086
-0.4453
-0.53371
-1.4659
-1.6416
-1.4624
-0.88527
-0.48633
0
-0.13233
-0.61685
-0.70418
-0.74737
-0.5709
-0.30708
-0.17529
-0.26266
-0.21866
0.21844
0.52375
0.43604
0.39206
0.82693
1.0436
1.4337
1.7363
1.7783
1.3435
0.77946
0.60579
0.043239
-0.043208
-0.21589
-0.77671
-1.1643
-1.2498
-0.90453
-1.0332
-0.90357
-0.86012
-0.90271
-1.289
-1.8898
-2.1468
-2.5323
-2.4457
-1.9732
-1.501
-1.372
-1.3289
-1.3287
-1.2857
-0.85707
-0.042851
0.68561
0.77132
0.59994
0.085713
-0.25717
-0.085735
0.085751
0.17154
-0.34316
-0.25744
-0.085842
0.42936
1.1168
1.418
1.4616
0.81719
0.43032
0.043055
-0.086161
0
0.34507
0.60429
0.77749
1.5561
2.1197
2.5976
2.5131
2.0816
1.5192
0.69512
0.26092
0.043529
-0.30501
-0.7415
-0.61129
-0.26227
0.52511
1.5771
1.8421
1.1856
0.30776
-0.35216
-0.57297
-0.044131
0.75121
1.6371
1.9938
1.9078
1.8215
1.5571
1.8712
2.4093
2.4574
2.1478
1.3892
1.0771
0.44945
0.40512
0.63114
0.99331
1.2662
1.5399
1.7237
1.3629
0.86453
0.27344
0.091289
-0.13715
0.27473
0.36688
0.32152
0.23002
0.13823
0.27688
0.36975
0.9258
1.2054
1.3465
1.7671
2.1424
2.0523
1.6349
1.3098
0.89012
0.65682
0.23491
0.047048
0
-0.18871
-0.37792
-0.94603
-1.5156
-1.9917
-1.8518
-1.9015
-2.2369
-2.6683
-3.196
-3.4383
-2.8204
-1.3399
0.095799
1.1027
1.6796
1.681
1.0575
0.33675
0.38515
-0.048177
0.096418
0.33767
0.82052
0.77266
0.53145
-0.048335
-1.1121
-1.8864
-2.1772
-1.597
-1.21
-1.0165
-0.82297
-1.3071
-0.82294
-0.096807
0.91952
1.2096
0.8707
0.62863
0.19335
0.09663
-0.24145
-0.28958
-0.86818
-0.57838
-0.72243
-0.72184
-0.81736
-0.81658
-0.91173
-1.1504
-0.7182
-0.57387
-0.52538
-0.71548
-0.33342
0.23781
1.1873
2.3233
2.6508
2.5045
1.8397
1.0829
0.42295
0
0.18723
-0.14012
-0.51268
-1.3021
-1.2991
-1.0184
-0.13853
0.73701
1.1487
0.8249
0.63989
0.63815
0.81821
1.1785
1.7627
1.8927
1.6175
0.98544
0.35723
-0.44513
-0.93177
-0.92873
-0.52895
-0.13179
0.087562
0.17452
-0.17391
-0.47654
-0.3885
-0.21505
0.04285
0.72574
1.2759
1.1439
0.9285
0.71469
0.50251
0.16684
-0.041543
-0.24826
-0.61812
-0.77975
-0.73566
-0.3663
-0.44584
-0.28252
-0.48227
-0.60028
-0.7571
-0.63482
-0.47406
-0.66867
-0.11749
0.46789
0.85403
1.0049
0.84652
0.53631
0.076276
0.34171
0.56699
0.79024
0.52447
0.33565
-0.14851
-0.40658
-0.44156
-0.54947
-0.94816
-1.0528
-1.0843
-1.2953
-1.397
-1.4264
-1.8106
-2.0147
-2.041
-1.5415
-1.1859
-0.9029
-0.69151
-0.65407
-0.95972
-1.331
-1.4952
-1.8948
-2.0552
-2.1136
-2.2049
-2.2289
-1.8221
-1.3197
-1.1499
-1.2107
-1.4991
-1.7527
-2.1982
-2.4471
-2.5016
-2.4279
-1.9094
-1.1729
-0.63159
-0.50337
-0.56417
-0.78066
-1.12
-1.209
-1.1428
-1.0157
-1.0428
-0.45845
0.060916
0.63744
0.87733
1.1156
1.112
0.80883
0.68681
0.53581
0.44512
0.5621
0.73738
0.88223
0.79168
1.0233
1.1079
1.2211
1.2177
1.4169
1.4708
1.5245
1.5493
1.3165
0.9992
0.88288
1.1081
1.304
1.697
1.8908
1.6896
1.2364
0.70104
0.58769
0.47481
0.50178
0.72344
0.72213
0.63768
0.4982
0.33158
0.24828
0.41315
0.93506
1.4555
1.7002
1.7527
1.5589
1.038
0.65477
0.70851
1.0888
1.3868
1.6298
1.5469
1.3014
1.0294
0.83912
0.64915
0.1892
0.027011
-0.13498
-0.24282
-0.1618
0.18868
0.72749
1.3467
2.0195
2.2344
1.9917
1.4801
1.184
0.96866
0.91485
0.96872
0.83426
0.72673
0.59227
0.67321
0.61954
0.75449
1.24
1.5103
1.3222
0.70195
0.35119
0.18923
0.48693
1.1641
1.4902
1.3287
0.89567
0.43468
0.081584
0.054446
0.19077
0.43655
0.71025
0.9026
1.1776
0.95984
0.82387
0.77005
0.88137
0.88273
0.9394
1.024
0.74848
0.61093
0.52856
0.52953
0.33507
0.27976
0.33638
0.4775
0.64738
0.56413
0.28268
-0.31163
-0.5111
-0.59766
-0.37085
0.028596
0.45866
0.63223
0.31692
0.14443
-0.26066
-0.69695
-0.99004
-0.87599
-0.58564
-0.38176
0.029452
0.059078
-0.11851
-0.3269
-0.02981
0.23923
0.65997
1.1436
1.2379
1.1209
0.75989
0.76247
0.8569
1.5048
2.3114
2.7217
2.359
1.3707
0.71917
-0.12554
-0.47255
-0.72733
-1.3015
-1.8165
-2.3035
-2.2484
-2.2574
-1.9427
-1.4304
-0.78343
-0.16389
0.36206
0.69412
0.63067
0.90005
1.2722
1.7148
2.06
2.2047
1.8738
0.95816
0.034373
-0.31075
-0.31216
-0.34842
-0.52502
-0.80874
-1.3423
-1.6325
-1.4975
-1.0746
-0.39588
0.39775
0.76294
0.91257
0.66018
0.55278
0.18514
-0.29765
-0.41123
-0.45078
-0.11324
0.45514
1.4863
2.4892
3.2324
3.5574
3.1472
2.6158
2.1185
2.247
2.0994
2.0697
2.3996
2.4111
2.3823
2.3125
2.3643
1.884
1.6049
1.3644
1.4954
1.5858
1.4255
1.053
0.21157
-0.55259
-0.72589
-0.5576
-0.43084
-0.12983
0.1304
-0.34924
-0.83305
-1.1008
-0.84017
-0.8437
-0.57967
-0.40296
-0.53946
-0.58676
-0.27189
-0.045492
0.22834
0.64177
0.59816
0.046182
-0.55619
-1.3954
-2.0538
-2.3887
-1.9738
-1.1316
-0.23652
0.094906
0.1428
0.38195
0.095769
0.4322
0.72234
0.91746
1.2104
1.3106
0.87587
0.14633
0.04889
0
0.19642
0.29524
1.134
1.5313
1.6331
1.4376
0.84409
0.3481
0.099602
0.19948
-0.049932
-0.29995
-0.20018
0.10019
0.10028
-0.050181
0.20087
-0.050248
0.10055
0.20119
0.25157
0.35229
0.40268
0.50338
-0.25168
-0.5033
-0.35224
-0.15091
-0.3017
-0.40207
-0.5023
-0.95373
-1.3041
-1.7039
-1.8025
-2.3008
-2.598
-2.6947
-2.8906
-2.0903
-0.79515
0.69468
1.189
1.5331
1.9254
2.4638
2.8033
2.7977
2.2531
1.3685
1.1704
0.68117
0.29124
0.096844
-0.1932
-0.048177
0.24026
0.47922
0.14337
-0.047657
-0.14256
0.2843
0.85037
1.0833
1.4087
1.3107
1.3532
1.2094
1.0664
0.55454
0.36847
0.50495
0.68625
0.77509
1.045
1.5848
1.5792
1.214
0.76166
0.35715
0.35588
0.3546
1.325
1.7162
2.017
2.2281
2.1329
1.8216
1.6421
1.55
1.287
1.1113
0.72402
0.50923
0.2537
0.6741
1.1335
1.1713
1.0838
0.87228
0.66227
0.32999
0.082213
-0.16386
-0.36745
-0.081382
0.32445
0.24254
-0.28204
-0.52211
-0.88077
-0.99775
-0.87531
-0.51566
-0.039548
-0.039431
0.039317
-0.23523
-0.74283
-1.0527
-0.97213
-0.77567
-0.5029
0.077175
0.34644
0.42242
0.38313
0.68809
0.76287
1.0658
1.2535
1.0236
0.26486
-0.90644
-1.395
-1.8066
-1.8037
-1.876
-1.9856
-2.3196
-2.5781
-2.463
-2.3856
-2.2714
-1.9343
-1.3379
-0.51988
0.48239
1.2608
1.0006
0.7779
0.59245
0.66629
0.81417
0.77705
0.851
0.51801
0.25904
0.25909
0.14809
0.11111
0.55582
0.96395
1.3356
1.8934
2.3037
2.2686
1.7869
1.1925
0.59697
0.14943
-0.037407
0.1873
0.22511
0
-0.15057
-0.75417
-1.2845
-1.5519
-1.5172
-1.2543
-1.0285
-0.61088
-0.45924
-0.11509
0.076921
0.65553
1.2373
1.7447
2.1774
2.2617
2.112
2.0401
2.4007
2.3294
2.1786
1.7885
1.3161
0.72036
0.88358
1.572
1.5374
1.2995
0.89682
0.49107
0.53409
0.61872
1.0354
0.99803
1.211
1.5935
2.0635
2.2415
2.4212
2.8158
2.914
3.1423
3.1132
2.7799
2.0072
1.0959
0.35232
-0.30972
-0.5779
-0.6253
-0.26926
-0.4509
-0.18122
-0.27314
-0.3202
0
0.69279
1.4851
2.1918
3.3271
3.6728
3.2174
2.2346
1.3854
0.96008
0.67529
0.82392
0.73046
0.58715
0.54077
0.6421
0.49624
0.099709
0.10017
0
-0.35381
-0.30463
0
0.2049
0.36014
0.82675
1.0898
1.4592
1.9362
2.6273
2.9017
2.8074
2.393
1.6549
0.91096
0.48407
0.32389
-0.54176
-0.97858
-1.0365
-1.0947
-1.1532
-1.4874
-1.3815
-2.0507
-1.8344
-1.2264
-0.27948
0.11209
0.50569
0.78856
0.45167
-0.11317
-0.6805
-1.0797
-1.4804
-0.79859
-0.17143
0
-0.17197
-0.34444
-0.17245
-0.057554
0.11524
0
0.23091
0.57773
1.0406
1.0991
0.75233
0.92626
0.92648
0.34747
-0.52122
-1.5635
-2.3737
-2.7203
-2.0249
-1.3878
-1.3291
-1.5013
-1.6154
-2.075
-2.4758
-2.0704
-2.0677
-2.2943
-2.6918
-2.7448
-2.7401
-2.2794
-1.7632
-1.93
-2.2659
-2.261
-1.5227
-1.0128
-0.22451
0
0.33504
0.44552
0.61088
0.55376
-0.055212
-0.71559
-0.98774
-1.0393
-1.5266
-1.8476
-1.5164
-1.1873
-0.43023
0.21434
0.80085
0.47873
0.26496
0.21115
-0.052583
-0.052376
-0.26084
-0.25978
-0.62093
-0.87602
-0.71842
-0.66429
-0.050882
0.75996
1.2611
0.95428
0.90009
0.34849
0.24782
0.14803
0.58944
1.0269
0.87619
0.8722
0.72352
0.38411
0.62132
0.99905
1.1365
0.94273
1.173
1.1675
0.97621
0.41644
-0.23029
-0.64184
-0.68451
-0.22712
0
-0.045008
-0.44803
-0.84737
-1.3763
-1.591
-1.4079
-1.314
-1.3517
-1.4325
-1.0804
-0.90355
-0.42838
0.085303
0.46714
0.59199
0.58946
1.132
1.503
2.0372
2.2358
2.1854
1.9712
1.7587
1.4258
0.9738
0.40416
-0.32207
-1.2031
-2.3172
-2.7065
-2.6567
-2.4099
-2.0469
-1.8434
-1.7196
-1.8304
-1.63
-1.315
-1.0407
-0.61466
-0.26803
-0.19082
-0.22825
0.037922
0.075608
0.15075
0.037574
-0.26223
-0.59763
-1.0428
-1.0399
-1.1851
-1.2926
-1.4364
-1.1387
-0.58619
0.29234
1.6767
2.7269
3.1555
3.0394
2.7795
2.449
2.4074
2.5455
2.4684
2.1061
1.5317
1.3153
0.63856
0.38945
0.17668
0.21161
0.17601
0.17569
0.2806
0.035013
0.27962
0.5932
0.7664
0.8695
1.2848
1.9416
2.3887
2.5926
2.5198
2.137
1.7899
1.7187
1.6134
1.3713
1.1641
1.2311
1.2637
0.88698
0.78372
0.51054
0.37398
0.50941
0.94989
1.22
1.1172
0.84551
0.40545
-0.033755
-0.23606
-0.23584
-0.16831
-0.47084
-0.57124
-0.60432
-0.50318
-0.23462
0.33491
0.43503
0.13375
-0.033412
-0.30048
-0.33362
-0.066676
0.43308
0.56594
0.43247
0.73137
1.1628
1.7596
2.1897
2.6524
2.6839
2.8146
3.0444
3.1417
3.2059
3.2039
3.1359
2.6391
2.143
1.8452
1.5806
1.3822
1.1841
1.1505
0.91987
0.72233
0.72191
0.75429
0.65553
0.42585
0.45834
0.13088
0.065402
0.22878
0.52262
0.55497
0.55466
0.42391
0.22813
0.32572
0.55341
0.58563
0.3902
0.51998
0.74705
0.97387
1.2329
1.0701
0.87502
0.51824
0.71219
0.74416
0.51739
0.25855
0.25841
0.51655
0.5808
0.70949
0.67688
0.70874
0.70837
0.90109
0.80413
0.80372
0.83545
0.54598
0.0321
-0.4171
-0.64139
-0.70519
-0.70486
-0.35226
-0.032009
0.095985
0.25585
0.54344
0.51126
0.57493
0.70241
0.8298
0.66997
0.57405
0.6376
0.66925
0.82832
0.79621
0.70045
0.63658
0.38184
0.22268
-0.34984
-0.50874
-0.47684
-0.15892
0.15889
0.66721
1.1436
1.1435
1.0798
0.9527
1.1114
1.2701
1.6828
1.8733
1.8098
1.7146
1.7465
2.1277
2.1914
2.2869
1.8425
1.4616
1.3665
1.7164
1.9712
1.8445
1.7178
1.241
0.73215
0.41398
0.25486
0.44619
0.47828
0.73372
0.73409
0.67062
0.35148
0.41563
0.63983
1.1525
1.6978
1.8273
1.7645
1.7659
2.0886
2.2833
2.6394
2.7706
2.6442
2.1626
1.5832
1.3261
0.77706
0.68068
0.77879
0.94213
0.84568
0.78158
0.88038
0.71827
0.65384
0.58925
0.3606
-0.032828
-0.39451
-0.46095
-0.75842
-0.69354
-0.49617
-0.36445
-0.26549
-0.13297
0.066598
0.20014
0.16708
0.066954
-0.20123
-0.43682
-0.26933
-0.16865
-0.37177
-0.44024
-0.64474
-0.71407
-1.1245
-1.2293
-1.5057
-1.8519
-2.1997
-2.6525
-3.1073
-3.4259
-3.2605
-2.9205
-2.4047
-1.7816
-1.3307
-1.4042
-1.5485
-1.3407
-1.1319
-1.2766
-1.5999
-1.7467
-2.0015
-1.7201
-1.1858
-0.6125
-0.14451
0.072455
0.10898
-0.25501
-0.40186
-0.36636
-0.22045
-0.036847
0.29563
0.4818
0.55755
0.59647
0.78519
1.0501
1.2037
1.2827
1.3623
1.2146
1.3326
1.6422
1.6473
0.69169
-0.19273
-1.1213
-1.7455
-1.6342
-1.0539
-0.15662
0.23568
0.59107
0.83013
1.269
1.6311
1.9955
1.8418
1.1247
0.60445
-0.12128
-0.8517
-1.1393
-0.77556
-0.040951
0.32867
0.74189
0.53754
0.041483
-0.45778
-0.75152
-0.8796
-0.50425
0.3794
0.67666
0.67883
0.63844
1.0248
1.1994
1.3321
1.3794
0.90812
0.13014
-0.69627
-0.6548
-0.65685
-0.21963
0.044063
0.221
0.26601
0
0.53528
0.53691
1.2566
1.8455
2.2122
2.1282
1.6804
1.6397
1.3704
1.6493
1.9757
1.797
1.5711
1.4828
1.8123
1.7707
1.7756
1.8273
2.1611
2.4024
2.5977
2.2257
1.5193
0.99961
0.95444
1.0525
0.67146
0.81736
1.2049
1.546
2.1308
2.2814
2.0921
1.2679
0.73312
0.14695
-0.58908
-1.0823
-1.1339
-1.0868
-1.2871
-1.0417
-1.0934
-1.2449
-1.3471
-1.2496
-0.95143
-0.60197
0.55277
1.6611
2.8236
3.5857
3.996
3.7996
3.3994
2.8454
2.0353
1.1719
0.81631
0.97061
0.35803
0.051209
0.25634
0.56456
1.1817
1.7486
2.471
2.6278
2.6816
2.3741
1.9628
1.3956
1.2413
1.6044
1.7089
2.4351
3.0583
3.1114
2.1788
1.1416
0.57097
0.051917
-0.10385
-0.10386
-0.25967
-0.36354
0.31159
0.72697
0.62303
0.57099
0.46705
0.36315
0
-0.15551
-0.72539
-1.3982
-2.122
-2.1724
-2.4294
-2.5309
-2.4257
-2.1658
-1.6487
-0.9265
-0.10284
0.3082
0.41049
0.87128
1.075
1.4315
1.9403
2.2946
1.9858
1.1694
0.15231
-0.81104
-1.8219
-2.1726
-1.5132
1.2085
1.2063
0.10034
-0.65099
-1.8992
-1.9454
-1.7921
-1.6891
-1.8839
-1.7809
-1.4315
-1.3298
-0.9337
-0.24515
0.58698
1.1224
1.1197
0.92272
0.48444
0.67652
0.91581
0.96154
0.76723
1.1
1.2879
1.0466
0.52187
-0.14194
-0.47183
-1.0351
-1.2199
-1.3569
-1.4463
-1.8609
-2.1339
-2.3127
-2.3521
-1.6555
-1.3297
-1.2343
-0.95719
-0.72713
-0.58904
-0.63246
-0.090082
0.31435
0.62681
0.66958
0.80109
0.7987
0.75208
0.79395
0.35181
-0.17539
-0.56831
-0.74099
-0.82573
-0.60665
-0.12962
0
-0.34365
-1.2421
-1.5376
-1.7462
-1.1892
-0.63527
-0.33787
-0.37907
-0.33603
-0.37702
-0.58492
-0.75006
-0.62343
-0.58037
-0.9097
-1.0312
-1.3989
-2.0112
-2.4159
-2.3694
-2.2009
-1.9112
-1.6635
-1.4575
-1.616
-1.7335
-1.9311
-1.9674
-2.0037
-1.3599
-0.95818
-0.7572
-0.87523
-0.91347
-0.63442
-0.51465
-0.19764
-0.31577
-0.63065
-0.9447
-0.55037
-0.19632
-0.35296
-0.74432
-1.3697
-1.7202
-1.7187
-1.1318
-0.74095
-0.54557
-0.11683
0.27245
0.58353
0.81658
0.73854
0.27201
0.077699
0.46612
1.2429
1.7866
1.7867
1.5538
0.66049
-0.038863
-0.34988
-0.4667
-0.77821
-1.2069
-1.3635
-1.5204
-1.3265
-0.93712
-0.62532
-0.27385
-0.078326
0.15683
0.11776
-0.27514
-0.51166
-1.0248
-0.94736
-0.11861
1.2672
1.8247
2.0664
2.0304
2.1141
2.1982
2.3229
2.2475
2.0513
1.6125
1.4546
1.0531
0.60903
0.20352
-0.57132
-1.1866
-1.6411
-1.6867
-1.6915
-2.0687
-2.0333
-1.748
-1.3359
-0.62812
-0.16802
0.33712
0.93009
1.9087
2.7662
3.1599
3.2135
3.3107
3.3223
3.2042
2.9549
2.2678
1.2694
0.61505
0.44095
0.4426
0.66641
0.62434
0.49243
0.089876
0.045111
0.54343
0.9547
1.2323
1.1455
0.91996
0.6465
0.97357
1.5825
1.542
1.6418
1.2245
0.66191
-0.23732
-0.61944
-0.62185
-0.38416
0.28923
0.82264
1.3601
0.87766
0.24471
-0.1965
-0.54237
-0.44538
-0.54633
-0.69783
-1.1505
-1.0039
-1.1081
-1.5668
-1.7749
-1.4755
-1.174
-1.0241
-0.66775
-0.41218
0.10335
0.41463
0.46779
0.15636
-0.26131
-0.0524
0.10507
0.84263
1.1086
1.217
0.47727
-0.15943
0.053252
0.32014
0.64147
0.6426
0.59004
0.053724
0
0.053877
0.32367
0.10802
0.27033
1.1365
1.2457
1.5177
1.4101
0.97676
0.21715
-0.38012
-0.59743
-0.81473
-0.48882
-0.16291
-0.21716
-0.32561
0.37968
1.6804
2.4375
2.8142
3.0277
2.8084
2.1577
2.0471
2.4745
3.2226
4.0751
4.7102
4.8081
4.3186
3.5646
2.7073
1.9595
1.8491
2.0024
1.9971
1.4675
1.1497
0.62525
0.15583
-0.051779
0.25805
0.15431
-0.25629
-0.15323
-0.40711
-0.2535
-0.050505
0.25154
0.40086
0.34932
0.54666
0.44538
0
-0.39247
-0.048841
0.38896
1.1616
1.927
1.9659
1.8611
1.5197
1.7014
1.599
1.6379
1.3503
0.88024
0.36875
0.18343
0.45623
0.18155
0.54182
0.8534
0.75957
0.4889
0.088422
-0.043977
-0.17498
0.26107
1.1253
1.8082
1.8414
1.8742
2.1185
2.023
2.222
2.2937
2.4061
1.8571
1.1905
0.12252
-0.69072
-0.76803
-0.44239
0.080028
0.23888
0.43578
0.51247
0.58843
0.62462
0.8936
1.1214
1.1546
1.2259
1.1059
1.063
0.9071
1.0913
1.1615
1.0074
1.1518
0.74007
0.22113
-0.29368
-0.073137
-0.14572
-0.21778
-0.28932
0
0.17957
0.39373
0.67787
0.71129
1.1346
1.8736
2.3616
2.2848
1.6476
1.0839
0.13951
-0.13918
-0.13887
0
0.10371
0.34502
0.86095
1.1345
1.1326
0.85673
0.27377
-0.30759
-0.44376
0
0.88571
1.7359
2.2108
2.1754
1.6987
1.4263
1.3241
0.98443
0.67889
0.61105
0.4414
0.10189
0.27183
0.33998
0.71444
1.0214
1.2268
1.2622
0.99042
1.231
1.6437
2.1605
2.6793
3.3377
3.7575
3.6958
3.7381
3.2954
2.7467
2.0912
1.6423
1.1561
0.63237
0.31709
-0.28271
-0.85075
-1.2447
-1.1774
-1.2531
-1.0779
-0.97361
-0.94106
-0.87201
-0.36477
0.293
0.44133
0.6648
0.92735
0.96873
0.78598
0.60162
0.83112
0.91104
1.2588
1.2267
1.0403
0.65837
0.35037
0.27395
0.23608
0.27692
0.31823
0.36
0.36203
0.64729
1.2207
1.4734
1.729
1.6979
1.4581
0.7544
0.084331
-0.25454
-0.89638
-1.3314
-1.6422
-1.8699
-2.3631
-2.2018
-2.3487
-2.5419
-2.7825
-2.7099
-2.4999
-2.1041
-1.381
-0.83387
-0.69931
-0.65684
-0.89707
-1.4729
-1.9124
-1.7801
-1.646
-1.5588
-1.2743
-0.64105
-0.39689
-0.19964
0.30126
0.40406
0.50803
0.45988
0.87365
0.87859
0.72759
0.78386
0.68303
0.84515
0.90269
1.3343
0.8583
0.59301
0.65007
0.92531
1.2577
1.2085
1.1586
0.4987
0.22257
0.1676
-0.16826
-0.84449
-1.2431
-1.1908
-1.3086
-0.85619
-0.40079
0.17227
0.40309
0.23095
0.11576
-0.23206
-0.34885
0.058259
0
-0.99391
-0.93687
-0.46907
0.11741
0.41135
0.4117
0.29427
-0.058884
-0.11781
-0.53022
-0.70695
-1.0602
-1.1187
-1.3535
-1.7054
-1.3513
-0.82169
0.2931
1.1122
1.6949
1.5169
1.1063
1.3946
1.8552
2.5446
2.7111
2.646
1.1471
0
-0.74084
-1.4766
-2.2635
-2.8188
-2.7517
-2.4609
-1.7822
-0.99811
-0.33121
-0.32967
-0.21873
-0.21765
-0.70378
-0.70013
-0.48212
-0.26639
-0.21192
-0.57946
-0.47135
-0.57268
-0.36223
-0.36
-0.91993
-1.5743
-1.7155
-1.3032
-0.79666
-0.44511
-0.098239
0.097562
0
0.5291
1.0507
1.2328
1.0826
0.79437
0.37107
-0.092081
-0.27419
-0.9071
-1.4854
-1.7869
-1.7733
-1.5398
-1.2224
-0.69315
-0.7308
-0.76782
-0.80422
-0.462
0.12502
0.20676
0.28723
0.040716
-0.1212
0.20045
1.0343
1.5001
1.802
1.9049
1.5818
1.0338
0.87401
1.1692
1.4974
1.8579
2.1761
2.1968
1.8538
1.4074
1.2181
0.96048
0.84776
0.73661
0.55735
0.24217
-0.034362
-0.34132
-1.1528
-1.7179
-2.0749
-1.8288
-1.1895
-0.62388
-0.13054
-0.25949
-0.32242
-0.48079
-0.66921
-1.0139
-0.8192
-0.40734
-0.031164
0.37198
0.55506
0.58289
0.48839
0.72898
0.78593
0.60171
0.26952
-0.029812
-0.089042
-0.17732
0
-0.17586
-0.29193
-0.40712
-0.057942
0.34639
0.66156
0.88862
0.79997
0.62653
0.70977
0.90581
0.93144
0.87258
1.151
1.1481
0.86599
0.25084
-0.2781
-0.47179
-0.22159
0.16588
0.52439
0.63376
0.6328
0.96162
1.3445
1.9734
2.5462
2.9541
2.897
2.5399
2.4019
2.0733
2.1816
2.4264
2.4532
2.017
1.2811
0.6543
0.10908
0
0.24564
0.30041
0.21863
0.16411
0.27376
0.24663
0.52125
0.65923
0.60509
0.44069
0.30344
0.33156
0.16607
0.22182
0.58341
0.94647
1.0043
1.2581
1.233
1.0393
0.8166
0.76224
0.93411
1.2773
1.8502
1.9984
1.8612
1.6372
1.6136
1.6478
1.5953
1.5716
1.2851
0.99654
0.73543
0.70864
0.56313
0.41655
0.32857
0
-0.30112
-0.72568
-0.85018
-0.57936
0.061249
0.86124
1.3903
1.5517
1.5587
1.7851
1.5417
1.3593
1.0164
0.51061
-0.12827
-0.64447
-0.84193
-1.204
-1.21
-1.0189
-0.92495
-1.2949
-1.6018
-2.0461
-2.6297
-2.8806
-2.6911
-2.1915
-1.7555
-1.1419
-0.73045
-0.66435
-0.5624
-0.42402
-0.071043
-0.24996
-0.10769
0.072172
0
0.072932
0.32992
0.33164
0.11112
0.26064
0.074853
-0.11286
-0.34032
-0.45608
-0.4966
-0.72947
-0.23152
0.31023
0.85736
1.0574
1.1806
0.71181
0.23841
0.15969
0.080224
-0.32239
-0.36436
-0.32536
-0.040853
0.24621
0.41216
0.37255
0.12472
0.16699
0.62882
0.63139
0.88752
1.2305
1.2353
0.81242
0.12876
-0.17231
-0.3891
0.17355
0.91428
1.6163
1.4464
0.74751
-0.04411
-0.61945
-0.88758
-0.48959
-0.49098
-0.76089
-0.62829
-0.53993
-0.54129
-0.63304
-0.72516
-0.45425
-0.45524
-0.31934
-0.4114
-1.0992
-1.4224
-1.4249
-0.73665
-0.46114
0.36946
0.64748
0.60203
0.37095
0.046423
-0.5112
-1.07
-1.3038
-1.6311
-1.7256
-1.6801
-1.4943
-1.5419
-1.823
-1.4496
-0.84196
0.23393
0.98266
1.4039
1.0763
0.46795
0.32752
0.046779
0.1403
-0.187
-0.23366
-0.51381
-0.51354
-0.32661
-0.69942
-1.1183
-1.5365
-1.2561
-1.1155
-0.69655
-0.37113
-0.46343
-0.55551
-0.83233
-0.6466
-0.64581
-0.73713
-0.82818
-1.0568
-1.6518
-1.7869
-1.6013
-1.5075
-1.2771
-0.72865
-0.31827
-0.36315
-0.36255
-0.95008
-1.8518
-2.6601
-2.8355
-2.7406
-2.6011
-2.2383
-2.1001
-2.3638
-2.1369
-1.8218
-1.774
-2.2576
-2.4742
-2.4695
-2.1127
-1.6693
-1.3592
-1.5316
-2.1401
-2.2668
-2.567
-2.6055
-2.6438
-2.2062
-1.8566
-1.6376
-1.3334
-1.2021
-1.2427
-1.1548
-0.38423
0.25568
1.0209
1.571
1.1443
0.25385
-0.54904
-0.80105
-1.1364
-0.92437
-0.75503
-0.46065
-0.29266
-0.20871
-0.12503
-0.58254
-0.5401
-0.45632
-0.3728
-0.53771
-0.86736
-0.8249
-0.94734
-0.69927
-0.57511
-0.32821
-0.45073
-0.36833
-0.36789
-0.61244
-0.36705
0.20369
0.77321
0.73176
0.69042
0.52746
0.040536
-0.5265
-0.72837
-0.6469
-0.52519
0.1211
0.60508
0.92715
1.2488
1.5701
1.6899
1.5683
1.9292
1.7274
1.2849
0.76261
0.48146
0.44119
0.56133
0.80167
1.082
1.0417
0.92132
0.68088
0.24028
0.040043
0.52053
0.8008
0.88089
0.7608
0.88099
0.72088
0.76103
0.88134
0.7613
0.68132
0.60131
1.0426
1.3237
1.8457
2.0471
1.807
1.3658
0.84397
0.96499
0.76432
0.84521
0.76513
0.64468
0.44348
0.40341
0.60549
0.5655
0.76797
0.88985
1.0524
0.97214
1.1756
1.4199
1.218
1.1783
1.1386
1.0175
0.69247
0.61153
0.44884
0.49008
0.69491
1.6366
2.6619
2.7873
2.6258
2.2587
2.0554
1.975
1.9358
1.6491
0.90789
0.70225
-0.0827
-0.78643
-1.2015
-0.99538
-0.37364
0.12467
0.70718
0.87446
0.66692
0.25035
0.1253
0.041807
0.25109
0.71213
1.1741
0.96536
0.6722
0.54669
0.37884
0.46346
0.67476
1.0975
0.80274
0.59203
0.25395
0.084725
0.72079
1.2731
1.5714
1.4027
1.3613
1.5752
1.6617
1.9614
2.1335
2.3912
2.3929
2.2663
2.0966
1.4985
1.2853
1.4146
1.7157
1.6737
1.7605
1.9332
1.9341
2.193
2.4951
2.6252
2.3679
2.6272
2.6711
2.4996
2.1985
1.9834
1.6389
0.81958
0.69029
0.34519
0.34523
0.51788
0.77685
1.079
0.90633
0.94945
0.86307
0.64723
0.604
0.90585
1.2076
1.4229
1.7242
1.6806
1.2493
0.68902
0.30133
-0.12909
0.17204
1.0747
1.4179
1.2883
0.4721
0
-0.47151
-0.29985
-0.042805
-0.042773
-0.25644
-0.726
-0.46937
-0.3837
-0.042595
0.34045
0.46767
0.12742
-0.38187
-0.84771
-1.5242
-1.6071
-1.2251
-0.46416
0.29502
0.92607
1.4715
1.2596
1.0064
0.58628
0.16728
-0.083524
0.16681
0.41643
0.58215
0.70585
0.99499
1.0762
0.61994
0.5777
0.45318
0.57583
0.65701
1.1478
1.5551
1.3891
1.3867
0.77354
0.081281
-0.16227
-0.040494
0.04042
-0.20173
-0.52352
-1.0049
-1.1635
-1.2814
-1.3589
-1.7551
-2.3091
-2.7019
-3.0931
-3.1265
-2.8833
-2.2074
-1.7703
-1.3741
-0.94032
-0.5083
-0.23412
-0.1947
0.23316
0.23268
0.46439
0.6179
0.46246
0.11538
-0.19189
-0.19149
-0.38218
-0.41952
-0.41864
-0.49373
-0.4169
-0.26474
-0.037742
-0.22598
-0.037585
0.48759
0.86086
1.0832
1.4164
1.6739
1.9674
2.445
2.6619
2.4351
1.3624
0.44096
-0.33006
-0.87841
-1.0593
-0.87495
-0.69131
-0.68997
-0.50742
-0.72349
-0.86654
-0.72075
-0.57552
-0.28723
-0.2867
0
0.14283
0.071286
0
0
0.17728
0.14158
0.17667
0.070551
0
0.24612
0.84247
1.4369
1.9596
2.3408
2.3722
2.0899
1.6695
1.4934
1.3179
1.5585
1.8676
1.9687
1.5177
0.99898
0.72248
0.24053
0.24024
0.54846
0.75326
0.64981
0.51244
0.75078
0.81818
1.0898
1.2248
1.4276
1.4602
1.6286
1.7628
1.5581
1.4215
1.3528
1.1828
0.74297
0.43873
0.20236
0.16854
0.20213
0.43772
0.70673
0.7064
1.1768
1.3108
1.3775
1.0076
0.57083
0.10071
-0.33562
-0.23489
-0.13421
-0.20129
0
0.67088
1.4088
1.9456
2.4154
2.1472
1.6107
1.1746
1.1413
1.0745
0.94043
0.87354
0.90746
1.1096
1.1437
1.3125
1.1448
1.0444
1.1124
0.84323
0.27001
-0.33775
-0.57459
-0.9471
-1.0494
-0.77925
-0.54256
-0.40729
-0.57754
-0.23804
-0.44253
0.034076
0.47759
0.85379
0.88897
0.6504
0.61693
0.30885
0.41234
0.65373
0.82689
0.72454
0.58737
0.44982
0.24258
0.27765
0.76474
1.1837
1.3252
1.4671
1.4696
1.4721
1.4044
1.5476
1.5857
1.3768
1.4147
1.3111
1.3136
1.3873
1.6752
1.7143
1.4672
1.6854
1.7608
1.7285
1.5518
1.3743
0.86986
0.25427
0.07281
0.036487
0.29256
0.29323
0.33065
-0.036824
0
0.073997
0.14835
0.14871
0.074533
-0.074715
-0.29959
-0.22525
0.45162
1.1319
1.6643
1.8202
2.0149
1.7913
1.9105
1.9538
1.8436
1.1937
0.46329
0.23225
0.11643
0.62258
1.0534
1.2517
1.0981
1.1403
1.3799
1.1068
1.0701
1.0729
1.1156
1.0387
1.5621
2.2891
2.5367
2.7048
2.7928
2.6784
2.2785
1.8357
1.1043
0.28703
-0.45221
-0.90674
-0.90905
-0.95278
-0.24918
0.37471
0.45912
0.29289
0.25167
0
-0.21075
0.042252
-0.46589
-1.3585
-2
-2.09
-2.0094
-1.7569
-1.3314
-0.99003
-0.73339
-0.90794
-0.69327
-0.73818
-0.34812
-0.17442
-0.087392
0.21893
0.83359
1.7584
2.2023
2.4713
2.5644
2.392
1.6419
0.80022
0.1336
-0.89223
-1.3853
-1.8352
-2.152
-2.5596
-2.8784
-2.5675
-2.7066
-2.2587
-1.7191
-1.4043
-1.4515
-1.1809
-0.72761
-0.63743
-0.63818
-0.77582
-0.82235
-0.96043
-0.77828
-0.54991
-0.36695
-0.18364
0.045949
0.45986
0.32215
0.4145
0.092175
0.046117
0
0.46172
0.97011
1.1092
1.4796
1.2952
1.018
0.60176
0.13891
-0.41682
-1.2507
-1.4362
-1.529
-1.3438
-1.1585
-1.0195
-1.1121
-1.1583
-0.5096
-0.09264
0.27786
0.2315
0.41658
0.37017
-0.09251
0.092473
0.18487
0.36956
0.6464
0.78449
0.27672
-0.27655
-0.50667
-0.82853
-1.1959
-1.3788
-1.0103
-0.59653
0.045848
0.6871
0.86953
0.64009
0.63946
1.1864
1.5498
2.0034
2.2286
2.3624
2.042
1.9942
1.9465
1.5372
1.5804
1.6234
1.6663
1.2593
1.1228
0.76244
0.17914
-0.17888
-0.40189
0.13376
0.62329
1.7781
2.3523
2.4372
1.8582
1.4135
0.83786
0.3522
0.35161
0.17551
0.17521
0.34982
0.74207
0.65362
0.86995
1.1289
1.0402
0.90854
1.0364
1.8104
2.4095
2.7486
3.0435
2.5671
2.0498
1.5771
1.5315
1.2738
1.229
1.0151
0.5488
0.042134
-0.58872
-0.67151
-1.0053
-1.2541
-1.8358
-2.2485
-2.6596
-2.4055
-1.4487
-0.82619
-0.28859
0.32916
0.41063
-0.040981
-0.89977
-1.3061
-1.6294
-1.1383
-0.68972
-0.56687
-0.8486
-1.4115
-1.5294
-1.446
-1.1225
-0.84016
-0.63885
-1.1158
-1.1931
-1.7067
-2.4163
-2.7673
-2.6435
-2.3627
-2.3187
-1.765
-1.4093
-0.82047
-0.35094
0.19459
0.73801
0.93042
1.3542
1.2358
1.1563
1.0387
0.84474
0.42157
-0.11475
-0.61087
-0.91458
-1.2172
-1.4806
-1.5158
-1.6264
-1.5857
-1.432
-1.2037
-1.0888
-1.0494
-1.1597
-1.9791
-2.3111
-2.6418
-2.2657
-2.0762
-1.5544
-0.62806
-0.03688
0.69949
1.2863
1.4675
1.3917
1.0603
0.83945
0.40079
0.29099
0.14525
0
0
0.14452
0.3607
0.25207
0.17975
-0.10767
-0.3225
-0.78704
-0.35717
-0.035659
0.10681
0.21327
0.6033
0.92123
1.2028
1.3422
1.1285
0.80984
0.73827
-0.56163
