0.99425
0.99527
0.90838
0.11733
-0.44043
-1.2051
-1.5593
-1.8554
-1.4446
-0.73775
-0.059079
0.32526
-0.029598
-1.037
-1.5718
-1.603
-1.5451
-1.4277
-1.3397
-1.1324
-1.5809
-1.8511
-2.3908
-2.0939
-1.3174
-0.77921
-0.38997
-0.36031
0.15027
0.66178
0.3613
-0.45204
-1.6288
-2.2039
-2.5987
-2.6917
-2.3612
-1.6058
-0.33357
0.48562
1.5189
1.9458
2.404
2.4669
1.6765
0.94574
0.8244
0.73341
0.5811
0.3367
0
-0.061319
-0.46027
-0.061418
0.030734
0.39986
-0.12313
-0.40049
-0.8016
-0.6788
-0.64845
-0.64894
-0.89684
-1.207
-1.2079
-1.3638
-1.4268
-1.521
-1.8017
-1.7097
-0.99545
-0.12452
0.37382
0.62347
0.40554
0.031217
-0.56228
-1.0003
-1.0635
-1.2207
-1.4721
-1.6611
-1.6936
-1.2867
-0.97347
-0.81697
-1.2891
-1.7618
-1.1962
-0.81898
0.18911
0.75688
0.85199
0.22101
-0.60024
-1.296
-0.82231
-0.79112
0
0.85535
0.69732
1.2685
0.82498
0.31746
-0.38115
-0.8898
-0.60409
-0.12724
0.35008
0.57313
0.57341
0.60554
0.35074
-0.1914
-1.0851
-1.4048
-1.3735
-0.8628
-0.57544
0.31982
0.47993
-0.16004
-1.0567
-1.4735
-1.3779
-1.0899
-0.67344
-0.70576
0.032092
0.80256
1.6378
2.5057
2.3137
1.8323
0.83602
0.064329
0
1.0621
1.5131
1.8677
1.5461
0.93434
0
-1.2572
-2.3537
-2.9993
-2.4516
-1.4842
-0.32271
0.67784
1.6465
2.2926
2.5837
2.5519
2.3262
1.9388
1.2927
0.80808
0.64655
0.12933
0.16168
0.25872
0.12938
-0.12939
0
0.25883
0.42063
0.29123
0.064722
-0.29127
-0.71203
-0.93863
-1.0358
-0.9387
-0.67976
0.097111
0.61505
1.2301
1.6833
1.8451
2.0393
1.9422
2.0392
1.6184
1.1004
0.84147
1.1003
1.1973
1.0678
1.3913
1.0029
1.4881
1.5526
1.7788
1.7139
1.5844
1.7135
1.3254
1.3898
1.6804
2.0356
2.6814
2.6486
3.2294
2.9382
2.7117
2.1624
2.0006
2.1938
2.5481
2.6765
2.3535
2.514
2.7712
3.0282
2.5121
1.3845
0.8369
0.41833
0.99727
1.4151
1.5432
1.2213
1.0924
0.80299
0.22476
0.12839
0.16043
0.28868
0.51302
0.51283
0.35244
0.16014
0.096045
0
0.095968
-0.19186
0.12785
0.095848
0.12774
0.19153
0.51052
0.92491
1.052
0.54169
0.031849
-0.31834
-0.47728
-0.34984
-0.95363
-1.6521
-1.8101
-1.9361
-1.8082
-1.617
-1.2676
-0.7918
-0.18993
0
-0.18972
-0.82165
-0.82118
-0.82071
-0.37857
0.063058
0.72473
0.88176
0.62944
0.28308
-0.34577
-1.3194
-1.4441
-1.0354
-0.50167
-0.34467
-0.15657
-0.37551
-0.28145
-0.62502
-0.74952
-0.78022
-0.53019
-0.031166
0.49831
0.40459
0.1866
0.15539
-0.2795
-0.43447
-0.21707
0.30988
0.46447
0.27848
0.58745
0.95775
1.451
1.9434
1.572
1.4476
1.4157
1.4454
1.4749
0.98251
1.5033
1.7473
2.7567
2.6626
2.9051
3.0554
3.3582
3.3859
2.6516
1.8272
1.4605
1.9457
2.3389
1.9727
1.5161
1.0301
0.84756
0.75609
0.5439
-0.090571
-0.48261
-0.21096
0.48175
1.113
1.3525
2.102
2.1
1.9183
1.1978
0.77787
-0.02989
-0.2389
-0.41769
0.14903
0.77425
1.6958
1.4861
1.1284
0.53399
0.32602
0.059219
-0.17749
-0.73881
-0.91523
-0.97334
-0.73666
-0.64763
-0.94108
-0.88139
-0.058702
0.41051
0.61515
0.38043
-0.029235
-0.46729
-0.26258
0.08744
0.61147
0.4945
0.494
0.26126
0.174
-0.34764
-1.0419
-1.5612
-2.0506
-0.92327
0.28822
1.7852
1.9559
1.6091
0.8037
0
0.37237
0.65813
1.1434
1.5991
1.9112
1.8237
1.7364
1.9905
1.7896
1.6458
0.737
-0.084949
-0.39601
-0.33908
0.28227
1.3816
1.6337
1.9696
1.7989
1.6004
1.5146
1.2328
0.95161
0.61509
0.47479
0.083698
-0.66887
-1.3085
-1.168
-0.7223
-0.16651
0.44355
0.91384
0.8852
0.55266
0.41406
0.055149
0.13772
0.11006
0.32984
0.60406
1.2068
1.6439
1.6969
1.2303
0.68279
-0.027283
-0.84486
-1.334
-1.251
-1.2497
-0.97698
-0.78618
-0.73119
-0.43284
0.081072
0.72888
0.91688
0.75429
0.61894
0.86023
1.2621
1.234
1.1791
0.45509
0.26742
0.16029
0.13343
-0.50652
-0.63916
-0.74491
-0.29234
0.18584
0.34478
0.58288
0.13234
0.18508
0.18489
0.23748
0.34268
0.21066
-0.28937
-0.76212
-0.81385
-0.26227
0.1048
0.23557
0.52297
0.78367
1.07
0.91247
0.80739
0.52038
0.75382
0.98679
1.1934
1.1145
1.1911
0.82776
0.54269
0.18072
0.23214
0.36075
0.28318
0.33435
0.4882
0.66744
1.231
1.3836
1.5359
1.1509
1.0731
0.43397
0.33155
0
0.43278
0.30521
0.2287
0.63471
1.0654
1.2925
1.1141
0.98662
0.96048
1.3384
1.5644
1.8655
1.5113
1.0318
0.60347
0.75369
1.23
1.5299
1.1527
0.62596
0.27519
0.47494
0.37465
0.2246
-0.024936
0.49831
0.84644
1.1443
0.89481
0.29803
0.049633
-0.074391
-0.074334
-0.12379
-0.14844
-0.14833
-0.14821
0.049367
0.098661
0.49294
0.19703
0.073832
-0.049186
0.073725
0.54026
1.4479
2.0599
2.23
2.5468
2.1535
1.7852
1.393
1.392
2.0744
3.0242
3.924
4.3355
4.4544
4.0624
3.5736
2.7453
2.5251
2.6691
2.91
2.6901
1.9376
1.5734
1.7902
2.5628
3.1412
3.1153
2.3653
1.5438
0.69916
-0.21686
-0.67431
-0.40918
0.28868
0.91367
1.9466
2.1377
1.8245
0.9598
-0.40771
-1.7739
-2.7793
-3.1612
-2.5373
-1.6509
-1.0283
-0.69322
-0.97963
-1.8629
-2.7692
-3.126
-3.4348
-3.0042
-2.8838
-2.3347
-1.8813
-0.97599
-0.38073
-0.3568
-0.97489
-1.9253
-2.2573
-2.494
-2.5406
-2.967
-3.5118
-4.1274
-3.3673
-2.5365
-1.3271
-0.47384
-0.97108
-1.1366
-1.3256
-0.89928
-0.54416
-0.30749
-0.37835
-0.78016
-1.0163
-1.2051
-0.89775
-0.75584
-0.61399
-0.49582
-0.68456
-0.96765
-1.6282
-1.7459
-1.8399
-1.0613
-0.66028
-0.70734
-1.5088
-1.5557
-1.2491
-0.54201
-0.32988
-0.25916
-0.023558
0.070668
-0.023554
-0.18842
-0.77716
-1.2245
-1.4128
-1.7189
-1.5775
-1.0595
-0.61214
-0.30606
-0.30606
0.09417
-0.14126
-0.14126
-0.47086
-0.58858
-0.8005
-0.51798
-0.11773
0.11773
-0.070644
0.25904
0.51812
0.65948
0.58887
0.37691
0.23559
-0.11781
0
-0.023567
0.49496
0.75433
1.3203
1.6977
1.6744
1.4388
0.70772
0
-0.094396
0.18883
0.5902
0.7556
0.61405
0.023622
-0.40167
-0.61446
-0.35458
-0.6384
-0.63855
-0.54409
-0.61522
-0.82841
-1.2548
-0.99464
-0.97124
-0.66348
-0.90071
-1.4463
-2.0634
-2.3963
-2.4683
-2.3266
-1.995
-1.568
-1.3071
-1.0936
-0.99892
-1.1183
-1.1187
-0.88101
-0.23821
0.33362
0.1192
-0.3816
-0.40562
-0.50128
-0.42985
-0.5495
-0.78877
-0.66956
-0.31101
-0.19148
-0.21552
-0.2875
-0.02397
0.14389
0.47988
0.45611
0.19215
-0.26434
-0.60109
-0.36085
0.16849
0.38532
0.48192
0.21698
-0.50658
-1.231
-1.3766
-1.3532
-0.96717
-0.82258
-0.84729
-0.53291
-0.31509
-0.38805
-0.46109
-0.70422
-0.43738
-0.58355
-0.38929
-0.21912
0.073088
-0.36569
-1.049
-1.4647
-1.9299
-1.8579
-1.957
-1.4688
-1.2739
-0.4903
0.12266
0.24551
-0.14741
-0.17211
-0.31987
-0.46785
-0.73927
-0.8878
-0.39488
-0.46928
-0.39549
-0.24738
-0.1733
-0.12388
-0.099187
-0.52115
-0.74511
-0.44743
-0.34829
-0.099593
-0.37378
-0.54868
-0.49922
0.099928
0.40005
0.70069
0.57607
0.22561
0.70252
0.65292
0.40215
0.025157
-0.78055
-1.1341
-0.93331
-0.4797
0.15162
0.60705
1.0127
1.267
1.1667
0.99013
0.71153
0.38154
-0.22914
0.025484
-0.22958
-0.20427
-0.58784
-0.66516
-0.6402
0.1538
0.71843
0.97598
0.69415
0.4375
0.69554
0.69624
1.6004
2.403
3.0263
2.7704
2.7992
2.4389
2.4414
2.0279
2.1342
2.0322
2.243
2.5586
2.7704
2.9304
2.8025
2.3336
1.9948
1.5503
1.5257
1.2903
1.0808
0.92367
1.2946
1.5869
1.6681
1.3253
1.1411
1.1423
1.25
1.491
1.2261
0.77386
0.26715
-0.05349
-0.3213
-0.24125
0.18785
0.806
1.0221
1.3195
1.0514
0.64777
0.51341
0.86569
1.0292
1.1117
1.0316
0.95127
0.59864
0.35416
0.19092
0.16384
0.19137
0.68429
0.87693
1.0975
0.32963
0.33002
0.055069
0.71676
0.93842
1.1053
1.0237
0.88641
0.88748
0.52757
0.22241
0.58452
0.89178
1.0603
0.81014
1.0069
1.4562
2.3272
3.0318
3.4571
2.7297
2.3104
1.3823
0.70612
0.25452
-0.14157
-0.56699
-0.56769
-0.19894
0.17073
0
-0.05705
0
-0.028596
0.37221
0.48734
0.43054
0.028738
-0.25896
-0.20167
-0.14423
-0.20217
0.086752
0.17372
0.49282
0.1161
0
-0.23279
-0.55356
-1.021
-1.7232
-2.0763
-1.874
-1.4365
-1.0567
-1.0581
-0.97111
-0.73661
-0.47202
-0.029538
0.088725
-0.38496
-0.59298
-0.89058
-0.80253
-1.0416
-1.3707
-1.5812
-2.4495
-2.3927
-2.0663
-1.4692
-1.2009
-1.2324
-1.3543
-1.2053
-1.0258
-0.30209
-0.3932
-0.63596
-0.78835
-0.63754
-0.21278
0.27391
0.48755
0.15255
-0.67204
-0.67287
-0.61245
-0.33726
0.33768
0.8606
1.2925
0.95515
0.61698
-0.21621
-0.83496
-1.0837
-0.961
-0.34142
0
0.59116
0.68533
1.1228
1.4677
1.4694
1.2521
0.97154
1.2237
0.87963
0.69197
0.50385
0.40987
0.63132
0.97971
1.2024
1.3939
0.85634
0.31754
0.095374
-0.31829
-0.095598
0.35094
1.2457
1.8547
2.017
2.1475
2.2142
2.3774
2.6375
2.0609
1.0961
-0.58097
-0.7432
-0.8411
0.38864
1.686
2.2722
2.0473
1.7568
1.368
1.076
0.48966
0.26144
0.032717
-0.032753
0
-0.098477
-0.55865
-0.49347
-0.32934
-0.19782
-0.5281
-0.39651
-0.033078
0.69539
1.0939
2.3561
2.5912
2.6272
2.397
1.3664
0.73396
-0.23378
-0.26746
-0.033467
0.50253
1.7775
2.4172
2.2852
1.3793
0.74085
0.37081
0.67488
0.74312
0.37193
-0.44
-0.94864
-1.1531
-1.4597
-0.67962
-0.068029
0.68096
0.10224
-0.20469
-1.0244
-1.5039
-0.99218
-0.4452
0.10284
-0.10293
-0.58384
-0.51564
-0.30967
0.20664
0.34472
0.41404
0.5871
0.93331
1.1417
0.86574
0.55457
0.58976
0.69446
0.83409
0.93918
0.62667
0.069691
-0.45338
-0.5934
-0.4891
-0.41959
0.20997
0.66547
1.3671
1.684
2.2472
3.0222
3.0247
3.2735
2.9239
1.9744
1.5525
1.0594
0.9542
0.81348
1.0973
0.67305
0.60267
0.21287
0.31955
0.67512
0.9601
1.3167
0.81908
0.14255
-0.64196
-0.49967
-0.53574
-0.89354
-1.6811
-2.4697
-2.8296
-2.1864
-1.1836
-0.28713
0.35916
0.93445
1.3307
0.9357
0.57619
0.39639
-0.28847
-0.10825
-0.14442
0.18064
0.18075
0.5426
0.54293
0.68813
0.8335
1.0153
1.161
0.72608
0.61753
-0.14538
-0.1091
-0.36387
0.14563
0.40071
0.32803
0.61995
1.5325
2.738
3.9083
4.5681
4.022
3.2193
2.5621
1.9774
1.2823
1.0997
0.73345
0.29352
0.036707
0.25707
0.91853
1.6541
1.8019
1.9131
1.6563
1.5465
1.2525
1.1425
1.4747
1.7704
2.3615
1.9564
1.1817
0.40635
-0.29564
-0.51756
-0.92456
-1.4058
-2.4426
-2.4434
-2.148
-1.0373
-0.55588
-0.77849
-1.0754
-1.7434
-1.8553
-1.9301
-2.0791
-2.2654
-2.2661
-1.9694
-2.0443
-2.4166
-2.9007
-2.5294
-2.4557
-1.898
-1.824
-2.3457
-2.2717
-1.639
-0.70788
0.11179
0.6709
0.85742
0.33558
0.55939
1.0444
1.9026
1.9775
1.8286
0.8211
-0.44794
-1.68
-1.8669
-1.307
-0.26143
0.037352
0.11207
-0.82191
-1.5319
-1.4573
-1.009
-0.78482
-0.56062
-1.2708
-1.6073
-1.7569
-1.3832
-1.458
-1.4954
-1.4581
-1.159
-0.59821
-0.37389
0.074778
0.11217
0.78516
1.159
1.3459
1.2711
0.78509
0.71029
0.48596
0.59808
1.1213
1.2708
0.37373
-0.26159
-1.4947
-2.3539
-2.8394
-2.3161
-1.6062
-1.0831
-0.18672
0
0.074669
-0.41063
-0.63451
-0.93297
-1.0448
-0.89537
-0.55951
-0.59671
0.48474
1.2303
1.9755
1.677
1.4531
0.89403
0.59589
0
0
-0.037218
-0.18605
0
-0.037191
0
0
-0.074324
-0.037152
-0.25999
0.074261
0.33408
0.51952
-0.11129
-0.89007
-1.7054
-1.9273
-1.3338
-1.0371
-0.37026
-0.074026
0.296
-0.11096
-0.14789
0.03696
-0.11084
-0.33239
-0.59069
-0.47974
-0.332
0
0.92147
1.9159
2.0992
2.2456
1.5455
0.99308
0.33088
0.55122
1.1387
1.542
2.0183
2.0908
1.7965
1.9055
1.9412
2.526
2.6345
3.0721
3.2898
3.5804
3.3229
2.4087
1.4226
0.43749
0.2915
-0.072835
0.072794
0.10913
2.1087
3.9969
5.4108
5.5891
5.0418
3.9513
2.8983
2.1362
1.5921
1.0125
1.1203
0.72235
0.86627
0.72143
-0.036048
-0.82858
-1.5121
-1.5111
-0.97076
-0.39523
0.25134
1.22
1.1833
1.505
1.3607
0.78721
0.32181
-0.25012
-0.32136
0.035681
0.60613
0.71257
1.1037
0.42691
0.49769
0.4618
0.42595
0.4611
0.28353
0.035415
-0.24771
0.24752
0.88329
0.63547
0.17638
-0.17624
0.66916
1.2317
1.7581
1.4405
0.52656
0.4209
0.24532
0.35016
0.069974
0.034957
-0.13971
-0.52346
-0.41841
-0.55739
-0.66133
-0.90418
-0.3822
0.06943
0.79773
1.2822
1.558
1.3144
0.82942
0.24169
-0.034496
-0.44803
-0.55092
-0.4816
-0.24058
0.068672
0.034303
0.068542
-0.13695
-0.47888
-0.92266
-0.78521
-0.23875
0.78369
1.0212
0.47609
-0.5096
-1.12
-2.0683
-2.371
-2.7409
-2.5015
-2.1275
-1.4844
-0.50552
-0.47134
-0.53812
-0.77275
-0.87264
-0.8382
-1.3732
-1.3049
-1.7046
-0.76792
0.13341
0.79961
0.43266
0.23272
-0.33211
-0.7962
-1.657
-2.7807
-3.6043
-3.4683
-2.3097
-0.85693
-0.26338
-0.26309
-0.88695
-1.0828
-1.2455
-1.3751
-1.9622
-2.1233
-1.762
-0.65186
0.032556
-0.22763
-0.22737
-1.0382
-1.4907
-1.6509
-1.3257
-1.2595
-1.3548
-1.4821
-1.3517
-1.4787
-1.5091
-1.4752
-1.3774
-1.4398
-1.438
-1.0852
-0.25505
0.28658
0.76331
-0.063533
-0.60284
-1.3944
-1.361
-0.9168
0.063151
0.72535
0.81897
0.62921
0.43991
0.50214
0.81497
0.72005
0.37521
0.062459
0.093572
0.49843
0.96451
1.5537
1.8932
2.4488
1.8265
1.9479
1.5749
1.4804
0.77008
0.36917
-0.1229
0
0.15324
0.64279
0.45855
-0.21372
-0.33541
-0.060906
0.33456
0.39488
0.57639
0.96951
1.2103
0.96701
0.75451
0.57268
0.51174
0.69145
0.78063
0.62969
0.74866
0.44861
0.29868
0.56676
1.4895
1.9636
2.4364
2.5223
2.0448
1.1838
0.32512
0.26566
0.20635
0.47104
0.52922
0.67534
0.85039
0.9664
1.2283
1.1683
1.3126
1.3691
1.1636
0.92968
1.1315
1.2749
1.5336
1.5605
2.049
2.0175
1.986
1.9259
2.239
1.978
1.6605
0.85772
0.68525
0.028514
0.1139
-0.028438
0.53959
1.0494
1.3029
1.6405
1.2146
1.4105
1.155
0.70333
0.53382
-0.056115
0.16812
0.13991
0.86628
1.0605
0.641
-0.027832
-0.63927
-0.61065
-0.66527
-0.41523
-0.19351
-0.46933
-0.82711
-1.1013
-1.1823
-1.1258
-0.95978
-0.98587
-0.92985
-0.76473
-0.40912
-0.3541
-0.54403
-0.6248
-0.89524
-0.62312
-0.78461
-0.64846
-0.80949
-0.72756
-0.29602
0.1075
0.37574
0.26803
-0.2409
-0.85538
-1.3881
-1.4663
-1.8104
-1.6485
-1.6197
-1.5115
-1.8537
-1.8248
-1.347
-0.84403
-0.92193
-1.1575
-1.3924
-1.2593
-1.1529
-0.96816
-0.83622
-0.88731
-0.65157
-0.65071
-1.0398
-1.3239
-1.5296
-1.3981
-1.4221
-1.4203
-1.0316
-0.84993
-0.30866
0.23119
0.2822
0.25621
0.17911
0.20443
0.076562
0.050975
0.61091
1.1694
1.701
2.4341
2.4563
2.4026
2.1974
2.1693
1.9902
1.9122
2.0354
2.1331
1.9299
1.7522
1.6
1.5979
1.6458
1.818
1.7411
1.5898
1.3893
1.1398
0.34646
-0.024716
-0.27153
0.27119
0.71406
1.0083
0.95789
0.53967
0.539
0.66068
0.46435
0.2685
-0.097515
0.14609
0.17023
0.26718
0.21833
0.19383
0.096799
-0.2417
-0.36211
-1.085
-1.5172
-1.7318
-1.5135
-1.0318
-0.071898
0.4548
0.54989
0.38208
0.19081
-0.19058
-0.4283
-0.83182
-0.87831
-0.75872
-0.2605
0.11827
0.16539
0.68437
0.87214
0.72986
0.72901
0.68119
0.96194
1.3124
1.7322
2.4316
2.3121
1.8429
1.3282
0.9077
0.48821
0.58054
0.78864
1.2048
1.5275
1.4333
1.8704
1.8914
1.9584
2.0023
2.0001
1.8371
1.8351
1.6498
1.1444
1.006
1.0049
1.3232
1.2762
1.3431
1.4781
1.522
1.5884
1.4507
1.2227
0.85953
0.76824
0.81258
0.74408
0.67573
0.38252
0.2023
-0.022454
0.044862
0.2689
0.53724
0.91684
1.0946
1.2497
0.66882
0.40089
0.15574
0.22227
0.33307
0.31055
0.19944
-0.13283
-0.2654
-0.61866
-0.79464
-0.77182
-0.02203
0.50621
1.1214
1.4718
1.207
0.89892
0.043808
-0.96286
-1.9458
-2.49
-2.5095
-1.8531
-1.394
-0.73987
-0.23915
-0.36926
-0.60763
-0.95398
-0.64985
-0.2597
-0.043245
-0.10802
-0.88494
-1.5095
-1.8314
-1.8513
-1.8497
-1.9985
-2.2329
-1.8019
-1.4575
-0.62103
-0.12838
0
0.1068
-0.42684
-1.0022
-1.5128
-1.767
-1.7017
-1.6365
-1.1255
-0.91241
-0.89046
-1.1863
-1.2489
-1.1633
-1.268
-1.0769
-0.8229
-0.48492
-0.48454
-0.46311
-0.58896
-0.65156
-0.37803
0.020986
0.23067
0.25145
0.062815
-0.23015
-0.083629
-0.39694
-0.7933
-1.4603
-1.8761
-1.6873
-1.5196
-0.87364
-0.51965
-0.60237
-0.60195
-0.68449
-0.72547
-1.3257
-1.5938
-1.2411
-1.0129
-0.47511
-0.55737
-0.53636
-0.82463
-1.0507
-1.4618
-1.6254
-1.83
-1.6233
-1.2937
-0.94403
-0.75885
-0.36894
-0.26629
-0.30706
-0.020458
0.040892
-0.1226
-0.57179
-0.61227
-0.57111
-0.46885
-0.28522
-0.18325
0.020349
0.40674
0.63009
0.69068
0.22333
-0.26379
-0.97344
-1.5404
-2.0258
-1.6197
-1.2546
-0.76855
-0.12129
0.62631
1.3327
1.9779
1.7348
0.90728
-0.080606
-0.70495
-0.96631
-0.94571
-0.56312
-0.16081
0.28129
0.78322
1.4653
1.7455
1.8049
1.3029
0.78139
-0.24032
-1.4413
-2.2009
-2.22
-1.7192
-1.099
-0.69908
-0.57899
-0.37918
-0.059845
0.079761
0.15946
-0.17932
-0.77672
-1.4334
-2.0895
-2.2677
-2.3862
-2.1467
-1.5101
-1.0924
-0.47652
-0.11909
0.15872
0.4165
0.039653
-0.33693
-1.0501
-1.8816
-2.6135
-2.8303
-2.8294
-2.3933
-1.7994
-0.86975
-0.47426
-0.13828
0.11849
0.11846
0.098685
0.21704
0.25643
0.059159
-0.74914
-1.5767
-2.0689
-2.1668
-1.9102
-1.8113
-1.7518
-1.5152
-1.2787
-1.1801
-1.0618
-0.82566
-0.47169
-0.23579
-0.43219
-0.45173
-0.80509
-1.0012
-0.94215
-0.70646
-0.2943
-0.039232
0.13729
0
-0.03921
-0.039203
-0.078392
-0.3527
-0.68569
-0.62681
-0.99882
-0.76368
-0.74399
-0.35236
-0.31316
-0.15656
0.15654
0.11739
-0.11737
-0.68458
-1.1343
-1.4079
-1.3882
-1.3294
-1.3097
-1.4073
-1.0945
-0.66444
-0.56667
-0.37123
-0.74241
-0.99631
-0.89856
-0.91803
-0.70312
-0.76166
-0.5468
-0.64441
-0.78105
-0.76149
-0.83955
-0.91761
-1.1518
-0.95658
-0.8199
-0.60515
-0.48801
-0.17568
0.13664
0.64414
1.3078
1.4444
1.3663
0.95644
0.99549
0.97598
0.93695
0.8784
0.52705
0.19521
-0.21474
-0.5271
-0.2538
0.17571
0.74193
0.74196
0.56626
0.48818
0.78114
0.62495
0.58593
0.48831
0.66415
1.1526
1.5434
1.9734
1.9736
1.9346
1.6417
1.3682
0.93829
0.97748
1.1731
1.447
1.7014
1.5451
1.4671
1.0956
0.99787
0.76318
0.56757
0.27404
0.27408
0.25454
0.25458
0.25462
0.23507
0.15674
0.078382
0.31358
0.41165
0.80383
0.92163
0.72567
0.37271
0.078481
0.27474
0.27479
0.4319
0.19636
-0.01964
-0.39288
-0.43226
-0.51097
-0.57005
-0.55052
-0.17699
0.3344
0.76733
0.88559
1.0236
0.80727
0.53175
0.65008
0.65025
0.92635
1.1829
1.2029
1.1835
1.2825
1.3223
1.1055
0.92813
0.69136
0.79035
0.86964
0.88967
0.94927
0.90999
0.75196
0.96994
0.91084
1.0102
0.75291
0.93154
0.79306
0.59499
0.41663
0.49616
1.211
1.6285
1.9469
1.9476
1.8489
1.9888
2.0691
2.0101
1.752
1.5535
1.4346
0.97666
0.81752
0.57846
0.55873
0.75858
1.4379
1.838
2.2784
2.3993
1.9202
1.2807
0.72068
1.0614
1.122
1.4231
1.2633
0.9228
0.48167
0.24094
0.60261
0.46221
0.96503
1.3677
1.8111
2.0937
1.8731
1.5314
1.1894
1.2505
1.3923
1.3324
1.1109
0.78808
0.80867
0.80906
1.0523
1.2755
1.2356
1.0336
1.0138
1.1158
1.1975
1.2387
1.3206
1.4839
1.566
1.6483
1.7102
1.5481
1.6916
1.8556
1.9382
2.0005
2.2058
2.391
2.3718
2.5163
2.4768
2.7034
2.3566
2.1324
1.7848
1.5805
1.3555
1.2741
0.82247
0.67893
0.78225
0.90629
1.0305
1.0723
1.1349
1.0117
0.97095
1.0335
1.1789
1.0348
0.84904
0.82884
0.74641
0.93359
1.204
1.3086
1.1224
0.99831
1.1862
1.2703
1.6045
1.6055
1.3353
0.98125
0.60584
0.50171
0.64847
0.79542
0.98445
0.9851
1.0067
1.0704
1.1761
1.1979
1.1987
1.5993
1.5162
1.2854
0.96998
0.25321
-0.31673
-0.44373
-0.25374
0.35971
0.23292
0.46616
0.33926
0.19097
0.23357
0.16999
0.2339
0.063838
0.3833
0.68191
0.76771
1.0457
0.66204
0.72664
0.38497
0.81332
0.70682
0.72878
0.085802
-0.23613
-0.81634
-0.92444
-0.90362
-0.60287
-0.4094
-0.15094
0.25896
0.5831
0.73484
0.88681
0.95243
1.0615
0.93222
1.0848
0.62968
0.30422
-0.34796
-0.87057
-0.87126
-0.23978
0.43632
0.63316
0.32776
0.043736
0.043771
0.30664
0.96451
1.4041
1.3832
0.79106
0.13195
-0.44019
-0.793
-1.0802
-0.94875
-0.46372
0.0442
0.70779
0.75265
0.8419
0.95347
1.3093
1.1105
1.0226
1.0012
0.64574
-0.11143
-0.91449
-1.3617
-1.1842
-0.8721
-0.35809
-0.4032
-0.4708
-0.65072
-0.60636
-0.2922
0.089987
-0.18013
-0.72114
-1.4661
-1.6706
-1.7172
-1.2664
-0.79221
0.022654
0.52151
0.61275
0.84044
0.68204
0.34132
0.15943
-0.068387
-0.29661
-0.2512
-0.47999
-0.73208
-1.0991
-1.1688
-0.5276
0.25256
0.78135
0.98908
0.52952
0
-0.53049
-0.808
-1.502
-1.7115
-1.389
-1.089
-0.25511
-0.023214
0.58087
1.1163
1.3036
1.4213
1.236
0.56023
-0.16355
-0.84192
-1.4513
-1.7339
-1.7355
-1.6902
-1.9032
-1.8109
-2.6131
-3.1339
-3.6322
-3.3051
-2.7175
-2.5545
-2.6043
-3.2703
-3.7953
-4.1788
-4.3966
-4.1868
-3.6907
-2.7409
-1.9086
-0.97907
-0.62147
-0.59814
-0.91006
-1.4383
-1.7516
-2.0416
-2.332
-2.599
-2.457
-2.4594
-2.3411
-1.9568
-1.8137
-1.6218
-1.4538
-1.1399
-0.89823
-0.70471
-0.36486
-0.17044
-0.51181
-1.049
-1.4408
-1.7355
-1.7861
-1.494
-0.95612
-0.68712
-0.71236
-0.98353
-1.083
-1.1579
-0.64119
-0.59246
0.04942
0.22261
0.74277
0.71872
0.5954
0.69532
0.22372
-0.024882
-0.29888
-0.27425
-0.69878
-0.72445
-0.62515
-0.80099
-0.72662
-0.075242
0.4268
1.0555
0.98108
0.75543
0.12603
-0.37847
-0.60615
-0.63204
-0.27837
0.32932
1.1918
1.8529
1.804
1.526
0.94197
0.050968
-0.15306
0
0.15336
0.30703
0.51224
0.56402
0.87254
0.69359
0.41143
0
-0.41225
-0.36108
-0.77451
-1.0596
-0.95714
-0.64736
-0.54433
-0.44108
-0.59736
-0.59795
-0.70264
-0.44285
-0.33898
-0.10441
-0.078383
-0.026154
0
-0.18344
-0.41971
-0.8665
-1.4982
-1.8943
-1.8962
-1.4763
-0.97636
-0.47546
-0.55525
-0.66166
-0.58284
-0.74252
-1.0087
-1.6474
-2.2874
-2.6357
-2.8249
-2.2674
-1.2016
-0.21383
0.24079
0.21425
-0.26807
-1.127
-1.6384
-1.9626
-1.8569
-1.5085
-1.1325
-1.2685
-1.2968
-0.9465
-0.51431
-0.37933
-0.027121
0.054295
0.24456
-0.0816
-0.5173
-0.70856
-1.0366
-0.54609
-0.30064
-0.027357
-0.24645
-0.68523
-0.8505
-1.1259
-0.90709
-0.52276
-0.33048
-0.55131
-1.49
-2.0989
-2.4879
-2.4626
-2.188
-2.0237
-1.6094
-1.1665
-0.75058
-0.75128
-0.58487
0.19514
1.1719
1.8991
2.432
2.1544
1.9884
1.6819
1.459
1.2356
0.81513
0.78774
0.50686
0.16911
-0.02821
0.14118
0.16956
-0.198
-0.11325
0.028337
-0.11345
-0.31226
-0.48301
-0.93844
-1.11
-1.111
-1.0835
-0.59929
-0.37132
-0.42881
-0.62947
-0.77321
-0.74521
-1.004
-0.91877
-0.34483
0.43141
1.1514
1.7574
2.1914
1.9047
1.3575
0.086721
-0.14466
-0.72389
-0.78245
-0.7831
-0.98694
-0.46483
-0.20353
0.46559
0.11649
0.058294
0.35005
0.96341
1.5193
2.0176
2.3997
2.6066
2.5208
2.1707
1.9082
1.1752
1.1761
1.0299
1.0602
1.1199
1.4158
1.5644
1.7429
1.8329
1.5976
1.3916
1.363
1.4826
1.3057
1.5739
1.367
1.9331
2.1131
1.9657
1.9671
1.5212
1.373
1.0156
0.26902
-0.29912
-0.29933
0.50922
1.1091
1.3198
1.5309
1.3817
1.2925
0.60157
0
-1.1445
-1.6577
-1.7191
-1.2977
-1.0872
-0.42307
-0.1512
0.54466
1.3928
1.9694
2.3041
2.3359
2.4588
2.6122
1.9756
1.6727
1.4911
1.7661
1.7671
2.195
2.5319
2.2587
1.8019
1.1612
1.4677
1.805
2.3265
2.6647
2.2678
1.7172
1.1965
0.73674
0.39929
0.24585
0.49197
0.61529
1.5083
2.4946
2.9581
3.0213
2.7452
2.0368
0.24701
-0.52516
-1.4217
-0.64938
0.2475
1.0833
1.2697
1.2703
1.3329
1.2094
1.148
0.49664
0.4037
-0.093204
-0.87029
-1.0883
-0.65329
0.49796
1.8059
2.7722
3.3343
3.211
2.3702
1.1544
0.46818
0.062449
0.18742
0.093746
-0.062521
0.093816
0.90723
1.4396
1.6279
1.7225
1.2531
0.75214
0.65835
0.78401
1.2235
1.4121
1.0673
0.34541
-0.72245
-0.94261
-1.0058
-0.81742
-0.53462
-0.062915
0
0.031475
-0.22038
-0.28343
-0.063
0.063016
0.56729
0.72504
0.91441
1.1354
1.4827
1.5145
1.1362
0.7576
0.22101
-0.09474
0.2211
-0.34752
-0.88475
-1.6434
-1.296
-1.3595
-1.0435
-1.2018
-1.3285
-1.6451
-1.8984
-1.519
-1.5192
-1.2345
-0.94972
-1.1715
-1.0449
-0.82338
-0.50675
-0.53848
-0.79195
-1.0772
-0.85546
-0.95059
-0.72884
-0.76058
-0.60216
-0.22186
0.22187
0.79245
1.2046
1.5533
1.5851
1.0462
0.063406
-0.31703
-0.34874
-0.57067
-0.31704
0.031704
0.38044
0.79257
0.72915
0.95104
0.76081
1.2363
1.046
0.76071
0.25356
-0.063386
-0.63382
-0.8239
-1.2674
-1.3307
-1.2039
-0.88699
-0.57015
-0.2217
-0.88672
-0.91828
-0.72821
-0.28492
0.22157
0.44309
0.98099
1.234
2.0563
1.9927
1.8343
1.5494
1.0433
1.1063
1.1693
1.6431
1.7375
1.832
2.2737
2.7784
2.5568
2.2091
2.114
1.9558
1.5138
0.85131
0.34675
0.34666
0.53561
0.66147
0.85023
0.69259
1.2904
1.353
0.9122
0.094338
-0.50299
-0.56569
-0.94253
-0.72238
-0.69076
0.43943
1.3179
1.5056
1.1289
0.4075
0.40736
0.56384
0.09394
-0.062604
-0.43807
-1.0948
-1.407
-1.469
-1.156
-0.65585
-0.31219
-0.062413
-0.4991
-1.4031
-1.9324
-1.9005
-1.5259
-0.87159
0
0.68423
1.2435
1.3672
0.9939
0.77613
0.62062
0.71338
0.46503
-0.030987
-0.15486
-0.15479
-0.3713
-0.30927
-0.30911
-0.40165
0
-0.030864
-0.46273
-1.1408
-1.6641
-1.6632
-1.6931
-1.7537
-1.5375
-1.1064
-0.52218
-0.42979
-0.36818
-1.1959
-1.3791
-1.7765
-1.9286
-1.7745
-1.4065
-0.70284
-0.27486
-0.091565
0.30503
0.45727
0.30466
-0.030448
-0.48686
-0.39533
-0.51664
-0.15186
-0.33388
-0.78866
-0.81847
-0.78765
-0.51467
-0.15127
0.75587
1.3899
1.2984
1.207
0.90463
1.0848
0.99375
0.81251
0.63152
0.96165
2.0121
2.4908
2.3691
1.5583
0.4492
-0.83791
-1.884
-2.0021
-1.9111
-0.86535
-0.328
1.1323
1.9353
2.2612
2.3784
2.1687
1.9296
1.2459
0.74105
-0.1481
-0.38476
-0.47319
-0.17731
-0.14765
-0.08852
0.35381
0.61869
0.64764
0.47065
-0.26453
-0.99856
-1.8195
-2.4925
-2.1975
-1.2882
-0.058506
0.64305
0.40889
0.35019
0.23327
-0.29136
-0.61135
-0.989
-1.0463
-0.90026
-0.78346
-0.89878
-0.60835
-0.34734
0.26029
-0.11559
-0.51971
-0.57698
-0.4612
-0.34561
-0.028776
0.48879
1.2353
1.55
1.0611
0.25789
-0.42946
-0.944
-1.229
-0.68537
-0.54212
0.19956
0.31332
0.17075
-0.14217
-0.22728
-0.65286
-0.87918
-0.90675
-1.4156
-1.2729
-1.4979
-1.553
-1.8056
-2.0577
-1.9151
-1.5476
-1.0683
-0.22471
0.75773
1.1496
1.5688
1.7914
1.594
1.2573
0.61414
0.16735
-0.1672
-0.50115
-0.72323
-0.16675
-0.13884
0.27743
-0.22174
-0.44309
-0.80239
-0.41466
-0.27619
0.19316
0.77196
0.909
0.82562
0.082489
-0.027472
-0.13724
-0.082268
-0.19179
-0.5201
-1.1487
-1.5575
-1.5015
-1.0365
-0.35427
0.027228
0.24483
-0.35333
-0.8418
-1.655
-2.2498
-2.5728
-2.6247
-2.5412
-2.4579
-1.889
-0.91672
-0.78122
-0.080744
0.53782
0.96722
0.77846
0.56321
0.16078
0.16064
-0.18724
-0.80176
-1.4152
-1.9209
-2.0258
-1.9441
-2.0489
-1.5154
-0.77031
0.23885
1.0341
1.775
1.8794
1.534
0.81916
0
-0.44845
-1.186
-1.343
-1.0788
-0.42062
0.394
1.181
1.7831
1.9126
1.9895
1.5432
1.1237
0.86168
0.80878
0.52136
-0.10418
-0.46844
-0.72808
-0.75346
-0.96051
-0.98566
-0.93301
-0.69919
-0.49162
-0.56878
-0.9558
-1.239
-1.109
-0.82464
-0.87547
-1.1321
-1.6453
-2.3632
-2.31
-1.9235
-1.6914
-1.3827
-1.6119
-1.9686
-2.2736
-2.3229
-1.7855
-1.4783
-1.4007
-1.705
-2.492
-2.6172
-2.2597
-1.2432
-0.48169
-0.152
0.10126
0.050591
0.17694
0.27784
0.40383
-0.050443
-0.20162
-0.3274
-0.35233
-0.42753
-0.95496
-1.1301
-1.4053
-0.62693
0.22554
1.1269
1.2262
1.2504
1.3245
1.0739
0.99826
0.99759
1.3708
1.7185
1.8169
1.1939
0.79542
0.54649
1.0675
1.2652
0.91732
0.39642
-0.44569
-0.74236
-0.84081
-0.42014
0.049398
0.71583
1.4308
2.0216
1.7493
1.4528
0.66445
0.14757
-0.17206
0
0.14731
0.34352
0.44142
0.80881
0.97982
1.3465
1.7372
1.9808
1.7109
1.3924
1.1231
0.53684
0.29267
0.53627
0.90145
1.3636
1.509
2.0677
2.6016
2.6246
2.4775
1.9179
1.456
1.3825
1.2606
1.1389
0.89613
0.89572
1.2341
1.9833
2.6835
3.0931
2.826
2.7041
2.6788
2.5329
2.3631
2.2175
2.3129
2.1915
2.287
2.286
2.4776
2.4045
2.3315
2.1624
1.7052
1.4165
1.008
0.64776
0.5516
0.71923
1.2223
1.4614
1.5328
1.5323
1.5557
1.6749
1.8657
2.0564
2.2709
2.5331
2.2456
1.9823
1.5758
1.5276
1.3124
1.2167
1.0494
1.0014
0.73896
0.76261
0.61947
0.38112
0.28577
0.095235
0.78551
1.1423
1.6655
1.6414
1.3081
1.1651
0.99849
1.2598
1.2833
1.2593
1.3066
1.1401
1.0924
1.0922
1.2583
1.2106
0.92562
0.71192
0.18982
-0.23724
0.071164
-0.023718
0
-0.023713
0.56906
1.2803
1.6357
1.8252
1.6591
1.6353
1.4456
1.5403
1.5876
1.6586
2.085
1.919
1.8716
1.7767
1.7767
1.5161
0.9712
0.5685
0
-0.47374
-0.49742
-0.33162
-0.023687
0.30794
0.61589
1.066
1.445
1.682
1.7294
1.2557
0.92403
0.63975
0.5687
0.45025
0.23699
0.071102
-0.49775
-0.90077
-1.3276
-1.707
-1.8969
-1.9445
-1.6127
-1.3994
-1.02
-1.0676
-0.73555
-0.73565
-0.71202
-0.33232
-0.30863
-0.23745
-0.071245
-0.11876
-0.49888
-1.0454
-1.4259
-1.9728
-1.9256
-1.8071
-2.0453
-2.3787
-2.5933
-2.8556
-2.88
-2.7855
-2.9766
-2.8343
-2.6682
-1.8587
-0.83423
-0.30993
0.095388
0.4055
0.33403
0.62051
1.0026
1.1462
1.0987
0.93179
0.76477
0.59765
0.64565
0.90897
1.0528
1.0292
0.67039
0.26345
-0.19166
-0.55121
-0.35961
0.023982
0.45581
1.3679
1.8485
2.2574
2.066
1.8745
1.6348
1.4671
1.2992
1.5163
1.6373
1.7583
1.3735
1.0124
0.89227
1.4475
2.0273
2.1006
1.8841
1.4741
1.1846
0.87067
0.89524
0.65357
0.50855
0.60569
0.8241
1.455
2.0136
2.5728
2.6225
2.1621
1.8229
1.6778
1.7516
1.5577
1.388
1.0233
0.95063
0.87793
0.24399
-0.36617
-1.0991
-1.0019
-1.0268
-1.4676
-1.7866
-1.7385
-1.3474
-0.95595
-0.90741
-0.93243
-0.90838
-0.78605
-0.51612
-0.68853
-0.78733
-0.9847
-1.2562
-1.6512
-1.5781
-1.4803
-0.98745
-0.86451
-0.519
-0.5193
-0.79176
-0.69319
-0.79268
-0.96664
-0.7192
-0.44667
0.44693
0.59626
0.57175
0.099495
-0.57244
-1.3946
-1.7194
-1.5708
-1.3722
-1.0735
-1.174
-1.6747
-2.451
-3.1032
-3.2804
-3.3326
-3.1341
-3.0859
-3.2887
-3.7178
-3.8459
-3.9741
-3.8004
-3.1481
-2.8729
-2.3956
-2.3215
-2.2472
-2.4255
-2.6294
-2.3528
-2.0252
-1.5706
-1.0139
-0.53267
-0.60917
-0.99056
-1.4741
-1.6531
-1.3488
-1.2224
-1.478
-2.3715
-2.8835
-3.294
-3.0918
-2.4291
-1.3561
-0.025604
0.46118
0.17947
-0.43615
-1.2837
-1.5157
-1.1826
-0.33443
0.38615
0.90163
1.16
1.2124
0.95511
0.56829
-0.025849
-0.388
-0.20708
0.077708
-0.02592
-0.51876
-1.1421
-1.2987
-1.0917
-0.41616
0.70275
1.4586
1.4335
1.3302
0.39149
0.18282
-0.026136
-0.026154
0.15703
0.05238
0.49795
0.39339
0.68235
0.7616
0.89353
0.47337
-1.0263
-1.9224
-2.1346
-1.2131
-0.13194
0.95065
1.2948
1.5337
1.376
1.0857
0.52995
0.53031
0.87561
1.3276
1.8333
2.3131
2.3413
1.9169
0.93246
0.61317
0.10671
0.29365
0.24042
-0.18712
-0.90948
-1.3651
-1.1518
-0.77728
-0.48277
-0.21471
-0.10743
-0.053748
0
-0.026909
-0.40391
-0.75445
-0.37747
-0.02698
0.13499
0.35119
0.37845
0.2705
0.29774
0.13542
0.13551
-0.027119
-0.027136
-0.38015
-1.1683
-1.3594
-1.8227
-1.4155
-1.0895
-0.43609
0.16363
0.081868
0.10922
0.3552
0.38275
0.57448
0.84855
0.57517
0.46589
0.19195
0.32926
0.74127
0.87907
1.3743
1.5127
1.5411
1.1289
0.33061
-0.30323
-0.30341
0.082795
0.60751
0.85651
0.77406
0.88513
0.49816
0.6092
1.0528
1.497
1.2204
0.77704
0.4998
0.055563
0.38914
0.80651
0.94606
0.94655
0.83563
0.9754
0.75284
0.9206
0.36285
0.41888
0.47497
1.3417
2.1814
2.3504
1.5397
0.50413
-0.30823
-0.78496
-0.61704
-0.30867
-0.11229
-0.39321
-0.59008
-0.64657
-0.61874
0.14069
0.67559
1.3518
1.7186
2.0858
1.4381
1.3823
1.6087
1.4399
1.1581
0.64991
0.36749
0.19796
-0.39607
-0.28302
-0.453
0
0.39668
0.99207
0.85066
0.62405
0.7094
0.51095
0.68151
0.88059
1.364
1.9898
2.5307
2.816
2.3901
1.537
0.62639
0.34178
0.14245
0.54148
0.76971
0.62736
0.48492
0.11413
0.22833
0.19984
0.22845
0.4856
0.68573
0.85739
1.1435
1.4011
1.7733
1.7451
1.6597
1.1449
0.57257
0.37226
0.31506
0.34377
0.45846
0.85979
1.3759
2.1217
2.8677
2.7535
2.6392
1.865
2.0088
1.6934
1.1196
0.60295
-0.1723
-0.22977
0.1149
0.57458
0.89072
0.83336
0.40236
-0.028744
-0.57494
-0.48876
0.028754
0.8627
1.4092
1.7545
1.5245
0.83424
-0.057539
-0.77683
-1.0646
-0.74816
-0.14389
-0.028779
-0.05756
-0.28781
-0.43174
-1.0362
-1.5544
-2.2452
-2.6483
-2.4468
-2.4181
-2.0439
-1.8999
-1.7272
-1.612
-1.7847
-1.8423
-1.6407
-1.0074
-1.0074
-1.4679
-2.0722
-2.7628
-2.9929
-2.5899
-2.3883
-1.4962
-0.74803
0.17261
0.51779
0.80538
1.4668
2.1281
2.473
2.3289
1.8399
1.2361
0.25868
-0.17243
-0.31608
-0.40224
0.22982
0.77552
1.0913
0.68914
0
-0.88986
-0.94711
-0.48782
0
0.25817
0.17208
0.54481
0.48737
0.7739
1.3469
2.0629
2.2056
2.0047
1.4316
1.0878
1.0589
1.0586
1.1442
0.94374
0.77195
0.57167
0.37149
-0.085705
-0.22849
0.39974
0.51381
0.85611
0.48499
0.25668
-0.2281
-0.59857
-0.59839
-0.37031
0.56954
1.1387
1.9352
1.9914
1.8486
1.3078
0.56841
0.14205
0.1704
0.34069
0.65275
0.96459
1.0777
0.79378
0.5101
-0.22662
-0.93447
-1.5568
-1.9241
-1.8102
-1.7812
-1.8087
-1.7232
-1.779
-1.5524
-0.93108
-0.36663
-0.22552
-0.19725
-0.39432
-0.366
-0.42212
-0.1969
-0.3655
-0.73068
-1.236
-1.0108
-0.78579
-0.47686
0.14019
1.0369
1.7367
1.6238
1.623
0.69924
0.47524
0.055883
-0.27927
-0.53035
-0.64168
-0.16731
0.083611
0.52926
0.19489
-0.083479
-0.11125
0.27797
0.55563
0.3332
-0.27752
-0.49925
-0.19405
0.083117
0.35997
0.74721
0.63615
0.80165
0.82882
0.4694
-0.24836
-0.55159
-0.5237
0.38566
1.1012
1.7059
1.6224
1.1542
1.2359
0.87835
0.57607
-0.16449
-0.98634
-1.6155
-2.1071
-1.8596
-1.6672
-1.3657
-1.1464
-0.95475
-0.79058
-1.1715
-1.443
-1.7686
-2.0394
-1.9293
-1.385
-0.75987
-0.02712
0.94859
1.0021
0.62253
0.10819
-0.29734
-0.72934
-0.91781
-0.94416
-1.0514
-0.889
-0.80763
-0.16142
0.21507
0.69851
1.0739
0.88534
0.91154
0.83053
0.74963
0.42806
0.26735
0.77477
1.2548
1.4139
1.5462
1.4386
1.3311
1.1705
1.1962
0.87661
0.55744
0.90187
1.3518
1.9601
1.8263
1.2695
0.74002
0.55461
0.68615
0.68565
0.42163
-0.10533
0.078938
0.73621
1.0772
1.6015
1.8364
1.9137
1.7027
1.5705
1.2032
1.2807
1.9326
2.3226
2.2426
2.3452
2.6819
2.7059
2.2879
1.7146
0.67493
0.025939
-0.38879
-0.49209
-0.51759
-0.54305
-0.20672
0.28402
0.5676
0.82497
1.0047
0.59203
0.59158
0.77103
0.92452
0.69285
0.20513
-0.20497
-0.74244
-0.81861
-0.5368
-0.10217
0
0.051005
-0.10193
-0.2037
-0.43253
-0.661
-1.0415
-1.4468
-1.5472
-1.546
-1.1143
-0.68321
-0.27813
-0.12632
-0.17671
-0.17658
-0.30246
-0.75557
-1.0318
-1.0561
-0.52766
0.10043
0.65227
0.7019
0.42582
-0.050057
-0.17506
-0.39983
-0.59928
-0.39921
-0.42383
-0.29894
-0.37338
-0.29847
-0.69589
-0.81952
-0.76925
-0.27275
0.099103
0.07427
-0.049475
-0.51908
-0.46928
-0.32084
-0.098642
-0.34498
-0.24622
0.27064
0.63919
0.85978
0.51547
-0.17169
-0.073525
-0.048979
0.70965
1.0514
1.5637
1.709
1.5613
0.99945
0.43845
0.41377
0.1216
-0.024302
0.21855
0.5581
1.2123
1.4537
1.041
-0.048384
-1.2812
-1.9083
-1.9792
-1.5436
-0.89172
-0.24083
0.21658
0.84163
1.3216
1.3206
1.0077
0.74322
0.43122
0.26333
-0.14353
-0.40636
-0.3344
0.19095
0.76323
0.81033
0.30961
-0.73775
-1.4269
-1.7347
-1.591
-0.97289
-0.45053
-0.28434
-0.28413
-0.33125
-0.5438
-0.54341
-0.51941
-0.18874
-0.070727
-0.14135
-0.11771
-0.23526
-0.28211
-0.16445
-0.46952
2.1348
