-1.1763
-1.6892
-2.2857
-1.9687
-1.9473
-1.8715
-1.496
-1.2001
-1.0394
-0.9325
-0.55001
-0.30332
-0.30412
-0.49894
-1.1394
-1.8945
-2.0388
-1.8198
-1.4593
-1.2377
-0.67668
0.084776
0.62307
1.1353
1.1661
1.3395
1.3708
1.774
1.6341
1.2063
0.37404
0.17293
-0.37532
-0.34701
-0.75303
-1.0152
-1.3653
-1.3672
-0.90295
-0.29164
0.6132
0.7893
0.73164
0.23437
0.46919
0.46962
0.35252
0.2352
0.029422
0.79494
0.61867
0.58954
0.14746
-0.35406
0
0.41338
0.85652
0.32496
1.0932
1.3888
1.5367
1.5071
0.97514
1.5364
1.4475
1.6244
0.97439
-0.29517
-0.85568
-1.3272
-1.7098
-1.3848
-0.85395
-0.76512
-0.52934
-0.58772
-0.29363
-0.17603
0.11725
0.05857
0
-0.35071
-0.29195
0.11665
0.40778
0.32001
0.8426
1.1897
1.7676
1.823
2.1093
1.8176
1.5267
1.0929
0.77526
0.77395
1.0874
1.5139
1.169
1.4514
1.7043
1.219
0.56585
-0.33882
-0.73257
-0.98405
-1.0941
-1.7915
-1.4802
-1.6719
-0.91736
-0.72104
-0.8576
-1.297
-1.7066
-1.8395
-1.5335
-1.0378
-1.1712
-1.168
-1.6253
-1.4857
-0.88885
-0.24171
-0.58912
-1.3883
-2.1827
-2.2557
-1.9577
-1.4505
-1.3145
-1.4413
-1.5412
-0.9894
-0.54497
0
0.10311
-0.51382
-0.84491
-1.1992
-1.0679
-1.1149
-0.63122
0.22643
0.65181
0.67444
-0.29867
-0.96715
-1.5072
-1.4278
-0.8339
-0.70863
-0.36517
-0.16977
-0.31411
-0.57772
-1.223
-1.0273
-1.4042
-0.47418
0.21257
0.87057
0.79694
0.02335
-1.163
-2.0392
-2.5161
-2.3916
-2.1076
-1.4377
-1.0685
-0.61151
-0.51895
-0.38213
0.089575
0.51313
0.44453
0.15501
-0.44124
-0.92319
-1.2921
-0.76371
-0.065224
1.1481
1.6189
1.5486
0.98589
0.598
0.63848
0.61506
0.31704
0.46342
0.50384
0.52308
0.33366
0.60278
0.6837
1.1565
1.5439
1.5801
1.3502
0.97895
1.0166
0.75007
0.99039
0.48368
-0.080381
-0.24046
-0.29973
0
0.13911
0.27748
0.79073
1.183
1.5144
1.6479
1.6635
1.6399
1.5582
1.0688
0.73676
-0.077382
-0.40538
-0.11558
0.23068
0.57553
0.93819
0.84085
0.93466
1.1043
1.2734
1.5749
1.5912
1.5698
1.2652
1.1879
1.0356
0.82731
0.63844
0.37508
0.3559
0.22452
0.37379
0.93351
1.2683
1.0436
0.4841
0.33489
-0.037183
0.59453
1.0769
1.6888
2.1332
2.1694
2.4281
2.3534
2.5937
2.9268
3.0563
3.0563
2.7787
2.5753
2.5017
2.0205
1.7987
1.1502
0.59394
0.16714
0.1115
-0.50213
-0.2978
0
0.48484
1.1014
1.5698
1.946
2.1171
1.8949
1.8789
1.7124
1.7529
1.6427
1.4943
1.1181
0.77853
0.45667
0.38138
0.095558
0.095781
0.038405
0.38502
0.81065
1.316
1.7467
1.5571
1.0151
0.27414
-0.47144
-0.35473
-0.31638
0
-0.53763
-0.27978
-0.26077
0.020136
0.18194
0.14208
0.02038
-0.24559
-0.5344
-0.66062
-0.78801
-0.66663
-0.48139
-0.44163
-0.31698
-0.1699
-0.17076
-0.62217
-1.0352
-1.1491
-0.98095
-0.56989
0.22041
0.28816
-0.24524
-1.2333
-1.4211
-1.7927
-1.5982
-2.1594
-2.8432
-3.024
-2.9263
-2.1441
-1.6601
-1.0504
-0.86515
-0.8226
-0.53589
-0.44147
-0.22226
-0.74604
-1.2271
-1.2862
-1.2192
-0.7419
0.28345
1.1939
1.5425
1.3959
1.2735
1.1226
0.72702
0.7867
0.65594
0.16521
-0.5826
-0.78265
-0.028163
0.93639
1.8297
1.6419
1.248
0.64332
0.94279
0.65304
0.26916
-0.42182
-1.2749
-2.1712
-2.2489
-1.7379
-0.68774
0.34638
1.5224
1.8848
1.8017
1.6201
1.6641
1.7085
1.3564
0.93267
0.7713
0.67519
0.95152
1.5392
2.0311
2.7716
2.7541
2.28
1.8351
1.0296
1.2856
0.82613
0.72245
1.2713
0.98611
0.62421
-0.47984
-0.4081
-1.0813
-1.1615
-0.63997
-0.11346
-0.30393
-0.34342
-0.65143
-0.50021
0.11589
0.62049
1.051
0.50784
-0.196
-1.1799
-1.4598
-1.5039
-1.3098
-1.1542
-1.1573
-0.48006
-1.0025
-0.28132
-0.040272
0.76665
0.44465
-0.93128
-1.3382
-1.5837
-1.1385
-0.36635
0.44821
0.44859
-0.16324
-0.24501
-0.24513
0
0.49054
1.0629
0.89938
0.654
0.57209
0.44933
-0.24497
-0.48964
-0.32619
0.6111
0.81403
0.40659
-0.81226
-1.0952
-1.2152
-0.4045
-0.56544
-1.25
-1.1674
-0.80366
-0.040108
0.28021
-0.5593
-1.2359
-1.5514
-0.31753
-0.27721
-0.4741
-1.1824
-1.3367
-0.98043
0.74322
1.5216
2.218
0.97018
0.38701
0.038595
-0.57731
-0.88271
-1.6073
-2.2133
-2.4352
-2.9214
-2.4968
-2.9422
-2.1438
-1.725
-1.1217
-0.63378
0.11152
0.85248
0.5174
0.44221
0.58792
0.47632
0
-0.94728
-1.7803
-1.9203
-1.2647
-0.18018
0.86257
1.8282
2.181
1.9971
1.0672
0.070972
-0.70801
-1.7305
-1.7265
-1.6875
-1.8591
-1.8201
-1.2923
-0.87141
-0.069574
-0.13888
0.069308
0.17296
0.20718
-0.27577
-0.34415
-1.4775
-1.4066
-1.7814
-2.0868
-1.8449
-0.85303
0.06816
0.61274
0.81609
1.6645
1.8325
1.0511
0.54202
-0.30464
-0.74414
-0.60842
-0.81072
-0.74274
-1.3497
-1.5177
-1.1462
-1.0447
-0.43796
-0.30312
-0.70711
-1.3803
-1.7503
-1.8511
-1.5144
-1.447
-1.0768
-1.0095
-1.2787
-1.3461
-0.50483
-0.067317
0.47127
0.67333
0.47139
0.53881
0.63993
-0.16843
-0.67382
-0.57283
-0.57291
-0.84263
-1.618
-1.7194
-1.3149
-0.5395
0.43837
1.1465
1.8884
1.3825
1.1801
0.60687
-0.26968
-0.57297
-0.67393
-0.67375
-0.40413
-0.53864
-0.2019
0.20181
0.47064
0.16799
-0.033575
-0.033552
-0.20115
-0.36847
-1.0375
-1.5045
-1.8369
-2.3019
-1.9993
-1.6307
-1.5288
-1.9581
-1.425
-0.56248
0.23123
0.72547
0.72417
0.39426
-0.098374
-1.0145
-1.5675
-1.7596
-1.1704
-0.35681
0.45304
0.71016
1.1913
1.4131
1.2171
1.4693
1.6564
1.4928
0.69674
0.18946
-0.34629
-0.47076
-0.6883
-0.93562
-0.62174
0.40282
0.5868
0.30781
-0.21474
-0.48918
0.42657
0.5162
0.72623
0.69355
0.45073
0.14972
-0.35806
-0.32707
-0.14815
0.059051
0.47075
0.64502
0.58434
0.75701
0.34818
-0.34699
-0.95099
-1.2924
-1.4313
-1.9972
-1.9338
-1.5874
-0.81946
0.14085
0.98291
1.148
1.3679
1.1413
0.99927
0.47058
-0.027607
-0.19274
-0.52184
-0.57535
0.30066
0.5454
1.0068
0.81455
1.111
1.8119
2.2675
2.4521
1.9369
1.0475
0.24138
-0.026784
0.13375
1.0955
1.6548
1.5466
0.82591
0.42596
1.1174
1.7018
2.2061
1.8334
1.6205
1.0625
0.74376
0.31879
-0.69085
-0.53159
-0.31909
0.53209
1.0915
1.4386
2.0264
2.2951
2.3509
2.5675
2.3832
2.5203
2.3628
2.178
1.6967
0.94417
1.2971
1.2453
1.0849
1.1414
1.3616
1.6374
2.0511
1.8913
1.6758
1.4319
1.2697
1.0791
0.9986
0.77865
0.94793
0.58701
0.75671
0.92731
1.6623
2.2036
2.0396
1.8179
0.99683
0.51404
0.85905
1.7514
1.1228
0.28866
-1.1287
-1.3058
-1.1637
-0.34999
-0.029238
0.14655
0.41132
0.47119
0.88549
1.4199
1.5712
1.0992
0.20837
-1.3123
-1.7928
-2.3646
-1.7689
-1.2912
-0.66161
0.12046
0.12061
0.63395
0.18132
0.84695
1.2109
1.1815
0.42437
-0.060653
-0.21236
-0.15172
-0.66761
-0.84966
-1.0316
-0.72794
-0.60636
-0.69692
-1.1204
-1.0892
-0.78589
-0.42271
-0.66346
-0.30117
-0.48115
0.18014
0.35967
0.50858
0.418
0.11918
0.8324
1.7202
1.9527
2.0952
2.0896
2.6121
2.0778
1.7798
0.81444
0.028994
-0.23119
-0.48964
-0.48795
-0.68643
-0.56997
-0.79501
-0.84861
-0.61994
0.50526
1.4818
1.5038
0.91527
0.60769
0.38512
0.4931
1.3913
1.5756
1.5148
1.0504
-0.10728
-0.29375
-0.23931
0.97962
0.89634
1.365
0.99324
0.80683
0.80341
0.85164
0.82238
0.61422
0.25487
-0.025383
-0.5056
-0.80571
-0.42634
0.27479
-0.17419
-0.07437
-0.24697
-0.14764
-0.53939
-0.95279
-1.0956
-1.3587
-1.5476
-1.7836
-2.2825
-2.4671
-2.1492
-1.5477
-1.3533
-0.71032
-0.023614
0.68305
0.86931
0.7266
0.23385
-0.046667
0.41912
0.69714
0.78858
0.50933
0.41601
0.25382
0.50687
0.98931
1.3786
1.6523
1.3067
1.0534
0.59487
0.77728
0.68535
0.86757
0.27383
-0.091239
0.045605
1.1399
2.0059
2.7581
2.6671
1.8239
1.0946
0.59314
-0.022823
-0.47954
-0.63978
-0.50304
-0.96111
-0.80163
-0.43559
-0.045899
0.068927
-0.29904
-0.41459
-0.50741
-0.60053
-0.90215
-1.3669
-1.6709
-1.9992
-1.6767
-1.7032
-1.2623
-0.81976
-0.32857
-0.18815
-0.094276
-0.35431
-0.42613
-0.73558
-0.99892
-1.5258
-1.888
-1.7489
-1.8014
-1.8541
-2.0279
-1.9848
-1.7474
-1.7277
-1.0004
-1.101
-0.8587
-0.83648
-0.83882
-0.79169
-0.86836
-0.52249
-0.9232
-1.2261
-1.3802
-0.90598
-0.53
-0.63276
-0.58381
-0.6873
-0.94454
-1.0496
-1.412
-1.5962
-1.9105
-1.7864
-1.1683
-0.70288
-0.86142
-1.047
-1.0498
-0.68417
0.21106
0.052903
-0.29171
-0.87734
-1.1994
-1.3359
-1.3391
-1.5571
-1.184
-1.2406
-0.81092
-0.21672
0.40723
1.3059
2.1264
2.2673
2.1896
2.0567
1.7858
1.266
0.6617
0.11047
-0.24896
-0.30477
0.30523
0.22231
-0.33394
-1.1146
-0.50223
0
0.53141
0.588
-0.22424
-0.42086
-0.44934
-0.25298
-0.25319
-0.25338
0
-0.45108
-0.95911
-1.4394
-1.186
-0.79102
-0.67828
-0.45234
-0.56558
-0.42429
-0.39607
-0.31124
-0.42446
-0.39618
-0.50938
-0.28298
0.53762
0.87707
0.82036
-0.28283
-0.62209
-0.42405
0.3674
0.93235
0.76258
0.79054
1.0725
0.73349
0.50759
-0.084561
-0.50714
-0.056322
0.7037
1.2379
1.5466
1.7145
1.8541
2.8641
2.8065
2.6368
1.6262
1.149
1.6247
1.876
2.211
3.1613
3.3838
2.8514
1.6767
0.75427
0.41891
0.64216
0.97697
0.58606
0
-0.33479
-0.30686
0.78106
0.5021
0.61369
0.13949
0.0279
-0.22324
-0.19537
-0.55836
0.027926
0.50285
1.2297
1.1743
1.0071
0.69977
0.36411
0.42041
0.44877
0.72982
0.95519
1.6028
1.9139
1.6341
0.90257
0.39532
0.1979
-0.084918
-0.17006
-0.22705
-0.19895
-0.25617
-0.22805
0.28552
0.80075
0.88803
0.51652
-0.28747
-0.2592
0.4328
1.4165
1.8249
1.5093
0.98885
-0.14572
-0.73018
-1.1415
-0.64537
0.029401
0.73669
1.0042
0.59208
0.23739
0.62463
1.1628
1.3151
0.89882
0.030034
-0.090325
-0.030183
0.24206
-0.24266
-0.88185
-1.4937
-1.528
-0.61272
0.061424
0.89286
0.95678
0.58785
0.58928
0.24872
0.15582
0
-0.062622
-0.53352
-0.84929
-0.78815
-0.7583
-0.6333
-0.85678
-0.38159
-0.44611
-0.12772
-0.57585
-0.96159
-0.9955
-1.7373
-1.5147
-2.1307
-1.9078
-1.9109
-2.0111
-1.3968
-1.041
-0.68406
-1.6308
-2.6777
-3.1385
-3.1419
-2.8174
-2.6889
-2.1005
-2.2336
-2.038
-1.6775
-1.0532
-0.62565
-0.59299
-0.59321
-0.52746
-0.49461
-0.1649
0.065966
-0.13193
0.69263
0.39575
0.098919
0.59337
0.6591
1.12
1.2183
1.0861
0.9539
0.65745
0.72271
0.98478
0.85279
-0.098315
-0.42565
-1.1122
-1.6339
-2.0891
-1.8586
0
-0.29277
-0.87721
-2.2713
-2.2359
-0.90609
-0.032315
0
-0.19332
-0.22521
-0.77095
-1.6678
-3.0101
-3.1331
-2.7768
-1.2427
0.47717
0.79393
1.0462
0.063296
-0.31593
-0.66228
-0.25185
0.062851
0.062739
-0.56364
-0.96897
-0.84242
-0.93434
-0.71504
-0.093098
0.49563
1.3605
2.0371
2.3108
1.7223
1.1667
0.5823
0.4589
0.27486
0.2439
-0.33478
-0.94187
-1.8502
-2.0591
-1.9952
-1.6901
-0.90394
-0.090248
1.1413
1.7093
2.1857
2.3617
2.179
1.8479
1.5773
0.77264
0.14837
-0.38522
-0.41427
-0.088651
0.26559
0.29471
-0.11773
-0.20576
-0.23486
-0.087962
-0.17571
0.14625
0.90566
1.7509
2.2735
1.6887
0.29083
-0.95871
-1.2769
-0.84073
0
0.98369
1.8498
2.0502
2.1636
2.0463
2.102
1.4384
1.7821
1.5221
0.94689
0.086008
-0.45833
-0.20036
0.57198
1.7146
2.37
2.5964
2.4519
1.9657
1.4803
0.34136
-0.17055
-0.17043
0.22707
0.3971
0.79363
1.6144
1.8397
2.0647
0.96096
0.81906
1.5241
2.2281
2.6211
1.9151
1.8856
1.3218
1.4894
1.4322
1.1505
0.44863
-0.47631
-0.83989
-0.86721
-0.39133
-0.19551
0.16744
0.083651
-0.30646
-0.38971
-0.50061
-0.33344
-0.027761
0.7766
1.4132
1.744
2.0465
1.2985
0.85554
0.4411
0.055078
0.16505
-0.41217
-0.32935
-0.38379
-0.35595
-0.35551
-0.9013
-1.0911
-1.3621
-1.3058
-0.67917
-1.1394
-1.3545
-1.5148
-1.8907
-1.4024
-1.104
-0.080652
0.59049
1.0987
0.58853
-0.454
-1.4929
-1.2508
-0.90318
0.079547
0.68812
0.68682
-0.21092
0.026314
0.60403
1.9919
2.3541
2.0621
1.615
0.85777
0.077813
-0.49175
-0.95553
-0.74728
-0.025711
0.20523
0.12798
-0.15322
-0.28026
0.025419
0.20288
0.35421
-0.15145
-0.57918
-1.1305
-0.70174
-0.9751
-1.1474
-1.3686
-0.91847
-0.074293
0.74115
0.83797
0.71303
0.61323
0.63625
1.2207
1.364
1.1907
0.60609
-0.1935
-0.072399
0.45749
0.84088
0.81505
0.52624
0.54898
0.54782
1.3073
1.9688
2.4383
2.3626
1.91
1.1533
0.9867
0.98492
1.6621
1.9864
1.9365
1.7238
1.7676
1.6257
1.4378
1.1811
0.67073
0.4389
0.2538
0.48398
0.41441
1.104
1.3098
1.4924
1.6518
1.834
1.9933
2.3814
2.4718
2.6767
2.47
2.2635
1.7374
1.0057
-0.06857
-0.45716
-0.4115
-0.5945
-0.43457
-0.18304
-0.29757
-0.36643
-0.64164
-0.68793
-0.36717
0.45934
1.0344
0.94341
-0.16124
-0.99157
-1.1774
-1.0634
-0.48609
0.1159
0.39463
0.79047
0.65201
0.58312
-0.04673
-0.58516
-1.1256
-1.4331
-1.3653
-0.7076
0.070904
0.49737
0.99687
1.4748
1.1205
0.90794
0.81423
0.81612
0.89022
0.72352
0.82196
0.67855
0.41298
-0.048705
-0.3906
-0.2692
0.049068
0.81163
0.91227
1.1864
1.561
1.8381
1.992
1.5726
0.65056
0.025082
-1.0559
-1.2096
-1.1619
-1.0633
-1.0656
-1.2206
-1.7838
-1.2769
-0.28149
0.94873
2.0039
1.9563
1.3668
-0.10333
-0.5952
-0.7517
-0.28558
-0.39002
-0.39058
-0.2086
0.41773
1.4377
1.9889
1.729
0.99649
0.52494
0.23642
0.52575
0.89436
1.1317
0.39498
-0.079028
-0.18446
0.369
0.92262
0.79087
1.0281
1.1334
1.265
2.0023
2.0016
2.1324
2.0524
1.683
0.86722
-0.57772
-1.4956
-1.6778
-1.3881
-0.8111
-0.41818
0.10443
0.36506
1.0678
1.6125
2.2337
1.9971
0.98416
-0.31032
-1.3943
-1.2632
-0.77213
-0.28265
-0.12826
-0.051217
-0.33234
-0.02552
0.35665
0.58488
0.33
0.35474
0.27823
-0.20198
-0.32763
-0.25157
-0.025112
0
-0.15014
-0.17486
-0.024937
-0.049789
-0.14912
-0.099247
0.1734
0.049465
-0.61736
-1.0356
-1.3295
-1.426
-1.645
-2.3049
-2.5223
-2.4214
-2.443
-2.2451
-2.4134
-2.0214
-1.7519
-1.1426
-0.68018
-0.60687
-0.41241
-0.82434
-1.2359
-1.6714
-1.5013
-0.82309
-0.70192
-0.33882
-0.14521
-0.024203
0.12103
0.024212
0.21798
0.24229
-0.024241
-0.33957
-0.94657
-1.5788
-1.6774
-2.2386
-1.6806
-1.4143
-0.3662
-0.29333
0.097912
0.19611
0.41738
0.95909
1.5766
1.7029
0.89014
0.074326
-0.27309
0.17416
0.44885
0.44989
0.15032
-0.20093
-0.5288
-0.22723
0.32912
0.88858
1.3494
1.5577
1.6137
1.4902
1.3403
1.2413
1.1156
1.1455
1.1233
0.65537
0.10523
-0.079213
-0.60955
-0.47883
-0.37384
0.29487
0.37675
0.64842
1.2478
1.4163
1.0392
0.4943
0.22061
0.30461
0.77867
1.7037
1.6269
1.6621
0.79223
0.39786
0.22835
0.80276
1.0655
1.2727
0.72637
0.32103
-0.32247
-0.38281
-0.76905
-1.2479
-1.8802
-2.1884
-1.6561
-1.361
-0.91138
-0.51873
0.42906
0.80031
1.3293
1.273
1.216
0.78283
0.56601
0.18946
-0.22194
-0.54121
-0.47946
-0.54555
-0.741
-0.71153
-0.90905
-0.42364
-0.65417
-0.45958
-0.42828
-0.66119
-0.49759
-0.89866
-1.3691
-0.83749
-0.50406
0.6067
0.50708
0.98316
0.98588
0.20452
-0.10253
-0.41113
-0.37778
-0.10327
0.44848
0.79515
0.83139
1.0065
0.97356
1.0797
1.0117
0.97824
0.90962
0.03503
-1.1924
-1.7905
-2.2842
-1.7586
-1.6895
-1.6201
-1.6562
-0.98708
-0.31737
0.31743
0.95238
1.3051
0.84643
-0.1763
-1.4451
-1.0922
-0.80988
-0.52784
-0.38679
-0.59725
-0.80726
0.070123
1.0156
1.7139
1.5369
0.13952
-0.73135
-1.8776
-1.5273
-1.178
-0.51875
-0.51773
-0.55112
-0.54996
-0.68594
-0.92393
-0.78521
-1.4985
-1.4948
-0.94886
-0.6084
0.06742
1.0086
1.274
1.0029
0.4667
0.23267
0.033141
0.033041
0.098823
0.75532
0.65476
0.48953
0.39038
-0.064856
-0.1293
-0.6766
-0.93131
-1.1843
-1.1804
-1.2401
-0.98248
-1.0424
-0.69262
-1.0041
-0.53165
0.43637
1.0252
1.2695
1.1418
1.7532
2.6365
2.7501
2.8325
2.2768
1.9064
1.8097
2.3151
2.4876
2.42
1.8466
1.3361
0.47361
0.2951
0.6767
1.1147
1.2869
0.64159
0.37803
-0.08699
0
0.49021
0.66141
0.34416
-0.37185
-0.51352
-0.85368
0.028384
-0.19819
-1.1015
-2.1132
-2.052
-0.11218
1.2591
1.4518
1.0029
0.47256
0.52705
0.71974
0.8288
0.63417
0.24767
0.10987
-0.24676
-0.10947
0.24588
0.54548
0.29952
-0.29903
-0.65141
-0.84012
-0.59533
-0.54043
-0.70158
-1.2396
-1.2379
-1.2095
-0.67112
-0.48264
-0.32139
-0.26753
-0.26725
-0.50727
-0.4801
-0.42636
-0.29286
-0.42563
-0.21264
-0.82337
-0.4512
0.15914
0
-0.26491
-0.79429
-1.4025
-1.6399
-1.7979
-1.3743
-1.0568
-0.4226
-0.23765
0.3696
0.52791
0.65981
0.29029
-0.39584
-0.47501
-0.63337
-1.0293
-1.1878
-0.76563
0.21126
0.60752
0.42276
0.81938
1.1635
1.4814
1.7733
1.9596
2.1463
2.1741
1.5654
1.0355
0.8503
0.66484
-0.026617
-0.93244
-1.6267
-0.93429
-0.40084
0.080256
0.10713
0.10726
0.13425
-0.29573
-0.56534
-0.62005
-0.26998
-0.29742
-1.327
-2.4683
-3.2874
-3.157
-3.1352
-3.1409
-2.3805
-1.2885
-0.41202
0.055045
0.27579
0
0.11078
-0.27756
-1.1405
-1.9517
-1.9562
-1.5127
-1.3197
-1.4074
-1.6649
-1.4145
-1.248
-1.1091
-1.0265
-1.0007
-1.2901
-1.2075
-1.0667
-0.49151
-0.37695
-0.29081
-0.2625
0.23403
0.73355
0.26488
-0.11809
-0.59228
-0.08912
0.74501
1.5247
2.4593
1.8955
0.57353
-0.60568
-1.428
-1.3413
-0.45877
-0.15343
0.43105
0.21625
0.68192
0.43541
0
-0.5323
-0.84828
-1.4816
-1.8346
-1.1109
0.35031
1.3101
1.4428
1.5442
1.0007
1.587
2.3723
1.2064
-0.13086
-2.0022
-1.943
-1.3877
-0.86187
-0.53211
-0.63393
-0.23431
-0.43654
0.13475
-0.57448
-0.67798
-0.68009
-0.034109
0.7527
0.78931
0.68842
-0.034523
0
0.48617
0.80101
-0.10478
-1.6462
-2.6342
-2.6062
-1.0241
0.84986
2.1303
2.7767
3.1051
2.6836
1.973
1.834
1.6943
1.4093
0.036223
-1.3434
-2.1836
-1.4955
-0.73115
-0.25647
-0.11015
-0.69914
-0.44249
-0.25866
0.074053
0.92752
1.1524
0.4842
-0.37317
-0.2991
-0.56185
-0.75049
-0.82702
-0.94144
-0.22634
0.30229
0.5299
0.87197
0.60757
1.179
0.9904
0.80116
0.22925
-0.30612
-1.5328
-1.6885
-1.3835
-0.15393
0.038535
-0.30869
0.038637
-0.038687
0.19368
-0.7757
-1.4368
-1.5941
-0.58389
0.038971
1.0144
0.70309
0.15642
0.078293
-0.27432
-0.35307
0.23562
0.7469
1.0624
1.6543
2.0107
2.6441
3.6735
3.7954
3.2844
2.1387
1.5063
1.6265
1.9454
1.192
0.75552
0.11938
0.23893
0.59774
0.63802
0.55863
0.51905
0.99876
0.79946
0.55992
0.88033
1.6814
2.1628
1.9634
1.0021
0.40099
0.56157
0.28086
-0.32107
-1.2845
-1.3249
-0.92355
-0.56221
-0.28112
0.64257
1.0441
0.60234
0.24091
0.16058
-0.040135
-0.1605
-0.56156
-0.88212
-1.7635
-2.2433
-1.5615
-0.68024
0.27991
0.47951
1.0381
0.99736
1.1958
0.87604
0.15912
-0.079471
-0.67472
-0.67389
-0.55425
-0.23721
-0.039478
-0.39419
-0.27549
0.23575
0.6668
0.86137
1.5632
1.8332
1.6349
2.4083
2.1318
2.5524
0.81026
0.34642
0.42237
1.4937
2.0246
2.4382
1.4437
0.79557
0.37775
0.86623
0.82605
0.74861
1.2686
0.66942
0.48187
0.25859
0.47858
1.0638
1.4987
1.129
1.0523
0.57838
0.68421
0.7533
0.64315
0.17794
-0.24812
-1.5885
-1.6523
-0.59514
0.41833
0.69424
0.34563
-0.92916
-1.5761
-1.6033
-0.84901
-0.50713
-0.33657
-1.3067
-1.3675
-1.2616
-1.1236
-0.72372
-0.91685
-1.6948
-1.8816
-1.8083
-1.5106
-0.99172
-0.9871
-1.141
-1.1357
-0.31399
0.21877
0.80881
0.46446
0.12328
-0.24543
-0.70238
-0.94235
-1.2709
-1.6869
-1.2295
-1.5523
-1.6048
-2.3078
-1.7674
-1.3784
-0.6132
0.1163
0.63689
0.80714
0.66021
0.17151
0.028467
0.19845
0.42352
1.3217
1.6526
2.0924
2.2788
1.7994
1.1583
0.54949
0.54745
0.38181
1.2228
1.4621
1.403
1.1292
0.80383
1.0681
0.74521
-0.053054
-0.84611
-1.7132
-1.7341
-1.7025
-0.78337
-0.72895
-0.80467
-1.0094
-0.98069
-0.38603
0.43629
1.0238
1.7358
2.2404
2.4632
2.1783
1.0612
0.73094
0.20116
0.27594
0.15017
0.89896
1.3205
1.442
1.1908
0.81699
0.49413
0.98629
1.1074
1.179
0.39225
0.14683
0.24427
0.60961
1.1685
1.6283
1.941
1.7926
1.427
1.1109
0.7958
0.45754
0.505
0.36023
0.86343
1.03
0.81344
0.45403
-0.28643
-0.40533
-0.50017
-0.023793
0.52294
1.3299
1.6609
1.6358
1.0659
0.56807
0.26018
0.63818
0.80313
0.96791
0.94379
0.68391
-0.047145
0.21206
1.0128
2.1663
2.5189
2.33
2.0943
1.8588
1.8352
1.5293
1.0352
0.094121
-0.44714
-1.0357
-0.68278
0.047103
1.1073
1.1785
1.2262
1.2269
1.322
1.7953
1.7966
1.6797
1.3733
0.63985
1.2097
0.99727
0.61802
-0.023797
-0.11913
0.78723
1.8871
2.6313
2.8028
2.3512
2.0426
1.5164
1.1332
0.60386
-0.1936
-0.43643
-0.31583
0.073033
0.41474
-0.02445
-0.75967
-0.9825
-0.83713
-0.49365
0.074235
0.59543
0.82091
0.77327
0.5253
0.20069
0.20128
0.37854
0.30377
0.25394
-0.05095
-0.076676
0.2308
-0.051463
-0.69716
-1.6324
-2.3144
-2.3751
-1.9648
-1.7092
-1.531
-1.1925
-1.2238
-1.6026
-1.5823
-1.0772
-0.73011
-0.70604
-1.0908
-1.5338
-2.1181
-1.9341
-1.6096
-0.64117
-0.25203
-0.11253
-0.8761
-1.448
-1.2837
-0.65918
-0.37435
-0.54974
-0.81403
-1.1101
-1.2035
-1.1209
-0.53355
0.029787
-0.29933
-0.090243
0.24184
0.69872
0.58006
-0.24545
-1.1408
-1.1774
-0.18683
0.53196
0.53458
-0.316
-1.1114
-1.9146
-1.8597
-1.4821
-1.392
-1.4312
-1.7974
-2.1999
-2.3091
-2.0877
-1.265
-0.13376
0.53741
0.87712
1.1859
0.6465
0.37586
0.20586
0.62008
1.0376
1.4583
1.2896
1.2244
1.4746
1.6912
1.2728
-0.17736
-1.032
-1.6421
-1.7187
-1.8673
-1.3323
-1.1914
-0.61531
-0.14513
0.072727
-0.43729
-0.76677
-1.134
-0.9527
-0.1835
0.40425
0.036796
0.073672
0.14748
0.33209
0.36921
-0.33243
-1.0714
-1.1824
-1.4409
-1.773
-1.883
-2.3615
-2.544
-1.989
-1.8027
-1.3961
-0.36683
0.5493
0.98684
0.76592
-0.50944
-0.98004
-1.1946
-1.1912
-0.82767
-1.3271
-1.1796
-1.1041
-1.2063
-1.5194
-0.63337
0.52549
1.081
1.3188
1.1051
0.92765
0.71767
0.61178
0.81109
0.94076
0.43416
-0.46468
-1.1544
-1.8022
-0.58591
0.8729
1.8621
2.1677
0.85448
-0.031415
-0.87302
-0.64977
-0.18421
0.48737
0.72521
0.68937
-0.23782
-1.0908
-1.5493
-1.5362
-1.5518
-1.111
-0.90365
0.083972
0.63808
1.4023
1.6621
1.1611
0.72245
0.5833
0.28898
-0.13015
-0.2837
-0.3322
0.48104
1.204
1.8142
1.6005
1.0978
0.48342
0.047898
-0.21356
-0.23512
0.093191
-0.18469
-0.38892
-0.61213
-0.56172
0
0.46351
1.6409
2.1905
2.58
2.5792
2.1558
1.467
1.3508
1.3191
1.5128
1.7033
1.388
0.85817
0.49505
0.53055
1.1506
1.6259
2.1903
2.1363
1.9317
1.5044
1.5688
1.6509
1.603
1.3912
1.4187
1.3374
1.5268
1.5533
1.2602
0.9529
0.7896
1.0645
1.6141
2.02
2.6796
2.3757
1.8029
1.1004
0.72462
0.72141
1.2028
1.6636
1.922
1.8485
1.4469
1.1796
0.66938
0.16272
-0.29196
-0.14553
0.19347
0.2894
0.49709
0.35189
0.94145
1.799
1.6999
1.1416
0.22157
-0.34758
-0.41012
-0.74029
-1.0382
-1.0212
-0.64346
-0.031358
0.39166
0.50097
0.57892
0.4379
0.85989
0.96912
1.0472
0.70336
-0.18759
-0.59419
-0.78212
-0.79816
-1.1275
-1.2537
-1.4115
-1.35
-1.0214
-0.47197
0.48832
0.77289
1.0899
0.75939
0.57048
0.19049
-0.31807
-1.0038
-1.4849
-1.456
-1.6035
-1.2054
-0.98268
-0.6298
-0.76091
-0.86028
-0.42315
0.01632
0.016366
-0.42675
-1.0206
-1.9649
-2.3685
-2.675
-2.2336
-2.1573
-2.0134
-2.0707
-2.2468
-1.9664
-1.514
-1.0926
-0.66821
-0.30953
-0.15534
-0.034647
0.13911
0.36654
0.36794
-0.15829
-0.63561
-0.72669
-0.71172
-0.64305
-0.73523
-1.0442
-0.74103
-0.10887
0.34612
0.34748
0
0.14746
0.3516
0.40871
0.27975
0.61785
0.48868
-0.41509
-1.3826
-2.6047
-1.8703
-0.67046
0.48068
1.1193
0.89097
0.38878
-0.4487
-0.93973
-0.98231
-0.86741
-0.65278
-0.69466
-0.89609
-1.1387
-1.4831
-1.3068
-0.92768
-0.5057
0.060865
0.48834
0.22446
-0.020462
-0.020518
-0.061718
-0.10313
-0.26882
-0.47677
-1.2675
-1.8745
-2.2545
-2.4895
-2.4739
-2.4369
-1.8313
-1.624
-1.2889
-0.76203
-0.76335
-0.87081
-1.2551
-1.5979
-1.6216
-1.0683
-0.81303
-0.34277
-0.51478
-0.25769
-0.21498
-0.60257
-1.0556
-1.8112
-2.1366
-1.9008
-1.297
-0.45431
0.021649
-0.064992
-0.47691
-1.2364
-1.1503
-0.39087
0.23899
0.021737
-0.45668
-0.78323
-1.1318
-1.35
-1.0238
-0.78448
-0.1308
0.54518
1.5489
2.1387
2.7507
2.7518
2.6436
2.2731
1.9023
0.94061
0.30638
-0.74442
-0.87622
-1.2493
-1.3815
-1.5359
-1.471
-1.0985
-0.21985
0.59403
1.6954
2.5562
3.1981
3.5543
2.917
2.19
1.7053
1.419
0.79918
0.60016
0.22258
0
-0.13394
-0.22359
-0.022396
0.15704
1.2137
1.8915
3.1135
3.5268
2.4015
0.74928
-1.5248
-2.053
-2.0124
-2.178
-2.1837
-1.8439
-1.0863
-0.41725
0
0
0.070184
0.75106
1.4836
2.1266
1.9444
1.3802
-0.071654
-1.1508
-2.2863
-2.5369
-2.2075
-1.6563
-0.78268
-0.49125
-0.49337
-0.024777
1.543
2.7751
3.3404
2.6242
1.369
0.58589
0.025597
0.025723
-0.43945
-0.70145
-1.1489
-0.99729
-1.1079
-0.23865
0.85295
1.5809
2.2896
2.4642
2.3684
1.5874
1.5408
1.0235
1.1403
0.8668
0.30923
-0.33915
-1.165
-1.1427
-0.43078
0.66405
1.5383
2.0424
1.3492
0.14741
-0.23707
-0.65528
-0.47898
-0.12034
0.45352
0.60766
0.45794
0.76687
1.017
1.1765
0.96414
0.40612
-0.062753
-1.2289
-1.8669
-2.5736
-2.3925
-2.4018
-2.4752
-2.0004
-1.2952
-0.38991
-0.22821
-0.94853
-1.4108
-1.3164
-1.2872
-0.79431
0.49776
1.4305
1.6007
0.5348
-0.73694
-1.2419
-0.80711
0.26952
0.50618
0.47316
-0.06769
0.40666
0.67856
1.4265
0.81587
-0.034022
-1.5661
-1.7032
-1.4313
-1.4318
-1.6708
-2.3189
-2.5234
-2.3527
-1.4317
-0.68156
0.10219
0.51069
0.85063
0.64602
0.033974
0.50916
0.3052
0.16938
-0.20302
0
-0.13501
0.067414
0.33659
0.94107
1.2416
1.2397
1.3045
1.3357
1.5667
1.3975
0.69746
-0.0663
-0.56247
-0.56138
-0.75802
-1.0854
-0.88627
-0.62239
-0.13076
0.39146
0.94406
1.5593
2.8851
3.5906
3.0666
2.0293
0.61072
0.16038
-0.54413
-0.92627
-1.1156
-0.54073
-0.063484
0.38013
0.18968
-0.22085
-0.40933
-0.59708
-0.62729
-0.78261
-0.78113
-0.59255
-0.52921
-0.031074
-0.18611
0.061929
-0.40185
-0.40118
-0.27728
0
0.82919
1.7478
2.2351
1.712
1.1601
0.24388
-0.30444
-1.3681
-1.5182
-1.2433
-0.4846
0.060503
-0.57411
-1.8411
-2.4421
-2.1383
-1.414
-0.87161
-0.48042
0.059996
-0.11988
-1.5271
-2.8721
-3.9459
-3.9726
-3.1636
-2.7139
-1.9072
-1.0125
-0.29759
0.50555
0.89157
1.0098
0.65299
-0.059326
0.088936
0.56293
0.59222
0.5031
0.41409
0.32518
0.41364
0.85636
1.1806
1.0914
1.0319
0.82507
0.85408
0.73588
0.29419
0.058807
-0.20571
-0.029371
0.11742
0.088012
-0.82096
-0.90837
-0.93709
-1.0828
-1.0236
-0.81837
-0.29207
0.14593
0.61248
0.20401
0.17473
-0.20369
-0.26167
-0.2324
-0.029024
0.26098
-0.2028
-0.54992
-0.43372
0.3755
1.385
1.787
2.3608
2.1567
1.9818
1.4056
1.1173
0.71529
1.6572
1.8261
2.3363
1.7639
1.2499
1.6733
1.7272
1.5265
1.2699
0.73245
0.36557
0.25262
0.61635
1.0346
1.8697
2.4508
2.3901
2.4405
1.8264
1.4634
0.55097
0.38479
0.49356
0.41031
0.081859
-0.32662
-0.38008
-0.46032
-0.4321
-0.2424
-0.29545
-0.053569
0.026709
0.15979
-0.26554
-0.47655
-0.60709
-0.34209
-0.76077
-0.54918
-0.70384
-0.8315
-1.3986
-1.5231
-1.4665
-0.89748
0.12778
0.50935
0.60911
0.25291
-0.10081
-0.45205
-0.75074
-0.04987
0.54659
0.61886
0.32063
0.049146
-0.024482
0.43905
0.77761
1.3557
2.3636
2.571
2.8964
2.4323
1.8055
1.5383
0.8959
0.42277
0.35097
0.44288
0.18577
-0.1388
-0.092189
0.80363
1.5784
2.1651
2.5204
2.1265
1.6679
1.5496
1.3874
1.7614
1.6885
1.3505
0.88247
0.7475
0.81067
0.98261
1.0664
1.0195
0.9945
0.75424
0.77332
1.1135
1.1528
1.1067
0.55168
-0.25387
-0.54846
-0.98862
-1.2166
-1.548
-1.7524
-1.2901
-0.87166
-0.93157
-1.2184
-1.0095
-0.082212
0.38962
0.69567
0.1225
-0.63159
-0.54898
-0.36527
-0.10127
0.34368
0.22199
0.2619
-0.36203
-0.88355
-1.2431
-1.2613
-0.91966
-0.21963
-0.17947
-0.239
-0.39788
-0.61604
-0.61542
-0.61483
-0.33686
-0.17819
-0.37589
-0.77103
-1.1854
-1.5007
-1.3617
-0.80877
0.19718
1.025
1.6947
2.1277
2.0091
1.9695
1.9891
1.7331
1.3392
0.96514
0.92588
0.92607
0.98544
0.84774
0.69026
0.65109
1.2633
1.7379
1.8574
2.1551
2.1169
1.8214
1.4859
1.4672
1.2303
1.2314
1.1331
0.8357
0.6971
0.19937
-0.41913
-0.59941
-1.0002
-0.94125
-1.0627
-0.78295
-0.48243
0.020127
0.14108
-0.18164
-0.74779
-1.1132
-0.66888
-0.50749
-0.36595
-0.65159
-0.99932
-0.96007
-0.53197
-0.26643
0.18476
1.1516
1.2978
1.1556
0.45481
-0.2071
-0.78844
-1.1848
-1.5619
-1.2728
-1.108
-0.020945
1.0283
1.6402
1.9595
1.7734
1.8404
1.929
1.6993
1.1281
0.12798
-1.026
-1.6065
-1.7816
-1.5273
-1.0563
-0.60493
-0.21652
0.82457
1.6528
2.1795
2.1188
1.7514
1.0971
0.65973
0.13224
0.48599
0.39854
0.48821
0.33363
0.20064
0.31282
0.24635
0.80811
1.395
1.6688
1.6501
0.74765
-0.090834
-1.0698
-1.3232
-1.3492
-1.1002
-0.7811
-0.023027
0.1154
0.43954
0.30144
-0.18593
-0.023295
-0.21014
-0.32763
-0.91478
-0.86985
-0.94253
-1.1809
-1.3729
-1.376
-1.1413
-0.40513
0.023885
0.52664
0.67176
0.98584
1.1326
0.91773
0.072611
-0.75195
-1.1911
-1.3399
-0.97653
-0.19572
-0.51486
-0.46681
-1.0094
-0.78948
-0.32139
0.19818
1.2163
2.1889
2.2182
1.5234
0.32529
-0.5265
-0.82896
-1.5353
-1.4121
-0.85899
0.10125
-0.32966
-1.1687
-2.2652
-1.6829
-0.81739
0.38383
1.3073
2.1569
2.4693
2.19
2.3485
1.6286
1.8902
1.8154
1.3767
1.1187
0.57323
0.28705
-0.57497
-1.3348
-0.94362
-0.36749
1.1566
1.6057
1.8714
1.1349
0.95141
0.79386
1.0068
0.63668
0.29217
0.26592
-0.42597
-0.85291
-1.3608
-1.2287
-0.61503
0.080304
0.5359
0.42914
0.51009
0.7524
1.2103
1.5344
1.1046
0.75499
-0.37779
-1.1883
-2.135
-2.8397
-2.8416
-2.2477
-1.7072
-1.3015
-1.3022
-0.7872
-0.67897
-0.62497
-0.59807
-1.0607
-0.84347
-0.65327
-0.59905
-0.59926
-1.0082
-0.89944
-1.0087
-0.29997
0.027276
1.2277
1.5008
1.6375
1.2283
0.92818
0.30033
-0.027305
-0.46422
-0.57349
-0.73737
-1.0924
-1.9391
-2.5127
-2.54
-1.7206
-1.3655
-1.3655
-1.1196
-0.24576
0.68262
0.87369
0.68253
-0.54598
-0.98269
-0.32754
-0.10917
0.24562
0.27289
-0.19101
-0.16371
-0.24555
0.13641
0.35464
0.35463
0.35461
0.46371
-0.21822
-0.51826
-0.92742
-0.13639
-0.27279
-0.46376
-0.46379
-0.60025
-0.19101
-0.10916
-0.49129
-0.79165
-0.79179
-1.0104
-1.0653
-0.40982
0.21863
1.5855
2.4337
3.0089
3.1194
2.5457
1.9717
1.5616
1.343
1.234
1.5912
1.5097
1.0986
1.1267
1.2648
1.7883
2.0648
2.259
1.847
1.4621
0.69015
0.33152
-0.58059
-1.5494
-1.966
-2.0785
-1.4977
-0.97155
-0.66678
-0.63956
-0.52881
-0.16715
0.27884
1.0606
1.9277
1.9855
1.3996
0.56039
0.39266
0.056151
-0.11242
-0.53451
-0.22529
-0.084568
0
-0.31071
-1.2158
-2.2643
-2.9465
-2.7792
-2.1574
-1.4776
-0.22753
0.59783
0.91182
1.1693
0.48527
-0.45711
-1.1723
-1.5167
-1.0883
-0.60188
0.37286
0.057403
0.02872
-0.3736
-0.74764
-0.66174
-1.1514
-1.4976
-2.2474
-2.1906
-1.6435
-0.46147
0.54814
0.28855
-0.05772
-0.8659
-1.1257
-0.75049
-0.37523
-0.6638
-0.46171
-0.1154
0.14422
1.038
1.0088
1.9592
1.8719
2.1587
1.9273
1.5236
0.45963
0.28705
-0.086046
-0.028657
-0.40083
-0.57206
-0.4286
-0.34252
-0.31362
-0.056954
-0.17065
0.65334
1.2482
1.7848
1.7822
2.0056
1.0436
0.84487
-0.25306
0.056145
-0.084078
-0.13989
-0.30723
-0.11153
-0.055663
0.055562
0.36049
1.4116
2.0996
2.6746
1.9264
1.0987
0.46603
0.02736
-0.10922
-0.27252
-0.35357
-0.43429
-0.35216
0.24332
1.43
2.1811
2.7143
2.6553
1.9541
0.61448
-0.31998
-0.61211
-0.69064
0.18559
0.55574
1.083
0.8965
0.89491
1.4451
2.8328
2.5138
2.0391
0.9135
0.7557
1.3009
1.3769
1.1933
0.88078
1.2417
0.90424
1.0063
1.3143
2.0078
2.7254
3.3646
3.4637
3.0759
2.0231
1.0235
0.48575
-0.051093
-0.051057
0.10205
-0.22948
-0.71355
-1.1717
-1.5022
-1.7053
-1.0687
-0.83946
-0.3052
-0.63575
-0.38142
-0.178
0.15257
0.050863
0
0.1272
0.40716
0.66185
0.40744
0.7388
0.33135
0.53554
0.17862
-0.25533
-0.4599
-0.43467
-0.63971
-0.76829
-0.64079
-0.076965
0.41087
0.66833
0.36025
0.15456
0.23209
0.20654
0.12924
-0.05176
0.62189
1.3232
1.1951
0.93652
0.49495
0.99128
1.7241
2.4591
2.6199
3.3847
4.0204
4.0528
3.1628
1.8214
1.1104
1.0327
0.8752
0.77033
1.011
0.53295
0.2669
-0.64158
-0.5355
-0.40226
0.10744
-0.34973
-1.6436
-1.8081
-1.4596
-1.0016
-0.27113
-0.78748
-0.97905
-1.3074
-1.6366
-1.5844
-1.5867
-1.5068
-0.49383
0.13737
0.41266
0.85398
1.0482
0.93909
1.3551
0.69226
0.66539
-0.027758
-0.50023
-0.5008
-0.64063
-0.44614
-0.55827
-0.1956
0
0.36397
0.36432
-0.25245
-0.81418
-1.0116
-1.0124
-0.90064
-0.845
-1.1275
-1.4386
-0.8468
-0.11298
0.056525
-0.73526
-2.1787
-2.2082
-1.8411
-1.0202
-0.42528
0.28364
0.36888
0.82321
0.96549
0.71015
0.62513
0.3695
0.31274
0.2275
0.42666
0.6828
0.2561
-0.2846
-0.74007
-0.14234
0.37013
0.91119
0.19934
-1.6233
-3.076
-3.1046
-2.9623
-3.0764
-2.9055
-2.7916
-1.9086
-1.6807
-1.3104
-1.5382
-1.5667
-0.96849
-0.76908
-0.62665
-0.5127
-0.51269
-0.4842
-0.56964
-0.56964
-0.54115
-0.28482
-0.3133
-0.45572
-0.65511
-0.028484
0.39879
0.51275
0.14244
-0.34188
-0.7408
-0.65539
-0.28498
0.22802
0.51311
-0.76979
-0.99805
-1.1408
-0.96993
-0.62775
-0.51374
-0.45679
-0.28558
0.0857
0.37149
0.60032
0.057196
-0.5722
-1.1735
-1.5177
-1.3465
-1.5192
-1.7208
-1.9227
-2.2684
-2.0113
-1.8976
-0.83439
-0.25914
-0.086445
-0.43257
-0.89471
-0.66439
-0.31803
0.75241
0.66623
0.49292
0
-0.11623
0.058177
0.55331
0.52481
0.61302
0.29228
0.23412
0.61539
0.96836
1.3517
1.1182
1.1199
1.2397
0.85729
0.68101
-0.2076
-0.47531
-0.23806
-0.26829
-0.50768
-0.62828
-0.89921
-1.2012
-0.93277
-0.060298
0.63441
0
-0.75839
-1.4288
-1.6452
-1.832
-2.2952
-1.7176
-1.3527
-0.98608
-1.2664
-1.7959
-1.9244
-1.7114
-2.1212
-1.9702
-1.4109
-0.78589
-1.0716
-1.2009
-1.2041
-0.79431
-0.7009
-0.22363
0.60867
0.93162
-0.64431
-2.0999
-3.499
-2.8267
-1.2382
-0.55554
-0.42605
-0.36155
-0.82411
-0.66121
-0.72945
-0.56532
0.066702
-0.16724
0.40255
0.40372
0.37115
0.64294
0.50904
0.34033
0.068261
0.17113
0.034323
-0.58512
-0.58673
0.48451
1.1799
1.3918
0.76749
0.10493
0.38573
0.77339
0.98675
0.70653
0.84985
0.70985
0.96047
0.17826
-0.035728
0.32223
0.75338
0.8627
0.57622
0.14432
-0.10843
-0.28961
0.1813
0.29051
0.1091
0.29131
0.40105
-0.14601
-0.25578
-0.1463
0.073215
0.65945
1.3198
1.9441
2.0551
2.166
1.6525
1.5058
0.88147
0.95485
0.73436
0.91767
0.8806
1.5769
1.246
1.3549
1.1342
0.95029
0.73017
0.51048
0.8739
0.43629
1.1616
1.2683
0.83187
0.64974
-0.39623
-0.03594
-0.28685
-0.32191
0.24972
0.78273
1.2772
1.5211
1.4106
1.0195
1.0512
1.0476
1.2527
1.4562
1.209
0.79144
-0.1371
-0.34137
-0.40796
1.0156
1.7528
2.3826
2.2049
1.3302
1.1254
1.5153
1.508
0.97865
0.77902
0.096886
-0.25704
-0.92694
-1.5262
-1.2967
-0.031458
1.2515
1.1824
0.21662
-0.83089
-0.73444
-0.18258
-0.090773
-0.030086
-0.26922
-0.68407
-1.2124
-1.7346
-1.5492
-1.424
-0.75119
0.17234
0.42836
0.68139
0.53631
0.16838
0.22321
0.08322
-0.38613
-0.63072
-0.65438
-0.027111
-0.45828
-0.16084
0.10663
0.23858
0.47453
0.49816
0.96483
1.3746
1.5995
1.5397
1.5572
1.3714
1.4149
1.2821
0.97553
0.37336
0.61924
0.93673
1.2022
1.1478
0.75356
0.45978
0.50592
1.2713
1.9107
1.9741
1.1843
0.58975
-0.07049
0.16384
0.23317
0.67369
0.67125
1.2224
1.517
1.3057
1.4613
2.0256
2.5185
2.6015
2.2781
1.8893
1.7047
1.812
1.8074
1.4913
0.79938
0.59816
0.50842
0.94851
1.1227
1.3622
1.8422
2.3205
2.8412
2.4221
1.5251
0.56567
-0.086911
-0.52081
-0.62858
-0.82277
-0.7138
-0.71314
-0.25911
0.28049
0.2803
0.021548
-0.23691
-0.34443
-0.49494
-0.3442
-0.23658
-0.79564
-0.81707
-1.1826
-1.2901
-1.2688
-0.98939
-0.30119
0.04304
0.45208
0.25844
-0.12928
-0.62519
-0.64713
-0.30219
0.2376
0.88624
0.86531
0.43302
-0.54175
0.32535
