1.2787
1.2634
1.0805
0.80324
0.037464
-0.30056
-0.79123
-1.2281
-1.7056
-1.7678
-1.1059
-0.28691
0.63322
1.3091
1.8735
2.1317
2.1001
1.2878
0.23497
-0.58952
-0.76914
-0.63339
-0.31787
0.19941
0.58049
0.92431
1.3918
1.7213
1.8705
1.5514
0.84032
-0.082318
-0.84724
-1.245
-1.0419
-0.50223
0.084064
0.71763
0.91153
0.83036
0.5774
0.64441
0.97094
1.5388
1.7417
1.6184
0.87882
0.37522
-0.044347
-0.42325
-0.31332
-0.089939
0.11295
0.22696
0.41046
0.87063
1.151
1.4803
1.557
1.6111
1.2904
0.91934
0.35528
-0.35697
-0.8369
-1.1292
-0.77245
-0.33955
0.41427
1.0773
1.6235
2.0019
2.2596
2.5694
2.6566
2.4171
1.6441
0.35573
-0.71469
-1.3076
-1.6483
-1.2159
-0.10394
0.65247
0.76015
0.052651
-0.23794
-0.45135
-0.31993
-0.32126
-0.4301
-1.2415
-2.4388
-3.2918
-3.1681
-2.6319
-2.2016
-1.2706
-0.69308
-0.33388
-0.11169
-0.50434
-0.87155
-1.0155
-0.67923
-0.19874
0.11392
0.22855
0.3725
0.057475
0.028819
-0.23119
-0.57953
-0.63915
-1.2524
-1.2555
-1.6974
-1.8186
-1.7932
-1.9149
-1.7121
-1.1239
-0.88895
-0.68273
-0.92175
-1.1019
-0.86495
-0.89604
-0.98695
-1.1379
-1.2891
-1.1104
-0.66085
-0.24051
-0.12035
0
-0.48201
-0.93435
-1.3569
-1.4176
-1.3274
-1.0258
-0.69397
-0.24137
-0.15083
0.090475
0.24119
0.060271
-0.42168
-0.42142
-0.57152
-0.45085
-0.42042
-0.15001
-0.53945
-0.59871
-0.89697
-1.075
-1.3418
-1.3696
-1.1594
-1.0685
-1.0666
-1.0056
-1.3284
-1.4142
-1.3525
-0.96825
-0.79049
-0.70108
-0.43716
-0.58149
-0.8991
-1.4176
-1.4716
-1.6404
-1.8082
-1.4597
-0.85623
-0.25613
0.227
0.02829
-0.42305
-0.8716
-0.86886
-0.89402
-1.2531
-1.5821
-1.7428
-1.8196
-1.3463
-0.71192
-0.35472
-0.05438
-0.16256
-0.37795
-0.86077
-1.1525
-0.77439
-0.37246
-0.23855
-0.079221
-0.078924
0.026209
-0.02611
-0.28612
-0.31095
-0.54208
-0.25715
-0.97343
-1.429
-2.0082
-1.9246
-1.7154
-1.3821
-0.9763
-0.87282
-1.1676
-1.1879
-1.0848
-1.3509
-1.2479
-1.0238
-0.65573
-0.21776
-0.048213
0.2642
0.35896
0.57225
0.64147
0.47347
0.02359
-0.51715
-0.96042
-1.494
-1.5587
-1.8317
-1.6638
-2.0269
-1.9743
-1.9222
-1.7108
-1.3871
-1.4055
-1.582
-1.8927
-1.8871
-1.7024
-1.8316
-2.0046
-2.3989
-2.5253
-2.4524
-2.3578
-2.154
-2.3898
-2.3403
-2.1383
-1.7415
-1.5856
-1.452
-1.7517
-1.7912
-1.8091
-1.7626
-1.9309
-2.3556
-1.988
-1.7286
-1.1931
-0.97848
-1.0832
-1.5058
-2.012
-2.4112
-2.9151
-3.2703
-3.4352
-2.9684
-2.4397
-1.786
-1.3016
-1.0908
-0.98522
-0.92172
-0.60714
-0.54404
-0.56471
-0.66902
-0.8569
-1.0447
-1.2952
-1.0862
-1.3576
-1.3994
-0.93998
-0.66852
-0.31343
-0.14631
0
0.083666
-0.18834
-0.46062
-0.83799
-0.90143
-0.75523
-0.62985
-0.42026
-0.48373
-0.46315
-0.65329
-0.92827
-0.57027
-0.042294
0.16939
0.36043
0.36093
0.29767
0.021294
-0.49052
-0.72629
-0.92007
-1.0503
-1.0092
-1.1616
-1.1853
-0.86373
-0.69236
-0.75881
-0.89074
-1.3716
-1.571
-1.5526
-1.2931
-1.0325
-0.99091
-1.1478
-1.1285
-1.2422
-0.82283
-0.60199
-0.15648
0.24655
0.49443
0.47324
-0.13559
-0.63451
-0.84083
-1.0484
-1.1657
-1.5588
-1.4025
-1.2453
-0.53199
0.20881
0.79125
0.86374
0.63227
0.46982
-0.21209
-0.89837
-1.5891
-1.737
-1.3368
-0.5748
-0.28835
-0.33752
-0.53216
-0.63102
-0.77924
-1.0751
-1.3484
-1.2546
-1.1848
-0.71825
-0.024852
0.52368
0.47543
0.40174
0.075586
0.10113
0.38054
0.891
0.91962
0.99969
0.84882
0.7485
0.80288
0.83164
0.93881
0.68036
0.47263
0.36886
0.34368
0.39791
0.55896
1.1751
1.8222
2.4468
2.7787
2.7068
2.0912
1.3896
1.2575
0.87767
1.4584
1.9048
2.271
2.3061
2.0626
1.7336
1.15
0.78782
0.64915
0.99088
1.0223
1.0539
0.85707
0.80232
0.11496
-0.057647
-0.26016
-0.34788
-0.11629
-0.029155
-0.11694
-0.32249
-0.49975
-0.38319
-0.56155
-0.7112
-0.62392
-0.50638
0.32849
1.2873
1.9208
1.8352
1.9904
1.8742
1.6362
1.0326
0.51745
-0.091519
-0.70319
-1.103
-1.351
-1.2615
-0.67828
0.21625
0.58812
1.1785
1.7089
1.8055
1.4033
0.90598
1.1892
1.1912
1.256
1.0378
0.53548
0.031546
-0.50549
-0.44294
-0.41187
-0.28553
0.063534
0.57253
0.95537
1.0203
0.86182
0.67104
0.79969
1.2488
1.314
0.99445
0.64213
0.70692
0.8361
1.2872
1.1593
0.87002
0.35466
0.19356
0.19365
0.38747
0.51683
0.80783
0.77575
0.77594
1.0025
1.2937
1.3585
1.2939
1.2616
1.585
1.4555
1.908
2.1986
2.4567
2.5529
2.229
1.8729
1.743
2.0002
2.1603
2.2879
2.222
2.0918
1.7043
0.99606
0.80258
0.93015
1.0254
1.2484
1.8227
2.2998
2.4247
2.0394
1.8458
1.3666
1.4282
1.2994
0.47469
-0.37916
-1.1041
-1.2913
-1.2262
-0.4708
0.78325
1.8763
2.4345
2.9593
2.829
2.9783
2.6005
2.0388
0.73973
-0.55354
-1.5647
-2.6935
-3.5418
-3.5939
-2.6127
-1.5757
-0.12089
1.085
1.8936
2.4878
2.6003
2.5332
1.4263
-0.17775
-1.9494
-3.2978
-3.6397
-3.3648
-2.479
-1.7151
-0.75328
-0.25987
-0.25899
-1.061
-1.486
-1.7085
-1.7024
-1.8375
-1.7181
-1.6556
-1.3978
-0.86333
-0.3884
0.5527
1.3763
2.3305
2.2393
1.7135
0.62303
-0.35071
-1.1552
-1.6855
-1.5719
-1.6979
-1.6642
-1.5782
-1.4928
-1.1473
-0.64905
-0.025848
0.20587
0.66611
0.58662
0.2793
-0.45497
-1.4594
-1.9036
-2.4684
-2.0848
-1.4823
-0.76232
-0.58746
-0.46291
-0.41226
-0.43448
-0.55258
-0.76522
-0.78544
-1.0187
-1.0375
-1.0561
-0.86426
-0.44173
0.04628
0.57579
0.57309
0.61605
0.47691
0.13563
-0.13499
-0.29113
-0.40124
-0.79877
-0.773
-0.90136
-0.74406
-0.6971
-0.43371
-0.1727
-0.32236
-0.55626
-0.68158
-1.0391
-1.1612
-0.92488
-0.89995
-0.50013
-0.39425
-0.53721
-1.1933
-1.5572
-1.3875
-1.1989
-0.85002
-0.40315
0.14054
0.23998
-0.11952
-0.43657
-0.83029
-1.0635
-1.0596
-1.1535
-1.4805
-1.5335
-1.5281
-1.3494
-0.86451
-0.45954
0.057255
0.19024
0.28446
0.43482
0.35811
-0.018792
-0.46843
-0.91552
-1.621
-2.0998
-2.4649
-2.44
-2.1573
-1.821
-1.7066
-1.5562
-1.498
-1.2031
-1.3097
-1.4342
-1.7214
-1.5916
-1.5165
-1.514
-1.9074
-2.3357
-2.2964
-1.9349
-1.324
-1.0722
-0.91037
-1.266
-1.5142
-1.7264
-1.8318
-1.7416
-2.0246
-1.8638
-1.8274
-1.6494
-1.5602
-1.5067
-1.6483
-1.6306
-1.4002
-1.1877
-1.1703
-1.348
-1.597
-2.0948
-1.9539
-1.8308
-1.6365
-1.6735
-1.7642
-1.6947
-1.6608
-1.5556
-1.4143
-1.3804
-1.4723
-1.1689
-0.84656
-0.72173
-0.63267
-1.0142
-1.1977
-1.3093
-1.5491
-1.4796
-1.4098
-0.9544
-0.4416
0.073793
0.22198
0.092748
-0.018603
-0.18658
-0.16843
0
-0.075331
-0.30232
-0.77729
-1.2936
-1.6036
-1.6094
-1.3653
-1.0037
-0.89133
-0.42796
-0.31248
-0.50985
-0.98454
-1.3051
-1.4894
-1.4959
-1.2421
-0.80494
-0.56603
-0.6905
-0.73455
-1.2096
-1.4214
-1.4284
-1.3938
-1.2753
-1.1137
-1.0772
-0.57321
-0.064023
0.75088
0.79802
0.47706
0.13081
0.17537
0.28656
0.86445
1.2705
1.6139
1.533
0.97492
1.1174
0.82567
0.78435
0.5337
0.1167
-0.54002
-0.85027
-0.9979
-1.1234
-1.4187
-1.8143
-2.0929
-1.9587
-1.2316
-0.34695
0
-0.025084
-0.17666
-0.38087
-0.40874
-0.28272
-0.41374
-0.44227
-0.52349
-0.57933
-0.87426
-1.6525
-2.0647
-2.4278
-2.2524
-1.829
-1.071
-0.19337
0.55575
1.2298
1.2651
0.65037
-0.31284
-0.65788
-1.0644
-1.0125
-0.72729
-0.61433
-0.82363
-1.0943
-0.59474
-0.14948
0.51095
0.75536
0.42521
-0.58004
-1.8717
-2.3437
-2.5723
-2.0867
-1.6586
-1.7294
-1.6744
-1.2696
-0.57391
-0.22419
-0.38603
-0.7754
-0.9085
-0.5539
0.26173
1.2811
1.3851
1.0263
0.39877
-0.3669
-1.2051
-1.6797
-1.4495
-1.2176
-0.74653
-0.51061
-0.47805
-0.71923
-0.20609
0.27557
0.41448
0.27705
0
0.10441
-0.069774
0.3147
0.38547
0.28092
0.035185
0.21151
0.17658
0.77828
1.4528
1.5969
1.386
0.46262
-0.14252
0.32104
0.3928
0.5719
-0.32198
-1.2531
-1.1107
-0.35851
0.32282
0.78946
0.39487
-0.32316
-0.82598
-0.75422
-0.035915
0.17956
0.17953
0.14359
0.035885
-0.17935
-0.6812
-0.8958
-1.504
-1.2166
-1.0011
-0.7859
-1.0707
-1.4974
-1.6382
-1.3162
-1.2435
-0.88705
-0.77954
-0.74304
-1.0599
-0.63496
-0.35218
0.035159
0.35098
0.56057
0.17486
0.13962
-0.3832
-0.86917
-0.86739
-0.4501
0.069097
0.41367
0.89429
0.68635
0.20543
-0.68314
-1.3289
-1.8356
-2.2719
-2.4015
-2.0918
-1.9855
-1.7118
-1.6069
-1.6694
-1.0989
-0.79704
-0.76176
-1.6184
-2.6351
-3.3176
-3.4394
-2.9725
-2.0195
-1.2018
-1.3279
-1.2273
-1.0306
-1.4451
-1.6651
-2.2351
-2.4516
-2.3175
-2.026
-1.2311
-0.97575
-0.81603
-1.3145
-1.4356
-1.4315
-1.6136
-1.114
-0.74059
-0.30772
0.33755
0.52023
0.45777
0.18261
-0.060705
-0.45407
-0.15095
0.21077
0.5706
0.65898
0.59753
0.56621
0.68368
0.83023
1.1535
0.97368
0.67699
0.85157
1.289
1.5491
1.8663
1.7457
1.7418
1.0718
0.75152
0.17306
-0.20149
-0.17235
0.14334
0.60084
1.0851
1.4536
1.7639
1.9027
1.7292
1.5282
0.84755
0.28205
0
0.028116
0.14037
0.22426
0.47587
0.25158
0.1675
0.30668
0.58476
0.86217
0.77783
0.99896
0.74842
0.9415
1.1342
0.69096
-0.055228
-0.85532
-1.1028
-1.2948
-1.0461
-0.74282
-0.5774
-0.54961
-0.19226
0.21963
0.16466
0.10973
0.1097
0.21933
0.19187
0.16443
0.24662
0.3014
0.1644
-0.137
-0.24661
-0.13702
0.52076
1.0691
1.0694
0.96002
0.82315
0.68623
0.60414
0.7418
0.85215
0.79763
0.74308
0.55079
0.35827
-0.02758
-0.16561
-0.221
-0.41474
-0.66421
-0.80337
-1.1647
-1.7766
-1.8898
-2.031
-1.922
-2.0918
-2.4016
-2.6005
-2.492
-2.3273
-2.1902
-1.9685
-2.056
-1.0719
-0.53683
0.1698
0.59531
0.14198
-0.4836
-0.85495
-0.74232
-1.0584
-1.2037
-1.5219
-1.007
-0.51895
-0.20223
0.057901
0.029012
0.17445
0.49537
0.58409
0.14635
-0.49875
-1.2351
-1.9455
-1.8615
-1.8364
-2.0785
-2.9172
-3.3424
-3.3808
-3.3896
-3.1579
-3.4075
-4.0516
-4.3051
-4.0129
-3.3228
-2.9347
-3.1269
-3.5354
-3.8847
-3.7723
-2.3878
-1.3374
-0.62388
-0.53188
-0.56486
-0.56658
-0.66302
-0.3167
0.15884
0.063733
-0.25573
-0.44894
-0.73987
-0.51633
-0.55036
-0.97434
-1.8898
-2.5497
-2.9516
-3.4219
-2.6078
-1.8216
-0.6978
-0.66678
-0.63555
-0.50342
-0.13469
0.2365
0.23729
-0.068026
-0.068255
-0.47939
-0.61844
-1.5513
-2.0754
-2.013
-1.776
-1.3277
-0.31552
0.1407
0.35294
0.070825
0.17765
0.46344
0.46498
0.17943
-0.61209
-1.9507
-2.5008
-2.5453
-2.1158
-2.1959
-1.8358
-1.5102
-1.1085
-1.1491
-0.89242
-0.7087
-0.44899
0.4879
0.71525
0.49086
0.18936
-0.72168
-1.7142
-2.4833
-2.3371
-2.2669
-2.0806
-2.009
-1.5109
-0.54382
0.23368
1.2105
2.1531
2.3547
1.731
1.0253
0.15812
-0.1981
-0.47651
-0.67655
-0.79765
-0.87926
-0.36043
-0.080254
0.40204
0.84586
0.64563
0.040422
-0.85028
-0.81109
-1.0154
-0.77286
-0.85542
-1.7131
-2.9405
-3.8844
-4.1753
-3.6059
-2.2559
-0.61579
0.2876
0.041115
0.12343
-0.37049
-0.70015
-1.0712
-0.98914
-0.5359
-0.2886
0.28862
0.04123
-0.53591
-0.74187
0.28842
1.4415
2.1406
2.3039
1.3978
0.45188
-0.32835
-1.0251
-1.4336
-1.5546
-0.81718
-0.85686
-0.97783
-0.93561
-0.52794
-0.20269
-0.040462
0.12115
0.080595
-0.28146
-0.68199
-0.92048
-1.7964
-2.0705
-2.6208
-2.5342
-2.29
-2.2437
-1.5304
-1.6036
-1.1305
-0.77698
-0.27098
0
0.076852
0.34451
0.076254
-0.11392
-0.68068
-1.1673
-2.212
-2.1275
-1.449
-1.0725
-0.84655
-1.1355
-1.3121
-1.5594
-1.9843
-2.5482
-3.3915
-3.3022
-2.7191
-1.51
-0.48884
1.1109
2.4505
3.1909
3.3423
2.5423
1.1791
-0.36827
-1.0646
-1.3222
-1.051
-0.71782
0.032413
0.57955
1.3112
2.0964
2.2397
1.6603
1.0266
0.55602
-0.030671
-0.27407
-0.48373
-0.30014
-0.59591
-0.53239
-0.088076
0.34969
1.3594
1.9808
1.9659
1.3289
0.50509
0.08354
-0.30397
-0.60327
-0.73468
-0.324
0.26792
1.0634
1.7145
1.4395
1.0647
0.59262
0.33235
-0.050732
-0.27685
-0.72418
-1.338
-1.303
-0.87814
-0.31464
0.096061
0.095317
-0.023645
-0.42233
-0.60534
-0.62381
-0.7566
-1.2059
-1.2193
-1.1205
-0.9786
-0.94919
-1.1612
-1.4353
-1.4679
-1.1143
-1.0424
-0.95033
-1.0693
-1.0825
-1.1368
-1.1493
-0.89672
-0.80955
-0.76378
-0.71865
-0.47586
-0.47268
-0.46954
-0.69969
-0.88824
-1.1895
-1.4298
-1.3071
-1.1672
-1.1226
-0.94841
-0.86878
-0.75339
-0.80379
-0.61753
-0.54178
-0.41304
-0.42862
-0.76377
-0.90101
-0.87869
-0.52448
-0.46963
-0.34613
-0.30999
-0.23994
-0.017057
0.1528
0.47321
0.40379
0.48578
0.45034
0.44846
0.26466
-0.016475
-0.44309
-0.86646
-0.99355
-0.9575
-0.87327
-0.87028
-0.73888
-0.57639
-0.51074
-0.5251
-0.39664
-0.39551
-0.50487
-0.6609
-0.91035
-1.0021
-1.2184
-1.4183
-1.7263
-2.0953
-1.9208
-1.8709
-1.7596
-1.6488
-1.6617
-1.6593
-1.6417
-1.4864
-1.2245
-1.055
-0.80959
-0.73258
-1.0675
-1.4326
-1.6146
-1.5681
-1.4458
-1.3693
-1.4604
-1.5819
-1.4907
-1.5669
-1.3998
-1.5829
-1.6291
-1.4319
-1.3413
-1.2354
-1.0379
-0.99292
-1.1009
-1.1173
-0.98063
-0.9818
-0.89089
-0.78444
-0.78558
-1.0182
-1.3907
-1.78
-1.8607
-1.4913
-1.2296
-0.95138
-1.1097
-1.0808
-1.2716
-1.3847
-1.5142
-1.4864
-1.5377
-1.6053
-1.3069
-1.0867
-1.0417
-1.1091
-1.3864
-1.2936
-0.87588
-0.16271
0.22853
0.27842
0.14789
0.065954
0.28127
0.41509
0.68319
0.60205
0.48677
0.45489
0.62573
0.81487
0.93732
1.1463
1.0993
1.0865
1.0563
1.0432
1.2046
1.122
1.1443
1.0608
1.1008
1.2661
1.4148
1.2771
1.0479
0.83475
0.56505
0.43941
0.423
0.62812
0.87222
1.1372
1.442
1.712
1.6065
1.5949
1.4306
1.2072
0.96257
1.0831
1.3796
1.5031
1.4316
0.7093
0
-0.17898
-0.019979
0.46164
0.66542
1.1547
1.3432
1.472
1.3966
1.5474
1.2436
0.97858
0.9621
0.81937
0.65422
0.14839
-0.31939
-0.64161
-0.98814
-1.1651
-1.1268
-0.50055
0.52456
1.3609
1.4989
1.3282
0.86691
0.24553
-0.5379
-1.1477
-1.4009
-1.4745
-1.6854
-1.5319
-1.1477
-0.66823
-0.25443
0
-0.16313
0.02339
0.30518
0.51833
0.37831
-0.023728
-0.19048
-0.23892
-0.2637
0.048106
0.14479
0.19369
0.12144
0.26802
0.31774
0.63742
0.88525
1.0605
0.89049
1.0171
0.7712
0.52388
0.30018
0.30099
0.30179
0.27736
0.45502
0.88698
1.321
1.2988
1.0721
0.56289
0.41031
0.51403
0.51516
0.28395
-0.10347
-0.25921
-0.62335
-0.80675
-0.73008
-0.70534
-0.47109
-0.052438
0.31518
0.52621
0.60616
0.65995
0.74033
0.68852
0.66305
0.63748
0.50541
0.63931
1.1203
1.9232
2.5676
2.678
2.5741
2.1208
1.962
1.9374
1.6163
0.94385
0.26996
-0.18916
-0.40575
-0.10831
0.56914
1.1122
1.4933
1.5489
1.3054
0.70768
-0.081719
-0.62699
-0.90026
-1.1193
-1.0108
-0.92946
-1.1489
-1.3412
-1.2325
-1.014
-0.5484
-0.082304
-0.32939
-0.63165
-1.3738
-1.7593
-1.8976
-1.8159
-1.4864
-1.1015
-1.2121
-1.1299
-0.77189
-0.19304
0.13793
0.35873
-0.19322
-0.66265
-1.0771
-1.2431
-1.5197
-1.7965
-1.7416
-2.129
-2.4059
-2.7382
-2.5727
-2.2134
-1.5219
-1.0239
-0.96869
-1.7992
-2.5744
-3.1005
-3.1837
-2.6855
-1.8826
-0.52603
0.66446
1.4673
1.8271
1.3011
0.47057
0.19375
-0.05535
-0.27672
-0.58103
-0.77459
-1.2723
-1.1338
-1.1336
-0.91219
-0.66325
-0.22103
0.27621
0.2209
-0.27604
-0.71745
-0.85511
-1.0202
-0.93713
-1.6806
-2.2031
-2.7801
-2.6411
-2.5023
-1.9238
-1.3459
-1.0431
-1.1522
-1.4805
-1.6438
-1.807
-1.8877
-1.6402
-1.7209
-2.0197
-2.2907
-2.0708
-1.7422
-1.251
-1.2227
-1.3572
-1.7625
-2.2482
-1.8398
-1.5134
-1.1068
-0.97063
-1.4811
-1.6943
-2.0413
-2.2263
-2.2768
-1.6049
-0.58761
0
-0.026629
-0.26587
-0.37163
-0.13251
0.34394
0.87157
0.92277
0.4474
0
-0.07866
-0.23553
-0.15671
-0.20854
0.15608
0.36344
0.77717
0.7755
0.64484
0.41178
0.20542
-0.076856
-0.56229
-0.68844
-1.2972
-1.8269
-2.0248
-1.4138
-0.5288
0.12558
0.32564
0.024982
-0.49828
-0.86959
-0.71851
-0.71648
-0.6898
-1.0808
-1.5185
-1.8071
-1.7287
-1.2865
-1.0406
-0.53075
0
0.1918
0.047797
-0.23822
-0.45117
-0.35503
-0.58977
-0.84647
-1.1952
-1.308
-1.3501
-1.2296
-1.0867
-0.80644
-0.7807
-1.0068
-1.3454
-1.2725
-0.79252
-0.15795
0.67452
1.1426
1.3395
1.0233
0.133
-0.68469
-1.3865
-1.6447
-1.7043
-1.5675
-1.4318
-0.9943
-0.60305
-0.42921
-0.14968
0.23437
0.65815
0.78273
0.56914
0.16804
-0.56511
-0.91767
-1.0807
-0.80769
-0.45403
-0.26736
0.04099
0.26552
0.65136
0.93315
1.0311
1.2291
1.6669
1.6213
1.0375
0
-0.7929
-1.2053
-0.80758
0.039271
1.0375
1.7954
2.3737
2.7934
2.6304
1.9285
1.2884
0.49857
-0.11474
-0.80095
-1.3123
-1.6313
-1.419
-0.81146
-0.33883
-0.07511
0.28099
0.78491
1.0068
1.079
1.1694
1.0002
0.49907
0.14757
-0.5339
-0.67987
-0.8987
-0.98863
-0.78587
-0.38315
0.3461
0.83663
0.94434
0.68911
0.19921
-0.25321
-0.70449
-1.0104
-1.568
-2.0345
-2.4102
-2.2284
-1.7956
-1.2739
-0.4841
0.017918
0.25072
0.1074
0.035785
-0.62602
-1.3769
-2.3063
-3.0925
-3.2175
-2.6992
-1.6626
-0.82248
0
0.91238
1.6644
1.9158
1.5765
1.1831
0.60989
0.14361
-0.34136
-0.9351
-1.53
-1.9641
-2.0385
-2.1312
-1.8265
-1.3401
-0.59844
0.12713
0.32743
0.072881
-0.73006
-1.3348
-1.9051
-1.8904
-2.0046
-1.677
-1.4221
-0.99952
-0.79773
-0.50209
-0.44738
-0.65406
-0.44965
-0.18785
-0.018836
-0.1511
-0.28412
-0.094982
0.13337
0.64976
1.1118
1.2115
1.5048
1.4904
1.3206
1.1692
1.0363
1.04
1.2603
1.5416
1.8051
1.8119
1.379
1.1436
0.52367
0.080883
-0.16241
0
0.1842
0.32882
0.4953
0.72536
0.68683
0.45986
0.16795
-0.10543
-0.063536
0.234
0.70516
0.85861
1.0566
1.1914
1.2622
1.4648
1.3838
1.3461
1.0421
1.0025
1.0296
0.89958
0.83609
0.47682
-0.068445
-0.41265
-0.29947
0.27777
0.76759
1.1687
1.5032
1.6285
1.2332
0.50046
-0.455
-1.2754
-1.5475
-1.2878
-0.85451
-0.53971
-0.0986
0.32199
0.5475
0.72514
1.2059
1.7669
2.1302
2.2676
1.7406
0.97715
0.36165
-0.1557
-0.36493
-0.57603
-0.2104
0.3434
0.66326
0.93258
1.0168
0.6718
0.37778
0.13548
0
-0.27317
-0.63078
-0.82599
-1.7137
-2.4971
-2.9799
-3.2425
-2.7493
-2.0552
-0.4803
0.31185
1.1663
1.3128
0.83034
-0.31596
-1.5271
-2.2831
-2.9565
-2.9359
-2.5944
-1.9876
-1.1137
-0.82272
-0.23565
-0.088582
0
0.14832
0.29728
-0.11916
-0.2985
-0.92713
-0.89887
-0.66033
-0.42091
-0.63237
-1.327
-1.812
-1.8749
-1.9378
-1.7582
-1.3959
-1.1543
-0.94247
-1.3083
-1.4311
-1.7366
-1.6766
-1.6164
-2.0746
-2.4414
-2.7471
-2.5947
-2.4421
-2.1978
-1.7091
-1.7087
-1.4946
-1.1281
-1.3104
-1.6447
-1.9479
-1.9161
-1.9145
-1.427
-0.84926
-0.12119
0.42369
0.81611
0.84523
0.42203
0.030101
0.090165
0.69015
1.1383
1.4952
1.6417
1.4598
1.1596
0.59347
0.20728
0
0.32429
1.1766
1.8781
2.6346
3.0077
3.2331
2.8471
2.4918
1.7338
0.72043
-0.17242
-0.3152
-0.25714
-0.48427
-0.59642
-0.82113
-0.50809
-0.22511
0.14025
0.16776
-0.083606
-0.3611
-0.77518
-1.3244
-1.4299
-1.6169
-1.7206
-1.7146
-1.4916
-1.2702
-1.3734
-1.5831
-1.5507
-1.4385
-0.98209
-0.44959
-0.1054
0.15752
0.28772
0.15636
0.23366
0.18106
0.38655
0.25674
-0.12789
-0.56063
-0.66008
-0.78409
-0.83156
-0.80335
-0.75034
-1.0217
-1.5144
-1.6819
-1.8482
-1.4731
-1.3454
-1.4867
-1.5784
-1.621
-1.3259
-1.4412
-1.2206
-1.0494
-1.0932
-1.5156
-2.0766
-2.4692
-2.5309
-2.2887
-1.3267
-0.51032
-0.39302
-0.57605
-1.4928
-2.1747
-2.3502
-1.956
-1.6097
-1.2657
-0.7886
-0.31447
-0.11197
-0.33491
-0.48975
-0.71028
-1.1066
-1.3242
-1.5185
-1.624
-1.8823
-2.2701
-2.7213
-2.5622
-1.7759
-0.79932
-0.30169
-0.23647
0.12867
0.34232
0.83248
0.85189
0.595
0.021204
-0.5078
-0.95013
-1.5382
-1.7874
-1.595
-1.173
-0.75268
-0.54261
-0.29165
-0.33274
-0.020761
0.10363
0
-0.61983
-1.2171
-1.5655
-1.6661
-1.3352
-0.90259
-0.36876
-0.18415
-0.081743
-0.24494
-0.40777
-0.63135
-0.38655
0
0.26396
0.40571
-0.10134
-0.83024
-1.4163
-1.4759
-1.5556
-1.6352
-1.7754
-1.4113
-1.0075
-0.58402
-0.30192
-0.34201
-0.60326
-0.80401
-1.0247
-1.3055
-1.5259
-1.5255
-1.7859
-1.8055
-1.6246
-1.3035
-0.88219
-0.50118
-0.12027
-0.22047
-0.42087
-0.62126
-1.002
-1.002
-1.1223
-0.88181
-0.44093
-0.22048
0
-0.38091
-0.84211
-0.9826
-0.72202
-0.78231
-0.8627
-0.86286
-0.82289
-0.48179
-0.68269
-0.62259
-0.92406
-0.96446
-0.8843
-0.94483
-1.0456
-0.94531
-0.58342
-0.32197
-0.12077
-0.28187
-0.72499
-1.2288
-1.4507
-1.2697
-0.90714
-0.64523
-0.38319
-0.12104
-0.040354
-0.060544
-0.46426
-1.1306
-1.6356
-1.858
-1.9997
-2
-1.879
-1.9803
-2.1422
-2.2232
-2.0415
-1.799
-1.7991
-1.8193
-1.9002
-1.9406
-2.1831
-2.1628
-2.6072
-2.708
-2.5057
-2.1618
-1.7171
-1.4542
-1.2924
-1.1911
-1.1707
-1.1703
-1.0893
-1.5124
-1.7941
-2.1764
-2.2964
-2.2954
-1.9523
-1.4685
-1.0858
-0.623
-0.24103
-0.040149
-0.1605
0.1203
0
-0.12015
-0.46024
-0.61988
-0.45957
-0.019966
0.51871
0.73756
0.83654
1.0149
1.5111
1.7481
1.8259
1.7646
1.5846
1.3258
1.0675
0.84915
0.78907
0.72911
0.80704
0.76681
0.54991
0.62774
0.66619
0.88068
0.9969
1.1519
1.0334
0.72056
0.77799
0.5439
0.5044
0.38749
0.25154
0.077293
0.11579
0.23126
0.59661
0.67267
0.76771
0.84332
0.78474
0.78365
0.91617
1.0293
0.87554
0.62723
0.43655
0.17058
0.32176
0.71823
1.2646
1.489
1.5058
1.2781
1.0699
0.78726
0.76746
0.61688
0.29869
0.1305
-0.037236
0.14875
0.44567
0.77891
0.79643
0.46246
0.092376
-0.23988
-0.42389
-0.40497
-0.036772
0.33056
0.31184
0.34814
0.16473
-0.054849
0.073055
0.091224
-0.23694
-0.60087
-0.74582
-0.78146
-0.5084
-0.61679
-0.83377
-1.485
-1.7915
-1.6816
-1.59
-1.4444
-1.3171
-0.88353
-0.50456
-0.37819
-0.28799
-0.43175
-0.84509
-1.1682
-1.0599
-1.0415
-0.80779
-0.64602
-0.50231
-0.66359
-0.75309
-0.86051
-0.86037
-0.86026
-0.98563
-1.2723
-1.5052
-1.4873
-1.3261
-1.1649
-1.2726
-1.4879
-1.6675
-1.7934
-1.7221
-1.6688
-1.8488
-2.0829
-2.3711
-2.6776
-2.6428
-2.2124
-1.7277
-1.4225
-1.6215
-1.6045
-1.7498
-1.8773
-1.8786
-1.8981
-2.0985
-2.1001
-2.0475
-1.9766
-1.942
-1.9982
-2.0364
-2.0565
-1.9491
-2.0604
-1.8435
-1.7174
-1.1705
-0.91542
-0.91639
-1.1742
-1.5613
-1.9124
-1.6936
-1.2164
-0.53507
-0.22166
-0.18493
-0.12961
-0.42635
-0.66812
-1.1706
-1.7115
-2.2909
-2.6479
-2.8191
-2.5982
-1.8153
-0.93681
-0.37516
-0.16902
-0.15042
-0.094119
-0.056536
0.018867
0.16999
0.2269
0.11358
0.094748
0.1897
-0.018989
-0.19008
-0.34249
-0.49519
-0.61004
-0.62968
-0.61115
-0.57344
-0.30609
-0.09573
0.17245
0.55607
0.95942
1.1713
1.0375
0.51906
-0.057705
-0.51961
-0.96269
-0.78974
-0.90566
-0.69393
-0.13497
0.67501
1.3889
1.6784
1.7558
1.6594
1.7365
1.8329
2.1606
2.2374
1.7934
1.523
1.1948
1.1173
1.2901
1.4819
1.731
1.826
1.9208
1.9577
1.9178
1.7053
1.3591
1.0327
0.95514
1.1258
1.296
1.123
0.8364
0.66439
0.41701
0.7949
1.2661
1.8488
1.9586
1.9364
1.8578
1.8168
1.6637
1.4738
1.2287
0.85452
0.79703
0.75824
0.79338
1.1228
1.3221
1.5752
1.4067
1.2573
0.99952
0.72495
0.5422
0.63078
0.82665
0.7884
0.46449
0.39184
0.10654
0.19471
0.24703
0.14071
-0.21038
-0.29706
-0.45282
-0.38187
-0.086494
0.18964
0.3436
0.29104
0.40943
0.22099
-0.18632
-0.60759
-0.75673
-0.63669
-0.46742
-0.18295
-0.11599
0.033018
0.18092
0.27856
0.26119
0.26021
0.34024
0.25825
0.19296
-0.17621
-0.33513
-0.60415
-0.41181
-0.14201
-0.094321
-0.015661
-0.062412
0
-0.18585
-0.24689
-0.29211
-0.24509
-0.38157
-0.44103
-0.53038
-0.33221
-0.090284
0.11996
0.20921
0.37231
0.53433
0.50296
0.38335
0.14697
0.014649
-0.16064
-0.46585
-0.49345
-0.6656
-0.92332
-1.1796
-1.1188
-0.87254
-0.85589
-0.75401
-1.0075
-1.2596
-1.5671
-1.9013
-2.0093
-2.0607
-1.8743
-1.8145
-1.8525
-2.099
-2.4141
-2.8528
-3.0274
-2.8291
-2.5489
-2.5175
-2.5551
-2.675
-2.7401
-2.5042
-2.31
-2.0209
-1.6916
-1.5266
-1.4029
-1.47
-1.3195
-1.1421
-1.196
-1.3994
-1.6165
-1.7521
-1.7113
-1.63
-1.345
-1.0192
-0.99239
-0.99286
-1.3336
-1.566
-1.7171
-1.8005
-1.5974
-1.4625
-1.1221
-0.91799
-0.8781
-1.0031
-1.156
-1.1993
-1.1186
-0.85785
-0.42978
-0.36122
-0.33417
-0.43263
-0.67148
-0.95366
-1.2796
-1.5791
-1.8239
-1.9143
-1.7779
-1.5837
-1.3598
-1.1345
-1.0087
-0.88212
-0.79824
-0.69924
-1.009
-1.2038
-1.3118
-1.4356
-1.6051
-1.7314
-1.4392
-1.1746
-0.7564
-0.45596
-0.12217
0.1381
0.43178
0.44944
0.23366
-0.28184
-0.72406
-1.0128
-1.1297
-1.0719
-0.70785
-0.30739
0.097628
0.50734
0.70786
0.9439
0.99954
0.88828
0.47216
0.25451
0.27317
0.30925
0
-0.26101
-0.4028
-0.14101
0.088711
0.053577
-0.089887
-0.21717
-0.018218
0.12839
0.073859
-0.11154
-0.28075
-0.15075
-0.17076
0.5731
1.0002
1.4912
1.5795
1.6886
1.7595
1.7318
1.6635
1.2512
0.97529
1.0638
1.483
1.8456
1.8999
1.8076
1.4812
0.93723
0.62182
0.30217
-0.28243
-0.39359
-0.24208
0.26578
0.55722
0.76258
1.1058
1.2943
1.4392
1.4019
1.4334
0.97666
0.65486
0.23521
-0.26018
-0.35674
-0.19129
0.048076
0.41078
0.89861
1.4645
1.9377
2.3659
2.4265
2.1639
1.2491
1.1793
1.033
1.0119
1.1429
1.3512
1.8168
2.1313
2.1386
1.732
1.6337
1.6906
2.1649
1.9615
1.3897
1.0514
0.68494
0.2376
-0.10581
0.0795
0.26544
0.58486
0.85187
0.90621
0.90718
0.80118
0.85523
0.96272
0.37456
-0.32114
-1.2848
-1.6862
-1.2578
-0.40129
0.34762
1.1224
1.7357
1.8941
1.519
0.66543
0.1329
-0.39811
-0.55643
-0.63477
-0.84472
-1.1064
-1.2091
-0.97023
-0.57546
-0.18262
-0.33822
-0.44101
-1.0604
-1.1344
-0.95084
-0.69152
-0.51044
-0.22887
-0.45603
-0.90857
-1.3826
-1.9779
-2.5431
-2.6316
-2.4719
-1.698
-1.1759
-0.78029
-0.99504
-1.5941
-1.5863
-1.5306
-1.7133
-2.5096
-3.0148
-3.3739
-2.7734
-1.9936
-1.1298
-0.91725
-0.77538
-0.61233
-0.24808
-0.35881
-0.49058
-0.95341
-1.3889
-1.6878
-1.8524
-1.9067
-1.9387
-1.6062
-0.8091
-0.59271
-0.14731
-0.020922
0.020801
-0.1034
-0.32896
-0.83808
-1.4633
-1.7377
-1.3862
-1.0587
-0.79448
-0.69125
-0.41242
-0.50776
-0.25248
-0.23177
-0.057627
-0.057315
0.24703
0.52925
0.54527
0.37409
-0.14887
-0.48136
-0.92105
-1.1548
-1.2768
-1.4703
-1.5718
-1.7083
-1.6646
-1.8175
-1.8094
-1.6779
-1.7411
-1.7513
-1.779
-2.0151
-1.8688
-1.741
-1.7345
-1.8993
-2.046
-1.954
-1.9136
-1.9918
-1.9182
-1.8788
-2.0907
-2.1849
-2.3286
-2.3059
-2.267
-2.047
-2.0423
-1.9064
-1.6728
-1.113
-0.75155
-0.55453
-0.56992
-0.78043
-1.0229
-1.2973
-1.231
-1.2783
-1.1963
-0.75919
-0.5004
-0.38719
-0.61278
-0.43526
-0.35458
-0.19339
-0.1934
-0.37074
-0.45147
-0.46778
-0.51644
-0.59752
-0.54949
-0.38821
-0.24288
-0.24315
-0.14607
-0.016252
0.016276
-0.13042
-0.31027
-0.50716
-0.73764
-0.34494
-0.14816
0.132
0.13232
-0.099488
-0.399
-0.61683
-0.55172
-0.38568
-0.016821
0.18562
0.81266
1.1892
1.3468
1.4715
1.3739
1.1206
0.90003
0.86892
0.64567
0.33297
0.22881
0.22983
0.60382
1.0527
1.6671
1.9273
1.8825
1.8555
1.6638
1.7459
1.6812
1.6902
1.4566
1.2392
1.0762
0.85442
0.61106
0.40332
0.75341
1.0299
1.5443
1.9667
2.2556
2.2297
2.1033
2.2777
2.1501
1.9393
1.5408
1.0958
0.6035
0.31419
0.3795
0.36078
0.74769
1.2903
1.97
2.5934
3.1154
2.9817
2.357
1.5894
0.83387
0.38572
-0.34264
-0.85091
-1.1113
-0.81583
-0.25813
0.61424
1.4032
2.3703
2.9164
2.8388
1.905
0.61462
-0.098985
-0.9465
-1.3036
-1.4886
-1.9045
-1.7888
-1.3115
-0.38815
-0.13019
-0.34056
-0.39535
-0.37121
-0.18671
-0.13415
0.26986
0.67852
1.1464
1.2077
0.60715
-0.083242
-0.53001
-0.30846
-0.084559
0.14164
0.3701
0.62938
0.83359
1.2995
1.7987
2.0398
1.5804
0.88173
0.17707
-0.53336
-0.5057
-0.56733
-0.62936
-0.57144
-0.36215
0.33307
0.78978
1.3407
1.2529
0.82743
0.18437
-0.55453
-1.2044
-1.9501
-2.2956
-2.0516
-1.6507
-1.092
-0.031253
0.2191
0.43882
0.84738
0.75408
0.69194
0.062959
-0.31503
-0.59892
-0.97767
-1.0096
-1.3569
-1.6411
-1.8935
-1.3568
-1.1987
-0.72521
-0.37817
-0.18896
-0.25175
-0.53448
-0.4083
-0.78429
-1.2846
-1.3454
-1.7183
-2.0274
-1.9616
-1.1499
-0.031019
1.0834
1.3591
0.8629
-0.24596
-0.82805
-0.8871
-0.94574
-0.85185
-1.0921
-1.4518
-1.568
-1.3828
-0.62922
0.089592
0.47621
0.56354
0.76843
0.32393
0.23471
0.17537
-0.087352
-0.17402
-0.66445
-1.1222
-1.8053
-2.2545
-2.4155
-2.2072
-1.7469
-0.72941
-0.13966
0.25027
0.19379
-0.11024
-0.46639
-0.40965
0.027184
0.10824
-0.29627
-0.67019
-0.69373
-0.21245
0.21145
0.47351
0.8378
1.0944
1.6338
1.3421
0.66785
-0.025564
-0.25443
-0.20257
-0.47883
-0.62705
-0.92365
-0.96899
-0.5935
0.098453
0.24499
0.53647
0.46117
0.45906
0.072152
-0.2873
-0.71501
-1.0677
-0.94487
-0.56443
-0.023415
0.1632
0.23214
0.67035
0.92074
0.894
0.7077
0.27284
-0.43026
-0.87967
-1.3256
-1.4995
-1.3155
-0.88852
-0.59755
-0.52923
-0.32959
-0.35033
-0.28367
-0.3262
-0.28177
-0.54011
-0.71068
-0.36497
-0.19263
-0.064018
-0.40427
-0.86989
-1.5869
-2.3844
-2.8201
-3.0228
-2.8478
-2.7156
-2.2091
-1.6011
-1.1411
-0.49689
-0.35124
-0.55676
-1.0497
-1.4176
-1.9278
-2.3341
-2.7189
-2.8781
-2.9555
-2.9108
-2.6834
-2.2132
-1.582
-0.91173
-0.56675
-0.48535
-0.56578
-0.60575
-0.84748
-1.1293
-1.2094
-1.2693
-1.3091
-1.4899
-1.3889
-1.268
-0.96602
-0.82515
-1.107
-1.6305
-1.9933
-1.9536
-1.7528
-1.5722
-1.694
-2.1792
-2.5844
-2.5054
-2.2445
-1.9833
-1.9243
-1.7639
-1.8063
-1.9099
-2.0748
-2.057
-2.1004
-1.6131
-1.2677
-0.63479
0
0.12324
0.061718
-0.24728
-0.20642
0.10339
0.35218
0.24906
0.14556
0.10418
-0.10438
-0.18828
-0.50312
-0.98738
-1.3685
-1.4137
-1.6495
-1.5897
-1.6784
-1.2138
-0.68307
-0.021398
0.6435
0.75261
1.0779
1.0374
1.0833
0.58652
0.043559
-0.021836
0
0.32929
0.48425
0.50762
0.066391
-0.2219
-0.40052
-0.15618
0
0.38139
0.35995
0.27071
-0.022622
-0.22684
-0.59142
-1.1177
-0.96067
-0.66515
-0.115
0.23063
0.64753
1.1595
1.3021
2.0517
2.0807
2.18
1.9508
1.9088
1.7248
0.82912
0.40376
-0.16668
-0.071617
0
0.095968
-0.12026
-0.55453
-0.26585
0.096902
0.43709
0.48678
0.41471
0.24449
0.12252
-0.12279
-0.71368
-1.5044
-1.8782
-1.7582
-1.1662
-0.64637
0.19926
0.62386
0.99999
1.152
1.5303
1.6335
1.5606
1.3614
0.68177
0.050578
-0.43054
-0.55796
-0.93966
-0.9409
-0.99302
-0.38239
0.28075
1.0221
1.3557
1.1778
0.7689
0.3335
0.077029
-0.025697
0.077152
0.18015
0.23178
-0.02577
-0.41256
-0.69656
-1.1873
-1.2395
-1.3691
-1.2145
-0.33603
0.46539
1.4482
1.7329
1.8624
1.5521
0.98302
0.23282
-0.36213
-0.95696
-0.9051
-0.64637
-0.18094
0.12921
0.67168
1.2654
1.8845
2.0643
1.8312
1.5983
1.0049
0.84978
0.74634
0.33436
-0.15422
-0.59076
-1.0267
-1.1798
-1.4096
-1.4084
-1.5096
-1.5339
-1.1495
-0.7146
-0.35698
0.28022
0.81443
0.83909
0.83827
0.71056
0.30422
-0.30392
-1.3409
-1.6934
-1.8937
-1.2611
-0.85666
-0.37754
-0.12571
0.45209
0.92832
0.9524
0.95139
0.95039
0.84945
0.4742
0.24932
0.024906
-0.19904
-0.2237
-0.27313
-0.54572
-1.0656
-1.3864
-1.8055
-1.4579
-0.86406
-0.12333
-0.098574
-0.41858
-0.86105
-1.0816
-1.179
-1.2026
-1.1772
-1.2498
-1.5183
-1.3215
-1.1984
-0.73327
-0.51299
-0.29298
-0.92728
-1.3415
-1.5359
-1.6084
-1.4372
-1.4367
-0.94941
-0.48674
0.12166
1.046
1.5323
1.7024
1.4104
0.97267
0.07295
-0.70521
-1.6051
-2.0188
-1.9705
-1.7032
-1.3386
-1.3877
-1.3151
-1.413
-1.5111
-1.7557
-1.7322
-1.7332
-2.1983
-2.3464
-2.348
-2.2029
-2.2536
-2.4761
-2.3065
-2.1613
-1.5488
-1.0089
-0.88683
-1.0851
-1.0863
-1.0382
-1.0147
-0.89208
-0.62031
-0.5963
-1.2938
-1.3206
-1.7218
-1.3995
-1.0512
-0.82729
-0.70309
-0.80487
-0.5039
-0.30287
-0.25284
-0.86121
-1.3703
-2.1102
-2.2416
-2.0928
-1.8412
-1.4606
-1.6176
-1.2607
-1.1344
-0.72344
-0.3625
0.051897
0.23405
0.052125
-0.28733
-0.81156
-0.99708
-0.92046
-0.63262
-0.63408
-0.63556
-0.39815
-0.47891
-0.13334
-0.16039
-0.13398
-0.34916
-0.88845
-1.4303
-1.9206
-1.9523
-1.4949
-1.3622
-1.7478
-1.3687
-1.0701
-0.33003
-0.11027
0.082893
0.27695
0.3331
0.30604
-0.11154
-0.81045
-1.0363
-1.0386
-0.67513
-0.53562
-0.1695
-0.028308
-0.11346
-0.14212
0.056958
0.39948
0.7433
1.3175
1.3773
1.236
0.97899
0.72106
0.31778
-0.20255
-0.57959
-0.63849
-0.52314
0.08731
0.96167
1.3714
1.4899
1.2283
0.43916
-0.29306
-0.90935
-0.58719
-0.44075
0.088214
0.38251
0.88325
0.76588
0.5894
0.41273
0.29489
0.20647
0.177
-0.26551
-0.97353
-1.6224
-1.9465
-2.2408
-2.1221
-1.6203
-0.85392
-0.088282
0.55873
0.67583
0.79267
0.67459
0.79108
0.73165
0.26307
-0.20434
-0.96196
-1.5427
-1.6564
-1.4506
-0.5792
0.11563
1.1828
1.4683
1.4077
1.032
0.48618
-0.02853
-0.82531
-0.87994
-1.1324
-0.98808
-0.87266
-0.53328
-0.61561
-1.1716
-0.75076
0
1.4363
2.3397
2.8525
2.5962
2.0148
0.92223
-0.40529
-1.8839
-2.3856
-2.2958
-1.5684
-0.45001
0.63256
1.4433
1.6719
1.8724
1.9932
1.8809
1.6669
1.5313
1.0921
0.63183
0.45266
0.37532
0.074684
-0.074301
-0.024639
0.41667
0.78018
1.3823
1.6885
1.7993
1.6941
1.7322
1.7699
1.455
1.2601
0.9514
0.71529
0.43592
-0.022812
-0.81655
-1.5561
-1.7265
-1.5382
-1.0417
-0.46273
0.10953
0.41381
0.498
0.79646
0.77042
0.31914
-0.29612
-1.0514
-1.5888
-1.6627
-1.4258
-1.2326
-0.91914
-0.8123
-0.32305
-0.020075
0.19961
0.39695
0.25656
-0.019624
-0.42931
-0.32989
-0.30877
-0.057576
0.1527
0.36068
0.3965
0.39438
0.50438
0.7433
1.0722
1.1402
0.98799
0.70994
0.63393
0.61277
0.73531
0.53543
0.21315
-0.053036
-0.31673
-0.21018
-0.08718
-0.12151
-0.12097
-0.034414
0.22274
0.39243
0.69667
0.59231
0.1517
-0.30223
-0.48507
-0.68322
-0.78034
-0.81064
-0.67592
-0.5586
-0.42574
-0.52229
-0.4881
-0.63258
-0.58217
-0.83847
-1.1577
-1.379
-1.4074
-1.4835
-1.5913
-1.778
-1.869
-2.102
-2.003
-1.3222
-0.61269
0.47045
1.1741
1.4223
1.2484
0.77917
0.20231
-0.43522
-0.99365
-1.2873
-1.5185
-1.5637
-1.6554
-1.376
-0.72625
-0.015445
0.74111
1.0033
0.72538
0.32409
-0.21607
-0.86441
-1.3741
-1.6681
-1.777
-1.8243
-1.4851
-1.0373
-0.72825
-0.52731
-0.51233
-0.40411
-0.35793
-0.54539
-1.2328
-2.4068
-3.303
-3.6536
-3.5974
-3.2895
-2.7441
-2.3863
-2.059
-1.7938
-1.4639
-1.2601
-1.2474
-1.4431
-1.8168
-1.9187
-1.9728
-1.557
-1.3829
-1.1424
-1.0152
-0.88714
-0.98909
-1.0091
-1.0127
-1.1664
-1.1875
-1.1753
-1.0113
-0.91381
-0.9515
-1.0237
-1.422
-1.6002
-1.8491
-2.1176
-2.1794
-2.1718
-1.8475
-1.7324
-1.5808
-1.1422
-0.80701
-0.54066
-0.28978
-0.018203
-0.03659
-0.073556
-0.44363
-0.83615
-1.2515
-1.6525
-1.7369
-1.4806
-0.8779
-0.38379
-0.038591
-0.019402
-0.23413
-0.43165
-0.51301
-0.71434
-0.67849
-0.72251
-0.96887
-0.87293
-0.75546
-0.5134
-0.18589
0
-0.04179
-0.18915
-0.21139
-0.36145
-0.40632
-0.38717
-0.12981
-0.02176
-0.10943
0
-0.3985
-0.86838
-1.4556
-1.3963
-1.291
-1.1389
-1.1453
-1.359
-1.575
-1.4905
-1.1943
-0.9418
-0.56814
-0.38079
-0.095705
-0.12026
-0.16925
-0.14582
-0.68398
-1.5468
-2.1467
-2.3557
-2.4171
-2.2034
-1.7862
-1.4913
-0.60942
-0.025508
0.38434
0.3603
0.41355
0.077871
-0.44311
-0.9422
-1.0248
-0.58037
-0.15889
0.079744
0.16007
-0.45517
-0.85977
-0.99749
-0.54097
-0.24422
0.38108
0.62794
0.32858
0.21967
0.1652
0.4693
0.58119
0.74905
0.69517
0.91966
1.5081
2.3226
2.3831
2.1627
1.8287
1.2117
0.53619
-0.028259
-0.73567
-1.1331
-1.2194
-0.62445
0.19885
0.82442
1.2516
1.423
1.1958
1.2247
1.1679
0.71221
0.2279
-0.74059
-1.1961
-2.0212
-2.3049
-2.2752
-1.7622
-1.1076
-0.22702
0.79381
1.2461
1.6973
1.5257
1.3261
0.6762
-0.084396
-0.70216
-1.3178
-1.5673
-1.6482
-1.394
-1.3076
-0.74958
-0.3878
0.35926
0.82708
1.2375
1.1795
0.76602
0.6548
0.19045
-0.62398
-1.5689
-1.9148
-2.0164
-1.5009
-0.6946
-0.4793
-0.15924
0.052898
0.94889
1.8911
2.591
2.9989
2.832
2.2003
1.5989
0.87345
-0.15355
-0.84121
-1.168
-0.98631
-0.57933
-0.025086
0.79949
1.5426
2.007
2.1961
1.7937
1.1744
0.268
-0.46093
-0.9179
-0.7937
-0.52684
0.14306
0.49854
1.3709
2.0474
1.9212
1.213
0.13935
-0.90178
-1.6345
-1.8565
-1.9853
-1.8857
-1.6964
1.3062
