0.82019
0.81941
0.81866
0.81795
0.81728
0.81666
0.81607
0.81553
0.81502
0.81456
0.81414
0.81376
0.81342
0.81313
0.81287
0.81266
0.81249
0.81237
0.81228
0.81224
0.81224
0.81228
0.81237
0.8125
0.81267
0.81288
0.81314
0.81344
0.81378
0.81416
0.81458
0.81505
0.81555
0.8161
0.81669
0.81732
0.81799
0.8187
0.81946
0.82025
0.82108
0.82195
0.82286
0.82381
0.82479
0.82582
0.82688
0.82798
0.82912
0.83029
0.8315
0.83274
0.83402
0.83533
0.83668
0.83806
0.83947
0.84091
0.84239
0.8439
0.84544
0.847
0.8486
0.85023
0.85188
0.85356
0.85527
0.857
0.85876
0.86055
0.86235
0.86418
0.86604
0.86791
0.86981
0.87172
0.87366
0.87561
0.87758
0.87957
0.88157
0.88359
0.88563
0.88767
0.88973
0.8918
0.89388
0.89598
0.89808
0.90019
0.9023
0.90443
0.90656
0.90869
0.91083
0.91297
0.91511
0.91725
0.91939
0.92153
0.92367
0.92581
0.92794
0.93007
0.93219
0.93431
0.93642
0.93852
0.94061
0.94269
0.94475
0.94681
0.94885
0.95088
0.95289
0.95489
0.95687
0.95883
0.96078
0.9627
0.9646
0.96649
0.96835
0.97018
0.97199
0.97378
0.97554
0.97728
0.97898
0.98066
0.98231
0.98393
0.98552
0.98707
0.9886
0.99009
0.99155
0.99297
0.99436
0.99571
0.99702
0.9983
0.99954
1.0007
1.0019
1.003
1.0041
1.0051
1.0061
1.0071
1.008
1.0089
1.0097
1.0105
1.0112
1.0119
1.0125
1.0131
1.0137
1.0142
1.0146
1.015
1.0154
1.0157
1.0159
1.0161
1.0163
1.0164
1.0165
1.0165
1.0164
1.0164
1.0162
1.016
1.0158
1.0155
1.0151
1.0147
1.0143
1.0138
1.0132
1.0126
1.012
1.0113
1.0105
1.0097
1.0089
1.008
1.007
1.006
1.005
1.0039
1.0027
1.0015
1.0003
0.99895
0.99761
0.99622
0.99478
0.99329
0.99176
0.99018
0.98856
0.98689
0.98518
0.98343
0.98163
0.97979
0.97791
0.97599
0.97402
0.97202
0.96998
0.9679
0.96578
0.96362
0.96143
0.95921
0.95694
0.95465
0.95232
0.94995
0.94756
0.94514
0.94268
0.9402
0.93768
0.93514
0.93258
0.92999
0.92737
0.92473
0.92206
0.91938
0.91667
0.91394
0.9112
0.90843
0.90565
0.90285
0.90004
0.89721
0.89436
0.89151
0.88864
0.88576
0.88288
0.87998
0.87708
0.87417
0.87125
0.86833
0.8654
0.86247
0.85954
0.85661
0.85368
0.85075
0.84782
0.84489
0.84197
0.83905
0.83614
0.83323
0.83034
0.82744
0.82456
0.82169
0.81883
0.81598
0.81314
0.81032
0.80751
0.80471
0.80193
0.79917
0.79642
0.79369
0.79098
0.78829
0.78562
0.78298
0.78035
0.77774
0.77516
0.7726
0.77007
0.76756
0.76508
0.76262
0.76019
0.75779
0.75541
0.75307
0.75075
0.74846
0.7462
0.74398
0.74178
0.73961
0.73748
0.73538
0.73331
0.73128
0.72928
0.72731
0.72538
0.72348
0.72162
0.71979
0.718
0.71624
0.71453
0.71284
0.7112
0.70959
0.70802
0.70649
0.70499
0.70354
0.70212
0.70074
0.6994
0.69809
0.69683
0.69561
0.69442
0.69328
0.69217
0.6911
0.69008
0.68909
0.68815
0.68724
0.68637
0.68555
0.68476
0.68402
0.68331
0.68264
0.68202
0.68143
0.68089
0.68039
0.67992
0.6795
0.67911
0.67877
0.67846
0.6782
0.67798
0.67779
0.67765
0.67754
0.67748
0.67745
0.67747
0.67752
0.67761
0.67774
0.67791
0.67812
0.67836
0.67865
0.67897
0.67933
0.67973
0.68017
0.68065
0.68116
0.68171
0.68229
0.68292
0.68357
0.68427
0.685
0.68577
0.68657
0.68741
0.68828
0.68919
0.69014
0.69111
0.69213
0.69317
0.69425
0.69536
0.69651
0.69769
0.6989
0.70014
0.70141
0.70272
0.70406
0.70542
0.70682
0.70825
0.70971
0.71119
0.71271
0.71426
0.71583
0.71743
0.71906
0.72072
0.7224
0.72411
0.72584
0.7276
0.72939
0.7312
0.73304
0.7349
0.73678
0.73868
0.74061
0.74256
0.74453
0.74653
0.74854
0.75058
0.75263
0.7547
0.75679
0.7589
0.76103
0.76318
0.76534
0.76752
0.76971
0.77192
0.77415
0.77638
0.77863
0.7809
0.78318
0.78547
0.78777
0.79008
0.7924
0.79473
0.79707
0.79942
0.80178
0.80414
0.80651
0.80889
0.81127
0.81366
0.81605
0.81845
0.82085
0.82325
0.82565
0.82806
0.83047
0.83287
0.83528
0.83768
0.84009
0.84249
0.84489
0.84728
0.84967
0.85206
0.85444
0.85681
0.85918
0.86154
0.86389
0.86624
0.86858
0.8709
0.87322
0.87552
0.87782
0.8801
0.88237
0.88462
0.88686
0.88909
0.8913
0.8935
0.89568
0.89785
0.89999
0.90212
0.90423
0.90632
0.90839
0.91045
0.91248
0.91449
0.91648
0.91844
0.92039
0.92231
0.9242
0.92607
0.92792
0.92974
0.93154
0.93331
0.93505
0.93677
0.93846
0.94012
0.94175
0.94335
0.94492
0.94647
0.94798
0.94946
0.95091
0.95233
0.95372
0.95508
0.9564
0.95769
0.95895
0.96017
0.96136
0.96252
0.96364
0.96472
0.96577
0.96679
0.96777
0.96871
0.96962
0.97049
0.97132
0.97212
0.97288
0.9736
0.97428
0.97493
0.97554
0.9761
0.97664
0.97713
0.97758
0.978
0.97837
0.97871
0.97901
0.97926
0.97948
0.97966
0.9798
0.9799
0.97996
0.97998
0.97996
0.9799
0.9798
0.97966
0.97947
0.97925
0.97899
0.97869
0.97835
0.97797
0.97755
0.9771
0.9766
0.97606
0.97548
0.97486
0.97421
0.97351
0.97277
0.972
0.97119
0.97034
0.96945
0.96852
0.96756
0.96655
0.96551
0.96443
0.96332
0.96216
0.96098
0.95975
0.95849
0.95719
0.95586
0.95449
0.95309
0.95165
0.95018
0.94867
0.94713
0.94556
0.94395
0.94231
0.94064
0.93894
0.9372
0.93544
0.93364
0.93182
0.92996
0.92808
0.92617
0.92422
0.92225
0.92026
0.91823
0.91618
0.91411
0.91201
0.90988
0.90773
0.90556
0.90336
0.90114
0.8989
0.89664
0.89436
0.89206
0.88973
0.88739
0.88503
0.88265
0.88026
0.87785
0.87542
0.87298
0.87052
0.86805
0.86557
0.86307
0.86057
0.85805
0.85552
0.85298
0.85044
0.84788
0.84532
0.84275
0.84018
0.8376
0.83501
0.83242
0.82983
0.82724
0.82464
0.82205
0.81945
0.81686
0.81427
0.81167
0.80909
0.8065
0.80392
0.80135
0.79878
0.79622
0.79367
0.79113
0.78859
0.78607
0.78355
0.78105
0.77856
0.77608
0.77362
0.77117
0.76874
0.76632
0.76392
0.76154
0.75918
0.75683
0.75451
0.7522
0.74992
0.74766
0.74542
0.7432
0.74101
0.73885
0.73671
0.73459
0.7325
0.73044
0.72841
0.72641
0.72444
0.72249
0.72058
0.7187
0.71685
0.71503
0.71325
0.7115
0.70978
0.7081
0.70646
0.70485
0.70328
0.70174
0.70024
0.69878
0.69736
0.69598
0.69464
0.69333
0.69207
0.69085
0.68967
0.68853
0.68744
0.68639
0.68538
0.68441
0.68349
0.68261
0.68178
0.68099
0.68025
0.67955
0.6789
0.67829
0.67773
0.67722
0.67675
0.67633
0.67596
0.67564
0.67537
0.67514
0.67496
0.67483
0.67475
0.67471
0.67473
0.67479
0.67491
0.67507
0.67528
0.67555
0.67586
0.67622
0.67663
0.67709
0.6776
0.67815
0.67876
0.67942
0.68012
0.68088
0.68168
0.68254
0.68344
0.68439
0.68539
0.68644
0.68753
0.68868
0.68987
0.69111
0.69239
0.69373
0.69511
0.69653
0.698
0.69952
0.70108
0.70269
0.70434
0.70604
0.70777
0.70956
0.71138
0.71325
0.71515
0.7171
0.71909
0.72112
0.72319
0.72529
0.72744
0.72962
0.73184
0.73409
0.73638
0.7387
0.74106
0.74344
0.74586
0.74832
0.7508
0.75331
0.75585
0.75842
0.76101
0.76363
0.76627
0.76894
0.77163
0.77435
0.77708
0.77983
0.7826
0.78539
0.7882
0.79102
0.79386
0.79671
0.79957
0.80244
0.80532
0.80821
0.81111
0.81402
0.81693
0.81984
0.82276
0.82567
0.82859
0.83151
0.83443
0.83734
0.84025
0.84315
0.84604
0.84893
0.85181
0.85467
0.85753
0.86037
0.8632
0.86601
0.86881
0.87159
0.87434
0.87708
0.8798
0.8825
0.88517
0.88782
0.89044
0.89304
0.8956
0.89814
0.90065
0.90313
0.90558
0.90799
0.91037
0.91272
0.91503
0.9173
0.91954
0.92174
0.92389
0.92601
0.92809
0.93013
0.93213
0.93408
0.93599
0.93786
0.93968
0.94146
0.94319
0.94488
0.94652
0.94812
0.94966
0.95116
0.95261
0.95402
0.95537
0.95668
0.95794
0.95915
0.96031
0.96142
0.96248
0.96349
0.96446
0.96537
0.96623
0.96705
0.96782
0.96854
0.9692
0.96983
0.9704
0.97092
0.9714
0.97183
0.97222
0.97255
0.97285
0.97309
0.97329
0.97345
0.97356
0.97363
0.97366
0.97365
0.97359
0.97349
0.97335
0.97318
0.97296
0.97271
0.97242
0.97209
0.97173
0.97133
0.9709
0.97044
0.96994
0.96942
0.96886
0.96827
0.96766
0.96701
0.96635
0.96565
0.96493
0.96419
0.96342
0.96264
0.96183
0.961
0.96016
0.9593
0.95842
0.95752
0.95662
0.95569
0.95476
0.95382
0.95286
0.9519
0.95092
0.94994
0.94896
0.94797
0.94697
0.94597
0.94497
0.94397
0.94297
0.94197
0.94097
0.93998
0.93899
0.938
0.93702
0.93605
0.93508
0.93412
0.93317
0.93224
0.93131
0.93039
0.92949
0.9286
0.92773
0.92687
0.92603
0.9252
0.92439
0.9236
0.92283
0.92207
0.92134
0.92063
0.91994
0.91927
0.91863
0.91801
0.91741
0.91683
0.91629
0.91576
0.91526
0.91479
0.91435
0.91393
0.91354
0.91318
0.91285
0.91254
0.91227
0.91202
0.91181
0.91162
0.91146
0.91134
0.91124
0.91118
0.91114
0.91114
0.91117
0.91123
0.91132
0.91144
0.9116
0.91178
0.912
0.91225
0.91253
0.91284
0.91318
0.91355
0.91395
0.91439
0.91485
0.91535
0.91587
0.91643
0.91702
0.91763
0.91828
0.91895
0.91965
0.92038
0.92114
0.92192
0.92274
0.92358
0.92444
0.92534
0.92625
0.92719
0.92816
0.92915
0.93017
0.9312
0.93226
0.93334
0.93444
0.93557
0.93671
0.93787
0.93905
0.94025
0.94146
0.94269
0.94394
0.9452
0.94648
0.94776
0.94907
0.95038
0.9517
0.95304
0.95438
0.95574
0.9571
0.95847
0.95984
0.96122
0.9626
0.96399
0.96538
0.96677
0.96816
0.96955
0.97094
0.97232
0.97371
0.97509
0.97646
0.97783
0.97919
0.98054
0.98189
0.98322
0.98454
0.98585
0.98715
0.98843
0.9897
0.99095
0.99219
0.99341
0.9946
0.99578
0.99694
0.99807
0.99918
1.0003
1.0013
1.0024
1.0034
1.0044
1.0053
1.0062
1.0071
1.008
1.0088
1.0096
1.0104
1.0111
1.0118
1.0124
1.013
1.0136
1.0141
1.0146
1.0151
1.0155
1.0158
1.0161
1.0164
1.0166
1.0168
1.017
1.017
1.0171
1.0171
1.017
1.0169
1.0167
1.0165
1.0162
1.0159
1.0155
1.0151
1.0146
1.0141
1.0135
1.0128
1.0121
1.0114
1.0106
1.0097
1.0087
1.0078
1.0067
1.0056
1.0044
1.0032
1.0019
1.0006
0.99916
0.9977
0.99618
0.9946
0.99296
0.99126
0.9895
0.98768
0.9858
0.98387
0.98187
0.97982
0.97771
0.97554
0.97331
0.97103
0.96869
0.96629
0.96384
0.96133
0.95877
0.95615
0.95348
0.95076
0.94798
0.94515
0.94226
0.93933
0.93635
0.93331
0.93023
0.9271
0.92393
0.9207
0.91743
0.91412
0.91076
0.90736
0.90392
0.90044
0.89691
0.89335
0.88975
0.88612
0.88244
0.87874
0.875
0.87122
0.86742
0.86359
0.85972
0.85583
0.85192
0.84797
0.84401
0.84002
0.83601
0.83198
0.82793
0.82387
0.81978
0.81569
0.81157
0.80745
0.80332
0.79917
0.79502
0.79086
0.7867
0.78253
0.77835
0.77418
0.77001
0.76583
0.76166
0.7575
0.75334
0.74918
0.74504
0.7409
0.73677
0.73265
0.72855
0.72446
0.72039
0.71633
0.71229
0.70828
0.70428
0.7003
0.69634
0.69241
0.68851
0.68463
0.68078
0.67695
0.67316
0.6694
0.66566
0.66197
0.6583
0.65467
0.65107
0.64752
0.644
0.64051
0.63707
0.63367
0.63031
0.62699
0.62371
0.62048
0.61729
0.61414
0.61104
0.60799
0.60499
0.60203
0.59912
0.59626
0.59345
0.59069
0.58798
0.58533
0.58272
0.58017
0.57767
0.57522
0.57283
0.57049
0.5682
0.56597
0.5638
0.56168
0.55962
0.55762
0.55567
0.55378
0.55194
0.55017
0.54845
0.54679
0.54519
0.54365
0.54216
0.54074
0.53937
0.53807
0.53682
0.53563
0.5345
0.53344
0.53243
0.53148
0.53059
0.52977
0.529
0.52829
0.52765
0.52706
0.52653
0.52607
0.52566
0.52532
0.52503
0.52481
0.52465
0.52454
0.5245
0.52452
0.52459
0.52473
0.52493
0.52518
0.5255
0.52587
0.5263
0.5268
0.52735
0.52796
0.52863
0.52935
0.53014
0.53098
0.53188
0.53284
0.53385
0.53492
0.53605
0.53723
0.53847
0.53977
0.54111
0.54252
0.54398
0.54549
0.54705
0.54867
0.55034
0.55206
0.55383
0.55566
0.55753
0.55946
0.56143
0.56345
0.56552
0.56764
0.5698
0.57201
0.57426
0.57656
0.57891
0.58129
0.58372
0.58619
0.5887
0.59124
0.59383
0.59646
0.59912
0.60182
0.60455
0.60731
0.61011
0.61294
0.6158
0.6187
0.62161
0.62456
0.62753
0.63053
0.63355
0.63659
0.63966
0.64274
0.64584
0.64896
0.6521
0.65525
0.65841
0.66159
0.66478
0.66797
0.67117
0.67438
0.67759
0.68081
0.68403
0.68725
0.69046
0.69368
0.69689
0.70009
0.70328
0.70647
0.70965
0.71281
0.71596
0.7191
0.72222
0.72532
0.7284
0.73146
0.73449
0.73751
0.74049
0.74345
0.74638
0.74928
0.75215
0.75498
0.75778
0.76054
0.76327
0.76595
0.7686
0.7712
0.77376
0.77627
0.77874
0.78116
0.78354
0.78586
0.78813
0.79036
0.79252
0.79464
0.79669
0.79869
0.80064
0.80252
0.80435
0.80611
0.80782
0.80946
0.81104
0.81255
0.814
0.81539
0.81671
0.81796
0.81914
0.82026
0.82131
0.82229
0.8232
0.82404
0.82482
0.82552
0.82615
0.82671
0.8272
0.82761
0.82796
0.82823
0.82844
0.82857
0.82863
0.82862
0.82853
0.82838
0.82815
0.82786
0.82749
0.82706
0.82655
0.82598
0.82533
0.82462
0.82384
0.82299
0.82208
0.8211
0.82005
0.81894
0.81776
0.81652
0.81522
0.81385
0.81243
0.81094
0.8094
0.80779
0.80613
0.80441
0.80264
0.80081
0.79893
0.79699
0.795
0.79296
0.79088
0.78874
0.78656
0.78433
0.78206
0.77974
0.77738
0.77498
0.77254
0.77006
0.76755
0.76499
0.76241
0.75979
0.75713
0.75445
0.75173
0.74899
0.74622
0.74343
0.74061
0.73776
0.7349
0.73201
0.72911
0.72619
0.72325
0.72029
0.71732
0.71434
0.71135
0.70835
0.70533
0.70231
0.69929
0.69626
0.69322
0.69019
0.68715
0.68411
0.68107
0.67803
0.675
0.67197
0.66895
0.66593
0.66292
0.65992
0.65693
0.65396
0.65099
0.64804
0.6451
0.64217
0.63926
0.63637
0.6335
0.63064
0.62781
0.625
0.6222
0.61943
0.61669
0.61396
0.61127
0.60859
0.60595
0.60333
0.60074
0.59817
0.59564
0.59314
0.59067
0.58822
0.58581
0.58344
0.58109
0.57878
0.5765
0.57426
0.57205
0.56988
0.56775
0.56565
0.56359
0.56156
0.55958
0.55763
0.55572
0.55385
0.55202
0.55023
0.54848
0.54677
0.5451
0.54347
0.54188
0.54033
0.53883
0.53737
0.53595
0.53457
0.53323
0.53194
0.53069
0.52949
0.52833
0.52721
0.52614
0.5251
0.52412
0.52318
0.52228
0.52142
0.52062
0.51985
0.51913
0.51846
0.51783
0.51724
0.5167
0.5162
0.51575
0.51535
0.51499
0.51467
0.5144
0.51417
0.51399
0.51386
0.51376
0.51372
0.51372
0.51376
0.51385
0.51398
0.51416
0.51438
0.51465
0.51496
0.51531
0.51571
0.51616
0.51664
0.51717
0.51775
0.51837
0.51903
0.51974
0.52048
0.52128
0.52211
0.52299
0.52391
0.52487
0.52587
0.52692
0.52801
0.52913
0.5303
0.53152
0.53277
0.53406
0.53539
0.53676
0.53817
0.53963
0.54112
0.54264
0.54421
0.54582
0.54746
0.54914
0.55085
0.55261
0.5544
0.55622
0.55808
0.55998
0.56191
0.56387
0.56587
0.5679
0.56996
0.57206
0.57419
0.57635
0.57853
0.58075
0.583
0.58528
0.58759
0.58992
0.59228
0.59467
0.59709
0.59952
0.60199
0.60448
0.60699
0.60953
0.61208
0.61466
0.61726
0.61988
0.62252
0.62518
0.62786
0.63055
0.63326
0.63598
0.63873
0.64148
0.64425
0.64703
0.64982
0.65262
0.65544
0.65826
0.66109
0.66393
0.66678
0.66963
0.67249
0.67535
0.67822
0.68108
0.68395
0.68682
0.68969
0.69256
0.69543
0.6983
0.70116
0.70402
0.70687
0.70972
0.71256
0.71539
0.71821
0.72102
0.72383
0.72662
0.7294
0.73216
0.73492
0.73765
0.74038
0.74308
0.74577
0.74844
0.75109
0.75372
0.75634
0.75893
0.76149
0.76404
0.76656
0.76906
0.77153
0.77397
0.77639
0.77878
0.78115
0.78348
0.78579
0.78806
0.7903
0.79252
0.7947
0.79684
0.79896
0.80103
0.80308
0.80509
0.80706
0.809
0.8109
0.81276
0.81458
0.81636
0.81811
0.81982
0.82148
0.82311
0.82469
0.82623
0.82773
0.82919
0.8306
0.83198
0.8333
0.83459
0.83583
0.83702
0.83818
0.83928
0.84034
0.84136
0.84233
0.84325
0.84413
0.84496
0.84574
0.84648
0.84717
0.84781
0.8484
0.84895
0.84945
0.8499
0.85031
0.85066
0.85097
0.85123
0.85145
0.85161
0.85173
0.8518
0.85182
0.85179
0.85172
0.8516
0.85143
0.85121
0.85095
0.85064
0.85028
0.84988
0.84942
0.84893
0.84838
0.84779
0.84715
0.84647
0.84575
0.84497
0.84416
0.84329
0.84239
0.84144
0.84044
0.83941
0.83833
0.8372
0.83604
0.83483
0.83359
0.8323
0.83097
0.8296
0.82819
0.82674
0.82525
0.82373
0.82217
0.82057
0.81893
0.81726
0.81555
0.8138
0.81203
0.81021
0.80837
0.80649
0.80458
0.80264
0.80067
0.79866
0.79663
0.79457
0.79248
0.79036
0.78822
0.78605
0.78385
0.78163
0.77939
0.77712
0.77483
0.77252
0.77019
0.76784
0.76547
0.76308
0.76067
0.75824
0.7558
0.75335
0.75087
0.74839
0.74589
0.74338
0.74086
0.73833
0.73579
0.73324
0.73069
0.72813
0.72556
0.72298
0.72041
0.71783
0.71524
0.71266
0.71007
0.70749
0.70491
0.70233
0.69975
0.69718
0.69461
0.69204
0.68949
0.68694
0.6844
0.68187
0.67935
0.67684
0.67435
0.67187
0.6694
0.66694
0.66451
0.66209
0.65968
0.6573
0.65493
0.65259
0.65026
0.64796
0.64568
0.64342
0.64119
0.63899
0.63681
0.63465
0.63253
0.63043
0.62836
0.62633
0.62432
0.62235
0.6204
0.6185
0.61662
0.61478
0.61298
0.61121
0.60948
0.60778
0.60613
0.60451
0.60294
0.6014
0.59991
0.59845
0.59704
0.59568
0.59435
0.59307
0.59184
0.59065
0.5895
0.58841
0.58736
0.58636
0.58541
0.5845
0.58365
0.58284
0.58209
0.58139
0.58074
0.58014
0.57959
0.5791
0.57866
0.57827
0.57794
0.57766
0.57744
0.57728
0.57717
0.57712
0.57712
0.57718
0.5773
0.57748
0.57772
0.57801
0.57836
0.57878
0.57925
0.57979
0.58038
0.58104
0.58175
0.58253
0.58337
0.58427
0.58523
0.58626
0.58735
0.5885
0.58971
0.59099
0.59233
0.59373
0.5952
0.59673
0.59832
0.59998
0.6017
0.60348
0.60533
0.60725
0.60922
0.61126
0.61337
0.61554
0.61777
0.62006
0.62242
0.62484
0.62733
0.62987
0.63248
0.63516
0.63789
0.64069
0.64354
0.64646
0.64944
0.65248
0.65558
0.65873
0.66195
0.66522
0.66856
0.67194
0.67539
0.67889
0.68244
0.68605
0.68971
0.69343
0.69719
0.70101
0.70487
0.70879
0.71275
0.71676
0.72081
0.72491
0.72905
0.73323
0.73745
0.74171
0.74601
0.75035
0.75472
0.75913
0.76356
0.76803
0.77253
0.77705
0.7816
0.78617
0.79077
0.79539
0.80002
0.80467
0.80934
0.81402
0.81871
0.82341
0.82812
0.83283
0.83755
0.84227
0.84698
0.8517
0.85641
0.86111
0.8658
0.87048
0.87515
0.8798
0.88443
0.88904
0.89363
0.89819
0.90273
0.90724
0.91171
0.91615
0.92056
0.92492
0.92925
0.93353
0.93777
0.94195
0.94609
0.95018
0.95421
0.95819
0.9621
0.96596
0.96975
0.97348
0.97714
0.98073
0.98425
0.9877
0.99107
0.99437
0.99758
1.0007
1.0038
1.0067
1.0096
1.0124
1.0151
1.0177
1.0203
1.0227
1.025
1.0273
1.0294
1.0315
1.0334
1.0352
1.037
1.0386
1.0401
1.0416
1.0429
1.0441
1.0452
1.0462
1.0471
1.0479
1.0485
1.0491
1.0495
1.0499
1.0501
1.0502
1.0502
1.0501
1.0499
1.0496
1.0492
1.0487
1.048
1.0472
1.0464
1.0454
1.0443
1.0432
1.0419
1.0405
1.039
1.0374
1.0357
1.0339
1.032
1.03
1.028
1.0258
1.0235
1.0211
1.0187
1.0162
1.0135
1.0108
1.008
1.0052
1.0022
0.9992
0.9961
0.99293
0.98969
0.98638
0.983
0.97956
0.97605
0.97249
0.96887
0.9652
0.96147
0.95769
0.95386
0.94999
0.94608
0.94212
0.93813
0.9341
0.93003
0.92594
0.92182
0.91767
0.91349
0.9093
0.90508
0.90085
0.89661
0.89236
0.88809
0.88382
0.87954
0.87527
0.87099
0.86672
0.86245
0.85819
0.85393
0.84969
0.84547
0.84126
0.83706
0.83289
0.82874
0.82462
0.82052
0.81645
0.81241
0.80841
0.80443
0.8005
0.7966
0.79274
0.78892
0.78515
0.78142
0.77774
0.7741
0.77052
0.76698
0.7635
0.76007
0.75669
0.75337
0.75011
0.74691
0.74377
0.74068
0.73766
0.73471
0.73181
0.72899
0.72622
0.72353
0.7209
0.71834
0.71585
0.71343
0.71108
0.7088
0.70659
0.70446
0.7024
0.70041
0.6985
0.69666
0.69489
0.6932
0.69159
0.69005
0.68859
0.6872
0.68589
0.68466
0.68351
0.68243
0.68143
0.6805
0.67965
0.67889
0.67819
0.67758
0.67704
0.67658
0.6762
0.67589
0.67566
0.67551
0.67543
0.67543
0.67551
0.67566
0.67588
0.67618
0.67656
0.67701
0.67753
0.67813
0.6788
0.67954
0.68035
0.68124
0.6822
0.68322
0.68432
0.68548
0.68672
0.68802
0.68938
0.69082
0.69232
0.69388
0.69551
0.6972
0.69895
0.70076
0.70264
0.70457
0.70656
0.70861
0.71071
0.71287
0.71509
0.71735
0.71967
0.72204
0.72446
0.72693
0.72944
0.732
0.7346
0.73725
0.73994
0.74266
0.74543
0.74823
0.75107
0.75395
0.75685
0.75979
0.76276
0.76575
0.76878
0.77182
0.77489
0.77798
0.7811
0.78423
0.78737
0.79053
0.79371
0.79689
0.80008
0.80329
0.80649
0.8097
0.81292
0.81613
0.81934
0.82255
0.82576
0.82895
0.83214
0.83532
0.83848
0.84163
0.84476
0.84788
0.85098
0.85405
0.8571
0.86013
0.86313
0.8661
0.86904
0.87194
0.87482
0.87765
0.88045
0.88322
0.88594
0.88862
0.89125
0.89384
0.89639
0.89888
0.90133
0.90373
0.90607
0.90836
0.91059
0.91277
0.91489
0.91696
0.91896
0.9209
0.92278
0.9246
0.92636
0.92805
0.92967
0.93123
0.93272
0.93415
0.9355
0.93679
0.938
0.93915
0.94022
0.94123
0.94216
0.94302
0.94381
0.94453
0.94517
0.94575
0.94624
0.94667
0.94703
0.94731
0.94752
0.94765
0.94772
0.94771
0.94763
0.94749
0.94727
0.94698
0.94662
0.94619
0.94569
0.94513
0.9445
0.9438
0.94304
0.94221
0.94132
0.94037
0.93935
0.93827
0.93714
0.93594
0.93469
0.93338
0.93201
0.93059
0.92912
0.92759
0.92602
0.92439
0.92272
0.921
0.91924
0.91743
0.91558
0.91369
0.91176
0.90979
0.90779
0.90574
0.90367
0.90157
0.89943
0.89726
0.89507
0.89285
0.89061
0.88835
0.88606
0.88375
0.88143
0.87909
0.87674
0.87437
0.87199
0.8696
0.8672
0.86479
0.86238
0.85997
0.85755
0.85513
0.85271
0.8503
0.84788
0.84548
0.84308
0.84068
0.8383
0.83592
0.83356
0.83121
0.82888
0.82656
0.82426
0.82198
0.81971
0.81747
0.81525
0.81305
0.81088
0.80873
0.80661
0.80452
0.80245
0.80041
0.79841
0.79644
0.79449
0.79259
0.79071
0.78887
0.78707
0.7853
0.78357
0.78188
0.78023
0.77862
0.77704
0.77551
0.77402
0.77257
0.77116
0.7698
0.76848
0.7672
0.76597
0.76478
0.76364
0.76254
0.76149
0.76048
0.75952
0.7586
0.75773
0.75691
0.75613
0.7554
0.75472
0.75408
0.7535
0.75295
0.75246
0.75201
0.7516
0.75125
0.75094
0.75067
0.75045
0.75028
0.75015
0.75006
0.75002
0.75003
0.75008
0.75017
0.7503
0.75048
0.7507
0.75096
0.75126
0.7516
0.75198
0.7524
0.75286
0.75335
0.75388
0.75445
0.75505
0.75569
0.75636
0.75706
0.7578
0.75856
0.75936
0.76018
0.76104
0.76192
0.76282
0.76375
0.76471
0.76569
0.76668
0.7677
0.76874
0.7698
0.77087
0.77196
0.77306
0.77418
0.77531
0.77645
0.77759
0.77875
0.77991
0.78107
0.78224
0.78342
0.78459
0.78576
0.78693
0.7881
0.78926
0.79041
0.79156
0.79269
0.79382
0.79493
0.79603
0.79711
0.79817
0.79922
0.80025
0.80125
0.80223
0.80319
0.80412
0.80502
0.8059
0.80674
0.80755
0.80832
0.80907
0.80977
0.81044
0.81107
0.81165
0.8122
0.8127
0.81315
0.81356
0.81393
0.81424
0.81451
0.81472
0.81488
0.81499
0.81505
0.81505
0.81499
0.81488
0.8147
0.81447
0.81418
0.81383
0.81342
0.81294
0.8124
0.8118
0.81113
0.8104
0.80961
0.80874
0.80782
0.80682
0.80576
0.80463
0.80344
0.80217
0.80084
0.79945
0.79798
0.79645
0.79485
0.79319
0.79145
0.78966
0.78779
0.78586
0.78387
0.78181
0.77968
0.77749
0.77524
0.77293
0.77056
0.76812
0.76563
0.76308
0.76047
0.75781
0.75509
0.75231
0.74948
0.7466
0.74367
0.74069
0.73767
0.7346
0.73148
0.72832
0.72511
0.72187
0.71859
0.71527
0.71192
0.70853
0.70511
0.70166
0.69818
0.69468
0.69115
0.6876
0.68403
0.68044
0.67683
0.6732
0.66957
0.66592
0.66226
0.6586
0.65493
0.65126
0.64758
0.64391
0.64024
0.63657
0.63291
0.62926
0.62562
0.62199
0.61837
0.61478
0.6112
0.60764
0.6041
0.60058
0.5971
0.59363
0.5902
0.5868
0.58344
0.5801
0.57681
0.57355
0.57033
0.56715
0.56402
0.56093
0.55789
0.55489
0.55195
0.54905
0.54621
0.54343
0.54069
0.53802
0.5354
0.53284
0.53034
0.52791
0.52554
0.52323
0.52099
0.51882
0.51671
0.51468
0.51271
0.51082
0.509
0.50726
0.50559
0.504
0.50248
0.50104
0.49969
0.49841
0.49722
0.4961
0.49508
0.49413
0.49328
0.49251
0.49182
0.49123
0.49072
0.49031
0.48999
0.48976
0.48963
0.48959
0.48964
0.48979
0.49004
0.49039
0.49084
0.49139
0.49204
0.49279
0.49365
0.49461
0.49568
0.49686
0.49814
0.49954
0.50104
0.50265
0.50438
0.50622
0.50818
0.51025
0.51244
0.51474
0.51717
0.51971
0.52238
0.52517
0.52808
0.53112
0.53429
0.53758
0.541
0.54455
0.54823
0.55204
0.55598
0.56006
0.56427
0.56862
0.5731
0.57772
0.58248
0.58738
0.59242
0.5976
0.60292
0.60839
0.614
0.61977
0.62568
0.63174
0.63796
0.64432
0.65084
0.6575
0.66432
0.67129
0.67841
0.68568
0.6931
0.70067
0.70838
0.71625
0.72426
0.73242
0.74072
0.74917
0.75776
0.76649
0.77536
0.78437
0.79351
0.80278
0.81219
0.82172
0.83139
0.84117
0.85107
0.86109
0.87123
0.88148
0.89183
0.90229
0.91285
0.9235
0.93425
0.94508
0.956
0.96699
0.97806
0.9892
1.0004
1.0117
1.023
1.0344
1.0458
1.0572
1.0687
1.0802
1.0917
1.1033
1.1148
1.1264
1.138
1.1495
1.161
1.1726
1.184
1.1955
1.2069
1.2183
1.2296
1.2409
1.2521
1.2632
1.2742
1.2852
1.296
1.3068
1.3175
1.328
1.3385
1.3488
1.359
1.3691
1.379
1.3888
1.3984
1.4078
1.4172
1.4263
1.4352
1.444
1.4526
1.461
1.4693
1.4773
1.4851
1.4927
1.5001
1.5072
1.5142
1.5209
1.5274
1.5336
1.5396
1.5454
1.5509
1.5562
1.5613
1.566
1.5705
1.5748
1.5788
1.5825
1.586
1.5891
1.592
1.5947
1.5971
1.5991
1.6009
1.6025
1.6037
1.6047
1.6054
1.6058
1.6059
1.6057
1.6053
1.6046
1.6036
1.6023
1.6007
1.5989
1.5967
1.5943
1.5917
1.5887
1.5855
1.582
1.5782
1.5742
1.5699
1.5653
1.5605
1.5554
1.5501
1.5445
1.5387
1.5326
1.5263
1.5198
1.513
1.506
1.4988
1.4913
1.4837
1.4758
1.4677
1.4594
1.451
1.4423
1.4334
1.4244
1.4152
1.4058
1.3962
1.3865
1.3767
1.3666
1.3565
1.3462
1.3358
1.3252
1.3145
1.3038
1.2929
1.2819
1.2708
1.2596
1.2484
1.237
1.2256
1.2142
1.2027
1.1911
1.1795
1.1678
1.1561
1.1444
1.1327
1.121
1.1092
1.0975
1.0857
1.074
1.0623
1.0506
1.0389
1.0273
1.0157
1.0042
0.99269
0.98125
0.96988
0.95857
0.94733
0.93616
0.92508
0.91408
0.90317
0.89235
0.88163
0.87101
0.86049
0.85008
0.83979
0.8296
0.81954
0.8096
0.79978
0.79009
0.78053
0.7711
0.7618
0.75265
0.74362
0.73474
0.726
0.71741
0.70896
0.70065
0.69249
0.68448
0.67662
0.66891
0.66135
0.65394
0.64668
0.63957
0.63262
0.62582
0.61917
0.61267
0.60633
0.60013
0.59409
0.5882
0.58246
0.57688
0.57144
0.56615
0.56101
0.55602
0.55117
0.54647
0.54192
0.53751
0.53325
0.52913
0.52515
0.52131
0.51762
0.51406
0.51064
0.50736
0.50422
0.50121
0.49834
0.4956
0.49299
0.49051
0.48817
0.48596
0.48387
0.48192
0.48009
0.47838
0.47681
0.47536
0.47403
0.47282
0.47174
0.47078
0.46994
0.46922
0.46862
0.46814
0.46778
0.46753
0.4674
0.46739
0.46749
0.46771
0.46805
0.46849
0.46906
0.46973
0.47052
0.47142
0.47243
0.47355
0.47478
0.47612
0.47758
0.47914
0.48081
0.48259
0.48448
0.48648
0.48858
0.49079
0.49311
0.49553
0.49806
0.50069
0.50343
0.50627
0.50922
0.51227
0.51542
0.51867
0.52202
0.52548
0.52903
0.53268
0.53643
0.54028
0.54422
0.54826
0.5524
0.55663
0.56095
0.56536
0.56986
0.57445
0.57913
0.5839
0.58875
0.59369
0.59871
0.60381
0.60899
0.61425
0.61958
0.62499
0.63047
0.63602
0.64164
0.64733
0.65308
0.65889
0.66477
0.6707
0.67669
0.68274
0.68883
0.69498
0.70117
0.7074
0.71368
0.71999
0.72634
0.73272
0.73914
0.74558
0.75205
0.75854
0.76504
0.77157
0.7781
0.78465
0.7912
0.79776
0.80432
0.81087
0.81742
0.82396
0.83049
0.83701
0.84351
0.84999
0.85644
0.86286
0.86926
0.87562
0.88195
0.88823
0.89448
0.90068
0.90683
0.91293
0.91897
0.92496
0.93089
0.93675
0.94256
0.94829
0.95395
0.95954
0.96505
0.97049
0.97584
0.98112
0.9863
0.9914
0.99641
1.0013
1.0062
1.0109
1.0155
1.0201
1.0245
1.0288
1.033
1.0372
1.0412
1.0451
1.0489
1.0526
1.0561
1.0596
1.0629
1.0662
1.0693
1.0723
1.0752
1.0779
1.0806
1.0831
1.0855
1.0878
1.09
1.092
1.094
1.0958
1.0975
1.0991
1.1005
1.1019
1.1031
1.1042
1.1052
1.1061
1.1069
1.1075
1.108
1.1085
1.1088
1.109
1.1091
1.1091
1.1089
1.1087
1.1084
1.108
1.1074
1.1068
1.1061
1.1052
1.1043
1.1033
1.1022
1.101
1.0997
1.0984
1.0969
1.0954
1.0938
1.0921
1.0903
1.0885
1.0865
1.0845
1.0825
1.0804
1.0782
1.0759
1.0736
1.0713
1.0688
1.0664
1.0638
1.0613
1.0586
1.056
1.0533
1.0505
1.0477
1.0449
1.0421
1.0392
1.0362
1.0333
1.0303
1.0273
1.0243
1.0212
1.0181
1.015
1.0119
1.0088
1.0057
1.0025
0.99936
0.9962
0.99303
0.98986
0.98669
0.98352
0.98036
0.9772
0.97404
0.9709
0.96776
0.96464
0.96153
0.95844
0.95536
0.95231
0.94927
0.94625
0.94326
0.94029
0.93735
0.93443
0.93154
0.92868
0.92586
0.92306
0.9203
0.91757
0.91488
0.91223
0.90961
0.90703
0.90449
0.90199
0.89954
0.89712
0.89475
0.89242
0.89014
0.8879
0.88571
0.88357
0.88147
0.87942
0.87742
0.87547
0.87357
0.87171
0.86991
0.86816
0.86646
0.86481
0.86321
0.86167
0.86017
0.85873
0.85734
0.85601
0.85472
0.85349
0.85232
0.85119
0.85012
0.8491
0.84814
0.84723
0.84637
0.84556
0.84481
0.84411
0.84346
0.84286
0.84231
0.84182
0.84138
0.84099
0.84064
0.84035
0.84011
0.83992
0.83978
0.83968
0.83964
0.83964
0.83969
0.83978
0.83993
0.84011
0.84035
0.84062
0.84094
0.84131
0.84172
0.84216
0.84265
0.84319
0.84376
0.84437
0.84501
0.8457
0.84642
0.84718
0.84798
0.84881
0.84967
0.85056
0.85149
0.85245
0.85344
0.85446
0.85551
0.85658
0.85768
0.85881
0.85996
0.86114
0.86234
0.86356
0.8648
0.86606
0.86734
0.86864
0.86996
0.87129
0.87264
0.874
0.87538
0.87676
0.87816
0.87957
0.88099
0.88241
0.88384
0.88528
0.88672
0.88816
0.88961
0.89106
0.89251
0.89396
0.8954
0.89685
0.89829
0.89973
0.90116
0.90258
0.90399
0.9054
0.9068
0.90818
0.90956
0.91092
0.91226
0.9136
0.91491
0.91621
0.91749
0.91875
0.92
0.92122
0.92242
0.9236
0.92475
0.92588
0.92699
0.92807
0.92912
0.93014
0.93114
0.93211
0.93305
0.93395
0.93483
0.93567
0.93648
0.93725
0.938
0.9387
0.93937
0.94001
0.94061
0.94116
0.94169
0.94217
0.94261
0.94302
0.94338
0.9437
0.94399
0.94423
0.94443
0.94458
0.94469
0.94476
0.94479
0.94477
0.94471
0.94461
0.94446
0.94426
0.94402
0.94374
0.94341
0.94303
0.94261
0.94215
0.94163
0.94107
0.94047
0.93982
0.93913
0.93839
0.9376
0.93677
0.93589
0.93497
0.934
0.93299
0.93193
0.93083
0.92968
0.92849
0.92726
0.92598
0.92466
0.9233
0.92189
0.92044
0.91895
0.91742
0.91585
0.91424
0.91259
0.9109
0.90917
0.90741
0.9056
0.90376
0.90189
0.89997
0.89802
0.89604
0.89402
0.89197
0.88989
0.88778
0.88563
0.88345
0.88125
0.87901
0.87675
0.87446
0.87214
0.8698
0.86743
0.86504
0.86263
0.86019
0.85773
0.85525
0.85275
0.85024
0.8477
0.84515
0.84258
0.83999
0.83739
0.83478
0.83215
0.82952
0.82687
0.82421
0.82154
0.81887
0.81619
0.8135
0.81081
0.80811
0.80541
0.8027
0.8
0.7973
0.79459
0.79189
0.78919
0.78649
0.78379
0.78111
0.77842
0.77575
0.77308
0.77042
0.76777
0.76513
0.7625
0.75989
0.75728
0.75469
0.75212
0.74956
0.74702
0.74449
0.74198
0.7395
0.73703
0.73458
0.73215
0.72974
0.72736
0.725
0.72267
0.72035
0.71807
0.71581
0.71358
0.71137
0.7092
0.70705
0.70493
0.70284
0.70078
0.69876
0.69676
0.6948
0.69287
0.69098
0.68912
0.68729
0.6855
0.68375
0.68203
0.68035
0.6787
0.6771
0.67553
0.674
0.6725
0.67105
0.66964
0.66827
0.66694
0.66564
0.66439
0.66319
0.66202
0.6609
0.65981
0.65878
0.65778
0.65683
0.65592
0.65505
0.65423
0.65346
0.65273
0.65204
0.6514
0.6508
0.65025
0.64975
0.64929
0.64887
0.6485
0.64818
0.64791
0.64768
0.64749
0.64736
0.64727
0.64723
0.64723
0.64728
0.64738
0.64752
0.64771
0.64795
0.64824
0.64857
0.64895
0.64937
0.64984
0.65036
0.65093
0.65154
0.6522
0.6529
0.65365
0.65445
0.65529
0.65618
0.65711
0.65809
0.65912
0.66019
0.6613
0.66246
0.66366
0.66491
0.6662
0.66753
0.66891
0.67033
0.67179
0.6733
0.67484
0.67643
0.67806
0.67973
0.68144
0.68319
0.68498
0.68681
0.68867
0.69058
0.69252
0.69449
0.69651
0.69856
0.70064
0.70276
0.70491
0.7071
0.70931
0.71156
0.71384
0.71615
0.71849
0.72086
0.72326
0.72568
0.72813
0.7306
0.7331
0.73563
0.73817
0.74074
0.74333
0.74594
0.74857
0.75121
0.75387
0.75655
0.75924
0.76195
0.76467
0.7674
0.77014
0.77289
0.77565
0.77841
0.78118
0.78396
0.78673
0.78951
0.79229
0.79507
0.79785
0.80062
0.80339
0.80616
0.80891
0.81166
0.8144
0.81713
0.81984
0.82254
0.82522
0.82789
0.83054
0.83317
0.83578
0.83836
0.84092
0.84346
0.84596
0.84844
0.85089
0.85331
0.8557
0.85805
0.86037
0.86265
0.86489
0.86709
0.86925
0.87137
0.87344
0.87547
0.87745
0.87939
0.88127
0.8831
0.88488
0.88661
0.88829
0.8899
0.89146
0.89297
0.89441
0.89579
0.89711
0.89837
0.89957
0.9007
0.90176
0.90276
0.90368
0.90454
0.90533
0.90605
0.9067
0.90727
0.90778
0.9082
0.90856
0.90884
0.90904
0.90916
0.90921
0.90918
0.90908
0.90889
0.90863
0.90828
0.90786
0.90736
0.90678
0.90611
0.90537
0.90455
0.90364
0.90266
0.90159
0.90045
0.89922
0.89792
0.89653
0.89507
0.89353
0.8919
0.8902
0.88842
0.88657
0.88463
0.88262
0.88054
0.87838
0.87615
0.87384
0.87146
0.86901
0.86648
0.86389
0.86123
0.8585
0.8557
0.85284
0.84991
0.84692
0.84387
0.84075
0.83758
0.83435
0.83106
0.82771
0.82431
0.82086
0.81736
0.8138
0.8102
0.80655
0.80286
0.79912
0.79534
0.79152
0.78766
0.78377
0.77984
0.77587
0.77188
0.76785
0.76379
0.75971
0.75561
0.75148
0.74733
0.74315
0.73897
0.73476
0.73054
0.72631
0.72207
0.71782
0.71356
0.7093
0.70504
0.70077
0.6965
0.69223
0.68797
0.68371
0.67946
0.67522
0.67099
0.66677
0.66256
0.65837
0.65419
0.65004
0.6459
0.64178
0.63769
0.63362
0.62958
0.62556
0.62157
0.61761
0.61368
0.60979
0.60593
0.6021
0.59831
0.59456
0.59084
0.58717
0.58354
0.57994
0.57639
0.57289
0.56943
0.56601
0.56265
0.55933
0.55606
0.55283
0.54966
0.54654
0.54347
0.54046
0.53749
0.53458
0.53173
0.52893
0.52619
0.5235
0.52087
0.5183
0.51578
0.51333
0.51093
0.50859
0.50631
0.5041
0.50194
0.49984
0.49781
0.49584
0.49393
0.49208
0.49029
0.48857
0.48691
0.48531
0.48378
0.48231
0.48091
0.47957
0.47829
0.47708
0.47594
0.47486
0.47384
0.47289
0.47201
0.47119
0.47044
0.46975
0.46913
0.46857
0.46809
0.46766
0.46731
0.46702
0.46679
0.46664
0.46655
0.46653
0.46657
0.46668
0.46686
0.4671
0.46741
0.46779
0.46824
0.46875
0.46933
0.46998
0.4707
0.47148
0.47233
0.47325
0.47423
0.47528
0.4764
0.47758
0.47884
0.48016
0.48155
0.483
0.48452
0.48611
0.48776
0.48949
0.49128
0.49313
0.49505
0.49704
0.49909
0.50122
0.5034
0.50565
0.50797
0.51035
0.5128
0.51531
0.51789
0.52053
0.52324
0.526
0.52884
0.53173
0.53469
0.53771
0.54079
0.54393
0.54713
0.55039
0.55371
0.5571
0.56054
0.56403
0.56759
0.5712
0.57487
0.57859
0.58237
0.5862
0.59008
0.59402
0.598
0.60204
0.60613
0.61026
0.61445
0.61867
0.62295
0.62727
0.63163
0.63603
0.64048
0.64496
0.64949
0.65405
0.65865
0.66328
0.66794
0.67264
0.67737
0.68213
0.68691
0.69172
0.69656
0.70142
0.70631
0.71121
