1.1832
1.1831
1.1831
1.1832
1.1832
1.1833
1.1833
1.1833
1.1833
1.1833
1.1833
1.1833
1.1834
1.1835
1.1836
1.1838
1.184
1.1841
1.184
1.1839
1.1838
1.1836
1.1836
1.1836
1.1836
1.1836
1.1836
1.1836
1.1835
1.1835
1.1835
1.1834
1.1834
1.1835
1.1835
1.1836
1.1837
1.1838
1.1839
1.1841
1.1843
1.1845
1.1847
1.1848
1.1848
1.1848
1.1848
1.1849
1.185
1.1849
1.1847
1.1244
1.0305
0.99581
1.0305
1.1242
1.1842
1.1841
1.1839
1.1836
1.1834
1.1833
1.1832
1.1831
1.1831
1.1831
1.1831
1.1831
1.1831
1.1831
1.1831
1.1831
1.1831
1.1831
1.1831
1.1831
1.1831
1.1831
1.1831
1.1831
1.1831
1.1831
1.1831
1.1831
1.1831
1.1831
1.1831
1.1831
1.1831
1.1832
1.1833
1.1834
1.1835
1.1835
1.1835
1.1834
1.1834
1.1834
1.1835
1.1836
1.1837
1.1838
1.1239
1.0303
0.99574
1.0304
1.1241
1.1839
1.1836
1.1834
1.1833
1.1832
1.1831
1.1831
1.1831
1.1831
1.1831
1.1831
1.1831
1.1831
1.1831
1.1832
1.1833
1.1834
1.1836
1.1837
1.1838
1.1838
1.1838
1.1838
1.1837
1.1836
1.1835
1.1835
1.1835
1.1835
1.1835
1.1835
1.1834
1.1833
1.1832
1.1831
1.1831
1.1832
1.1832
1.1832
1.1832
1.1832
1.1832
1.1831
1.1831
1.1831
1.1831
1.1232
1.0296
0.99505
1.0296
1.1232
1.1831
1.1831
1.1831
1.1832
1.1833
1.1833
1.1834
1.1835
1.1836
1.1836
1.1835
1.1833
1.1832
1.1832
1.1832
1.1832
1.1832
1.1833
1.1833
1.1833
1.1833
1.1832
1.1831
1.1831
1.1832
1.1832
1.1832
1.1832
1.1832
1.1832
1.1832
1.1831
1.1831
1.1831
1.1831
1.1832
1.1832
1.1832
1.1832
1.1832
1.1832
1.1831
1.1831
1.1831
1.1831
1.1831
1.1232
1.0296
0.99505
1.0296
1.1232
1.1831
1.1831
1.1831
1.1832
1.1832
1.1832
1.1832
1.1831
1.1832
1.1834
1.1836
1.1838
1.1839
1.184
1.1839
1.1838
1.1837
1.1836
1.1836
1.1835
1.1834
1.1834
1.1833
1.1833
1.1833
1.1833
1.1833
1.1832
1.1832
1.1832
1.1832
1.1833
1.1834
1.1835
1.1836
1.1837
1.1838
1.1839
1.1839
1.1839
1.1839
1.1839
1.1839
1.1839
1.1839
1.1839
1.1239
1.0303
0.99557
1.0301
1.1237
1.1836
1.1836
1.1836
1.1836
1.1835
1.1834
1.1832
1.1832
1.1831
1.1831
1.1831
1.1832
1.1832
1.1832
1.1831
1.1831
1.1831
1.1831
1.1831
1.1831
1.1831
1.1831
1.1831
1.1831
1.1831
1.1831
1.1832
1.1833
1.1835
1.1838
1.1841
1.1844
1.1845
1.1843
1.184
1.1837
1.1834
1.1833
1.1832
1.1831
1.1831
1.1831
1.1831
1.1831
1.1832
1.1832
1.1232
1.0297
0.99506
1.0296
1.1232
1.1831
1.1832
1.1833
1.1833
1.1834
1.1834
1.1836
1.1837
1.1837
1.1836
1.1834
1.1832
1.1831
1.1831
1.1831
1.1831
1.1831
1.1832
1.1833
1.1835
1.1836
1.1837
1.1838
1.1838
1.184
1.1841
1.1842
1.1842
1.1841
1.184
1.1838
1.1836
1.1835
1.1834
1.1834
1.1834
1.1835
1.1837
1.1838
1.1839
1.184
1.1841
1.1843
1.1844
1.1844
1.1843
1.1241
1.0302
0.99544
1.03
1.1235
1.1834
1.1834
1.1833
1.1833
1.1833
1.1833
1.1833
1.1833
1.1833
1.1834
1.1835
1.1835
1.1835
1.1835
1.1834
1.1833
1.1833
1.1833
1.1833
1.1834
1.1834
1.1834
1.1833
1.1833
1.1833
1.1834
1.1834
1.1835
1.1835
1.1834
1.1834
1.1834
1.1835
1.1836
1.1838
1.1839
1.1838
1.1837
1.1836
1.1836
1.1836
1.1836
1.1836
1.1836
1.1837
1.1837
1.1239
1.0303
0.99569
1.0304
1.1243
1.1846
1.1849
1.1851
1.1851
1.1849
1.1846
1.1843
1.184
1.1836
1.1834
1.1832
1.1831
1.1831
1.1832
1.1832
1.1832
1.1832
1.1832
1.1831
1.1831
1.1831
1.1832
1.1833
1.1835
1.1836
1.1837
1.1837
1.1837
1.1836
1.1834
1.1833
1.1832
1.1831
1.1832
1.1832
1.1833
1.1834
1.1834
1.1835
1.1835
1.1835
1.1834
1.1833
1.1832
1.1831
1.1831
1.1232
1.0297
0.99506
1.0296
1.1232
1.1832
1.1832
1.1831
1.1831
1.1831
1.1831
1.1832
1.1832
1.1833
1.1834
1.1834
1.1834
1.1833
1.1833
1.1832
1.1832
1.1832
1.1831
1.1831
1.1831
1.1832
1.1832
1.1833
1.1833
1.1832
1.1832
1.1832
1.1832
1.1832
1.1832
1.1832
1.1832
1.1832
1.1833
1.1833
1.1833
1.1832
1.1832
1.1831
1.1831
1.1831
1.1831
1.1831
1.1831
1.1831
1.1831
1.1232
1.0297
0.99509
1.0297
1.1234
1.1834
1.1835
1.1837
1.1837
1.1837
1.1838
1.1837
1.1836
1.1833
1.1832
1.1831
1.1831
1.1831
1.1831
1.1831
1.1831
1.1832
1.1832
1.1832
1.1832
1.1832
1.1833
1.1833
1.1834
1.1835
1.1836
1.1836
1.1837
1.1836
1.1835
1.1834
1.1832
1.1832
1.1831
1.1831
1.1832
1.1832
1.1831
1.1831
1.1831
1.1831
1.1831
1.1831
1.1831
1.1831
1.1831
1.1232
1.0296
0.99505
1.0296
1.1232
1.1831
1.1832
1.1832
1.1833
1.1833
1.1832
1.1832
1.1832
1.1833
1.1835
1.184
1.1845
1.185
1.1854
1.1855
1.1854
1.1852
1.185
1.1848
1.1846
1.1843
1.1841
1.1839
1.1838
1.1838
1.1838
1.1838
1.1838
1.1838
1.1837
1.1836
1.1836
1.1835
1.1836
1.1836
1.1838
1.1839
1.1839
1.1838
1.1837
1.1835
1.1834
1.1834
1.1834
1.1834
1.1834
1.1233
1.0297
0.99506
1.0297
1.1233
1.1833
1.1834
1.1834
1.1835
1.1836
1.1837
1.1837
1.1837
1.1836
1.1834
1.1832
1.1832
1.1831
1.1831
1.1831
1.1831
1.1832
1.1832
1.1833
1.1833
1.1832
1.1832
1.1832
1.1831
1.1831
1.1831
1.1831
1.1831
1.1832
1.1832
1.1832
1.1832
1.1832
1.1831
1.1831
1.1831
1.1832
1.1832
1.1833
1.1833
1.1832
1.1832
1.1831
1.1831
1.1831
1.1832
1.1233
1.0298
0.99522
1.0299
1.1235
1.1836
1.1836
1.1837
1.1836
1.1835
1.1833
1.1832
1.1832
1.1831
1.1831
1.1831
1.1831
1.1832
1.1832
1.1833
1.1833
1.1832
1.1832
1.1831
1.1831
1.1832
1.1833
1.1834
1.1834
1.1834
1.1834
1.1834
1.1834
1.1834
1.1834
1.1834
1.1833
1.1834
1.1834
1.1835
1.1837
1.1838
1.1838
1.1837
1.1836
1.1835
1.1835
1.1834
1.1834
1.1834
1.1834
1.1233
1.0297
0.99506
1.0296
1.1232
1.1832
1.1833
1.1834
1.1836
1.1838
1.184
1.1842
1.1842
1.1841
1.1841
1.184
1.1839
1.1838
1.1838
1.1837
1.1835
1.1834
1.1832
1.1832
1.1831
1.1831
1.1831
1.1831
1.1831
1.1831
1.1831
1.1832
1.1832
1.1833
1.1833
1.1832
1.1832
1.1831
1.1832
1.1832
1.1833
1.1832
1.1832
1.1831
1.1831
1.1831
1.1831
1.1831
1.1831
1.1832
1.1832
1.1233
1.0297
0.99514
1.0298
1.1234
1.1836
1.1837
1.1837
1.1835
1.1833
1.1832
1.1831
1.1831
1.1831
1.1832
1.1832
1.1831
1.1831
1.1832
1.1834
1.1835
1.1837
1.1838
1.1838
1.1838
1.1837
1.1837
1.1837
1.1836
1.1835
1.1834
1.1833
1.1832
1.1832
1.1832
1.1832
1.1831
1.1831
1.1832
1.1833
1.1833
1.1833
1.1832
1.1832
1.1831
1.1831
1.1831
1.1831
1.1832
1.1832
1.1833
1.1234
1.0298
0.99513
1.0297
1.1233
1.1832
1.1834
1.1835
1.1837
1.1838
1.1839
1.1839
1.1839
1.1838
1.1836
1.1836
1.1836
1.1836
1.1836
1.1834
1.1833
1.1832
1.1832
1.1832
1.1832
1.1831
1.1831
1.1831
1.1831
1.1831
1.1831
1.1831
1.1831
1.1832
1.1831
1.1831
1.1831
1.1831
1.1831
1.1831
1.1832
1.1832
1.1831
1.1831
1.1831
1.1831
1.1831
1.1831
1.1831
1.1831
1.1831
1.1232
1.0297
0.99508
1.0297
1.1232
1.1832
1.1832
1.1832
1.1832
1.1831
1.1831
1.1831
1.1832
1.1832
1.1833
1.1835
1.1836
1.1836
1.1836
1.1836
1.1835
1.1834
1.1833
1.1833
1.1833
1.1834
1.1833
1.1833
1.1833
1.1833
1.1833
1.1833
1.1833
1.1833
1.1833
1.1833
1.1834
1.1836
1.1838
1.1841
1.1844
1.1848
1.1853
1.1858
1.186
1.186
1.1859
1.1858
1.1855
1.1852
1.1849
1.1245
1.0306
0.99586
1.0305
1.1244
1.1845
1.1846
1.1845
1.1844
1.1844
1.1843
1.1844
1.1846
1.1849
1.1853
1.1857
1.1859
1.1861
1.1862
1.1863
1.1863
1.1863
1.1863
1.1863
1.1863
1.1865
1.1867
1.1869
1.1871
1.1872
1.1871
1.1867
1.1862
1.1858
1.1855
1.1853
1.1854
1.1855
1.1856
1.1857
1.1858
1.1858
1.1857
1.1855
1.1852
1.1847
1.1843
1.184
1.1837
1.1835
1.1834
1.1235
1.0299
0.99534
1.03
1.1237
1.1837
1.1836
1.1835
1.1833
1.1832
1.1832
1.1832
1.1832
1.1833
1.1834
1.1835
1.1836
1.1835
1.1833
1.1832
1.1832
1.1832
1.1833
1.1834
1.1834
1.1834
1.1834
1.1833
1.1832
1.1832
1.1831
1.1831
1.1831
1.1831
1.1831
1.1831
1.1831
1.1832
1.1832
1.1832
1.1832
1.1832
1.1831
1.1831
1.1832
1.1833
1.1834
1.1835
1.1835
1.1835
1.1834
1.1234
1.0298
0.99514
1.0297
1.1233
1.1832
1.1832
1.1832
1.1831
1.1831
1.1831
1.1831
1.1831
1.1831
1.1832
1.1833
1.1834
1.1834
1.1833
1.1833
1.1832
1.1832
1.1831
1.1831
1.1831
1.1832
1.1832
1.1832
1.1831
1.1831
1.1832
1.1832
1.1832
1.1832
1.1832
1.1832
1.1833
1.1833
1.1833
1.1833
1.1834
1.1833
1.1833
1.1832
1.1832
1.1831
1.1831
1.1832
1.1832
1.1833
1.1833
1.1234
1.0298
0.99523
1.0298
1.1233
1.1832
1.1831
1.1831
1.1831
1.1831
1.1831
1.1831
1.1831
1.1831
1.1831
1.1831
1.1831
1.1831
1.1831
1.1831
1.1831
1.1831
1.1831
1.1831
1.1831
1.1831
1.1832
1.1832
1.1831
1.1831
1.1831
1.1831
1.1831
1.1831
1.1832
1.1833
1.1834
1.1837
1.1839
1.1841
1.1841
1.1841
1.1839
1.1837
1.1835
1.1833
1.1832
1.1832
1.1831
1.1831
1.1832
1.1232
1.0297
0.99516
1.0298
1.1233
1.1833
1.1833
1.1832
1.1833
1.1833
1.1833
1.1834
1.1835
1.1836
1.1837
1.1838
1.184
1.1842
1.1844
1.1844
1.1844
1.1843
1.1841
1.184
1.1839
1.1839
1.1838
1.1837
1.1835
1.1834
1.1833
1.1832
1.1832
1.1831
1.1831
1.1831
1.1832
1.1832
1.1833
1.1834
1.1835
1.1837
1.184
1.1842
1.1843
1.1843
1.1843
1.1843
1.1843
1.1843
1.1843
1.1242
1.0304
0.99573
1.0303
1.124
1.1838
1.1837
1.1836
1.1835
1.1835
1.1836
1.1837
1.1839
1.1839
1.184
1.184
1.1839
1.1838
1.1837
1.1837
1.1837
1.1839
1.1841
1.1844
1.1846
1.1846
1.1843
1.184
1.1838
1.1836
1.1834
1.1833
1.1832
1.1831
1.1832
1.1832
1.1833
1.1833
1.1833
1.1832
1.1832
1.1833
1.1834
1.1836
1.1837
1.1839
1.1838
1.1837
1.1835
1.1833
1.1832
1.1232
1.0296
0.99505
1.0297
1.1233
1.1834
1.1836
1.1838
1.1839
1.1839
1.1839
1.1839
1.1838
1.1837
1.1836
1.1836
1.1835
1.1835
1.1834
1.1834
1.1833
1.1832
1.1832
1.1832
1.1832
1.1832
1.1832
1.1832
1.1832
1.1832
1.1831
1.1831
1.1831
1.1831
1.1831
1.1831
1.1831
1.1831
1.1832
1.1832
1.1832
1.1832
1.1831
1.1831
1.1831
1.1831
1.1831
1.1832
1.1832
1.1832
1.1831
1.1232
1.0297
0.99511
1.0298
1.1234
1.1835
1.1835
1.1836
1.1836
1.1835
1.1834
1.1834
1.1833
1.1832
1.1832
1.1832
1.1831
1.1831
1.1831
1.1831
1.1831
1.1831
1.1831
1.1832
1.1832
1.1832
1.1831
1.1831
1.1831
1.1831
1.1831
1.1831
1.1832
1.1835
1.1839
1.1844
1.1849
1.1851
1.1851
1.185
1.185
1.1848
1.1846
1.1843
1.1839
1.1836
1.1834
1.1833
1.1833
1.1833
1.1833
1.1234
1.0298
0.99522
1.0298
1.1235
1.1834
1.1835
1.1836
1.1837
1.1839
1.1841
1.1843
1.1846
1.1848
1.1849
1.1848
1.1847
1.1846
1.1844
1.1842
1.184
1.1838
1.1836
1.1834
1.1833
1.1832
1.1832
1.1832
1.1831
1.1831
1.1831
1.1832
1.1832
1.1833
1.1833
1.1833
1.1833
1.1832
1.1832
1.1831
1.1831
1.1831
1.1831
1.1831
1.1832
1.1832
1.1832
1.1832
1.1832
1.1832
1.1832
1.1233
1.0298
0.99522
1.0298
1.1234
1.1833
1.1833
1.1832
1.1831
1.1831
1.1831
1.1832
1.1832
1.1833
1.1834
1.1834
1.1834
1.1835
1.1835
1.1834
1.1834
1.1834
1.1834
1.1835
1.1835
1.1836
1.1836
1.1836
1.1836
1.1835
1.1835
1.1835
1.1834
1.1834
1.1834
1.1834
1.1835
1.1836
1.1836
1.1836
1.1835
1.1835
1.1835
1.1835
1.1834
1.1833
1.1832
1.1832
1.1831
1.1831
1.1831
1.1232
1.0296
0.99506
1.0297
1.1233
1.1834
1.1834
1.1834
1.1833
1.1832
1.1832
1.1831
1.1831
1.1832
1.1832
1.1833
1.1833
1.1833
1.1834
1.1835
1.1836
1.1836
1.1837
1.1837
1.1837
1.1836
1.1835
1.1834
1.1833
1.1834
1.1835
1.1836
1.1838
1.1838
1.1838
1.1836
1.1835
1.1834
1.1834
1.1835
1.1838
1.1842
1.1846
1.185
1.1852
1.1852
1.1851
1.1849
1.1848
1.1847
1.1846
1.1245
1.0306
0.99586
1.0304
1.1241
1.1839
1.1838
1.1836
1.1834
1.1833
1.1833
1.1832
1.1832
1.1832
1.1831
1.1831
1.1831
1.1831
1.1831
1.1831
1.1831
1.1831
1.1831
1.1831
1.1831
1.1831
1.1831
1.1831
1.1831
1.1831
1.1832
1.1832
1.1833
1.1834
1.1835
1.1836
1.1835
1.1834
1.1833
1.1832
1.1831
1.1831
1.1832
1.1833
1.1834
1.1835
1.1836
1.1837
1.1837
1.1837
1.1836
1.1236
1.0298
0.99517
1.0297
1.1232
1.1831
1.1831
1.1831
1.1831
1.1831
1.1831
1.1831
1.1831
1.1831
1.1831
1.1831
1.1831
1.1832
1.1832
1.1833
1.1835
1.1837
1.1839
1.184
1.184
1.1839
1.1836
1.1834
1.1832
1.1832
1.1831
1.1831
1.1831
1.1831
1.1831
1.1831
1.1831
1.1831
1.1831
1.1831
1.1831
1.1831
1.1831
1.1831
1.1831
1.1832
1.1832
1.1832
1.1833
1.1834
1.1834
1.1235
1.0299
0.99531
1.03
1.1238
1.1839
1.184
1.184
1.184
1.184
1.1839
1.1838
1.1838
1.1837
1.1836
1.1835
1.1834
1.1834
1.1833
1.1833
1.1833
1.1832
1.1832
1.1831
1.1831
1.1831
1.1831
1.1831
1.1831
1.1831
1.1831
1.1831
1.1831
1.1831
1.1832
1.1832
1.1832
1.1832
1.1831
1.1831
1.1831
1.1831
1.1831
1.1831
1.1831
1.1831
1.1832
1.1832
1.1832
1.1832
1.1832
1.1232
1.0297
0.99507
1.0297
1.1232
1.1832
1.1832
1.1832
1.1833
1.1833
1.1833
1.1834
1.1834
1.1835
1.1835
1.1835
1.1834
1.1833
1.1832
1.1832
1.1832
1.1832
1.1832
1.1832
1.1832
1.1831
1.1831
1.1831
1.1831
1.1831
1.1831
1.1831
1.1831
1.1832
1.1832
1.1833
1.1833
1.1834
1.1834
1.1834
1.1833
1.1833
1.1833
1.1833
1.1833
1.1832
1.1832
1.1832
1.1831
1.1832
1.1832
1.1233
1.0298
0.99524
1.0298
1.1234
1.1834
1.1833
1.1834
1.1834
1.1834
1.1834
1.1834
1.1833
1.1832
1.1832
1.1832
1.1833
1.1834
1.1837
1.1839
1.1841
1.1841
1.184
1.1838
1.1837
1.1835
1.1834
1.1833
1.1833
1.1832
1.1832
1.1832
1.1831
1.1831
1.1831
1.1831
1.1831
1.1831
1.1831
1.1831
1.1832
1.1832
1.1832
1.1833
1.1834
1.1834
1.1834
1.1833
1.1833
1.1833
1.1832
1.1232
1.0297
0.99508
1.0297
1.1232
1.1832
1.1831
1.1831
1.1831
1.1831
1.1831
1.1831
1.1831
1.1831
1.1831
1.1831
1.1832
1.1832
1.1832
1.1832
1.1831
1.1831
1.1832
1.1832
1.1833
1.1833
1.1834
1.1834
1.1834
1.1834
1.1833
1.1832
1.1832
1.1831
1.1831
1.1831
1.1831
1.1832
1.1834
1.1836
1.1839
1.1843
1.1846
1.185
1.1853
1.1853
1.1853
1.1853
1.1853
1.1854
1.1855
1.1253
1.0313
0.99655
1.0311
1.1246
1.1842
1.1838
1.1836
1.1835
1.1835
1.1834
1.1833
1.1832
1.1832
1.1832
1.1832
1.1832
1.1832
1.1832
1.1831
1.1831
1.1831
1.1832
1.1833
1.1833
1.1834
1.1834
1.1834
1.1833
1.1832
1.1831
1.1831
1.1831
1.1831
1.1831
1.1831
1.1831
1.1832
1.1832
1.1833
1.1833
1.1832
1.1832
1.1832
1.1832
1.1833
1.1834
1.1835
1.1835
1.1835
1.1835
1.1235
1.0299
0.99532
1.0299
1.1235
1.1834
1.1834
1.1834
1.1835
1.1835
1.1835
1.1834
1.1833
1.1832
1.1831
1.1831
1.1832
1.1832
1.1834
1.1836
1.1838
1.184
1.1841
1.1842
1.1842
1.1842
1.184
1.1838
1.1836
1.1834
1.1833
1.1832
1.1832
1.1831
1.1831
1.1831
1.1831
1.1831
1.1831
1.1831
1.1831
1.1831
1.1831
1.1832
1.1833
1.1834
1.1835
1.1836
1.1838
1.184
1.1841
1.1241
1.0304
0.99574
1.0304
1.1241
1.1841
1.1841
1.184
1.184
1.184
1.1839
1.1839
1.1838
1.1838
1.1837
1.1836
1.1835
1.1834
1.1833
1.1832
1.1832
1.1831
1.1831
1.1831
1.1831
1.1831
1.1831
1.1831
1.1831
1.1831
1.1832
1.1833
1.1835
1.1836
1.1836
1.1836
1.1836
1.1836
1.1836
1.1836
1.1837
1.1838
1.1839
1.1839
1.184
1.1841
1.1842
1.1842
1.1841
1.1838
1.1836
1.1235
1.0298
0.9952
1.0297
1.1233
1.1831
1.1831
1.1831
1.1831
1.1832
1.1833
1.1835
1.1837
1.1838
1.1839
1.1839
1.184
1.184
1.184
1.1839
1.1838
1.1838
1.1837
1.1837
1.1837
1.1837
1.1837
1.1838
1.1839
1.184
1.1842
1.1844
1.1845
1.1846
1.1845
1.1845
1.1844
1.1843
1.1843
1.1843
1.1843
1.1843
1.1843
1.1844
1.1844
1.1845
1.1845
1.1845
1.1844
1.1843
1.1842
1.1243
1.0306
0.99601
1.0308
1.1247
1.1848
1.1846
1.1845
1.1842
1.1841
1.184
1.1839
1.1839
1.1838
1.1838
1.1838
1.1838
1.1839
1.184
1.184
1.1841
1.1841
1.1841
1.184
1.1839
1.1837
1.1835
1.1834
1.1833
1.1833
1.1833
1.1832
1.1831
1.1831
1.1831
1.1831
1.1831
1.1831
1.1831
1.1831
1.1832
1.1833
1.1835
1.1837
1.1839
1.184
1.1841
1.1842
1.1844
1.1845
1.1846
1.1246
1.031
0.99638
1.0311
1.1251
1.1852
1.1852
1.1853
1.1854
1.1854
1.1853
1.1852
1.1851
1.1848
1.1845
1.1843
1.1841
1.184
1.1839
1.1838
1.1837
1.1835
1.1834
1.1832
1.1832
1.1832
1.1831
1.1831
1.1832
1.1832
1.1832
1.1833
1.1833
1.1834
1.1834
1.1835
1.1836
1.1837
1.1839
1.1842
1.1845
1.1847
1.1849
1.1849
1.1848
1.1846
1.1845
1.1844
1.1843
1.1842
1.1841
1.1239
1.03
0.99523
1.0297
1.1232
1.1832
1.1833
1.1833
1.1834
1.1834
1.1834
1.1835
1.1835
1.1836
1.1837
1.1838
1.1838
1.1837
1.1835
1.1834
1.1834
1.1834
1.1834
1.1833
1.1833
1.1832
1.1831
1.1831
1.1831
1.1831
1.1831
1.1832
1.1832
1.1832
1.1833
1.1833
1.1833
1.1832
1.1831
1.1831
1.1832
1.1832
1.1832
1.1832
1.1833
1.1833
1.1834
1.1836
1.1837
1.1837
1.1837
1.1237
1.03
0.99535
1.0299
1.1235
1.1833
1.1832
1.1831
1.1831
1.1831
1.1831
1.1831
1.1831
1.1832
1.1832
1.1831
1.1831
1.1831
1.1832
1.1832
1.1832
1.1831
1.1831
1.1831
1.1831
1.1831
1.1831
1.1831
1.1831
1.1831
1.1831
1.1831
1.1832
1.1833
1.1833
1.1833
1.1833
1.1833
1.1833
1.1832
1.1832
1.1832
1.1832
1.1831
1.1831
1.1831
1.1831
1.1832
1.1832
1.1832
1.1832
1.1232
1.0297
0.99506
1.0296
1.1232
1.1831
1.1831
1.1832
1.1832
1.1832
1.1832
1.1832
1.1832
1.1832
1.1832
1.1833
1.1833
1.1835
1.1837
1.1838
1.1838
1.1837
1.1836
1.1836
1.1835
1.1835
1.1835
1.1834
1.1835
1.1835
1.1835
1.1835
1.1835
1.1835
1.1834
1.1833
1.1833
1.1832
1.1832
1.1832
1.1832
1.1832
1.1832
1.1832
1.1832
1.1831
1.1831
1.1831
1.1831
1.1831
1.1831
1.1232
1.0296
0.99507
1.0297
1.1233
1.1832
1.1833
1.1833
1.1834
1.1836
1.1837
1.1839
1.1839
1.1839
1.1839
1.1838
1.1837
1.1837
1.1836
1.1835
1.1834
1.1833
1.1832
1.1832
1.1831
1.1831
1.1831
1.1831
1.1831
1.1832
1.1832
1.1832
1.1832
1.1831
1.1831
1.1832
1.1832
1.1833
1.1835
1.1836
1.1838
1.1839
1.1838
1.1838
1.1836
1.1835
1.1833
1.1833
1.1832
1.1832
1.1831
1.1232
1.0297
0.99511
1.0298
1.1235
1.1835
1.1835
1.1835
1.1835
1.1835
1.1834
1.1833
1.1833
1.1832
1.1832
1.1832
1.1832
1.1831
1.1831
1.1831
1.1832
1.1832
1.1833
1.1833
1.1834
1.1834
1.1836
1.1837
1.1838
1.1838
1.1839
1.184
1.1841
1.1842
1.1843
1.1842
1.1841
1.184
1.1839
1.1838
1.1837
1.1836
1.1835
1.1834
1.1833
1.1833
1.1833
1.1834
1.1835
1.1835
1.1836
1.1237
1.03
0.99533
1.0299
1.1234
1.1833
1.1833
1.1832
1.1832
1.1831
1.1831
1.1831
1.1831
1.1832
1.1832
1.1832
1.1832
1.1832
1.1832
1.1832
1.1832
1.1832
1.1831
1.1831
1.1831
1.1832
1.1832
1.1831
1.1832
1.1832
1.1832
1.1832
1.1832
1.1833
1.1833
1.1834
1.1835
1.1836
1.1838
1.184
1.1842
1.1844
1.1847
1.185
1.1851
1.1853
1.1854
1.1854
1.1854
1.1853
1.1851
1.1247
1.0305
0.99564
1.0301
1.1236
1.1836
1.1836
1.1836
1.1836
1.1835
1.1835
1.1835
1.1835
1.1835
1.1834
1.1833
1.1833
1.1832
1.1831
1.1831
1.1831
1.1831
1.1831
1.1831
1.1831
1.1831
1.1831
1.1831
1.1831
1.1831
1.1831
1.1831
1.1831
1.1831
1.1831
1.1831
1.1831
1.1831
1.1831
1.1832
1.1833
1.1834
1.1835
1.1835
1.1834
1.1832
1.1832
1.1831
1.1831
1.1832
1.1832
1.1233
1.0297
0.99509
1.0297
1.1232
1.1831
1.1831
1.1832
1.1832
1.1832
1.1832
1.1832
1.1832
1.1832
1.1831
1.1831
1.1831
1.1831
1.1831
1.1831
1.1831
1.1832
1.1833
1.1833
1.1835
1.1837
1.1839
1.1842
1.1843
1.1843
1.1841
1.1838
1.1835
1.1833
1.1832
1.1832
1.1833
1.1834
1.1834
1.1834
1.1834
1.1833
1.1833
1.1832
1.1832
1.1833
1.1833
1.1833
1.1833
1.1833
1.1832
1.1232
1.0296
0.99508
1.0297
1.1234
1.1834
1.1835
1.1837
1.1837
1.1838
1.1839
1.1839
1.1838
1.1838
1.1838
1.1837
1.1837
1.1837
1.1838
1.184
1.1842
1.1844
1.1844
1.1844
1.1844
1.1843
1.1841
1.1839
1.1838
1.1838
1.1838
1.184
1.1842
1.1843
1.1843
1.1842
1.184
1.1838
1.1838
1.1837
1.1837
1.1837
1.1838
1.1839
1.184
1.1841
1.1842
1.1842
1.184
1.1839
1.1837
1.1236
1.03
0.99548
1.0302
1.1239
1.184
1.1841
1.1843
1.1846
1.185
1.1853
1.1855
1.1857
1.1856
1.1855
1.1853
1.185
1.1847
1.1844
1.1843
1.1841
1.1839
1.1838
1.1837
1.1836
1.1836
1.1835
1.1834
1.1834
1.1833
1.1833
1.1834
1.1834
1.1834
1.1834
1.1834
1.1834
1.1834
1.1834
1.1834
1.1833
1.1832
1.1831
1.1831
1.1831
1.1831
1.1832
1.1832
1.1832
1.1832
1.1832
1.1232
1.0296
0.99506
1.0296
1.1232
1.1831
1.1831
1.1832
1.1834
1.1835
1.1837
1.1837
1.1835
1.1834
1.1832
1.1831
1.1831
1.1831
1.1831
1.1832
1.1833
1.1834
1.1837
1.1839
1.1841
1.1843
1.1843
1.1843
1.1842
1.1839
1.1837
1.1836
1.1835
1.1834
1.1834
1.1834
1.1835
1.1835
1.1835
1.1835
1.1835
1.1835
1.1835
1.1836
1.1836
1.1836
1.1836
1.1837
1.1837
1.1836
1.1836
1.1236
1.0299
0.99529
1.0299
1.1235
1.1834
1.1834
1.1834
1.1833
1.1833
1.1832
1.1832
1.1832
1.1832
1.1832
1.1833
1.1834
1.1834
1.1835
1.1835
1.1836
1.1836
1.1835
1.1834
1.1834
1.1833
1.1833
1.1832
1.1832
1.1832
1.1831
1.1831
1.1831
1.1831
1.1831
1.1831
1.1831
1.1831
1.1831
1.1831
1.1831
1.1831
1.1831
1.1832
1.1832
1.1832
1.1832
1.1832
1.1833
1.1834
1.1835
1.1235
1.0298
0.99516
1.0297
1.1232
1.1831
1.1831
1.1831
1.1831
1.1831
1.1831
1.1832
1.1832
1.1832
1.1832
1.1832
1.1832
1.1832
1.1831
1.1831
1.1831
1.1831
1.1831
1.1831
1.1831
1.1831
1.1831
1.1831
1.1831
1.1831
1.1831
1.1831
1.1831
1.1831
1.1831
1.1832
1.1832
1.1833
1.1833
1.1833
1.1833
1.1834
1.1835
1.1836
1.1838
1.1838
1.1838
1.1838
1.1839
1.1839
1.1839
1.1237
1.0299
0.99517
1.0297
1.1232
1.1831
1.1831
1.1831
1.1832
1.1832
1.1832
1.1832
1.1831
1.1831
1.1831
1.1831
1.1831
1.1831
1.1832
1.1832
1.1832
1.1832
1.1832
1.1832
1.1832
1.1832
1.1832
1.1833
1.1833
1.1832
1.1832
1.1832
1.1831
1.1831
1.1831
1.1831
1.1831
1.1831
1.1831
1.1831
1.1831
1.1831
1.1832
1.1832
1.1832
1.1832
1.1832
1.1831
1.1831
1.1831
1.1831
1.1232
1.0297
0.99512
1.0298
1.1235
1.1837
1.1838
1.1838
1.1837
1.1836
1.1835
1.1834
1.1833
1.1832
1.1831
1.1831
1.1832
1.1832
1.1831
1.1831
1.1831
1.1831
1.1832
1.1831
1.1831
1.1831
1.1832
1.1832
1.1834
1.1836
1.1837
1.1838
1.1838
1.1836
1.1835
1.1835
1.1834
1.1835
1.1836
1.1837
1.1838
1.1839
1.1839
1.1838
1.1837
1.1836
1.1835
1.1834
1.1833
1.1833
1.1832
1.1232
1.0296
0.99507
1.0296
1.1232
1.1832
1.1833
1.1834
1.1835
1.1836
1.1836
1.1835
1.1834
1.1832
1.1831
1.1831
1.1831
1.1831
1.1831
1.1831
1.1832
1.1832
1.1833
1.1833
1.1833
1.1834
1.1836
1.1838
1.1841
1.1843
1.1845
1.1848
1.1851
1.1854
1.1857
1.1857
1.1857
1.1857
1.1858
1.186
1.1861
1.186
1.1857
1.1854
1.1851
1.1849
1.1848
1.1846
1.1846
1.1846
1.1845
1.1243
1.0304
0.99569
1.0303
1.1241
1.1844
1.1845
1.1847
1.1848
1.1849
1.185
1.1852
1.1855
1.1857
1.1856
1.1853
1.1849
1.1846
1.1843
1.1841
1.1839
1.1837
1.1834
1.1833
1.1832
1.1832
1.1832
1.1832
1.1832
1.1832
1.1832
1.1832
1.1832
1.1832
1.1831
1.1831
1.1831
1.1831
1.1831
1.1831
1.1831
1.1831
1.1831
1.1831
1.1832
1.1832
1.1833
1.1834
1.1835
1.1836
1.1836
1.1236
1.0299
0.99523
1.0298
1.1233
1.1832
1.1832
1.1832
1.1831
1.1831
1.1831
1.1831
1.1831
1.1831
1.1831
1.1831
1.1831
1.1832
1.1832
1.1833
1.1833
1.1834
1.1835
1.1836
1.1836
1.1836
1.1836
1.1837
1.1838
1.1841
1.1842
1.1843
1.1842
1.184
1.1838
1.1838
1.1838
1.1838
1.1837
1.1837
1.1836
1.1834
1.1833
1.1832
1.1832
1.1831
1.1831
1.1831
1.1831
1.1831
1.1831
1.1232
1.0297
0.99514
1.0297
1.1233
1.1833
1.1833
1.1833
1.1833
1.1833
1.1834
1.1834
1.1834
1.1833
1.1833
1.1832
1.1832
1.1832
1.1832
1.1834
1.1836
1.1839
1.1841
1.1843
1.1846
1.1848
1.185
1.185
1.1849
1.1846
1.1844
1.1842
1.1841
1.1841
1.1842
1.1843
1.1845
1.1847
1.1849
1.1849
1.1849
1.1848
1.1846
1.1843
1.184
1.1838
1.1837
1.1836
1.1837
1.1839
1.1841
1.1242
1.0305
0.99591
1.0306
1.1243
1.1843
1.1841
1.184
1.1838
1.1837
1.1836
1.1836
1.1835
1.1834
1.1833
1.1832
1.1832
1.1832
1.1832
1.1833
1.1834
1.1834
1.1834
1.1833
1.1832
1.1832
1.1831
1.1831
1.1831
1.1831
1.1831
1.1831
1.1831
1.1831
1.1831
1.1831
1.1831
1.1831
1.1831
1.1831
1.1832
1.1832
1.1833
1.1834
1.1834
1.1834
1.1834
1.1833
1.1834
1.1835
1.1835
1.1235
1.0298
0.99512
1.0297
1.1232
1.1831
1.1832
1.1832
1.1832
1.1833
1.1833
1.1833
1.1834
1.1835
1.1836
1.1837
1.1838
1.1838
1.1837
1.1837
1.1837
1.1837
1.1836
1.1835
1.1834
1.1833
1.1832
1.1831
1.1831
1.1832
1.1833
1.1833
1.1834
1.1835
1.1835
1.1836
1.1836
1.1836
1.1836
1.1835
1.1834
1.1832
1.1832
1.1831
1.1831
1.1831
1.1831
1.1831
1.1831
1.1831
1.1831
1.1232
1.0296
0.99507
1.0297
1.1232
1.1831
1.1831
1.1832
1.1833
1.1835
1.1836
1.1836
1.1836
1.1835
1.1835
1.1834
1.1833
1.1833
1.1832
1.1832
1.1831
1.1831
1.1831
1.1831
1.1831
1.1831
1.1831
1.1831
1.1831
1.1831
1.1831
1.1831
1.1831
1.1832
1.1832
1.1832
1.1832
1.1832
1.1832
1.1832
1.1832
1.1832
1.1831
1.1831
1.1831
1.1831
1.1832
1.1832
1.1832
1.1832
1.1832
1.1232
1.0297
0.99507
1.0297
1.1232
1.1832
1.1832
1.1832
1.1832
1.1832
1.1832
1.1832
1.1832
1.1832
1.1833
1.1833
1.1833
1.1833
1.1832
1.1832
1.1832
1.1832
1.1833
1.1833
1.1833
1.1832
1.1832
1.1832
1.1832
1.1832
1.1833
1.1833
1.1833
1.1833
1.1833
1.1833
1.1833
1.1834
1.1835
1.1836
1.1836
1.1836
1.1834
1.1833
1.1832
1.1832
1.1832
1.1833
1.1833
1.1832
1.1832
1.1232
1.0296
0.99505
1.0296
1.1232
1.1831
1.1831
1.1831
1.1831
1.1831
1.1831
1.1832
1.1833
1.1834
1.1835
1.1835
1.1835
1.1835
1.1834
1.1834
1.1835
1.1837
1.1839
1.1841
1.1842
1.1841
1.184
1.1838
1.1837
1.1835
1.1834
1.1833
1.1832
1.1831
1.1832
1.1833
1.1833
1.1834
1.1835
1.1836
1.1836
1.1835
1.1833
1.1832
1.1831
1.1831
1.1831
1.1831
1.1832
1.1833
1.1833
1.1235
1.0299
0.99531
1.0299
1.1234
1.1833
1.1832
1.1832
1.1833
1.1833
1.1834
1.1834
1.1835
1.1835
1.1836
1.1835
1.1834
1.1833
1.1832
1.1832
1.1831
1.1831
1.1831
1.1831
1.1831
1.1831
1.1831
1.1831
1.1831
1.1832
1.1832
1.1832
1.1832
1.1832
1.1832
1.1832
1.1832
1.1831
1.1831
1.1831
1.1832
1.1832
1.1832
1.1832
1.1832
1.1832
1.1832
1.1832
1.1832
1.1832
1.1832
1.1232
1.0297
0.99508
1.0297
1.1232
1.1832
1.1831
1.1831
1.1831
1.1831
1.1832
1.1832
1.1833
1.1833
1.1834
1.1836
1.1838
1.1839
1.1839
1.1838
1.1837
1.1837
1.1836
1.1836
1.1835
1.1835
1.1834
1.1832
1.1832
1.1831
1.1831
1.1831
1.1831
1.1831
1.1831
1.1831
1.1831
1.1831
1.1831
1.1832
1.1832
1.1833
1.1833
1.1833
1.1833
1.1832
1.1832
1.1831
1.1831
1.1831
1.1831
1.1232
1.0296
0.99506
1.0297
1.1232
1.1833
1.1835
1.1837
1.184
1.1842
1.1843
1.1844
1.1845
1.1846
1.1848
1.185
1.1852
1.1854
1.1855
1.1856
1.1855
1.1854
1.1852
1.1849
1.1844
1.1839
1.1835
1.1833
1.1832
1.1831
1.1831
1.1831
1.1831
1.1832
1.1832
1.1833
1.1833
1.1834
1.1835
1.1835
1.1834
1.1832
1.1832
1.1831
1.1831
1.1831
1.1831
1.1832
1.1832
1.1833
1.1834
1.1235
1.0299
0.99528
1.0298
1.1234
1.1833
1.1833
1.1833
1.1833
1.1832
1.1832
1.1832
1.1832
1.1834
1.1835
1.1836
1.1836
1.1837
1.1838
1.1839
1.1838
1.1837
1.1837
1.1836
1.1835
1.1834
1.1832
1.1832
1.1832
1.1833
1.1834
1.1834
1.1834
1.1834
1.1834
1.1834
1.1833
1.1833
1.1832
1.1832
1.1831
1.1831
1.1831
1.1831
1.1831
1.1832
1.1832
1.1833
1.1833
1.1834
1.1834
1.1235
1.03
0.99546
1.0302
1.1239
1.184
1.1839
1.1838
1.1838
1.1838
1.1838
1.1838
1.1837
1.1836
1.1835
1.1834
1.1833
1.1833
1.1832
1.1832
1.1832
1.1832
1.1831
1.1832
1.1832
1.1832
1.1832
1.1831
1.1832
1.1832
1.1833
1.1836
1.1839
1.1843
1.1846
1.1849
1.185
1.1849
1.1847
1.1846
1.1844
1.1842
1.184
1.1838
1.1837
1.1837
1.1838
1.1839
1.184
1.1841
1.1841
1.124
1.0303
0.99554
1.03
1.1235
1.1834
1.1833
1.1832
1.1832
1.1832
1.1832
1.1832
1.1832
1.1832
1.1832
1.1833
1.1833
1.1833
1.1833
1.1833
1.1833
1.1833
1.1833
1.1833
1.1832
1.1832
1.1832
1.1831
1.1831
1.1831
1.1831
1.1832
1.1832
1.1833
1.1833
1.1834
1.1834
1.1835
1.1835
1.1836
1.1837
1.1837
1.1838
1.184
1.1842
1.1844
1.1845
1.1847
1.1847
1.1846
1.1845
1.1242
1.0303
0.99551
1.0301
1.1237
1.1836
1.1836
1.1835
1.1834
1.1833
1.1833
1.1833
1.1832
1.1832
1.1832
1.1832
1.1832
1.1833
1.1834
1.1834
1.1835
1.1836
1.1837
1.1837
1.1838
1.1838
1.1837
1.1836
1.1835
1.1834
1.1833
1.1833
1.1833
1.1833
1.1833
1.1833
1.1833
1.1834
1.1835
1.1836
1.1836
1.1836
1.1835
1.1835
1.1834
1.1834
1.1834
1.1834
1.1833
1.1832
1.1832
1.1232
1.0297
0.99508
1.0297
1.1233
1.1832
1.1832
1.1832
1.1833
1.1835
1.1837
1.1839
1.1839
1.1838
1.1838
1.1839
1.1841
1.1841
1.1841
1.184
1.1839
1.1837
1.1835
1.1834
1.1834
1.1833
1.1833
1.1832
1.1832
1.1831
1.1831
1.1831
1.1831
1.1831
1.1831
1.1832
1.1833
1.1835
1.1839
1.1843
1.1847
1.185
1.1852
1.1852
1.1852
1.185
1.1849
1.1847
1.1844
1.1842
1.1839
1.1236
1.0297
0.99508
1.0297
1.1233
1.1833
1.1833
1.1834
1.1836
1.1838
1.184
1.1841
1.1843
1.1844
1.1846
1.1847
1.1847
1.1847
1.1846
1.1844
1.1842
1.1841
1.1839
1.1837
1.1835
1.1834
1.1833
1.1832
1.1832
1.1832
1.1832
1.1832
1.1832
1.1832
1.1832
1.1832
1.1831
1.1831
1.1831
1.1831
1.1831
1.1831
1.1832
1.1832
1.1832
1.1833
1.1834
1.1835
1.1836
1.1837
1.1838
1.1239
1.0303
0.9957
1.0304
1.1242
1.1842
1.1841
1.184
1.1838
1.1837
1.1836
1.1836
1.1836
1.1836
1.1836
1.1837
1.1837
1.1837
1.1837
1.1837
1.1837
1.1837
1.1836
1.1836
1.1837
1.1837
1.1837
1.1837
1.1837
1.1837
1.1836
1.1835
1.1834
1.1833
1.1834
1.1834
1.1836
1.1837
1.1838
1.1838
1.1838
1.1837
1.1837
1.1836
1.1835
1.1835
1.1834
1.1834
1.1834
1.1834
1.1834
1.1235
1.0299
0.99527
1.0298
1.1233
1.1832
1.1832
1.1832
1.1832
1.1832
1.1832
1.1832
1.1832
1.1832
1.1833
1.1834
1.1835
1.1836
1.1836
1.1837
1.1837
1.1837
1.1836
1.1835
1.1833
1.1832
1.1832
1.1831
1.1831
1.1831
1.1831
1.1831
1.1831
1.1831
1.1832
1.1832
1.1833
1.1833
1.1833
1.1835
1.1837
1.1841
1.1845
1.1848
1.1851
1.1853
1.1852
1.185
1.1846
1.1842
1.1838
1.1235
1.0297
0.99508
1.0297
1.1233
1.1834
1.1836
1.1838
1.184
1.1841
1.1842
1.1842
1.1841
1.184
1.1839
1.184
1.1841
1.1843
1.1844
1.1844
1.1844
1.1844
1.1843
1.184
1.1838
1.1836
1.1833
1.1832
1.1831
1.1831
1.1831
1.1832
1.1832
1.1833
1.1834
1.1835
1.1836
1.1837
1.1838
1.1838
1.1839
1.1838
1.1837
1.1835
1.1834
1.1834
1.1833
1.1832
1.1831
1.1831
1.1831
1.1232
1.0296
0.99505
1.0296
1.1232
1.1831
1.1832
1.1832
1.1833
1.1834
1.1834
1.1835
1.1835
1.1836
1.1836
1.1837
1.1838
1.1839
1.1839
1.184
1.184
1.184
1.184
1.184
1.1839
1.1838
1.1837
1.1836
1.1836
1.1836
1.1836
1.1835
1.1834
1.1833
1.1833
1.1833
1.1834
1.1835
1.1835
1.1834
1.1833
1.1832
1.1831
1.1831
1.1831
1.1831
1.1831
1.1831
1.1831
1.1832
1.1832
1.1234
1.0299
0.99538
1.03
1.1237
1.1836
1.1835
1.1834
1.1834
1.1833
1.1832
1.1831
1.1831
1.1831
1.1831
1.1831
1.1831
1.1831
1.1831
1.1831
1.1831
1.1832
1.1832
1.1833
1.1834
1.1835
1.1836
1.1837
1.1839
1.184
1.1841
1.1841
1.1841
1.184
1.1839
1.1839
1.1839
1.1839
1.1838
1.1838
1.1838
1.1838
1.1839
1.1839
1.1839
1.1838
1.1837
1.1837
1.1836
1.1836
1.1836
1.1236
1.03
0.99542
1.0301
1.1238
1.1838
1.1837
1.1837
1.1835
1.1834
1.1833
1.1832
1.1831
1.1831
1.1831
1.1831
1.1831
1.1831
1.1831
1.1831
1.1831
1.1831
1.1831
1.1831
1.1831
1.1831
1.1831
1.1831
1.1831
1.1831
1.1831
1.1831
1.1831
1.1831
1.1831
1.1831
1.1832
1.1832
1.1832
1.1832
1.1832
1.1832
1.1832
1.1833
1.1833
1.1833
1.1832
1.1832
1.1831
1.1831
1.1831
1.1232
1.0297
0.99518
1.0298
1.1235
1.1835
1.1834
1.1833
1.1832
1.1832
1.1833
1.1834
1.1835
1.1835
1.1834
1.1834
1.1834
