1.206
1.2063
1.2066
1.2069
1.2073
1.2076
1.2079
1.2082
1.2085
1.2088
1.2091
1.2094
1.2096
1.2099
1.2102
1.2105
1.2108
1.211
1.2113
1.2116
1.2118
1.2121
1.2124
1.2126
1.2129
1.2131
1.2134
1.2136
1.2139
1.2141
1.2143
1.2146
1.2148
1.215
1.2152
1.2155
1.2157
1.2159
1.2161
1.2163
1.2165
1.2167
1.2169
1.2171
1.2173
1.2174
1.2176
1.2178
1.218
1.2181
1.2183
1.2185
1.2186
1.2188
1.2189
1.2191
1.2192
1.2194
1.2195
1.2196
1.2198
1.2199
1.22
1.2201
1.2202
1.2204
1.2205
1.2206
1.2207
1.2207
1.2208
1.2209
1.221
1.2211
1.2212
1.2212
1.2213
1.2213
1.2214
1.2215
1.2215
1.2215
1.2216
1.2216
1.2217
1.2217
1.2217
1.2217
1.2217
1.2217
1.2217
1.2217
1.2217
1.2217
1.2217
1.2217
1.2217
1.2217
1.2216
1.2216
1.2215
1.2215
1.2215
1.2214
1.2213
1.2213
1.2212
1.2211
1.2211
1.221
1.2209
1.2208
1.2207
1.2206
1.2205
1.2204
1.2203
1.2202
1.22
1.2199
1.2198
1.2196
1.2195
1.2193
1.2192
1.219
1.2189
1.2187
1.2185
1.2184
1.2182
1.218
1.2178
1.2176
1.2174
1.2172
1.217
1.2168
1.2165
1.2163
1.2161
1.2158
1.2156
1.2154
1.2151
1.2148
1.2146
1.2143
1.214
1.2138
1.2135
1.2132
1.2129
1.2126
1.2123
1.212
1.2117
1.2114
1.2111
1.2107
1.2104
1.2101
1.2097
1.2094
1.209
1.2087
1.2083
1.2079
1.2076
1.2072
1.2068
1.2064
1.206
1.2056
1.2052
1.2048
1.2044
1.204
1.2035
1.2031
1.2027
1.2022
1.2018
1.2014
1.2009
1.2004
1.2
1.1995
1.199
1.1985
1.1981
1.1976
1.1971
1.1966
1.1961
1.1956
1.195
1.1945
1.194
1.1935
1.1929
1.1924
1.1918
1.1913
1.1907
1.1902
1.1896
1.189
1.1885
1.1879
1.1873
1.1867
1.1861
1.1855
1.1849
1.1843
1.1837
1.1831
1.1824
1.1818
1.1812
1.1805
1.1799
1.1792
1.1786
1.1779
1.1773
1.1766
1.1759
1.1752
1.1746
1.1739
1.1732
1.1725
1.1718
1.1711
1.1704
1.1696
1.1689
1.1682
1.1675
1.1667
1.166
1.1652
1.1645
1.1637
1.163
1.1622
1.1615
1.1607
1.1599
1.1591
1.1583
1.1576
1.1568
1.156
1.1552
1.1544
1.1535
1.1527
1.1519
1.1511
1.1503
1.1494
1.1486
1.1477
1.1469
1.1461
1.1452
1.1443
1.1435
1.1426
1.1417
1.1409
1.14
1.1391
1.1382
1.1373
1.1364
1.1355
1.1346
1.1337
1.1328
1.1319
1.131
1.1301
1.1291
1.1282
1.1273
1.1263
1.1254
1.1245
1.1235
1.1226
1.1216
1.1206
1.1197
1.1187
1.1177
1.1168
1.1158
1.1148
1.1138
1.1128
1.1119
1.1109
1.1099
1.1089
1.1079
1.1069
1.1058
1.1048
1.1038
1.1028
1.1018
1.1007
1.0997
1.0987
1.0977
1.0966
1.0956
1.0945
1.0935
1.0924
1.0914
1.0903
1.0893
1.0882
1.0871
1.0861
1.085
1.0839
1.0829
1.0818
1.0807
1.0796
1.0785
1.0775
1.0764
1.0753
1.0742
1.0731
1.072
1.0709
1.0698
1.0687
1.0676
1.0664
1.0653
1.0642
1.0631
1.062
1.0609
1.0597
1.0586
1.0575
1.0564
1.0552
1.0541
1.053
1.0518
1.0507
1.0495
1.0484
1.0473
1.0461
1.045
1.0438
1.0427
1.0415
1.0404
1.0392
1.0381
1.0369
1.0357
1.0346
1.0334
1.0323
1.0311
1.0299
1.0288
1.0276
1.0264
1.0253
1.0241
1.0229
1.0217
1.0206
1.0194
1.0182
1.017
1.0159
1.0147
1.0135
1.0123
1.0111
1.0099
1.0088
1.0076
1.0064
1.0052
1.004
1.0028
1.0017
1.0005
0.99928
0.99809
0.9969
0.99572
0.99453
0.99334
0.99215
0.99096
0.98977
0.98858
0.98739
0.9862
0.98501
0.98382
0.98263
0.98143
0.98024
0.97905
0.97786
0.97667
0.97548
0.97429
0.9731
0.97191
0.97072
0.96953
0.96834
0.96716
0.96597
0.96478
0.96359
0.9624
0.96122
0.96003
0.95885
0.95766
0.95648
0.95529
0.95411
0.95293
0.95175
0.95057
0.94939
0.94821
0.94703
0.94585
0.94467
0.9435
0.94232
0.94115
0.93998
0.9388
0.93763
0.93646
0.93529
0.93413
0.93296
0.93179
0.93063
0.92947
0.92831
0.92714
0.92599
0.92483
0.92367
0.92252
0.92136
0.92021
0.91906
0.91791
0.91676
0.91562
0.91447
0.91333
0.91219
0.91105
0.90991
0.90877
0.90764
0.90651
0.90537
0.90424
0.90312
0.90199
0.90087
0.89974
0.89862
0.89751
0.89639
0.89527
0.89416
0.89305
0.89194
0.89084
0.88973
0.88863
0.88753
0.88643
0.88534
0.88424
0.88315
0.88206
0.88098
0.87989
0.87881
0.87773
0.87665
0.87558
0.8745
0.87343
0.87236
0.8713
0.87024
0.86918
0.86812
0.86706
0.86601
0.86496
0.86391
0.86286
0.86182
0.86078
0.85974
0.85871
0.85768
0.85665
0.85562
0.8546
0.85358
0.85256
0.85154
0.85053
0.84952
0.84851
0.84751
0.84651
0.84551
0.84451
0.84352
0.84253
0.84154
0.84056
0.83958
0.8386
0.83763
0.83665
0.83569
0.83472
0.83376
0.8328
0.83184
0.83089
0.82994
0.82899
0.82805
0.82711
0.82617
0.82524
0.82431
0.82338
0.82246
0.82154
0.82062
0.8197
0.81879
0.81789
0.81698
0.81608
0.81518
0.81429
0.8134
0.81251
0.81163
0.81075
0.80987
0.809
0.80813
0.80726
0.8064
0.80554
0.80468
0.80383
0.80298
0.80213
0.80129
0.80045
0.79962
0.79879
0.79796
0.79713
0.79631
0.7955
0.79468
0.79387
0.79307
0.79227
0.79147
0.79067
0.78988
0.78909
0.78831
0.78753
0.78675
0.78598
0.78521
0.78445
0.78368
0.78293
0.78217
0.78142
0.78068
0.77993
0.77919
0.77846
0.77773
0.777
0.77628
0.77556
0.77484
0.77413
0.77342
0.77272
0.77202
0.77132
0.77063
0.76994
0.76925
0.76857
0.76789
0.76722
0.76655
0.76588
0.76522
0.76456
0.76391
0.76326
0.76261
0.76197
0.76133
0.7607
0.76007
0.75944
0.75882
0.7582
0.75759
0.75698
0.75637
0.75577
0.75517
0.75457
0.75398
0.7534
0.75281
0.75223
0.75166
0.75109
0.75052
0.74996
0.7494
0.74884
0.74829
0.74775
0.7472
0.74666
0.74613
0.7456
0.74507
0.74455
0.74403
0.74351
0.743
0.7425
0.74199
0.74149
0.741
0.74051
0.74002
0.73954
0.73906
0.73858
0.73811
0.73765
0.73718
0.73672
0.73627
0.73582
0.73537
0.73493
0.73449
0.73405
0.73362
0.7332
0.73277
0.73235
0.73194
0.73153
0.73112
0.73072
0.73032
0.72992
0.72953
0.72915
0.72876
0.72838
0.72801
0.72764
0.72727
0.72691
0.72655
0.72619
0.72584
0.72549
0.72515
0.72481
0.72448
0.72414
0.72382
0.72349
0.72317
0.72286
0.72254
0.72224
0.72193
0.72163
0.72134
0.72104
0.72076
0.72047
0.72019
0.71991
0.71964
0.71937
0.71911
0.71885
0.71859
0.71834
0.71809
0.71784
0.7176
0.71736
0.71713
0.7169
0.71667
0.71645
0.71623
0.71601
0.7158
0.7156
0.71539
0.71519
0.715
0.7148
0.71462
0.71443
0.71425
0.71407
0.7139
0.71373
0.71356
0.7134
0.71324
0.71309
0.71294
0.71279
0.71265
0.71251
0.71237
0.71224
0.71211
0.71199
0.71187
0.71175
0.71163
0.71152
0.71142
0.71132
0.71122
0.71112
0.71103
0.71094
0.71086
0.71077
0.7107
0.71062
0.71055
0.71048
0.71042
0.71036
0.71031
0.71025
0.7102
0.71016
0.71012
0.71008
0.71004
0.71001
0.70998
0.70996
0.70994
0.70992
0.7099
0.70989
0.70989
0.70988
0.70988
0.70988
0.70989
0.7099
0.70991
0.70993
0.70995
0.70997
0.71
0.71003
0.71006
0.7101
0.71014
0.71018
0.71023
0.71028
0.71033
0.71039
0.71045
0.71051
0.71057
0.71064
0.71072
0.71079
0.71087
0.71095
0.71104
0.71113
0.71122
0.71131
0.71141
0.71151
0.71161
0.71172
0.71183
0.71195
0.71206
0.71218
0.7123
0.71243
0.71256
0.71269
0.71282
0.71296
0.7131
0.71325
0.71339
0.71354
0.7137
0.71385
0.71401
0.71417
0.71434
0.7145
0.71467
0.71485
0.71502
0.7152
0.71538
0.71557
0.71575
0.71594
0.71614
0.71633
0.71653
0.71673
0.71694
0.71714
0.71735
0.71756
0.71778
0.718
0.71822
0.71844
0.71866
0.71889
0.71912
0.71936
0.71959
0.71983
0.72007
0.72032
0.72056
0.72081
0.72106
0.72132
0.72158
0.72183
0.7221
0.72236
0.72263
0.7229
0.72317
0.72344
0.72372
0.724
0.72428
0.72456
0.72485
0.72514
0.72543
0.72572
0.72601
0.72631
0.72661
0.72691
0.72722
0.72753
0.72783
0.72815
0.72846
0.72877
0.72909
0.72941
0.72973
0.73006
0.73039
0.73071
0.73104
0.73138
0.73171
0.73205
0.73239
0.73273
0.73307
0.73342
0.73376
0.73411
0.73447
0.73482
0.73517
0.73553
0.73589
0.73625
0.73661
0.73698
0.73734
0.73771
0.73808
0.73846
0.73883
0.73921
0.73958
0.73996
0.74034
0.74073
0.74111
0.7415
0.74189
0.74227
0.74267
0.74306
0.74345
0.74385
0.74425
0.74465
0.74505
0.74545
0.74586
0.74626
0.74667
0.74708
0.74749
0.7479
0.74832
0.74873
0.74915
0.74957
0.74999
0.75041
0.75083
0.75125
0.75168
0.7521
0.75253
0.75296
0.75339
0.75382
0.75426
0.75469
0.75513
0.75556
0.756
0.75644
0.75688
0.75732
0.75777
0.75821
0.75866
0.7591
0.75955
0.76
0.76045
0.7609
0.76135
0.76181
0.76226
0.76271
0.76317
0.76363
0.76409
0.76455
0.76501
0.76547
0.76593
0.76639
0.76686
0.76732
0.76779
0.76825
0.76872
0.76919
0.76966
0.77013
0.7706
0.77107
0.77154
0.77201
0.77249
0.77296
0.77344
0.77391
0.77439
0.77487
0.77535
0.77582
0.7763
0.77678
0.77726
0.77774
0.77823
0.77871
0.77919
0.77967
0.78016
0.78064
0.78113
0.78161
0.7821
0.78258
0.78307
0.78356
0.78405
0.78453
0.78502
0.78551
0.786
0.78649
0.78698
0.78747
0.78796
0.78845
0.78894
0.78943
0.78992
0.79042
0.79091
0.7914
0.79189
0.79239
0.79288
0.79337
0.79386
0.79436
0.79485
0.79535
0.79584
0.79633
0.79683
0.79732
0.79782
0.79831
0.7988
0.7993
0.79979
0.80029
0.80078
0.80127
0.80177
0.80226
0.80276
0.80325
0.80374
0.80424
0.80473
0.80523
0.80572
0.80621
0.80671
0.8072
0.80769
0.80818
0.80868
0.80917
0.80966
0.81015
0.81064
0.81114
0.81163
0.81212
0.81261
0.8131
0.81359
0.81408
0.81457
0.81506
0.81554
0.81603
0.81652
0.81701
0.81749
0.81798
0.81847
0.81895
0.81944
0.81992
0.82041
0.82089
0.82137
0.82186
0.82234
0.82282
0.8233
0.82378
0.82427
0.82475
0.82522
0.8257
0.82618
0.82666
0.82714
0.82761
0.82809
0.82856
0.82904
0.82951
0.82998
0.83046
0.83093
0.8314
0.83187
0.83234
0.83281
0.83328
0.83375
0.83421
0.83468
0.83515
0.83561
0.83607
0.83654
0.837
0.83746
0.83792
0.83838
0.83884
0.8393
0.83976
0.84021
0.84067
0.84113
0.84158
0.84203
0.84249
0.84294
0.84339
0.84384
0.84429
0.84474
0.84518
0.84563
0.84607
0.84652
0.84696
0.8474
0.84785
0.84829
0.84873
0.84917
0.8496
0.85004
0.85048
0.85091
0.85134
0.85178
0.85221
0.85264
0.85307
0.8535
0.85392
0.85435
0.85478
0.8552
0.85562
0.85605
0.85647
0.85689
0.85731
0.85773
0.85814
0.85856
0.85897
0.85939
0.8598
0.86021
0.86062
0.86103
0.86144
0.86185
0.86225
0.86266
0.86306
0.86346
0.86386
0.86426
0.86466
0.86506
0.86546
0.86585
0.86625
0.86664
0.86703
0.86742
0.86781
0.8682
0.86859
0.86897
0.86936
0.86974
0.87012
0.8705
0.87088
0.87126
0.87164
0.87201
0.87239
0.87276
0.87314
0.87351
0.87388
0.87425
0.87461
0.87498
0.87534
0.87571
0.87607
0.87643
0.87679
0.87715
0.87751
0.87786
0.87822
0.87857
0.87893
0.87928
0.87963
0.87998
0.88032
0.88067
0.88101
0.88136
0.8817
0.88204
0.88238
0.88272
0.88306
0.88339
0.88373
0.88406
0.88439
0.88472
0.88505
0.88538
0.88571
0.88603
0.88636
0.88668
0.887
0.88732
0.88764
0.88796
0.88828
0.88859
0.8889
0.88922
0.88953
0.88984
0.89015
0.89046
0.89076
0.89107
0.89137
0.89167
0.89197
0.89227
0.89257
0.89287
0.89317
0.89346
0.89375
0.89405
0.89434
0.89463
0.89492
0.8952
0.89549
0.89577
0.89606
0.89634
0.89662
0.8969
0.89718
0.89745
0.89773
0.898
0.89828
0.89855
0.89882
0.89909
0.89936
0.89962
0.89989
0.90015
0.90042
0.90068
0.90094
0.9012
0.90146
0.90171
0.90197
0.90222
0.90248
0.90273
0.90298
0.90323
0.90348
0.90372
0.90397
0.90421
0.90446
0.9047
0.90494
0.90518
0.90542
0.90566
0.90589
0.90613
0.90636
0.90659
0.90682
0.90705
0.90728
0.90751
0.90774
0.90796
0.90819
0.90841
0.90863
0.90885
0.90907
0.90929
0.90951
0.90972
0.90994
0.91015
0.91037
0.91058
0.91079
0.911
0.9112
0.91141
0.91162
0.91182
0.91202
0.91223
0.91243
0.91263
0.91283
0.91303
0.91322
0.91342
0.91361
0.91381
0.914
0.91419
0.91438
0.91457
0.91476
0.91494
0.91513
0.91532
0.9155
0.91568
0.91586
0.91604
0.91622
0.9164
0.91658
0.91676
0.91693
0.91711
0.91728
0.91745
0.91762
0.91779
0.91796
0.91813
0.9183
0.91846
0.91863
0.91879
0.91896
0.91912
0.91928
0.91944
0.9196
0.91976
0.91991
0.92007
0.92023
0.92038
0.92053
0.92069
0.92084
0.92099
0.92114
0.92129
0.92143
0.92158
0.92173
0.92187
0.92201
0.92216
0.9223
0.92244
0.92258
0.92272
0.92286
0.923
0.92313
0.92327
0.9234
0.92354
0.92367
0.9238
0.92393
0.92407
0.92419
0.92432
0.92445
0.92458
0.9247
0.92483
0.92495
0.92508
0.9252
0.92532
0.92544
0.92556
0.92568
0.9258
0.92592
0.92604
0.92615
0.92627
0.92638
0.9265
0.92661
0.92672
0.92683
0.92694
0.92705
0.92716
0.92727
0.92738
0.92748
0.92759
0.92769
0.9278
0.9279
0.928
0.92811
0.92821
0.92831
0.92841
0.92851
0.9286
0.9287
0.9288
0.92889
0.92899
0.92908
0.92918
0.92927
0.92936
0.92945
0.92955
0.92964
0.92973
0.92981
0.9299
0.92999
0.93008
0.93016
0.93025
0.93033
0.93042
0.9305
0.93058
0.93066
0.93075
0.93083
0.93091
0.93098
0.93106
0.93114
0.93122
0.93129
0.93137
0.93145
0.93152
0.93159
0.93167
0.93174
0.93181
0.93188
0.93195
0.93203
0.93209
0.93216
0.93223
0.9323
0.93237
0.93243
0.9325
0.93256
0.93263
0.93269
0.93276
0.93282
0.93288
0.93294
0.933
0.93306
0.93312
0.93318
0.93324
0.9333
0.93336
0.93341
0.93347
0.93353
0.93358
0.93363
0.93369
0.93374
0.9338
0.93385
0.9339
0.93395
0.934
0.93405
0.9341
0.93415
0.9342
0.93424
0.93429
0.93434
0.93438
0.93443
0.93448
0.93452
0.93456
0.93461
0.93465
0.93469
0.93473
0.93478
0.93482
0.93486
0.9349
0.93493
0.93497
0.93501
0.93505
0.93509
0.93512
0.93516
0.93519
0.93523
0.93526
0.9353
0.93533
0.93536
0.9354
0.93543
0.93546
0.93549
0.93552
0.93555
0.93558
0.93561
0.93563
0.93566
0.93569
0.93572
0.93574
0.93577
0.93579
0.93582
0.93584
0.93587
0.93589
0.93591
0.93593
0.93596
0.93598
0.936
0.93602
0.93604
0.93606
0.93608
0.93609
0.93611
0.93613
0.93615
0.93616
0.93618
0.93619
0.93621
0.93622
0.93624
0.93625
0.93626
0.93627
0.93629
0.9363
0.93631
0.93632
0.93633
0.93634
0.93635
0.93636
0.93636
0.93637
0.93638
0.93638
0.93639
0.9364
0.9364
0.93641
0.93641
0.93641
0.93642
0.93642
0.93642
0.93642
0.93642
0.93642
0.93642
0.93642
0.93642
0.93642
0.93642
0.93642
0.93642
0.93641
0.93641
0.9364
0.9364
0.93639
0.93639
0.93638
0.93638
0.93637
0.93636
0.93635
0.93635
0.93634
0.93633
0.93632
0.93631
0.9363
0.93628
0.93627
0.93626
0.93625
0.93623
0.93622
0.93621
0.93619
0.93618
0.93616
0.93614
0.93613
0.93611
0.93609
0.93607
0.93605
0.93603
0.93601
0.93599
0.93597
0.93595
0.93593
0.93591
0.93589
0.93586
0.93584
0.93581
0.93579
0.93576
0.93574
0.93571
0.93569
0.93566
0.93563
0.9356
0.93557
0.93554
0.93551
0.93548
0.93545
0.93542
0.93539
0.93536
0.93533
0.93529
0.93526
0.93522
0.93519
0.93515
0.93512
0.93508
0.93505
0.93501
0.93497
0.93493
0.93489
0.93485
0.93481
0.93477
0.93473
0.93469
0.93465
0.93461
0.93456
0.93452
0.93447
0.93443
0.93438
0.93434
0.93429
0.93425
0.9342
0.93415
0.9341
0.93405
0.934
0.93395
0.9339
0.93385
0.9338
0.93375
0.9337
0.93364
0.93359
0.93354
0.93348
0.93343
0.93337
0.93331
0.93326
0.9332
0.93314
0.93308
0.93302
0.93297
0.93291
0.93284
0.93278
0.93272
0.93266
0.9326
0.93253
0.93247
0.9324
0.93234
0.93227
0.93221
0.93214
0.93207
0.93201
0.93194
0.93187
0.9318
0.93173
0.93166
0.93159
0.93152
0.93145
0.93137
0.9313
0.93123
0.93115
0.93108
0.931
0.93092
0.93085
0.93077
0.93069
0.93062
0.93054
0.93046
0.93038
0.9303
0.93022
0.93013
0.93005
0.92997
0.92989
0.9298
0.92972
0.92963
0.92955
0.92946
0.92937
0.92929
0.9292
0.92911
0.92902
0.92893
0.92884
0.92875
0.92866
0.92857
0.92848
0.92838
0.92829
0.92819
0.9281
0.928
0.92791
0.92781
0.92772
0.92762
0.92752
0.92742
0.92732
0.92722
0.92712
0.92702
0.92692
0.92682
0.92671
0.92661
0.92651
0.9264
0.9263
0.92619
0.92609
0.92598
0.92587
0.92576
0.92566
0.92555
0.92544
0.92533
0.92522
0.9251
0.92499
0.92488
0.92477
0.92465
0.92454
0.92442
0.92431
0.92419
0.92408
0.92396
0.92384
0.92372
0.9236
0.92349
0.92337
0.92324
0.92312
0.923
0.92288
0.92276
0.92263
0.92251
0.92239
0.92226
0.92213
0.92201
0.92188
0.92175
0.92163
0.9215
0.92137
0.92124
0.92111
0.92098
0.92085
0.92071
0.92058
0.92045
0.92031
0.92018
0.92005
0.91991
0.91977
0.91964
0.9195
0.91936
0.91922
0.91909
0.91895
0.91881
0.91867
0.91852
0.91838
0.91824
0.9181
0.91795
0.91781
0.91767
0.91752
0.91738
0.91723
0.91708
0.91694
0.91679
0.91664
0.91649
0.91634
0.91619
0.91604
0.91589
0.91574
0.91558
0.91543
0.91528
0.91512
0.91497
0.91482
0.91466
0.9145
0.91435
0.91419
0.91403
0.91387
0.91371
0.91356
0.9134
0.91323
0.91307
0.91291
0.91275
0.91259
0.91242
0.91226
0.9121
0.91193
0.91177
0.9116
0.91143
0.91127
0.9111
0.91093
0.91076
0.91059
0.91042
0.91025
0.91008
0.90991
0.90974
0.90957
0.9094
0.90922
0.90905
0.90887
0.9087
0.90852
0.90835
0.90817
0.908
0.90782
0.90764
0.90746
0.90728
0.9071
0.90692
0.90674
0.90656
0.90638
0.9062
0.90602
0.90583
0.90565
0.90546
0.90528
0.9051
0.90491
0.90472
0.90454
0.90435
0.90416
0.90397
0.90379
0.9036
0.90341
0.90322
0.90303
0.90284
0.90264
0.90245
0.90226
0.90207
0.90187
0.90168
0.90149
0.90129
0.9011
0.9009
0.9007
0.90051
0.90031
0.90011
0.89991
0.89972
0.89952
0.89932
0.89912
0.89892
0.89872
0.89851
0.89831
0.89811
0.89791
0.8977
0.8975
0.8973
0.89709
0.89689
0.89668
0.89648
0.89627
0.89606
0.89586
0.89565
0.89544
0.89523
0.89502
0.89481
0.8946
0.89439
0.89418
0.89397
0.89376
0.89355
0.89333
0.89312
0.89291
0.89269
0.89248
0.89226
0.89205
0.89183
0.89162
0.8914
0.89118
0.89097
0.89075
0.89053
0.89031
0.89009
0.88988
0.88966
0.88944
0.88921
0.88899
0.88877
0.88855
0.88833
0.88811
0.88788
0.88766
0.88744
0.88721
0.88699
0.88676
0.88654
0.88631
0.88608
0.88586
0.88563
0.8854
0.88518
0.88495
0.88472
0.88449
0.88426
0.88403
0.8838
0.88357
0.88334
0.88311
0.88288
0.88264
0.88241
0.88218
0.88195
0.88171
0.88148
0.88124
0.88101
0.88077
0.88054
0.8803
0.88007
0.87983
0.87959
0.87936
0.87912
0.87888
0.87864
0.8784
0.87816
0.87792
0.87769
0.87744
0.8772
0.87696
0.87672
0.87648
0.87624
0.876
0.87575
0.87551
0.87527
0.87502
0.87478
0.87453
0.87429
0.87405
0.8738
0.87355
0.87331
0.87306
0.87281
0.87257
0.87232
0.87207
0.87182
0.87157
0.87133
0.87108
0.87083
0.87058
0.87033
0.87008
0.86983
0.86957
0.86932
0.86907
0.86882
0.86857
0.86831
0.86806
0.86781
0.86755
0.8673
0.86704
0.86679
0.86653
0.86628
0.86602
0.86577
0.86551
0.86525
0.86499
0.86474
0.86448
0.86422
0.86396
0.8637
0.86344
0.86319
0.86293
0.86267
0.8624
0.86214
0.86188
0.86162
0.86136
0.8611
0.86084
0.86057
0.86031
0.86005
0.85978
0.85952
0.85925
0.85899
0.85873
0.85846
0.85819
0.85793
0.85766
0.8574
0.85713
0.85686
0.85659
0.85633
0.85606
0.85579
0.85552
0.85525
0.85498
0.85471
0.85444
0.85417
0.8539
0.85363
0.85336
0.85309
0.85282
0.85255
0.85227
0.852
0.85173
0.85146
0.85118
0.85091
0.85063
0.85036
0.85008
0.84981
0.84953
0.84926
0.84898
0.84871
0.84843
0.84815
0.84787
0.8476
0.84732
0.84704
0.84676
0.84648
0.8462
0.84592
0.84564
0.84536
0.84508
0.8448
0.84452
0.84424
0.84396
0.84368
0.84339
0.84311
0.84283
0.84255
0.84226
0.84198
0.84169
0.84141
0.84112
0.84084
0.84055
0.84027
0.83998
0.8397
0.83941
0.83912
0.83884
0.83855
0.83826
0.83797
0.83768
0.83739
0.8371
0.83682
0.83653
0.83624
0.83595
0.83565
0.83536
0.83507
0.83478
0.83449
0.8342
0.8339
0.83361
0.83332
0.83302
0.83273
0.83244
0.83214
0.83185
0.83155
0.83125
0.83096
0.83066
0.83037
0.83007
0.82977
0.82947
0.82918
0.82888
0.82858
0.82828
0.82798
0.82768
0.82738
0.82708
0.82678
0.82648
0.82618
0.82588
0.82558
0.82528
0.82497
0.82467
0.82437
0.82407
0.82376
0.82346
0.82315
0.82285
0.82254
0.82224
0.82193
0.82163
0.82132
0.82101
0.82071
0.8204
0.82009
0.81978
0.81948
0.81917
0.81886
0.81855
0.81824
0.81793
0.81762
0.81731
0.817
0.81669
0.81637
0.81606
0.81575
0.81544
0.81513
0.81481
0.8145
0.81418
0.81387
0.81356
0.81324
0.81293
0.81261
0.81229
0.81198
0.81166
0.81134
0.81103
0.81071
0.81039
0.81007
0.80975
0.80943
0.80911
0.8088
0.80848
0.80815
0.80783
0.80751
0.80719
0.80687
0.80655
0.80623
0.8059
0.80558
0.80526
0.80493
0.80461
0.80428
0.80396
0.80363
0.80331
0.80298
0.80266
0.80233
0.802
0.80168
0.80135
0.80102
0.80069
0.80036
0.80003
0.7997
0.79938
0.79905
0.79872
0.79838
0.79805
0.79772
0.79739
0.79706
0.79673
0.79639
0.79606
0.79573
0.79539
0.79506
0.79473
0.79439
0.79406
0.79372
0.79339
0.79305
0.79271
0.79238
0.79204
0.7917
0.79136
0.79103
0.79069
0.79035
0.79001
0.78967
0.78933
0.78899
0.78865
0.78831
0.78797
0.78763
0.78729
0.78695
0.7866
0.78626
0.78592
0.78558
0.78523
0.78489
0.78454
0.7842
0.78386
0.78351
0.78316
0.78282
0.78247
0.78213
0.78178
0.78143
0.78109
0.78074
0.78039
0.78004
0.77969
0.77935
0.779
0.77865
0.7783
0.77795
0.7776
0.77725
0.7769
0.77655
0.7762
0.77584
0.77549
0.77514
0.77479
0.77443
0.77408
0.77373
0.77337
0.77302
0.77267
0.77231
0.77196
0.7716
0.77125
0.77089
0.77054
0.77018
0.76982
0.76947
0.76911
0.76875
0.7684
0.76804
0.76768
0.76732
0.76697
0.76661
0.76625
0.76589
0.76553
0.76517
0.76481
0.76445
0.76409
0.76373
0.76337
0.76301
0.76265
0.76229
0.76193
0.76157
0.76121
0.76084
0.76048
0.76012
0.75976
0.75939
0.75903
0.75867
0.75831
0.75794
0.75758
0.75722
0.75685
0.75649
0.75612
0.75576
0.75539
0.75503
0.75466
0.7543
0.75393
0.75357
0.7532
0.75284
0.75247
0.75211
0.75174
0.75138
0.75101
0.75064
0.75028
0.74991
0.74954
0.74918
0.74881
0.74844
0.74808
0.74771
0.74734
0.74698
0.74661
0.74624
0.74587
0.74551
0.74514
0.74477
0.7444
0.74404
0.74367
0.7433
0.74293
0.74256
0.7422
0.74183
0.74146
0.74109
0.74072
0.74036
0.73999
0.73962
0.73925
0.73888
0.73852
0.73815
0.73778
0.73741
0.73705
0.73668
0.73631
0.73594
0.73557
0.73521
0.73484
0.73447
0.73411
0.73374
0.73337
0.733
0.73264
0.73227
0.7319
0.73154
0.73117
0.7308
0.73044
0.73007
0.7297
0.72934
0.72897
0.72861
0.72824
0.72788
0.72751
0.72715
0.72678
0.72642
0.72605
0.72569
0.72532
0.72496
0.7246
0.72423
0.72387
0.72351
0.72314
0.72278
0.72242
0.72206
0.7217
0.72133
0.72097
0.72061
0.72025
0.71989
0.71953
0.71917
0.71881
0.71845
0.71809
0.71773
0.71738
0.71702
0.71666
0.7163
0.71595
0.71559
0.71523
0.71488
0.71452
0.71417
0.71381
0.71346
0.7131
0.71275
0.7124
0.71205
0.71169
0.71134
0.71099
0.71064
0.71029
0.70994
0.70959
0.70924
0.70889
0.70855
0.7082
0.70785
0.7075
0.70716
0.70681
0.70647
0.70612
0.70578
0.70544
0.70509
0.70475
0.70441
0.70407
0.70373
0.70339
0.70305
0.70271
0.70237
0.70204
0.7017
0.70136
0.70103
0.7007
0.70036
0.70003
0.6997
0.69936
0.69903
0.6987
0.69837
0.69804
0.69771
0.69739
0.69706
0.69673
0.69641
0.69608
0.69576
0.69544
0.69511
0.69479
0.69447
0.69415
0.69383
0.69352
0.6932
0.69288
0.69257
0.69225
0.69194
0.69162
0.69131
0.691
0.69069
0.69038
0.69007
0.68976
0.68946
0.68915
0.68885
0.68854
0.68824
0.68794
0.68764
0.68734
0.68704
0.68674
0.68644
0.68615
0.68585
0.68556
0.68527
0.68497
0.68468
0.68439
0.68411
0.68382
0.68353
0.68325
0.68296
0.68268
0.6824
0.68212
0.68184
0.68156
0.68128
0.68101
0.68073
0.68046
0.68019
0.67991
0.67964
0.67938
0.67911
0.67884
0.67858
0.67831
0.67805
0.67779
0.67753
0.67727
0.67701
0.67676
0.6765
0.67625
0.676
0.67575
0.6755
0.67525
0.675
0.67476
0.67451
0.67427
0.67403
0.67379
0.67355
0.67332
0.67308
0.67285
0.67261
0.67238
0.67215
0.67193
0.6717
0.67148
0.67125
0.67103
0.67081
0.67059
0.67037
0.67016
0.66994
0.66973
0.66952
0.66931
0.6691
0.6689
0.66869
0.66849
0.66829
0.66809
0.66789
0.66769
0.6675
0.66731
0.66712
0.66693
0.66674
0.66655
0.66637
0.66619
0.66601
0.66583
0.66565
0.66547
0.6653
0.66513
0.66496
0.66479
0.66462
0.66446
0.6643
0.66413
0.66397
0.66382
0.66366
0.66351
0.66336
0.66321
0.66306
0.66291
0.66277
0.66263
0.66249
0.66235
0.66221
0.66208
0.66195
0.66182
0.66169
0.66156
0.66144
0.66131
0.66119
0.66108
0.66096
0.66085
0.66073
0.66062
0.66052
0.66041
0.66031
0.66021
0.66011
0.66001
0.65991
0.65982
0.65973
0.65964
0.65955
0.65947
0.65939
0.65931
0.65923
0.65915
0.65908
0.65901
0.65894
0.65887
0.65881
0.65875
0.65869
0.65863
0.65858
0.65852
0.65847
0.65842
0.65838
0.65833
0.65829
0.65825
0.65822
0.65818
0.65815
0.65812
0.65809
0.65807
0.65805
0.65803
0.65801
0.65799
0.65798
0.65797
0.65796
0.65796
0.65796
0.65796
0.65796
0.65796
0.65797
0.65798
0.65799
0.65801
0.65802
0.65804
0.65807
0.65809
0.65812
0.65815
0.65818
0.65822
0.65826
0.6583
0.65834
0.65838
0.65843
0.65848
0.65854
0.65859
0.65865
0.65872
0.65878
0.65885
0.65892
0.65899
0.65906
0.65914
0.65922
0.65931
0.65939
0.65948
0.65957
0.65967
0.65977
0.65987
0.65997
0.66007
0.66018
0.66029
0.66041
0.66052
0.66064
0.66077
0.66089
0.66102
0.66115
0.66129
0.66142
0.66156
0.6617
0.66185
0.662
0.66215
0.6623
0.66246
0.66262
0.66278
0.66295
0.66312
0.66329
0.66347
0.66364
0.66383
0.66401
0.6642
0.66439
0.66458
0.66478
0.66497
0.66518
0.66538
0.66559
0.6658
0.66601
0.66623
0.66645
0.66668
0.6669
0.66713
0.66736
0.6676
0.66784
0.66808
0.66833
0.66857
0.66883
0.66908
0.66934
0.6696
0.66986
0.67013
0.6704
0.67067
0.67095
0.67123
0.67151
0.6718
0.67209
0.67238
0.67268
0.67298
0.67328
0.67359
0.67389
0.67421
0.67452
0.67484
0.67516
0.67549
0.67582
0.67615
0.67648
0.67682
0.67716
0.67751
0.67786
0.67821
0.67856
0.67892
0.67928
0.67965
0.68002
0.68039
0.68076
0.68114
0.68152
0.68191
0.6823
0.68269
0.68308
0.68348
0.68388
0.68429
0.6847
0.68511
0.68552
0.68594
0.68636
0.68679
0.68722
0.68765
0.68809
0.68853
0.68897
0.68942
0.68987
0.69032
0.69078
0.69124
0.6917
0.69217
0.69264
0.69311
0.69359
0.69407
0.69455
0.69504
0.69553
0.69603
0.69652
0.69703
0.69753
0.69804
0.69855
0.69907
0.69959
0.70011
0.70064
0.70117
0.7017
0.70224
0.70278
0.70332
0.70387
0.70442
0.70497
0.70553
0.70609
0.70666
0.70723
0.7078
0.70837
0.70895
0.70954
0.71012
0.71071
0.71131
0.7119
0.7125
0.71311
0.71372
0.71433
0.71494
0.71556
0.71618
0.71681
0.71744
0.71807
0.71871
0.71935
0.71999
0.72064
0.72129
0.72194
0.7226
0.72326
0.72392
0.72459
0.72526
0.72594
0.72662
0.7273
0.72799
0.72868
0.72937
0.73007
0.73077
0.73147
0.73218
0.73289
0.73361
0.73432
0.73505
0.73577
0.7365
0.73723
0.73797
0.73871
0.73945
0.7402
0.74095
0.7417
0.74246
0.74322
0.74399
0.74476
0.74553
0.7463
0.74708
0.74786
0.74865
0.74944
0.75023
0.75103
0.75183
0.75263
0.75344
0.75425
0.75506
0.75588
0.7567
0.75753
0.75835
0.75919
0.76002
0.76086
0.7617
0.76255
0.7634
0.76425
0.7651
0.76596
0.76683
0.76769
0.76856
0.76944
0.77031
0.77119
0.77208
0.77296
0.77385
0.77475
0.77564
0.77654
0.77745
0.77836
0.77927
0.78018
0.7811
0.78202
0.78294
0.78387
0.7848
0.78574
0.78667
0.78761
0.78856
0.78951
0.79046
0.79141
0.79237
0.79333
0.79429
0.79526
0.79623
0.7972
0.79818
0.79916
0.80014
0.80113
0.80212
0.80311
0.80411
0.80511
0.80611
0.80712
0.80813
0.80914
0.81016
0.81117
0.8122
0.81322
0.81425
0.81528
0.81631
0.81735
0.81839
0.81943
0.82048
0.82153
0.82258
0.82364
0.82469
0.82576
0.82682
0.82789
0.82896
0.83003
0.83111
0.83219
0.83327
0.83435
0.83544
0.83653
0.83762
0.83872
0.83982
0.84092
0.84203
0.84313
0.84424
0.84536
0.84647
0.84759
0.84871
0.84984
0.85097
0.85209
0.85323
0.85436
0.8555
0.85664
0.85778
0.85893
0.86008
0.86123
0.86238
0.86354
0.86469
0.86586
0.86702
0.86819
0.86935
0.87052
0.8717
0.87287
0.87405
0.87523
0.87642
0.8776
0.87879
0.87998
0.88117
0.88237
0.88356
0.88476
0.88596
0.88717
0.88837
0.88958
0.89079
0.892
0.89322
0.89444
0.89566
0.89688
0.8981
0.89932
0.90055
0.90178
0.90301
0.90425
0.90548
0.90672
0.90796
0.9092
0.91044
0.91169
0.91293
0.91418
0.91543
0.91669
0.91794
0.9192
0.92045
0.92171
0.92297
0.92424
0.9255
0.92677
0.92804
0.9293
0.93058
0.93185
0.93312
0.9344
0.93567
0.93695
0.93823
0.93951
0.9408
0.94208
0.94337
0.94465
0.94594
0.94723
0.94852
0.94982
0.95111
0.9524
0.9537
0.955
0.9563
0.9576
0.9589
0.9602
0.9615
0.9628
0.96411
0.96542
0.96672
0.96803
0.96934
0.97065
0.97196
0.97327
0.97458
0.9759
0.97721
0.97852
0.97984
0.98116
0.98247
0.98379
0.98511
0.98643
0.98775
0.98907
0.99039
0.99171
0.99303
0.99435
0.99567
0.997
0.99832
0.99965
1.001
1.0023
1.0036
1.0049
1.0063
1.0076
1.0089
1.0102
1.0116
1.0129
1.0142
1.0156
1.0169
1.0182
1.0195
1.0209
1.0222
1.0235
1.0248
1.0262
1.0275
1.0288
1.0301
1.0315
1.0328
1.0341
1.0354
1.0368
1.0381
1.0394
1.0407
1.0421
1.0434
1.0447
1.046
1.0474
1.0487
1.05
1.0513
1.0526
1.054
1.0553
1.0566
1.0579
1.0592
1.0605
1.0619
1.0632
1.0645
1.0658
1.0671
1.0684
1.0697
1.071
1.0723
1.0736
1.0749
1.0762
1.0776
1.0789
1.0802
1.0815
1.0828
1.084
1.0853
1.0866
1.0879
1.0892
1.0905
1.0918
1.0931
1.0944
1.0957
1.0969
1.0982
1.0995
1.1008
1.1021
1.1033
1.1046
1.1059
1.1071
1.1084
1.1097
1.111
1.1122
1.1135
1.1147
1.116
1.1172
1.1185
1.1198
1.121
1.1223
1.1235
1.1247
1.126
1.1272
1.1285
1.1297
1.1309
1.1322
1.1334
1.1346
1.1358
1.1371
1.1383
1.1395
1.1407
1.1419
1.1431
1.1443
1.1456
1.1468
1.148
1.1492
1.1504
1.1515
1.1527
1.1539
1.1551
1.1563
1.1575
1.1586
1.1598
1.161
1.1622
1.1633
1.1645
1.1657
1.1668
1.168
1.1691
1.1703
1.1714
1.1726
1.1737
1.1748
1.176
1.1771
1.1782
1.1793
1.1805
1.1816
1.1827
1.1838
1.1849
1.186
1.1871
1.1882
1.1893
1.1904
1.1915
1.1926
1.1937
1.1948
1.1958
1.1969
1.198
1.199
1.2001
1.2012
1.2022
1.2033
1.2043
1.2054
1.2064
1.2074
1.2085
1.2095
1.2105
1.2115
1.2126
1.2136
1.2146
1.2156
1.2166
1.2176
1.2186
1.2196
1.2206
1.2216
1.2225
1.2235
1.2245
1.2255
1.2264
1.2274
1.2284
1.2293
1.2303
1.2312
1.2321
1.2331
1.234
1.2349
1.2359
1.2368
1.2377
1.2386
1.2395
1.2404
1.2413
1.2422
1.2431
1.244
1.2449
1.2458
1.2466
1.2475
1.2484
1.2492
1.2501
1.251
1.2518
1.2526
1.2535
1.2543
1.2552
1.256
1.2568
1.2576
1.2584
1.2593
1.2601
1.2609
1.2617
1.2624
1.2632
1.264
1.2648
1.2656
1.2663
1.2671
1.2679
1.2686
1.2694
1.2701
1.2709
1.2716
1.2723
1.2731
1.2738
1.2745
1.2752
1.2759
1.2766
1.2773
1.278
1.2787
1.2794
1.2801
1.2808
1.2814
1.2821
1.2828
1.2834
1.2841
1.2847
1.2854
1.286
1.2867
1.2873
1.2879
1.2885
1.2892
1.2898
1.2904
1.291
1.2916
1.2922
1.2928
1.2933
1.2939
1.2945
1.2951
1.2956
1.2962
1.2967
1.2973
1.2978
1.2984
1.2989
1.2994
1.3
1.3005
1.301
1.3015
1.302
1.3025
1.303
1.3035
1.304
1.3045
1.305
1.3054
1.3059
1.3064
1.3068
1.3073
1.3077
1.3082
1.3086
1.309
1.3095
1.3099
1.3103
1.3107
1.3111
1.3116
1.312
1.3124
1.3127
1.3131
1.3135
1.3139
1.3143
1.3146
1.315
1.3154
1.3157
1.3161
1.3164
1.3167
1.3171
1.3174
1.3177
1.3181
1.3184
1.3187
1.319
1.3193
1.3196
1.3199
1.3202
1.3205
1.3207
1.321
1.3213
1.3215
1.3218
1.3221
1.3223
1.3226
1.3228
1.323
1.3233
1.3235
1.3237
1.3239
1.3241
1.3244
1.3246
1.3248
1.325
1.3252
1.3253
1.3255
1.3257
1.3259
1.326
1.3262
1.3264
1.3265
1.3267
1.3268
1.327
1.3271
1.3272
1.3274
1.3275
1.3276
1.3277
1.3278
1.3279
1.3281
1.3281
1.3282
1.3283
1.3284
1.3285
1.3286
1.3287
1.3287
1.3288
1.3288
1.3289
1.329
1.329
1.329
1.3291
1.3291
1.3292
1.3292
1.3292
1.3292
1.3292
1.3292
1.3293
1.3293
1.3293
1.3293
1.3292
1.3292
1.3292
1.3292
1.3292
1.3291
1.3291
1.3291
1.329
1.329
1.3289
1.3289
1.3288
1.3288
1.3287
1.3286
1.3286
1.3285
1.3284
1.3283
1.3282
1.3281
1.3281
1.328
1.3279
1.3278
1.3276
1.3275
1.3274
1.3273
1.3272
1.327
1.3269
1.3268
1.3266
1.3265
1.3264
1.3262
1.3261
1.3259
1.3258
1.3256
1.3254
1.3253
1.3251
1.3249
1.3247
1.3246
1.3244
1.3242
1.324
1.3238
1.3236
1.3234
1.3232
1.323
1.3228
1.3226
1.3223
1.3221
1.3219
1.3217
1.3215
1.3212
1.321
1.3207
1.3205
1.3203
1.32
1.3198
1.3195
1.3193
1.319
1.3187
1.3185
1.3182
1.3179
1.3177
1.3174
1.3171
1.3168
1.3165
1.3163
1.316
1.3157
1.3154
1.3151
1.3148
1.3145
1.3142
1.3139
1.3136
1.3133
1.3129
1.3126
1.3123
1.312
1.3117
1.3113
1.311
1.3107
1.3103
1.31
1.3097
1.3093
1.309
1.3086
1.3083
1.3079
1.3076
1.3072
1.3069
1.3065
1.3062
1.3058
1.3054
1.3051
1.3047
1.3043
1.3039
1.3036
1.3032
1.3028
1.3024
1.302
1.3017
1.3013
1.3009
1.3005
1.3001
1.2997
1.2993
1.2989
1.2985
1.2981
1.2977
1.2973
1.2969
1.2965
1.2961
1.2957
1.2953
1.2948
1.2944
1.294
1.2936
1.2932
1.2927
1.2923
1.2919
1.2915
1.291
1.2906
1.2902
1.2897
1.2893
1.2889
1.2884
1.288
1.2875
1.2871
1.2867
1.2862
1.2858
1.2853
1.2849
1.2844
1.284
1.2835
1.2831
1.2826
1.2822
1.2817
1.2813
1.2808
1.2803
1.2799
1.2794
1.279
1.2785
1.278
1.2776
1.2771
1.2766
1.2762
1.2757
1.2752
1.2748
1.2743
1.2738
1.2733
1.2729
1.2724
1.2719
1.2714
1.271
1.2705
1.27
1.2695
1.269
1.2686
1.2681
1.2676
1.2671
1.2666
1.2662
1.2657
1.2652
1.2647
1.2642
1.2637
1.2633
1.2628
1.2623
1.2618
1.2613
1.2608
1.2603
1.2598
1.2594
1.2589
1.2584
1.2579
1.2574
1.2569
1.2564
1.2559
1.2554
1.2549
1.2544
1.254
1.2535
1.253
1.2525
1.252
1.2515
1.251
1.2505
1.25
1.2495
1.249
1.2485
1.248
1.2475
1.2471
1.2466
1.2461
1.2456
1.2451
1.2446
1.2441
1.2436
1.2431
1.2426
1.2421
1.2416
1.2411
1.2406
1.2402
1.2397
1.2392
1.2387
1.2382
1.2377
1.2372
1.2367
1.2362
1.2357
1.2353
1.2348
1.2343
1.2338
1.2333
1.2328
1.2323
1.2318
1.2314
1.2309
1.2304
1.2299
1.2294
1.2289
1.2285
1.228
1.2275
1.227
1.2265
1.226
1.2256
1.2251
1.2246
1.2241
1.2236
1.2232
1.2227
1.2222
1.2217
1.2213
1.2208
1.2203
1.2199
1.2194
1.2189
1.2184
1.218
1.2175
1.217
1.2166
1.2161
1.2156
1.2152
1.2147
1.2142
1.2138
1.2133
1.2128
1.2124
1.2119
