0.32143
0.2684
0.29695
0.26366
0.30361
0.27698
0.24901
0.27565
0.2317
0.19575
0.20241
0.25301
0.27431
0.28097
0.26632
0.25434
0.20374
0.13982
0.11718
0.12517
0.15314
0.21572
0.35022
0.54596
0.72573
0.7497
0.73239
0.78699
0.78299
0.69377
0.56594
0.55529
0.5939
0.47938
0.35022
0.27165
0.19442
0.14115
0.093214
0.095877
0.14115
0.19042
0.28364
0.34223
0.40082
0.46474
0.51667
0.55928
0.55795
0.56993
0.57393
0.58059
0.65649
0.779
0.93879
1.0453
1.076
1.0333
0.88553
0.72174
0.52599
0.37685
0.27698
0.25967
0.29695
0.28097
0.31559
0.43145
0.60722
0.78965
0.96543
1.1811
1.3995
1.5021
1.4901
1.3716
1.1798
1.0227
0.87221
0.77634
0.73506
0.69777
0.68445
0.58591
0.46474
0.37951
0.30894
0.27964
0.26499
0.31959
0.36087
0.42479
0.45275
0.49004
0.50735
0.43011
0.35022
0.27565
0.25168
0.26632
0.25833
0.26632
0.26632
0.25567
0.30894
0.35022
0.36886
0.38084
0.45142
0.53664
0.50602
0.40748
0.39549
0.44343
0.47006
0.43677
0.46474
0.55262
0.54863
0.50602
0.41014
0.37552
0.40348
0.47938
0.66581
0.91749
1.2171
1.4661
1.6725
1.827
1.9255
1.9335
1.831
1.6446
1.3543
1.0307
0.75902
0.62054
0.59923
0.65782
0.74571
0.84957
0.96276
1.0413
1.0959
1.1385
1.1572
1.1878
1.1612
1.0533
0.90683
0.69777
0.54996
0.4381
0.45408
0.52732
0.71375
0.87488
1.004
1.0293
0.92814
0.86689
0.7284
0.7497
0.81362
1.0094
1.2464
1.3942
1.6006
1.8004
2.1452
2.4941
2.7498
2.9482
2.9735
2.8549
2.5531
2.1213
1.7206
1.4468
1.3732
1.5053
1.6936
1.9375
2.1169
2.1447
1.9962
1.6679
1.3069
1.0192
0.87504
0.89517
1.0282
1.1578
1.2717
1.2594
1.2171
1.0746
0.90386
0.77109
0.72744
0.82378
0.84403
0.89203
0.8288
0.81064
0.65516
0.43278
0.27165
0.1851
0.257
0.38351
0.62986
0.91482
1.2011
1.325
1.2624
1.0693
0.85623
0.69777
0.61255
0.6778
0.88819
1.1332
1.3529
1.4435
1.4315
1.3702
1.2584
1.1372
0.97741
0.75902
0.5726
0.42079
0.31293
0.20374
0.11186
0.13982
0.21972
0.33424
0.51667
0.77767
1.0067
1.1958
1.2064
1.1026
0.88952
0.60988
0.40348
0.2317
0.22371
0.23037
0.24901
0.34356
0.49936
0.6485
0.72307
0.73239
0.73506
0.75103
0.6738
0.50335
0.42878
0.4421
0.42878
0.40748
0.51401
0.69644
0.775
0.75902
0.76435
0.68179
0.50735
0.34223
0.24102
0.19309
0.19575
0.19575
0.19309
0.20773
0.16645
0.16912
0.18909
0.27698
0.38218
0.47805
0.58591
0.6445
0.68579
0.73905
0.78566
0.89352
1.008
1.1279
1.2264
1.2025
1.1638
1.0214
0.88819
0.80963
0.77767
0.84425
0.88553
0.87221
0.81895
0.71774
0.57393
0.4128
0.27698
0.24236
0.26499
0.25301
0.24768
0.21972
0.17577
0.12784
0.091882
0.16512
0.19708
0.2064
0.261
0.31693
0.32758
0.30095
0.31693
0.36353
0.33956
0.27431
0.2317
0.18243
0.15314
0.15979
0.17577
0.24102
0.31559
0.48471
0.78699
1.1186
1.4874
1.7737
1.9881
2.1053
2.0933
2.0094
1.9948
2.036
2.1572
2.2265
2.1865
2.0547
1.8088
1.4558
1.1019
0.78396
0.54767
0.40974
0.24979
0.20949
0.16732
0.18445
0.17572
0.18991
0.19582
0.19213
0.28328
0.39853
0.54895
0.66842
0.81128
0.95148
1.0064
1.0125
1.0327
1.0978
1.1816
1.3359
1.5477
1.774
1.8947
1.8695
1.781
1.6485
1.4781
1.321
1.2744
1.3742
1.534
1.6206
1.574
1.4768
1.4368
1.4488
1.5101
1.6579
1.8323
1.9668
1.9788
1.8043
1.542
1.1678
0.92015
0.779
0.67114
0.68579
0.69244
0.82427
0.89751
0.85756
0.75636
0.60456
0.51667
0.43944
0.43145
0.52066
0.75237
1.0413
1.269
1.3583
1.2863
1.1652
0.91616
0.6192
0.39682
0.22904
0.14515
0.086555
0.083892
0.13849
0.18909
0.32225
0.47938
0.6445
0.81229
0.93746
1.1013
1.2531
1.3343
1.3077
1.2064
1.0906
0.9308
0.64983
0.47273
0.38617
0.34356
0.31693
0.3369
0.48737
0.65383
0.8296
0.97608
1.1226
1.1452
1.0853
0.92947
0.70975
0.54463
0.37552
0.30095
0.32092
0.37419
0.48205
0.56594
0.62853
0.65915
0.58858
0.47406
0.38484
0.29695
0.27964
0.2823
0.38218
0.5979
0.84691
1.1252
1.3316
1.3982
1.3116
1.1026
0.88553
0.73506
0.5979
0.45142
0.4168
0.4381
0.37685
0.32492
0.35821
0.54197
0.67513
0.79897
0.94811
1.024
1.0134
0.93746
0.90151
0.90284
0.97208
0.99872
0.9601
0.91882
0.84824
0.78699
0.64184
0.48871
0.38617
0.32358
0.26632
0.15846
0.09854
0.09055
0.095877
0.09055
0.14115
0.25833
0.37951
0.5686
0.81895
1.1079
1.289
1.2597
1.1292
0.97475
0.7244
0.43677
0.23774
0.15782
0.15105
0.096924
0.089744
0.11397
0.083261
0.10624
0.12774
0.18309
0.34866
0.49964
0.6798
0.8086
0.84496
0.8223
0.67097
0.53478
0.37324
0.2463
0.26294
0.31112
0.37199
0.41687
0.55793
0.76626
0.9276
1.1413
1.3268
1.5537
1.6748
1.6978
1.7111
1.7058
1.7444
1.7111
1.6406
1.5806
1.4861
1.4208
1.4182
1.4874
1.6139
1.6978
1.7764
1.6818
1.4515
1.1079
0.80963
0.57926
0.40881
0.31293
0.34223
0.47672
0.53398
0.518
0.44476
0.43411
0.34888
0.29163
0.30627
0.41547
0.55262
0.63385
0.70443
0.65915
0.57393
0.4674
0.4634
0.49536
0.52066
0.51534
0.60056
0.71908
0.72707
0.58458
0.47273
0.45541
0.33424
0.21705
0.1851
0.29961
0.35821
0.35288
0.35954
0.3409
0.30894
0.32625
0.45275
0.58458
0.67513
0.6445
0.59257
0.45808
0.29828
0.23836
0.25833
0.29296
0.30894
0.48338
0.6778
0.80829
0.8589
0.89751
0.87221
0.81628
0.72707
0.61787
0.47139
0.40881
0.43278
0.4381
0.43411
0.46873
0.47672
0.54197
0.69111
0.79897
0.88287
0.89352
0.92548
0.88686
0.72041
0.522
0.38351
0.31959
0.38617
0.43278
0.53531
0.6485
0.74304
0.73639
0.65383
0.71508
0.77234
0.71375
0.56194
0.51134
0.52999
0.39682
0.26366
0.32092
0.53798
0.70576
0.76968
0.78699
0.775
0.68179
0.51401
0.37019
0.27964
0.31027
0.36486
0.45408
0.54996
0.64983
0.75237
0.85091
0.93613
0.9854
0.98806
0.96143
0.92281
0.88553
0.79365
0.70709
0.65782
0.66448
0.69244
0.59257
0.60589
0.6738
0.74171
0.66581
0.54463
0.54498
0.46061
0.35614
0.29382
0.38499
0.51569
0.57609
0.61782
0.62707
0.6388
0.56734
0.46099
0.4678
0.53734
0.60119
0.58722
0.58337
0.56671
0.49867
0.4144
0.37741
0.35972
0.36937
0.4025
0.38714
0.41236
0.40474
0.41286
0.44948
0.48857
0.57289
0.60322
0.63652
0.73372
0.84558
0.98141
1.1359
1.2411
1.3156
1.2637
1.1372
1.0134
0.8802
0.83759
0.83759
0.90284
1.02
1.1106
1.2491
1.3569
1.3503
1.2344
1.0427
0.86289
0.69511
0.53265
0.45009
0.40082
0.40348
0.45675
0.45541
0.46074
0.48604
0.59257
0.76435
0.92548
1.0427
1.1372
1.2464
1.317
1.301
1.1718
1.004
0.8589
0.69777
0.58991
0.59124
0.72707
0.89485
0.99472
0.98141
0.94678
0.79897
0.58991
0.43944
0.39283
0.47938
0.58591
0.70576
0.81229
0.8589
0.7497
0.64717
0.6445
0.68845
0.76568
0.83093
0.85623
0.80164
0.68046
0.49004
0.28896
0.15447
0.13982
0.19575
0.19974
0.31426
0.38084
0.38084
0.48072
0.65782
0.84957
0.94678
1.0187
1.0107
0.92548
0.74704
0.54197
0.31959
0.21173
0.23437
0.21306
0.16645
0.11585
0.11985
0.1052
0.13449
0.24102
0.39416
0.58725
0.79098
0.99073
1.1718
1.3156
1.3449
1.2584
1.048
0.83226
0.62586
0.4381
0.37285
0.42878
0.59923
0.7497
0.80963
0.85756
0.87621
0.90284
0.97741
1.0493
1.1798
1.2397
1.2331
1.1931
1.0906
0.99339
0.82694
0.67913
0.55529
0.40881
0.2823
0.16113
0.19175
0.3116
0.50202
0.65516
0.77234
0.86955
0.84425
0.80297
0.73639
0.79631
0.87754
0.99206
1.068
1.0005
0.91802
0.83564
0.7526
0.53459
0.42154
0.43297
0.38156
0.25194
0.12577
0.15529
0.17771
0.20797
0.27246
0.31361
0.34515
0.32149
0.3147
0.26412
0.23161
0.19872
0.1885
0.23994
0.2269
0.22177
0.29904
0.47566
0.66367
0.78643
0.87595
0.93677
0.90817
0.76701
0.57792
0.4128
0.35554
0.37285
0.39682
0.47406
0.52466
0.55395
0.50335
0.44343
0.3622
0.24635
0.16379
0.13982
0.15047
0.11452
0.1052
0.14115
0.21173
0.24768
0.26499
0.29163
0.33024
0.30095
0.28497
0.23836
0.23037
0.24502
0.25168
0.31027
0.35421
0.50202
0.65116
0.77234
0.81762
0.87754
0.95477
1.0253
1.1239
1.2171
1.3769
1.4475
1.4475
1.4461
1.3929
1.3915
1.3756
1.3396
1.2717
1.1039
1.0373
0.99605
0.97075
0.92814
0.90151
0.86822
0.75636
0.58725
0.37685
0.24102
0.16246
0.22904
0.34888
0.47406
0.59657
0.7284
0.86555
0.88153
0.78433
0.64051
0.58591
0.5686
0.56194
0.60456
0.66182
0.78699
0.87887
0.93214
0.96276
0.98407
1.0493
1.036
0.97741
0.86422
0.78033
0.71375
0.56993
0.42479
0.31959
0.26499
0.22638
0.14914
0.1851
0.29961
0.36753
0.45275
0.47006
0.49004
0.47406
0.44476
0.45009
0.50868
0.62853
0.84957
1.1305
1.4075
1.59
1.6446
1.558
1.3409
1.0094
0.65915
0.41547
0.27565
0.22105
0.25168
0.33291
0.45808
0.58858
0.66714
0.7497
0.79098
0.78566
0.71908
0.62719
0.55395
0.50069
0.44343
0.35421
0.31959
0.3076
0.25967
0.21572
0.19575
0.26632
0.30494
0.3116
0.30627
0.33024
0.3369
0.39682
0.49004
0.58484
0.66224
0.62669
0.62438
0.63122
0.60682
0.60976
0.63071
0.76408
0.91496
0.96477
1.0244
1.0576
1.1821
1.2515
1.27
1.2427
1.1746
1.1428
1.0697
0.97108
0.95296
1.0314
1.2061
1.3544
1.4311
1.5451
1.4954
1.3485
1.0905
0.84649
0.70176
0.54863
0.48871
0.49137
0.63385
0.80829
0.95877
1.1092
1.1985
1.2211
1.076
0.87754
0.68445
0.58725
0.56461
0.63385
0.78166
0.90151
0.95877
0.86289
0.71242
0.5726
0.42745
0.30361
0.2104
0.22504
0.33024
0.47539
0.71908
1.0293
1.3849
1.7111
1.9455
2.1199
2.2038
2.2931
2.4076
2.5301
2.618
2.6619
2.6659
2.562
2.3583
2.0853
1.8976
1.7271
1.546
1.3463
1.1612
0.95877
0.75503
0.50868
0.34755
0.29029
0.22371
0.27565
0.31027
0.43411
0.55795
0.60189
0.70576
0.79365
0.89485
1.0227
1.1519
1.289
1.4155
1.4395
1.4328
1.3276
1.1279
0.96143
0.71641
0.55395
0.39549
0.30627
0.35022
0.43677
0.522
0.50602
0.56194
0.64317
0.6445
0.64317
0.71641
0.83626
0.86289
0.77101
0.63652
0.47006
0.29562
0.20906
0.19175
0.24635
0.31293
0.34489
0.39682
0.40481
0.36353
0.27698
0.21572
0.18243
0.18243
0.25833
0.43145
0.67913
0.94545
1.2171
1.4315
1.5101
1.4794
1.4102
1.3583
1.317
1.2384
1.1772
1.0347
0.87621
0.69244
0.49936
0.39416
0.35022
0.40348
0.48604
0.53132
0.58059
0.60322
0.65516
0.775
0.91216
1.0427
1.1519
1.2464
1.297
1.2744
1.1705
1.1505
1.1252
1.1385
1.0893
1.0586
1.0373
0.96409
0.88153
0.70573
0.6103
0.49361
0.41549
0.35466
0.38741
0.55274
0.74511
0.97424
1.1906
1.3939
1.4584
1.3742
1.1658
0.91273
0.65071
0.39717
0.23384
0.22945
0.40142
0.63385
0.83249
0.91193
0.93325
0.93303
0.81669
0.57119
0.41286
0.42833
0.44751
0.38546
0.32492
0.39549
0.45408
0.4381
0.43145
0.41547
0.41547
0.40481
0.31959
0.28763
0.25567
0.22904
0.20374
0.16912
0.16246
0.16778
0.21972
0.26366
0.31826
0.44077
0.62054
0.78832
0.94012
1.0453
1.0613
0.96276
0.77234
0.54064
0.32092
0.19042
0.12118
0.091882
0.13982
0.21972
0.28763
0.42612
0.55129
0.71908
0.81096
0.85756
0.87887
0.83626
0.80696
0.79231
0.83493
0.88553
0.9055
0.78299
0.7537
0.6232
0.4381
0.33024
0.29961
0.43944
0.45142
0.43944
0.45675
0.4421
0.34888
0.24768
0.2317
0.28364
0.35554
0.37818
0.46074
0.48072
0.51401
0.54197
0.61255
0.71774
0.82161
0.99339
1.1226
1.2877
1.4129
1.4808
1.4994
1.4022
1.2318
0.98806
0.71508
0.50735
0.41946
0.47273
0.60189
0.7031
0.73772
0.68712
0.63518
0.55662
0.46074
0.35022
0.42878
0.71375
1.008
1.261
1.4568
1.582
1.5021
1.2917
1.0879
0.92947
0.76968
0.66581
0.71375
0.70975
0.58858
0.38883
0.37552
0.518
0.68712
0.89219
1.0773
1.2184
1.2011
1.0493
0.82427
0.60988
0.48737
0.43011
0.52066
0.69644
0.91083
1.1292
1.2331
1.2717
1.1452
0.99073
0.79897
0.62853
0.53265
0.56061
0.60456
0.64717
0.61255
0.53531
0.46873
0.34755
0.25034
0.19575
0.1851
0.24369
0.35954
0.48205
0.57687
0.57501
0.57534
0.50763
0.38499
0.34529
0.37796
0.43905
0.48783
0.52841
0.55067
0.46357
0.34844
0.32652
0.30176
0.23949
0.22871
0.26184
0.2681
0.2088
0.18385
0.20333
0.17139
0.1378
0.15448
0.21789
0.34806
0.49711
0.67424
0.86756
1.0629
1.2424
1.3383
1.3583
1.2744
1.0986
0.89219
0.6778
0.54064
0.42612
0.32625
0.30095
0.30361
0.26899
0.22371
0.25301
0.35155
0.46873
0.58192
0.74438
0.8003
0.73639
0.62453
0.50468
0.3875
0.27698
0.27032
0.45408
0.71242
0.92148
1.0546
1.1013
1.0986
0.97741
0.8003
0.6445
0.49803
0.39549
0.33024
0.30627
0.29562
0.31426
0.4128
0.47539
0.48471
0.42479
0.35954
0.30627
0.21572
0.17844
0.18376
0.19309
0.21306
0.20773
0.20374
0.2104
0.25434
0.3915
0.60056
0.79365
0.88686
0.85756
0.83093
0.73106
0.522
0.32758
0.26499
0.24901
0.17844
0.19175
0.32758
0.56194
0.88952
1.2571
1.6272
1.8257
1.8163
1.554
1.3116
1.0986
0.8549
0.68712
0.5979
0.61654
0.49803
0.36886
0.29029
0.26499
0.34489
0.50069
0.64983
0.80164
0.89751
1.008
0.97874
0.89219
0.8003
0.74171
0.79231
0.78033
0.84691
0.86156
0.88287
0.85756
0.71508
0.56727
0.44476
0.42612
0.43944
0.40614
0.35687
0.40881
0.52333
0.63385
0.71908
0.78566
0.81762
0.73905
0.6232
0.518
0.43411
0.47805
0.64717
0.82161
0.89352
0.87221
0.81628
0.74837
0.68845
0.69511
0.73506
0.87621
1.032
1.056
0.97608
0.82694
0.68179
0.518
0.38617
0.41147
0.52066
0.69244
0.90018
1.0906
1.2198
1.2593
1.2084
1.0691
0.90275
0.75231
0.6782
0.67569
0.76307
0.85464
0.92256
0.89026
0.78624
0.6836
0.59602
0.53745
0.47213
0.42696
0.51301
0.59208
0.62506
0.5699
0.52584
0.59494
0.63586
0.68214
0.81927
1.0611
1.265
1.3712
1.3922
1.3801
1.2531
1.1519
1.1465
1.2118
1.329
1.3955
1.4355
1.3836
1.2437
1.064
0.80696
0.57526
0.4674
0.45808
0.45541
0.40215
0.44077
0.52466
0.51267
0.44609
0.38883
0.45675
0.51534
0.51267
0.42612
0.45541
0.62054
0.76036
0.9055
1.0214
1.1838
1.2051
1.032
0.87621
0.76169
0.69377
0.65782
0.60189
0.62054
0.58858
0.47273
0.3662
0.29828
0.27831
0.25168
0.28364
0.31293
0.32092
0.25567
0.27964
0.42878
0.54197
0.62453
0.67247
0.7284
0.68579
0.53664
0.38484
0.28497
0.28896
0.45009
0.71242
1.1252
1.578
2.0214
2.3743
2.566
2.614
2.4675
2.2065
1.9442
1.8243
1.9149
2.2651
2.7964
3.4103
3.9056
4.1373
4.0548
3.6074
2.9003
2.088
1.3942
0.88553
0.55529
0.46474
0.52333
0.58858
0.6445
0.85756
1.1625
1.3503
1.4208
1.4382
1.3955
1.2064
0.92015
0.74571
0.6991
0.70576
0.66714
0.70576
0.84025
0.96143
1.0293
1.1359
1.281
1.2544
1.1186
0.96942
0.86555
0.81762
0.71109
0.65116
0.65249
0.66847
0.6192
0.47006
0.47406
0.53531
0.56461
0.52732
0.47539
0.47539
0.55662
0.72973
1.0134
1.3636
1.7298
2.0201
2.064
1.8802
1.522
1.1013
0.73639
0.43278
0.26632
0.22238
0.31293
0.48871
0.6991
0.94545
1.1519
1.313
1.339
1.3033
1.2199
1.097
0.98595
0.9032
0.87782
0.83736
0.77174
0.71033
0.64661
0.59317
0.52946
0.50532
0.50546
0.4914
0.50417
0.53861
0.52818
0.48548
0.45664
0.47678
0.44112
0.39727
0.37271
0.34793
0.28851
0.26859
0.26357
0.20999
0.15513
0.10253
0.087887
0.053265
0.055928
0.086555
0.19841
0.32092
0.40881
0.46873
0.50335
0.52865
0.49536
0.4927
0.55662
0.69111
0.83226
0.95344
1.0919
1.1851
1.2744
1.305
1.3489
1.3556
1.3223
1.2517
1.0959
0.87088
0.6738
0.56993
0.47672
0.41547
0.32758
0.39949
0.49137
0.56461
0.60456
0.5686
0.56993
0.52466
0.47672
0.3875
0.30361
0.31826
0.32758
0.32758
0.24635
0.19042
0.17311
0.17711
0.23437
0.22238
0.22371
0.20107
0.19575
0.16246
0.11319
0.12384
0.20374
0.29562
0.32358
0.32625
0.3116
0.2863
0.22238
0.16912
0.1851
0.23969
0.33823
0.43011
0.51933
0.62187
0.76568
0.96543
1.1905
1.325
1.3636
1.3037
1.1452
0.94146
0.74571
0.68712
0.73372
0.82561
0.87354
0.84025
0.75769
0.65782
0.54996
0.43677
0.34356
0.37685
0.47273
0.63385
0.80696
1.0373
1.3156
1.4501
1.4315
1.2011
1.0147
0.84691
0.68579
0.62586
0.64317
0.72973
0.71774
0.64584
0.5686
0.4674
0.34489
0.27165
0.28497
0.36353
0.40614
0.40614
0.4128
0.40881
0.37419
0.27698
0.20773
0.15979
0.17444
0.18909
0.15979
0.13849
0.12384
0.13316
0.14115
0.2357
0.42212
0.64184
0.95877
1.3077
1.6406
1.9095
2.0787
2.2038
2.1972
2.088
1.9615
1.8083
1.7005
1.5647
1.3929
1.2102
0.96944
0.80019
0.61652
0.45992
0.33078
0.29361
0.34351
0.2785
0.23952
0.30793
0.47389
0.61246
0.70007
0.73921
0.73542
0.61771
0.4745
0.3301
0.17499
0.18385
0.2315
0.23193
0.20949
0.23246
0.34001
0.40211
0.44843
0.5227
0.54722
0.50511
0.41547
0.36486
0.38617
0.53265
0.79231
1.1226
1.4848
1.7391
1.8203
1.6952
1.4049
1.1372
0.83493
0.57926
0.42612
0.41946
0.56993
0.63518
0.70576
0.78566
0.89352
1.0027
1.0573
1.2171
1.4142
1.6659
1.8416
1.8456
1.7005
1.4408
1.1745
0.79365
0.50202
0.40614
0.48205
0.55395
0.61654
0.74304
0.83626
0.83093
0.76968
0.71508
0.61255
0.47406
0.3369
0.24102
0.17045
0.14115
0.20507
0.29961
0.38218
0.3915
0.42878
0.51667
0.58059
0.70576
0.8842
1.1412
1.3995
1.5647
1.6259
1.59
1.4967
1.3622
1.1865
1.004
0.80563
0.62719
0.48338
0.35288
0.257
0.21439
0.30361
0.4381
0.53664
0.70443
0.86822
1.0174
1.0933
1.068
1.0373
0.94811
0.91349
0.94545
1.0267
1.1665
1.277
1.3929
1.4435
1.4089
1.3156
1.1851
1.1026
0.95477
0.79231
0.61255
0.47006
0.45142
0.43145
0.47006
0.46873
0.48338
0.53931
0.55529
0.53531
0.50735
0.49137
0.46474
0.42612
0.40881
0.38883
0.33291
0.37685
0.53798
0.73106
0.88952
1.0973
1.3822
1.5447
1.5726
1.5087
1.4328
1.3729
1.333
1.3476
1.4395
1.5394
1.562
1.4555
1.2451
1.016
0.73506
0.50202
0.42745
0.47273
0.59923
0.70709
0.76036
0.76302
0.65383
0.51933
0.36886
0.24369
0.18776
0.13245
0.12965
0.17249
0.26593
0.36654
0.36637
0.39763
0.45467
0.45411
0.37803
0.34604
0.43384
0.52177
0.53734
0.577
0.66211
0.6988
0.67728
0.55761
0.46744
0.41776
0.37411
0.31287
0.28279
0.34509
0.41236
0.38631
0.31372
0.2913
0.27651
0.26038
0.21439
0.17711
0.19309
0.20507
0.18909
0.19575
0.29695
0.51534
0.66714
0.73905
0.83493
0.90018
0.91482
0.81229
0.69244
0.58725
0.522
0.52066
0.60056
0.71508
0.80963
0.82028
0.84957
0.81495
0.61654
0.40614
0.25967
0.257
0.2823
0.34223
0.50069
0.63785
0.81628
0.97075
1.0506
1.0626
1.0546
1.024
0.98939
0.97342
0.96276
1.02
1.072
1.1798
1.2903
1.3822
1.4155
1.3409
1.1465
0.93214
0.77634
0.65915
0.60322
0.63385
0.81096
1.024
1.1585
1.2078
1.1598
1.0413
0.8842
0.76435
0.66048
0.62054
0.65383
0.74704
0.81362
0.86023
0.86555
0.84292
0.74171
0.62853
0.53931
0.45408
0.46607
0.51933
0.71774
0.86289
0.97874
1.0693
1.1239
1.1998
1.2544
1.3503
1.4435
1.4368
1.3356
1.1692
0.94678
0.72707
0.53798
0.39815
0.32758
0.28896
0.28097
0.29296
0.32492
0.38084
0.40082
0.35821
0.31559
0.32225
0.38218
0.52333
0.64717
0.78699
0.89219
0.98007
1.0107
0.93214
0.86289
0.78433
0.73772
0.69644
0.61121
0.59257
0.57127
0.55129
0.4927
0.45675
0.49137
0.45275
0.36353
0.37019
0.38351
0.34223
0.24236
0.18243
0.2863
0.38218
0.49403
0.51534
0.48871
0.54197
0.53398
0.45541
0.35022
0.28763
0.32891
0.31426
0.25567
0.19708
0.27565
0.46207
0.60344
0.71118
0.82383
0.95232
0.9678
0.88772
0.73373
0.61911
0.60523
0.65671
0.73697
0.81531
0.96853
1.1108
1.1816
1.149
1.0142
0.84761
0.66585
0.50864
0.33292
0.21945
0.23059
0.34351
0.55274
0.75462
0.91463
1.0058
1.0358
1.0703
1.0748
1.0586
1.1332
1.3569
1.6978
2.0507
2.3237
2.5993
2.815
2.8523
2.7178
2.4089
2.1026
1.8456
1.586
1.3742
1.1985
1.0427
0.86689
0.71242
0.62853
0.63918
0.78166
1.0746
1.4501
1.7138
1.815
1.779
1.5753
1.3596
1.1558
1.0134
1.0134
1.0946
1.2784
1.3822
1.4155
1.3596
1.1851
0.95078
0.75103
0.57792
0.37951
0.25833
0.30361
0.46607
0.60722
0.72707
0.90817
1.0826
1.1452
1.0999
0.96942
0.79897
0.60189
0.41413
0.23969
0.12251
0.093214
0.17178
0.29029
0.36886
0.43411
0.44476
0.40614
0.35554
0.32225
0.30894
0.33291
0.34888
0.39682
0.49936
0.58858
0.65116
0.71375
0.84824
0.96543
1.0586
1.1479
1.281
1.3769
1.4235
1.4648
1.4714
1.4914
1.5194
1.6232
1.7005
1.7178
1.6632
1.5234
1.3756
1.1545
0.96543
0.76835
0.60456
0.48338
0.36087
0.37419
0.45275
0.58991
0.65249
0.67247
0.65516
0.53931
0.39017
0.31293
0.35554
0.43544
0.45541
0.42346
0.42612
0.37285
0.27831
0.16246
0.14781
0.17444
0.15047
0.13982
0.21306
0.22238
0.25301
0.38883
0.52066
0.60589
0.56461
0.61521
0.63918
0.59257
0.57926
0.5939
0.65516
0.66315
0.68712
0.70709
0.74837
0.78566
0.79231
0.83892
0.84691
0.82294
0.73639
0.61255
0.52333
0.45009
0.37748
0.41714
0.57007
0.8127
1.0572
1.3282
1.5795
1.6783
1.6245
1.4228
1.1487
0.85066
0.6201
0.42031
0.24342
0.25549
0.38288
0.50404
0.5269
0.54841
0.55067
0.47161
0.39552
0.29074
0.28036
0.35715
0.53328
0.82184
1.0377
1.241
1.3217
1.2291
1.0746
0.79365
0.63918
0.53132
0.47006
0.43677
0.47406
0.54064
0.54064
0.53798
0.55928
0.62853
0.61654
0.57659
0.49669
0.37552
0.28364
0.261
0.27964
0.2823
0.26499
0.3116
0.34888
0.36886
0.35022
0.29562
0.35954
0.40481
0.41547
0.36886
0.33024
0.36087
0.2863
0.25833
0.26632
0.29961
0.27831
0.29828
0.33157
0.31959
0.29429
0.27032
0.32492
0.3076
0.29562
0.31559
0.40082
0.55129
0.76302
0.98274
1.1572
1.2264
1.1266
0.93214
0.79498
0.76036
0.76302
0.80829
0.90018
1.0027
0.92281
0.74571
0.63119
0.54996
0.50868
0.44609
0.43278
0.44476
0.44343
0.49936
0.65383
0.95211
1.3396
1.7111
1.9801
2.1333
2.2038
2.2172
2.2558
2.2784
2.3716
2.4089
2.3876
2.2757
2.0227
1.7964
1.5367
1.333
1.1026
0.86822
0.74171
0.67646
0.6445
0.68445
0.75103
0.81362
0.73639
0.59657
0.43411
0.26499
0.15979
0.083892
0.093214
0.18643
0.32358
0.5686
0.84957
1.1452
1.4102
1.5154
1.5593
1.3915
1.1732
0.9308
0.68046
0.47938
0.33557
0.3662
0.46474
0.65383
0.89219
1.1199
1.269
1.2917
1.1945
0.97608
0.76568
0.56993
0.49137
0.50202
0.58192
0.72041
0.81628
0.8589
0.85357
0.73372
0.62054
0.49803
0.46607
0.58991
0.70975
0.84957
0.99073
1.1014
1.1042
1.0154
0.8871
0.81079
0.72096
0.60717
0.53126
0.46839
0.42753
0.34866
0.2967
0.42001
0.6062
0.84998
1.0391
1.1941
1.2133
1.0676
0.87715
0.65298
0.54
0.56018
0.74126
1.0343
1.3411
1.6254
1.83
1.8614
1.7459
1.4916
1.1798
0.85623
0.59124
0.42212
0.39682
0.45541
0.47805
0.44876
0.4421
0.45808
0.45808
0.46074
0.54863
0.72707
0.8802
1.0227
1.0733
1.0506
0.96276
0.79897
0.62719
0.44876
0.35421
0.38883
0.47139
0.57127
0.54197
0.59257
0.65649
0.62054
0.48072
0.4128
0.55262
0.73639
0.98939
1.305
1.6619
1.9255
2.0281
1.9535
1.6565
1.2917
0.9854
0.7537
0.63385
0.53931
0.518
0.50868
0.49137
0.4168
0.27431
0.18243
0.14648
0.1305
0.11718
0.13716
0.22371
0.29296
0.35421
0.34223
0.36087
0.39416
0.37685
0.30894
0.23437
0.28763
0.32625
0.3875
0.46074
0.58192
0.73106
0.84957
0.91482
0.88952
0.75503
0.73639
0.83093
0.92681
0.95877
0.90151
0.95344
0.90284
0.7284
0.52466
0.38617
0.41547
0.45941
0.57659
0.7497
0.99339
1.2531
1.4701
1.6299
1.6752
1.6352
1.5127
1.4115
1.2411
1.052
0.92148
0.85756
0.95078
1.0906
1.2943
1.4927
1.6619
1.7964
1.7964
1.7564
1.6725
1.6019
1.4874
1.281
1.0453
0.78566
0.65516
0.56993
0.53664
0.50069
0.48604
0.55262
0.55795
0.53531
0.44876
0.41946
0.45275
0.43944
0.42079
0.42745
0.46474
0.51401
0.56194
0.5473
0.50335
0.45541
0.46474
0.54596
0.56194
0.5433
0.48072
0.42612
0.39283
0.32891
0.31426
0.36684
0.49428
0.62274
0.67545
0.71198
0.70542
0.66794
0.58557
0.50983
0.48066
0.43333
0.35188
0.37194
0.46291
0.5515
0.55919
0.61263
0.75187
0.86042
0.85697
0.72046
0.72181
0.72702
0.69761
0.62917
0.66264
0.82508
0.86752
0.76069
0.68371
0.68049
0.72174
0.81628
0.98274
1.2544
1.4714
1.6059
1.6805
1.7338
1.7284
1.7431
1.7018
1.6419
1.4954
1.2278
0.97342
0.78299
0.68978
0.62986
0.62986
0.68845
0.71641
0.6192
0.49536
0.34489
0.257
0.18909
0.13849
0.12917
0.12917
0.13316
0.13583
0.16645
0.22904
0.27964
0.32625
0.38617
0.34489
0.31559
0.33157
0.3875
0.44476
0.55129
0.78965
1.0174
1.2078
1.3503
1.5394
1.6818
1.7577
1.6778
1.5087
1.285
1.0347
0.79231
0.60456
0.58458
0.61521
0.69111
0.67247
0.61121
0.49803
0.38351
0.37285
0.38218
0.3875
0.40614
0.4674
0.50202
0.49669
0.54996
0.63652
0.73639
0.71908
0.66448
0.56727
0.42745
0.34223
0.23969
0.257
0.24369
0.23303
0.22371
0.32092
0.39283
0.35554
0.49137
0.76036
1.0853
1.293
1.5101
1.7404
1.803
1.5873
1.2624
1.0027
0.77634
0.53798
0.32625
0.2863
0.32891
0.26632
0.2317
0.29562
0.51933
0.77367
1
1.2104
1.2158
1.1345
1.056
0.88287
0.62187
0.45009
0.52466
0.60056
0.49803
0.4128
0.40348
0.33823
0.22371
0.16912
0.17577
0.24635
0.35155
0.47006
0.48737
0.44742
0.45541
0.41813
0.34622
0.29296
0.34755
0.46474
0.52999
0.64051
0.69644
0.71908
0.69777
0.61654
0.51134
0.37019
0.31293
0.29695
0.2823
0.32161
0.3682
0.40644
0.39967
0.33221
0.30963
0.28698
0.25358
0.2546
0.29264
0.34604
0.32829
0.33403
0.44228
0.54895
0.62281
0.63675
0.63036
0.61501
0.49192
0.3211
0.18039
0.15236
0.19202
0.23646
0.31492
0.34146
0.35211
0.34571
0.38007
0.44131
0.53798
0.66847
0.75503
0.78299
0.76568
0.68046
0.522
0.38351
0.26233
0.24502
0.2104
0.16645
0.13849
0.12784
0.14382
0.13449
0.18376
0.27565
0.33823
0.36087
0.39017
0.36886
0.33823
0.29029
0.26366
0.28497
0.28097
0.39949
0.55529
0.7537
1.0054
1.1998
1.3676
1.3756
1.273
1.0959
0.89884
0.78033
0.71908
0.71508
0.67247
0.62187
0.60589
0.54463
0.49403
0.4128
0.4128
0.38351
0.34755
0.40481
0.40481
0.42079
0.37419
0.38084
0.35821
0.27565
0.24502
0.27565
0.41547
0.59124
0.7497
0.88287
0.92947
0.8842
0.75769
0.58991
0.44476
0.30095
0.24369
0.25967
0.39017
0.5726
0.73372
0.86156
0.98007
1.0986
1.1439
1.1279
1.0333
0.96276
0.84824
0.74837
0.63652
0.53265
0.50868
0.54863
0.70443
0.92947
1.2304
1.6046
1.9695
2.2411
2.3623
2.305
2.1799
2.0187
1.9562
1.9641
1.9841
2.0787
2.1159
2.1705
2.1319
2.076
2.0507
2.0107
2.0294
1.9881
1.9056
1.7125
1.5607
1.4248
1.3822
1.4355
1.5407
1.7218
1.8257
1.8736
1.7511
1.5766
1.3423
1.0906
0.87621
0.70576
0.63652
0.53132
0.48604
0.48205
0.55529
0.69511
0.84957
1.008
1.1385
1.2118
1.1732
1.004
0.79764
0.59657
0.4634
0.41547
0.40348
0.44742
0.4674
0.43677
0.36551
0.29757
0.23659
0.17649
0.13869
0.13575
0.20301
0.28544
0.39944
0.52455
0.63129
0.76473
0.8579
0.90665
1.0017
1.0478
1.0542
0.99443
0.88056
0.71278
0.52755
0.41583
0.38899
0.40381
0.44211
0.55479
0.56466
0.49974
0.48554
0.50711
0.50113
0.42479
0.37285
0.44876
0.53531
0.63785
0.72307
0.86689
1.028
1.1186
1.0786
0.97342
0.91349
0.86023
0.79098
0.61121
0.49936
0.39549
0.36087
0.37419
0.42878
0.58858
0.72041
0.78699
0.73106
0.63785
0.57659
0.50602
0.40215
0.32225
0.3369
0.31027
0.2823
0.33424
0.44476
0.5433
0.56194
0.54863
0.48338
0.39017
0.35022
0.43011
0.57393
0.80563
1.0107
1.1758
1.265
1.3263
1.4182
1.4821
1.5247
1.4981
1.3436
1.1665
0.99073
0.81096
0.63252
0.45808
0.43677
0.3915
0.30627
0.22371
0.22371
0.32358
0.45142
0.58325
0.6738
0.74837
0.85224
0.98673
1.1013
1.305
1.4888
1.6565
1.7378
1.7644
1.799
1.7591
1.8043
1.8336
1.9175
1.9335
1.8376
1.6912
1.4501
1.2091
0.91482
0.63918
0.43278
0.27565
0.18776
0.16778
0.17444
0.26632
0.39017
0.58325
0.7244
0.78965
0.75237
0.69644
0.76968
0.7537
0.73506
0.66448
0.72573
0.81628
0.85224
0.96276
1.056
1.1585
1.1598
1.0467
0.87488
0.63385
0.522
0.49803
0.56461
0.74571
0.93879
1.1998
1.3929
1.4981
1.4168
1.2371
1.0054
0.71641
0.42745
0.23037
0.2064
0.21972
0.20773
0.18376
0.21306
0.25034
0.40082
0.54863
0.76302
0.91216
0.90284
0.91216
0.9601
1.028
1.1372
1.3103
1.6086
1.7876
1.7598
1.7243
1.5254
1.4222
1.2137
1.1343
1.131
1.2077
1.3887
1.541
1.8243
2.052
2.3137
2.4522
2.5843
2.6163
2.5894
2.4506
2.1669
1.7735
1.3194
0.94119
0.60621
0.49296
0.50003
0.60383
0.71861
0.8564
0.82484
0.76682
0.78699
0.89618
1.0933
1.2104
1.4022
1.4248
1.3489
1.2664
1.1172
1.0879
1.0986
1.2051
1.2238
1.1998
1.1252
0.94146
0.81096
0.73506
0.75103
0.76968
0.74438
0.69377
0.73772
0.7031
0.6192
0.52333
0.48072
0.55662
0.54197
0.57659
0.70043
0.82827
0.97075
1.0666
1.1013
1.0853
0.9854
0.86555
0.81362
0.76435
0.76968
0.81096
0.92281
1.1279
1.3689
1.558
1.6459
1.6472
1.5527
1.3449
1.1106
0.96942
0.99206
1.0666
1.1918
1.3396
1.4808
1.5593
1.5247
1.5473
1.526
1.5567
1.4595
1.3276
1.2158
1.1132
1.0999
1.1359
1.3077
1.4808
1.5141
1.3556
1.1545
0.94279
0.77234
0.65915
0.6991
0.85623
0.96676
1.0027
0.88287
0.74571
0.64051
0.57926
0.56194
0.62453
0.79631
1.0174
1.2011
1.333
1.4488
1.4581
1.3902
1.2118
0.98007
0.82694
0.71508
0.7284
0.76435
0.82028
0.83493
0.74038
0.67247
0.53398
0.44609
0.38617
0.4634
0.59657
0.69511
0.77367
0.78433
0.78832
0.73506
0.66048
0.5473
0.49004
0.49004
0.47273
0.4128
0.37552
0.37019
0.40614
0.43278
0.53265
0.72307
0.92415
1.1452
1.2584
1.3915
1.4608
1.4475
1.4075
1.293
1.2251
1.0666
0.87887
0.71109
0.56061
0.4634
0.37285
0.35554
0.47006
0.65516
0.87088
1.0735
1.2325
1.3758
1.3978
1.3511
1.26
1.1637
1.0813
0.97043
0.90101
0.90164
0.90866
0.85916
0.78466
0.68109
0.57703
0.45921
0.35009
0.32091
0.34534
0.37219
0.3989
0.38246
0.34482
0.31609
0.23259
0.18448
0.16172
0.12031
0.12436
0.081725
0.13316
0.17444
0.17844
0.21839
0.261
0.37685
0.39949
0.46474
0.51401
0.48871
0.48338
0.4674
0.54064
0.55662
0.63518
0.73106
0.73506
0.65383
0.522
0.51267
0.49137
0.58858
0.68312
0.79231
0.779
0.66847
0.55795
0.42346
0.36886
0.35421
0.4421
0.58192
0.66448
0.70975
0.73239
0.78832
0.8549
0.87754
0.89085
0.81229
0.73372
0.59523
0.42079
0.29562
0.28896
0.3662
0.40481
0.42745
0.43944
0.48604
0.44876
0.41147
0.36087
0.30894
0.35554
0.36087
0.45142
0.56993
0.85091
1.2983
1.815
2.3729
2.867
3.3117
3.65
3.7472
3.6287
3.3876
3.0641
2.6979
2.2571
1.843
1.5007
1.1772
0.97475
0.90683
0.96942
1.1692
1.3702
1.5607
1.6472
1.6485
1.5753
1.4848
1.4821
1.5886
1.795
2.0028
2.1452
2.1506
1.9548
1.5966
1.2131
0.84425
0.56993
0.37152
0.30627
0.34755
0.36486
0.3662
0.3875
0.42079
0.51534
0.60456
0.67114
0.77101
0.76302
0.76435
0.68978
0.57659
0.45009
0.37152
0.45275
0.59657
0.68046
0.70975
0.76036
0.80696
0.75902
0.60056
0.48871
0.52865
0.58591
0.6232
0.65649
0.74571
0.82028
0.81495
0.82827
0.8549
0.84691
0.77634
0.69644
0.5979
0.50602
0.40881
0.41413
0.51534
0.68845
0.8296
0.9095
0.87887
0.78299
0.66048
0.56624
0.56545
0.66747
0.81792
0.95743
1.085
1.1202
1.1641
1.1443
1.1363
1.1286
1.1136
1.1565
1.1233
1.1117
1.119
1.1941
1.257
1.2591
1.2416
1.145
0.99474
0.78706
0.58428
0.4212
0.29375
0.20994
0.19256
0.13918
0.16306
0.16313
0.15846
0.17311
0.17178
0.19442
0.14781
0.19175
0.29163
0.38351
0.4128
0.45275
0.49803
0.48205
0.49669
0.4634
0.50602
0.56328
0.62853
0.65249
0.54596
0.52865
0.49803
0.44742
0.42878
0.56194
0.93746
1.313
1.6432
1.9282
2.1253
2.2771
2.3037
2.309
2.3463
2.3743
2.333
2.1812
1.9162
1.6059
1.2717
0.95211
0.68845
0.52066
0.49803
0.58858
0.73372
0.92281
1.1146
1.1305
1.0373
0.92548
0.85224
0.81895
0.82827
0.91616
1.0626
1.1971
1.3476
1.4954
1.6525
1.7391
1.7165
1.6379
1.4608
1.261
1.02
0.86023
0.74171
0.59257
0.47672
0.33424
0.22371
0.14648
0.14648
0.17577
0.14781
0.1811
0.28497
0.32758
0.31826
0.27698
0.26632
0.20773
0.10919
0.091882
0.11319
0.20374
0.26366
0.27032
0.29828
0.39549
0.52732
0.68978
0.91482
1.2424
1.5447
1.7418
1.8936
2.0014
2.1612
2.2611
2.3437
2.3916
2.4129
2.3929
2.2172
2.0454
1.815
1.5806
1.3196
0.98673
0.72174
0.47273
0.29163
0.21306
0.15979
0.2317
0.261
0.29163
0.30095
0.25434
0.25301
0.18909
0.19708
0.21572
0.22238
0.23037
0.24102
0.33424
0.46474
0.67913
1.0067
1.3476
1.6472
1.8057
1.9255
1.9348
1.8336
1.6632
1.4208
1.2291
1.0427
0.84292
0.64717
0.4674
0.3961
0.42105
0.40511
0.42604
0.47435
0.55609
0.61882
0.52479
0.45282
0.38586
0.32373
0.32698
0.32091
0.48864
0.58465
0.68616
0.68742
0.62782
0.62519
0.60594
0.73316
0.84646
1.0555
1.2698
1.426
1.4916
1.4015
1.3171
1.2255
1.1506
0.97926
0.76701
0.6445
0.58991
0.64584
0.7537
0.93879
1.1385
1.1505
1.064
0.88952
0.65516
0.44476
0.30894
0.29961
0.32092
0.32625
0.32891
0.29828
0.27298
0.261
0.24236
0.22504
0.21439
0.22504
0.19175
0.17577
0.1851
0.21839
0.33956
0.52066
0.76835
0.9601
1.0493
1.052
0.91482
0.76169
0.58858
0.55662
0.64184
0.82561
0.99206
1.1186
1.2144
1.1825
1.1146
1.0027
0.91749
0.83892
0.74438
0.66448
0.58725
0.46074
0.40614
0.36486
0.32891
0.33024
0.26632
0.25567
0.22771
0.16113
0.13716
0.16379
0.26766
0.36486
0.49004
0.60056
0.71242
0.76701
0.79231
0.8802
0.89884
0.98141
0.99339
1.0227
1.0267
0.9601
0.88952
0.78699
0.73372
0.69111
0.6738
0.71375
0.81495
0.89485
1.004
1.0147
0.96143
0.80829
0.62986
0.49536
0.35687
0.26899
0.22638
0.24635
0.30228
0.33823
0.33557
0.35288
0.39815
0.42745
0.38351
0.34223
0.31959
0.25833
0.20906
0.14914
0.18243
0.22238
0.23836
0.27165
0.29029
0.31559
0.24768
0.2104
0.27964
0.42612
0.55129
0.62453
0.71375
0.77367
0.73905
0.66448
0.55395
0.52865
0.53798
0.63918
0.72973
0.76169
0.78699
0.775
0.76835
0.74571
0.82427
0.88819
1.0613
1.2171
1.4062
1.5141
1.5513
1.6126
1.6525
1.7418
1.799
1.8416
1.9256
2.0697
2.255
2.3902
2.4398
2.3939
2.2477
2.0641
1.7689
1.4821
1.2054
1.0671
0.89565
0.7544
0.57446
0.46313
0.41014
0.28966
0.24549
0.22089
0.28284
0.35317
0.50725
0.71174
0.9112
1.0167
1.1297
1.2025
1.2066
1.1596
1.1293
1.1345
1.0893
0.92681
0.72973
0.61787
0.5473
0.50202
0.47672
0.57659
0.68845
0.85357
0.98141
1.1425
1.3902
1.6991
2.084
2.4329
2.7764
3.0947
3.3157
3.4236
3.3544
3.1253
2.8031
2.4515
2.1279
1.8643
1.6525
1.5567
1.5287
1.4941
1.4328
1.3756
1.3849
1.4515
1.4848
1.4661
1.3409
1.342
1.3077
1.0908
