0.86947
0.87276
0.87656
0.88087
0.8857
0.89104
0.8969
0.90327
0.91015
0.91754
0.92543
0.93383
0.94271
0.95207
0.9619
0.97219
0.98292
0.99407
1.0056
1.0176
1.0299
1.0425
1.0555
1.0687
1.0822
1.0959
1.1098
1.1239
1.138
1.1522
1.1664
1.1806
1.1948
1.2088
1.2226
1.2362
1.2495
1.2626
1.2752
1.2874
1.2992
1.3104
1.321
1.3311
1.3404
1.3491
1.357
1.3641
1.3704
1.3758
1.3803
1.3839
1.3866
1.3883
1.3891
1.3889
1.3876
1.3854
1.3823
1.3781
1.3729
1.3668
1.3598
1.3519
1.343
1.3333
1.3228
1.3115
1.2995
1.2867
1.2733
1.2593
1.2447
1.2296
1.214
1.198
1.1817
1.165
1.1481
1.131
1.1137
1.0963
1.0788
1.0613
1.0439
1.0265
1.0092
0.99209
0.97515
0.95844
0.94198
0.9258
0.90993
0.89439
0.87921
0.8644
0.84998
0.83598
0.82239
0.80923
0.79652
0.78426
0.77245
0.76111
0.75022
0.7398
0.72985
0.72037
0.71134
0.70278
0.69469
0.68704
0.67985
0.67311
0.66681
0.66095
0.65552
0.65052
0.64594
0.64178
0.63803
0.63469
0.63175
0.62921
0.62707
0.62531
0.62393
0.62293
0.62231
0.62207
0.62219
0.62268
0.62354
0.62476
0.62634
0.62828
0.63058
0.63324
0.63625
0.63962
0.64334
0.64743
0.65186
0.65666
0.66181
0.66732
0.67318
0.6794
0.68598
0.69291
0.70021
0.70785
0.71585
0.72421
0.73291
0.74197
0.75137
0.7611
0.77118
0.78158
0.79231
0.80334
0.81469
0.82633
0.83824
0.85043
0.86287
0.87555
0.88844
0.90153
0.91479
0.9282
0.94174
0.95538
0.96908
0.98282
0.99656
1.0103
1.0239
1.0374
1.0508
1.064
1.0769
1.0896
1.1019
1.1139
1.1255
1.1366
1.1472
1.1572
1.1666
1.1754
1.1835
1.1909
1.1975
1.2032
1.2081
1.2122
1.2153
1.2175
1.2187
1.2189
1.2182
1.2164
1.2136
1.2097
1.2049
1.199
1.1922
1.1843
1.1755
1.1657
1.155
1.1434
1.131
1.1178
1.1039
1.0893
1.074
1.0581
1.0417
1.0248
1.0075
0.98992
0.97201
0.95389
0.93562
0.91726
0.89887
0.88051
0.86225
0.84413
0.82621
0.80854
0.79118
0.77416
0.75753
0.74132
0.72558
0.71033
0.6956
0.68142
0.6678
0.65478
0.64236
0.63057
0.6194
0.60888
0.599
0.58977
0.5812
0.57329
0.56603
0.55944
0.55349
0.5482
0.54356
0.53957
0.53622
0.5335
0.53141
0.52995
0.5291
0.52887
0.52924
0.53021
0.53177
0.5339
0.53661
0.53988
0.54371
0.54807
0.55295
0.55835
0.56425
0.57062
0.57746
0.58474
0.59243
0.60053
0.60899
0.61779
0.62691
0.6363
0.64594
0.65578
0.6658
0.67594
0.68616
0.69643
0.70669
0.7169
0.72701
0.73697
0.74673
0.75625
0.76547
0.77435
0.78284
0.79089
0.79847
0.80554
0.81204
0.81796
0.82325
0.8279
0.83187
0.83514
0.83771
0.83956
0.84067
0.84106
0.84073
0.83967
0.8379
0.83544
0.83232
0.82854
0.82414
0.81915
0.81361
0.80755
0.80101
0.79404
0.78667
0.77895
0.77092
0.76264
0.75414
0.74548
0.7367
0.72785
0.71896
0.71009
0.70126
0.69253
0.68394
0.67551
0.66728
0.65929
0.65156
0.64413
0.63702
0.63025
0.62385
0.61784
0.61223
0.60705
0.6023
0.59801
0.59419
0.59084
0.58799
0.58562
0.58376
0.58241
0.58158
0.58127
0.58148
0.58222
0.58349
0.5853
0.58763
0.5905
0.59391
0.59784
0.6023
0.60729
0.6128
0.61883
0.62536
0.6324
0.63992
0.64793
0.65641
0.66534
0.67472
0.68452
0.69473
0.70532
0.71628
0.72759
0.7392
0.75111
0.76329
0.77569
0.7883
0.80108
0.81399
0.82701
0.84009
0.85321
0.86633
0.8794
0.8924
0.90529
0.91804
0.93061
0.94297
0.9551
0.96695
0.9785
0.98973
1.0006
1.0111
1.0213
1.031
1.0404
1.0493
1.0577
1.0658
1.0734
1.0806
1.0874
1.0937
1.0996
1.1051
1.1103
1.1151
1.1195
1.1236
1.1274
1.1309
1.1341
1.1371
1.1399
1.1424
1.1448
1.1471
1.1493
1.1513
1.1533
1.1552
1.1571
1.159
1.1609
1.1628
1.1648
1.1668
1.1689
1.1711
1.1733
1.1756
1.178
1.1805
1.1831
1.1858
1.1886
1.1914
1.1943
1.1972
1.2002
1.2031
1.2061
1.209
1.2119
1.2147
1.2174
1.22
1.2224
1.2246
1.2265
1.2282
1.2296
1.2307
1.2314
1.2318
1.2316
1.2311
1.23
1.2284
1.2263
1.2236
1.2203
1.2163
1.2118
1.2065
1.2006
1.194
1.1868
1.1788
1.1702
1.1608
1.1508
1.1401
1.1288
1.1169
1.1043
1.0912
1.0775
1.0633
1.0487
1.0336
1.0181
1.0022
0.986
0.96954
0.95286
0.936
0.91901
0.90194
0.88483
0.86774
0.85069
0.83375
0.81694
0.80031
0.7839
0.76775
0.75188
0.73634
0.72114
0.70632
0.69189
0.67789
0.66433
0.65122
0.63859
0.62644
0.61478
0.60363
0.59298
0.58284
0.57322
0.56411
0.55552
0.54744
0.53987
0.53281
0.52624
0.52018
0.5146
0.50951
0.5049
0.50075
0.49706
0.49383
0.49103
0.48867
0.48673
0.48521
0.48409
0.48336
0.48302
0.48305
0.48344
0.48418
0.48526
0.48666
0.48838
0.49041
0.49272
0.49531
0.49817
0.50127
0.50461
0.50818
0.51195
0.51591
0.52006
0.52436
0.52882
0.5334
0.53811
0.54292
0.54781
0.55278
0.55781
0.56288
0.56798
0.5731
0.57822
0.58334
0.58843
0.5935
0.59853
0.60351
0.60844
0.6133
0.61811
0.62284
0.6275
0.63209
0.6366
0.64105
0.64542
0.64973
0.65398
0.65817
0.66232
0.66643
0.67051
0.67456
0.67862
0.68267
0.68675
0.69085
0.695
0.6992
0.70349
0.70786
0.71233
0.71693
0.72166
0.72654
0.73159
0.73682
0.74225
0.74789
0.75375
0.75985
0.76619
0.7728
0.77968
0.78685
0.7943
0.80205
0.8101
0.81846
0.82714
0.83613
0.84543
0.85505
0.86497
0.8752
0.88573
0.89655
0.90764
0.919
0.9306
0.94244
0.95448
0.96672
0.97911
0.99165
1.0043
1.017
1.0298
1.0425
1.0553
1.0679
1.0805
1.0929
1.1051
1.1171
1.1288
1.1401
1.1511
1.1617
1.1718
1.1814
1.1904
1.1989
1.2067
1.2139
1.2203
1.226
1.231
1.2351
1.2384
1.2409
1.2425
1.2433
1.2432
1.2422
1.2403
1.2375
1.2339
1.2295
1.2242
1.218
1.2111
1.2035
1.1951
1.1861
1.1764
1.1661
1.1552
1.1439
1.1321
1.1199
1.1073
1.0945
1.0814
1.0681
1.0548
1.0413
1.0279
1.0145
1.0012
0.988
0.97504
0.96234
0.94993
0.93787
0.92619
0.91495
0.90417
0.89391
0.88419
0.87504
0.86651
0.85862
0.8514
0.84488
0.83908
0.83404
0.82977
0.82629
0.82363
0.82182
0.82087
0.8208
0.82164
0.82341
0.82612
0.82979
0.83446
0.84014
0.84684
0.8546
0.86342
0.87335
0.88438
0.89655
0.90987
0.92436
0.94004
0.95693
0.97504
0.99438
1.015
1.0368
1.0599
1.0843
1.1099
1.1367
1.1648
1.1941
1.2246
1.2562
1.289
1.3229
1.3578
1.3936
1.4304
1.468
1.5064
1.5455
1.5852
1.6253
1.6658
1.7066
1.7476
1.7886
1.8296
1.8703
1.9107
1.9506
1.9899
2.0285
2.0663
2.103
2.1387
2.1731
2.2062
2.2378
2.2678
2.2961
2.3226
2.3473
2.37
2.3907
2.4093
2.4257
2.4398
2.4518
2.4614
2.4686
2.4736
2.4762
2.4764
2.4743
2.4699
2.4632
2.4542
2.443
2.4297
2.4143
2.3968
2.3774
2.3561
2.333
2.3082
2.2818
2.254
2.2248
2.1943
2.1626
2.1299
2.0963
2.0619
2.0268
1.9912
1.9551
1.9187
1.8821
1.8454
1.8087
1.7721
1.7358
1.6997
1.6641
1.6289
1.5944
1.5604
1.5272
1.4947
1.4631
1.4323
1.4025
1.3736
1.3458
1.3189
1.2931
1.2683
1.2447
1.222
1.2005
1.1801
1.1607
1.1424
1.1252
1.109
1.0939
1.0798
1.0667
1.0546
1.0434
1.0332
1.0239
1.0154
1.0079
1.0012
0.99526
0.99013
0.98575
0.9821
0.97913
0.97683
0.97515
0.97407
0.97355
0.97356
0.97407
0.97503
0.97642
0.97819
0.98032
0.98276
0.98548
0.98844
0.9916
0.99492
0.99838
1.0019
1.0055
1.0091
1.0127
1.0163
1.0197
1.0231
1.0262
1.0292
1.032
1.0346
1.0369
1.0389
1.0406
1.042
1.043
1.0437
1.044
1.044
1.0435
1.0427
1.0416
1.04
1.0381
1.0358
1.0331
1.0301
1.0268
1.0232
1.0193
1.015
1.0106
1.0059
1.0009
0.99584
0.99056
0.98514
0.9796
0.97396
0.96826
0.96251
0.95674
0.95097
0.94522
0.93952
0.93388
0.92833
0.92288
0.91755
0.91236
0.90731
0.90243
0.89772
0.8932
0.88887
0.88474
0.88081
0.87709
0.87357
0.87027
0.86718
0.86429
0.86161
0.85912
0.85682
0.85471
0.85277
0.85099
0.84936
0.84787
0.8465
0.84524
0.84407
0.84298
0.84195
0.84095
0.83998
0.83902
0.83803
0.83702
0.83594
0.8348
0.83356
0.83221
0.83073
0.8291
0.82731
0.82534
0.82318
0.82081
0.81823
0.81541
0.81236
0.80906
0.8055
0.80169
0.79763
0.7933
0.78871
0.78387
0.77879
0.77346
0.76789
0.7621
0.75611
0.74991
0.74353
0.73699
0.7303
0.72347
0.71654
0.70952
0.70243
0.6953
0.68814
0.68098
0.67384
0.66674
0.65971
0.65277
0.64594
0.63923
0.63268
0.6263
0.62011
0.61414
0.60838
0.60287
0.59762
0.59265
0.58796
0.58358
0.57951
0.57576
0.57235
0.56929
0.56658
0.56423
0.56226
0.56065
0.55943
0.5586
0.55815
0.5581
0.55844
0.55918
0.56032
0.56185
0.56378
0.56611
0.56882
0.57193
0.57542
0.57929
0.58353
0.58814
0.5931
0.59842
0.60406
0.61003
0.61631
0.62288
0.62972
0.63683
0.64418
0.65174
0.65951
0.66744
0.67552
0.68373
0.69203
0.70039
0.70879
0.7172
0.72558
0.7339
0.74214
0.75025
0.75821
0.76598
0.77353
0.78084
0.78787
0.79459
0.80098
0.807
0.81264
0.81787
0.82267
0.82703
0.83092
0.83434
0.83727
0.83971
0.84165
0.84309
0.84403
0.84448
0.84443
0.84391
0.84291
0.84146
0.83957
0.83726
0.83455
0.83147
0.82803
0.82427
0.8202
0.81587
0.8113
0.80652
0.80156
0.79645
0.79123
0.78592
0.78055
0.77517
0.76979
0.76445
0.75918
0.754
0.74894
0.74404
0.73931
0.73478
0.73047
0.72641
0.72262
0.71911
0.71592
0.71304
0.71052
0.70834
0.70655
0.70514
0.70413
0.70353
0.70336
0.70362
0.70433
0.70549
0.70711
0.7092
0.71177
0.71481
0.71834
0.72236
0.72687
0.73187
0.73736
0.74336
0.74984
0.75682
0.76428
0.77223
0.78066
0.78956
0.79892
0.80873
0.81898
0.82966
0.84075
0.85224
0.8641
0.87631
0.88886
0.90172
0.91486
0.92825
0.94186
0.95566
0.96962
0.9837
0.99786
1.0121
1.0263
1.0404
1.0545
1.0685
1.0823
1.0959
1.1092
1.1222
1.1348
1.1471
1.159
1.1703
1.1812
1.1914
1.2011
1.2102
1.2186
1.2263
1.2332
1.2394
1.2449
1.2495
1.2534
1.2564
1.2586
1.26
1.2605
1.2602
1.259
1.2571
1.2543
1.2507
1.2464
1.2413
1.2355
1.2289
1.2217
1.2138
1.2053
1.1963
1.1867
1.1766
1.166
1.1551
1.1437
1.132
1.12
1.1077
1.0953
1.0826
1.0698
1.0569
1.044
1.031
1.0181
1.0052
0.99241
0.97972
0.96717
0.95479
0.94261
0.93066
0.91895
0.90752
0.89637
0.88552
0.875
0.86481
0.85497
0.8455
0.83639
0.82766
0.81933
0.81138
0.80384
0.7967
0.78997
0.78364
0.77773
0.77223
0.76714
0.76247
0.7582
0.75434
0.75089
0.74784
0.7452
0.74295
0.74109
0.73963
0.73855
0.73785
0.73753
0.73757
0.73799
0.73876
0.73989
0.74136
0.74318
0.74533
0.74781
0.75061
0.75373
0.75715
0.76087
0.76488
0.76917
0.77373
0.77856
0.78364
0.78897
0.79453
0.80031
0.8063
0.81249
0.81888
0.82543
0.83216
0.83903
0.84604
0.85317
0.86041
0.86775
0.87517
0.88266
0.8902
0.89777
0.90536
0.91296
0.92055
0.92812
0.93564
0.94311
0.95051
0.95782
0.96503
0.97212
0.97909
0.98591
0.99258
0.99908
1.0054
1.0115
1.0175
1.0232
1.0287
1.0339
1.0389
1.0437
1.0483
1.0525
1.0565
1.0603
1.0637
1.0669
1.0699
1.0725
1.0749
1.077
1.0788
1.0804
1.0817
1.0827
1.0835
1.084
1.0842
1.0842
1.084
1.0835
1.0828
1.0819
1.0807
1.0794
1.0778
1.076
1.0741
1.0719
1.0696
1.0671
1.0644
1.0616
1.0586
1.0555
1.0522
1.0487
1.0452
1.0415
1.0377
1.0337
1.0297
1.0255
1.0213
1.0169
1.0125
1.0079
1.0032
0.9985
0.99367
0.98876
0.98378
0.97872
0.97358
0.96838
0.96311
0.95777
0.95237
0.94692
0.9414
0.93584
0.93022
0.92456
0.91885
0.91311
0.90732
0.9015
0.89564
0.88976
0.88385
0.87791
0.87196
0.86599
0.86
0.85401
0.848
0.84199
0.83599
0.82998
0.82398
0.81798
0.812
0.80603
0.80008
0.79415
0.78824
0.78236
0.7765
0.77068
0.76489
0.75914
0.75342
0.74775
0.74212
0.73653
0.73099
0.72551
0.72007
0.71469
0.70937
0.7041
0.6989
0.69375
0.68867
0.68366
0.67872
0.67384
0.66904
0.66431
0.65966
0.65508
0.65058
0.64617
0.64184
0.63759
0.63343
0.62936
0.62538
0.6215
0.61771
0.61402
0.61043
0.60695
0.60357
0.6003
0.59714
0.59409
0.59116
0.58835
0.58566
0.5831
0.58066
0.57836
0.57619
0.57415
0.57226
0.57051
0.56891
0.56746
0.56616
0.56502
0.56405
0.56323
0.56259
0.56212
0.56182
0.5617
0.56177
0.56202
0.56246
0.5631
0.56394
0.56497
0.56621
0.56766
0.56931
0.57119
0.57327
0.57558
0.57811
0.58087
0.58385
0.58706
0.5905
0.59417
0.59807
0.60221
0.60657
0.61117
0.616
0.62106
0.62634
0.63184
0.63756
0.6435
0.64965
0.65599
0.66254
0.66926
0.67617
0.68324
0.69046
0.69783
0.70532
0.71293
0.72064
0.72842
0.73627
0.74416
0.75207
0.75998
0.76787
0.77571
0.78348
0.79115
0.7987
0.80611
0.81334
0.82037
0.82717
0.83371
0.83997
0.84592
0.85153
0.85679
0.86166
0.86612
0.87015
0.87373
0.87684
0.87947
0.88159
0.8832
0.88428
0.88483
0.88483
0.8843
0.88322
0.88159
0.87943
0.87673
0.87351
0.86979
0.86556
0.86085
0.85569
0.85008
0.84406
0.83765
0.83087
0.82376
0.81634
0.80864
0.8007
0.79255
0.78422
0.77575
0.76716
0.75849
0.7498
0.74113
0.73249
0.72391
0.71541
0.70704
0.69881
0.69074
0.68288
0.67523
0.66783
0.66068
0.65383
0.64727
0.64103
0.63513
0.62958
0.62439
0.61958
0.61516
0.61113
0.60751
0.60432
0.60154
0.5992
0.59729
0.59583
0.59482
0.59426
0.59415
0.59451
0.59533
0.59661
0.59836
0.60058
0.60326
0.60641
0.61002
0.6141
0.61864
0.62363
0.62908
0.63497
0.64131
0.64807
0.65526
0.66287
0.67087
0.67926
0.68803
0.69714
0.7066
0.71637
0.72643
0.73676
0.74733
0.75811
0.76907
0.78018
0.79141
0.80271
0.81404
0.82537
0.83665
0.84785
0.8589
0.86978
0.88042
0.89079
0.90084
0.91052
0.91977
0.92857
0.93685
0.94458
0.95171
0.95821
0.96403
0.96914
0.97352
0.97712
0.97993
0.98193
0.98309
0.98341
0.98288
0.9815
0.97926
0.97617
0.97224
0.96748
0.96192
0.95558
0.94849
0.94067
0.93216
0.923
0.91323
0.9029
0.89204
0.88072
0.86897
0.85686
0.84442
0.83171
0.81879
0.8057
0.7925
0.77924
0.76596
0.7527
0.73953
0.72647
0.71357
0.70087
0.6884
0.67619
0.66429
0.65271
0.64147
0.63062
0.62016
0.61011
0.60049
0.59131
0.58259
0.57434
0.56656
0.55926
0.55246
0.54614
0.54032
0.535
0.53017
0.52585
0.52203
0.5187
0.51588
0.51355
0.51172
0.51039
0.50954
0.50919
0.50933
0.50996
0.51107
0.51267
0.51475
0.51732
0.52036
0.52388
0.52788
0.53235
0.5373
0.54273
0.54862
0.55499
0.56182
0.56913
0.5769
0.58513
0.59382
0.60298
0.61259
0.62265
0.63316
0.64411
0.65551
0.66734
0.6796
0.69228
0.70538
0.71888
0.73278
0.74707
0.76173
0.77677
0.79216
0.80789
0.82394
0.84031
0.85698
0.87392
0.89113
0.90858
0.92626
0.94414
0.9622
0.98042
0.99877
1.0172
1.0358
1.0544
1.073
1.0917
1.1103
1.1289
1.1474
1.1658
1.184
1.2021
1.2201
1.2379
1.2554
1.2728
1.2899
1.3067
1.3232
1.3394
1.3552
1.3707
1.3857
1.4003
1.4145
1.4282
1.4414
1.4541
1.4662
1.4778
1.4888
1.4992
1.509
1.5182
1.5268
1.5346
1.5419
1.5484
1.5543
1.5594
1.5639
1.5677
1.5707
1.5731
1.5747
1.5756
1.5758
1.5753
1.5741
1.5722
1.5696
1.5664
1.5625
1.5579
1.5527
1.5469
1.5405
1.5335
1.5259
1.5178
1.5091
1.5
1.4903
1.4803
1.4698
1.4588
1.4476
1.4359
1.424
1.4118
1.3993
1.3865
1.3736
1.3605
1.3473
1.3339
1.3204
1.3069
1.2934
1.2798
1.2663
1.2528
1.2394
1.2261
1.2129
1.1998
1.1869
1.1742
1.1617
1.1495
1.1374
1.1257
1.1142
1.1029
1.092
1.0814
1.0711
1.0612
1.0516
1.0423
1.0334
1.0248
1.0167
1.0088
1.0014
0.99429
0.98757
0.98122
0.97523
0.96961
0.96435
0.95945
0.9549
0.95069
0.94681
0.94327
0.94005
0.93715
0.93455
0.93224
0.93022
0.92847
0.92698
0.92573
0.92473
0.92394
0.92337
0.92299
0.92279
0.92275
0.92287
0.92313
0.92351
0.92399
0.92457
0.92523
0.92594
0.92671
0.92751
0.92833
0.92916
0.92998
0.93078
0.93155
0.93227
0.93294
0.93355
0.93408
0.93452
0.93488
0.93514
0.9353
0.93535
0.93529
0.93511
0.93482
0.93441
0.93388
0.93323
0.93248
0.9316
0.93063
0.92955
0.92837
0.92711
0.92577
0.92435
0.92287
0.92133
0.91975
0.91814
0.91651
0.91487
0.91323
0.91161
0.91002
0.90847
0.90697
0.90554
0.9042
0.90295
0.90181
0.90079
0.8999
0.89916
0.89858
0.89818
0.89795
0.89792
0.89809
0.89848
0.89909
0.89994
0.90102
0.90236
0.90396
0.90582
0.90795
0.91036
0.91305
0.91602
0.91928
0.92283
0.92667
0.9308
0.93522
0.93993
0.94493
0.95021
0.95577
0.96161
0.96772
0.97409
0.98071
0.98757
0.99467
1.002
1.0095
1.0173
1.0252
1.0332
1.0415
1.0498
1.0583
1.0669
1.0755
1.0842
1.0929
1.1016
1.1104
1.119
1.1276
1.1362
1.1446
1.1528
1.1609
1.1689
1.1766
1.184
1.1912
1.1981
1.2047
1.2109
1.2168
1.2223
1.2274
1.232
1.2362
1.24
1.2432
1.246
1.2482
1.2499
1.2511
1.2517
1.2518
1.2513
1.2502
1.2486
1.2463
1.2435
1.2401
1.2361
1.2315
1.2264
1.2207
1.2144
1.2076
1.2003
1.1924
1.184
1.1751
1.1657
1.1559
1.1456
1.1349
1.1237
1.1122
1.1003
1.0881
1.0755
1.0627
1.0495
1.0361
1.0225
1.0087
0.99473
0.98059
0.96631
0.95194
0.93749
0.92298
0.90845
0.8939
0.87938
0.86489
0.85047
0.83613
0.8219
0.80779
0.79382
0.78001
0.76639
0.75296
0.73975
0.72676
0.71402
0.70153
0.68931
0.67736
0.66571
0.65436
0.64332
0.63259
0.62219
0.61211
0.60238
0.59299
0.58394
0.57524
0.5669
0.55891
0.55128
0.54401
0.53711
0.53056
0.52439
0.51857
0.51313
0.50804
0.50333
0.49898
0.495
0.49138
0.48813
0.48525
0.48273
0.48058
0.4788
0.47739
0.47634
0.47567
0.47537
0.47544
0.47589
0.47671
0.47791
0.4795
0.48146
0.48382
0.48656
0.4897
0.49323
0.49716
0.50149
0.50624
0.51139
0.51695
0.52294
0.52934
0.53617
0.54343
0.55112
0.55924
0.5678
0.57679
0.58622
0.59609
0.60639
0.61713
0.6283
0.6399
0.65192
0.66436
0.67721
0.69045
0.70409
0.7181
0.73248
0.74719
0.76224
0.77759
0.79323
0.80912
0.82525
0.84158
0.85808
0.87473
0.89148
0.9083
0.92516
0.942
0.9588
0.9755
0.99207
1.0085
1.0246
1.0405
1.0561
1.0713
1.0861
1.1005
1.1143
1.1277
1.1404
1.1525
1.164
1.1748
1.1848
1.1941
1.2026
1.2103
1.2171
1.2231
1.2283
1.2326
1.2359
1.2384
1.2401
1.2408
1.2406
1.2396
1.2378
1.2351
1.2315
1.2272
1.2222
1.2164
1.2099
1.2027
1.1949
1.1865
1.1776
1.1681
1.1582
1.1479
1.1371
1.126
1.1147
1.1031
1.0912
1.0792
1.0671
1.0549
1.0426
1.0303
1.0181
1.0059
0.99385
0.9819
0.97011
0.9585
0.94711
0.93596
0.92507
0.91446
0.90416
0.89417
0.88452
0.87522
0.86628
0.85772
0.84954
0.84176
0.83438
0.82741
0.82085
0.81472
0.809
0.80372
0.79886
0.79443
0.79043
0.78687
0.78375
0.78105
0.77879
0.77696
0.77557
0.77461
0.77407
0.77397
0.7743
0.77505
0.77623
0.77783
0.77986
0.78231
0.78518
0.78847
0.79217
0.79629
0.80083
0.80578
0.81114
0.81691
0.82308
0.82966
0.83664
0.84401
0.85178
0.85994
0.86848
0.87741
0.8867
0.89637
0.9064
0.91677
0.9275
0.93855
0.94993
0.96163
0.97362
0.9859
0.99844
1.0112
1.0243
1.0375
1.051
1.0646
1.0784
1.0924
1.1064
1.1205
1.1347
1.1489
1.1631
1.1773
1.1914
1.2054
1.2193
1.2331
1.2466
1.26
1.2731
1.2859
1.2984
1.3105
1.3223
1.3337
1.3447
1.3552
1.3652
1.3747
1.3837
1.3921
1.4
1.4072
1.4139
1.42
1.4254
1.4302
1.4344
1.438
1.4409
1.4431
1.4448
1.4458
1.4463
1.4461
1.4453
1.444
1.4421
1.4397
1.4368
1.4335
1.4296
1.4254
1.4207
1.4156
1.4103
1.4046
1.3986
1.3923
1.3859
1.3792
1.3724
1.3655
1.3584
1.3513
1.3442
1.337
1.3298
1.3227
1.3157
1.3087
1.3018
1.2951
1.2884
1.282
1.2757
1.2697
1.2638
1.2581
1.2527
1.2475
1.2426
1.2379
1.2335
1.2293
1.2254
1.2217
1.2183
1.2152
1.2123
1.2097
1.2073
1.2051
1.2032
1.2015
1.2
1.1987
1.1976
1.1967
1.1959
1.1953
1.1948
1.1945
1.1943
1.1941
1.194
1.194
1.1941
1.1941
1.1942
1.1942
1.1943
1.1943
1.1942
1.1941
1.1939
1.1935
1.1931
1.1925
1.1917
1.1908
1.1897
1.1884
1.1869
1.1852
1.1833
1.1811
1.1787
1.176
1.1731
1.1699
1.1665
1.1628
1.1588
1.1545
1.15
1.1452
1.1401
1.1348
1.1292
1.1234
1.1173
1.111
1.1045
1.0978
1.0909
1.0838
1.0765
1.0691
1.0615
1.0538
1.046
1.0381
1.0301
1.0221
1.014
1.006
0.99788
0.98982
0.98181
0.97384
0.96595
0.95815
0.95046
0.9429
0.93548
0.92822
0.92113
0.91424
0.90754
0.90107
0.89482
0.88882
0.88307
0.87758
0.87237
0.86744
0.8628
0.85845
0.85441
0.85068
0.84726
0.84416
0.84137
0.8389
0.83676
0.83493
0.83342
0.83223
0.83134
0.83077
0.8305
0.83052
0.83084
0.83143
0.83229
0.83342
0.83479
0.83639
0.83822
0.84026
0.84248
0.84488
0.84744
0.85013
0.85294
0.85585
0.85883
0.86186
0.86493
0.86799
0.87104
0.87405
0.87698
0.87982
0.88254
0.88511
0.88751
0.8897
0.89168
0.8934
0.89486
0.89601
0.89685
0.89735
0.89749
0.89725
0.89662
0.89558
0.89411
0.89222
0.88988
0.88709
0.88384
0.88014
0.87599
0.87138
0.86632
0.86082
0.85489
0.84853
0.84177
0.83462
0.8271
0.81922
0.81102
0.8025
0.7937
0.78465
0.77537
0.76588
0.75622
0.74642
0.7365
0.7265
0.71644
0.70635
0.69627
0.68622
0.67623
0.66633
0.65653
0.64688
0.63738
0.62807
0.61897
0.61009
0.60145
0.59307
0.58497
0.57717
0.56967
0.56248
0.55563
0.54911
0.54294
0.53713
0.53168
0.52659
0.52188
0.51754
0.51358
0.51
0.50681
0.50399
0.50156
0.49952
0.49785
0.49657
0.49566
0.49513
0.49498
0.4952
0.49578
0.49673
0.49803
0.49969
0.50169
0.50404
0.50672
0.50973
0.51306
0.5167
0.52065
0.52489
0.52941
0.5342
0.53926
0.54456
0.5501
0.55586
0.56182
0.56799
0.57432
0.58082
0.58746
0.59423
0.6011
0.60807
0.6151
0.62219
0.62931
0.63645
0.64357
0.65068
0.65773
0.66473
0.67164
0.67845
0.68514
0.6917
0.6981
0.70434
0.71039
0.71625
0.7219
0.72733
0.73253
0.73749
0.7422
0.74665
0.75085
0.75478
0.75844
0.76183
0.76495
0.7678
0.77038
0.77269
0.77474
0.77653
0.77806
0.77935
0.7804
0.78121
0.7818
0.78217
0.78233
0.7823
0.78207
0.78167
0.7811
0.78036
0.77948
0.77846
0.77731
0.77604
0.77466
0.77318
0.7716
0.76994
0.7682
0.76639
0.76452
0.76259
0.76061
0.75859
0.75652
0.75442
0.75229
0.75013
0.74795
0.74573
0.7435
0.74125
0.73898
0.73668
0.73437
0.73204
0.72968
0.72731
0.72491
0.72249
0.72003
0.71755
0.71504
0.7125
0.70991
0.70729
0.70463
0.70192
0.69917
0.69637
0.69352
0.69061
0.68765
0.68463
0.68156
0.67842
0.67523
0.67197
0.66866
0.66528
0.66185
0.65836
0.65481
0.6512
0.64755
0.64384
0.64009
0.63629
0.63245
0.62858
0.62468
0.62075
0.61681
0.61285
0.60888
0.6049
0.60093
0.59697
0.59303
0.58911
0.58522
0.58137
0.57756
0.5738
0.5701
0.56647
0.5629
0.55942
0.55602
0.55271
0.54949
0.54639
0.54339
0.5405
0.53774
0.5351
0.5326
0.53023
0.528
0.52592
0.52399
0.52221
0.52058
0.51912
0.51783
0.5167
0.51574
0.51496
0.51435
0.51392
0.51367
0.5136
0.51372
0.51403
0.51453
0.51521
0.5161
0.51717
0.51845
0.51992
0.52159
0.52347
0.52555
0.52784
0.53033
0.53303
0.53595
0.53908
0.54242
0.54599
0.54977
0.55378
0.55801
0.56247
0.56716
0.57209
0.57725
0.58265
0.58829
0.59417
0.60031
0.60669
0.61332
0.62021
0.62736
0.63476
0.64243
0.65037
0.65856
0.66703
0.67576
0.68477
0.69404
0.70358
0.71339
0.72346
0.7338
0.7444
0.75526
0.76638
0.77774
0.78935
0.80119
0.81326
0.82555
0.83805
0.85075
0.86364
0.8767
0.88992
0.90329
0.91678
0.93038
0.94408
0.95785
0.97168
0.98553
0.9994
1.0133
1.0271
1.0408
1.0545
1.0681
1.0816
1.0949
1.108
1.1209
1.1336
1.146
1.1582
1.1701
1.1816
1.1928
1.2037
1.2142
1.2243
1.234
1.2433
1.2522
1.2606
1.2686
1.2761
1.2832
1.2898
1.2959
1.3016
1.3067
1.3115
1.3158
1.3196
1.323
1.3259
1.3284
1.3305
1.3322
1.3335
1.3344
1.3349
1.3351
1.335
1.3345
1.3338
1.3327
1.3313
1.3297
1.3279
1.3258
1.3235
1.3209
1.3182
1.3153
1.3122
1.309
1.3056
1.302
1.2983
1.2945
1.2905
1.2864
1.2822
1.2778
1.2733
1.2687
1.2639
1.259
1.2539
1.2487
1.2433
1.2378
1.2321
1.2262
1.2201
1.2138
1.2073
1.2006
1.1937
1.1865
1.1791
1.1714
1.1635
1.1552
1.1467
1.1379
1.1288
1.1194
1.1097
1.0997
1.0893
1.0787
1.0677
1.0565
1.0449
1.0331
1.0209
1.0085
0.99583
0.98289
0.9697
0.95629
0.94266
0.92885
0.91486
0.90071
0.88644
0.87206
0.85759
0.84306
0.82849
0.81391
0.79934
0.7848
0.77033
0.75594
0.74166
0.72751
0.71351
0.6997
0.68608
0.67268
0.65952
0.64662
0.63399
0.62165
0.60962
0.5979
0.58652
0.57548
0.56478
0.55445
0.54449
0.5349
0.5257
0.51688
0.50844
0.5004
0.49275
0.4855
0.47864
0.47217
0.4661
0.46043
0.45514
0.45024
0.44574
0.44161
0.43787
0.43451
0.43152
0.42891
0.42667
0.42479
0.42328
0.42212
0.42132
0.42088
0.42079
0.42104
0.42163
0.42257
0.42383
0.42544
0.42737
0.42962
0.4322
0.43509
0.4383
0.44181
0.44563
0.44974
0.45415
0.45885
0.46382
0.46907
0.47459
0.48037
0.4864
0.49267
0.49918
0.50591
0.51285
0.52
0.52733
0.53485
0.54254
0.55037
0.55835
0.56645
0.57466
0.58296
0.59135
0.59979
0.60828
0.6168
0.62533
0.63385
0.64235
0.6508
0.6592
0.66752
0.67575
0.68387
0.69186
0.6997
0.70739
0.71491
0.72224
0.72936
0.73628
0.74297
0.74942
0.75563
0.76158
0.76727
0.77269
0.77784
0.78272
0.78731
0.79163
0.79566
0.79941
0.80289
0.8061
0.80904
0.81172
0.81415
0.81633
0.81829
0.82002
0.82154
0.82287
0.82402
0.82501
0.82584
0.82655
0.82714
0.82765
0.82808
0.82845
0.82879
0.82912
0.82946
0.82983
0.83026
0.83076
0.83136
0.83208
0.83294
0.83397
0.83518
0.8366
0.83826
0.84017
0.84235
0.84483
0.84762
0.85075
0.85424
0.8581
0.86236
0.86703
0.87212
0.87766
0.88366
0.89014
0.89711
0.90458
0.91256
0.92107
0.9301
0.93968
0.9498
0.96048
0.9717
0.98347
0.9958
1.0087
1.0221
1.036
1.0505
1.0654
1.0809
1.0968
1.1131
1.1298
1.147
1.1644
1.1822
1.2003
1.2185
1.237
1.2556
1.2742
1.2929
1.3115
1.33
1.3484
1.3665
1.3843
1.4017
1.4187
1.4352
1.4511
1.4664
1.481
1.4948
1.5077
1.5198
1.5309
1.5409
1.5499
1.5579
1.5646
1.5702
1.5745
1.5777
1.5795
1.5801
1.5794
1.5774
1.5742
1.5696
1.5639
1.5568
1.5486
1.5393
1.5288
1.5172
1.5046
1.4911
1.4766
1.4612
1.4451
1.4282
1.4107
1.3926
1.374
1.355
1.3356
1.3159
1.296
1.276
1.2558
1.2357
1.2156
1.1957
1.1759
1.1563
1.1371
1.1182
1.0996
1.0815
1.0639
1.0467
1.0301
1.0141
0.99865
0.98382
0.96961
0.95605
0.94315
0.93091
0.91935
0.90847
0.89827
0.88876
0.87993
0.87177
0.86429
0.85747
0.85131
0.8458
0.84093
0.83668
0.83305
0.83001
0.82756
0.82567
0.82433
0.82352
0.82323
0.82342
0.82409
0.8252
0.82674
0.82868
0.831
0.83367
0.83667
0.83996
0.84353
0.84734
0.85137
0.85558
0.85995
0.86445
0.86904
0.8737
0.8784
0.8831
0.88778
0.89241
0.89695
0.90139
0.9057
0.90984
0.9138
0.91756
0.92108
0.92436
0.92738
0.93011
0.93255
0.93469
0.93651
0.93801
0.93918
0.94002
0.94054
0.94073
0.9406
0.94015
0.9394
0.93835
0.93702
0.93542
0.93357
0.93149
0.92919
0.92669
0.92403
0.92121
0.91826
0.91521
0.91208
0.90889
0.90567
0.90245
0.89924
0.89607
0.89297
0.88995
0.88704
0.88426
0.88164
0.87918
0.87691
0.87485
0.87301
0.8714
0.87005
0.86896
0.86814
0.86761
0.86737
0.86743
0.8678
0.86847
0.86945
0.87074
0.87234
0.87425
0.87647
0.87898
0.88178
0.88486
0.88822
0.89183
0.89569
0.89977
0.90407
0.90856
0.91322
0.91803
0.92297
0.928
0.93311
0.93827
0.94344
0.9486
0.95371
0.95875
0.96368
0.96846
0.97306
0.97746
0.9816
0.98547
0.98903
0.99224
0.99508
0.99751
0.99953
1.0011
1.0022
1.0028
1.0028
1.0023
1.0012
0.99958
0.99732
0.99444
0.99095
0.98684
0.9821
0.97674
0.97077
0.96419
0.95701
0.94926
0.94094
0.93208
0.92271
0.91284
0.90251
0.89175
0.88058
0.86906
0.8572
0.84505
0.83265
0.82004
0.80725
0.79433
0.78131
0.76823
0.75514
0.74207
0.72905
0.71613
0.70334
0.69071
0.67828
0.66607
0.65411
0.64242
0.63105
0.61999
0.60928
0.59894
0.58898
0.57942
0.57027
0.56155
0.55327
0.54543
0.53804
0.53112
0.52467
0.51869
0.51319
0.50817
0.50364
0.4996
0.49605
0.493
0.49044
0.48838
0.48682
0.48576
0.4852
0.48514
0.48559
0.48654
0.488
0.48996
0.49244
0.49543
0.49893
0.50294
0.50746
0.5125
0.51805
0.52412
0.5307
0.53778
0.54538
0.55348
0.56208
0.57117
0.58075
0.59081
0.60134
0.61233
0.62376
0.63562
0.6479
0.66056
0.6736
0.68699
0.7007
0.7147
0.72896
0.74346
0.75814
0.77299
0.78795
0.80299
0.81807
0.83313
0.84814
0.86304
0.8778
0.89235
0.90665
0.92065
0.9343
0.94756
0.96038
0.97271
0.9845
0.99572
1.0063
1.0163
1.0255
1.0341
1.0418
1.0489
1.0551
1.0605
1.065
1.0688
1.0717
1.0737
1.0749
1.0753
1.0748
1.0735
1.0715
1.0686
1.065
1.0607
1.0558
1.0501
1.0439
1.0371
1.0298
1.0219
1.0137
1.005
0.99602
0.98672
0.97717
0.96742
0.95751
0.9475
0.93742
0.92733
0.91726
0.90726
0.89738
0.88764
0.8781
0.86877
0.85971
0.85094
0.84248
0.83438
0.82664
0.81931
0.81239
0.80592
0.7999
0.79436
0.78931
0.78475
0.78072
0.7772
0.77421
0.77177
0.76986
0.7685
0.76769
0.76742
0.76771
0.76854
0.76991
0.77183
0.77427
0.77724
0.78073
0.78472
0.7892
0.79416
0.79959
0.80546
0.81176
0.81847
0.82555
0.833
0.84078
0.84887
0.85723
0.86583
0.87464
0.88363
0.89276
0.90198
0.91127
0.92057
0.92986
0.93909
0.94821
0.95718
0.96597
0.97452
0.98281
0.99078
0.99841
1.0056
1.0125
1.0188
1.0247
1.03
1.0348
1.0391
1.0427
1.0458
1.0483
1.0501
1.0513
1.0518
1.0518
1.0511
1.0498
1.0479
1.0455
1.0424
1.0388
1.0347
1.0301
1.0251
1.0196
1.0137
1.0074
1.0008
0.99394
0.98681
0.97945
0.97192
0.96424
0.95646
0.9486
0.94072
0.93283
0.92498
0.9172
0.90951
0.90195
0.89455
0.88733
0.88032
0.87353
0.867
0.86073
0.85475
0.84907
0.8437
0.83866
0.83396
0.8296
0.8256
0.82195
0.81866
0.81573
0.81317
0.81096
0.80912
0.80763
0.80649
0.8057
0.80524
0.8051
0.80529
0.80577
0.80655
0.80761
0.80894
0.81051
0.81232
0.81434
0.81655
0.81894
0.82149
0.82417
0.82697
0.82985
0.83281
0.83581
0.83883
0.84185
0.84485
0.84779
0.85066
0.85344
0.85609
0.8586
0.86094
0.86309
0.86504
0.86675
0.86822
0.86942
0.87033
0.87095
0.87126
0.87124
0.87088
0.87019
0.86914
0.86773
0.86596
0.86384
0.86134
0.85849
0.85528
0.85172
0.84782
0.84358
0.83901
0.83414
0.82896
0.8235
0.81776
0.81178
0.80556
0.79913
0.79251
0.78571
0.77875
0.77167
0.76447
0.75719
0.74984
0.74244
0.73502
0.7276
0.7202
0.71284
0.70554
0.69832
0.6912
0.68419
0.67732
0.67059
0.66403
0.65765
0.65147
0.64549
0.63973
0.6342
0.62892
0.62388
0.6191
0.61459
0.61036
0.60641
0.60275
0.59937
0.5963
0.59352
0.59105
0.58889
0.58703
0.58548
0.58424
0.58332
0.5827
0.58239
0.58238
0.58269
0.58329
0.58419
0.5854
0.58689
0.58867
0.59073
0.59307
0.59568
0.59856
0.60169
0.60508
0.6087
0.61255
0.61663
0.62092
0.62542
0.6301
0.63496
0.63999
0.64518
0.65051
0.65596
0.66153
0.6672
0.67296
0.67878
0.68467
0.69059
0.69655
0.70251
0.70847
0.71441
0.72032
0.72619
0.73199
0.73772
0.74336
0.74891
0.75434
0.75966
0.76485
0.76989
0.7748
0.77954
0.78413
0.78856
0.79281
0.7969
0.80081
0.80455
0.80812
0.81151
0.81474
0.8178
0.82071
0.82346
0.82606
0.82852
0.83085
0.83305
0.83514
0.83713
0.83901
0.84082
0.84255
0.84422
0.84585
0.84743
0.84898
0.85052
0.85206
0.8536
0.85517
0.85676
0.85838
0.86006
0.8618
0.8636
0.86547
0.86743
0.86948
0.87162
0.87386
0.87621
0.87866
0.88122
0.8839
0.88669
0.88959
0.8926
0.89572
0.89895
0.90228
0.9057
0.90922
0.91283
0.9165
0.92025
0.92406
0.92791
0.9318
0.93571
0.93964
0.94356
0.94746
0.95133
0.95515
0.9589
0.96258
0.96615
0.96961
0.97293
0.9761
0.9791
0.98192
0.98453
0.98692
0.98907
0.99096
0.99258
0.99392
0.99496
0.99569
0.99609
0.99615
0.99587
0.99523
0.99422
0.99285
0.9911
0.98898
0.98647
0.98359
0.98033
0.97669
0.97268
0.96831
0.96358
0.9585
0.95309
0.94736
0.94132
0.93498
0.92836
0.92149
0.91437
0.90703
0.89949
0.89177
0.8839
0.87589
0.86777
0.85956
0.85129
0.84298
0.83466
0.82635
0.81807
0.80985
0.80172
0.79369
0.78579
0.77803
0.77046
0.76307
0.7559
0.74897
0.74228
0.73588
0.72976
0.72395
0.71846
0.71332
0.70853
0.70411
0.70008
0.69644
0.69322
0.69041
0.68805
0.68613
0.68466
0.68367
0.68315
0.68312
0.68358
0.68456
0.68604
0.68806
0.6906
0.69368
0.69731
0.7015
0.70624
0.71155
0.71744
0.7239
0.73094
0.73857
0.74679
0.7556
0.765
0.77499
0.78558
0.79675
0.8085
0.82084
0.83374
0.8472
0.86122
0.87577
0.89084
0.90642
0.92248
0.93901
0.95597
0.97334
0.9911
1.0092
1.0276
1.0463
1.0652
1.0844
1.1037
1.123
1.1425
1.162
1.1814
1.2007
1.2199
1.239
1.2577
1.2762
1.2943
1.3121
1.3293
1.3461
1.3624
1.378
1.393
1.4074
1.421
1.4339
1.446
1.4573
1.4678
1.4774
1.4861
1.4939
1.5008
1.5069
1.512
1.5161
1.5194
1.5217
1.5232
1.5237
1.5234
1.5222
1.5202
1.5174
1.5138
1.5094
1.5043
1.4985
1.492
1.4849
1.4772
1.4689
1.4601
1.4509
1.4411
1.431
1.4205
1.4096
1.3984
1.387
1.3753
1.3634
1.3513
1.3391
1.3268
1.3144
1.302
1.2895
1.2771
1.2646
1.2522
1.2399
1.2276
1.2154
1.2034
1.1915
1.1797
1.1681
1.1567
1.1454
1.1344
1.1235
1.1128
1.1024
1.0921
1.0821
1.0723
1.0628
1.0535
1.0444
1.0355
1.0269
1.0185
1.0103
1.0024
0.99468
0.98722
0.97998
0.97297
0.96618
0.95961
0.95326
0.94713
0.9412
0.93548
0.92996
0.92464
0.91951
0.91457
0.90981
0.90522
0.90081
0.89656
0.89247
0.88852
0.88472
0.88106
0.87753
0.87411
0.87081
0.86761
0.86451
0.86149
0.85854
0.85567
0.85285
0.85008
0.84734
0.84462
0.84192
0.83923
0.83652
0.8338
0.83104
0.82825
0.82539
0.82248
0.81948
0.8164
0.81321
0.80992
0.80651
0.80296
0.79927
0.79543
0.79143
0.78726
0.78292
0.77839
0.77367
0.76876
0.76364
0.75832
0.75279
0.74704
0.74109
0.73492
0.72854
0.72194
0.71514
0.70813
0.70093
0.69352
0.68594
0.67817
0.67023
0.66212
0.65387
0.64548
0.63696
0.62832
0.61958
0.61076
0.60187
0.59291
0.58392
0.5749
0.56587
0.55685
0.54785
0.53889
0.52998
0.52115
0.5124
0.50376
0.49523
0.48683
0.47858
0.47049
0.46258
0.45484
0.44731
0.43998
0.43287
0.42599
0.41936
0.41297
0.40683
0.40096
0.39536
0.39004
0.38501
0.38027
0.37582
0.37168
0.36784
0.36432
0.36111
0.35822
0.35566
0.35343
0.35153
0.34997
0.34876
0.34789
0.34737
0.34721
0.34742
0.34799
0.34893
0.35025
0.35196
0.35406
0.35656
0.35946
0.36278
0.36651
0.37067
0.37527
0.38031
0.3858
0.39175
0.39816
0.40504
0.41241
0.42027
0.42861
0.43746
0.44681
0.45667
0.46704
0.47792
0.48932
0.50123
0.51365
