0.92588
0.93833
0.95105
0.96372
0.97599
0.98752
0.998
1.0072
1.0148
1.0208
1.025
1.0277
1.0288
1.0288
1.0278
1.0264
1.0249
1.0239
1.0238
1.0251
1.0282
1.0333
1.0407
1.0505
1.0627
1.0771
1.0933
1.1108
1.1289
1.1469
1.1637
1.1782
1.1895
1.1963
1.1976
1.1926
1.1806
1.1613
1.1346
1.1009
1.0608
1.0154
0.96594
0.91391
0.8609
0.80849
0.75814
0.71114
0.66857
0.63124
0.59973
0.57443
0.55557
0.54327
0.53761
0.53863
0.54634
0.56077
0.5819
0.60964
0.6438
0.68401
0.7297
0.78004
0.83396
0.89013
0.94705
1.0031
1.0567
1.1064
1.1507
1.1889
1.2201
1.2441
1.261
1.2711
1.2751
1.2737
1.2679
1.2588
1.2472
1.234
1.2201
1.2059
1.1919
1.1784
1.1655
1.1531
1.1411
1.1293
1.1173
1.1049
1.0918
1.0779
1.063
1.047
1.0301
1.0124
0.99419
0.97585
0.95778
0.94046
0.92436
0.90998
0.89777
0.88817
0.88161
0.87843
0.87896
0.88351
0.89231
0.90557
0.92348
0.94613
0.9736
1.0058
1.0427
1.0841
1.1294
1.1781
1.2295
1.2825
1.336
1.3886
1.4388
1.4848
1.5251
1.5579
1.5818
1.5955
1.5979
1.5884
1.5669
1.5337
1.4896
1.4358
1.3741
1.3064
1.2349
1.162
1.0898
1.0203
0.95519
0.89583
0.84317
0.79781
0.76001
0.72982
0.70707
0.69145
0.68258
0.67999
0.68316
0.69152
0.70447
0.72132
0.74139
0.76395
0.78827
0.81368
0.83958
0.86548
0.89105
0.91616
0.94083
0.96531
0.99001
1.0155
1.0424
1.0716
1.1037
1.1397
1.18
1.2255
1.2764
1.333
1.3952
1.4626
1.5344
1.6096
1.6865
1.7633
1.8376
1.9071
1.969
2.0208
2.0598
2.0837
2.0907
2.0791
2.0481
1.9974
1.9276
1.84
1.7366
1.6202
1.4942
1.3624
1.229
1.0979
0.97282
0.85668
0.75167
0.65904
0.57921
0.51191
0.45637
0.41155
0.37631
0.34955
0.33027
0.31764
0.31099
0.30981
0.31373
0.32246
0.33576
0.35338
0.37502
0.40028
0.42859
0.4592
0.49116
0.52335
0.55451
0.58334
0.60854
0.62898
0.64372
0.65209
0.65376
0.64875
0.63738
0.62027
0.59825
0.57232
0.54352
0.51293
0.48153
0.45021
0.41973
0.39067
0.36347
0.33844
0.31577
0.29553
0.27776
0.26244
0.24951
0.23892
0.23062
0.22458
0.22079
0.21928
0.2201
0.22336
0.22922
0.23786
0.24953
0.2645
0.28307
0.30557
0.33229
0.36346
0.39922
0.43955
0.48424
0.53281
0.58451
0.63831
0.69297
0.74702
0.79893
0.84718
0.89034
0.9272
0.95681
0.97856
0.99215
0.99765
0.99542
0.98609
0.97048
0.94957
0.9244
0.89604
0.86551
0.83376
0.80162
0.7698
0.73886
0.70922
0.68118
0.65493
0.63054
0.60804
0.58735
0.56839
0.55103
0.53514
0.52057
0.50721
0.49493
0.48365
0.47331
0.46387
0.45533
0.44771
0.44106
0.43544
0.43095
0.42769
0.42575
0.42526
0.42632
0.42904
0.43352
0.43986
0.44814
0.45843
0.47076
0.48516
0.50163
0.52011
0.54053
0.56276
0.58662
0.61188
0.63824
0.66537
0.69287
0.7203
0.74717
0.77297
0.79718
0.81926
0.83871
0.85505
0.86784
0.87673
0.88142
0.88175
0.87762
0.86905
0.85618
0.83926
0.81862
0.79471
0.76801
0.73909
0.70853
0.67702
0.64517
0.61343
0.58231
0.55224
0.52361
0.49671
0.47176
0.44891
0.42827
0.40988
0.39374
0.37983
0.36811
0.35853
0.35103
0.34554
0.342
0.34035
0.34052
0.34244
0.34605
0.35126
0.35798
0.36607
0.37542
0.38583
0.39711
0.40903
0.42131
0.43368
0.44583
0.45745
0.46823
0.4779
0.48623
0.49302
0.49816
0.5016
0.50337
0.50357
0.50239
0.50005
0.49684
0.49307
0.48908
0.48521
0.48178
0.47913
0.47753
0.47726
0.47855
0.48161
0.4866
0.49365
0.50288
0.51433
0.52802
0.54392
0.56194
0.58193
0.60365
0.62697
0.65148
0.67657
0.70168
0.7262
0.74948
0.77083
0.7896
0.80515
0.81695
0.82456
0.82767
0.82614
0.81998
0.80938
0.7947
0.77643
0.75519
0.73168
0.70666
0.68087
0.65507
0.62995
0.60612
0.58411
0.56433
0.54713
0.53275
0.52134
0.513
0.50773
0.50552
0.50626
0.50981
0.51598
0.5245
0.53506
0.54728
0.56072
0.57488
0.58923
0.60323
0.61633
0.62803
0.63791
0.64562
0.65096
0.65386
0.65439
0.65276
0.64933
0.64454
0.63894
0.63312
0.62772
0.62338
0.62073
0.6204
0.62298
0.62907
0.63923
0.654
0.67395
0.6996
0.73148
0.77008
0.81583
0.86908
0.93005
0.99877
1.075
1.1584
1.2481
1.343
1.4418
1.5428
1.6443
1.7442
1.8405
1.9313
2.0148
2.0892
2.1532
2.2055
2.2454
2.2724
2.2861
2.2867
2.2746
2.2505
2.2151
2.1696
2.1152
2.053
1.9845
1.9108
1.8333
1.753
1.6712
1.5886
1.5062
1.4246
1.3445
1.2663
1.1905
1.1174
1.0474
0.98063
0.91742
0.85796
0.80243
0.75096
0.70365
0.66055
0.62168
0.58697
0.55634
0.52965
0.50674
0.4874
0.4714
0.4585
0.44844
0.44094
0.4357
0.43245
0.43086
0.43062
0.43143
0.43298
0.43496
0.4371
0.43915
0.44091
0.4422
0.44292
0.44299
0.44241
0.44123
0.43951
0.43739
0.43502
0.43255
0.43018
0.4281
0.42651
0.42562
0.42563
0.42676
0.42923
0.43328
0.43915
0.4471
0.45744
0.47046
0.48649
0.50588
0.529
0.55619
0.58779
0.62409
0.6653
0.71149
0.7626
0.81832
0.87811
0.94117
1.0064
1.0725
1.1377
1.2005
1.259
1.3114
1.3561
1.3917
1.417
1.4311
1.4338
1.4249
1.405
1.3747
1.3351
1.2877
1.234
1.1757
1.1144
1.052
0.98994
0.92961
0.87218
0.81861
0.7696
0.72563
0.68699
0.65382
0.62613
0.60386
0.58689
0.57506
0.56821
0.56619
0.56881
0.57589
0.58722
0.60256
0.62157
0.64385
0.66887
0.69597
0.72434
0.75304
0.78099
0.80702
0.82994
0.84856
0.86178
0.86869
0.8686
0.86113
0.84626
0.82431
0.79597
0.76224
0.72437
0.68378
0.64193
0.60027
0.5601
0.52253
0.48846
0.45854
0.43322
0.41277
0.39735
0.38703
0.38187
0.38191
0.38722
0.3979
0.41407
0.43583
0.46322
0.49621
0.53457
0.57785
0.62533
0.67598
0.72843
0.78108
0.8321
0.87961
0.92176
0.95688
0.98357
1.0008
1.0082
1.0055
0.99315
0.97211
0.94359
0.90911
0.8704
0.82927
0.7875
0.74673
0.70844
0.67388
0.64406
0.61981
0.60178
0.59053
0.58657
0.5904
0.60262
0.62388
0.65496
0.69673
0.7501
0.81596
0.89509
0.98795
1.0946
1.2147
1.3469
1.4896
1.6402
1.796
1.9536
2.1096
2.2595
2.3995
2.5273
2.6404
2.7367
2.8146
2.8731
2.9115
2.9294
2.9271
2.9049
2.8634
2.8035
2.7263
2.6329
2.5249
2.4037
2.2712
2.1295
1.9806
1.8271
1.6715
1.5167
1.3652
1.2199
1.0829
0.95632
0.84151
0.73927
0.64982
0.57287
0.50773
0.45344
0.40893
0.37309
0.34486
0.32333
0.30767
0.29723
0.29147
0.28997
0.29242
0.29856
0.30818
0.32112
0.33717
0.35615
0.37779
0.4018
0.4278
0.45537
0.48405
0.51333
0.54271
0.5717
0.59986
0.62679
0.65216
0.6757
0.69722
0.71657
0.73363
0.74838
0.76074
0.77055
0.77773
0.78218
0.78378
0.78237
0.77783
0.77001
0.75883
0.74424
0.72629
0.7051
0.6809
0.65404
0.62495
0.59416
0.56226
0.52989
0.49767
0.46621
0.43606
0.40769
0.38149
0.35775
0.33667
0.31838
0.30293
0.29033
0.28059
0.27366
0.26953
0.26817
0.26958
0.27378
0.2808
0.29067
0.30343
0.31911
0.3377
0.35916
0.38334
0.41005
0.43896
0.46965
0.50157
0.53409
0.56646
0.59791
0.62766
0.65494
0.67907
0.69945
0.71564
0.72734
0.73443
0.73694
0.73506
0.72912
0.71955
0.70685
0.69158
0.67433
0.65567
0.63613
0.61623
0.59641
0.57704
0.55845
0.54088
0.52455
0.50961
0.49617
0.48432
0.47411
0.4656
0.45881
0.45379
0.45056
0.44915
0.44959
0.45192
0.45616
0.46233
0.47042
0.48043
0.49231
0.50595
0.52124
0.53797
0.55587
0.57461
0.59377
0.61288
0.63139
0.64873
0.66428
0.67747
0.68774
0.6946
0.69768
0.69672
0.69163
0.68245
0.66938
0.65277
0.63308
0.61087
0.58676
0.56139
0.5354
0.50937
0.48383
0.45924
0.43594
0.41422
0.39427
0.37619
0.36003
0.34581
0.33348
0.323
0.31428
0.30727
0.30189
0.29809
0.29583
0.29507
0.29583
0.29813
0.30201
0.30756
0.31487
0.32408
0.33533
0.34881
0.3647
0.38322
0.40456
0.42896
0.45659
0.48765
0.52227
0.56052
0.60245
0.64799
0.697
0.74925
0.80441
0.86209
0.92178
0.98292
1.0449
1.107
1.1686
1.2289
1.2872
1.3427
1.3947
1.4424
1.485
1.5221
1.5528
1.5766
1.593
1.6018
1.6026
1.5953
1.5801
1.5572
1.5269
1.4898
1.4466
1.3982
1.3454
1.2892
1.2305
1.1705
1.1098
1.0494
0.9901
0.9324
0.87684
0.82383
0.77363
0.72644
0.68238
0.64149
0.60378
0.56924
0.53782
0.5095
0.48422
0.46195
0.44267
0.42638
0.41308
0.40279
0.39555
0.39144
0.39054
0.39296
0.39881
0.40823
0.42136
0.43833
0.45922
0.48407
0.5128
0.54523
0.581
0.61958
0.66024
0.70205
0.74391
0.78462
0.82291
0.85756
0.88746
0.91168
0.92959
0.94082
0.94537
0.94355
0.93596
0.92345
0.90707
0.88797
0.86737
0.84644
0.82632
0.80799
0.79234
0.7801
0.77186
0.76809
0.76913
0.7752
0.78643
0.80284
0.82432
0.85066
0.88148
0.91627
0.95434
0.99483
1.0367
1.0789
1.12
1.1588
1.194
1.2244
1.2487
1.2662
1.276
1.2778
1.2713
1.2567
1.2343
1.2048
1.169
1.1281
1.0831
1.0352
0.98577
0.93586
0.88654
0.83873
0.79319
0.75051
0.7111
0.67521
0.64298
0.6144
0.5894
0.56784
0.54952
0.53424
0.52177
0.51189
0.50439
0.49908
0.49579
0.4944
0.4948
0.49692
0.50075
0.50628
0.51355
0.52283
0.53424
0.54773
0.56336
0.58118
0.60127
0.62366
0.64841
0.67549
0.70486
0.7364
0.76994
0.8052
0.84182
0.87934
0.91723
0.95484
0.99149
1.0264
1.0589
1.0881
1.1134
1.1341
1.1496
1.1595
1.1635
1.1614
1.1532
1.1391
1.1194
1.0945
1.0649
1.0313
0.99437
0.95489
0.91359
0.87124
0.82857
0.78625
0.7449
0.70508
0.66724
0.63178
0.59899
0.56911
0.54228
0.5186
0.49811
0.48079
0.4666
0.4555
0.44738
0.44217
0.43976
0.44005
0.44293
0.44831
0.45608
0.46615
0.47841
0.49277
0.50914
0.52753
0.54777
0.56957
0.59282
0.61743
0.64332
0.6704
0.69856
0.72771
0.7577
0.78839
0.81957
0.851
0.8824
0.91344
0.94374
0.97286
1.0004
1.0257
1.0485
1.0682
1.0842
1.0963
1.1039
1.1067
1.1045
1.0971
1.0844
1.0665
1.0434
1.0156
0.98343
0.94741
0.90822
0.86662
0.82344
0.77954
0.73579
0.69304
0.65206
0.61353
0.57803
0.54602
0.51783
0.49369
0.47376
0.45811
0.44676
0.4397
0.4369
0.43831
0.44387
0.4535
0.46705
0.48434
0.50508
0.52889
0.55523
0.58342
0.61265
0.64197
0.67032
0.69662
0.71977
0.7388
0.75283
0.76123
0.76357
0.75973
0.74984
0.73431
0.71377
0.68904
0.66108
0.63091
0.59959
0.5681
0.5374
0.50827
0.48143
0.45742
0.43669
0.41958
0.40638
0.3973
0.39257
0.39239
0.39703
0.40676
0.42192
0.44286
0.46994
0.50346
0.54363
0.59045
0.64364
0.70255
0.76606
0.83261
0.90017
0.96637
1.0286
1.0843
1.1309
1.1665
1.1894
1.1988
1.1943
1.1766
1.1469
1.1068
1.0586
1.0048
0.94787
0.89039
0.83452
0.78214
0.73468
0.69321
0.65836
0.63052
0.60979
0.59613
0.58937
0.58928
0.59554
0.60774
0.62537
0.64776
0.67408
0.70326
0.73403
0.7649
0.79425
0.8204
0.84168
0.85663
0.86402
0.86305
0.85334
0.83505
0.80881
0.7757
0.73717
0.69489
0.65062
0.6061
0.56287
0.52225
0.48525
0.45259
0.4247
0.40181
0.384
0.37122
0.3634
0.36045
0.36228
0.36882
0.38002
0.39582
0.41613
0.4408
0.46957
0.50205
0.53772
0.57586
0.61561
0.65598
0.69587
0.73418
0.76983
0.80185
0.82939
0.85182
0.86874
0.87995
0.88549
0.8856
0.88069
0.87133
0.85817
0.84194
0.82337
0.80321
0.78215
0.76083
0.73983
0.71962
0.70061
0.68311
0.66736
0.65352
0.6417
0.63195
0.62429
0.61868
0.61509
0.61344
0.61366
0.61565
0.61933
0.6246
0.63136
0.63955
0.64906
0.65982
0.67174
0.68473
0.6987
0.71353
0.72908
0.74519
0.76166
0.77827
0.79472
0.81073
0.82594
0.84
0.85255
0.86323
0.87174
0.8778
0.88124
0.88196
0.87998
0.87541
0.8685
0.85957
0.84904
0.8374
0.82518
0.81291
0.80113
0.79033
0.78096
0.77341
0.76801
0.765
0.76454
0.76675
0.77163
0.77916
0.78923
0.80168
0.81632
0.83289
0.85112
0.87072
0.89137
0.91278
0.93465
0.95669
0.97864
1.0002
1.0212
1.0413
1.0604
1.078
1.0939
1.1077
1.1189
1.1272
1.1319
1.1325
1.1284
1.1192
1.1045
1.0838
1.0571
1.0244
0.98612
0.94273
0.89508
0.8442
0.7913
0.73767
0.68461
0.63335
0.58498
0.54038
0.50023
0.46496
0.43483
0.40993
0.39025
0.37569
0.36616
0.36156
0.36203
0.36765
0.3783
0.39394
0.41453
0.43997
0.47004
0.50435
0.54234
0.58319
0.62589
0.66921
0.71176
0.75206
0.78867
0.82021
0.84548
0.86354
0.87371
0.87567
0.86939
0.85517
0.83358
0.80544
0.77177
0.7337
0.69246
0.64928
0.60536
0.56178
0.51951
0.47935
0.44194
0.40773
0.37701
0.34993
0.32654
0.30677
0.29054
0.27771
0.26812
0.26162
0.25808
0.25738
0.25939
0.26401
0.27112
0.28058
0.29222
0.30582
0.32112
0.33776
0.35535
0.37343
0.39154
0.40918
0.42591
0.44134
0.45516
0.4672
0.47738
0.48575
0.49256
0.49787
0.50175
0.50451
0.50647
0.508
0.50944
0.51111
0.5133
0.51626
0.52017
0.52519
0.53141
0.53885
0.54748
0.55722
0.56792
0.57939
0.59138
0.6036
0.61573
0.62744
0.6384
0.64828
0.65681
0.66375
0.66896
0.67236
0.67397
0.67388
0.67229
0.66945
0.66568
0.66132
0.65674
0.65233
0.64843
0.64537
0.64343
0.64285
0.6438
0.64643
0.6508
0.65693
0.66479
0.6743
0.68532
0.69769
0.7112
0.72559
0.74057
0.75584
0.77106
0.78585
0.79985
0.81265
0.82387
0.83311
0.84001
0.84422
0.84545
0.84349
0.83816
0.82943
0.81735
0.80207
0.78387
0.76314
0.74036
0.71606
0.69084
0.66533
0.64012
0.61579
0.59287
0.57181
0.55301
0.53677
0.52336
0.51295
0.50569
0.50168
0.50101
0.50371
0.50983
0.5194
0.53242
0.54886
0.56868
0.59177
0.61798
0.64707
0.6787
0.71243
0.7477
0.78382
0.81999
0.85527
0.88867
0.91913
0.94559
0.96703
0.98252
0.9913
0.99282
0.98676
0.97311
0.95212
0.92435
0.89064
0.85202
0.8097
0.76498
0.71914
0.67343
0.62895
0.58663
0.54721
0.5112
0.47894
0.45059
0.42618
0.40564
0.38882
0.37553
0.36556
0.35871
0.35474
0.35346
0.35465
0.35811
0.36363
0.37099
0.37996
0.3903
0.40172
0.41394
0.42664
0.43947
0.45208
0.46411
0.47521
0.48505
0.49332
0.49977
0.5042
0.50647
0.50654
0.50444
0.50025
0.49417
0.48643
0.47732
0.46718
0.45636
0.44522
0.43413
0.42342
0.41341
0.40439
0.39662
0.3903
0.38561
0.38272
0.38173
0.38274
0.3858
0.39095
0.39817
0.40743
0.41865
0.43167
0.4463
0.4623
0.47935
0.49707
0.51506
0.53287
0.55005
0.56619
0.58089
0.59386
0.60489
0.61388
0.62085
0.62594
0.6294
0.63155
0.63279
0.63355
0.63428
0.63542
0.63737
0.6405
0.64509
0.65137
0.65948
0.66947
0.68132
0.69491
0.71002
0.72637
0.74359
0.76126
0.77893
0.7961
0.81229
0.82707
0.84004
0.8509
0.85941
0.86548
0.86909
0.87037
0.86952
0.86682
0.86263
0.85735
0.8514
0.84521
0.83919
0.83373
0.82916
0.82578
0.82382
0.82346
0.82481
0.82794
0.83284
0.83948
0.84777
0.85759
0.86881
0.88126
0.89481
0.90931
0.92466
0.9408
0.9577
0.97542
0.99408
1.0139
1.035
1.0578
1.0827
1.1099
1.14
1.1732
1.2101
1.2507
1.2953
1.3441
1.3967
1.4531
1.5126
1.5746
1.6381
1.7019
1.7647
1.8248
1.8808
1.9308
1.9733
2.0066
2.0294
2.0404
2.0387
2.0238
1.9954
1.9536
1.899
1.8324
1.7551
1.6686
1.5749
1.4759
1.3739
1.2711
1.1695
1.0712
0.97777
0.89062
0.81072
0.73869
0.67483
0.61911
0.57132
0.53108
0.49791
0.4715
0.45139
0.43696
0.42776
0.42342
0.42362
0.42807
0.4365
0.44866
0.46432
0.48321
0.50504
0.52949
0.55621
0.5848
0.61486
0.64597
0.67773
0.70976
0.74175
0.77341
0.80459
0.83516
0.86513
0.89457
0.92361
0.95248
0.98144
1.0108
1.0408
1.0718
1.1042
1.138
1.1736
1.211
1.2502
1.2912
1.3336
1.3773
1.4216
1.4661
1.5099
1.5525
1.5928
1.6302
1.6638
1.6928
1.7166
1.7346
1.7467
1.7525
1.7521
1.7456
1.7336
1.7165
1.695
1.6698
1.6417
1.6116
1.5802
1.5483
1.5165
1.4851
1.4549
1.427
1.4016
1.3793
1.3602
1.3448
1.3331
1.3254
1.3218
1.3226
1.328
1.3381
1.3531
1.3733
1.3986
1.4294
1.4655
1.5069
1.5535
1.6049
1.6606
1.7199
1.782
1.8456
1.9096
1.9723
2.0323
2.0879
2.1374
2.1791
2.2116
2.2335
2.2437
2.2414
2.2262
2.1978
2.1564
2.1027
2.0375
1.9621
1.8777
1.7861
1.6891
1.5884
1.486
1.3834
1.2824
1.1843
1.0903
1.0013
0.91793
0.84062
0.76954
0.70469
0.64592
0.59297
0.5455
0.50314
0.46549
0.43216
0.40278
0.377
0.35451
0.33502
0.3183
0.30414
0.29237
0.28286
0.2755
0.27024
0.26703
0.26587
0.26678
0.26983
0.27509
0.28268
0.29276
0.30548
0.32107
0.33974
0.36174
0.38735
0.41683
0.45047
0.48853
0.53127
0.57889
0.63159
0.68947
0.75256
0.82083
0.89411
0.97211
1.0544
1.1405
1.2295
1.3206
1.4128
1.5048
1.5952
1.6826
1.7655
1.8422
1.9113
1.9713
2.0208
2.0588
2.0843
2.0966
2.0955
2.0809
2.0532
2.0132
1.9619
1.9007
1.8312
1.7553
1.6749
1.5921
1.509
1.4273
1.3489
1.2751
1.2073
1.1462
1.0925
1.0466
1.0086
0.97845
0.95593
0.94071
0.93236
0.93036
0.93408
0.94279
0.95568
0.9718
0.99014
1.0096
1.029
1.0472
1.063
1.0755
1.0837
1.087
1.085
1.0775
1.0646
1.0467
1.0243
0.99825
0.96943
0.93877
0.90722
0.87569
0.84498
0.81577
0.78861
0.7639
0.74191
0.72276
0.70651
0.69308
0.68236
0.67418
0.66833
0.6646
0.66277
0.66265
0.66407
0.66688
0.671
0.67638
0.68301
0.69093
0.70023
0.71099
0.72335
0.73741
0.75328
0.77105
0.79073
0.8123
0.83568
0.86068
0.88705
0.91447
0.94253
0.97077
0.99869
1.0258
1.0516
1.0756
1.0974
1.1169
1.1337
1.1479
1.1595
1.1686
1.1755
1.1804
1.1838
1.1857
1.1866
1.1865
1.1857
1.1841
1.1816
1.1781
1.1732
1.1666
1.158
1.147
1.1331
1.1161
1.0958
1.0721
1.0451
1.015
0.98226
0.94738
0.91102
0.8739
0.8368
0.80045
0.76557
0.73277
0.70257
0.67536
0.65142
0.6309
0.61386
0.60025
0.58994
0.58272
0.57834
0.57646
0.57671
0.57866
0.58187
0.58584
0.5901
0.59416
0.59757
0.59993
0.60091
0.60026
0.59783
0.59358
0.58755
0.57991
0.57088
0.56075
0.54988
0.53861
0.52732
0.51635
0.50605
0.4967
0.48856
0.48185
0.47674
0.47339
0.47188
0.4723
0.4747
0.47909
0.48547
0.49381
0.50403
0.51605
0.52973
0.54491
0.56136
0.57884
0.59704
0.61564
0.63426
0.65252
0.67003
0.68639
0.70125
0.71427
0.7252
0.73383
0.74002
0.74375
0.74504
0.74406
0.74091
0.73565
0.72855
0.7199
0.71006
0.69933
0.68805
0.6765
0.66494
0.65357
0.64258
0.63208
0.62217
0.61293
0.60439
0.59661
0.58961
0.58343
0.57813
0.57375
0.57039
0.56815
0.56717
0.56759
0.56962
0.57347
0.57937
0.5876
0.59845
0.61226
0.62936
0.65012
0.67492
0.70415
0.7382
0.77742
0.82217
0.87271
0.92927
0.99195
1.0607
1.1355
1.216
1.3017
1.392
1.4861
1.5831
1.6819
1.7814
1.88
1.9765
2.0692
2.1565
2.2366
2.3078
2.3683
2.4163
2.4501
2.4682
2.4692
2.4522
2.4158
2.3606
2.2882
2.1995
2.0957
1.9787
1.8508
1.7144
1.5729
1.4293
1.287
1.1494
1.0191
0.89868
0.78965
0.693
0.60899
0.53731
0.47723
0.42777
0.38782
0.3563
0.33222
0.31469
0.30301
0.29661
0.29504
0.29798
0.30519
0.31645
0.33158
0.35033
0.37238
0.39727
0.42442
0.45306
0.48228
0.51106
0.5383
0.56294
0.584
0.60067
0.61238
0.61881
0.61994
0.616
0.60747
0.595
0.57935
0.56137
0.54188
0.52166
0.50139
0.48166
0.46293
0.44553
0.4297
0.41557
0.40318
0.39251
0.38349
0.37598
0.36984
0.36488
0.36091
0.35771
0.35509
0.35285
0.35082
0.34884
0.34681
0.34466
0.34239
0.34004
0.3377
0.33551
0.33367
0.33237
0.33185
0.33234
0.33407
0.33724
0.34205
0.34863
0.35707
0.36739
0.37954
0.39337
0.40861
0.42488
0.44169
0.45845
0.47448
0.48905
0.50147
0.51111
0.51747
0.52022
0.51926
0.5147
0.50687
0.49626
0.48353
0.46937
0.45451
0.43963
0.42536
0.41221
0.40055
0.39068
0.38276
0.37686
0.37293
0.37089
0.37053
0.37164
0.3739
0.37698
0.38052
0.38413
0.38744
0.39012
0.39189
0.39252
0.39192
0.39007
0.38706
0.38309
0.37842
0.3734
0.3684
0.36381
0.36004
0.35748
0.35649
0.35741
0.36055
0.36621
0.37465
0.38612
0.40081
0.41892
0.44058
0.46586
0.49476
0.5272
0.56297
0.60176
0.64314
0.68654
0.73132
0.77673
0.822
0.86631
0.90885
0.94887
0.98564
1.0185
1.047
1.0705
1.0887
1.1013
1.1081
1.1091
1.1042
1.0936
1.0775
1.0563
1.0305
1.0007
0.96758
0.93193
0.89458
0.85641
0.81828
0.78102
0.74538
0.71204
0.68159
0.65447
0.63108
0.61167
0.59644
0.5855
0.57892
0.57671
0.57883
0.58521
0.59574
0.61023
0.62842
0.64997
0.67446
0.70133
0.72993
0.75952
0.78927
0.8183
0.84572
0.87066
0.89233
0.91006
0.9233
0.9317
0.93507
0.93343
0.92697
0.91604
0.90114
0.8829
0.86198
0.83914
0.81509
0.79058
0.76627
0.74279
0.72067
0.70037
0.68229
0.66671
0.65388
0.64397
0.6371
0.63335
0.63277
0.63535
0.6411
0.64996
0.66186
0.6767
0.69432
0.71455
0.73712
0.76175
0.78806
0.8156
0.84387
0.87229
0.90022
0.927
0.95192
0.97428
0.99342
1.0087
1.0196
1.0258
1.027
1.023
1.0141
1.0004
0.98241
0.96073
0.93609
0.90931
0.88126
0.85283
0.82487
0.79816
0.77339
0.75114
0.73188
0.71594
0.70353
0.69476
0.68963
0.68803
0.68977
0.69457
0.70207
0.71183
0.72336
0.73611
0.7495
0.76296
0.77593
0.78794
0.79857
0.80751
0.8146
0.81977
0.82312
0.82482
0.82517
0.8245
0.82321
0.8217
0.82034
0.81947
0.81938
0.82029
0.82232
0.82549
0.82972
0.83483
0.84054
0.84646
0.85215
0.85709
0.86073
0.86251
0.86192
0.8585
0.85188
0.84184
0.82829
0.8113
0.79109
0.76805
0.74266
0.71554
0.68731
0.65866
0.63025
0.60269
0.57652
0.55221
0.53014
0.51061
0.49384
0.48001
0.46922
0.46156
0.45708
0.45585
0.45789
0.46326
0.47199
0.48411
0.49964
0.51857
0.54083
0.5663
0.59481
0.62607
0.65971
0.69525
0.73214
0.76975
0.80743
0.84451
0.88036
0.91443
0.94627
0.97558
1.0022
1.026
1.0473
1.0661
1.0827
1.0975
1.1108
1.1227
1.1335
1.1436
1.1529
1.1615
1.1692
1.1756
1.1804
1.1828
1.1823
1.1782
1.1699
1.1567
1.1383
1.1143
1.0847
1.0497
1.0097
0.96554
0.91808
0.86844
0.81781
0.7674
0.71838
0.67179
0.62849
0.58917
0.55431
0.5242
0.49899
0.47871
0.46329
0.45262
0.44654
0.44488
0.44748
0.45412
0.46459
0.47863
0.49593
0.51612
0.53873
0.56324
0.58902
0.61539
0.64162
0.66694
0.69062
0.71195
0.73029
0.74514
0.75607
0.7628
0.76521
0.76328
0.75715
0.74706
0.73336
0.7165
0.697
0.67541
0.65234
0.6284
0.60422
0.58036
0.5574
0.53583
0.51611
0.49862
0.48373
0.47171
0.46281
0.45727
0.45525
0.45695
0.46252
0.4721
0.4858
0.50371
0.52582
0.55206
0.5822
0.61587
0.65248
0.69125
0.73114
0.77095
0.80929
0.84468
0.87568
0.90089
0.91916
0.9296
0.9317
0.92535
0.91086
0.88895
0.8607
0.82743
0.79066
0.75194
0.71279
0.67459
0.63853
0.60555
0.57635
0.55141
0.53101
0.51527
0.50418
0.49765
0.49551
0.49755
0.5035
0.51301
0.52572
0.54116
0.55881
0.57808
0.59831
0.61879
0.63879
0.65755
0.67437
0.68858
0.69961
0.70696
0.7103
0.70939
0.70416
0.69467
0.68115
0.66394
0.6435
0.62042
0.59535
0.56899
0.54207
0.51532
0.48939
0.46492
0.44244
0.4224
0.40516
0.39101
0.38019
0.37286
0.36917
0.36925
0.37321
0.38116
0.3932
0.40939
0.42974
0.45418
0.48254
0.51448
0.5495
0.58688
0.62575
0.66504
0.70359
0.7402
0.77368
0.80301
0.82732
0.84602
0.85882
0.86572
0.86701
0.86328
0.85528
0.84395
0.83029
0.81533
0.80009
0.7855
0.77239
0.76148
0.75336
0.74851
0.74726
0.74988
0.75651
0.7672
0.78192
0.80054
0.82283
0.8485
0.87712
0.9082
0.94114
0.97527
1.0099
1.0441
1.0772
1.1085
1.137
1.1621
1.1832
1.1998
1.2114
1.2178
1.2188
1.2144
1.2048
1.1903
1.1712
1.1483
1.122
1.0931
1.0625
1.0309
0.9992
0.96812
0.93842
0.91077
0.88574
0.86381
0.84535
0.83064
0.81984
0.81303
0.81019
0.81121
0.81588
0.8239
0.83488
0.84835
0.86374
0.88042
0.89768
0.91479
0.93102
0.94566
0.95804
0.96762
0.97395
0.97674
0.97587
0.97134
0.96333
0.95216
0.93824
0.92208
0.90424
0.8853
0.86583
0.84639
0.82747
0.80953
0.79293
0.778
0.76498
0.75405
0.74536
0.73899
0.73497
0.73334
0.73406
0.73709
0.74234
0.74971
0.75905
0.77016
0.78282
0.79674
0.81159
0.82699
0.84249
0.85763
0.87188
0.88475
0.89571
0.90429
0.91008
0.91274
0.91205
0.90791
0.90033
0.88947
0.8756
0.85911
0.84046
0.82017
0.7988
0.77691
0.75501
0.73362
0.71324
0.69428
0.677
0.66164
0.64841
0.63741
0.62874
0.6224
0.6184
0.6167
0.61724
0.61997
0.62479
0.63164
0.6404
0.65099
0.66327
0.6771
0.69232
0.70872
0.72606
0.74406
0.76236
0.78056
0.79821
0.81478
0.82973
0.84244
0.85232
0.85878
0.86125
0.85925
0.85241
0.84048
0.82338
0.80123
0.77433
0.74317
0.70843
0.67095
0.63164
0.5915
0.55149
0.51255
0.47548
0.44096
0.40951
0.3815
0.35716
0.33658
0.31981
0.3068
0.29749
0.29182
0.28972
0.29115
0.29612
0.30463
0.31671
0.33237
0.35163
0.37446
0.40097
0.43096
0.46393
0.49947
0.53708
0.57616
0.61607
0.6561
0.69557
0.73381
0.77023
0.80431
0.83563
0.86386
0.88875
0.91016
0.92802
0.94232
0.95312
0.9605
0.96461
0.96563
0.96377
0.95929
0.95245
0.94355
0.93292
0.92087
0.90773
0.89382
0.87941
0.86475
0.85007
0.83551
0.82117
0.8071
0.79331
0.77975
0.76634
0.75298
0.73958
0.72605
0.71235
0.69845
0.6844
0.67029
0.6563
0.64262
0.62951
0.61727
0.60621
0.59665
0.58888
0.58319
0.57983
0.57903
0.58094
0.58569
0.59335
0.60393
0.61739
0.6336
0.65239
0.67352
0.69668
0.72152
0.74764
0.77463
0.80207
0.82955
0.8567
0.88323
0.90889
0.93353
0.95705
0.97948
1.0009
1.0214
1.0411
1.0604
1.0793
1.0982
1.1172
1.1366
1.1564
1.1769
1.1982
1.2201
1.2428
1.2662
1.29
1.3141
1.3383
1.3621
1.3852
1.407
1.4272
1.4451
1.4603
1.472
1.4799
1.4834
1.4823
1.4761
1.4647
1.4482
1.4267
1.4004
1.3697
1.3353
1.2977
1.2577
1.2161
1.1735
1.1306
1.0882
1.0468
1.0068
0.96861
0.9324
0.89828
0.86627
0.83629
0.80819
0.78178
0.75683
0.73312
0.71041
0.68852
0.6673
0.64666
0.62657
0.60707
0.58826
0.57029
0.55337
0.53772
0.52361
0.5113
0.50105
0.4931
0.48767
0.48496
0.48514
0.48833
0.49464
0.50408
0.51664
0.53222
0.55062
0.57155
0.59457
0.61915
0.6446
0.67014
0.69489
0.71792
0.7383
0.75514
0.76765
0.7752
0.77733
0.77382
0.76467
0.75008
0.7305
0.70652
0.6789
0.64847
0.61611
0.58272
0.54912
0.51608
0.48426
0.45421
0.42635
0.40102
0.37842
0.3587
0.34192
0.32811
0.31728
0.30941
0.30448
0.30249
0.30346
0.30741
0.3144
0.32448
0.33771
0.35414
0.37378
0.39661
0.42251
0.45129
0.48263
0.5161
0.55112
0.58703
0.62306
0.65839
0.69218
0.72364
0.75204
0.77679
0.79745
0.81373
0.82554
0.83295
0.83618
0.83558
0.83162
0.82481
0.81571
0.80488
0.79287
0.78017
0.76725
0.75448
0.74219
0.73062
0.71995
0.71032
0.70179
0.69438
0.68809
0.68286
0.67864
0.67534
0.67286
0.6711
0.66997
0.66935
0.66915
0.66927
0.66964
0.67017
0.6708
0.67147
0.6721
0.67266
0.6731
0.67337
0.67344
0.67328
0.67287
0.67219
0.67127
0.67011
0.66878
0.66734
0.66591
0.66463
0.66366
0.66321
0.66353
0.66487
0.66753
0.67179
0.67796
0.68636
0.69725
0.7109
0.72754
0.7473
0.77029
0.79646
0.82568
0.85765
0.89193
0.92789
0.96473
1.0015
1.0371
1.0702
1.0998
1.1245
1.1431
1.1548
1.1586
1.1541
1.1411
1.1197
1.0903
1.0537
1.0109
0.96322
0.91205
0.85889
0.80525
0.75258
0.70213
0.65498
0.61203
0.57392
0.5411
0.51389
0.49246
0.47694
0.46747
0.46417
0.46726
0.47705
0.49391
0.51834
0.55088
0.59211
0.64255
0.70261
0.77243
0.85178
0.93998
1.0358
1.1376
1.243
1.3496
1.4546
1.5552
1.6491
1.734
1.8083
1.8708
1.9209
1.9587
1.9845
1.9995
2.0048
2.0021
1.9931
1.9795
1.9631
1.9455
1.9282
1.9123
1.8988
1.8883
1.8811
1.8775
1.8771
1.8795
1.8841
1.8901
1.8964
1.9021
1.9061
1.9073
1.9047
1.8974
1.8848
1.8662
1.8415
1.8099
1.7717
1.7282
1.68
1.6279
1.5727
1.5153
1.4568
1.3979
1.3395
1.2823
1.227
1.1741
1.124
1.0772
1.0338
0.99411
0.95829
0.92648
0.8988
0.87535
0.85624
0.84155
0.83138
0.8258
0.82489
0.82869
0.8372
0.8504
0.8682
0.89044
0.91687
0.94714
0.98082
1.0174
1.0561
1.0965
1.1377
1.1791
1.2201
1.2601
1.2988
1.336
1.3716
1.4057
1.4387
1.4709
1.5027
1.5347
1.5672
1.6008
1.6355
1.6715
1.7086
1.7464
1.7842
1.8211
1.8561
1.8877
1.9147
1.9355
1.9488
1.9531
1.9475
1.9312
1.9036
1.8649
1.8155
1.7562
1.6883
1.6135
1.5336
1.4508
1.367
1.2844
1.2048
1.1298
1.0607
0.99843
0.94363
0.89665
0.8576
0.8264
0.80286
0.78669
0.77758
0.77517
0.77909
0.78894
0.80431
0.82475
0.84975
0.87877
0.91119
0.94635
0.98355
1.022
1.0611
1.1001
1.1384
1.1754
1.2107
1.2441
1.2753
1.3044
1.3313
1.3563
1.3795
1.4012
1.4214
1.4404
1.4582
1.4746
1.4894
1.5024
1.5129
1.5204
1.5243
1.5237
1.5181
1.5069
1.4897
1.4661
1.4364
1.4007
1.3597
1.3143
1.2655
1.2147
1.1633
1.1125
1.0638
1.0182
0.97679
0.94031
0.90928
0.88401
0.86458
0.85089
0.84266
0.83945
0.84067
0.84558
0.85334
0.86297
0.87345
0.88372
0.89272
0.89949
0.90321
0.90326
0.89924
0.89104
0.87879
0.86291
0.84398
0.82277
0.80014
0.77699
0.75418
0.73251
0.71269
0.69529
0.68076
0.66941
0.66146
0.65698
0.65598
0.65835
0.66393
0.67244
0.68354
0.69682
0.71177
0.72783
0.74437
0.76072
0.77616
0.79
0.80156
0.8102
0.8154
0.81672
0.81387
0.80673
0.79532
0.77984
0.76063
0.73816
0.71303
0.68588
0.65739
0.62825
0.5991
0.57053
0.54302
0.51697
0.49267
0.47033
0.45006
0.43188
0.41576
0.40162
0.38935
0.37881
0.36983
0.36227
0.35597
0.35077
0.34655
0.34318
0.34056
0.33862
0.3373
0.33656
0.33636
0.33671
0.3376
0.33905
0.34108
0.34371
0.34697
0.3509
0.35552
0.36089
0.36704
0.37404
0.38196
0.39087
0.40088
0.41211
0.4247
0.43881
0.4546
0.47226
0.49198
0.51394
0.53831
0.56523
0.59479
0.62702
0.66186
0.69916
0.73867
0.78
0.82264
0.86598
0.90933
0.9519
0.99292
1.0316
1.0672
1.0991
1.1269
1.1502
1.1687
1.1826
1.192
1.1972
1.1986
1.1967
1.192
1.1852
1.1767
1.1671
1.1567
1.146
1.135
1.124
1.1128
1.1013
1.0894
1.0766
1.0625
1.0467
1.0287
1.0081
0.98435
0.9572
0.92644
0.892
0.854
0.81273
0.76869
0.72253
0.67504
0.6271
0.5796
0.53344
0.48958
0.44868
0.41103
0.37701
0.34686
0.32066
0.29838
0.2799
0.26507
0.25368
0.24557
0.24055
0.23847
0.23923
0.24272
0.24889
0.25768
0.26905
0.28295
0.29931
0.31804
0.339
0.36203
0.38687
0.41324
0.4408
0.46914
0.49784
0.52643
0.55443
0.58137
0.60679
0.63027
0.65145
0.67004
0.68579
0.69859
0.70835
0.71511
0.71896
0.72005
0.71857
0.71477
0.70889
0.70119
0.69192
0.68134
0.66965
0.65707
0.64381
0.63003
0.61594
0.6017
0.58753
0.57362
0.56019
0.54748
0.53571
0.52514
0.51602
0.50858
0.50304
0.49971
0.49862
0.4997
0.50302
0.50866
0.51661
0.52685
0.5393
0.5538
0.57014
0.588
0.607
0.62665
0.64639
0.66561
0.68363
0.69978
0.71343
0.72399
0.73098
0.73406
0.73307
0.72799
0.71902
0.70649
0.69089
0.67284
0.653
0.6321
0.61084
0.58992
0.56994
0.55144
0.5349
0.52068
0.50908
0.50034
0.49464
0.49212
0.49289
0.49703
0.50462
0.51571
0.53034
0.54853
0.57024
0.59543
0.62397
0.65568
0.69028
0.72741
0.76662
0.80735
0.84897
0.89077
0.93199
0.97184
1.0095
1.0443
1.0754
1.1023
1.1244
1.1413
1.1528
1.1586
1.1587
1.1533
1.1425
1.1267
1.1063
1.0817
1.0536
1.0225
0.989
0.95385
0.91765
0.88103
0.84457
0.80878
0.77415
0.74103
0.70974
0.68047
0.65335
0.62841
0.6056
0.5848
0.56583
0.54844
0.53236
0.51727
0.50285
0.48877
0.47472
0.46043
0.44569
0.43034
0.41432
0.39766
0.38045
0.36287
0.34518
0.32767
0.31063
0.29437
0.27919
0.26533
0.25301
0.24238
0.23359
0.2267
0.2218
0.2189
0.21806
0.21927
0.22257
0.22794
0.23538
0.24486
0.25631
0.26963
0.28465
0.30116
0.31884
0.33736
0.35629
0.37518
0.39355
0.41095
0.42694
0.44117
0.45333
0.46323
0.47078
0.47597
0.47887
0.47963
0.47843
0.47551
0.4711
0.46544
0.45877
0.4513
0.44324
0.43476
0.42602
0.41718
0.40836
0.3997
0.39131
0.38331
0.37581
0.36893
0.36276
0.3574
0.35295
0.34947
0.34704
0.3457
0.34549
0.34643
0.34851
0.35173
0.35603
0.36136
0.36764
0.37477
0.38264
0.39111
0.40005
0.40932
0.41875
0.42821
0.43754
0.44661
0.45528
0.46343
0.47095
0.47772
0.48365
0.48864
0.4926
0.49548
0.49719
0.49769
0.49695
0.49497
0.49178
0.48744
0.48203
0.47568
0.46853
0.46078
0.45259
0.44417
0.43571
0.4274
0.41941
0.41187
0.40492
0.39864
0.3931
0.38835
0.38441
0.3813
0.37901
0.37754
0.3769
0.3771
0.37816
0.38014
0.3831
0.38713
0.39233
0.39884
0.40681
0.41637
0.42769
0.4409
0.45612
0.47343
0.49286
0.51437
0.53781
0.56296
0.58946
0.61685
0.64454
0.67186
0.69805
0.72232
0.7439
0.76208
0.77624
0.78594
0.79091
0.79108
0.78659
0.77777
0.76513
0.74929
0.73097
0.71093
0.68991
0.66862
0.64769
0.62764
0.60891
0.5918
0.57651
0.56315
0.55171
0.54213
0.53426
0.5279
0.52279
0.51865
0.51516
0.51201
0.50887
0.50546
0.50149
0.49676
0.49111
0.48447
0.47681
0.46822
0.45884
0.44887
0.43857
0.42824
0.41821
0.40879
0.4003
0.39307
0.38737
0.38349
0.38167
0.38214
0.38513
0.39081
0.39939
0.41099
0.42576
0.44377
0.46501
0.48941
0.51676
0.54672
0.57893
0.61281
0.64745
0.68173
0.71442
0.74419
0.76978
0.79002
0.80393
0.81084
0.81037
0.80254
0.7877
0.76654
0.74003
0.70933
0.67571
0.64045
0.60478
0.56979
0.53641
0.50536
0.47719
0.45225
0.43073
0.41272
0.39821
0.38714
0.37941
0.37488
0.37345
0.37498
0.37937
0.3865
0.39627
0.40857
0.42329
0.44033
0.45954
0.48079
0.5039
0.52869
0.55492
0.58235
0.6107
0.63966
0.66886
0.69795
0.72654
0.75421
0.78056
0.8052
0.82775
0.84789
0.86534
0.87989
0.89141
0.89985
0.90523
0.90769
0.9074
0.90462
0.89957
0.8925
0.88381
0.87386
0.86306
0.85177
0.84037
0.8292
0.81859
0.80882
0.80013
0.79274
0.78679
0.78242
0.77969
0.77863
0.77922
0.78139
0.78502
0.78994
0.79596
0.80281
0.81022
0.81788
0.82547
0.83266
0.83915
0.84465
0.84894
0.85184
0.85324
0.85311
0.8515
0.84851
0.84433
0.83916
0.83328
0.82693
0.82039
0.81388
0.80762
0.80175
0.79636
0.79146
0.78701
0.78287
0.77887
0.77474
0.77021
0.76492
0.75854
0.75072
0.74115
0.72953
0.71566
0.6994
0.6807
0.65961
0.63628
0.61096
0.58397
0.55571
0.5266
0.49713
0.46775
0.43891
0.41101
0.38441
0.35941
0.33625
0.3151
0.29608
0.27926
0.26468
0.25235
0.24226
0.2344
0.22876
0.22534
0.22417
0.22528
0.22874
0.23465
0.24313
0.2543
0.26832
0.28532
0.30544
0.32876
0.3553
0.385
0.41768
0.45304
0.49064
0.52991
0.57017
0.61063
0.65049
0.68892
0.72517
0.75855
0.78851
0.81465
0.83673
0.85467
0.86855
0.87857
0.88503
0.88831
0.88886
0.88712
0.88354
0.87856
0.87255
0.86585
0.85871
0.85135
0.84388
0.83637
0.82883
0.8212
0.8134
0.80528
0.7967
0.7875
0.7775
0.76656
0.75456
0.7414
0.72704
0.71148
0.69479
0.67707
0.65849
0.63926
0.61962
0.59987
0.58031
0.56124
0.54299
0.52587
0.51019
0.49622
0.48424
0.47449
0.46722
0.46265
0.461
0.46248
0.4673
0.47568
0.48783
0.50394
0.52419
0.54872
0.57758
0.61077
0.64812
0.68933
0.73392
0.78122
0.83035
0.88028
0.92984
0.97777
1.0228
1.0637
1.0995
1.1292
1.1522
1.1681
1.1768
1.1784
1.1735
