1.4478
1.4498
1.4157
1.4157
1.4157
1.4258
1.4359
1.4713
1.5471
1.6483
1.7342
1.7797
1.7747
1.719
1.6129
1.441
1.2337
1.0163
0.80896
0.64211
0.50054
0.39437
0.31853
0.26797
0.26797
0.28314
0.32864
0.39437
0.46515
0.57638
0.68256
0.8039
0.92019
1.0415
1.1275
1.1477
1.1022
0.95558
0.80391
0.69772
0.61683
0.56627
0.53594
0.53088
0.50054
0.40954
0.32358
0.22246
0.1264
0.09101
0.10618
0.16179
0.2528
0.33875
0.42976
0.5056
0.54605
0.54604
0.51571
0.5056
0.49549
0.47526
0.43987
0.40448
0.31853
0.22246
0.16179
0.11629
0.091009
0.09101
0.15673
0.23763
0.28819
0.27809
0.38931
0.54604
0.65221
0.66234
0.63201
0.67245
0.60165
0.46009
0.28314
0.25786
0.39942
0.59154
0.83423
1.1022
1.4612
1.7696
1.9971
2.1437
2.1994
2.169
2.0881
1.9617
1.7848
1.6078
1.441
1.2943
1.1376
1.0011
0.91513
0.8494
0.79885
0.79885
0.85446
0.88985
0.91008
0.95053
1.0264
1.1174
1.2387
1.4207
1.6078
1.7696
1.9314
2.0578
2.1185
2.1437
2.1539
2.1387
2.1033
2.0325
1.9466
1.81
1.623
1.4106
1.1275
0.85446
0.61177
0.40447
0.23258
0.14157
0.11123
0.10617
0.096063
0.091009
0.12134
0.13651
0.21235
0.26291
0.31853
0.35898
0.35392
0.33369
0.26797
0.23763
0.25786
0.3438
0.43987
0.47021
0.46516
0.47021
0.44492
0.41459
0.35898
0.3792
0.41965
0.43987
0.42976
0.40448
0.41459
0.46009
0.52077
0.60672
0.70278
0.77357
0.83424
0.81907
0.75334
0.64211
0.52582
0.41964
0.32864
0.299
0.33577
0.39734
0.39849
0.38961
0.39569
0.4265
0.43727
0.46762
0.58562
0.72143
0.81264
0.87456
0.941
0.99781
1.0072
0.97881
0.97431
0.94614
0.90365
0.9042
0.89524
0.93462
0.98408
1.0244
0.98685
0.84064
0.68265
0.52836
0.41136
0.39497
0.50054
0.69266
0.87974
0.96064
0.94042
0.79379
0.62188
0.4702
0.38931
0.38426
0.47021
0.60166
0.70278
0.78368
0.81907
0.86963
0.86457
0.84941
0.77357
0.64717
0.51065
0.37919
0.26796
0.17697
0.20224
0.26291
0.38425
0.49548
0.59155
0.6674
0.65729
0.62694
0.52076
0.40953
0.30336
0.23258
0.23763
0.27808
0.33369
0.39942
0.49549
0.57638
0.65223
0.71795
0.7584
0.74828
0.65222
0.55616
0.51065
0.48538
0.56627
0.73312
0.96063
1.1376
1.1932
1.173
1.0921
0.95558
0.82413
0.75334
0.72301
0.71795
0.6775
0.57639
0.53088
0.52077
0.56627
0.64716
0.75334
0.8848
0.9303
0.8848
0.75839
0.5966
0.47021
0.4247
0.4601
0.58649
0.79884
1.0466
1.3044
1.5471
1.7342
1.8454
1.9112
1.9466
1.8859
1.7241
1.4915
1.1932
0.89996
0.67244
0.53594
0.51066
0.58649
0.74322
0.87468
0.88986
0.81908
0.67245
0.52076
0.37919
0.26796
0.17191
0.14157
0.17696
0.20223
0.19212
0.15168
0.16685
0.23763
0.33875
0.48537
0.66739
0.86458
1.0365
1.1427
1.1983
1.2033
1.2235
1.2741
1.3702
1.5421
1.7696
2.0072
2.1892
2.26
2.2095
2.0224
1.6938
1.2943
0.91007
0.58649
0.3792
0.26292
0.25785
0.26796
0.24269
0.25786
0.29325
0.31347
0.34886
0.38931
0.46009
0.47573
0.42634
0.39734
0.30812
0.24387
0.18419
0.16486
0.19154
0.20785
0.24937
0.32546
0.41522
0.51835
0.61541
0.68284
0.74516
0.78823
0.86951
0.96997
1.0708
1.1531
1.2121
1.2045
1.1099
0.91234
0.7319
0.66291
0.66278
0.73629
0.85753
1.0304
1.1629
1.2185
1.2236
1.1679
1.087
1.0213
0.95556
0.81907
0.66235
0.55111
0.44998
0.33874
0.22247
0.16179
0.14157
0.1264
0.12135
0.14157
0.18707
0.23257
0.28313
0.32865
0.41965
0.54605
0.69266
0.84434
0.94547
1.0011
0.9657
0.83425
0.67244
0.49547
0.31852
0.21741
0.17191
0.19718
0.25785
0.3893
0.55615
0.70785
0.85953
0.9657
1.0163
1.0365
1.0567
1.0415
1.0163
0.9657
0.8848
0.74323
0.60166
0.50053
0.39942
0.31854
0.32359
0.35391
0.33369
0.26293
0.2427
0.273
0.21235
0.17697
0.21742
0.34379
0.46008
0.56122
0.69774
0.80896
0.87467
0.82412
0.68256
0.541
0.43987
0.36907
0.28314
0.24775
0.30336
0.39436
0.52582
0.69773
0.94547
1.1983
1.4308
1.6432
1.8303
1.9971
2.1336
2.2701
2.3915
2.4623
2.4774
2.4319
2.3409
2.2246
2.0831
1.8758
1.5876
1.2438
0.95558
0.76345
0.632
0.58145
0.62189
0.72805
0.79378
0.81907
0.83425
0.89492
1.0011
1.1629
1.3853
1.5977
1.7999
1.9415
1.9921
1.9314
1.7595
1.5067
1.2185
0.95053
0.78368
0.72301
0.75334
0.85951
0.95558
1.0567
1.1275
1.1882
1.2337
1.2236
1.2286
1.1831
1.0921
0.95052
0.8393
0.77357
0.73312
0.70278
0.6421
0.5612
0.4601
0.40954
0.44493
0.59154
0.82878
1.114
1.3848
1.6179
1.7697
1.8369
1.8114
1.7286
1.5989
1.4516
1.2916
1.1327
1.0129
0.93147
0.90269
0.90739
0.95979
1.0314
1.1175
1.2185
1.282
1.3175
1.3103
1.2792
1.2334
1.1629
1.1163
1.0395
0.96708
0.92836
0.95986
1.0365
1.1275
1.264
1.4005
1.532
1.6179
1.6836
1.6988
1.6836
1.6483
1.5825
1.4865
1.3651
1.2539
1.173
1.1376
1.1578
1.2185
1.3045
1.4207
1.5168
1.537
1.5117
1.4662
1.4258
1.4056
1.4207
1.5421
1.6786
1.8657
2.0477
2.1892
2.2803
2.2904
2.2347
2.0123
1.6735
1.2792
0.95556
0.6876
0.50056
0.43483
0.47021
0.55613
0.60671
0.64212
0.69268
0.73819
0.80896
0.89489
0.95556
0.97075
0.93538
0.84942
0.70278
0.52582
0.37414
0.28818
0.23763
0.23764
0.31347
0.44492
0.61177
0.81906
1.0213
1.2438
1.4258
1.5623
1.5926
1.4258
1.1831
0.89491
0.66233
0.50559
0.40954
0.40448
0.4247
0.43482
0.45504
0.48031
0.49042
0.46516
0.42979
0.47525
0.47523
0.40953
0.35394
0.36404
0.40952
0.41964
0.41459
0.41458
0.37413
0.30842
0.27809
0.27303
0.29324
0.2983
0.30336
0.30842
0.31348
0.3337
0.37414
0.40953
0.46513
0.45506
0.52584
0.65221
0.7685
0.89997
1.0466
1.2893
1.4359
1.441
1.3601
1.2185
1.0668
0.87972
0.67243
0.50054
0.37922
0.33876
0.33369
0.34884
0.32358
0.28821
0.30336
0.31852
0.32863
0.33371
0.40448
0.51063
0.56626
0.63706
0.70281
0.81908
0.92523
0.95557
0.92523
0.7938
0.69774
0.66233
0.65222
0.71795
0.82376
0.98869
1.1261
1.2126
1.3276
1.4609
1.6317
1.8398
2.032
2.1417
2.1845
2.1563
2.0911
1.9986
1.9025
1.8547
1.8504
1.9084
2.015
2.1277
2.2228
2.3049
2.3259
2.2655
2.1323
1.9102
1.6272
1.2917
0.97319
0.67314
0.41013
0.26797
0.18201
0.14661
0.11124
0.13652
0.21234
0.30336
0.48537
0.73312
1.0415
1.35
1.6432
1.8656
1.987
2.0426
2.0173
1.9668
1.8859
1.8151
1.714
1.5269
1.2792
0.99605
0.74322
0.5157
0.34886
0.26797
0.23764
0.2983
0.40952
0.55614
0.71292
0.94044
1.2286
1.4662
1.6432
1.6988
1.7292
1.6382
1.5117
1.3398
1.1073
0.97074
0.85952
0.8039
0.74323
0.66234
0.56122
0.47525
0.40447
0.34381
0.32866
0.38932
0.51569
0.61176
0.70279
0.80392
0.91514
0.99097
1.0011
0.94042
0.81907
0.67244
0.54604
0.44493
0.42977
0.48032
0.59154
0.71794
0.84435
0.97075
1.0769
1.1578
1.173
1.1325
0.96568
0.75334
0.58144
0.48538
0.50054
0.61177
0.82918
1.1578
1.4865
1.7949
2.073
2.3258
2.5735
2.7707
2.9274
3.0184
3.0184
2.9274
2.7454
2.4067
1.9769
1.5016
1.0921
0.814
0.65729
0.67246
0.8039
1.0011
1.1477
1.178
1.1224
1.0112
0.83929
0.65224
0.48539
0.35391
0.24772
0.15167
0.096074
0.11123
0.15168
0.26795
0.44491
0.63706
0.84943
1.0517
1.2589
1.3803
1.4308
1.4106
1.2842
1.0213
0.81403
0.71288
0.6775
0.74829
0.89998
1.1629
1.3651
1.4865
1.5825
1.6988
1.8606
2.0376
2.2347
2.4319
2.5684
2.5735
2.4673
2.2652
2.0095
1.733
1.4746
1.2293
1.0064
0.81966
0.61434
0.47254
0.34963
0.27537
0.23054
0.22598
0.31196
0.39643
0.47003
0.54296
0.62507
0.7357
0.82702
0.8706
0.87598
0.85247
0.751
0.62387
0.505
0.42457
0.42853
0.47176
0.62695
0.79351
0.93536
1.0264
1.0719
1.0668
0.98592
0.81907
0.63706
0.45504
0.28313
0.16179
0.070786
0.070784
0.10112
0.11123
0.19718
0.36403
0.632
0.90502
1.1528
1.4056
1.537
1.5471
1.4258
1.2741
1.1325
0.98086
0.82412
0.65222
0.52582
0.43987
0.3792
0.36909
0.40448
0.47021
0.5056
0.4702
0.3792
0.30336
0.26291
0.27302
0.35392
0.48537
0.61177
0.67751
0.67245
0.62694
0.51065
0.36403
0.26291
0.25786
0.31853
0.42976
0.57638
0.74828
0.88985
0.97581
1.0314
1.0213
1.0163
0.99097
0.9758
0.91007
0.78368
0.64212
0.49043
0.34886
0.19718
0.091008
0.045506
0.050561
0.09606
0.1264
0.20224
0.29325
0.38426
0.47021
0.54605
0.66233
0.8039
1.0061
1.2236
1.4258
1.5926
1.6988
1.6988
1.5775
1.3955
1.1528
0.87469
0.61683
0.39942
0.25785
0.17696
0.15168
0.13651
0.15674
0.22246
0.25785
0.29325
0.3337
0.44998
0.54604
0.632
0.76851
0.87974
0.98592
1.0163
1.0415
1.0921
1.1224
1.1629
1.2185
1.2842
1.3752
1.4258
1.4258
1.4359
1.4511
1.5067
1.4865
1.4359
1.3601
1.2589
1.1275
0.98592
0.91514
0.88986
0.92524
0.96569
1.0061
1.0163
0.99603
0.92019
0.79885
0.65728
0.51065
0.37414
0.30842
0.34886
0.46009
0.632
0.81401
0.9657
1.0213
0.97499
0.89299
0.82728
0.82159
0.89484
0.98685
1.0779
1.1003
0.9877
0.8808
0.85621
0.94189
1.089
1.2686
1.5
1.637
1.642
1.5387
1.4072
1.2946
1.1387
0.92894
0.80409
0.73151
0.63367
0.49014
0.39463
0.47351
0.55671
0.61668
0.71789
0.91009
1.1881
1.4207
1.5825
1.7645
1.9769
2.1842
2.3409
2.5078
2.6797
2.8061
2.8465
2.8263
2.7201
2.5533
2.3258
2.0578
1.7746
1.4966
1.3297
1.1932
1.1376
1.1578
1.2387
1.3398
1.4308
1.532
1.6027
1.6634
1.6938
1.6938
1.6331
1.5067
1.3398
1.1325
0.94548
0.81401
0.69267
0.59155
0.48032
0.40448
0.37919
0.33875
0.34886
0.37415
0.44492
0.51065
0.58144
0.66739
0.73312
0.8039
0.88985
0.96063
0.99097
1.0213
1.0719
1.1224
1.1477
1.1629
1.1528
1.1477
1.1477
1.1629
1.1882
1.2337
1.2994
1.3499
1.3702
1.3803
1.3702
1.36
1.2994
1.2084
1.0719
0.86965
0.6775
0.47525
0.30335
0.17191
0.12135
0.15168
0.19213
0.27807
0.3438
0.36909
0.32865
0.30336
0.29324
0.26796
0.24269
0.22753
0.25786
0.28313
0.30841
0.31853
0.36403
0.40954
0.46515
0.54605
0.632
0.74828
0.8393
0.93536
0.96064
0.89997
0.7584
0.61178
0.50053
0.37919
0.27809
0.21236
0.22751
0.21234
0.1719
0.15169
0.20224
0.30335
0.42469
0.51065
0.54605
0.52584
0.51065
0.48031
0.42976
0.44493
0.53088
0.70783
0.87974
1.0213
1.1174
1.1477
1.1578
1.1325
1.1022
1.0719
1.0769
1.1073
1.1528
1.1629
1.1123
1.082
1.0719
1.0921
1.0567
1.0556
1.0686
1.1062
1.1532
1.1949
1.2509
1.2674
1.2309
1.1034
0.90967
0.69247
0.51319
0.42056
0.41594
0.47973
0.55267
0.63957
0.74522
0.81718
0.89408
0.98088
1.097
1.1852
1.1825
1.1265
1.0064
0.84556
0.71742
0.64225
0.67715
0.79351
0.99097
1.1983
1.3348
1.3853
1.3044
1.0972
0.92524
0.79883
0.71794
0.67245
0.67246
0.7129
0.63705
0.51064
0.35391
0.21236
0.17697
0.21235
0.32357
0.48537
0.68256
0.89492
1.0618
1.2033
1.2741
1.2488
1.1325
0.9303
0.74324
0.62695
0.59661
0.65727
0.76345
0.92525
1.082
1.2033
1.2337
1.2185
1.2033
1.1881
1.1073
0.95559
0.83424
0.72301
0.66233
0.6421
0.64211
0.63706
0.62189
0.55111
0.4702
0.33874
0.22246
0.15674
0.14157
0.2174
0.27302
0.3893
0.42977
0.43483
0.38932
0.2983
0.22244
0.10617
0.060677
0.065731
0.11123
0.16684
0.19213
0.2073
0.22752
0.22246
0.23763
0.2528
0.30842
0.43987
0.59155
0.76345
0.8848
0.96064
0.99602
0.9303
0.82918
0.70784
0.58649
0.48032
0.41965
0.39942
0.38425
0.35393
0.35392
0.35897
0.32358
0.25786
0.23258
0.25785
0.26291
0.25785
0.23764
0.26797
0.30841
0.3337
0.36909
0.42976
0.50053
0.50053
0.43988
0.43482
0.5056
0.66232
0.83423
1.0213
1.1882
1.2033
1.0516
0.85952
0.68255
0.56627
0.51066
0.60672
0.83928
1.0971
1.3752
1.6179
1.8353
1.9465
1.9718
1.9213
1.8202
1.7241
1.623
1.6078
1.6533
1.6786
1.628
1.5017
1.2944
1.0011
0.68254
0.38423
0.18201
0.085962
0.096067
0.1365
0.16245
0.17907
0.18036
0.19693
0.25398
0.31063
0.3668
0.41251
0.41828
0.43872
0.40976
0.40043
0.37125
0.34681
0.35197
0.30726
0.28215
0.28193
0.34646
0.44962
0.57131
0.65369
0.65358
0.58005
0.50571
0.47526
0.50923
0.62301
0.85042
1.1578
1.4487
1.6735
1.805
1.8404
1.7746
1.6078
1.3904
1.1477
0.88985
0.65222
0.47526
0.37415
0.35898
0.39942
0.49548
0.63199
0.73312
0.79379
0.79379
0.72806
0.5865
0.48032
0.44492
0.40448
0.3792
0.36909
0.41459
0.43481
0.39942
0.36909
0.34381
0.31853
0.2983
0.23763
0.20224
0.17696
0.14157
0.13146
0.13651
0.17696
0.21235
0.23763
0.24775
0.2882
0.35897
0.44998
0.55616
0.69267
0.82918
0.91008
0.90503
0.83423
0.69772
0.53593
0.41965
0.40448
0.46009
0.56121
0.69772
0.81907
0.87469
0.85952
0.80896
0.76345
0.74323
0.80896
0.94546
1.0769
1.2134
1.2994
1.2893
1.1528
0.92525
0.75334
0.64211
0.60672
0.66739
0.84435
1.1224
1.3853
1.6028
1.805
1.987
2.1235
2.1943
2.2095
2.1842
2.1286
2.073
2.0072
1.9466
1.8606
1.7797
1.628
1.3651
1.0769
0.92019
0.87468
0.89491
1.0415
1.3499
1.7443
2.0224
2.1842
2.2449
2.1842
1.9971
1.7241
1.3955
1.0618
0.77863
0.5511
0.39941
0.2528
0.18202
0.16685
0.20224
0.28819
0.41964
0.62694
0.86458
1.1679
1.441
1.6735
1.8606
2.0274
2.1741
2.2803
2.3864
2.4623
2.528
2.5684
2.619
2.6797
2.7757
2.9375
3.0943
3.2105
3.2055
3.0993
2.887
2.6139
2.3156
2.0325
1.805
1.6402
1.504
1.35
1.1681
1.0031
0.86441
0.77081
0.72664
0.75076
0.80368
0.86581
0.88929
0.82197
0.68764
0.51382
0.40143
0.34206
0.36663
0.47446
0.64903
0.82256
0.94335
1.0263
1.0567
1.0438
1.0162
0.98838
0.98009
0.94213
0.90336
0.87417
0.79379
0.66739
0.54099
0.49043
0.48537
0.4601
0.43988
0.45504
0.43481
0.34886
0.2528
0.23763
0.28819
0.41459
0.59155
0.76345
0.88985
0.92019
0.89491
0.82412
0.73817
0.68256
0.61177
0.58144
0.49043
0.48032
0.5056
0.51065
0.53088
0.55616
0.69267
0.78873
0.89997
1.0365
1.2337
1.4561
1.6836
1.8555
1.9466
1.9718
1.8909
1.6988
1.4157
1.0921
0.77357
0.51571
0.30336
0.1719
0.096064
0.070784
0.080895
0.080898
0.1719
0.2983
0.47526
0.69267
0.93536
1.1629
1.3095
1.3853
1.3702
1.2488
1.0567
0.86963
0.723
0.62694
0.62189
0.71289
0.86457
1.0061
1.0972
1.1679
1.1679
1.1477
1.1073
1.0719
1.1022
1.178
1.3196
1.4865
1.6685
1.8606
2.0123
2.1033
2.1437
2.0932
2.0325
2.0274
2.0578
2.1387
2.1589
2.1589
2.0022
1.6483
1.3146
1.0112
0.83929
0.77357
0.82918
0.99097
1.087
1.0921
1.0668
1.0264
1.0163
1.0112
0.98591
0.92524
0.7584
0.65223
0.59661
0.60166
0.632
0.68761
0.77357
0.79379
0.76851
0.71289
0.61683
0.53088
0.48032
0.48032
0.51065
0.57638
0.71289
0.91008
1.1426
1.3146
1.441
1.4713
1.4359
1.2792
1.0264
0.87974
0.79885
0.83929
0.89491
1.0061
1.1629
1.2235
1.2286
1.1831
1.1932
1.2842
1.3933
1.4693
1.534
1.5784
1.5192
1.3632
1.1411
0.90166
0.70707
0.53194
0.42455
0.33106
0.27654
0.28694
0.23673
0.19085
0.16496
0.19056
0.23612
0.23562
0.2451
0.23418
0.20275
0.14011
0.09754
0.075712
0.080074
0.094659
0.12398
0.20401
0.30405
0.41965
0.51066
0.57638
0.62694
0.63705
0.65222
0.65728
0.68762
0.71795
0.72806
0.70783
0.6219
0.60167
0.61177
0.66739
0.7685
0.84436
0.94041
0.91514
0.80896
0.63705
0.47021
0.38931
0.35897
0.34381
0.33371
0.36909
0.37919
0.3539
0.2528
0.20731
0.25785
0.3438
0.46514
0.59156
0.76852
0.93536
1.0314
1.087
1.0719
1.0314
0.96064
0.8848
0.82918
0.8039
0.83928
0.87974
0.92019
0.91009
0.84941
0.73311
0.56626
0.41964
0.31853
0.27303
0.30336
0.35391
0.38425
0.3792
0.35898
0.3337
0.27808
0.2073
0.15674
0.14156
0.11123
0.10618
0.1264
0.1719
0.21235
0.23258
0.2528
0.28819
0.32358
0.37415
0.49549
0.68761
0.93535
1.1629
1.3601
1.4966
1.537
1.4713
1.3146
1.082
0.83929
0.6421
0.49548
0.37415
0.2882
0.23258
0.18706
0.13145
0.075844
0.065733
0.091009
0.15673
0.22751
0.30336
0.3691
0.43482
0.48537
0.54099
0.65727
0.80895
0.98087
1.1679
1.355
1.4865
1.537
1.5471
1.5269
1.4612
1.3955
1.3196
1.264
1.1882
1.1578
1.1426
1.1174
1.1123
1.1073
1.1275
1.1123
1.0769
1.0264
1.0112
1.0314
1.0668
1.1022
1.1477
1.173
1.173
1.087
0.95558
0.81401
0.66739
0.58143
0.52077
0.53088
0.61177
0.74323
0.92018
1.087
1.2623
1.4643
1.6285
1.7514
1.8582
1.9298
1.9621
1.951
1.9212
1.8636
1.7401
1.5611
1.336
1.0409
0.78344
0.56719
0.40629
0.35177
0.37125
0.46922
0.52746
0.58075
0.63897
0.70227
0.75615
0.7761
0.78639
0.77697
0.71832
0.58262
0.43031
0.3337
0.28819
0.2983
0.32864
0.38931
0.44493
0.43987
0.4247
0.4247
0.46515
0.52077
0.63705
0.80896
0.9758
1.082
1.178
1.2438
1.2792
1.3146
1.3752
1.4511
1.4865
1.4915
1.3955
1.2235
1.0112
0.79379
0.60672
0.5056
0.55616
0.6775
0.83929
1.0567
1.2893
1.5168
1.6887
1.8151
1.8303
1.719
1.5572
1.3398
1.0971
0.86458
0.69267
0.56627
0.44998
0.33369
0.24774
0.21741
0.24269
0.32864
0.49043
0.71289
0.93536
1.1427
1.2842
1.3247
1.2741
1.1275
0.90502
0.72301
0.62694
0.62694
0.66739
0.75334
0.86963
0.89997
0.89491
0.87469
0.86457
0.83424
0.79884
0.74829
0.68762
0.64717
0.60672
0.59661
0.62694
0.66233
0.66233
0.62189
0.58144
0.49549
0.37414
0.27808
0.21235
0.2073
0.24269
0.34381
0.47526
0.61177
0.74829
0.88985
1.0264
1.2337
1.4966
1.7898
2.0628
2.26
2.3915
2.3814
2.2701
2.078
1.8404
1.5724
1.3044
1.0769
0.89491
0.77357
0.72301
0.75334
0.81907
0.92019
1.0213
1.087
1.1376
1.1427
1.1073
1.0365
0.97075
0.91008
0.80896
0.72301
0.66739
0.62694
0.57638
0.54099
0.54099
0.57133
0.65222
0.78873
0.9758
1.1376
1.3044
1.4056
1.441
1.4106
1.355
1.3196
1.2741
1.2842
1.2842
1.2741
1.2185
1.1715
1.0834
0.97176
0.89097
0.80119
0.77119
0.69253
0.65345
0.54618
0.42394
0.36524
0.27602
0.2412
0.18026
0.18048
0.20623
0.20616
0.22125
0.22598
0.24575
0.29043
0.31971
0.33883
0.36283
0.37678
0.35573
0.3094
0.25264
0.21096
0.19917
0.22824
0.32862
0.42469
0.52582
0.60167
0.6219
0.59156
0.54098
0.47525
0.40447
0.34887
0.3337
0.33875
0.34886
0.36907
0.35392
0.34887
0.36404
0.43481
0.55616
0.78873
1.1325
1.4966
1.8454
2.1539
2.3915
2.5482
2.5937
2.5482
2.3713
2.1134
1.8303
1.5168
1.2438
1.0213
0.86963
0.74829
0.64717
0.58648
0.51066
0.48537
0.47526
0.46515
0.43987
0.38932
0.35391
0.28313
0.22246
0.17697
0.18202
0.20224
0.25278
0.27808
0.31854
0.39437
0.46008
0.48536
0.46011
0.4601
0.45503
0.43987
0.41966
0.43987
0.46514
0.48032
0.4955
0.55615
0.61177
0.6775
0.75839
0.78368
0.75841
0.64213
0.54098
0.40446
0.27303
0.21741
0.19719
0.22247
0.28818
0.34885
0.40448
0.43989
0.47022
0.45504
0.38426
0.33368
0.2629
0.2073
0.19215
0.27302
0.42468
0.5966
0.8039
0.95559
1.0011
0.88483
0.77862
0.66735
0.54096
0.40955
0.31352
0.36401
0.33873
0.30335
0.26292
0.23259
0.25279
0.25785
0.28819
0.33876
0.44493
0.59659
0.723
0.77864
0.77865
0.723
0.59658
0.42975
0.31348
0.27809
0.31347
0.41457
0.53088
0.69772
0.8393
0.93537
1.0061
1.0163
1.0516
1.0567
1.0011
0.95054
0.88987
0.86456
0.78872
0.68762
0.62695
0.55617
0.50054
0.41965
0.34886
0.28819
0.2427
0.26795
0.28384
0.3408
0.41744
0.51345
0.60348
0.60386
0.54026
0.48176
0.52167
0.56121
0.53722
0.52297
0.62016
0.76436
0.87411
1.0072
1.216
1.4345
1.5354
1.4992
1.3441
1.1402
0.95392
0.82397
0.7757
0.80065
0.88006
0.96029
0.91307
0.76351
0.64223
0.5966
0.60672
0.69267
0.88985
1.1426
1.2943
1.3297
1.3095
1.2134
1.087
0.95558
0.85952
0.75334
0.64717
0.58144
0.55616
0.57638
0.65222
0.77862
0.87468
0.91008
0.84435
0.73312
0.68761
0.71289
0.82413
1.0516
1.4207
1.8404
2.1791
2.4218
2.5988
2.6948
2.7353
2.7505
2.7656
2.7808
2.801
2.796
2.7757
2.6999
2.5634
2.3763
2.169
1.9567
1.6988
1.441
1.2387
1.0769
0.92019
0.80896
0.74323
0.73817
0.72301
0.70784
0.69267
0.64211
0.58649
0.4601
0.3792
0.34886
0.30841
0.2983
0.26797
0.30336
0.30841
0.30842
0.32864
0.30842
0.31347
0.30841
0.27808
0.22246
0.19718
0.18201
0.16685
0.19718
0.26797
0.38931
0.53594
0.73817
0.95558
1.1174
1.2792
1.4056
1.5117
1.5977
1.6483
1.7393
1.805
1.8606
1.9061
1.9718
2.0376
2.0477
2.0072
1.9466
1.7949
1.5572
1.2943
1.0011
0.73817
0.48031
0.29325
0.2073
0.2073
0.30841
0.44998
0.66739
0.89997
1.082
1.1578
1.1022
0.93535
0.70278
0.49043
0.32359
0.27303
0.32358
0.4702
0.67244
0.82413
0.95053
1.0061
0.99603
0.95052
0.82918
0.76851
0.67245
0.56122
0.46515
0.38931
0.33875
0.22752
0.20224
0.22752
0.31853
0.43481
0.52582
0.60166
0.59661
0.54605
0.46515
0.39942
0.36467
0.36091
0.37725
0.37343
0.37961
0.38571
0.41161
0.45705
0.48239
0.56124
0.62957
0.66835
0.66839
0.64916
0.65881
0.66843
0.66842
0.64916
0.66357
0.71173
0.7889
0.87598
0.95875
1.0131
1.0098
0.95259
0.80613
0.60809
0.41816
0.26022
0.15739
0.096068
0.10112
0.11123
0.12134
0.15673
0.16684
0.13652
0.13146
0.20224
0.29324
0.36908
0.48032
0.59661
0.65223
0.62189
0.53593
0.4247
0.32864
0.29325
0.28314
0.30336
0.34886
0.43481
0.48032
0.53594
0.65728
0.81907
0.9758
1.1123
1.2337
1.3247
1.3752
1.4106
1.4763
1.5572
1.6584
1.6887
1.6483
1.5876
1.4713
1.3348
1.173
1.0971
1.0618
1.0213
1.0061
1.0011
1.0061
0.95558
0.89491
0.81402
0.74828
0.69772
0.67245
0.68762
0.72807
0.8039
0.84435
0.84435
0.80896
0.79885
0.79885
0.81907
0.89491
0.96569
1.0163
1.0264
1.0264
1.0314
0.99603
0.98086
0.98592
0.97075
0.96569
0.9303
0.92524
0.88986
0.87469
0.83423
0.73818
0.6775
0.60672
0.58144
0.61178
0.71795
0.87468
1.0314
1.2033
1.3651
1.4359
1.4258
1.3247
1.1275
0.88479
0.63705
0.46515
0.35898
0.3337
0.37414
0.44998
0.5056
0.53594
0.52077
0.51571
0.47526
0.46009
0.47526
0.52077
0.64716
0.76345
0.91007
1.0163
1.0972
1.0921
0.99097
0.82412
0.63705
0.50054
0.39943
0.38932
0.49043
0.69266
0.96063
1.2134
1.4865
1.714
1.8454
1.901
1.8505
1.7241
1.532
1.3044
1.0971
0.89491
0.77356
0.68761
0.62694
0.59155
0.541
0.53594
0.49043
0.43986
0.36908
0.29831
0.33942
0.42136
0.58271
0.76704
0.9687
1.1482
1.2626
1.3469
1.3969
1.4516
1.4872
1.4992
1.4832
1.425
1.3438
1.2348
1.1544
1.0884
1.0367
0.98012
0.91379
0.8085
0.67791
0.53587
0.43643
0.41063
0.41459
0.4885
0.5623
0.6925
0.77838
0.81401
0.82413
0.78368
0.74829
0.68255
0.54605
0.44998
0.39942
0.40953
0.44493
0.51066
0.63705
0.72806
0.76851
0.75334
0.67245
0.60672
0.55616
0.53087
0.47526
0.40954
0.40954
0.41965
0.44998
0.43481
0.41965
0.39943
0.40448
0.40447
0.35392
0.31348
0.32358
0.35897
0.35897
0.37414
0.39437
0.38426
0.32864
0.30841
0.29829
0.23763
0.21741
0.25786
0.32358
0.34886
0.33369
0.30336
0.27303
0.27302
0.30336
0.38931
0.51571
0.6775
0.82918
0.90503
0.95053
0.87974
0.73817
0.61683
0.51065
0.47526
0.48538
0.59661
0.75839
0.88985
0.95053
0.9657
0.97075
0.97075
0.97074
0.93536
0.92019
0.88985
0.85446
0.79884
0.72301
0.6775
0.67245
0.69267
0.70278
0.74323
0.78873
0.81401
0.77862
0.70784
0.62694
0.51065
0.41459
0.35392
0.3337
0.34886
0.35897
0.35392
0.31853
0.34381
0.40953
0.52582
0.68256
0.94041
1.2488
1.4915
1.6938
1.8151
1.8657
1.81
1.6432
1.4005
1.087
0.83424
0.64211
0.5056
0.4601
0.4601
0.51065
0.51065
0.52582
0.51571
0.50055
0.49043
0.46009
0.41459
0.37414
0.35898
0.34886
0.32864
0.29325
0.30841
0.27808
0.25785
0.23764
0.25786
0.2983
0.28313
0.25786
0.23257
0.21235
0.17191
0.19719
0.28313
0.42469
0.56627
0.74324
0.94042
1.1123
1.227
1.2339
1.1808
1.0444
0.87514
0.70239
0.51559
0.38272
0.26865
0.20364
0.17877
0.19482
0.24627
0.31196
0.33709
0.33219
0.30718
0.24158
0.22597
0.25587
0.38505
0.55635
0.75076
0.92108
1.039
1.1287
1.1802
1.2324
1.2896
1.4036
1.5092
1.5674
1.5825
1.5623
1.4763
1.2691
1.0163
0.78366
0.55613
0.35897
0.24776
0.25787
0.34379
0.4348
0.52582
0.5865
0.62695
0.65223
0.70278
0.77356
0.88479
1.0011
1.1022
1.2084
1.3196
1.4511
1.623
1.8353
1.987
2.1134
2.1437
2.0881
1.9314
1.7291
1.5421
1.355
1.2387
1.1781
1.1477
1.1022
1.0365
0.89997
0.77358
0.70279
0.68761
0.70278
0.74324
0.82918
0.86963
0.85952
0.82918
0.77863
0.75334
0.74828
0.72301
0.69267
0.63706
0.57639
0.54099
0.51571
0.52581
0.51066
0.48033
0.44998
0.35897
0.26796
0.19718
0.1618
0.18202
0.26797
0.43986
0.67243
0.86458
0.96572
0.96571
0.84435
0.72298
0.57637
0.49043
0.47022
0.51573
0.61682
0.62187
0.54604
0.43987
0.34886
0.29326
0.32359
0.41964
0.55109
0.64212
0.68257
0.66233
0.56121
0.4702
0.39942
0.3792
0.40954
0.47527
0.58143
0.66739
0.74829
0.80391
0.83424
0.82917
0.74322
0.62189
0.53594
0.48537
0.48031
0.48538
0.53088
0.56626
0.52076
0.43482
0.34887
0.28819
0.26796
0.2528
0.27302
0.29324
0.29325
0.31347
0.31347
0.3337
0.38931
0.4702
0.55615
0.61683
0.6674
0.73312
0.79378
0.86962
0.95052
1.0163
1.0921
1.1376
1.1528
1.1174
1.087
1.0972
1.1427
1.2185
1.2741
1.3297
1.3379
1.3188
1.2256
1.0494
0.86037
0.67287
0.52049
0.3827
0.24847
0.20876
0.27033
0.37571
0.49398
0.61543
0.79302
0.98822
1.1639
1.3634
1.5686
1.7514
1.8738
1.8876
1.7865
1.5305
1.2043
0.8987
0.68268
0.57325
0.56182
0.63708
0.78342
0.98085
1.178
1.3904
1.628
1.9112
2.1538
2.3257
2.4168
2.4117
2.3055
2.1387
1.9415
1.7089
1.5016
1.3398
1.2134
1.1629
1.1983
1.3146
1.4561
1.5977
1.7291
1.7595
1.6735
1.4865
1.2387
0.95556
0.67244
0.48032
0.36404
0.30336
0.28313
0.26291
0.2629
0.25785
0.25786
0.30337
0.41965
0.62187
0.8595
1.1022
1.3651
1.628
1.8353
2.0072
2.1387
2.2398
2.2954
2.2904
2.255
2.2044
2.1791
2.1639
2.1488
2.1387
2.169
2.2196
2.2853
2.3662
2.4724
2.6089
2.7151
2.8263
2.8768
2.8516
2.7606
2.5937
2.3561
2.0376
1.6988
1.3954
1.1022
0.86457
0.70279
0.57134
0.48033
0.39436
0.31851
0.24268
0.19214
0.1972
0.29324
0.46008
0.68254
0.93536
1.2033
1.4915
1.7342
1.9465
2.1235
2.2651
2.4016
2.5027
2.5735
2.5735
2.5128
2.3358
1.9769
1.5927
1.3601
1.3247
1.446
1.7089
2.1083
2.4774
2.6089
2.4977
2.255
1.9668
1.6937
1.4915
1.3904
1.3904
1.4258
1.4865
1.532
1.5269
1.4814
1.4258
1.3601
1.2893
1.2337
1.178
1.1224
1.0618
1.0011
0.92524
0.83425
0.76346
0.74321
0.68761
0.65222
0.63201
0.62695
0.64716
0.62694
0.60671
0.54605
0.51572
0.54605
0.63705
0.80896
1.0769
1.4106
1.6957
1.8449
1.8673
1.7613
1.5683
1.3192
1.0827
0.89195
0.70709
0.57588
0.44914
0.34597
0.23613
0.16993
0.17014
0.1857
0.2418
0.29697
0.37619
0.4349
0.50793
0.5466
0.58042
0.60944
0.63859
0.64331
0.60351
0.60311
0.5878
0.59227
0.59178
0.58142
0.49044
0.48033
0.59661
0.82411
1.1578
1.5825
2.073
2.4016
2.5381
2.4976
2.3156
2.073
1.8303
1.6179
1.4662
1.3348
1.1831
0.99098
0.80392
0.64212
0.47526
0.32358
0.2174
0.15168
0.12135
0.15674
0.25784
0.36402
0.49043
0.62695
0.74829
0.8494
0.89997
0.97074
1.0365
1.082
1.1123
1.1427
1.1831
1.2539
1.2792
1.3095
1.3651
1.446
1.5977
1.7595
1.9718
2.1538
2.2701
2.2651
2.1589
1.9921
1.8151
1.6634
1.532
1.4056
1.2792
1.1679
1.0769
1.0264
1.0415
1.0971
1.1224
1.1376
1.0971
0.99097
0.8494
0.70784
0.64717
0.62189
0.64211
0.68761
0.69772
0.66233
0.56628
0.50054
0.41964
0.33369
0.26292
0.23258
0.24268
0.24269
0.26291
0.31853
0.41459
0.54098
0.63199
0.65729
0.62695
0.56627
0.46009
0.3438
0.24775
0.21741
0.24269
0.2983
0.35392
0.40448
0.44998
0.41965
0.39942
0.34381
0.32358
0.30842
0.30842
0.34885
0.32358
0.30336
0.28314
0.25786
0.27302
0.27808
0.32358
0.3792
0.42976
0.49548
0.48538
0.46009
0.40447
0.31853
0.26292
0.24775
0.30841
0.39436
0.45504
0.48033
0.45505
0.39942
0.31345
0.20224
0.14158
0.17696
0.24268
0.29324
0.33371
0.39437
0.42469
0.37415
0.35393
0.42976
0.55614
0.68762
0.86459
1.0758
1.1688
1.1261
1.0345
0.91946
0.781
0.64842
0.60944
0.62922
0.66824
0.76483
0.89886
1.0557
1.1785
1.2965
1.3862
1.4574
1.5292
1.6398
1.7847
1.912
2.0266
2.0801
2.0719
2.001
1.8809
1.7255
1.524
1.3411
1.1292
0.92962
0.7584
0.61683
0.53594
0.47021
0.45504
0.43987
0.38931
0.31347
0.29325
0.33875
0.46515
0.66739
0.9758
1.3601
1.714
1.987
2.164
2.2196
2.1336
1.9617
1.7544
1.5168
1.269
1.0011
0.74829
0.61178
0.56121
0.56627
0.61683
0.70278
0.83424
0.89997
0.87974
0.81907
0.6775
0.53594
0.47021
0.49549
0.60166
0.77357
1.0011
1.1882
1.2488
1.178
1.0365
0.83424
0.66739
0.57133
0.5056
0.42976
0.35392
0.34886
0.36909
0.41965
0.49043
0.62694
0.76851
0.86963
0.92525
0.95558
1.0163
1.0567
1.0921
1.1376
1.1831
1.2286
1.2691
1.2792
1.2893
1.2589
1.2438
1.2286
1.2286
1.2842
1.3095
1.2893
1.1831
1.0011
0.79379
0.65728
0.63706
0.75334
1.0061
1.3449
1.7039
1.9819
2.164
2.2347
2.2095
2.1488
2.0527
1.9162
1.7797
1.6634
1.5522
1.4157
1.2842
1.1679
1.0668
1.0011
0.92019
0.8039
0.64717
0.52077
0.40448
0.32864
0.30842
0.34886
0.43481
0.5056
0.55616
0.54099
0.48537
0.39437
0.34886
0.31853
0.33875
0.40953
0.49043
0.58649
0.61177
0.60166
0.52582
0.39942
0.28314
0.19213
0.13651
0.080896
0.065727
0.055617
0.065729
0.12134
0.15168
0.19213
0.21741
0.24269
0.24269
0.24774
0.2983
0.40953
0.51571
0.61683
0.74829
0.82918
0.84392
0.74774
0.63269
0.51345
0.4096
0.35574
0.35683
0.42737
0.51677
0.59536
0.63926
0.62487
0.58145
0.46005
0.39152
0.4456
0.53325
0.63952
0.7165
0.82703
0.8706
0.8085
0.65845
0.48666
0.34184
0.22488
0.14719
0.10496
0.083466
0.10277
0.18776
0.33369
0.4702
0.53594
0.55111
0.54605
0.52581
0.44998
0.38426
0.39437
0.49549
0.63199
0.76851
0.90502
1.0466
1.1629
1.2387
1.2792
1.2488
1.2185
1.178
1.1629
1.1882
1.2286
1.2943
1.4056
1.5269
1.6483
1.7848
1.8707
1.9769
2.0426
2.0881
2.1033
2.073
2.0426
1.9415
1.7595
1.5471
1.2893
1.0011
0.71795
0.48032
0.32358
0.22752
0.21235
0.22246
0.2073
0.23763
0.31347
0.38931
0.44998
0.51571
0.58649
0.58143
0.50054
0.43987
0.3792
0.36403
0.40954
0.51571
0.62694
0.70278
0.73312
0.70279
0.61683
0.50054
0.40447
0.2983
0.22752
0.19213
0.22752
0.30841
0.41964
0.56121
0.69267
0.85952
1.0112
1.1325
1.2286
1.2994
1.3853
1.446
1.5117
1.5421
1.5117
1.4157
1.2741
1.0618
0.80896
0.60672
0.47526
0.40448
0.34887
0.31853
0.2983
0.25279
0.18201
0.13651
0.13652
0.22246
0.35897
0.48537
0.632
0.74324
0.83424
0.90502
0.98591
1.1224
1.2741
1.4056
1.5471
1.628
1.6179
1.5421
1.3955
1.2438
1.0719
0.92525
0.81907
0.72806
0.66739
0.64211
0.632
0.59661
0.54605
0.4702
0.3792
0.33875
0.31347
0.34886
0.41965
0.5511
0.723
0.83424
0.89491
0.92525
0.92525
0.91007
0.88985
0.86457
0.85446
0.84435
0.82413
0.76345
0.66744
0.57205
0.50265
0.46853
0.53407
0.66302
0.84407
1.0131
1.1275
1.1306
0.96652
0.84141
0.76449
0.76917
0.81689
0.93118
1.0927
1.1453
1.0652
0.92278
0.72626
0.51727
0.3836
0.29782
0.27158
0.2502
0.25398
0.26275
0.22635
0.17408
0.13713
0.085959
0.10618
0.14156
0.18201
0.21741
0.23258
0.2528
0.2528
0.25785
0.27808
0.30842
0.36909
0.46009
0.54604
0.61683
0.67245
0.69773
0.65728
0.54605
0.41964
0.31347
0.23763
0.17697
0.2073
0.26795
0.28818
0.30336
0.30337
0.34886
0.34887
0.35897
0.37413
0.34886
0.3337
0.3337
0.38931
0.50054
0.6421
0.81401
0.96064
1.0921
1.1831
1.2387
1.2842
1.3044
1.2943
1.264
1.1983
1.1123
1.0163
0.91513
0.79884
0.64211
0.48538
0.37414
0.31347
0.31852
0.34381
0.39943
0.49042
0.49549
0.44493
0.34887
0.31852
0.27807
0.20225
0.24775
0.32862
0.38424
0.34888
0.42978
0.63198
0.82916
1.0516
1.3297
1.628
1.805
1.8505
1.8151
1.7089
1.5926
1.5117
1.4612
1.446
1.4106
1.3752
1.2994
1.1882
1.0365
0.83424
0.60672
0.42976
0.30336
0.22752
0.2073
0.23258
0.35391
0.45503
0.51572
0.51573
0.49549
0.44997
0.3337
0.27809
0.28819
0.33875
0.39437
0.4601
0.57132
0.6421
0.632
0.57134
0.47527
0.39436
0.3084
0.20729
0.13147
0.16179
0.22751
0.31346
0.40448
0.49044
0.54605
0.5056
0.4247
0.3438
0.28313
0.24269
0.22752
0.22752
0.24268
0.25279
0.26291
0.26797
0.30842
0.3792
0.42469
0.41459
0.35898
0.31853
0.2983
0.29325
0.36403
0.4702
0.57665
0.65763
0.69761
0.71245
0.65795
0.59401
0.58455
0.58494
0.58042
0.55149
0.52259
0.45942
0.391
0.31695
0.27211
0.29727
0.34702
0.43065
0.42546
0.38563
0.37021
0.35461
0.38856
0.46692
0.60422
0.78591
0.9244
1.0395
1.0912
1.0936
1.0607
0.97074
0.80896
0.62695
0.46515
0.31347
0.20224
0.14157
0.1264
0.12134
0.14157
0.23257
0.34886
0.48538
0.68762
0.89491
1.0567
1.1325
1.1275
1.0314
0.81909
0.64717
0.50558
0.35897
0.25787
0.25281
0.35896
0.42469
0.48033
0.57133
0.64212
0.70783
0.74322
0.76851
0.81402
0.88986
0.99602
1.0567
1.0719
1.0112
0.85448
0.7129
0.58142
0.44491
0.31348
0.2781
0.37918
0.46008
0.55616
0.69268
0.87469
1.0162
1.0567
1.0213
0.88481
0.70784
0.5157
0.3438
0.20729
0.12641
0.11629
0.13145
0.13146
0.15674
0.22246
0.28313
0.32864
0.34382
0.37414
0.38423
0.31347
0.26292
0.28315
0.40447
0.57131
0.77357
1.0264
1.264
1.4056
1.4359
1.355
1.2236
1.0567
0.86457
0.6876
0.49044
0.39943
0.39942
0.44492
0.52582
0.63707
0.82413
1.0011
1.0719
1.0415
0.88986
0.75335
0.65727
0.5966
0.55111
0.57639
0.70277
0.78873
0.85446
0.85447
0.87975
0.92018
0.95557
0.98085
0.9202
0.80392
0.63706
0.47019
0.3084
0.18202
0.15169
0.2528
0.48029
0.76344
1.1123
1.5118
1.896
2.169
2.3207
2.346
2.2398
1.987
1.5977
1.1932
0.91007
0.75332
0.66233
0.69268
0.85952
1.1072
1.2438
1.2792
1.2792
1.1882
1.087
1.0011
0.98592
1.0415
1.1427
1.2994
1.4487
1.6094
1.7529
1.87
1.9565
2.0178
2.0593
2.0477
2.032
2.0218
2.0124
1.999
1.9675
1.8942
1.7604
1.5755
1.377
1.1548
0.91274
0.68281
0.48837
0.37943
0.34382
0.37278
0.49088
0.65315
0.81105
0.89099
0.89754
0.84345
0.70776
0.52582
0.40954
0.37921
0.43987
0.57132
0.76345
0.98085
1.1123
1.2134
1.2741
1.3297
1.3348
1.3348
1.3297
1.3095
1.2741
1.1932
1.1022
0.94043
0.78875
0.61683
0.43481
0.27807
0.17191
0.13651
0.11629
0.14663
0.22752
0.36402
0.49549
0.64718
0.78369
0.87469
0.91512
0.83424
0.73312
0.5663
0.61678
0.57017
0.50791
0.53548
