1.0591
1.0585
1.0576
1.0563
1.0547
1.0528
1.0505
1.0479
1.0449
1.0415
1.0377
1.0336
1.029
1.0241
1.0188
1.0132
1.0071
1.0007
0.99389
0.98674
0.97924
0.97141
0.96324
0.95475
0.94596
0.93689
0.92753
0.91792
0.90807
0.89799
0.88771
0.87725
0.86662
0.85584
0.84494
0.83394
0.82285
0.81171
0.80052
0.78932
0.77811
0.76693
0.75579
0.74471
0.73371
0.72281
0.71203
0.70138
0.69087
0.68053
0.67037
0.6604
0.65063
0.64107
0.63174
0.62264
0.61378
0.60517
0.59681
0.58872
0.58088
0.57332
0.56602
0.559
0.55225
0.54577
0.53956
0.53363
0.52796
0.52256
0.51743
0.51256
0.50795
0.50359
0.49948
0.49561
0.49199
0.4886
0.48544
0.4825
0.47978
0.47727
0.47497
0.47286
0.47095
0.46923
0.46768
0.46631
0.46511
0.46407
0.46319
0.46246
0.46187
0.46142
0.4611
0.46092
0.46085
0.4609
0.46107
0.46135
0.46173
0.46221
0.46278
0.46345
0.46421
0.46506
0.46599
0.467
0.46809
0.46926
0.4705
0.47182
0.47321
0.47467
0.47621
0.47782
0.47949
0.48124
0.48306
0.48495
0.48691
0.48894
0.49104
0.49321
0.49546
0.49778
0.50016
0.50263
0.50516
0.50776
0.51044
0.51318
0.516
0.51888
0.52183
0.52484
0.52791
0.53103
0.53422
0.53745
0.54072
0.54404
0.54738
0.55076
0.55415
0.55756
0.56097
0.56437
0.56776
0.57112
0.57445
0.57773
0.58094
0.58409
0.58715
0.5901
0.59295
0.59567
0.59825
0.60067
0.60292
0.60498
0.60685
0.6085
0.60992
0.61111
0.61203
0.61269
0.61307
0.61316
0.61295
0.61243
0.61159
0.61042
0.60892
0.60709
0.60492
0.6024
0.59955
0.59635
0.59282
0.58896
0.58477
0.58027
0.57545
0.57034
0.56494
0.55927
0.55334
0.54718
0.54079
0.53421
0.52744
0.5205
0.51343
0.50624
0.49896
0.4916
0.4842
0.47677
0.46934
0.46194
0.45457
0.44728
0.44008
0.43298
0.42602
0.41922
0.41258
0.40613
0.39989
0.39387
0.38809
0.38257
0.37731
0.37233
0.36765
0.36326
0.35919
0.35545
0.35203
0.34896
0.34623
0.34386
0.34185
0.34022
0.33896
0.33808
0.33759
0.3375
0.33781
0.33853
0.33966
0.34121
0.34318
0.34559
0.34843
0.35171
0.35545
0.35963
0.36427
0.36937
0.37494
0.38097
0.38748
0.39446
0.4019
0.40982
0.4182
0.42705
0.43635
0.4461
0.45629
0.4669
0.47793
0.48935
0.50114
0.51328
0.52574
0.5385
0.55153
0.56479
0.57825
0.59186
0.60559
0.6194
0.63324
0.64707
0.66083
0.67448
0.68798
0.70127
0.7143
0.72703
0.73941
0.75139
0.76292
0.77397
0.7845
0.79445
0.80381
0.81253
0.82058
0.82795
0.83459
0.8405
0.84567
0.85007
0.85369
0.85655
0.85862
0.85993
0.86047
0.86026
0.8593
0.85763
0.85525
0.8522
0.8485
0.84418
0.83927
0.83381
0.82784
0.82138
0.81449
0.80719
0.79954
0.79158
0.78333
0.77486
0.76619
0.75737
0.74845
0.73944
0.73041
0.72138
0.71238
0.70345
0.69463
0.68593
0.67739
0.66903
0.66087
0.65293
0.64524
0.63781
0.63065
0.62377
0.61719
0.6109
0.60493
0.59926
0.5939
0.58886
0.58413
0.5797
0.57558
0.57175
0.56822
0.56496
0.56197
0.55925
0.55677
0.55452
0.5525
0.55068
0.54906
0.54761
0.54631
0.54517
0.54414
0.54323
0.5424
0.54165
0.54095
0.5403
0.53966
0.53903
0.53839
0.53773
0.53703
0.53627
0.53546
0.53456
0.53358
0.5325
0.53133
0.53004
0.52864
0.52712
0.52549
0.52374
0.52187
0.51989
0.5178
0.5156
0.51332
0.51094
0.50849
0.50598
0.50341
0.5008
0.49817
0.49554
0.49291
0.4903
0.48774
0.48524
0.48281
0.48048
0.47827
0.47619
0.47427
0.47251
0.47094
0.46958
0.46845
0.46755
0.46692
0.46656
0.46649
0.46674
0.4673
0.4682
0.46946
0.47108
0.47308
0.47548
0.47828
0.4815
0.48514
0.48922
0.49375
0.49873
0.50418
0.5101
0.5165
0.52337
0.53074
0.53859
0.54693
0.55576
0.56508
0.57488
0.58516
0.59592
0.60713
0.61879
0.6309
0.64342
0.65635
0.66967
0.68335
0.69736
0.71169
0.7263
0.74117
0.75626
0.77153
0.78696
0.8025
0.81812
0.83378
0.84943
0.86504
0.88056
0.89596
0.91119
0.92622
0.94099
0.95548
0.96965
0.98345
0.99685
1.0098
1.0223
1.0343
1.0458
1.0568
1.0671
1.0769
1.0861
1.0946
1.1025
1.1097
1.1163
1.1221
1.1273
1.1319
1.1357
1.1389
1.1414
1.1432
1.1444
1.1449
1.1448
1.1441
1.1428
1.1409
1.1384
1.1354
1.1319
1.1279
1.1234
1.1184
1.1131
1.1073
1.1012
1.0947
1.0879
1.0809
1.0735
1.0659
1.0581
1.0502
1.0421
1.0338
1.0254
1.017
1.0084
0.99989
0.99132
0.98274
0.97419
0.96568
0.95722
0.94883
0.94054
0.93234
0.92425
0.9163
0.90847
0.9008
0.89327
0.88591
0.87871
0.87168
0.86484
0.85817
0.85168
0.84537
0.83925
0.83331
0.82755
0.82197
0.81656
0.81134
0.80628
0.80138
0.79665
0.79207
0.78764
0.78335
0.7792
0.77518
0.77127
0.76749
0.76381
0.76023
0.75674
0.75334
0.75001
0.74676
0.74356
0.74042
0.73733
0.73427
0.73125
0.72826
0.7253
0.72234
0.7194
0.71647
0.71354
0.71061
0.70767
0.70473
0.70177
0.69881
0.69583
0.69285
0.68984
0.68683
0.68381
0.68078
0.67774
0.67469
0.67164
0.6686
0.66556
0.66253
0.65952
0.65652
0.65355
0.65062
0.64771
0.64486
0.64205
0.63929
0.6366
0.63398
0.63144
0.62897
0.6266
0.62432
0.62215
0.62009
0.61814
0.61632
0.61462
0.61306
0.61165
0.61038
0.60926
0.6083
0.6075
0.60687
0.60641
0.60613
0.60603
0.60611
0.60638
0.60684
0.6075
0.60835
0.60939
0.61064
0.61209
0.61373
0.61559
0.61764
0.6199
0.62236
0.62503
0.6279
0.63097
0.63423
0.6377
0.64136
0.64522
0.64926
0.65349
0.65791
0.6625
0.66727
0.67221
0.67731
0.68258
0.688
0.69357
0.69928
0.70513
0.71111
0.71721
0.72343
0.72975
0.73617
0.74269
0.74929
0.75596
0.7627
0.7695
0.77634
0.78323
0.79014
0.79708
0.80404
0.81099
0.81794
0.82488
0.8318
0.83868
0.84553
0.85233
0.85907
0.86576
0.87237
0.87891
0.88537
0.89173
0.89801
0.90418
0.91025
0.91621
0.92206
0.9278
0.93342
0.93892
0.94429
0.94955
0.95468
0.95969
0.96457
0.96933
0.97397
0.9785
0.9829
0.98719
0.99137
0.99544
0.99941
1.0033
1.007
1.0107
1.0143
1.0178
1.0212
1.0245
1.0278
1.031
1.0341
1.0372
1.0402
1.0432
1.0461
1.0489
1.0517
1.0545
1.0572
1.0598
1.0624
1.0649
1.0674
1.0699
1.0722
1.0745
1.0768
1.0789
1.081
1.083
1.0849
1.0866
1.0883
1.0898
1.0912
1.0925
1.0935
1.0944
1.0952
1.0957
1.096
1.096
1.0959
1.0954
1.0947
1.0937
1.0925
1.0909
1.0889
1.0867
1.0841
1.0811
1.0778
1.0741
1.0699
1.0654
1.0605
1.0552
1.0495
1.0433
1.0367
1.0298
1.0224
1.0145
1.0063
0.99772
0.98872
0.97934
0.96959
0.95949
0.94906
0.9383
0.92724
0.91589
0.90429
0.89245
0.88039
0.86814
0.85573
0.84318
0.83053
0.81779
0.80499
0.79218
0.77936
0.76658
0.75386
0.74123
0.72871
0.71634
0.70413
0.69213
0.68033
0.66879
0.6575
0.6465
0.63581
0.62544
0.6154
0.60572
0.59641
0.58749
0.57895
0.57082
0.5631
0.5558
0.54893
0.54248
0.53647
0.5309
0.52577
0.52108
0.51683
0.51302
0.50965
0.50672
0.50422
0.50215
0.50051
0.49929
0.49848
0.49809
0.49809
0.49849
0.49928
0.50044
0.50197
0.50386
0.50609
0.50866
0.51155
0.51475
0.51823
0.522
0.52603
0.5303
0.5348
0.53951
0.54441
0.54947
0.55469
0.56003
0.56548
0.57101
0.5766
0.58223
0.58788
0.59352
0.59913
0.60469
0.61018
0.61557
0.62085
0.626
0.631
0.63583
0.64047
0.64492
0.64917
0.65319
0.65698
0.66053
0.66384
0.6669
0.66972
0.67229
0.67461
0.6767
0.67854
0.68016
0.68157
0.68276
0.68376
0.68458
0.68523
0.68574
0.68611
0.68637
0.68654
0.68664
0.68669
0.6867
0.68671
0.68673
0.68678
0.68689
0.68708
0.68736
0.68777
0.68831
0.68901
0.68988
0.69095
0.69224
0.69374
0.6955
0.6975
0.69978
0.70234
0.70518
0.70833
0.71178
0.71555
0.71964
0.72405
0.72879
0.73385
0.73924
0.74494
0.75097
0.75731
0.76396
0.77091
0.77814
0.78565
0.79343
0.80145
0.80971
0.81819
0.82687
0.83572
0.84474
0.85389
0.86316
0.87252
0.88195
0.89142
0.90091
0.9104
0.91985
0.92925
0.93856
0.94777
0.95685
0.96578
0.97452
0.98307
0.9914
0.99949
1.0073
1.0149
1.0221
1.0291
1.0357
1.042
1.048
1.0536
1.0588
1.0637
1.0682
1.0724
1.0762
1.0796
1.0826
1.0853
1.0876
1.0896
1.0912
1.0925
1.0934
1.094
1.0944
1.0944
1.0941
1.0935
1.0927
1.0917
1.0903
1.0888
1.087
1.085
1.0829
1.0805
1.0779
1.0752
1.0723
1.0693
1.0661
1.0628
1.0593
1.0557
1.052
1.0482
1.0442
1.0401
1.0359
1.0316
1.0272
1.0226
1.0179
1.0131
1.0082
1.0032
0.99799
0.99267
0.98721
0.98161
0.97586
0.96996
0.96391
0.95769
0.9513
0.94475
0.93802
0.93112
0.92403
0.91676
0.90931
0.90168
0.89385
0.88584
0.87764
0.86926
0.86069
0.85194
0.84302
0.83392
0.82465
0.81522
0.80563
0.7959
0.78602
0.77601
0.76588
0.75563
0.74529
0.73485
0.72434
0.71376
0.70312
0.69245
0.68175
0.67104
0.66033
0.64964
0.63898
0.62837
0.61781
0.60733
0.59693
0.58664
0.57646
0.56641
0.55651
0.54676
0.53717
0.52777
0.51855
0.50954
0.50073
0.49215
0.4838
0.47568
0.46782
0.46021
0.45286
0.44578
0.43897
0.43244
0.4262
0.42025
0.4146
0.40924
0.40419
0.39944
0.395
0.39088
0.38708
0.38359
0.38043
0.37759
0.37508
0.3729
0.37106
0.36956
0.36839
0.36758
0.36711
0.36699
0.36723
0.36783
0.3688
0.37015
0.37186
0.37396
0.37645
0.37934
0.38262
0.38631
0.39042
0.39494
0.3999
0.40528
0.41111
0.41739
0.42412
0.4313
0.43896
0.44708
0.45568
0.46475
0.47431
0.48434
0.49486
0.50586
0.51733
0.52928
0.5417
0.55458
0.56791
0.58168
0.59587
0.61047
0.62546
0.64082
0.65652
0.67254
0.68885
0.70542
0.72221
0.7392
0.75633
0.77358
0.7909
0.80825
0.82559
0.84286
0.86002
0.87702
0.89382
0.91036
0.9266
0.94248
0.95797
0.973
0.98754
1.0015
1.0149
1.0277
1.0398
1.0512
1.0619
1.0718
1.0808
1.089
1.0964
1.1028
1.1083
1.1129
1.1166
1.1193
1.121
1.1218
1.1216
1.1204
1.1183
1.1152
1.1112
1.1063
1.1004
1.0937
1.0862
1.0778
1.0686
1.0587
1.0481
1.0368
1.0249
1.0124
0.9993
0.98576
0.97177
0.95739
0.94267
0.92766
0.91242
0.89698
0.88141
0.86576
0.85007
0.8344
0.81879
0.80329
0.78794
0.77279
0.75787
0.74323
0.72889
0.7149
0.70128
0.68806
0.67526
0.66292
0.65105
0.63967
0.62879
0.61843
0.60861
0.59932
0.59058
0.5824
0.57478
0.56772
0.56122
0.55528
0.54991
0.54511
0.54086
0.53716
0.53402
0.53142
0.52937
0.52784
0.52685
0.52638
0.52642
0.52696
0.528
0.52952
0.53152
0.53398
0.5369
0.54025
0.54404
0.54823
0.55283
0.55781
0.56315
0.56884
0.57487
0.5812
0.58782
0.59471
0.60185
0.6092
0.61675
0.62447
0.63234
0.64032
0.64839
0.65653
0.6647
0.67287
0.68102
0.68912
0.69714
0.70505
0.71282
0.72043
0.72786
0.73507
0.74205
0.74878
0.75522
0.76137
0.7672
0.77271
0.77788
0.78269
0.78714
0.79122
0.79493
0.79825
0.8012
0.80378
0.80598
0.80781
0.80928
0.8104
0.81118
0.81163
0.81177
0.81161
0.81117
0.81047
0.80953
0.80836
0.807
0.80546
0.80376
0.80193
0.79999
0.79796
0.79588
0.79375
0.79161
0.78947
0.78736
0.7853
0.78331
0.78141
0.77962
0.77796
0.77645
0.77509
0.77391
0.77293
0.77214
0.77157
0.77122
0.7711
0.77122
0.77159
0.77221
0.77308
0.77421
0.77559
0.77723
0.77911
0.78125
0.78363
0.78625
0.7891
0.79216
0.79544
0.79891
0.80256
0.80639
0.81037
0.81449
0.81873
0.82308
0.82751
0.832
0.83653
0.84109
0.84565
0.85018
0.85467
0.8591
0.86343
0.86766
0.87175
0.87569
0.87945
0.88301
0.88636
0.88947
0.89233
0.89493
0.89723
0.89925
0.90095
0.90232
0.90337
0.90408
0.90445
0.90447
0.90414
0.90345
0.90242
0.90105
0.89933
0.89729
0.89491
0.89223
0.88924
0.88597
0.88243
0.87863
0.87459
0.87034
0.8659
0.86127
0.8565
0.8516
0.84659
0.8415
0.83636
0.83119
0.82601
0.82085
0.81574
0.81071
0.80577
0.80095
0.79628
0.79178
0.78748
0.78339
0.77955
0.77596
0.77266
0.76966
0.76699
0.76466
0.76269
0.7611
0.75991
0.75913
0.75878
0.75886
0.75941
0.76042
0.76192
0.76391
0.76641
0.76943
0.77297
0.77705
0.78167
0.78685
0.79258
0.79889
0.80576
0.81321
0.82125
0.82986
0.83906
0.84885
0.85922
0.87017
0.88171
0.89382
0.90649
0.91973
0.93353
0.94786
0.96273
0.97811
0.99398
1.0103
1.0272
1.0444
1.0621
1.0802
1.0986
1.1174
1.1364
1.1558
1.1754
1.1952
1.2151
1.2352
1.2553
1.2755
1.2957
1.3159
1.336
1.3559
1.3757
1.3953
1.4146
1.4336
1.4522
1.4705
1.4883
1.5056
1.5224
1.5386
1.5542
1.5692
1.5834
1.597
1.6098
1.6218
1.633
1.6433
1.6527
1.6612
1.6688
1.6755
1.6811
1.6858
1.6895
1.6921
1.6938
1.6944
1.6939
1.6925
1.69
1.6864
1.6819
1.6763
1.6697
1.6621
1.6536
1.6441
1.6336
1.6223
1.61
1.5969
1.583
1.5683
1.5528
1.5366
1.5197
1.5022
1.484
1.4653
1.4461
1.4264
1.4062
1.3857
1.3648
1.3436
1.3222
1.3005
1.2787
1.2568
1.2348
1.2127
1.1907
1.1687
1.1469
1.1251
1.1035
1.0822
1.0611
1.0402
1.0197
0.99946
0.97961
0.96015
0.94109
0.92246
0.90428
0.88656
0.86932
0.85257
0.83632
0.82057
0.80534
0.79064
0.77645
0.7628
0.74967
0.73706
0.72499
0.71343
0.70239
0.69186
0.68184
0.67231
0.66328
0.65474
0.64666
0.63906
0.63191
0.62521
0.61894
0.6131
0.60768
0.60266
0.59804
0.5938
0.58993
0.58642
0.58327
0.58045
0.57796
0.57579
0.57393
0.57236
0.57107
0.57006
0.5693
0.5688
0.56854
0.56851
0.5687
0.56909
0.56969
0.57049
0.57148
0.57265
0.57399
0.57548
0.57711
0.57887
0.58075
0.58274
0.58482
0.58698
0.58921
0.59151
0.59385
0.59624
0.59866
0.60111
0.60357
0.60605
0.60852
0.611
0.61346
0.61591
0.61834
0.62075
0.62313
0.62549
0.62782
0.63012
0.63239
0.63462
0.63683
0.63901
0.64116
0.64328
0.64538
0.64745
0.64951
0.65155
0.65358
0.6556
0.65761
0.65961
0.66162
0.66363
0.66564
0.66766
0.66969
0.67173
0.67379
0.67586
0.67795
0.68006
0.68218
0.68431
0.68646
0.68862
0.69079
0.69297
0.69514
0.69731
0.69948
0.70162
0.70375
0.70585
0.7079
0.70991
0.71187
0.71376
0.71557
0.71729
0.71891
0.72042
0.72181
0.72307
0.72417
0.72512
0.72589
0.72648
0.72688
0.72707
0.72704
0.72678
0.72629
0.72554
0.72455
0.7233
0.72177
0.71998
0.71792
0.71558
0.71296
0.71008
0.70692
0.70349
0.69981
0.69587
0.69169
0.68728
0.68265
0.67782
0.6728
0.66761
0.66227
0.6568
0.65122
0.64555
0.63982
0.63405
0.62827
0.6225
0.61677
0.6111
0.60553
0.60008
0.59478
0.58966
0.58474
0.58004
0.5756
0.57145
0.5676
0.56409
0.56093
0.55816
0.55578
0.55384
0.55235
0.55132
0.55079
0.55077
0.55128
0.55234
0.55397
0.55618
0.55899
0.56242
0.56648
0.57118
0.57655
0.58258
0.58928
0.59668
0.60476
0.61355
0.62303
0.6332
0.64407
0.65562
0.66785
0.68075
0.69428
0.70844
0.72319
0.7385
0.75434
0.77067
0.78744
0.8046
0.82209
0.83986
0.85784
0.87597
0.89416
0.91236
0.93047
0.94842
0.96612
0.98349
1.0005
1.0169
1.0328
1.048
1.0625
1.0762
1.089
1.1008
1.1115
1.1212
1.1298
1.1372
1.1433
1.1482
1.1517
1.154
1.1549
1.1545
1.1528
1.1497
1.1453
1.1397
1.1328
1.1247
1.1155
1.105
1.0935
1.081
1.0676
1.0534
1.0384
1.0226
1.0063
0.98944
0.97215
0.95451
0.93662
0.91856
0.90043
0.8823
0.86428
0.84643
0.82885
0.8116
0.79476
0.7784
0.76258
0.74735
0.73278
0.71891
0.70579
0.69345
0.68193
0.67126
0.66148
0.65259
0.64463
0.6376
0.63153
0.62642
0.6223
0.61915
0.617
0.61584
0.61569
0.61653
0.61839
0.62125
0.62511
0.62997
0.63584
0.6427
0.65054
0.65936
0.66914
0.67987
0.69153
0.70409
0.71753
0.73182
0.74692
0.7628
0.7794
0.79668
0.81458
0.83303
0.85199
0.87136
0.89109
0.91109
0.93127
0.95156
0.97187
0.99209
1.0121
1.0319
1.0514
1.0704
1.0888
1.1067
1.1238
1.1401
1.1556
1.1701
1.1835
1.1959
1.2072
1.2172
1.226
1.2335
1.2396
1.2444
1.2479
1.2499
1.2505
1.2498
1.2476
1.2441
1.2391
1.2329
1.2254
1.2165
1.2065
1.1953
1.1829
1.1695
1.1551
1.1398
1.1236
1.1066
1.0889
1.0705
1.0516
1.0322
1.0124
0.99221
0.97181
0.95124
0.93057
0.90988
0.88922
0.86868
0.84831
0.82818
0.80833
0.78883
0.76972
0.75104
0.73283
0.71513
0.69796
0.68136
0.66534
0.64992
0.63512
0.62093
0.60739
0.59447
0.58219
0.57054
0.55952
0.54912
0.53933
0.53014
0.52154
0.51351
0.50605
0.49913
0.49274
0.48686
0.48147
0.47656
0.47211
0.46809
0.46449
0.46129
0.45847
0.45602
0.45389
0.45209
0.45059
0.44936
0.4484
0.44766
0.44715
0.44683
0.44668
0.44668
0.44682
0.44707
0.44741
0.44782
0.44828
0.44876
0.44926
0.44975
0.45021
0.45062
0.45097
0.45124
0.45141
0.45147
0.4514
0.45119
0.45083
0.4503
0.4496
0.44872
0.44765
0.44638
0.44491
0.44324
0.44137
0.43928
0.43699
0.4345
0.4318
0.42891
0.42582
0.42255
0.41911
0.41549
0.41172
0.4078
0.40374
0.39955
0.39525
0.39085
0.38637
0.3818
0.37718
0.37251
0.36781
0.36308
0.35834
0.35361
0.3489
0.34422
0.33958
0.335
0.33047
0.32603
0.32166
0.3174
0.31323
0.30918
0.30524
0.30143
0.29776
0.29422
0.29083
0.28759
0.2845
0.28158
0.27881
0.27622
0.27379
0.27154
0.26947
0.26758
0.26587
0.26434
0.26301
0.26186
0.26091
0.26015
0.2596
0.25924
0.25909
0.25915
0.25941
0.25989
0.26059
0.26152
0.26267
0.26405
0.26567
0.26753
0.26964
0.272
0.27463
0.27753
0.2807
0.28417
0.28792
0.29198
0.29636
0.30106
0.30609
0.31148
0.31722
0.32334
0.32984
0.33675
0.34406
0.35181
0.36
0.36864
0.37776
0.38737
0.39748
0.40811
0.41927
0.43099
0.44326
0.45611
0.46954
0.48358
0.49822
0.51348
0.52936
0.54587
0.56301
0.58079
0.59919
0.61821
0.63785
0.6581
0.67893
0.70034
0.72229
0.74478
0.76775
0.7912
0.81507
0.83933
0.86393
0.88883
0.91399
0.93933
0.96482
0.99039
1.016
1.0415
1.067
1.0922
1.1173
1.142
1.1664
1.1903
1.2137
1.2365
1.2586
1.2801
1.3008
1.3206
1.3396
1.3575
1.3745
1.3904
1.4052
1.4188
1.4313
1.4424
1.4523
1.4609
1.4682
1.4741
1.4786
1.4817
1.4834
1.4838
1.4827
1.4802
1.4763
1.471
1.4643
1.4564
1.4471
1.4365
1.4247
1.4117
1.3975
1.3823
1.3659
1.3486
1.3303
1.3112
1.2913
1.2706
1.2492
1.2273
1.2048
1.1818
1.1585
1.1349
1.1111
1.0871
1.0631
1.039
1.015
0.99117
0.96752
0.94413
0.92106
0.89837
0.87612
0.85434
0.83309
0.81241
0.79233
0.77288
0.75409
0.73598
0.71858
0.7019
0.68596
0.67075
0.65629
0.64258
0.62962
0.61741
0.60594
0.5952
0.58519
0.57589
0.56731
0.55941
0.5522
0.54565
0.53975
0.53449
0.52985
0.52582
0.52237
0.5195
0.51719
0.51541
0.51416
0.51341
0.51316
0.51337
0.51405
0.51516
0.51669
0.51862
0.52094
0.52363
0.52666
0.53002
0.53369
0.53765
0.54187
0.54635
0.55105
0.55596
0.56105
0.56631
0.57171
0.57723
0.58284
0.58854
0.59428
0.60007
0.60586
0.61164
0.6174
0.62311
0.62875
0.63431
0.63976
0.6451
0.65031
0.65536
0.66027
0.665
0.66955
0.67391
0.67808
0.68204
0.6858
0.68935
0.69269
0.69582
0.69875
0.70146
0.70398
0.70629
0.70842
0.71036
0.71213
0.71374
0.71518
0.71649
0.71766
0.71871
0.71966
0.72051
0.72128
0.72199
0.72264
0.72326
0.72385
0.72442
0.725
0.7256
0.72622
0.72688
0.7276
0.72837
0.72922
0.73015
0.73118
0.7323
0.73353
0.73488
0.73634
0.73793
0.73964
0.74148
0.74346
0.74556
0.74779
0.75016
0.75265
0.75526
0.75799
0.76083
0.76377
0.76681
0.76994
0.77314
0.77642
0.77974
0.78311
0.78652
0.78993
0.79335
0.79675
0.80013
0.80346
0.80672
0.80991
0.81301
0.81599
0.81884
0.82155
0.8241
0.82647
0.82864
0.83061
0.83236
0.83387
0.83513
0.83614
0.83687
0.83732
0.83749
0.83736
0.83694
0.83621
0.83518
0.83384
0.83219
0.83025
0.828
0.82547
0.82265
0.81955
0.81619
0.81258
0.80873
0.80465
0.80037
0.7959
0.79127
0.78648
0.78157
0.77655
0.77145
0.76629
0.7611
0.7559
0.75071
0.74557
0.7405
0.73551
0.73065
0.72593
0.72138
0.71703
0.71289
0.709
0.70536
0.70202
0.69899
0.69628
0.69393
0.69195
0.69036
0.68917
0.68841
0.68809
0.68823
0.68883
0.68992
0.69151
0.69361
0.69622
0.69936
0.70304
0.70726
0.71204
0.71737
0.72326
0.72971
0.73672
0.74431
0.75245
0.76115
0.77041
0.78021
0.79056
0.80143
0.81283
0.82472
0.83711
0.84997
0.86329
0.87703
0.89118
0.90572
0.92062
0.93584
0.95137
0.96716
0.98319
0.99943
1.0158
1.0324
1.049
1.0657
1.0825
1.0992
1.1159
1.1325
1.149
1.1654
1.1815
1.1975
1.2133
1.2287
1.2439
1.2588
1.2733
1.2875
1.3013
1.3147
1.3277
1.3403
1.3525
1.3642
1.3755
1.3863
1.3967
1.4066
1.4161
1.4252
1.4338
1.442
1.4497
1.4571
1.464
1.4706
1.4768
1.4826
1.4881
1.4932
1.4981
1.5026
1.5068
1.5108
1.5145
1.518
1.5212
1.5242
1.5271
1.5297
1.5322
1.5345
1.5366
1.5386
1.5405
1.5422
1.5438
1.5453
1.5467
1.548
1.5491
1.5502
1.5511
1.552
1.5527
1.5533
1.5539
1.5543
1.5545
1.5547
1.5547
1.5545
1.5542
1.5538
1.5531
1.5523
1.5513
1.5502
1.5488
1.5472
1.5453
1.5433
1.541
1.5384
1.5356
1.5325
1.5291
1.5255
1.5215
1.5173
1.5128
1.5079
1.5027
1.4973
1.4914
1.4853
1.4788
1.472
1.4648
1.4574
1.4495
1.4414
1.4329
1.424
1.4148
1.4053
1.3955
1.3853
1.3748
1.3639
1.3528
1.3413
1.3295
1.3175
1.3051
1.2924
1.2794
1.2662
1.2527
1.2389
1.2249
1.2106
1.1961
1.1814
1.1664
1.1513
1.1359
1.1204
1.1047
1.0889
1.0729
1.0567
1.0405
1.0242
1.0078
0.9913
0.97478
0.95823
0.94167
0.92511
0.90859
0.8921
0.87568
0.85935
0.84311
0.827
0.81103
0.79523
0.77961
0.76418
0.74898
0.73402
0.71931
0.70487
0.69072
0.67688
0.66336
0.65018
0.63734
0.62486
0.61275
0.60102
0.58969
0.57875
0.56822
0.5581
0.5484
0.53913
0.53027
0.52185
0.51385
0.50628
0.49915
0.49244
0.48615
0.4803
0.47486
0.46984
0.46524
0.46104
0.45725
0.45385
0.45085
0.44824
0.446
0.44413
0.44263
0.44149
0.4407
0.44024
0.44012
0.44031
0.44082
0.44163
0.44272
0.4441
0.44574
0.44764
0.44978
0.45215
0.45474
0.45753
0.4605
0.46365
0.46696
0.47041
0.47399
0.47769
0.48147
0.48534
0.48928
0.49326
0.49727
0.50131
0.50534
0.50937
0.51336
0.51732
0.52122
0.52507
0.52883
0.53251
0.53609
0.53957
0.54294
0.54619
0.54932
0.55233
0.5552
0.55795
0.56058
0.56307
0.56544
0.5677
0.56983
0.57186
0.57379
0.57563
0.57738
0.57905
0.58066
0.58222
0.58374
0.58524
0.58671
0.58819
0.58967
0.59119
0.59274
0.59434
0.59601
0.59776
0.5996
0.60155
0.60361
0.60581
0.60815
0.61064
0.61329
0.61612
0.61914
0.62234
0.62574
0.62935
0.63317
0.63721
0.64147
0.64596
0.65068
0.65562
0.6608
0.6662
0.67183
0.67769
0.68378
0.69008
0.6966
0.70332
0.71025
0.71737
0.72467
0.73215
0.73979
0.74759
0.75553
0.76359
0.77177
0.78005
0.78841
0.79685
0.80535
0.81388
0.82245
0.83102
0.83959
0.84814
0.85665
0.86511
0.8735
0.88182
0.89004
0.89815
0.90614
0.91399
0.92171
0.92926
0.93665
0.94386
0.95089
0.95773
0.96437
0.97081
0.97704
0.98305
0.98885
0.99443
0.99979
1.0049
1.0098
1.0145
1.019
1.0233
1.0273
1.0312
1.0348
1.0382
1.0415
1.0445
1.0474
1.05
1.0525
1.0549
1.057
1.059
1.0609
1.0626
1.0641
1.0656
1.0669
1.068
1.0691
1.07
1.0708
1.0715
1.0721
1.0726
1.073
1.0733
1.0735
1.0736
1.0736
1.0735
1.0733
1.073
1.0726
1.0721
1.0715
1.0708
1.07
1.069
1.068
1.0668
1.0655
1.064
1.0624
1.0607
1.0589
1.0569
1.0547
1.0524
1.0499
1.0472
1.0444
1.0414
1.0382
1.0349
1.0314
1.0276
1.0237
1.0196
1.0154
1.0109
1.0063
1.0014
0.99644
0.99126
0.98591
0.98039
0.97471
0.96887
0.96289
0.95676
0.9505
0.94413
0.93763
0.93104
0.92436
0.91759
0.91076
0.90388
0.89695
0.89
0.88303
0.87607
0.86911
0.86219
0.85531
0.84848
0.84173
0.83506
0.82849
0.82203
0.81569
0.80949
0.80344
0.79755
0.79182
0.78628
0.78092
0.77576
0.7708
0.76606
0.76153
0.75722
0.75313
0.74927
0.74564
0.74224
0.73907
0.73612
0.7334
0.73089
0.72861
0.72653
0.72465
0.72297
0.72148
0.72016
0.719
0.718
0.71714
0.7164
0.71577
0.71523
0.71478
0.71439
0.71404
0.71372
0.71341
0.71308
0.71273
0.71234
0.71187
0.71132
0.71067
0.7099
0.70899
0.70793
0.70669
0.70527
0.70365
0.70182
0.69976
0.69747
0.69494
0.69216
0.68912
0.68583
0.68227
0.67846
0.67438
0.67005
0.66547
0.66065
0.65559
0.65031
0.64482
0.63914
0.63327
0.62724
0.62107
0.61476
0.60836
0.60186
0.59531
0.58871
0.5821
0.57549
0.56892
0.56239
0.55594
0.54959
0.54337
0.53728
0.53137
0.52563
0.52011
0.51481
0.50976
0.50497
0.50046
0.49625
0.49234
0.48877
0.48553
0.48265
0.48013
0.47798
0.47623
0.47486
0.47391
0.47337
0.47325
0.47356
0.47431
0.4755
0.47714
0.47924
0.4818
0.48482
0.48832
0.49229
0.49673
0.50166
0.50707
0.51297
0.51935
0.52622
0.53357
0.5414
0.54972
0.55852
0.56779
0.57753
0.58773
0.59839
0.6095
0.62104
0.633
0.64538
0.65816
0.67132
0.68485
0.69873
0.71294
0.72746
0.74228
0.75736
0.77268
0.78823
0.80397
0.81989
0.83594
0.85212
0.86839
0.88473
0.9011
0.91748
0.93384
0.95015
0.9664
0.98254
0.99855
1.0144
1.0301
1.0455
1.0608
1.0758
1.0904
1.1048
1.1189
1.1326
1.1459
1.1588
1.1714
1.1834
1.1951
1.2062
1.2169
1.227
1.2366
1.2457
1.2543
1.2623
1.2697
1.2765
1.2827
1.2883
1.2933
1.2977
1.3015
1.3046
1.3072
1.309
1.3103
1.3109
1.3109
1.3103
1.3091
1.3073
1.3048
1.3018
1.2982
1.2941
1.2894
1.2841
1.2784
1.2722
1.2655
1.2583
1.2507
1.2427
1.2344
1.2256
1.2166
1.2073
1.1977
1.1878
1.1778
1.1675
1.1572
1.1467
1.1361
1.1254
1.1147
1.1041
1.0934
1.0828
1.0723
1.062
1.0517
1.0416
1.0317
1.0221
1.0126
1.0034
0.99453
0.98591
0.9776
0.96962
0.96198
0.9547
0.94778
0.94123
0.93507
0.9293
0.92394
0.91897
0.91442
0.91028
0.90655
0.90323
0.90033
0.89784
0.89576
0.89409
0.89282
0.89195
0.89147
0.89138
0.89166
0.89231
0.89332
0.89467
0.89637
0.8984
0.90074
0.90338
0.90632
0.90953
0.913
0.91673
0.92068
0.92486
0.92923
0.9338
0.93853
0.94341
0.94843
0.95357
0.95881
0.96413
0.96952
0.97495
0.98041
0.98588
0.99134
0.99678
1.0022
1.0075
1.0127
1.0179
1.0229
1.0278
1.0325
1.0371
1.0415
1.0457
1.0496
1.0533
1.0567
1.0599
1.0628
1.0653
1.0676
1.0695
1.071
1.0722
1.073
1.0734
1.0734
1.0729
1.072
1.0707
1.0689
1.0667
1.0639
1.0607
1.057
1.0527
1.048
1.0428
1.037
1.0307
1.0239
1.0166
1.0087
1.0004
0.99151
0.98214
0.97227
0.96191
0.95107
0.93977
0.92801
0.91583
0.90322
0.89022
0.87685
0.86312
0.84906
0.8347
0.82004
0.80511
0.78996
0.77463
0.75914
0.74352
0.72781
0.71205
0.69626
0.68047
0.66473
0.64907
0.63351
0.61808
0.60283
0.58777
0.57294
0.55835
0.54405
0.53004
0.51636
0.50302
0.49004
0.47744
0.46523
0.45343
0.44204
0.43108
0.42055
0.41046
0.40081
0.39161
0.38286
0.37456
0.36671
0.35931
0.35235
0.34584
0.33977
0.33413
0.32892
0.32414
0.31979
0.31585
0.31232
0.3092
0.30649
0.30417
0.30225
0.30071
0.29956
0.2988
0.29841
0.2984
0.29876
0.2995
0.3006
0.30206
0.30389
0.30608
0.30863
0.31154
0.31481
0.31842
0.32239
0.32671
0.33137
0.33637
0.34171
0.34738
0.35338
0.35971
0.36635
0.37329
0.38053
0.38807
0.39588
0.40395
0.41228
0.42085
0.42964
0.43864
0.44782
0.45718
0.46668
0.47632
0.48606
0.49588
0.50577
0.51569
0.52561
0.53553
0.5454
0.5552
0.56491
0.5745
0.58394
0.59321
0.60228
0.61112
0.61972
0.62804
0.63606
0.64377
0.65114
0.65815
0.66478
0.67101
0.67684
0.68224
0.6872
0.69171
0.69576
0.69935
0.70246
0.70509
0.70724
0.70891
0.7101
0.71081
0.71104
0.7108
0.7101
0.70894
0.70734
0.7053
0.70285
0.69998
0.69673
0.69311
0.68913
0.68481
0.68019
0.67526
0.67007
0.66463
0.65896
0.6531
0.64705
0.64086
0.63455
0.62813
0.62164
0.6151
0.60854
0.60198
0.59546
0.58898
0.58259
0.57629
0.57013
0.56411
0.55827
0.55262
0.54718
0.54199
0.53705
0.5324
0.52804
0.52399
0.52028
0.51693
0.51394
0.51134
0.50915
0.50737
0.50603
0.50514
0.50472
0.50478
0.50535
0.50642
0.50803
0.51018
0.5129
0.51619
0.52007
0.52457
0.52968
0.53544
0.54185
0.54894
0.5567
0.56517
0.57435
0.58425
0.59489
0.60628
0.61842
0.63132
0.64499
0.65942
0.67463
0.6906
0.70733
0.72479
0.74297
0.76186
0.78144
0.80171
0.82263
0.84417
0.86631
0.889
0.91222
0.93591
0.96002
0.98452
1.0093
1.0344
1.0597
1.0851
1.1106
1.1362
1.1616
1.1869
1.2121
1.2369
1.2614
1.2855
1.3091
1.3321
1.3545
1.3762
1.3972
1.4173
1.4365
1.4548
1.472
1.4882
1.5033
1.5173
1.5301
1.5416
1.5518
1.5608
1.5685
1.5748
1.5798
1.5834
1.5856
1.5864
1.5859
1.584
1.5808
1.5762
1.5703
1.5631
1.5546
1.5449
1.534
1.522
1.5088
1.4946
1.4794
1.4632
1.4462
1.4283
1.4096
1.3902
1.3701
1.3495
1.3283
1.3068
1.2848
1.2625
1.24
1.2174
1.1946
1.1718
1.149
1.1264
1.1038
1.0815
1.0595
1.0378
1.0165
0.99554
0.97508
0.95512
0.9357
0.91685
0.89861
0.88099
0.86402
0.84771
0.8321
0.81717
0.80296
0.78946
0.77668
0.76462
0.75328
0.74266
0.73275
0.72355
0.71506
0.70726
0.70014
0.69369
0.6879
0.68276
0.67825
0.67436
0.67107
0.66836
0.66622
0.66463
0.66358
0.66303
0.66298
0.6634
0.66428
0.66559
0.6673
0.6694
0.67187
0.67467
0.67779
0.6812
0.68488
0.68879
0.69292
0.69723
0.7017
0.7063
0.711
0.71579
0.72062
0.72547
0.73032
0.73513
0.73989
0.74456
0.74913
0.75357
0.75785
0.76196
0.76587
0.76957
0.77304
0.77626
0.77923
0.78192
0.78433
0.78645
0.78827
0.7898
0.79102
0.79193
0.79255
0.79286
0.79289
0.79263
0.79209
0.79128
0.79023
0.78893
0.78741
0.78568
0.78376
0.78166
0.77942
0.77704
0.77455
0.77196
0.76931
0.76661
0.76389
0.76116
0.75845
0.75577
0.75316
0.75062
0.74819
0.74587
0.74369
0.74167
0.73982
0.73815
0.73669
0.73545
0.73443
0.73365
0.73313
0.73287
0.73287
0.73316
0.73372
0.73458
0.73572
0.73717
0.7389
0.74094
0.74327
0.74589
0.74881
0.75202
0.75551
0.75928
0.76332
0.76762
0.77218
0.77698
0.78202
0.78729
0.79276
0.79844
0.8043
0.81034
0.81654
0.82288
0.82935
0.83594
0.84262
0.84939
0.85622
0.8631
0.87002
0.87695
0.88389
0.89081
0.89771
0.90455
0.91134
0.91806
0.92469
0.93121
0.93762
0.9439
0.95004
0.95603
0.96186
0.96751
0.97298
0.97825
0.98332
0.98818
0.99282
0.99723
1.0014
1.0053
1.009
1.0125
1.0156
1.0185
1.0212
1.0235
1.0256
1.0274
1.0289
1.0301
1.031
1.0316
1.0319
1.0318
1.0315
1.0308
1.0298
1.0284
1.0268
1.0248
1.0224
1.0197
1.0167
1.0133
1.0096
1.0055
1.0011
0.99629
0.99116
0.98568
0.97985
0.97368
0.96717
0.96032
0.95315
0.94565
0.93783
0.92971
0.92129
0.91258
0.9036
0.89436
0.88486
0.87513
0.86518
0.85503
0.84469
0.83419
0.82354
0.81275
0.80186
0.79088
0.77983
0.76873
0.75761
0.74648
0.73537
0.7243
0.71329
0.70236
0.69154
0.68083
0.67027
0.65987
0.64965
0.63963
0.62982
0.62025
0.61092
0.60185
0.59306
0.58455
0.57635
0.56846
0.56089
0.55365
0.54675
0.5402
0.53401
0.52818
0.52273
0.51764
0.51294
0.50863
0.5047
0.50118
0.49805
0.49532
0.493
0.4911
0.4896
0.48853
0.48788
0.48766
0.48786
0.4885
0.48959
0.49111
0.49309
0.49551
0.4984
0.50176
0.50558
0.50988
0.51467
0.51995
0.52572
0.53199
0.53877
0.54607
0.55389
0.56224
0.57112
0.58054
0.5905
0.60101
0.61207
0.62368
0.63585
0.64858
0.66185
0.67568
0.69006
0.70498
0.72044
0.73642
0.75291
0.76991
0.78739
0.80534
0.82373
0.84255
0.86176
0.88134
0.90127
0.92149
0.94199
0.96271
0.98362
1.0047
1.0258
1.047
1.0683
1.0894
1.1105
1.1314
1.1521
1.1725
1.1925
1.2122
1.2315
1.2502
1.2684
1.2859
1.3028
1.3189
1.3343
1.3487
1.3623
1.3749
1.3865
1.3971
1.4065
1.4148
1.4219
1.4279
1.4325
1.4359
1.438
1.4388
1.4382
1.4362
1.4329
1.4283
1.4223
1.4149
1.4061
1.3961
1.3847
1.3721
1.3582
1.343
1.3267
1.3093
1.2908
1.2713
1.2508
1.2294
1.2072
1.1843
1.1606
1.1364
1.1117
1.0865
1.061
1.0352
1.0092
0.98319
0.95716
0.93123
0.90547
0.87996
0.8548
0.83004
0.80577
0.78204
0.75893
0.73648
0.71475
0.6938
0.67364
0.65433
0.6359
0.61836
0.60174
0.58606
0.57131
0.55753
0.5447
0.53283
0.52192
0.51196
0.50296
0.4949
0.48778
0.48159
0.47632
0.47198
0.46854
0.466
0.46436
0.46362
0.46375
0.46478
0.46668
0.46946
0.47311
0.47764
0.48303
0.48929
0.49641
0.50439
0.51322
0.5229
0.5334
0.54473
0.55687
0.56979
0.58347
0.59789
0.61302
0.62881
0.64523
0.66224
0.67977
0.69779
0.71621
0.73499
0.75405
0.77332
0.79271
0.81216
0.83158
0.85088
0.86998
0.8888
0.90724
0.92523
0.94268
0.95951
0.97565
0.99101
1.0055
1.0191
1.0318
1.0434
1.0539
1.0633
1.0716
1.0786
1.0845
1.0891
1.0924
1.0945
1.0954
1.095
1.0934
1.0905
1.0865
1.0814
1.0751
1.0678
1.0595
1.0502
1.04
1.0289
1.0171
1.0046
0.9914
0.97766
0.96343
0.94877
0.93376
0.91847
0.90298
0.88735
0.87166
0.85597
0.84034
0.82485
0.80955
0.79449
0.77973
0.76531
0.75129
0.7377
0.72458
0.71197
0.69989
0.68838
0.67745
0.66713
0.65744
0.64838
0.63997
0.63223
0.62515
0.61874
0.61302
0.60797
0.6036
0.59991
0.59689
0.59455
0.59288
0.59188
0.59153
0.59185
0.59281
0.59441
0.59664
0.5995
0.60297
0.60705
0.61173
0.61698
0.62281
0.6292
0.63612
0.64357
0.65154
0.65999
0.66891
0.67829
0.68809
0.69829
0.70887
0.7198
0.73106
0.7426
0.75441
0.76645
0.77868
0.79107
0.80358
0.81619
0.82884
0.8415
0.85414
0.86672
0.87919
0.89152
0.90367
0.91561
0.92729
0.93868
0.94975
0.96047
0.97079
0.9807
0.99016
0.99914
1.0076
1.0156
1.023
1.0299
1.0362
1.0419
1.0471
1.0516
1.0555
1.0589
1.0616
1.0637
1.0653
1.0663
1.0667
1.0666
1.0659
1.0647
1.0631
1.061
1.0585
1.0555
1.0522
1.0486
1.0446
1.0404
1.036
1.0314
1.0266
1.0218
1.0168
1.0118
1.0069
1.002
0.99717
0.99249
0.98798
0.98368
0.97963
0.97586
0.97241
0.96931
0.96661
0.96432
0.96248
0.96112
0.96026
0.95993
0.96016
0.96097
0.96237
0.96438
0.96703
0.97033
0.97429
0.97891
0.98422
0.99021
0.99689
1.0043
1.0123
1.0211
1.0305
1.0406
1.0514
1.0629
1.0749
1.0876
1.1009
1.1147
1.1291
1.144
1.1594
1.1753
1.1915
1.2081
1.225
1.2422
1.2596
1.2772
1.2949
1.3127
1.3305
1.3483
1.3659
1.3835
1.4008
1.4179
1.4346
1.451
1.4669
1.4824
1.4974
1.5118
1.5255
1.5386
1.551
1.5627
1.5735
1.5836
1.5928
1.6012
1.6086
1.6152
1.6208
1.6254
1.6292
1.6319
1.6337
1.6346
1.6345
1.6335
1.6315
1.6286
1.6248
1.6202
1.6146
1.6083
1.6012
1.5932
1.5846
1.5752
1.5652
1.5546
1.5434
1.5316
1.5193
1.5066
1.4935
1.4799
1.4661
1.4519
1.4375
1.4229
1.4081
1.3932
1.3783
1.3632
1.3482
1.3332
1.3183
1.3034
1.2887
1.2742
1.2598
1.2456
1.2317
1.2181
1.2047
1.1916
1.1789
1.1664
1.1543
1.1426
1.1312
1.1203
1.1097
1.0994
1.0896
1.0802
1.0711
1.0625
1.0542
1.0464
1.0389
1.0318
1.0251
1.0188
1.0128
1.0072
1.0019
0.997
0.99241
0.98815
0.9842
0.98055
0.9772
0.97412
0.97133
0.96879
0.9665
0.96445
0.96262
0.96102
0.95962
0.95841
0.95738
0.95653
0.95584
0.9553
0.9549
