0.9512
0.9512
0.95121
0.95123
0.95124
0.95126
0.95128
0.9513
0.95133
0.95136
0.95139
0.95142
0.95146
0.95149
0.95153
0.95157
0.95161
0.95166
0.9517
0.95175
0.95179
0.95184
0.95189
0.95194
0.95199
0.95204
0.9521
0.95215
0.9522
0.95225
0.95231
0.95236
0.95241
0.95246
0.95252
0.95257
0.95262
0.95267
0.95272
0.95276
0.95281
0.95285
0.9529
0.95294
0.95298
0.95302
0.95305
0.95309
0.95312
0.95315
0.95318
0.9532
0.95322
0.95324
0.95325
0.95327
0.95328
0.95328
0.95328
0.95328
0.95328
0.95327
0.95325
0.95323
0.95321
0.95319
0.95315
0.95312
0.95308
0.95303
0.95298
0.95293
0.95286
0.9528
0.95273
0.95265
0.95257
0.95248
0.95238
0.95228
0.95217
0.95206
0.95194
0.95181
0.95168
0.95154
0.9514
0.95124
0.95108
0.95092
0.95074
0.95056
0.95037
0.95018
0.94997
0.94976
0.94955
0.94932
0.94909
0.94885
0.9486
0.94834
0.94808
0.94781
0.94753
0.94724
0.94694
0.94664
0.94632
0.946
0.94567
0.94534
0.94499
0.94464
0.94428
0.94391
0.94353
0.94314
0.94275
0.94235
0.94193
0.94151
0.94109
0.94065
0.94021
0.93975
0.93929
0.93883
0.93835
0.93786
0.93737
0.93687
0.93636
0.93585
0.93532
0.93479
0.93425
0.93371
0.93315
0.93259
0.93202
0.93144
0.93086
0.93027
0.92967
0.92907
0.92846
0.92784
0.92722
0.92659
0.92595
0.92531
0.92466
0.924
0.92334
0.92267
0.922
0.92132
0.92064
0.91995
0.91926
0.91856
0.91786
0.91715
0.91644
0.91573
0.91501
0.91428
0.91356
0.91283
0.91209
0.91135
0.91061
0.90987
0.90913
0.90838
0.90763
0.90688
0.90612
0.90537
0.90461
0.90385
0.90309
0.90233
0.90157
0.90081
0.90005
0.89929
0.89853
0.89777
0.89701
0.89625
0.89549
0.89473
0.89398
0.89322
0.89247
0.89172
0.89097
0.89023
0.88949
0.88875
0.88801
0.88728
0.88655
0.88582
0.8851
0.88438
0.88367
0.88296
0.88225
0.88156
0.88086
0.88017
0.87949
0.87881
0.87814
0.87748
0.87682
0.87617
0.87553
0.87489
0.87426
0.87364
0.87302
0.87241
0.87181
0.87122
0.87064
0.87007
0.8695
0.86894
0.8684
0.86786
0.86733
0.86681
0.8663
0.8658
0.86531
0.86483
0.86436
0.8639
0.86345
0.86302
0.86259
0.86217
0.86177
0.86138
0.861
0.86063
0.86027
0.85992
0.85959
0.85927
0.85896
0.85866
0.85837
0.8581
0.85784
0.8576
0.85736
0.85714
0.85693
0.85674
0.85655
0.85638
0.85623
0.85609
0.85596
0.85584
0.85574
0.85565
0.85558
0.85552
0.85547
0.85544
0.85542
0.85541
0.85542
0.85545
0.85548
0.85553
0.8556
0.85568
0.85577
0.85588
0.856
0.85614
0.85629
0.85645
0.85663
0.85682
0.85703
0.85725
0.85748
0.85773
0.858
0.85827
0.85856
0.85887
0.85919
0.85952
0.85987
0.86023
0.86061
0.861
0.8614
0.86182
0.86225
0.86269
0.86315
0.86362
0.86411
0.8646
0.86512
0.86564
0.86618
0.86673
0.8673
0.86787
0.86847
0.86907
0.86969
0.87031
0.87096
0.87161
0.87228
0.87296
0.87365
0.87435
0.87507
0.8758
0.87654
0.87729
0.87805
0.87883
0.87961
0.88041
0.88122
0.88204
0.88287
0.88372
0.88457
0.88543
0.88631
0.88719
0.88809
0.88899
0.88991
0.89084
0.89177
0.89272
0.89367
0.89464
0.89561
0.89659
0.89758
0.89858
0.89959
0.90061
0.90164
0.90267
0.90371
0.90477
0.90582
0.90689
0.90796
0.90904
0.91013
0.91123
0.91233
0.91344
0.91455
0.91567
0.9168
0.91794
0.91908
0.92022
0.92137
0.92253
0.92369
0.92485
0.92602
0.9272
0.92838
0.92956
0.93075
0.93194
0.93314
0.93434
0.93554
0.93674
0.93795
0.93916
0.94037
0.94159
0.9428
0.94402
0.94524
0.94646
0.94768
0.94891
0.95013
0.95136
0.95258
0.9538
0.95503
0.95625
0.95747
0.9587
0.95992
0.96114
0.96235
0.96357
0.96478
0.96599
0.9672
0.96841
0.96961
0.97081
0.972
0.97319
0.97438
0.97556
0.97674
0.97791
0.97908
0.98024
0.9814
0.98255
0.9837
0.98483
0.98596
0.98709
0.9882
0.98931
0.99041
0.9915
0.99259
0.99366
0.99473
0.99579
0.99683
0.99787
0.9989
0.99991
1.0009
1.0019
1.0029
1.0039
1.0048
1.0058
1.0067
1.0076
1.0085
1.0094
1.0103
1.0112
1.012
1.0129
1.0137
1.0145
1.0153
1.0161
1.0169
1.0176
1.0183
1.0191
1.0197
1.0204
1.0211
1.0217
1.0224
1.023
1.0236
1.0241
1.0247
1.0252
1.0257
1.0262
1.0267
1.0271
1.0276
1.028
1.0284
1.0287
1.0291
1.0294
1.0297
1.03
1.0303
1.0305
1.0307
1.0309
1.0311
1.0312
1.0313
1.0314
1.0315
1.0315
1.0315
1.0315
1.0315
1.0315
1.0314
1.0313
1.0311
1.031
1.0308
1.0306
1.0304
1.0301
1.0298
1.0295
1.0292
1.0288
1.0284
1.028
1.0276
1.0271
1.0266
1.0261
1.0255
1.0249
1.0243
1.0237
1.023
1.0224
1.0216
1.0209
1.0201
1.0193
1.0185
1.0177
1.0168
1.0159
1.0149
1.014
1.013
1.012
1.0109
1.0099
1.0088
1.0077
1.0065
1.0053
1.0041
1.0029
1.0017
1.0004
0.9991
0.99777
0.99642
0.99505
0.99364
0.99222
0.99077
0.98929
0.98779
0.98627
0.98473
0.98316
0.98157
0.97995
0.97831
0.97665
0.97497
0.97327
0.97154
0.9698
0.96803
0.96624
0.96443
0.96261
0.96076
0.95889
0.95701
0.9551
0.95318
0.95124
0.94929
0.94731
0.94532
0.94331
0.94129
0.93925
0.9372
0.93513
0.93305
0.93095
0.92884
0.92672
0.92458
0.92244
0.92028
0.91811
0.91593
0.91373
0.91153
0.90932
0.9071
0.90488
0.90264
0.9004
0.89815
0.89589
0.89363
0.89136
0.88908
0.88681
0.88452
0.88224
0.87995
0.87766
0.87537
0.87307
0.87078
0.86848
0.86618
0.86389
0.86159
0.8593
0.85701
0.85472
0.85244
0.85015
0.84788
0.8456
0.84334
0.84107
0.83882
0.83657
0.83433
0.83209
0.82987
0.82765
0.82544
0.82325
0.82106
0.81888
0.81671
0.81456
0.81242
0.81029
0.80817
0.80607
0.80398
0.80191
0.79985
0.79781
0.79579
0.79378
0.79178
0.78981
0.78785
0.78591
0.78399
0.78209
0.78021
0.77835
0.77651
0.77469
0.77289
0.77112
0.76936
0.76763
0.76592
0.76424
0.76258
0.76094
0.75933
0.75774
0.75618
0.75464
0.75313
0.75165
0.75019
0.74876
0.74736
0.74599
0.74464
0.74332
0.74203
0.74077
0.73954
0.73834
0.73717
0.73603
0.73492
0.73384
0.73279
0.73177
0.73078
0.72983
0.7289
0.72801
0.72715
0.72633
0.72554
0.72478
0.72405
0.72335
0.72269
0.72207
0.72148
0.72092
0.72039
0.7199
0.71945
0.71903
0.71864
0.71829
0.71797
0.71769
0.71744
0.71723
0.71705
0.71691
0.71681
0.71674
0.7167
0.7167
0.71674
0.71681
0.71692
0.71706
0.71724
0.71746
0.71771
0.71799
0.71831
0.71867
0.71906
0.71949
0.71995
0.72045
0.72098
0.72154
0.72215
0.72278
0.72345
0.72416
0.7249
0.72567
0.72648
0.72732
0.7282
0.72911
0.73005
0.73102
0.73203
0.73307
0.73414
0.73525
0.73638
0.73755
0.73875
0.73998
0.74124
0.74253
0.74385
0.7452
0.74658
0.74798
0.74942
0.75089
0.75238
0.7539
0.75544
0.75702
0.75862
0.76024
0.76189
0.76357
0.76527
0.76699
0.76874
0.7705
0.7723
0.77411
0.77594
0.7778
0.77967
0.78157
0.78348
0.78541
0.78736
0.78933
0.79131
0.79331
0.79533
0.79736
0.7994
0.80146
0.80353
0.80561
0.8077
0.80981
0.81192
0.81404
0.81618
0.81832
0.82046
0.82262
0.82478
0.82694
0.82911
0.83128
0.83346
0.83564
0.83781
0.83999
0.84217
0.84435
0.84653
0.8487
0.85087
0.85304
0.8552
0.85736
0.85951
0.86165
0.86379
0.86591
0.86803
0.87014
0.87223
0.87432
0.87639
0.87845
0.88049
0.88252
0.88454
0.88653
0.88851
0.89048
0.89242
0.89435
0.89625
0.89814
0.9
0.90184
0.90366
0.90546
0.90723
0.90898
0.9107
0.9124
0.91406
0.91571
0.91732
0.91891
0.92046
0.92199
0.92349
0.92495
0.92639
0.92779
0.92916
0.9305
0.9318
0.93308
0.93431
0.93552
0.93668
0.93781
0.93891
0.93997
0.94099
0.94198
0.94293
0.94384
0.94471
0.94555
0.94635
0.94711
0.94783
0.94851
0.94915
0.94975
0.95031
0.95083
0.95132
0.95176
0.95216
0.95252
0.95285
0.95313
0.95337
0.95357
0.95373
0.95386
0.95394
0.95398
0.95398
0.95394
0.95386
0.95374
0.95359
0.95339
0.95315
0.95288
0.95257
0.95222
0.95183
0.9514
0.95094
0.95043
0.9499
0.94932
0.94871
0.94806
0.94738
0.94666
0.94591
0.94513
0.94431
0.94345
0.94257
0.94165
0.9407
0.93972
0.93871
0.93767
0.9366
0.9355
0.93437
0.93321
0.93203
0.93082
0.92958
0.92832
0.92703
0.92572
0.92438
0.92303
0.92165
0.92024
0.91882
0.91738
0.91592
0.91444
0.91294
0.91142
0.90988
0.90833
0.90677
0.90519
0.90359
0.90199
0.90037
0.89874
0.89709
0.89544
0.89378
0.8921
0.89042
0.88874
0.88704
0.88534
0.88364
0.88193
0.88021
0.87849
0.87677
0.87505
0.87333
0.87161
0.86988
0.86816
0.86644
0.86472
0.86301
0.8613
0.85959
0.85789
0.85619
0.8545
0.85282
0.85114
0.84947
0.84781
0.84616
0.84452
0.84289
0.84127
0.83966
0.83807
0.83648
0.83491
0.83336
0.83182
0.83029
0.82878
0.82728
0.8258
0.82433
0.82289
0.82146
0.82004
0.81865
0.81728
0.81592
0.81458
0.81327
0.81197
0.81069
0.80944
0.8082
0.80699
0.8058
0.80463
0.80348
0.80236
0.80125
0.80017
0.79912
0.79809
0.79708
0.79609
0.79513
0.79419
0.79328
0.79239
0.79153
0.79069
0.78988
0.78909
0.78832
0.78758
0.78687
0.78618
0.78551
0.78487
0.78426
0.78367
0.7831
0.78256
0.78205
0.78156
0.78109
0.78065
0.78024
0.77985
0.77948
0.77914
0.77882
0.77853
0.77826
0.77801
0.77779
0.77759
0.77741
0.77726
0.77713
0.77702
0.77694
0.77688
0.77684
0.77682
0.77682
0.77684
0.77689
0.77695
0.77704
0.77714
0.77727
0.77741
0.77757
0.77775
0.77795
0.77817
0.7784
0.77865
0.77892
0.77921
0.77951
0.77982
0.78016
0.7805
0.78086
0.78124
0.78162
0.78202
0.78244
0.78286
0.7833
0.78375
0.7842
0.78467
0.78515
0.78564
0.78614
0.78664
0.78715
0.78767
0.7882
0.78874
0.78927
0.78982
0.79037
0.79092
0.79148
0.79204
0.79261
0.79317
0.79374
0.79431
0.79488
0.79545
0.79602
0.79659
0.79716
0.79773
0.79829
0.79885
0.79941
0.79997
0.80052
0.80106
0.8016
0.80214
0.80267
0.80319
0.8037
0.80421
0.80471
0.8052
0.80568
0.80615
0.80661
0.80706
0.8075
0.80793
0.80835
0.80875
0.80914
0.80952
0.80989
0.81024
0.81058
0.8109
0.81121
0.8115
0.81177
0.81203
0.81228
0.8125
0.81271
0.81291
0.81308
0.81324
0.81337
0.81349
0.81359
0.81367
0.81373
0.81377
0.8138
0.8138
0.81378
0.81374
0.81367
0.81359
0.81349
0.81336
0.81322
0.81305
0.81285
0.81264
0.81241
0.81215
0.81187
0.81157
0.81124
0.81089
0.81052
0.81013
0.80971
0.80927
0.80881
0.80832
0.80781
0.80728
0.80673
0.80615
0.80555
0.80493
0.80428
0.80361
0.80292
0.80221
0.80147
0.80071
0.79993
0.79913
0.79831
0.79746
0.79659
0.7957
0.79479
0.79386
0.79291
0.79194
0.79094
0.78993
0.78889
0.78784
0.78677
0.78568
0.78456
0.78343
0.78229
0.78112
0.77993
0.77873
0.77751
0.77627
0.77502
0.77375
0.77246
0.77116
0.76984
0.76851
0.76716
0.7658
0.76443
0.76304
0.76163
0.76022
0.75879
0.75735
0.7559
0.75443
0.75296
0.75147
0.74998
0.74847
0.74695
0.74543
0.7439
0.74235
0.7408
0.73925
0.73768
0.73611
0.73454
0.73295
0.73136
0.72977
0.72817
0.72657
0.72496
0.72335
0.72174
0.72012
0.71851
0.71689
0.71527
0.71364
0.71202
0.7104
0.70877
0.70715
0.70553
0.70391
0.70229
0.70068
0.69906
0.69745
0.69584
0.69424
0.69264
0.69104
0.68945
0.68787
0.68629
0.68471
0.68314
0.68158
0.68003
0.67848
0.67694
0.6754
0.67388
0.67236
0.67085
0.66935
0.66786
0.66638
0.66491
0.66345
0.662
0.66056
0.65914
0.65772
0.65631
0.65492
0.65354
0.65217
0.65081
0.64947
0.64814
0.64682
0.64552
0.64423
0.64295
0.64169
0.64044
0.63921
0.63799
0.63678
0.63559
0.63442
0.63326
0.63212
0.63099
0.62988
0.62878
0.6277
0.62664
0.62559
0.62456
0.62354
0.62255
0.62156
0.6206
0.61965
0.61872
0.61781
0.61691
0.61603
0.61517
0.61433
0.6135
0.61269
0.6119
0.61113
0.61037
0.60963
0.60891
0.60821
0.60752
0.60686
0.60621
0.60558
0.60496
0.60437
0.60379
0.60323
0.60268
0.60216
0.60165
0.60116
0.60069
0.60024
0.5998
0.59938
0.59898
0.5986
0.59823
0.59788
0.59755
0.59723
0.59694
0.59666
0.59639
0.59615
0.59592
0.59571
0.59551
0.59533
0.59517
0.59502
0.5949
0.59478
0.59469
0.5946
0.59454
0.59449
0.59446
0.59444
0.59444
0.59445
0.59448
0.59452
0.59458
0.59466
0.59474
0.59485
0.59496
0.5951
0.59524
0.5954
0.59558
0.59577
0.59597
0.59618
0.59641
0.59665
0.59691
0.59718
0.59746
0.59775
0.59806
0.59838
0.59871
0.59905
0.5994
0.59977
0.60015
0.60054
0.60094
0.60135
0.60177
0.60221
0.60265
0.6031
0.60357
0.60404
0.60453
0.60502
0.60553
0.60604
0.60657
0.6071
0.60764
0.60819
0.60875
0.60932
0.6099
0.61048
0.61108
0.61168
0.61229
0.6129
0.61353
0.61416
0.6148
0.61544
0.6161
0.61676
0.61742
0.6181
0.61877
0.61946
0.62015
0.62085
0.62155
0.62226
0.62298
0.6237
0.62443
0.62516
0.62589
0.62663
0.62738
0.62813
0.62889
0.62965
0.63041
0.63118
0.63195
0.63273
0.63351
0.6343
0.63509
0.63588
0.63667
0.63747
0.63828
0.63908
0.63989
0.64071
0.64152
0.64234
0.64316
0.64399
0.64481
0.64564
0.64648
0.64731
0.64815
0.64899
0.64983
0.65068
0.65152
0.65237
0.65322
0.65408
0.65493
0.65579
0.65665
0.65751
0.65837
0.65923
0.6601
0.66097
0.66184
0.66271
0.66358
0.66445
0.66533
0.66621
0.66708
0.66796
0.66885
0.66973
0.67061
0.6715
0.67238
0.67327
0.67416
0.67505
0.67594
0.67683
0.67772
0.67862
0.67951
0.68041
0.68131
0.68221
0.6831
0.68401
0.68491
0.68581
0.68671
0.68762
0.68852
0.68943
0.69033
0.69124
0.69215
0.69306
0.69397
0.69488
0.69579
0.6967
0.69761
0.69853
0.69944
0.70035
0.70127
0.70218
0.7031
0.70402
0.70493
0.70585
0.70677
0.70768
0.7086
0.70952
0.71044
0.71136
0.71228
0.7132
0.71411
0.71503
0.71595
0.71687
0.71779
0.71871
0.71962
0.72054
0.72146
0.72237
0.72329
0.7242
0.72512
0.72603
0.72695
0.72786
0.72877
0.72968
0.73059
0.73149
0.7324
0.7333
0.73421
0.73511
0.73601
0.73691
0.7378
0.7387
0.73959
0.74048
0.74136
0.74225
0.74313
0.74401
0.74489
0.74576
0.74663
0.7475
0.74836
0.74922
0.75008
0.75093
0.75178
0.75263
0.75347
0.7543
0.75514
0.75596
0.75679
0.75761
0.75842
0.75923
0.76003
0.76083
0.76162
0.76241
0.76319
0.76396
0.76473
0.76549
0.76625
0.767
0.76774
0.76847
0.7692
0.76992
0.77064
0.77134
0.77204
0.77273
0.77341
0.77408
0.77475
0.77541
0.77605
0.77669
0.77732
0.77794
0.77855
0.77916
0.77975
0.78033
0.7809
0.78146
0.78202
0.78256
0.78309
0.78361
0.78412
0.78462
0.7851
0.78558
0.78604
0.7865
0.78694
0.78737
0.78778
0.78819
0.78858
0.78896
0.78933
0.78969
0.79003
0.79036
0.79068
0.79098
0.79127
0.79155
0.79182
0.79207
0.79231
0.79253
0.79274
0.79294
0.79312
0.79329
0.79345
0.79359
0.79372
0.79383
0.79393
0.79402
0.79409
0.79415
0.79419
0.79422
0.79424
0.79424
0.79423
0.7942
0.79416
0.7941
0.79403
0.79395
0.79385
0.79374
0.79361
0.79347
0.79332
0.79315
0.79297
0.79277
0.79256
0.79234
0.7921
0.79185
0.79159
0.79131
0.79102
0.79071
0.79039
0.79006
0.78972
0.78936
0.78899
0.78861
0.78822
0.78781
0.7874
0.78696
0.78652
0.78607
0.7856
0.78513
0.78464
0.78414
0.78363
0.78311
0.78258
0.78204
0.78149
0.78093
0.78036
0.77978
0.77919
0.77859
0.77798
0.77737
0.77674
0.77611
0.77547
0.77482
0.77417
0.7735
0.77283
0.77216
0.77148
0.77079
0.77009
0.76939
0.76869
0.76798
0.76726
0.76654
0.76582
0.76509
0.76436
0.76362
0.76288
0.76214
0.7614
0.76065
0.75991
0.75916
0.7584
0.75765
0.7569
0.75614
0.75539
0.75464
0.75388
0.75313
0.75238
0.75163
0.75088
0.75013
0.74939
0.74865
0.74791
0.74717
0.74644
0.74571
0.74498
0.74426
0.74355
0.74284
0.74213
0.74143
0.74074
0.74005
0.73937
0.73869
0.73803
0.73737
0.73671
0.73607
0.73543
0.7348
0.73419
0.73358
0.73298
0.73239
0.7318
0.73123
0.73068
0.73013
0.72959
0.72906
0.72855
0.72805
0.72756
0.72708
0.72661
0.72616
0.72572
0.7253
0.72488
0.72449
0.7241
0.72374
0.72338
0.72304
0.72272
0.72241
0.72212
0.72184
0.72158
0.72134
0.72111
0.7209
0.72071
0.72053
0.72037
0.72023
0.72011
0.72
0.71992
0.71985
0.7198
0.71977
0.71975
0.71976
0.71979
0.71983
0.7199
0.71998
0.72009
0.72021
0.72036
0.72053
0.72071
0.72092
0.72115
0.72139
0.72166
0.72195
0.72227
0.7226
0.72295
0.72333
0.72373
0.72415
0.72459
0.72505
0.72553
0.72604
0.72657
0.72712
0.72769
0.72829
0.72891
0.72955
0.73021
0.73089
0.7316
0.73233
0.73308
0.73385
0.73465
0.73547
0.73631
0.73717
0.73806
0.73897
0.7399
0.74085
0.74182
0.74282
0.74384
0.74488
0.74594
0.74702
0.74813
0.74926
0.75041
0.75158
0.75277
0.75398
0.75522
0.75647
0.75775
0.75905
0.76036
0.7617
0.76306
0.76444
0.76583
0.76725
0.76869
0.77015
0.77162
0.77312
0.77463
0.77616
0.77771
0.77928
0.78087
0.78247
0.78409
0.78573
0.78738
0.78905
0.79074
0.79244
0.79416
0.7959
0.79764
0.79941
0.80119
0.80298
0.80478
0.8066
0.80843
0.81028
0.81213
0.814
0.81588
0.81777
0.81967
0.82159
0.82351
0.82544
0.82738
0.82933
0.83128
0.83325
0.83522
0.8372
0.83918
0.84117
0.84317
0.84517
0.84718
0.84919
0.8512
0.85322
0.85523
0.85725
0.85928
0.8613
0.86332
0.86535
0.86737
0.86939
0.87141
0.87343
0.87544
0.87745
0.87946
0.88146
0.88346
0.88545
0.88744
0.88942
0.89139
0.89335
0.89531
0.89725
0.89919
0.90111
0.90303
0.90493
0.90682
0.9087
0.91057
0.91242
0.91426
0.91608
0.91789
0.91968
0.92145
0.92321
0.92495
0.92667
0.92837
0.93005
0.93171
0.93335
0.93497
0.93656
0.93814
0.93969
0.94121
0.94271
0.94419
0.94564
0.94707
0.94847
0.94984
0.95118
0.9525
0.95379
0.95505
0.95627
0.95747
0.95864
0.95977
0.96088
0.96195
0.96299
0.96399
0.96497
0.9659
0.96681
0.96767
0.96851
0.9693
0.97006
0.97079
0.97147
0.97212
0.97273
0.9733
0.97384
0.97433
0.97479
0.9752
0.97558
0.97591
0.97621
0.97646
0.97667
0.97684
0.97697
0.97706
0.9771
0.9771
0.97706
0.97698
0.97685
0.97668
0.97647
0.97621
0.97591
0.97557
0.97518
0.97475
0.97428
0.97376
0.97319
0.97258
0.97193
0.97123
0.97049
0.96971
0.96888
0.968
0.96709
0.96612
0.96512
0.96407
0.96297
0.96184
0.96066
0.95943
0.95816
0.95685
0.9555
0.9541
0.95266
0.95118
0.94966
0.9481
0.94649
0.94484
0.94315
0.94142
0.93965
0.93784
0.936
0.93411
0.93218
0.93021
0.92821
0.92617
0.92409
0.92197
0.91982
0.91763
0.91541
0.91315
0.91086
0.90853
0.90617
0.90377
0.90135
0.89889
0.8964
0.89388
0.89132
0.88874
0.88613
0.88349
0.88082
0.87813
0.87541
0.87266
0.86988
0.86709
0.86426
0.86142
0.85855
0.85565
0.85274
0.8498
0.84685
0.84387
0.84088
0.83787
0.83484
0.83179
0.82872
0.82565
0.82255
0.81944
0.81632
0.81319
0.81004
0.80688
0.80371
0.80053
0.79735
0.79415
0.79095
0.78773
0.78452
0.78129
0.77806
0.77483
0.7716
0.76836
0.76511
0.76187
0.75863
0.75538
0.75214
0.7489
0.74566
0.74242
0.73919
0.73596
0.73273
0.72951
0.7263
0.72309
0.71989
0.7167
0.71351
0.71034
0.70717
0.70402
0.70088
0.69774
0.69462
0.69152
0.68842
0.68534
0.68227
0.67922
0.67619
0.67317
0.67016
0.66718
0.66421
0.66126
0.65833
0.65541
0.65252
0.64965
0.64679
0.64396
0.64115
0.63836
0.6356
0.63285
0.63013
0.62743
0.62476
0.62211
0.61949
0.61689
0.61431
0.61176
0.60924
0.60674
0.60427
0.60183
0.59941
0.59703
0.59467
0.59233
0.59003
0.58776
0.58551
0.58329
0.58111
0.57895
0.57682
0.57472
0.57266
0.57062
0.56862
0.56664
0.5647
0.56279
0.56091
0.55906
0.55725
0.55546
0.55371
0.55199
0.55031
0.54865
0.54703
0.54545
0.54389
0.54237
0.54089
0.53943
0.53801
0.53663
0.53527
0.53396
0.53267
0.53142
0.53021
0.52903
0.52788
0.52677
0.52569
0.52465
0.52364
0.52267
0.52173
0.52083
0.51996
0.51913
0.51833
0.51757
0.51685
0.51616
0.5155
0.51488
0.5143
0.51375
0.51324
0.51277
0.51233
0.51192
0.51155
0.51122
0.51093
0.51067
0.51045
0.51026
0.51011
0.51
0.50992
0.50988
0.50987
0.50991
0.50998
0.51008
0.51023
0.51041
0.51063
0.51088
0.51117
0.5115
0.51187
0.51227
0.51271
0.51319
0.5137
0.51426
0.51485
0.51548
0.51614
0.51685
0.51759
0.51837
0.51918
0.52004
0.52093
0.52187
0.52284
0.52384
0.52489
0.52597
0.5271
0.52826
0.52946
0.5307
0.53198
0.53329
0.53465
0.53604
0.53747
0.53894
0.54045
0.542
0.54359
0.54522
0.54688
0.54859
0.55033
0.55212
0.55394
0.5558
0.5577
0.55964
0.56162
0.56364
0.5657
0.56779
0.56993
0.5721
0.57432
0.57657
0.57886
0.58119
0.58356
0.58597
0.58842
0.59091
0.59343
0.596
0.5986
0.60124
0.60392
0.60664
0.60939
0.61219
0.61502
0.61789
0.6208
0.62374
0.62672
0.62974
0.6328
0.63589
0.63902
0.64219
0.64539
0.64862
0.6519
0.65521
0.65855
0.66193
0.66534
0.66879
0.67227
0.67578
0.67933
0.68291
0.68652
0.69017
0.69385
0.69755
0.70129
0.70506
0.70886
0.71269
0.71655
0.72044
0.72435
0.7283
0.73227
0.73627
0.74029
0.74434
0.74841
0.75251
0.75664
0.76078
0.76495
0.76914
0.77335
0.77758
0.78184
0.78611
0.7904
0.79471
0.79904
0.80338
0.80774
0.81211
0.8165
0.8209
0.82531
0.82974
0.83418
0.83862
0.84308
0.84755
0.85202
0.8565
0.86099
0.86548
0.86997
0.87447
0.87898
0.88348
0.88798
0.89249
0.89699
0.90149
0.90599
0.91048
0.91497
0.91945
0.92393
0.9284
0.93286
0.93731
0.94174
0.94617
0.95059
0.95499
0.95937
0.96374
0.96809
0.97243
0.97675
0.98104
0.98532
0.98957
0.99381
0.99802
1.0022
1.0064
1.0105
1.0146
1.0187
1.0227
1.0267
1.0307
1.0347
1.0386
1.0425
1.0463
1.0501
1.0539
1.0576
1.0613
1.065
1.0686
1.0722
1.0757
1.0792
1.0826
1.086
1.0894
1.0927
1.096
1.0992
1.1023
1.1055
1.1085
1.1115
1.1145
1.1174
1.1202
1.123
1.1258
1.1285
1.1311
1.1337
1.1362
1.1387
1.1411
1.1434
1.1457
1.1479
1.1501
1.1522
1.1542
1.1562
1.1581
1.16
1.1618
1.1635
1.1651
1.1667
1.1683
1.1697
1.1712
1.1725
1.1738
1.175
1.1761
1.1772
1.1782
1.1791
1.18
1.1808
1.1816
1.1822
1.1828
1.1834
1.1839
1.1843
1.1846
1.1849
1.1851
1.1852
1.1853
1.1853
1.1853
1.1851
1.1849
1.1847
1.1844
1.184
1.1835
1.183
1.1824
1.1818
1.1811
1.1803
1.1795
1.1786
1.1777
1.1767
1.1756
1.1744
1.1733
1.172
1.1707
1.1693
1.1679
1.1664
1.1649
1.1633
1.1616
1.1599
1.1582
1.1564
1.1545
1.1526
1.1506
1.1486
1.1465
1.1444
1.1423
1.14
1.1378
1.1355
1.1331
1.1308
1.1283
1.1259
1.1233
1.1208
1.1182
1.1156
1.1129
1.1102
1.1074
1.1047
1.1018
1.099
1.0961
1.0932
1.0903
1.0873
1.0843
1.0813
1.0782
1.0751
1.072
1.0689
1.0657
1.0626
1.0594
1.0562
1.0529
1.0497
1.0464
1.0431
1.0398
1.0365
1.0332
1.0298
1.0265
1.0231
1.0197
1.0163
1.0129
1.0095
1.0061
1.0027
0.99929
0.99587
0.99244
0.98901
0.98558
0.98215
0.97872
0.97529
0.97186
0.96843
0.96501
0.96159
0.95818
0.95477
0.95137
0.94797
0.94458
0.9412
0.93783
0.93447
0.93112
0.92779
0.92446
0.92114
0.91784
0.91455
0.91128
0.90802
0.90478
0.90155
0.89834
0.89514
0.89197
0.88881
0.88567
0.88254
0.87944
0.87636
0.8733
0.87025
0.86723
0.86423
0.86126
0.8583
0.85537
0.85246
0.84957
0.84671
0.84387
0.84106
0.83827
0.8355
0.83276
0.83005
0.82736
0.82469
0.82206
0.81944
0.81686
0.8143
0.81177
0.80926
0.80679
0.80434
0.80191
0.79952
0.79715
0.79481
0.79249
0.79021
0.78795
0.78572
0.78352
0.78135
0.7792
0.77708
0.775
0.77293
0.7709
0.7689
0.76692
0.76497
0.76305
0.76116
0.7593
0.75746
0.75565
0.75387
0.75212
0.75039
0.7487
0.74703
0.74539
0.74377
0.74219
0.74063
0.73909
0.73759
0.73611
0.73466
0.73324
0.73184
0.73047
0.72913
0.72781
0.72652
0.72525
0.72401
0.7228
0.72161
0.72045
0.71931
0.7182
0.71712
0.71606
0.71502
0.71401
0.71303
0.71206
0.71113
0.71022
0.70933
0.70846
0.70762
0.70681
0.70602
0.70525
0.7045
0.70378
0.70308
0.70241
0.70176
0.70113
0.70052
0.69994
0.69938
0.69884
0.69832
0.69783
0.69736
0.69691
0.69648
0.69607
0.69569
0.69533
0.69498
0.69467
0.69437
0.69409
0.69384
0.6936
0.69339
0.6932
0.69303
0.69288
0.69275
0.69264
0.69255
0.69248
0.69244
0.69241
0.69241
0.69242
0.69246
0.69251
0.69259
0.69269
0.6928
0.69294
0.6931
0.69328
0.69348
0.69369
0.69393
0.69419
0.69447
0.69477
0.69509
0.69543
0.69579
0.69617
0.69657
0.69699
0.69743
0.6979
0.69838
0.69888
0.6994
0.69994
0.70051
0.70109
0.70169
0.70231
0.70296
0.70362
0.70431
0.70501
0.70574
0.70648
0.70725
0.70803
0.70884
0.70967
0.71051
0.71138
0.71227
0.71318
0.71411
0.71506
0.71603
0.71702
0.71803
0.71906
0.72011
0.72118
0.72228
0.72339
0.72452
0.72568
0.72685
0.72805
0.72926
0.73049
0.73175
0.73302
0.73432
0.73563
0.73697
0.73832
0.7397
0.74109
0.74251
0.74394
0.74539
0.74687
0.74836
0.74987
0.7514
0.75295
0.75451
0.7561
0.7577
0.75933
0.76097
0.76263
0.7643
0.766
0.76771
0.76944
0.77118
0.77295
0.77472
0.77652
0.77833
0.78016
0.782
0.78386
0.78573
0.78762
0.78952
0.79144
0.79337
0.79531
0.79727
0.79924
0.80122
0.80321
0.80522
0.80724
0.80927
0.81131
0.81336
0.81541
0.81748
0.81956
0.82165
0.82374
0.82584
0.82795
0.83006
0.83219
0.83431
0.83644
0.83858
0.84072
0.84287
0.84501
0.84716
0.84932
0.85147
0.85362
0.85578
0.85793
0.86009
0.86224
0.86439
0.86653
0.86868
0.87082
0.87295
0.87508
0.87721
0.87932
0.88144
0.88354
0.88563
0.88772
0.88979
0.89186
0.89391
0.89595
0.89798
0.9
0.902
0.90399
0.90596
0.90792
0.90986
0.91178
0.91369
0.91557
0.91744
0.91929
0.92111
0.92292
0.9247
0.92646
0.92819
0.92991
0.93159
0.93326
0.93489
0.9365
0.93808
0.93963
0.94116
0.94265
0.94412
0.94555
0.94696
0.94833
0.94967
0.95097
0.95224
0.95348
0.95468
0.95585
0.95698
0.95807
0.95913
0.96015
0.96113
0.96208
0.96298
0.96384
0.96467
0.96545
0.96619
0.96689
0.96755
0.96817
0.96875
0.96928
0.96977
0.97021
0.97061
0.97097
0.97128
0.97154
0.97177
0.97194
0.97207
0.97216
0.97219
0.97219
0.97213
0.97203
0.97188
0.97168
0.97144
0.97115
0.97082
0.97043
0.97
0.96952
0.96899
0.96842
0.9678
0.96713
0.96642
0.96565
0.96484
0.96399
0.96308
0.96214
0.96114
0.9601
0.95901
0.95787
0.95669
0.95547
0.9542
0.95288
0.95152
0.95012
0.94867
0.94718
0.94564
0.94407
0.94245
0.94079
0.93908
0.93734
0.93556
0.93373
0.93187
0.92997
0.92802
0.92604
0.92403
0.92197
0.91988
0.91776
0.9156
0.9134
0.91117
0.90891
0.90661
0.90429
0.90193
0.89954
0.89712
0.89467
0.89219
0.88969
0.88715
0.8846
0.88201
0.8794
0.87677
0.87411
0.87143
0.86873
0.86601
0.86326
0.8605
0.85772
0.85492
0.8521
0.84927
0.84642
0.84356
0.84068
0.83779
0.83488
0.83197
0.82904
0.82611
0.82316
0.82021
0.81725
0.81428
0.8113
0.80832
0.80534
0.80235
0.79936
0.79636
0.79337
0.79037
0.78738
0.78438
0.78139
0.7784
0.77541
0.77243
0.76945
0.76648
0.76351
0.76055
0.75759
0.75465
0.75171
0.74878
0.74586
0.74296
0.74006
0.73718
0.73431
0.73145
0.7286
0.72577
0.72296
0.72016
0.71738
0.71461
0.71186
0.70913
0.70642
0.70372
0.70105
0.69839
0.69576
0.69315
0.69055
0.68798
0.68543
0.68291
0.6804
0.67792
0.67547
0.67303
0.67063
0.66824
0.66589
0.66355
0.66125
0.65897
0.65671
0.65449
0.65229
0.65011
0.64797
0.64585
0.64376
0.6417
0.63967
0.63766
0.63569
0.63374
0.63182
0.62994
0.62808
0.62625
0.62445
0.62268
0.62095
0.61924
0.61756
0.61591
0.6143
0.61271
0.61116
0.60963
0.60814
0.60668
0.60525
0.60385
0.60248
0.60114
0.59983
0.59856
0.59731
0.5961
0.59491
0.59376
0.59264
0.59155
0.59049
0.58946
0.58847
0.5875
0.58656
0.58566
0.58478
0.58394
0.58312
0.58234
0.58159
0.58086
0.58017
0.57951
0.57888
0.57827
0.5777
0.57715
0.57664
0.57615
0.5757
0.57527
0.57487
0.5745
0.57416
0.57384
0.57356
0.5733
0.57307
0.57287
0.5727
0.57255
0.57243
0.57234
0.57227
0.57224
0.57222
0.57224
0.57228
0.57234
0.57243
0.57255
0.57269
0.57286
0.57305
0.57327
0.57351
0.57378
0.57407
0.57438
0.57472
0.57508
0.57546
0.57587
0.5763
0.57675
0.57722
0.57772
0.57824
0.57878
0.57934
0.57992
0.58052
0.58114
0.58179
0.58245
0.58313
0.58383
0.58455
0.58529
0.58605
0.58683
0.58763
0.58844
0.58927
0.59012
0.59099
0.59187
0.59277
0.59368
0.59461
0.59556
0.59652
0.5975
0.59849
0.5995
0.60052
0.60156
0.60261
0.60367
0.60475
0.60583
0.60694
0.60805
0.60918
0.61031
0.61146
0.61262
0.61379
0.61497
0.61617
0.61737
0.61858
0.6198
0.62103
0.62227
0.62352
0.62477
0.62603
0.6273
0.62858
0.62987
0.63116
0.63246
0.63376
0.63507
0.63638
0.6377
0.63903
0.64036
0.64169
0.64303
0.64437
0.64572
0.64706
0.64841
0.64977
0.65112
0.65248
0.65384
0.6552
0.65656
0.65792
0.65928
0.66064
0.662
0.66336
0.66472
0.66608
0.66743
0.66879
0.67014
0.67149
0.67284
0.67419
0.67553
0.67687
0.6782
0.67953
0.68086
0.68218
0.6835
0.68481
0.68612
0.68742
0.68871
0.69
0.69129
0.69256
0.69383
0.69509
0.69635
0.69759
0.69883
0.70006
0.70128
0.70249
0.7037
0.70489
0.70608
0.70725
0.70842
0.70957
0.71072
0.71185
0.71297
0.71409
0.71519
0.71628
0.71735
0.71842
0.71947
0.72052
0.72154
0.72256
0.72356
0.72455
0.72553
0.72649
0.72744
0.72838
0.7293
0.73021
0.7311
0.73198
0.73285
0.7337
0.73453
0.73535
0.73616
0.73695
0.73772
0.73848
0.73922
0.73995
0.74066
0.74135
0.74203
0.7427
0.74334
0.74397
0.74458
0.74518
0.74576
0.74632
0.74687
0.7474
0.74791
0.74841
0.74888
0.74935
0.74979
0.75022
0.75063
0.75102
0.75139
0.75175
0.75209
0.75242
0.75272
0.75301
0.75328
0.75354
0.75377
0.75399
0.75419
0.75438
0.75455
0.7547
0.75483
0.75495
0.75505
0.75513
0.7552
0.75525
0.75528
0.7553
0.7553
0.75529
0.75525
0.7552
0.75514
0.75506
0.75496
0.75485
0.75473
0.75458
0.75443
0.75425
0.75407
0.75387
0.75365
0.75342
0.75317
0.75292
0.75264
0.75236
0.75206
0.75175
0.75142
0.75108
0.75073
0.75037
0.74999
0.74961
0.74921
0.7488
0.74838
0.74795
0.74751
0.74705
0.74659
0.74612
0.74564
0.74515
0.74465
0.74414
0.74363
0.7431
0.74257
0.74203
0.74149
0.74094
0.74038
0.73982
0.73925
0.73867
0.73809
0.73751
0.73692
0.73633
0.73573
0.73513
0.73453
0.73393
0.73332
0.73272
0.73211
0.7315
0.73089
0.73028
0.72967
0.72906
0.72846
0.72785
0.72725
0.72664
0.72605
0.72545
0.72486
0.72427
0.72369
0.72311
0.72254
0.72197
0.72141
0.72086
0.72031
0.71977
0.71924
0.71872
0.7182
0.7177
0.7172
0.71672
0.71624
0.71578
0.71533
0.71488
0.71446
0.71404
0.71364
0.71325
0.71288
0.71252
0.71217
0.71184
0.71153
0.71123
0.71095
0.71069
0.71045
0.71022
0.71001
0.70982
0.70965
0.7095
0.70937
0.70926
0.70918
0.70911
0.70907
0.70905
0.70905
0.70907
0.70912
0.70919
0.70929
0.70941
0.70956
0.70973
0.70993
0.71016
0.71042
0.7107
0.71101
0.71134
0.71171
0.71211
0.71253
0.71298
0.71347
0.71399
0.71453
0.71511
0.71572
0.71636
0.71704
0.71774
0.71848
0.71926
0.72007
0.72091
0.72179
0.7227
0.72364
0.72463
0.72565
0.7267
0.72779
0.72892
0.73008
0.73129
0.73253
0.7338
0.73512
0.73647
0.73787
0.7393
0.74077
0.74228
0.74383
0.74542
0.74706
0.74873
0.75044
0.75219
0.75399
0.75582
0.7577
0.75961
0.76157
0.76357
0.76562
0.7677
0.76983
0.772
0.77421
0.77646
0.77876
0.7811
0.78348
0.7859
0.78837
0.79088
0.79343
0.79603
0.79867
0.80135
0.80407
0.80684
0.80965
0.8125
0.81539
0.81833
0.8213
0.82432
0.82739
0.83049
0.83363
0.83682
0.84005
0.84332
0.84663
0.84998
0.85337
0.8568
0.86027
0.86378
0.86733
0.87091
0.87454
0.8782
0.88191
0.88565
0.88942
0.89323
0.89708
0.90096
0.90488
0.90884
0.91282
0.91685
0.9209
0.92499
0.9291
0.93325
0.93743
0.94164
0.94588
0.95015
0.95445
0.95877
0.96312
0.96749
0.9719
0.97632
0.98077
0.98524
0.98974
0.99425
0.99879
1.0033
1.0079
1.0125
1.0171
1.0217
1.0264
1.031
1.0357
1.0404
1.0451
1.0498
1.0545
1.0592
1.0639
1.0687
1.0734
1.0782
1.0829
1.0876
1.0924
1.0971
1.1019
1.1066
1.1114
1.1161
1.1209
1.1256
1.1303
1.135
1.1397
1.1444
1.1491
1.1537
1.1584
1.163
1.1676
1.1722
1.1768
1.1814
1.1859
1.1904
1.1949
1.1994
1.2038
1.2082
1.2126
1.217
1.2213
1.2256
1.2298
1.234
1.2382
1.2424
1.2465
1.2506
1.2546
1.2586
1.2625
1.2664
1.2703
1.2741
1.2779
1.2816
1.2853
1.2889
1.2925
1.296
1.2994
1.3029
1.3062
1.3095
1.3128
1.3159
1.3191
1.3221
1.3252
1.3281
1.331
1.3338
1.3366
1.3393
1.3419
1.3444
1.3469
1.3494
1.3517
1.354
1.3562
1.3584
1.3604
1.3624
1.3644
1.3662
1.368
1.3697
1.3713
1.3729
1.3744
1.3758
1.3771
1.3784
1.3795
1.3806
1.3816
1.3826
1.3834
1.3842
1.3849
1.3855
1.386
1.3865
1.3868
1.3871
1.3873
1.3875
1.3875
1.3875
1.3873
1.3871
1.3868
1.3865
1.386
1.3855
1.3849
1.3842
1.3834
1.3825
1.3816
1.3805
1.3794
1.3782
1.377
1.3756
1.3742
1.3727
1.3711
1.3694
1.3676
1.3658
1.3639
1.3619
1.3598
1.3577
1.3555
1.3532
1.3508
1.3484
1.3458
1.3432
1.3406
1.3378
1.335
1.3321
1.3292
1.3261
1.323
1.3199
1.3166
1.3133
1.31
1.3065
1.303
1.2995
1.2958
1.2922
1.2884
1.2846
1.2807
1.2768
1.2728
1.2688
1.2647
1.2605
1.2563
1.2521
1.2478
1.2434
1.239
1.2345
1.23
1.2255
1.2209
1.2162
1.2116
1.2068
1.2021
1.1973
1.1924
1.1875
1.1826
1.1777
1.1727
1.1677
1.1626
1.1575
1.1524
1.1473
1.1421
1.1369
1.1317
1.1265
1.1212
1.116
1.1107
1.1054
1.1
1.0947
1.0893
1.084
1.0786
1.0732
1.0678
1.0624
1.0569
1.0515
1.0461
1.0407
1.0352
1.0298
1.0244
1.0189
1.0135
1.0081
1.0026
0.99721
0.9918
0.9864
0.98101
0.97562
0.97025
0.96489
0.95955
0.95422
0.9489
0.9436
0.93832
0.93306
0.92782
0.9226
0.9174
0.91222
0.90707
0.90194
0.89684
0.89176
0.88671
0.88169
0.87669
0.87173
0.8668
0.8619
0.85703
0.85219
0.84739
0.84262
0.83789
0.83319
0.82853
0.82391
0.81932
0.81477
0.81026
0.8058
0.80137
0.79698
0.79263
0.78833
0.78407
0.77985
0.77568
0.77155
0.76746
0.76342
0.75942
0.75547
0.75157
0.74771
0.7439
0.74013
0.73642
0.73275
0.72913
0.72556
0.72203
0.71856
0.71514
0.71176
0.70843
0.70516
0.70193
0.69876
0.69563
0.69256
0.68953
0.68656
0.68364
0.68077
0.67795
0.67518
0.67246
0.6698
0.66718
0.66462
0.66211
0.65965
0.65724
0.65489
0.65258
0.65033
0.64813
0.64598
0.64388
0.64183
0.63984
0.63789
0.636
0.63416
0.63237
0.63063
0.62895
0.62731
0.62573
0.62419
0.62271
0.62128
0.61989
0.61856
0.61728
0.61605
0.61487
0.61373
0.61265
0.61162
0.61064
0.6097
0.60882
0.60798
0.6072
0.60646
0.60577
0.60513
0.60453
0.60399
0.60349
0.60304
0.60264
0.60228
0.60198
0.60171
0.6015
0.60133
0.60121
0.60113
0.6011
0.60112
0.60118
0.60129
0.60144
0.60163
0.60187
0.60216
0.60249
0.60286
0.60327
0.60373
0.60424
0.60478
0.60537
0.606
0.60667
0.60738
0.60814
0.60894
0.60977
0.61065
0.61157
0.61253
0.61353
0.61457
0.61564
0.61676
0.61791
0.61911
0.62034
0.62161
0.62291
0.62426
0.62564
0.62705
0.62851
0.62999
0.63152
0.63308
0.63467
0.6363
0.63796
0.63965
0.64138
0.64314
0.64493
0.64676
0.64861
0.6505
0.65242
0.65437
0.65634
0.65835
0.66039
0.66245
0.66454
0.66666
0.66881
0.67099
0.67319
0.67541
0.67766
0.67994
0.68224
0.68457
0.68691
0.68928
0.69168
0.69409
0.69653
0.69898
0.70146
0.70396
0.70647
0.70901
0.71156
0.71413
0.71672
0.71932
0.72194
0.72457
0.72722
0.72989
0.73256
0.73525
