1.0595
1.0601
1.0606
1.0611
1.0616
1.0621
1.0625
1.0629
1.0632
1.0636
1.0639
1.0641
1.0644
1.0646
1.0648
1.0649
1.065
1.0651
1.0651
1.0651
1.0651
1.0651
1.065
1.0649
1.0647
1.0645
1.0643
1.064
1.0637
1.0634
1.063
1.0626
1.0622
1.0617
1.0612
1.0607
1.0601
1.0595
1.0588
1.0581
1.0574
1.0566
1.0558
1.055
1.0541
1.0532
1.0523
1.0513
1.0503
1.0493
1.0482
1.0471
1.0459
1.0448
1.0435
1.0423
1.041
1.0397
1.0383
1.0369
1.0355
1.0341
1.0326
1.031
1.0295
1.0279
1.0263
1.0247
1.023
1.0213
1.0195
1.0178
1.016
1.0141
1.0123
1.0104
1.0085
1.0066
1.0046
1.0026
1.0006
0.99854
0.99647
0.99438
0.99226
0.99012
0.98796
0.98577
0.98357
0.98134
0.97909
0.97682
0.97453
0.97222
0.96989
0.96755
0.96518
0.9628
0.9604
0.95799
0.95556
0.95312
0.95066
0.94819
0.94571
0.94321
0.9407
0.93818
0.93566
0.93312
0.93057
0.92801
0.92545
0.92288
0.9203
0.91771
0.91512
0.91253
0.90993
0.90733
0.90472
0.90211
0.8995
0.89689
0.89428
0.89167
0.88905
0.88644
0.88384
0.88123
0.87863
0.87603
0.87344
0.87085
0.86826
0.86568
0.86311
0.86055
0.85799
0.85544
0.8529
0.85037
0.84785
0.84534
0.84284
0.84035
0.83788
0.83542
0.83297
0.83053
0.82811
0.8257
0.82331
0.82093
0.81857
0.81623
0.8139
0.81159
0.8093
0.80702
0.80477
0.80253
0.80032
0.79812
0.79594
0.79379
0.79166
0.78954
0.78745
0.78539
0.78334
0.78132
0.77932
0.77735
0.7754
0.77348
0.77158
0.7697
0.76785
0.76603
0.76423
0.76246
0.76072
0.759
0.75731
0.75565
0.75401
0.75241
0.75083
0.74928
0.74776
0.74627
0.74481
0.74338
0.74197
0.7406
0.73926
0.73795
0.73667
0.73542
0.7342
0.73301
0.73185
0.73073
0.72963
0.72857
0.72754
0.72655
0.72558
0.72465
0.72375
0.72288
0.72204
0.72124
0.72047
0.71973
0.71903
0.71836
0.71772
0.71712
0.71655
0.71602
0.71551
0.71504
0.71461
0.71421
0.71384
0.71351
0.71321
0.71294
0.71271
0.71251
0.71235
0.71222
0.71212
0.71206
0.71204
0.71204
0.71208
0.71216
0.71227
0.71241
0.71259
0.7128
0.71304
0.71332
0.71363
0.71398
0.71436
0.71477
0.71522
0.7157
0.71621
0.71676
0.71734
0.71795
0.7186
0.71928
0.71999
0.72073
0.72151
0.72232
0.72316
0.72404
0.72494
0.72588
0.72685
0.72785
0.72888
0.72995
0.73104
0.73217
0.73332
0.73451
0.73572
0.73697
0.73824
0.73955
0.74088
0.74225
0.74364
0.74506
0.74651
0.74798
0.74949
0.75102
0.75258
0.75416
0.75577
0.75741
0.75908
0.76076
0.76248
0.76422
0.76598
0.76777
0.76958
0.77141
0.77327
0.77514
0.77704
0.77897
0.78091
0.78287
0.78486
0.78686
0.78888
0.79093
0.79299
0.79507
0.79716
0.79927
0.8014
0.80355
0.80571
0.80788
0.81007
0.81227
0.81449
0.81672
0.81896
0.82121
0.82347
0.82574
0.82802
0.83031
0.83261
0.83492
0.83723
0.83955
0.84188
0.84421
0.84654
0.84888
0.85122
0.85357
0.85591
0.85826
0.86061
0.86295
0.8653
0.86764
0.86999
0.87232
0.87466
0.87699
0.87931
0.88163
0.88394
0.88624
0.88854
0.89082
0.8931
0.89536
0.89761
0.89986
0.90208
0.9043
0.9065
0.90869
0.91085
0.91301
0.91514
0.91726
0.91936
0.92144
0.9235
0.92554
0.92755
0.92955
0.93152
0.93346
0.93539
0.93729
0.93916
0.941
0.94282
0.94461
0.94637
0.9481
0.94981
0.95148
0.95312
0.95473
0.95631
0.95785
0.95936
0.96084
0.96228
0.96369
0.96507
0.9664
0.9677
0.96896
0.97019
0.97138
0.97253
0.97364
0.97471
0.97574
0.97673
0.97768
0.9786
0.97946
0.98029
0.98108
0.98183
0.98253
0.98319
0.98381
0.98438
0.98492
0.9854
0.98585
0.98625
0.98661
0.98693
0.9872
0.98743
0.98761
0.98775
0.98785
0.9879
0.98791
0.98788
0.9878
0.98768
0.98751
0.9873
0.98705
0.98676
0.98642
0.98604
0.98562
0.98515
0.98465
0.9841
0.98351
0.98288
0.98221
0.9815
0.98075
0.97996
0.97913
0.97826
0.97735
0.97641
0.97543
0.97441
0.97336
0.97227
0.97114
0.96998
0.96879
0.96756
0.9663
0.96501
0.96368
0.96233
0.96094
0.95952
0.95808
0.9566
0.9551
0.95357
0.95202
0.95043
0.94883
0.9472
0.94554
0.94386
0.94216
0.94044
0.9387
0.93694
0.93516
0.93336
0.93154
0.92971
0.92786
0.926
0.92412
0.92223
0.92032
0.91841
0.91648
0.91454
0.91259
0.91064
0.90867
0.9067
0.90472
0.90274
0.90076
0.89876
0.89677
0.89478
0.89278
0.89078
0.88878
0.88679
0.8848
0.8828
0.88082
0.87883
0.87686
0.87488
0.87292
0.87096
0.86901
0.86707
0.86514
0.86322
0.86131
0.85942
0.85753
0.85566
0.8538
0.85196
0.85014
0.84833
0.84654
0.84476
0.84301
0.84127
0.83955
0.83786
0.83618
0.83453
0.8329
0.83129
0.8297
0.82814
0.82661
0.8251
0.82361
0.82216
0.82073
0.81933
0.81795
0.81661
0.81529
0.81401
0.81276
0.81153
0.81034
0.80918
0.80806
0.80696
0.8059
0.80488
0.80389
0.80293
0.80201
0.80113
0.80028
0.79947
0.7987
0.79797
0.79727
0.79661
0.79599
0.79542
0.79488
0.79438
0.79392
0.7935
0.79313
0.79279
0.7925
0.79225
0.79205
0.79188
0.79176
0.79169
0.79166
0.79167
0.79173
0.79183
0.79198
0.79217
0.79241
0.7927
0.79303
0.79341
0.79384
0.79432
0.79484
0.79541
0.79603
0.7967
0.79741
0.79818
0.79899
0.79985
0.80077
0.80173
0.80274
0.8038
0.80492
0.80608
0.80729
0.80856
0.80988
0.81124
0.81266
0.81413
0.81566
0.81723
0.81885
0.82053
0.82226
0.82404
0.82588
0.82777
0.82971
0.8317
0.83374
0.83584
0.83799
0.84019
0.84245
0.84476
0.84712
0.84953
0.852
0.85452
0.85709
0.85972
0.86239
0.86512
0.86791
0.87074
0.87363
0.87657
0.87956
0.88261
0.8857
0.88885
0.89205
0.8953
0.8986
0.90196
0.90536
0.90881
0.91232
0.91587
0.91947
0.92313
0.92683
0.93058
0.93438
0.93822
0.94212
0.94606
0.95004
0.95408
0.95816
0.96228
0.96645
0.97066
0.97492
0.97922
0.98356
0.98795
0.99237
0.99684
1.0013
1.0059
1.0105
1.0151
1.0198
1.0244
1.0292
1.0339
1.0387
1.0436
1.0484
1.0533
1.0583
1.0632
1.0682
1.0732
1.0783
1.0833
1.0884
1.0935
1.0986
1.1038
1.109
1.1142
1.1194
1.1246
1.1298
1.1351
1.1404
1.1456
1.1509
1.1562
1.1615
1.1668
1.1722
1.1775
1.1828
1.1881
1.1934
1.1988
1.2041
1.2094
1.2147
1.22
1.2253
1.2305
1.2358
1.241
1.2463
1.2515
1.2567
1.2618
1.267
1.2721
1.2772
1.2823
1.2873
1.2923
1.2973
1.3022
1.3071
1.312
1.3168
1.3216
1.3264
1.3311
1.3357
1.3404
1.3449
1.3494
1.3539
1.3583
1.3627
1.367
1.3712
1.3754
1.3795
1.3835
1.3875
1.3915
1.3953
1.3991
1.4028
1.4065
1.41
1.4135
1.417
1.4203
1.4236
1.4268
1.4299
1.4329
1.4359
1.4387
1.4415
1.4442
1.4468
1.4493
1.4517
1.454
1.4563
1.4584
1.4605
1.4624
1.4643
1.466
1.4677
1.4693
1.4707
1.4721
1.4734
1.4746
1.4756
1.4766
1.4775
1.4782
1.4789
1.4795
1.4799
1.4803
1.4805
1.4807
1.4807
1.4806
1.4805
1.4802
1.4798
1.4794
1.4788
1.4781
1.4773
1.4764
1.4754
1.4743
1.4731
1.4718
1.4704
1.4689
1.4673
1.4656
1.4638
1.4619
1.4599
1.4578
1.4556
1.4534
1.451
1.4485
1.4459
1.4433
1.4405
1.4377
1.4348
1.4317
1.4286
1.4254
1.4222
1.4188
1.4154
1.4118
1.4082
1.4046
1.4008
1.397
1.3931
1.3891
1.385
1.3809
1.3767
1.3725
1.3681
1.3638
1.3593
1.3548
1.3502
1.3456
1.3409
1.3362
1.3314
1.3265
1.3216
1.3167
1.3117
1.3066
1.3016
1.2964
1.2913
1.2861
1.2808
1.2756
1.2703
1.2649
1.2595
1.2541
1.2487
1.2433
1.2378
1.2323
1.2268
1.2212
1.2157
1.2101
1.2045
1.1989
1.1933
1.1877
1.1821
1.1764
1.1708
1.1652
1.1595
1.1539
1.1482
1.1426
1.137
1.1313
1.1257
1.1201
1.1145
1.1089
1.1033
1.0977
1.0922
1.0866
1.0811
1.0756
1.0701
1.0646
1.0592
1.0538
1.0484
1.043
1.0376
1.0323
1.027
1.0218
1.0165
1.0113
1.0062
1.001
0.99591
0.99083
0.9858
0.9808
0.97583
0.9709
0.96602
0.96116
0.95635
0.95158
0.94685
0.94217
0.93752
0.93292
0.92836
0.92384
0.91937
0.91494
0.91056
0.90622
0.90193
0.89769
0.8935
0.88935
0.88525
0.88119
0.87719
0.87323
0.86933
0.86547
0.86166
0.8579
0.85419
0.85054
0.84693
0.84337
0.83987
0.83641
0.83301
0.82966
0.82636
0.82311
0.81991
0.81676
0.81367
0.81063
0.80764
0.8047
0.80181
0.79897
0.79619
0.79346
0.79078
0.78815
0.78558
0.78305
0.78058
0.77816
0.77579
0.77347
0.7712
0.76899
0.76682
0.76471
0.76265
0.76064
0.75868
0.75677
0.75491
0.7531
0.75134
0.74963
0.74797
0.74636
0.7448
0.74329
0.74183
0.74041
0.73905
0.73773
0.73646
0.73524
0.73407
0.73295
0.73187
0.73084
0.72986
0.72892
0.72803
0.72719
0.72639
0.72564
0.72493
0.72427
0.72365
0.72308
0.72255
0.72207
0.72163
0.72123
0.72088
0.72057
0.72031
0.72008
0.7199
0.71976
0.71966
0.7196
0.71959
0.71961
0.71967
0.71978
0.71992
0.7201
0.72033
0.72059
0.72089
0.72122
0.7216
0.72201
0.72246
0.72294
0.72346
0.72402
0.72462
0.72524
0.72591
0.7266
0.72733
0.7281
0.72889
0.72972
0.73059
0.73148
0.73241
0.73336
0.73435
0.73537
0.73642
0.73749
0.7386
0.73973
0.7409
0.74209
0.7433
0.74455
0.74582
0.74711
0.74843
0.74978
0.75115
0.75254
0.75396
0.75539
0.75686
0.75834
0.75984
0.76137
0.76291
0.76448
0.76606
0.76766
0.76928
0.77092
0.77257
0.77424
0.77592
0.77763
0.77934
0.78107
0.78281
0.78457
0.78633
0.78811
0.7899
0.7917
0.79351
0.79533
0.79716
0.79899
0.80084
0.80269
0.80454
0.8064
0.80827
0.81014
0.81201
0.81389
0.81577
0.81765
0.81953
0.82141
0.82329
0.82517
0.82705
0.82893
0.8308
0.83267
0.83454
0.8364
0.83825
0.8401
0.84195
0.84378
0.84561
0.84743
0.84924
0.85104
0.85283
0.85461
0.85638
0.85813
0.85988
0.8616
0.86332
0.86502
0.8667
0.86837
0.87003
0.87166
0.87328
0.87488
0.87646
0.87802
0.87956
0.88109
0.88259
0.88407
0.88552
0.88696
0.88837
0.88976
0.89113
0.89247
0.89378
0.89507
0.89634
0.89758
0.89879
0.89997
0.90113
0.90226
0.90336
0.90444
0.90548
0.9065
0.90748
0.90844
0.90936
0.91026
0.91112
0.91195
0.91275
0.91352
0.91426
0.91497
0.91564
0.91628
0.91688
0.91746
0.918
0.9185
0.91898
0.91942
0.91982
0.92019
0.92053
0.92083
0.9211
0.92133
0.92153
0.92169
0.92182
0.92192
0.92198
0.922
0.92199
0.92195
0.92187
0.92176
0.92161
0.92142
0.92121
0.92095
0.92067
0.92035
0.91999
0.9196
0.91918
0.91872
0.91823
0.91771
0.91715
0.91656
0.91594
0.91528
0.9146
0.91387
0.91312
0.91234
0.91152
0.91067
0.9098
0.90889
0.90795
0.90698
0.90598
0.90495
0.90389
0.9028
0.90168
0.90054
0.89936
0.89816
0.89693
0.89568
0.89439
0.89308
0.89175
0.89039
0.889
0.88759
0.88615
0.88469
0.88321
0.8817
0.88017
0.87862
0.87705
0.87545
0.87383
0.87219
0.87053
0.86885
0.86715
0.86543
0.86369
0.86194
0.86016
0.85837
0.85656
0.85473
0.85289
0.85103
0.84916
0.84727
0.84536
0.84344
0.84151
0.83956
0.8376
0.83563
0.83364
0.83165
0.82964
0.82762
0.82559
0.82355
0.8215
0.81944
0.81737
0.81529
0.8132
0.81111
0.80901
0.8069
0.80478
0.80266
0.80053
0.7984
0.79626
0.79411
0.79196
0.78981
0.78765
0.78549
0.78333
0.78116
0.779
0.77682
0.77465
0.77248
0.7703
0.76813
0.76595
0.76377
0.7616
0.75942
0.75724
0.75507
0.75289
0.75072
0.74855
0.74638
0.74422
0.74206
0.7399
0.73774
0.73559
0.73344
0.73129
0.72915
0.72701
0.72488
0.72276
0.72063
0.71852
0.71641
0.7143
0.7122
0.71011
0.70802
0.70595
0.70387
0.70181
0.69975
0.6977
0.69566
0.69362
0.69159
0.68957
0.68756
0.68556
0.68357
0.68158
0.67961
0.67764
0.67569
0.67374
0.6718
0.66987
0.66795
0.66605
0.66415
0.66226
0.66038
0.65851
0.65666
0.65481
0.65298
0.65115
0.64934
0.64754
0.64575
0.64397
0.6422
0.64045
0.6387
0.63697
0.63525
0.63354
0.63184
0.63016
0.62848
0.62682
0.62518
0.62354
0.62192
0.62031
0.61871
0.61712
0.61555
0.61399
0.61244
0.61091
0.60939
0.60788
0.60638
0.6049
0.60343
0.60197
0.60053
0.5991
0.59768
0.59628
0.59489
0.59352
0.59215
0.5908
0.58947
0.58815
0.58684
0.58554
0.58426
0.583
0.58174
0.5805
0.57928
0.57807
0.57687
0.57568
0.57451
0.57336
0.57221
0.57109
0.56997
0.56887
0.56778
0.56671
0.56565
0.56461
0.56358
0.56256
0.56156
0.56057
0.5596
0.55864
0.5577
0.55677
0.55585
0.55495
0.55406
0.55319
0.55233
0.55148
0.55065
0.54984
0.54903
0.54825
0.54747
0.54672
0.54597
0.54524
0.54453
0.54383
0.54314
0.54247
0.54181
0.54117
0.54054
0.53993
0.53933
0.53874
0.53817
0.53762
0.53708
0.53655
0.53604
0.53554
0.53506
0.53459
0.53414
0.5337
0.53328
0.53287
0.53247
0.53209
0.53173
0.53138
0.53104
0.53072
0.53042
0.53012
0.52985
0.52959
0.52934
0.52911
0.52889
0.52869
0.5285
0.52833
0.52817
0.52802
0.5279
0.52778
0.52768
0.5276
0.52753
0.52748
0.52744
0.52741
0.5274
0.52741
0.52743
0.52746
0.52751
0.52758
0.52766
0.52776
0.52787
0.52799
0.52813
0.52829
0.52846
0.52864
0.52884
0.52906
0.52929
0.52953
0.52979
0.53007
0.53036
0.53066
0.53098
0.53132
0.53167
0.53203
0.53241
0.53281
0.53322
0.53365
0.53409
0.53454
0.53501
0.5355
0.536
0.53652
0.53705
0.53759
0.53815
0.53873
0.53932
0.53993
0.54055
0.54118
0.54184
0.5425
0.54318
0.54388
0.54459
0.54532
0.54606
0.54681
0.54758
0.54837
0.54917
0.54999
0.55082
0.55166
0.55252
0.5534
0.55429
0.55519
0.55611
0.55705
0.55799
0.55896
0.55994
0.56093
0.56194
0.56296
0.56399
0.56505
0.56611
0.56719
0.56829
0.56939
0.57052
0.57166
0.57281
0.57397
0.57515
0.57635
0.57756
0.57878
0.58002
0.58127
0.58253
0.58381
0.58511
0.58641
0.58773
0.58907
0.59042
0.59178
0.59315
0.59454
0.59594
0.59736
0.59879
0.60023
0.60168
0.60315
0.60463
0.60613
0.60764
0.60916
0.61069
0.61223
0.61379
0.61536
0.61695
0.61854
0.62015
0.62177
0.6234
0.62505
0.6267
0.62837
0.63005
0.63174
0.63345
0.63516
0.63689
0.63862
0.64037
0.64213
0.6439
0.64568
0.64747
0.64928
0.65109
0.65291
0.65475
0.65659
0.65845
0.66031
0.66218
0.66407
0.66596
0.66786
0.66977
0.67169
0.67362
0.67556
0.67751
0.67946
0.68143
0.6834
0.68538
0.68737
0.68936
0.69137
0.69338
0.6954
0.69742
0.69946
0.7015
0.70354
0.7056
0.70766
0.70972
0.71179
0.71387
0.71596
0.71804
0.72014
0.72224
0.72434
0.72645
0.72857
0.73069
0.73281
0.73494
0.73707
0.7392
0.74134
0.74348
0.74562
0.74777
0.74992
0.75208
0.75423
0.75639
0.75855
0.76071
0.76287
0.76503
0.7672
0.76936
0.77153
0.7737
0.77586
0.77803
0.7802
0.78236
0.78453
0.78669
0.78886
0.79102
0.79318
0.79534
0.7975
0.79965
0.8018
0.80395
0.8061
0.80824
0.81038
0.81252
0.81465
0.81678
0.81891
0.82103
0.82314
0.82525
0.82736
0.82946
0.83155
0.83364
0.83572
0.83779
0.83986
0.84192
0.84398
0.84602
0.84806
0.8501
0.85212
0.85413
0.85614
0.85814
0.86013
0.8621
0.86407
0.86603
0.86798
0.86992
0.87185
0.87377
0.87568
0.87757
0.87946
0.88133
0.88319
0.88504
0.88687
0.8887
0.89051
0.8923
0.89409
0.89586
0.89761
0.89936
0.90108
0.9028
0.9045
0.90618
0.90785
0.9095
0.91114
0.91276
0.91436
0.91595
0.91753
0.91908
0.92062
0.92214
0.92365
0.92513
0.9266
0.92805
0.92949
0.9309
0.93229
0.93367
0.93503
0.93637
0.93769
0.93899
0.94027
0.94153
0.94277
0.94399
0.94519
0.94637
0.94752
0.94866
0.94978
0.95087
0.95194
0.953
0.95402
0.95503
0.95602
0.95698
0.95792
0.95884
0.95974
0.96061
0.96146
0.96229
0.9631
0.96388
0.96464
0.96537
0.96608
0.96677
0.96743
0.96807
0.96869
0.96928
0.96985
0.9704
0.97092
0.97141
0.97188
0.97233
0.97275
0.97315
0.97352
0.97387
0.9742
0.9745
0.97477
0.97502
0.97525
0.97545
0.97562
0.97578
0.9759
0.976
0.97608
0.97613
0.97616
0.97616
0.97614
0.97609
0.97602
0.97593
0.97581
0.97566
0.97549
0.9753
0.97508
0.97484
0.97457
0.97428
0.97397
0.97363
0.97327
0.97288
0.97247
0.97204
0.97158
0.9711
0.9706
0.97008
0.96953
0.96896
0.96836
0.96775
0.96711
0.96645
0.96576
0.96506
0.96433
0.96358
0.96282
0.96202
0.96121
0.96038
0.95953
0.95866
0.95776
0.95685
0.95592
0.95497
0.954
0.953
0.952
0.95097
0.94992
0.94886
0.94778
0.94668
0.94556
0.94443
0.94328
0.94211
0.94093
0.93973
0.93851
0.93728
0.93604
0.93478
0.9335
0.93221
0.93091
0.92959
0.92826
0.92692
0.92556
0.92419
0.92281
0.92142
0.92002
0.9186
0.91718
0.91574
0.91429
0.91284
0.91137
0.9099
0.90841
0.90692
0.90542
0.90391
0.9024
0.90087
0.89934
0.89781
0.89627
0.89472
0.89317
0.89161
0.89004
0.88848
0.88691
0.88533
0.88375
0.88217
0.88059
0.87901
0.87742
0.87583
0.87424
0.87265
0.87106
0.86947
0.86788
0.86629
0.8647
0.86311
0.86153
0.85995
0.85837
0.85679
0.85522
0.85364
0.85208
0.85052
0.84896
0.84741
0.84586
0.84432
0.84278
0.84125
0.83973
0.83822
0.83671
0.83521
0.83372
0.83224
0.83076
0.8293
0.82785
0.8264
0.82497
0.82354
0.82213
0.82073
0.81934
0.81796
0.81659
0.81524
0.8139
0.81257
0.81126
0.80996
0.80867
0.8074
0.80614
0.8049
0.80367
0.80246
0.80127
0.80009
0.79893
0.79778
0.79665
0.79554
0.79445
0.79338
0.79232
0.79128
0.79026
0.78927
0.78829
0.78733
0.78639
0.78547
0.78457
0.78369
0.78283
0.782
0.78118
0.78039
0.77962
0.77887
0.77815
0.77744
0.77676
0.77611
0.77548
0.77487
0.77429
0.77373
0.77319
0.77268
0.7722
0.77174
0.7713
0.77089
0.77051
0.77016
0.76983
0.76952
0.76925
0.769
0.76878
0.76859
0.76842
0.76828
0.76817
0.76809
0.76804
0.76801
0.76802
0.76805
0.76811
0.76821
0.76833
0.76848
0.76867
0.76888
0.76912
0.7694
0.7697
0.77004
0.77041
0.77081
0.77124
0.7717
0.7722
0.77272
0.77328
0.77388
0.7745
0.77516
0.77585
0.77657
0.77733
0.77812
0.77894
0.7798
0.78069
0.78162
0.78258
0.78358
0.7846
0.78567
0.78677
0.7879
0.78907
0.79027
0.79151
0.79279
0.7941
0.79544
0.79682
0.79824
0.7997
0.80119
0.80271
0.80428
0.80587
0.80751
0.80918
0.81089
0.81264
0.81442
0.81624
0.8181
0.81999
0.82192
0.82389
0.8259
0.82794
0.83003
0.83214
0.8343
0.8365
0.83873
0.841
0.8433
0.84565
0.84803
0.85045
0.85291
0.85541
0.85794
0.86051
0.86312
0.86577
0.86846
0.87118
0.87394
0.87674
0.87958
0.88245
0.88536
0.88831
0.8913
0.89432
0.89738
0.90048
0.90361
0.90678
0.90999
0.91323
0.91651
0.91983
0.92318
0.92657
0.93
0.93346
0.93696
0.94049
0.94405
0.94765
0.95129
0.95496
0.95867
0.9624
0.96618
0.96998
0.97382
0.97769
0.98159
0.98553
0.98949
0.99349
0.99752
1.0016
1.0057
1.0098
1.0139
1.0181
1.0223
1.0266
1.0308
1.0351
1.0394
1.0438
1.0482
1.0526
1.057
1.0614
1.0659
1.0704
1.0749
1.0794
1.084
1.0886
1.0932
1.0978
1.1024
1.1071
1.1118
1.1165
1.1212
1.1259
1.1307
1.1354
1.1402
1.145
1.1498
1.1546
1.1594
1.1642
1.169
1.1739
1.1787
1.1836
1.1885
1.1933
1.1982
1.2031
1.208
1.2129
1.2177
1.2226
1.2275
1.2324
1.2372
1.2421
1.247
1.2518
1.2567
1.2615
1.2664
1.2712
1.276
1.2808
1.2856
1.2904
1.2951
1.2999
1.3046
1.3093
1.314
1.3187
1.3233
1.328
1.3326
1.3371
1.3417
1.3462
1.3507
1.3552
1.3596
1.3641
1.3684
1.3728
1.3771
1.3814
1.3856
1.3898
1.394
1.3981
1.4022
1.4062
1.4102
1.4142
1.4181
1.422
1.4258
1.4296
1.4333
1.437
1.4406
1.4442
1.4477
1.4512
1.4546
1.458
1.4613
1.4645
1.4677
1.4708
1.4739
1.4769
1.4799
1.4828
1.4856
1.4883
1.491
1.4937
1.4962
1.4987
1.5011
1.5035
1.5058
1.508
1.5101
1.5122
1.5142
1.5161
1.518
1.5198
1.5215
1.5231
1.5247
1.5261
1.5275
1.5289
1.5301
1.5313
1.5324
1.5334
1.5343
1.5351
1.5359
1.5366
1.5372
1.5377
1.5382
1.5385
1.5388
1.539
1.5391
1.5391
1.5391
1.539
1.5387
1.5384
1.5381
1.5376
1.537
1.5364
1.5357
1.5349
1.534
1.533
1.532
1.5309
1.5297
1.5284
1.527
1.5255
1.524
1.5224
1.5207
1.5189
1.517
1.5151
1.513
1.5109
1.5088
1.5065
1.5042
1.5018
1.4993
1.4967
1.4941
1.4914
1.4886
1.4857
1.4828
1.4798
1.4767
1.4735
1.4703
1.467
1.4636
1.4602
1.4567
1.4532
1.4495
1.4458
1.4421
1.4383
1.4344
1.4304
1.4264
1.4224
1.4182
1.414
1.4098
1.4055
1.4012
1.3968
1.3923
1.3878
1.3832
1.3786
1.374
1.3693
1.3645
1.3597
1.3549
1.35
1.345
1.3401
1.3351
1.33
1.3249
1.3198
1.3146
1.3094
1.3042
1.2989
1.2936
1.2883
1.2829
1.2775
1.2721
1.2667
1.2612
1.2557
1.2502
1.2447
1.2391
1.2335
1.2279
1.2223
1.2167
1.211
1.2054
1.1997
1.194
1.1883
1.1826
1.1769
1.1712
1.1654
1.1597
1.154
1.1482
1.1425
1.1367
1.131
1.1252
1.1195
1.1137
1.108
1.1022
1.0965
1.0907
1.085
1.0793
1.0736
1.0679
1.0622
1.0565
1.0508
1.0452
1.0395
1.0339
1.0283
1.0227
1.0171
1.0115
1.006
1.0004
0.99493
0.98944
0.98397
0.97852
0.97309
0.96768
0.9623
0.95694
0.9516
0.94629
0.94101
0.93575
0.93052
0.92531
0.92013
0.91498
0.90986
0.90477
0.89971
0.89467
0.88967
0.8847
0.87976
0.87485
0.86997
0.86513
0.86032
0.85554
0.85079
0.84608
0.84141
0.83676
0.83215
0.82758
0.82304
0.81854
0.81407
0.80964
0.80525
0.80089
0.79657
0.79228
0.78803
0.78382
0.77965
0.77551
0.77141
0.76735
0.76332
0.75934
0.75539
0.75148
0.74761
0.74377
0.73998
0.73622
0.7325
0.72882
0.72518
0.72158
0.71801
0.71448
0.711
0.70755
0.70414
0.70076
0.69743
0.69414
0.69088
0.68766
0.68448
0.68134
0.67823
0.67517
0.67214
0.66915
0.6662
0.66329
0.66041
0.65758
0.65478
0.65201
0.64929
0.6466
0.64395
0.64134
0.63876
0.63622
0.63372
0.63125
0.62883
0.62643
0.62408
0.62176
0.61947
0.61722
0.61501
0.61283
0.61069
0.60859
0.60651
0.60448
0.60248
0.60051
0.59858
0.59668
0.59482
0.59299
0.59119
0.58943
0.5877
0.58601
0.58435
0.58272
0.58112
0.57956
0.57803
0.57653
0.57507
0.57364
0.57223
0.57086
0.56953
0.56822
0.56695
0.5657
0.56449
0.56331
0.56215
0.56103
0.55994
0.55888
0.55785
0.55685
0.55588
0.55493
0.55402
0.55314
0.55228
0.55145
0.55065
0.54988
0.54914
0.54843
0.54774
0.54708
0.54645
0.54585
0.54527
0.54472
0.5442
0.5437
0.54323
0.54279
0.54237
0.54198
0.54162
0.54128
0.54096
0.54067
0.54041
0.54017
0.53995
0.53976
0.53959
0.53945
0.53933
0.53924
0.53917
0.53912
0.5391
0.5391
0.53912
0.53916
0.53923
0.53932
0.53943
0.53957
0.53972
0.5399
0.5401
0.54032
0.54056
0.54082
0.54111
0.54141
0.54173
0.54208
0.54244
0.54282
0.54323
0.54365
0.54409
0.54455
0.54503
0.54553
0.54605
0.54658
0.54713
0.5477
0.54829
0.5489
0.54952
0.55016
0.55082
0.55149
0.55218
0.55288
0.55361
0.55434
0.5551
0.55586
0.55665
0.55744
0.55826
0.55908
0.55992
0.56078
0.56165
0.56253
0.56342
0.56433
0.56525
0.56618
0.56713
0.56809
0.56905
0.57004
0.57103
0.57203
0.57304
0.57407
0.5751
0.57615
0.5772
0.57826
0.57933
0.58042
0.58151
0.58261
0.58371
0.58483
0.58595
0.58708
0.58822
0.58936
0.59051
0.59167
0.59283
0.594
0.59517
0.59635
0.59753
0.59872
0.59991
0.60111
0.60231
0.60351
0.60472
0.60593
0.60714
0.60835
0.60957
0.61079
0.61201
0.61323
0.61445
0.61567
0.61689
0.61811
0.61933
0.62055
0.62177
0.62299
0.62421
0.62543
0.62664
0.62785
0.62906
0.63027
0.63147
0.63267
0.63386
0.63505
0.63624
0.63742
0.6386
0.63977
0.64094
0.6421
0.64325
0.6444
0.64554
0.64668
0.6478
0.64892
0.65004
0.65114
0.65224
0.65333
0.65441
0.65548
0.65654
0.65759
0.65863
0.65967
0.66069
0.6617
0.66271
0.6637
0.66468
0.66565
0.66661
0.66755
0.66849
0.66941
0.67032
0.67122
0.6721
0.67298
0.67384
0.67469
0.67552
0.67634
0.67715
0.67794
0.67872
0.67948
0.68024
0.68097
0.6817
0.6824
0.6831
0.68378
0.68444
0.68509
0.68573
0.68634
0.68695
0.68754
0.68811
0.68867
0.68921
0.68974
0.69025
0.69075
0.69123
0.69169
0.69214
0.69257
0.69299
0.69339
0.69378
0.69415
0.6945
0.69484
0.69516
0.69547
0.69576
0.69604
0.6963
0.69655
0.69678
0.69699
0.69719
0.69737
0.69754
0.6977
0.69784
0.69796
0.69807
0.69816
0.69824
0.69831
0.69836
0.6984
0.69842
0.69843
0.69843
0.69841
0.69838
0.69833
0.69828
0.69821
0.69812
0.69803
0.69792
0.6978
0.69766
0.69752
0.69736
0.6972
0.69702
0.69683
0.69663
0.69642
0.6962
0.69597
0.69572
0.69547
0.69521
0.69494
0.69467
0.69438
0.69408
0.69378
0.69347
0.69315
0.69282
0.69249
0.69215
0.6918
0.69145
0.69109
0.69073
0.69035
0.68998
0.6896
0.68921
0.68882
0.68843
0.68803
0.68763
0.68723
0.68682
0.68641
0.686
0.68558
0.68517
0.68475
0.68433
0.68391
0.68349
0.68307
0.68265
0.68223
0.68181
0.68139
0.68098
0.68056
0.68014
0.67973
0.67932
0.67891
0.67851
0.67811
0.67771
0.67732
0.67692
0.67654
0.67616
0.67578
0.67541
0.67504
0.67468
0.67433
0.67398
0.67364
0.6733
0.67297
0.67265
0.67234
0.67203
0.67173
0.67144
0.67116
0.67089
0.67063
0.67037
0.67013
0.6699
0.66967
0.66946
0.66925
0.66906
0.66888
0.6687
0.66854
0.6684
0.66826
0.66813
0.66802
0.66792
0.66783
0.66776
0.6677
0.66765
0.66761
0.66759
0.66758
0.66758
0.6676
0.66764
0.66769
0.66775
0.66782
0.66792
0.66802
0.66814
0.66828
0.66843
0.6686
0.66879
0.66899
0.6692
0.66943
0.66968
0.66994
0.67022
0.67052
0.67083
0.67116
0.67151
0.67187
0.67225
0.67265
0.67306
0.6735
0.67394
0.67441
0.67489
0.67539
0.67591
0.67645
0.677
0.67757
0.67816
0.67876
0.67938
0.68002
0.68068
0.68136
0.68205
0.68276
0.68349
0.68424
0.685
0.68578
0.68658
0.68739
0.68823
0.68908
0.68995
0.69083
0.69173
0.69265
0.69359
0.69454
0.69551
0.6965
0.6975
0.69852
0.69956
0.70061
0.70168
0.70277
0.70387
0.70499
0.70612
0.70727
0.70843
0.70961
0.71081
0.71202
0.71324
0.71448
0.71573
0.717
0.71828
0.71958
0.72089
0.72221
0.72355
0.72489
0.72626
0.72763
0.72902
0.73041
0.73182
0.73325
0.73468
0.73612
0.73758
0.73904
0.74052
0.742
0.74349
0.745
0.74651
0.74803
0.74956
0.7511
0.75264
0.75419
0.75575
0.75732
0.75889
0.76047
0.76205
0.76364
0.76524
0.76683
0.76844
0.77004
0.77165
0.77326
0.77488
0.77649
0.77811
0.77973
0.78135
0.78297
0.78459
0.78621
0.78783
0.78945
0.79107
0.79269
0.7943
0.79591
0.79751
0.79912
0.80071
0.80231
0.8039
0.80548
0.80706
0.80863
0.81019
0.81175
0.8133
0.81484
0.81637
0.81789
0.8194
0.8209
0.8224
0.82388
0.82535
0.8268
0.82825
0.82968
0.8311
0.83251
0.8339
0.83528
0.83664
0.83799
0.83932
0.84064
0.84193
0.84322
0.84448
0.84573
0.84696
0.84817
0.84936
0.85053
0.85168
0.85281
0.85392
0.85501
0.85608
0.85713
0.85816
0.85916
0.86014
0.8611
0.86204
0.86295
0.86384
0.8647
0.86554
0.86636
0.86715
0.86791
0.86865
0.86937
0.87006
0.87072
0.87136
0.87197
0.87255
0.87311
0.87364
0.87414
0.87461
0.87506
0.87548
0.87587
0.87624
0.87658
0.87688
0.87717
0.87742
0.87764
0.87784
0.87801
0.87815
0.87826
0.87834
0.8784
0.87843
0.87843
0.8784
0.87834
0.87826
0.87814
0.878
0.87783
0.87764
0.87741
0.87716
0.87688
0.87657
0.87624
0.87588
0.8755
0.87508
0.87464
0.87418
0.87369
0.87317
0.87263
0.87206
0.87147
0.87085
0.87021
0.86955
0.86886
0.86815
0.86741
0.86665
0.86587
0.86507
0.86425
0.8634
0.86253
0.86165
0.86074
0.85981
0.85886
0.8579
0.85691
0.85591
0.85488
0.85384
0.85279
0.85171
0.85062
0.84951
0.84839
0.84725
0.8461
0.84494
0.84376
0.84256
0.84136
0.84014
0.83891
0.83767
0.83641
0.83515
0.83388
0.83259
0.8313
0.83
0.82869
0.82737
0.82605
0.82472
0.82338
0.82204
0.82069
0.81933
0.81798
0.81661
0.81525
0.81388
0.81251
0.81114
0.80976
0.80838
0.80701
0.80563
0.80425
0.80288
0.8015
0.80013
0.79876
0.79739
0.79602
0.79466
0.7933
0.79194
0.79059
0.78925
0.78791
0.78657
0.78525
0.78392
0.78261
0.7813
0.78
0.77871
0.77743
0.77616
0.77489
0.77364
0.77239
0.77116
0.76994
0.76872
0.76752
0.76633
0.76516
0.76399
0.76284
0.7617
0.76057
0.75946
0.75836
0.75728
0.75621
0.75516
0.75412
0.75309
0.75209
0.75109
0.75012
0.74916
0.74821
0.74729
0.74638
0.74548
0.74461
0.74375
0.74291
0.74209
0.74129
0.7405
0.73973
0.73899
0.73826
0.73755
0.73686
0.73619
0.73554
0.7349
0.73429
0.7337
0.73313
0.73258
0.73204
0.73153
0.73104
0.73057
0.73012
0.72969
0.72929
0.7289
0.72853
0.72819
0.72786
0.72756
0.72728
0.72702
0.72678
0.72656
0.72636
0.72618
0.72603
0.72589
0.72578
0.72569
0.72562
0.72557
0.72554
0.72553
0.72555
0.72558
0.72564
0.72572
0.72581
0.72593
0.72607
0.72623
0.72641
0.72661
0.72683
0.72707
0.72734
0.72762
0.72792
0.72824
0.72858
0.72894
0.72932
0.72972
0.73014
0.73058
0.73103
0.73151
0.732
0.73251
0.73304
0.73359
0.73415
0.73474
0.73534
0.73595
0.73659
0.73724
0.73791
0.73859
0.73929
0.74001
0.74074
0.74149
0.74225
0.74303
0.74382
0.74462
0.74544
0.74628
0.74712
0.74799
0.74886
0.74975
0.75064
0.75156
0.75248
0.75341
0.75436
0.75531
0.75628
0.75726
0.75825
0.75924
0.76025
0.76126
0.76229
0.76332
0.76436
0.7654
0.76646
0.76752
0.76858
0.76966
0.77074
0.77182
0.77291
0.774
0.7751
0.7762
0.77731
0.77842
0.77953
0.78064
0.78176
0.78287
0.78399
0.78511
0.78623
0.78734
0.78846
0.78958
0.79069
0.79181
0.79292
0.79403
0.79513
0.79624
0.79733
0.79843
0.79952
0.8006
0.80168
0.80276
0.80382
0.80488
0.80594
0.80698
0.80802
0.80905
0.81007
0.81108
0.81209
0.81308
0.81406
0.81503
0.81599
0.81694
0.81788
0.81881
0.81972
0.82062
0.82151
0.82238
0.82324
0.82408
0.82491
0.82573
0.82653
0.82731
0.82808
0.82883
0.82956
0.83028
0.83098
0.83167
0.83233
0.83298
0.8336
0.83421
0.8348
0.83537
0.83592
0.83646
0.83697
0.83746
0.83793
0.83838
0.8388
0.83921
0.8396
0.83996
0.8403
0.84062
0.84092
0.8412
0.84145
0.84168
0.84189
0.84207
0.84223
0.84237
0.84248
0.84257
0.84264
0.84268
0.8427
0.8427
0.84267
0.84262
0.84255
0.84245
0.84232
0.84218
0.842
0.84181
0.84159
0.84135
0.84108
0.84079
0.84047
0.84013
0.83977
0.83938
0.83897
0.83854
0.83808
0.8376
0.83709
0.83656
0.83601
0.83544
0.83484
0.83422
0.83358
0.83292
0.83223
0.83152
0.83079
0.83004
0.82926
0.82847
0.82765
0.82682
0.82596
0.82508
0.82418
0.82326
0.82233
0.82137
0.82039
0.8194
0.81838
0.81735
0.8163
0.81523
0.81415
0.81304
0.81192
0.81079
0.80963
0.80846
0.80728
0.80608
0.80486
0.80363
0.80239
0.80113
0.79986
0.79857
0.79728
0.79596
0.79464
0.79331
0.79196
0.7906
0.78923
0.78785
0.78646
0.78506
0.78365
0.78223
0.78081
0.77937
0.77793
0.77647
0.77502
0.77355
0.77208
0.7706
0.76912
0.76763
0.76613
0.76463
0.76313
0.76162
0.76011
0.7586
0.75708
0.75556
0.75404
0.75252
0.75099
0.74947
0.74794
0.74642
0.74489
0.74337
0.74184
0.74032
0.7388
0.73728
0.73576
0.73424
0.73273
0.73122
0.72972
0.72822
0.72672
0.72523
0.72374
0.72226
0.72078
0.71931
0.71785
0.71639
0.71494
0.71349
0.71206
0.71063
0.70921
0.7078
0.7064
0.705
0.70362
0.70224
0.70088
0.69952
0.69818
0.69685
0.69552
0.69421
0.69291
0.69162
0.69035
0.68909
0.68783
0.6866
0.68537
0.68416
0.68296
0.68178
0.68061
0.67945
0.67831
0.67719
0.67608
0.67498
0.6739
0.67284
0.67179
0.67076
0.66974
0.66874
0.66776
0.66679
0.66584
0.66491
0.664
0.6631
0.66222
0.66136
0.66052
0.6597
0.65889
0.6581
0.65734
0.65659
0.65586
0.65515
0.65446
0.65379
0.65314
0.65251
0.65191
0.65132
0.65075
0.6502
0.64967
0.64917
0.64869
0.64822
0.64778
0.64736
0.64696
0.64659
0.64623
0.6459
0.64559
0.6453
0.64504
0.6448
0.64458
0.64438
0.64421
0.64406
0.64393
0.64383
0.64375
0.64369
0.64366
0.64365
0.64366
0.6437
0.64376
0.64385
0.64396
0.6441
0.64426
0.64444
0.64465
0.64489
0.64515
0.64543
0.64574
0.64608
0.64644
0.64682
0.64723
0.64767
0.64813
0.64862
0.64913
0.64967
0.65023
0.65082
0.65144
0.65208
0.65275
0.65345
0.65417
0.65492
0.6557
0.6565
0.65732
0.65818
0.65906
0.65997
0.6609
0.66186
0.66285
0.66387
0.66491
0.66598
0.66708
0.6682
0.66935
0.67053
0.67173
0.67297
0.67423
0.67551
0.67683
0.67817
0.67954
0.68094
0.68236
0.68381
0.68529
0.6868
0.68833
0.68989
0.69148
0.69309
0.69474
0.69641
0.69811
0.69983
0.70158
0.70336
0.70517
0.70701
0.70887
0.71076
0.71267
0.71461
0.71658
0.71858
0.7206
0.72265
0.72473
0.72683
0.72896
0.73112
0.7333
0.73551
0.73774
0.74
0.74229
0.7446
0.74694
0.7493
0.75169
0.7541
0.75654
0.759
0.76149
0.764
0.76654
0.7691
0.77168
0.77429
0.77692
0.77958
0.78226
0.78496
0.78768
0.79042
0.79319
0.79598
0.79879
0.80162
0.80447
0.80735
0.81024
0.81315
0.81609
0.81904
0.82201
0.825
0.82801
0.83104
0.83408
0.83714
0.84022
0.84331
0.84642
0.84955
0.85269
0.85584
0.85901
0.8622
0.8654
0.86861
0.87183
0.87506
0.87831
0.88156
0.88483
0.88811
0.89139
0.89469
0.89799
0.9013
0.90462
0.90794
0.91127
0.91461
0.91795
0.92129
0.92464
0.92799
0.93134
0.9347
0.93805
0.94141
0.94476
0.94812
0.95147
0.95482
0.95817
0.96151
0.96485
0.96818
0.97151
0.97483
0.97814
0.98144
0.98474
0.98802
0.9913
0.99456
0.99782
1.0011
1.0043
1.0075
1.0107
1.0139
1.017
1.0202
1.0233
1.0264
1.0295
1.0326
1.0356
1.0386
1.0416
1.0446
1.0476
1.0505
1.0534
1.0563
1.0591
1.0619
1.0647
1.0675
1.0702
1.0729
1.0756
1.0782
1.0808
1.0834
1.0859
1.0884
1.0908
1.0932
1.0956
1.0979
1.1002
1.1025
1.1047
1.1069
1.109
1.1111
1.1131
1.1151
1.1171
1.119
1.1208
1.1226
1.1244
1.1261
1.1278
1.1294
1.131
1.1325
1.1339
1.1353
1.1367
1.138
1.1392
1.1404
1.1416
1.1427
1.1437
1.1447
1.1456
1.1465
1.1473
1.148
1.1487
1.1494
1.1499
1.1505
1.1509
1.1513
1.1517
1.1519
1.1522
1.1523
1.1525
1.1525
1.1525
1.1524
1.1523
1.1521
1.1519
1.1515
1.1512
1.1508
1.1503
1.1497
1.1491
1.1485
1.1477
1.147
1.1461
1.1452
1.1443
1.1432
1.1422
1.141
1.1399
1.1386
1.1373
1.136
1.1346
1.1331
1.1316
1.13
1.1284
1.1267
1.1249
1.1232
1.1213
1.1194
1.1175
1.1155
1.1135
1.1114
1.1092
1.107
1.1048
1.1025
1.1002
1.0978
1.0954
1.093
1.0905
1.0879
1.0853
1.0827
1.08
1.0773
1.0746
1.0718
1.069
1.0661
1.0632
1.0603
1.0574
1.0544
1.0514
1.0483
1.0452
1.0421
1.039
1.0358
1.0326
1.0294
1.0261
1.0229
1.0196
1.0162
1.0129
1.0095
1.0062
1.0028
0.99935
0.99592
0.99247
0.98901
0.98553
0.98204
0.97854
0.97502
0.9715
0.96796
0.96442
0.96086
0.9573
0.95374
0.95017
0.94659
0.94301
0.93942
0.93584
0.93225
0.92866
0.92508
0.92149
0.9179
0.91432
0.91074
0.90717
0.9036
0.90003
0.89648
0.89293
0.88938
0.88585
0.88233
0.87881
0.87531
0.87182
0.86834
0.86487
0.86141
0.85797
0.85455
0.85114
0.84775
0.84437
0.84101
0.83766
0.83434
0.83103
0.82775
0.82448
0.82123
0.81801
0.81481
0.81162
0.80846
0.80533
0.80221
0.79912
0.79606
0.79302
0.79
0.78701
0.78405
0.78111
0.7782
0.77531
0.77246
0.76963
0.76683
0.76405
0.76131
0.75859
0.75591
0.75325
0.75062
0.74803
0.74546
0.74292
0.74042
0.73794
0.7355
0.73309
0.73071
0.72837
0.72605
0.72377
0.72152
0.7193
0.71711
0.71496
0.71284
0.71076
0.70871
0.70669
0.7047
0.70275
0.70084
0.69895
0.6971
0.69529
0.69351
0.69176
0.69005
0.68837
0.68673
0.68512
0.68354
0.682
0.6805
0.67903
