0.24899
0.42116
0.55486
0.72659
0.7834
0.85915
0.82025
0.70512
0.60921
0.49444
0.36089
0.075881
-0.07578
-0.094592
-0.075561
-0.037722
0.05649
0.13159
0.18765
0.14984
0.18694
0.20523
0.22343
0.13006
0.055618
-0.16648
-0.25837
-0.29459
-0.29388
-0.25651
-0.29241
-0.29165
-0.39997
-0.45329
-0.50629
-0.59505
-0.70125
-0.91439
-1.0011
-1.0873
-1.084
-1.0453
-1.0598
-1.127
-1.1937
-1.1199
-1.1164
-1.0954
-0.98789
-0.9847
-1.0676
-1.1499
-1.2488
-1.4663
-1.5635
-1.7107
-1.8908
-2.1032
-2.331
-2.4905
-2.5322
-2.4408
-2.2342
-1.9464
-1.7757
-1.6552
-1.6661
-1.677
-1.5581
-1.359
-1.1612
-1.0771
-0.92956
-0.87877
-0.78052
-0.7623
-0.71253
-0.72623
-0.67691
-0.59649
-0.53221
-0.48391
-0.48259
-0.46578
-0.43359
-0.38614
-0.36976
-0.38422
-0.42929
-0.45888
-0.42731
-0.36545
-0.31908
-0.22743
-0.19671
-0.22652
-0.31652
-0.33099
-0.34542
-0.31485
-0.22453
-0.17934
-0.074615
0.029804
0.19347
0.2824
0.48991
0.71181
0.85923
0.90282
0.8281
0.73879
0.70874
0.82635
0.97339
1.1204
1.282
1.5026
1.6496
1.62
1.5168
1.3402
1.1636
1.1197
1.1789
1.2531
1.3717
1.4463
1.6392
1.8621
2.0559
2.2798
2.3858
2.418
2.4505
2.4238
2.3675
2.2068
2.0907
1.9743
1.9327
1.9511
1.9547
1.9132
1.8416
1.8605
1.8797
1.7775
1.6142
1.4196
1.1783
0.98183
0.92288
0.89453
0.94341
0.86855
0.77776
0.68647
0.57903
0.56515
0.47246
0.39501
0.2695
0.31814
0.22347
0.1762
0.19291
0.17748
0.12955
0.03251
0
0.016381
0.06578
-0.033021
-0.18235
-0.43277
-0.6184
-0.80561
-0.89328
-0.89709
-0.88396
-0.93902
-0.97744
-1.0162
-0.93424
-1.008
-1.0823
-1.0347
-1.0394
-1.0796
-1.0313
-1.1254
-1.2563
-1.3885
-1.5037
-1.5837
-1.7192
-1.7458
-1.828
-1.9295
-1.9015
-1.7795
-1.6187
-1.4752
-1.3113
-1.2794
-1.1512
-1.0218
-0.85238
-0.70075
-0.68454
-0.55025
-0.47389
-0.49598
-0.59799
-0.54073
-0.44266
-0.22237
0
0.18363
0.20497
0.26768
0.35163
0.41555
0.41741
0.52409
0.69485
0.97281
1.2319
1.2799
0.7926
0.25814
-0.23762
-0.30367
-0.4138
-0.48106
-0.48297
-0.52895
-0.39825
-0.26651
-0.022293
0.044751
0.24703
0.27045
0.45235
0.63549
0.72875
0.89114
0.89407
1.1269
1.2228
1.1108
1.1606
1.2106
1.3309
1.2409
1.4322
1.3889
1.3689
1.0885
0.68789
0.23777
-0.21449
-0.40605
-0.43086
-0.31182
-0.14421
0.1204
0.43426
0.79755
1.162
1.4549
1.6271
2.0429
2.3137
2.4874
2.5148
2.371
2.2267
2.0084
1.8141
1.8401
1.8169
2.0391
2.3844
2.6315
2.4603
1.9197
1.157
0.24621
-0.24622
-0.44319
-0.59087
-0.54153
-0.49217
-0.3936
-0.51638
-0.68816
-0.68775
-0.51547
-0.29433
-0.24507
-0.24485
-0.2446
-0.073301
0.24405
0.4875
0.70595
0.85081
0.99519
1.139
1.2824
1.4975
1.6154
1.492
1.369
1.0547
0.76541
0.38187
0.095252
-0.14254
-0.4266
-0.49646
-0.49519
-0.42333
-0.39873
-0.46779
-0.65304
-0.74415
-0.69555
-0.62408
-0.57604
-0.66606
-0.57231
-0.61603
-0.61393
-0.58913
-0.49673
-0.35995
-0.20173
0.089322
0.26695
0.39887
0.66218
0.74747
0.91961
1.0031
1.0857
0.9514
0.75355
0.40729
0.042685
-0.19123
-0.29612
-0.31583
-0.35629
-0.35462
-0.1661
0.041326
0.18507
0.30696
0.48872
0.64841
0.88711
1.0231
1.1775
1.3502
1.6791
2.0634
2.3262
2.489
2.4951
2.4626
2.3536
2.3219
2.1957
2.1649
2.153
2.2528
2.2588
2.2094
2.0689
1.8753
1.7018
1.5841
1.4498
1.228
0.99098
0.84455
0.68227
0.52181
0.36316
0.18913
0.085474
-0.11897
-0.33796
-0.52081
-0.68483
-0.74729
-0.7925
-0.83716
-0.81601
-0.73017
-0.62916
-0.56138
-0.44652
-0.33297
-0.28377
-0.21945
-0.24937
-0.37192
-0.47768
-0.61288
-0.67037
-0.80296
-0.90393
-0.88392
-0.84922
-0.80009
-0.8399
-0.80601
-0.84536
-0.78281
-0.72093
-0.65972
-0.61343
-0.43991
-0.28233
-0.15448
-0.069855
-0.069498
-0.069146
-0.16512
-0.068456
-0.068118
-0.013557
0.094439
0.22825
0.22717
0.1197
0.039715
-0.092242
-0.15741
-0.27423
-0.37702
-0.51776
-0.78617
-0.96248
-1.1629
-1.2599
-1.3435
-1.3759
-1.4459
-1.4653
-1.4846
-1.5412
-1.5974
-1.7273
-1.7948
-1.9478
-2.0876
-2.19
-2.2434
-2.3087
-2.3977
-2.4143
-2.395
-2.2924
-2.143
-2.0538
-2.0127
-1.9719
-1.9432
-1.8444
-1.7227
-1.5198
-1.3531
-1.257
-1.2078
-1.0662
-0.9716
-0.86584
-0.72598
-0.58667
-0.49381
-0.34397
-0.29766
-0.2515
-0.21691
-0.14822
-0.14805
-0.17063
-0.09091
-0.056764
0.068058
0.14734
0.16989
0.20374
0.20362
0.21484
0.19215
0.15819
0.090373
0.04518
0.022588
-0.011294
0.011295
-0.011297
0.022601
0.011304
0.045236
0.14709
0.19246
0.27189
0.32877
0.38577
0.5224
0.68206
0.80795
0.9114
1.0494
1.1878
1.2924
1.3171
1.2962
1.2753
1.3465
1.4987
1.6054
1.7011
1.832
1.9752
2.1075
2.2405
2.3976
2.5908
2.7616
2.8981
3
3.0197
2.9922
2.9053
2.6866
2.407
2.1139
1.9035
1.6193
1.4184
1.204
1.0372
0.89373
0.74936
0.60404
0.49483
0.43453
0.44857
0.43772
0.36405
0.31503
0.2024
0.10159
-0.050998
-0.28161
-0.43699
-0.58074
-0.58315
-0.57258
-0.5358
-0.49871
-0.36906
-0.22505
-0.13296
-0.040065
0
0.0539
0.17597
0.42153
0.64202
0.86454
0.95127
0.91415
0.93234
0.90877
1.0254
1.1009
1.177
1.1541
1.0594
0.93502
0.89615
0.85688
0.78804
0.73318
0.6483
0.51818
0.29753
0.14948
0.090118
-0.015092
-0.030328
-0.091418
-0.1684
-0.35378
-0.47908
-0.52792
-0.6084
-0.59557
-0.53535
-0.50619
-0.55619
-0.63854
-0.80179
-1.1276
-1.3591
-1.5764
-1.7465
-1.8853
-1.9263
-1.9345
-1.9925
-2.0508
-2.0258
-1.866
-1.7047
-1.4064
-1.3269
-1.0588
-1.0114
-0.96352
-1.0016
-1.1439
-1.1653
-1.2392
-1.2785
-1.3706
-1.4104
-1.4503
-1.4017
-1.1924
-1.0175
-1.0563
-1.1132
-1.1163
-1.0471
-0.90503
-0.87105
-1.0005
-1.0759
-1.0053
-0.76938
-0.55074
-0.34953
-0.073732
0.24009
0.55507
0.68579
0.90972
1.0599
1.3223
1.5479
1.6247
1.5707
1.4415
1.5181
1.5196
1.5774
1.5599
1.4483
1.3552
1.3372
1.2626
1.0558
0.88643
0.75465
0.81144
0.7927
0.83052
0.75503
0.62287
0.50956
0.39624
0.32068
0.24515
0.28275
0.24494
0.20715
0.15056
0.13166
0
0.13146
0.24394
0.29997
0.1873
0.018712
-0.26169
-0.3921
-0.5968
-0.81962
-0.93023
-1.0034
-1.0206
-1.0192
-1.0177
-1.0347
-1.0701
-1.1422
-1.122
-1.0468
-0.86171
-0.76877
-0.69439
-0.69321
-0.83769
-0.9453
-0.96177
-0.83325
-0.74133
-0.70388
-0.79265
-0.93503
-1.1128
-1.254
-1.3231
-1.3206
-1.1934
-0.99556
-0.83396
-0.70839
-0.5833
-0.40576
-0.28172
-0.15817
-0.01754
0.070027
0.22715
0.31392
0.45259
0.34749
0.17342
-0.086548
-0.32827
-0.55187
-0.55086
-0.5155
-0.60034
-0.73624
-0.87168
-1.0408
-1.2264
-1.3943
-1.5787
-1.6269
-1.7088
-1.7736
-1.8551
-1.9027
-1.9838
-2.1318
-2.313
-2.4769
-2.6237
-2.8703
-3.0162
-2.9455
-2.7587
-2.4729
-2.1713
-1.8209
-1.5541
-1.3376
-1.237
-1.2685
-1.3
-1.2821
-1.2314
-1.1973
-1.1142
-1.0476
-0.94841
-0.89849
-0.78341
-0.60333
-0.50505
-0.42323
-0.32529
-0.26002
-0.24358
-0.21094
-0.14593
-0.064811
-0.032383
0
-0.032341
-0.21008
-0.27456
-0.43581
-0.56463
-0.69331
-0.82187
-0.86978
-0.98206
-1.1586
-1.2707
-1.3827
-1.4946
-1.494
-1.5417
-1.5571
-1.4924
-1.3315
-1.1867
-0.96193
-0.83343
-0.73706
-0.80094
-0.83277
-0.92863
-0.97644
-0.99222
-0.89601
-0.79985
-0.75171
-0.76757
-0.81539
-0.81526
-0.71923
-0.5753
-0.5113
-0.4633
-0.3035
-0.1118
0.031939
0.11177
0.39915
0.55874
0.846
0.9736
1.0533
1.0691
1.0371
1.0849
0.95717
0.98899
0.97295
0.97286
0.92493
0.71756
0.44644
0.031886
-0.25506
-0.44632
-0.6216
-0.76498
-0.84458
-0.82857
-0.81255
-0.73282
-0.68495
-0.65303
-0.65295
-0.70065
-0.71649
-0.62089
-0.46163
-0.23874
-0.2228
-0.22277
-0.063639
0.14317
0.44534
0.652
0.85859
1.0333
1.0172
0.93759
0.76264
0.61952
0.58763
0.5875
0.508
0.44439
0.52362
0.57108
0.76125
0.79275
0.84008
0.79229
0.90294
1.0927
1.2506
1.3768
1.4712
1.613
1.7547
1.8962
2.0691
2.2103
2.3672
2.4607
2.5383
2.5371
2.52
2.5186
2.5172
2.3742
2.3728
2.4027
2.5424
2.6818
2.7583
2.6467
2.5195
2.3455
2.1874
1.9046
1.7314
1.6207
1.557
1.431
1.3519
1.2264
1.132
0.99138
0.83553
0.68002
0.46309
0.27751
0.076988
-0.16915
-0.26106
-0.30671
-0.33689
-0.33639
-0.21374
-0.13719
-0.091313
-0.091162
-0.075839
-0.10599
-0.060457
0.12069
0.36139
0.54103
0.61495
0.67357
0.6871
0.6111
0.47591
0.2671
0.074024
-0.1477
-0.27996
-0.42625
-0.51315
-0.59958
-0.6126
-0.59642
-0.53676
-0.44847
-0.46163
-0.51783
-0.54499
-0.54336
-0.59873
-0.7674
-0.89248
-1.0873
-1.1823
-1.2064
-1.2024
-1.2261
-1.1524
-1.01
-0.88234
-0.79673
-0.69801
-0.55906
-0.42111
-0.36538
-0.31005
-0.29541
-0.214
-0.10657
-0.039804
0.013214
0.02632
-0.039316
-0.1305
-0.24691
-0.32351
-0.39943
-0.42336
-0.34488
-0.40696
-0.51912
-0.59245
-0.55217
-0.39978
-0.32336
-0.11143
0.024649
0.24537
0.54955
0.81447
0.96803
1.0479
1.1509
1.1934
1.2472
1.2178
1.2239
1.1948
1.2243
1.2883
1.3516
1.3914
1.4307
1.4242
1.4403
1.5015
1.5958
1.6221
1.6259
1.5853
1.5451
1.4614
1.433
1.4158
1.4097
1.3496
1.2578
1.1775
1.0446
0.97651
0.94075
0.93688
0.80726
0.60562
0.4056
0.25898
0.13415
0.061676
-0.12288
-0.33667
-0.50823
-0.7292
-0.93852
-1.1665
-1.3829
-1.538
-1.732
-1.9049
-2.057
-2.1787
-2.231
-2.2144
-2.1786
-2.1918
-2.2439
-2.2959
-2.338
-2.3223
-2.2588
-2.1477
-2.1044
-2.0709
-2.0662
-2.0522
-1.9816
-1.8924
-1.8321
-1.7344
-1.6467
-1.5405
-1.4349
-1.2641
-1.1033
-0.94304
-0.74598
-0.5588
-0.42792
-0.381
-0.36205
-0.28752
-0.22241
-0.11112
-0.0092541
0.027746
0.027732
0.08316
0.14779
0.24009
0.32314
0.43389
0.48003
0.49852
0.52628
0.5541
0.64663
0.74852
0.84131
0.93425
0.95332
0.97249
0.94542
0.90909
0.9192
0.94799
1.0234
1.0525
1.1284
1.1485
1.1501
1.1517
1.1628
1.174
1.1571
1.2156
1.2083
1.1916
1.1371
1.1108
1.0941
1.0964
1.1656
1.2161
1.2573
1.2507
1.2826
1.3245
1.3763
1.4576
1.481
1.4752
1.4205
1.3853
1.3597
1.3736
1.457
1.4713
1.426
1.3505
1.3146
1.2283
1.1919
1.2162
1.2203
1.1836
1.0956
1.0686
1.0311
0.99344
0.86202
0.78179
0.68006
0.59859
0.57977
0.65604
0.70105
0.78907
0.85638
0.90274
0.89553
0.85578
0.77221
0.68797
0.62499
0.55048
0.37587
0.23312
0.011147
-0.12313
-0.26978
-0.39509
-0.48745
-0.64891
-0.70885
-0.79226
-0.8418
-0.8686
-0.95377
-1.0046
-1.0559
-0.96627
-0.91132
-0.86775
-0.87156
-0.91135
-0.93944
-0.85889
-0.81407
-0.74443
-0.73545
-0.78793
-0.90269
-1.006
-1.0603
-1.0399
-1.0445
-1.0997
-1.1553
-1.1093
-1.1654
-1.1962
-1.266
-1.3363
-1.4073
-1.518
-1.6297
-1.7291
-1.7365
-1.664
-1.6577
-1.705
-1.7392
-1.6653
-1.5635
-1.4334
-1.2749
-1.0736
-0.93984
-0.79101
-0.75241
-0.6715
-0.61801
-0.49355
-0.3964
-0.3411
-0.22829
-0.20052
-0.24442
-0.23092
-0.23179
-0.20357
-0.2919
-0.29297
-0.33814
-0.29509
-0.19249
0.014859
0.17893
0.32918
0.54049
0.73814
0.96731
1.0766
1.141
1.1599
1.2095
1.3515
1.5559
1.6842
1.7821
1.9117
1.9795
2.032
2.116
2.1375
2.159
2.0856
2.0434
1.8739
1.8785
1.883
1.9834
1.9879
1.9281
1.884
1.775
1.7463
1.5878
1.4772
1.3174
1.1894
1.1752
1.0954
0.94984
0.85292
0.77207
0.69094
0.74131
0.77528
0.69367
0.59529
0.46352
0.43087
0.36495
0.3985
0.41546
0.46569
0.46603
0.49966
0.38331
0.36684
0.48379
0.58413
0.70121
0.76821
0.80179
0.76851
0.71846
0.65165
0.5848
0.60145
0.50114
0.53443
0.50089
0.45066
0.4338
0.41693
0.46672
0.5331
0.61601
0.53241
0.48215
0.39871
0.34858
0.23218
0.24853
0.29794
0.34724
0.41294
0.44547
0.46143
0.41149
0.27946
0.34477
0.31152
0.19648
0.04905
-0.14694
-0.26084
-0.35811
-0.3413
-0.37322
-0.45362
-0.53375
-0.71049
-0.7899
-0.80465
-0.86752
-0.96223
-1.1206
-1.2305
-1.3719
-1.4649
-1.51
-1.5707
-1.647
-1.644
-1.5936
-1.6065
-1.7293
-1.7732
-1.8639
-1.8918
-1.9663
-1.9939
-1.9437
-1.8936
-1.7663
-1.6549
-1.4513
-1.2485
-0.98476
-0.73732
-0.58275
-0.39807
-0.15286
-0.015262
0.060952
0.19779
0.25827
0.33375
0.42417
0.45384
0.51367
0.48283
0.37674
0.18062
0.015034
0
-0.030002
-0.074929
-0.19463
-0.25428
-0.29889
-0.32851
-0.38795
-0.43241
-0.59605
-0.87866
-1.1908
-1.4431
-1.6062
-1.7543
-1.8281
-1.8872
-1.7383
-1.5747
-1.441
-1.4262
-1.4858
-1.6496
-1.873
-1.9777
-2.0379
-2.0984
-2.174
-2.2349
-2.3408
-2.4022
-2.2847
-2.1522
-2.0346
-2.0218
-1.979
-1.9363
-1.8937
-1.7306
-1.5522
-1.4187
-1.2848
-1.0749
-0.94025
-0.83556
-0.68489
-0.59469
-0.53475
-0.41336
-0.30683
-0.16913
-0.030819
0.10811
0.21674
0.35694
0.49786
0.70191
0.81323
1.0506
1.2422
1.3561
1.3283
1.1895
0.97033
0.71799
0.54416
0.36927
0.2416
0.11311
0
0.032532
0.032643
0.16377
0.26295
0.34633
0.54618
0.6478
0.83354
0.8366
0.85649
0.85969
0.93061
1.0191
1.0741
1.044
1.048
1.1039
1.1601
1.269
1.2914
1.3491
1.2665
1.0243
0.97521
0.9613
1.0545
1.0049
0.86479
0.68737
0.63563
0.63817
0.54919
0.49624
0.33214
0.3705
0.42776
0.52279
0.52484
0.56451
0.52892
0.6068
0.7043
0.84072
0.95897
1.0973
1.2946
1.3963
1.5377
1.5823
1.5879
1.6329
1.678
1.7433
1.6299
1.5756
1.5608
1.586
1.5105
1.3537
1.2768
1.0775
1.0196
1.043
1.0666
1.1108
1.1346
1.2618
1.3482
1.3517
1.4595
1.5259
1.5087
1.3443
1.2001
0.99184
0.93061
0.86906
0.61601
0.21286
0
-0.29918
-0.38539
-0.40755
-0.45125
-0.53812
-0.75463
-0.84222
-0.95167
-0.9531
-0.8677
-0.76029
-0.6743
-0.60982
-0.54515
-0.37114
-0.32785
-0.28444
-0.26283
-0.30693
-0.3511
-0.4832
-0.57153
-0.74797
-0.88063
-0.94734
-0.90388
-0.90444
-0.72839
-0.48586
-0.24305
-0.22106
-0.19904
-0.30975
-0.17706
0.02214
0.26577
0.26584
0.33238
0.4876
0.68721
0.93122
1.1088
1.0202
0.8872
0.86509
0.95388
0.88737
0.84302
0.86521
1.0205
1.1758
1.1979
1.0204
0.86506
0.59884
0.53226
0.39916
0.06652
-0.17737
-0.4877
-0.70929
-0.86434
-0.8199
-0.79763
-0.77536
-0.70879
-0.73083
-0.86357
-1.107
-1.2175
-1.4386
-1.6596
-1.9248
-2.2121
-2.4992
-2.5872
-2.5646
-2.4757
-2.3648
-2.2539
-2.1651
-2.2088
-2.2084
-2.1196
-2.075
-2.1188
-2.1624
-2.3164
-2.382
-2.3594
-2.0943
-1.8514
-1.4543
-1.1896
-1.0131
-0.72655
-0.50623
-0.06601
0
0.15392
0.28576
0.39552
0.35144
0.21956
0.19752
-0.021937
-0.021927
0
0.10952
0.17514
0.30632
0.45921
0.48078
0.45862
0.41466
0.37074
0.34867
0.32662
0.30459
0.30433
0.26062
0.21698
0.21676
0.17323
0.17304
0.21606
0.32371
0.49575
0.68886
0.75244
0.6226
0.53595
0.29969
0.25648
0.064018
-0.021304
-0.34028
-0.59443
-0.86883
-0.93063
-0.94992
-0.99013
-0.77784
-0.73421
-0.58607
-0.43855
-0.22918
-0.10392
0.082929
0.24815
0.14438
0.32911
0.53333
0.98183
1.3053
1.6065
1.7638
1.8391
2.0146
2.2289
2.3616
2.2938
2.266
2.2184
2.1907
2.1827
2.0179
1.8346
1.5164
1.2975
1.0609
0.96052
0.89918
0.85734
0.664
0.52893
0.2257
-0.056177
-0.46606
-0.72379
-0.75745
-0.62524
-0.51251
-0.27327
-0.018132
0.14436
0.26937
0.33955
0.33789
0.35392
0.49303
0.38544
0.38351
0.3122
0.36238
0.30903
0.30745
0.25489
0.13524
0.033636
-0.050192
-0.066576
-0.033115
0.1153
0.18025
0.24451
0.14595
0.096792
0
-0.11176
-0.1906
-0.30022
-0.45589
-0.68816
-0.87138
-0.95986
-1.1399
-1.1955
-1.2353
-1.2899
-1.359
-1.3825
-1.2113
-1.1609
-0.99242
-0.73713
-0.52827
-0.33596
-0.23265
-0.10133
-0.014411
-0.014348
-0.028573
-0.11381
-0.29749
-0.46557
-0.67445
-0.8957
-1.1292
-1.3193
-1.4942
-1.6266
-1.6207
-1.615
-1.5686
-1.4682
-1.2872
-1.1211
-1.0368
-0.93974
-0.99055
-1.0545
-1.1581
-1.1816
-1.2316
-1.2947
-1.4761
-1.7621
-2.1126
-2.3702
-2.4702
-2.5569
-2.5915
-2.5743
-2.4794
-2.3721
-2.2266
-2.004
-1.7177
-1.3805
-1.0054
-0.73411
-0.54054
-0.43732
-0.44996
-0.57829
-0.59097
-0.56518
-0.4367
-0.38533
-0.32115
-0.14134
0
0.25719
0.46319
0.59224
0.69577
0.69636
0.65831
0.49103
0.36223
0.18134
0.025941
-0.15587
-0.15612
0.039093
0.32634
0.57542
0.81238
1.011
1.171
1.3977
1.6388
1.8812
1.9787
1.8373
1.4684
1.0306
0.80532
0.76725
0.918
1.0562
1.236
1.417
1.5856
1.7828
1.9676
2.0572
2.0782
2.1134
2.0093
1.9326
2.01
2.1022
2.2093
2.2747
2.3977
2.4214
2.4454
2.1519
1.8126
1.4705
1.2719
1.2771
1.2677
1.199
1.1891
1.1643
1.1542
1.2193
1.2699
1.2297
1.052
0.93403
0.76887
0.67949
0.49628
0.3115
0.093847
-0.078537
-0.22083
-0.25345
-0.30223
-0.28752
-0.33683
-0.33823
-0.27493
-0.21109
-0.26086
-0.50745
-0.72312
-0.85796
-0.89445
-0.74826
-0.56752
-0.40212
-0.3868
-0.3376
-0.23718
-0.27204
-0.22182
-0.23972
-0.42954
-0.72408
-0.96867
-1.128
-1.1491
-1.013
-0.82346
-0.65024
-0.51118
-0.35357
-0.37232
-0.42671
-0.44572
-0.42904
-0.41225
-0.46723
-0.43237
-0.41538
-0.34396
-0.41735
-0.4183
-0.6015
-0.74893
-0.82373
-0.78873
-0.82706
-0.755
-0.59038
-0.42511
-0.18516
-0.037095
-0.074314
-0.16748
-0.35412
-0.44799
-0.50473
-0.52418
-0.41243
-0.30035
-0.20676
0.056462
0.26381
0.37733
0.33999
0.34038
0.28396
0.20846
0.11383
-0.037981
-0.36119
-0.666
-0.91425
-1.163
-1.4503
-1.5471
-1.5868
-1.5308
-1.5322
-1.5527
-1.5733
-1.7091
-1.5953
-1.5775
-1.5019
-1.3877
-1.1767
-0.90751
-0.63779
-0.40625
-0.23237
-0.05815
0.13582
0.44673
0.66108
0.85645
1.0133
1.0535
1.1133
1.0169
1.0769
1.1958
1.4919
1.828
2.0864
2.2865
2.4083
2.5701
2.6731
2.8559
2.9599
2.9848
2.99
2.8356
2.8208
2.5856
2.43
2.1531
1.9357
1.6569
1.2757
0.87264
0.38646
0.040774
-0.3474
-0.63502
-0.67767
-0.67938
-0.53666
-0.35182
-0.22826
-0.10404
-0.020866
0.10463
0.20987
0.23154
0.1689
0
-0.063729
-0.25572
-0.4062
-0.622
-0.73166
-0.95003
-1.1266
-1.1305
-1.0253
-1.0727
-1.1864
-1.1246
-1.0844
-1.044
-0.93637
-0.96226
-0.87605
-0.72155
-0.54324
-0.54535
-0.52466
-0.54961
-0.66673
-0.85403
-0.99647
-1.2098
-1.3315
-1.4307
-1.4129
-1.3949
-1.3531
-1.3586
-1.2683
-1.2254
-1.0615
-0.77513
-0.48641
-0.34186
-0.17162
-0.09846
-0.049426
0.024811
0.17437
0.3501
0.477
0.55446
0.4048
0.076191
-0.25493
-0.4862
-0.6678
-0.87651
-0.93146
-1.0906
-1.1727
-1.0199
-0.89225
-0.73732
-0.39633
-0.05302
0.37235
0.58701
0.72271
0.77866
0.86183
1.0805
1.4088
1.603
1.6347
1.5846
1.3971
1.1535
0.93618
0.77288
0.77473
0.80427
1.0007
0.975
0.89332
0.86718
0.86889
0.7863
0.73147
0.76094
0.93161
0.93311
0.84958
0.70902
0.62481
0.5972
0.59794
0.51313
0.371
0.11427
0.14298
-0.085864
-0.085935
-0.11467
-0.17212
-0.14352
-0.48825
-0.63217
-0.83368
-0.86274
-0.69041
-0.40284
-0.1439
0.28784
0.46058
0.48938
0.69086
0.74838
0.7195
0.60427
0.25892
-0.11504
-0.63254
-0.97722
-1.0056
-0.63179
-0.51668
-0.22952
-0.25807
-0.31524
-0.37233
-0.45797
-0.60069
-0.71462
-0.79982
-0.97051
-1.0839
-1.1971
-1.3385
-1.3944
-1.5355
-1.6479
-1.3343
-1.2481
-1.162
-1.246
-1.5845
-1.8942
-1.9209
-2.0322
-2.1716
-2.508
-2.6186
-2.4759
-2.1366
-1.7417
-1.5719
-1.4866
-1.4015
-1.1204
-1.0077
-0.72729
-0.41932
-0.2235
-0.13961
-0.30696
-0.33469
-0.47391
-0.69659
-0.97479
-1.3085
-1.4193
-1.5857
-1.613
-1.6403
-1.7511
-1.6673
-1.6948
-1.5279
-1.3888
-1.4998
-1.7219
-1.9163
-1.7219
-1.5554
-1.4722
-1.4168
-1.6116
-1.5285
-1.3343
-1.0566
-0.77882
-0.66779
-0.4732
-0.13923
-0.027859
0.11149
0.13944
0.25112
0.30711
0.47491
0.30749
0.11189
0
0.084035
0.028033
0.14027
0.30884
0.3653
0.44997
0.30962
0.25355
0.11279
-0.056446
0
0.084828
0.25473
0.31163
0.48209
0.5961
0.56828
0.5404
0.56941
0.51298
0.57055
0.74246
0.71461
0.91561
0.91651
0.94608
1.1766
1.4937
1.8688
2.072
2.1891
2.3064
2.4527
2.4837
2.4569
2.1696
1.8818
1.5065
1.3047
1.0445
0.60967
0.20335
-0.058134
-0.14542
-0.11639
-0.17467
-0.26212
-0.32049
-0.23316
-0.23323
-0.37909
-0.55417
-0.37922
-0.058348
0.20422
0.52514
0.67097
0.90424
0.93324
1.1954
1.2242
1.486
1.6601
1.6302
1.3093
0.98865
0.75552
0.43555
0.11605
-0.20292
-0.52131
-0.78118
-0.86705
-0.80833
-0.80736
-0.69115
-0.7765
-1.0626
-0.91766
-0.80171
-0.65749
-0.45662
-0.28489
-0.056876
0.056769
0.16998
0.19791
0.395
0.42232
0.50567
0.44847
0.30761
0.027898
-0.22264
-0.36088
-0.47072
-0.3314
-0.30298
-0.35709
-0.43827
-0.3824
-0.13618
-0.16293
0.027075
0.21594
0.37674
0.53652
0.9092
1.1195
1.2488
1.483
1.6364
1.7625
1.7041
1.5676
1.4321
1.3752
1.4479
1.5717
1.5918
1.714
1.8608
1.9557
2.0246
1.9668
1.8089
1.6271
1.3717
1.2922
1.1141
1.0114
1.0077
1.102
1.1711
1.2398
1.4048
1.4721
1.4668
1.222
1.0743
0.80883
0.68744
0.6614
0.54139
0.25803
0.023377
0.023297
-0.18574
-0.27768
-0.46127
-0.7816
-1.0999
-1.5075
-1.6621
-1.6796
-1.6292
-1.5566
-1.552
-1.5474
-1.4982
-1.4717
-1.5343
-1.5302
-1.504
-1.3677
-1.1222
-0.87796
-0.5255
-0.24028
0.043587
0.30443
0.19528
0.086608
-0.064823
-0.17252
-0.12914
-0.10742
-0.042893
-0.064231
-0.10688
0
0
-0.042562
-0.08501
0.063677
0.25441
0.38119
0.6135
0.67631
0.80241
0.75956
0.84334
0.99027
1.0739
1.1786
1.1571
1.0936
1.1143
1.072
0.94577
0.71454
0.46236
0.27324
0.042044
-0.10514
-0.31551
-0.69438
-0.84207
-1.0531
-1.2013
-1.2443
-1.4774
-1.5631
-1.8181
-1.9045
-1.8005
-1.7601
-1.7408
-1.7429
-1.8728
-2.0245
-2.07
-2.1158
-2.0333
-1.9079
-1.546
-1.3335
-1.1419
-0.99284
-0.92979
-0.88821
-0.95504
-0.95693
-1.1114
-1.1355
-1.1379
-1.0527
-0.85716
-0.83704
-0.59608
-0.42043
-0.24397
0
0.066854
0.26806
0.33589
0.5612
0.85515
1.1506
1.2892
1.3605
1.3185
1.1852
1.1882
1.1226
1.1255
1.1745
1.4085
1.6668
1.9033
2.0945
2.24
2.2459
2.1814
2.1635
1.9098
1.6547
1.2561
0.76032
0.19056
-0.26269
-0.57457
-0.792
-0.81801
-0.77177
-0.65275
-0.67854
-0.65586
-0.58434
-0.53688
-0.39134
-0.3677
-0.14741
-0.049241
0.074019
-0.098898
-0.37163
-0.84405
-1.1691
-1.3707
-1.3483
-1.0256
-0.57635
-0.20082
0.27659
0.65484
0.98383
1.1117
1.1133
0.96291
0.68512
0.45736
0.38162
0.12737
-0.10201
-0.12766
-0.1278
-0.10234
0.02561
0.25633
0.4618
0.6419
0.71946
0.53997
0.23156
-0.12872
-0.46364
-0.67003
-0.92812
-1.1864
-1.4705
-1.7032
-1.7294
-1.5747
-1.5749
-1.3426
-1.1361
-0.92949
-0.80033
-0.80022
-0.74846
-0.90311
-1.0318
-1.0831
-1.0054
-0.9019
-0.59241
-0.2317
0.10292
0.51434
0.74534
0.66781
0.48769
0.28215
0.28194
0.38417
0.53741
0.81823
1.073
1.0976
1.2496
1.1975
1.12
0.9663
0.91452
0.81208
0.76053
0.70908
0.58183
0.35377
0.27766
0.30256
0.42815
0.67922
1.0051
1.2047
1.3287
1.4273
1.5007
1.349
1.2476
1.0717
1.0953
1.1686
1.1921
1.1907
0.99108
0.84144
0.76631
0.81481
0.78922
0.93614
1.255
1.524
1.8415
2.0357
2.156
2.0558
1.907
1.7829
1.6347
1.56
1.461
1.2407
0.94786
0.55848
0.21834
-0.26662
-0.77495
-1.0889
-1.3055
-1.3045
-1.3276
-1.2301
-1.2533
-1.2765
-1.4201
-1.6596
-1.923
-1.9938
-1.8726
-1.7995
-1.6307
-1.534
-1.3894
-1.4846
-1.3403
-1.3636
-1.2196
-0.98007
-0.71686
-0.57329
-0.52535
-0.54907
-0.54892
-0.5965
-0.57251
-0.59624
-0.78689
-1.0252
-1.1681
-1.1441
-1.1678
-1.3107
-1.3106
-1.4535
-1.4296
-1.3581
-1.2628
-1.096
-0.95312
-0.69105
-0.57194
-0.26216
-0.04767
0.16686
0.30993
0.35766
0.35772
0.26237
0.16699
0.19088
0.19092
0.16709
0.047749
0.1194
0
-0.023891
0
0.023903
0
0.04783
-0.023921
0.071783
0.1436
0.43093
0.79026
0.95816
1.1501
1.2703
1.2706
1.4149
1.3193
1.1277
0.81603
0.24007
-0.12007
-0.43237
-0.52859
-0.36049
-0.19231
0.096181
0.57723
0.86605
1.155
1.2997
1.324
1.1558
0.86701
0.60221
0.16865
-0.33736
-0.86765
-1.2294
-1.5189
-1.7361
-1.7604
-1.8089
-1.8573
-1.8334
-1.6406
-1.2305
-0.89279
-0.50675
-0.28958
-0.24132
-0.2172
-0.31373
-0.36199
-0.36198
-0.26544
-0.36195
-0.48257
-0.77205
-0.94084
-1.3026
-1.6401
-2.0739
-2.3629
-2.5313
-2.4103
-2.1206
-1.8552
-1.5416
-1.0596
-0.81856
-0.79427
-0.84215
-1.1786
-1.587
-1.8269
-1.8983
-1.7775
-1.6808
-1.4401
-1.2235
-0.86328
-0.67113
-0.5031
-0.35918
-0.40686
-0.3588
-0.40642
-0.54955
-0.54923
-0.59662
-0.4293
-0.30985
-0.14291
-0.023803
0.047573
0.16639
0.30878
0.33228
0.047432
-0.18958
-0.49724
-0.75707
-0.85099
-0.7794
-0.8967
-0.87231
-0.87151
-0.84716
-0.61125
-0.25835
0
0.093759
0.21074
0.30408
0.42059
0.39679
0.34972
0.41919
0.58155
0.9294
1.2532
1.6226
1.991
2.3123
2.5635
2.6294
2.603
2.5076
2.3894
2.1339
1.8102
1.556
1.234
0.9584
0.77475
0.75089
0.6362
0.49915
0.24921
-0.045243
-0.22588
-0.27064
-0.27023
-0.26982
-0.1347
-0.089661
-0.067141
0
0.2454
0.46775
0.51148
0.55506
0.48766
0.64178
0.77329
1.0808
1.2332
1.2312
1.2072
1.0737
0.94067
0.87358
0.95934
1.0883
1.1083
1.2149
1.3428
1.4054
1.5326
1.5732
1.5275
1.5679
1.5868
1.627
1.6884
1.7069
1.6828
1.4887
1.2315
0.97509
0.69839
0.50711
0.31644
0.31594
0.14721
0.06299
0.020964
-0.020932
0.083603
0.33391
0.41678
0.37455
0.27012
0.18674
0
0.020691
0.06199
0.33017
0.43279
0.30874
0.12334
0.082124
0
0.081927
0.16367
0.28609
0.38784
0.50977
0.63145
0.67151
0.7115
0.62959
0.60871
0.56763
0.52663
0.425
0.24266
0.16165
0.10096
0.060532
-0.020164
-0.020151
-0.22152
-0.48305
-0.60348
-0.90477
-1.1053
-1.4061
-1.6867
-2.0674
-2.488
-2.7681
-2.9477
-2.9671
-2.9063
-2.6653
-2.6448
-2.6044
-2.544
-2.3836
-2.1432
-1.9028
-1.5623
-1.3421
-1.1218
-1.0017
-0.92168
-0.88174
-0.78168
-0.60141
-0.58149
-0.54152
-0.5216
-0.56189
-0.52191
-0.52208
-0.60261
-0.62292
-0.66336
-0.72395
-0.70413
-0.78493
-0.745
-0.72519
-0.68522
-0.64522
-0.54466
-0.56511
-0.44424
-0.28284
-0.18192
-0.24268
-0.28327
-0.22269
-0.04051
0.20266
0.38525
0.52745
0.58862
0.69046
0.73145
0.75214
0.85421
0.97672
1.1604
1.1813
1.1615
1.2232
1.3053
1.3875
1.5309
1.6337
1.6751
1.7371
1.8399
1.8814
2.0047
2.0872
2.1082
2.0678
1.9659
1.8434
1.6184
1.4343
1.2705
1.1477
0.98386
0.92244
0.88148
0.77899
0.81999
0.96345
1.0454
1.0248
0.90172
0.71718
0.45072
0.16387
-0.040957
-0.24568
-0.32749
-0.36831
-0.45001
-0.55208
-0.61318
-0.67422
-0.69435
-0.85732
-0.85689
-0.83605
-0.87636
-0.89623
-0.9364
-0.91548
-0.93522
-0.79237
-0.6294
-0.3652
-0.10137
-0.040517
-0.020243
-0.060679
0.02021
0.040386
0.12106
0.10079
0.20141
0.1811
0.26135
0.20085
0.020066
-0.12028
-0.34048
-0.74032
-0.99944
-1.1183
-0.95756
-0.63773
-0.41809
-0.21878
-0.15895
-0.23818
-0.31725
-0.43578
-0.37597
-0.19768
-0.21723
-0.11837
-0.27592
-0.45284
-0.68843
-0.88426
-1.0601
-1.314
-1.4303
-1.6247
-1.7406
-1.8758
-2.0303
-2.2821
-2.3386
-2.3561
-2.432
-2.4689
-2.467
-2.4068
-2.4245
-2.384
-2.3048
-2.1485
-1.9343
-1.6625
-1.4103
-1.3516
-1.1965
-1.1573
-1.0604
-0.90574
-0.57789
-0.23107
0.076995
0.36561
0.50016
0.65389
0.74988
0.86508
0.90338
0.88405
0.99927
0.98
1.0184
0.90312
0.76865
0.51888
0.1922
0
-0.13458
-0.1923
-0.07694
0.096202
0.34644
0.6161
0.8282
1.079
1.2723
1.4465
1.6787
1.641
1.5647
1.527
1.5473
1.587
1.6462
1.7249
1.7261
1.708
1.7094
1.6913
1.7316
1.6357
1.6761
1.6581
1.7573
1.9348
2.054
2.056
1.9404
1.6677
1.4533
1.0813
0.84621
0.63039
0.37468
0.39482
0.15809
0.059347
0.039607
0.039649
-0.059536
-0.23839
-0.29831
-0.5176
-0.63771
-0.69821
-0.67896
-0.49974
-0.4202
-0.30043
-0.28067
-0.30101
-0.54231
-0.64332
-0.72438
-0.725
-0.62482
-0.62532
-0.68637
-0.60607
-0.38412
-0.32369
-0.22268
-0.12153
-0.040534
0.22305
0.36517
0.54799
0.75125
1.0359
1.2393
1.3412
1.2195
1.0977
1.1385
1.1182
1.2401
1.3417
1.4228
1.3412
1.2189
1.1169
1.1165
1.116
1.0748
0.97279
0.70884
0.48569
0.30331
0.020202
-0.222
-0.44354
-0.54372
-0.72408
-0.76331
-0.78232
-0.84128
-0.85998
-0.75875
-0.75746
-0.85559
-0.79441
-0.73339
-0.65276
-0.71059
-0.80749
-0.92353
-1.0193
-1.095
-1.2288
-1.4395
-1.5713
-1.6249
-1.6009
-1.5769
-1.4953
-1.5097
-1.6
-1.6896
-1.7216
-1.7156
-1.6718
-1.5347
-1.473
-1.393
-1.332
-1.124
-0.95424
-0.73097
-0.58229
-0.48918
-0.46899
-0.44894
-0.39327
-0.44483
-0.49587
-0.3525
-0.2631
-0.069816
-0.034735
-0.01728
-0.13754
-0.23945
-0.28925
-0.54159
-0.80806
-0.95442
-0.96589
-0.94403
-0.83999
-0.76979
-0.81433
-1.0202
-1.1915
-1.4729
-1.6076
-1.6299
-1.6361
-1.5953
-1.5392
-1.4528
-1.3674
-1.3439
-1.3359
-1.3128
-1.2749
-1.297
-1.0817
-0.83954
-0.61486
-0.42198
-0.26033
0
0.24291
0.46868
0.60703
0.77176
0.86477
0.94278
0.9785
1.0549
1.1304
1.1914
1.2652
1.2176
1.1707
1.111
1.0915
1.0983
1.0791
1.0472
1.0157
0.97174
0.91557
0.89796
0.85541
0.83837
0.78418
0.76773
0.8254
0.88251
0.96347
1.0194
0.95407
0.86537
0.75363
0.67869
0.54522
0.44838
0.42291
0.40938
0.31447
0.16238
-0.069308
-0.29914
-0.4928
-0.6736
-0.86446
-1.054
-1.2197
-1.3168
-1.3909
-1.3976
-1.3709
-1.3556
-1.2852
-1.1379
-0.9585
-0.91203
-0.87684
-1.0278
-1.2218
-1.5239
-1.6619
-1.7345
-1.742
-1.7497
-1.8007
-1.884
-1.9458
-2.0398
-2.0908
-2.0992
-1.9793
-1.721
-1.4312
-1.0887
-0.76802
-0.49045
-0.25579
-0.031966
0.20242
0.28765
0.34095
0.45824
0.533
0.62921
0.66156
0.73673
0.80141
0.89837
1.017
1.0503
1.0301
0.9348
0.90388
0.86218
0.89602
1.0058
1.0944
1.1726
1.2513
1.3631
1.4428
1.5231
1.6149
1.7405
1.8227
1.961
2.0225
1.9954
1.8789
1.7056
1.4976
1.3109
1.225
1.1841
1.1887
1.2049
1.256
1.296
1.3249
1.3774
1.3719
1.3665
1.3493
1.3796
1.4222
1.4294
1.4246
1.4199
1.4031
1.5088
1.6651
1.8232
1.8585
1.7438
1.4259
1.0155
0.65125
0.46251
0.36195
0.3512
0.44506
0.52695
0.62317
0.70733
0.76574
0.82496
0.88498
1.0281
1.0904
1.1257
1.0216
0.90198
0.62451
0.38596
0.14398
-0.10151
-0.36518
-0.52971
-0.57808
-0.65702
-0.67694
-0.7123
-0.7787
-0.90762
-1.023
-1.14
-1.1958
-1.1573
-1.0703
-0.98184
-0.98931
-1.0295
-1.1032
-1.1946
-1.304
-1.3812
-1.3917
-1.5219
-1.499
-1.5103
-1.609
-1.6563
-1.7574
-1.8241
-1.7475
-1.5063
-1.2613
-0.88382
-0.53783
-0.28018
-0.11287
-0.037888
0.13354
0.19209
0.29011
0.17525
0.21564
0.13814
0.15891
0.15995
0.12073
-0.02025
-0.081508
0.041006
0.20628
0.29052
0.37573
0.41991
0.40119
0.23357
0.19216
0.085865
0.1079
0.17354
0.21803
0.15338
0.088071
-0.022122
-0.22225
-0.31255
-0.4709
-0.54047
-0.76886
-1.0444
-1.3221
-1.6932
-1.8831
-1.7976
-1.6419
-1.6009
-1.4896
-1.5175
-1.4752
-1.4558
-1.4832
-1.7231
-2.0348
-2.2292
-2.2578
-2.3101
-2.2906
-2.0318
-1.8676
-1.6547
-1.3688
-1.2985
-1.1315
-1.1327
-1.0131
-0.89327
-0.7731
-0.60434
-0.74973
-0.72581
-0.70179
-0.53246
-0.45986
-0.21781
-0.29036
-0.26609
-0.31434
-0.26585
-0.14492
-0.048274
0.12059
0.21687
0.12037
0.048095
-0.14412
-0.16793
-0.35938
-0.55028
-0.6928
-0.9541
-1.1907
-1.2362
-1.1866
-1.2318
-1.2294
-1.109
-0.94196
-0.96351
-0.98491
-1.1232
-1.214
-1.188
-0.99931
-0.78829
-0.60136
-0.36917
-0.18413
0.045917
0.43511
0.89085
1.2531
1.4089
1.4279
1.4242
1.3979
1.3941
1.3456
1.3868
1.4054
1.4906
1.5088
1.4163
1.5229
1.695
1.8443
1.9271
1.8784
1.5904
1.1952
0.802
0.43244
0.17255
-0.086064
-0.23611
-0.27838
-0.38456
-0.44763
-0.55296
-0.63664
-0.65645
-0.65507
-0.73808
-0.84184
-0.90323
-0.7967
-0.79525
-0.79385
-0.77165
-0.62464
-0.51971
-0.41515
-0.18655
0
0.31009
0.64008
0.86622
0.98891
1.1114
1.2132
1.2739
1.3551
1.3952
1.4149
1.3937
1.4342
1.5157
1.6177
1.8427
2.0064
2.1089
2.0478
1.9869
1.8441
1.5374
1.2306
1.0672
0.96528
0.98663
1.1933
1.3181
1.4433
1.5483
1.571
1.5112
1.2232
1.1629
1.165
1.1671
1.2738
1.2973
1.1953
0.92475
0.71627
0.42237
0.084692
-0.14861
-0.38319
-0.70454
-0.89936
-1.031
-1.1205
-1.1674
-1.2147
-1.1537
-1.2889
-1.1621
-1.1665
-1.0384
-0.88729
-0.82408
-0.73806
-0.8535
-0.9249
-0.86103
-0.81941
-0.77747
-0.75816
-0.55404
-0.34797
-0.11656
0.16402
0.28261
0.30776
0.49978
0.57424
0.55331
0.36284
0.26757
0.073386
-0.17221
-0.42065
-0.6471
-0.701
-0.85628
-0.96278
-1.0961
-1.2054
-1.3418
-1.48
-1.6983
-1.7878
-1.7727
-1.7307
-1.8222
-1.807
-2.0086
-1.885
-1.8148
-1.6883
-1.8943
-2.1871
-2.0321
-1.7613
-1.2582
-0.92103
-0.57942
-0.1458
0.14675
0.44314
0.71363
1.0175
1.2349
1.1822
1.1593
1.136
1.2976
1.4612
1.6893
1.6998
1.8369
1.8799
2.0194
2.0637
2.0758
2.0226
1.8374
1.7818
1.2609
0.76735
0.50316
0.53956
0.67797
0.61331
0.51366
0.41296
0.17289
0.17371
0.27921
0.38564
0.73944
0.8133
0.67463
0.53473
0.32208
-0.03592
-0.4326
-0.5788
-0.58072
-0.40052
-0.29217
-0.073254
0.036728
0.036823
0.29531
0.14799
0.074155
-0.2229
-0.55828
-0.59649
-0.7094
-0.44864
-0.26202
0.11241
0.30001
0.4128
0.67585
0.71365
0.52595
0.075137
-0.33807
-0.56327
-0.48794
-0.45011
-0.5247
-0.52419
-0.63579
-0.59761
-0.8205
-0.93086
-1.1522
-1.2983
-1.2955
-1.3665
-1.4736
-1.6903
-1.6123
-1.6442
-1.3842
-1.0167
-0.61519
-0.72121
-0.64673
-0.85904
-0.92697
-0.92321
-0.81326
-0.95056
-1.0865
-1.3607
-1.4932
-1.7624
-1.8225
-1.608
-1.2934
-0.98183
-0.43777
-0.10047
0.43294
0.79474
1.284
1.5384
1.6594
1.4877
1.1893
0.70282
0.38097
0.34703
0.18808
0.15573
0.18567
0.18446
0.24434
0.30341
0.24111
0.11975
0
-0.029537
-0.11735
-0.029139
0.057884
0.51741
0.91359
1.1909
1.2955
1.2867
1.2224
1.0485
0.95923
0.57166
0.4867
0.34915
0.26679
0.15901
-0.13164
-0.18308
-0.38977
-0.54215
-0.69258
-1.096
-1.3677
-1.6108
-1.5008
-1.3673
-1.2108
-1.2036
-1.172
-1.1895
-1.0861
-0.88794
-0.69207
-0.52213
-0.5193
-0.42262
-0.44376
-0.27883
0
0.25305
0.43496
0.52404
0.56696
0.58697
0.8316
1.0294
1.0251
0.99867
0.92837
0.9688
1.0529
1.3113
1.4809
1.6495
1.644
1.6819
1.5693
1.5432
1.6457
1.7052
1.722
1.6753
1.6502
1.6888
1.8116
1.8501
1.9095
1.8224
1.8403
1.9211
1.835
1.6661
1.5393
1.413
1.1834
0.97496
0.74626
0.6008
0.49698
0.51751
0.64155
0.62077
0.55867
0.47594
0.28976
0.51757
0.66275
0.80811
0.70492
0.56018
0.60214
0.64423
0.79046
1.0412
1.2717
1.5028
1.6302
1.6744
1.6349
1.5954
1.4929
1.3691
1.0972
1.0146
0.84714
0.78514
0.68041
0.72444
0.81139
0.85596
0.90076
0.83832
0.60327
0.17277
-0.23813
-0.73781
-1.0442
-1.1994
-1.3336
-1.4247
-1.5382
-1.6082
-1.7449
-1.9044
-1.976
-1.9143
-1.7408
-1.5663
-1.4133
-1.237
-1.0598
-0.79124
-0.36262
0.13632
0.47832
0.82199
0.86976
0.89478
0.96587
0.89895
0.69307
0.37046
0.25524
0.046506
0
-0.16343
-0.49125
-0.60935
-0.65741
-0.56448
-0.68321
-0.84948
-0.99257
-1.0413
-1.0664
-0.97289
-0.78399
-0.5708
-0.38092
-0.11915
0.21464
0.33414
0.35823
0.16727
-0.16734
-0.57393
-0.90894
-1.0765
-1.4115
-1.4353
-1.459
-1.2672
-1.1472
-1.1467
-1.3369
-1.5507
-1.4064
-1.286
-1.1181
-1.0693
-0.92552
-0.82944
-0.87552
-0.89774
-0.99054
-1.0594
-1.2218
-1.1255
-1.0997
-0.98048
-0.72198
-0.62727
-0.30125
-0.069333
0.16133
0.29875
0.43534
0.66244
0.75143
0.749
0.63339
0.7214
0.76379
0.91773
1.1151
1.1997
1.0623
0.6834
0.35131
0.065604
-0.043555
-0.1518
-0.21593
-0.172
-0.042811
0.25572
0.55157
0.69687
0.86182
0.94149
0.74965
0.60102
0.41251
0.26684
0.24512
0.28457
0.40454
0.40253
0.54072
0.45832
0.39654
0.33536
0.47107
0.44916
0.3886
0.23198
-0.019234
-0.2105
-0.57118
-0.9282
-1.1874
-1.4626
-1.5859
-1.8378
-2.0318
-2.1871
-2.1762
-2.2746
-2.2996
-2.3604
-2.4028
-2.3376
-2.2021
-1.9265
-1.8118
-1.6632
-1.6032
-1.5785
-1.6403
-1.7876
-1.8823
-2.0273
-2.0184
-1.9252
-1.7825
-1.6243
-1.384
-1.1126
-0.90966
-0.75777
-0.032817
