-1.2403
-1.4747
-1.6085
-1.5412
-1.5074
-1.5741
-1.5738
-1.7744
-1.9414
-2.2423
-2.4426
-2.7433
-3.0103
-2.876
-2.7083
-2.6075
-2.4733
-2.4061
-2.4724
-2.639
-2.6385
-2.5045
-2.2703
-2.0362
-1.7021
-1.5683
-1.2678
-0.90061
-0.83374
-1.0336
-1.0668
-1.1333
-1.2664
-1.5327
-1.3991
-1.4655
-1.4985
-1.3651
-1.0652
-1.1316
-0.99827
-1.0314
-0.59874
-0.73166
-0.73153
-0.79788
-1.1301
-1.1964
-1.0633
-1.0963
-1.0961
-0.96304
-0.79685
-1.1619
-1.3608
-1.6924
-1.3603
-1.4264
-1.0613
-0.82898
-0.76252
-0.66294
-0.8948
-1.0272
-1.1595
-0.59621
-0.29805
0
0
0.033098
-0.099276
-0.52938
-0.59544
-0.66148
-0.56215
-0.4298
-0.39667
-0.66099
-0.82609
-0.72682
-0.75972
-0.82563
-1.0566
-0.99039
-0.89119
-0.89103
-0.56091
-0.2969
-0.32983
-0.46168
-0.26377
-0.19779
0.032959
0.032953
0.065894
0.032941
0.065869
0.13171
-0.16461
-0.36208
-0.2962
-0.23033
-0.1316
-0.29604
-0.032887
-0.032881
0
-0.13148
-0.32863
-0.26286
-0.26281
-0.032845
-0.032839
-0.13133
-0.22979
-0.59079
-0.65631
-0.62338
-0.32804
-0.39357
-0.32792
-0.26229
0
-0.032774
0.098305
-0.032763
-0.065513
-0.36026
-0.6549
-0.91669
-1.1457
-0.9491
-0.81804
-0.94876
-1.0794
-1.0792
-0.91555
-0.81731
-0.78448
-1.0131
-1.1763
-1.0128
-0.75126
-0.48987
-0.58774
-0.4897
-0.45697
-0.71797
-1.0115
-1.0766
-1.0764
-0.75008
-0.48909
-0.2608
-0.16297
-0.16295
0
-0.065156
-0.16286
-0.22797
-0.48841
-0.6511
-0.74864
-0.78106
-0.78092
-0.71572
-0.61802
-0.39026
-0.68284
-0.74774
-0.71511
-0.84498
-0.97481
-1.1371
-1.1694
-1.364
-1.2664
-1.0389
-0.77905
-0.29209
-0.1947
-0.35688
-0.68121
-0.68109
-0.68098
-0.51875
-0.51867
-0.68063
-0.97217
-1.1988
-1.231
-1.2632
-1.2306
-0.97136
-0.93883
-1.0034
-1.068
-1.1325
-0.8735
-0.45285
-0.25873
0.097008
0.38797
0.42023
0.54944
0.42009
0.48464
0.48456
0.61368
0.41982
-0.064577
-0.64566
-1.3234
-1.6459
-1.6456
-1.4195
-1.258
-1.1933
-1.0319
-0.96725
-0.96709
-0.80578
-0.58007
-0.83775
-0.83762
-0.77306
-0.51529
-0.35421
-0.32196
-0.19314
-0.12874
0.12872
0.32176
0.57907
0.54681
0.70753
1.2862
1.286
1.4787
1.5106
1.7032
1.8636
2.0882
2.1842
2.4087
2.5368
2.729
2.8249
2.664
2.6315
2.3102
2.0853
1.668
1.3791
1.1865
0.67332
0.57704
0.51285
0.51278
0.67292
0.83301
0.64069
0.41638
0.2562
0.44828
0.4162
0.41614
0.064013
-0.35202
-0.63994
-0.54387
-0.47982
-0.35182
-0.25583
-0.031974
0.063939
-0.031965
-0.095881
-0.31956
-0.67098
-0.83062
-0.63885
-0.47907
-0.15967
0.15965
0.3831
0.51072
0.57448
0.67014
0.4467
0.57425
0.54227
0.57409
0.41456
0.2232
0.19129
-0.19126
-0.28685
-0.41428
-0.73287
-0.86021
-0.82824
-0.31851
-0.095541
0.095528
0.22287
0.063669
-0.03183
0.031826
0
-0.095453
-0.12725
-0.25448
-0.34986
-0.50882
-0.82673
-0.79483
-0.82652
-0.57214
-0.19069
-0.063555
-0.09532
-0.25416
-0.41295
-0.66699
-0.60339
-0.53981
-0.60325
-0.85714
-0.92052
-1.2061
-1.2694
-1.5865
-1.5546
-1.4275
-1.5542
-1.3638
-1.5222
-1.4903
-1.5852
-1.2997
-1.2045
-1.236
-1.2359
-1.3942
-1.5207
-1.3939
-1.1403
-0.82345
-0.69669
-0.63328
-0.34827
-0.12663
-0.09496
0.03165
0.094939
0.443
0.60115
0.4429
0.031633
-0.094887
0.15813
0.44271
0.664
0.79039
1.0432
1.0431
1.201
1.2957
1.3904
1.4534
1.6744
1.5795
1.3582
0.85273
0.75791
0.50522
0.37888
0.44198
0.4735
0.37876
0.1578
0.18934
-0.063109
-0.25241
-0.34703
-0.47318
-0.75701
-0.85156
-0.94608
-1.1037
-1.1351
-1.1665
-1.2294
-1.5445
-1.8596
-1.8594
-1.6702
-1.0083
-0.22055
0.34655
0.28351
0.34648
0.34645
0.69285
0.88173
1.165
1.1964
1.2278
1.3851
1.385
1.2275
1.2274
1.5105
1.7621
2.1395
2.3596
2.4852
2.5165
2.4219
2.2645
1.824
1.5094
1.2263
0.97468
0.88029
0.62873
0.84872
0.75436
0.84859
0.84853
0.75419
0.59702
0.6284
0.62835
0.47123
0.7225
0.8481
1.0051
1.005
0.91073
0.72225
0.3454
0.28258
0.12558
0.15697
0.062783
0.03139
0.031388
0.12554
0.3766
0.69039
0.72173
0.53342
0.21963
0
-0.18823
-0.37644
-0.15684
-0.25093
-0.37637
-0.21954
-0.37633
-0.47038
-0.878
-1.3483
-1.7872
-2.226
-2.4453
-2.6646
-3.0093
-3.2912
-3.4791
-3.855
-4.1369
-4.2621
-4.2305
-4.293
-3.9481
-3.5406
-3.2898
-3.2269
-3.2581
-3.2893
-3.0385
-3.1324
-3.1949
-3.32
-3.1633
-2.85
-2.9125
-3.1002
-3.0688
-2.9747
-2.9746
-2.9745
-2.9744
-2.5986
-2.2541
-1.9097
-1.9096
-2.066
-2.0034
-1.7842
-1.2833
-1.252
-1.158
-1.2206
-1.2206
-1.0953
-0.84494
-0.62586
-0.46938
-0.12517
-0.18774
-0.50063
-0.8448
-1.0325
-1.0638
-1.1889
-0.96985
-0.87597
-0.87595
-1.0011
-0.96976
-0.75076
-0.46922
-0.21896
-0.21896
-0.031279
0.18767
0.78195
0.9696
1.1572
1.4074
1.4387
1.6889
1.5012
1.6263
1.6575
1.4386
1.2822
1.3447
1.0633
1.0945
0.90688
0.62543
0.40652
0.59414
0.78176
0.96938
1.1257
1.2508
1.1257
1.1882
1.3758
1.4384
1.4071
1.3758
1.7823
1.8449
2.0325
2.1575
2.0637
2.0325
2.0325
2.1575
2.2514
2.3139
2.4077
2.2514
1.7824
1.3759
1.157
0.96937
0.87556
1.0319
1.0007
0.81304
0.46907
0.31271
-0.031272
0.062544
0.062545
0.093819
0.031273
0.34401
0.90695
1.251
1.7201
1.9704
2.3457
2.377
2.3145
2.0331
1.5952
1.0635
0.81327
0.40664
0.40665
0.56307
0.62565
0.71951
0.81338
0.90725
0.84471
0.96987
1.095
1.2828
1.1264
1.0013
1.0952
1.0013
0.8136
0.56328
0.062589
-0.25036
-0.56333
-0.50076
-0.62597
-0.56339
-0.71991
-0.93905
-1.3147
-1.7217
-2.0035
-2.348
-2.3794
-2.1603
-1.8473
-1.4403
-0.84543
-0.18788
0.18789
0.40711
0.75162
0.84561
0.78301
0.78305
0.59514
0.2506
-0.31326
-0.68921
-0.68924
-0.78327
-0.59531
-0.59534
-0.65804
-0.75209
-0.84614
-1.1596
-1.3164
-1.2537
-1.0031
-0.68963
-0.59563
-0.34486
-0.59569
-0.7525
-0.87797
-0.97209
-0.72127
-0.37634
0
0.06273
-0.031367
-0.062738
-0.25097
-0.37648
-0.69025
-0.53341
-0.62758
-0.69039
-0.84735
-0.78463
-0.72191
-0.75335
-0.62784
-1.0046
-0.91049
-0.84776
-0.78501
-0.65946
-0.40827
-0.31407
-0.56537
-0.62824
-0.59687
-0.43983
-0.53413
-0.91122
-1.0684
-1.4142
-1.4457
-1.603
-1.5088
-1.6976
-1.8549
-1.8865
-1.9181
-1.9497
-2.0128
-2.1387
-2.2962
-2.0762
-1.982
-1.9192
-1.9194
-2.0769
-2.2974
-2.6438
-2.8644
-3.022
-3.2741
-3.2744
-3.0858
-2.8657
-2.614
-2.2993
-1.827
-1.7956
-1.9218
-1.859
-1.9222
-2.08
-2.1432
-2.238
-2.0491
-1.5133
-0.97744
-0.3784
-0.37844
-0.34694
-0.53623
-0.56783
-0.56789
-0.56795
-0.66268
-0.97834
-1.2625
-1.5783
-1.7679
-1.8628
-1.8314
-1.9264
-1.8318
-1.99
-2.085
-2.3379
-2.117
-1.5484
-1.201
-0.7902
-0.56901
-0.22131
-0.031619
0.063245
0.31626
0.15815
0.094901
-0.063275
-0.18985
-0.34809
-0.37978
-0.25322
-0.094969
-0.03166
0.094992
-0.095004
-0.47508
-0.57016
-0.57023
-0.69704
-0.98232
-1.236
-1.2995
-1.3948
-1.2681
-1.3317
-1.3636
-1.3321
-1.015
-0.60276
-0.50766
-0.22213
-0.19042
-0.15871
-0.28571
-0.3175
-0.28578
-0.50813
-0.66701
-0.953
-1.112
-1.1439
-1.0487
-1.2078
-1.4305
-1.3353
-1.2719
-1.2403
-1.0496
-0.92252
-0.95447
-1.1137
-1.1457
-1.2095
-1.4325
-1.5283
-1.5922
-1.4332
-1.4015
-1.3062
-1.3382
-1.3384
-1.1474
-1.02
-1.0521
-0.95658
-0.89294
-0.7655
-0.66991
-0.35096
0.19146
0.31915
0.67032
0.83005
0.86211
0.31935
-0.12776
-0.54307
-0.5751
-0.60715
-0.60725
-0.8311
-1.1829
-1.4389
-1.631
-1.8552
-1.7275
-1.6318
-1.4401
-1.2163
-0.83232
-0.32017
-0.096068
0.38434
0.7688
0.89708
1.0895
1.1538
1.3142
1.1862
1.1544
1.0263
0.70569
0.16041
-0.12835
-0.35303
-0.60988
-0.70629
-0.67431
-0.61019
-0.6103
-0.41765
-0.32132
-0.12855
0.064287
0.51439
0.86819
0.99699
0.99717
0.99735
0.86881
0.74023
0.67599
0.41854
0.16101
0.064415
0.032213
-0.1611
-0.032225
-0.096693
-0.22566
0
0.32249
0.70961
0.87105
1.2261
1.5814
1.969
2.1631
2.2281
2.2608
2.0351
2.1648
2.1329
2.0686
1.9074
1.7461
1.7141
1.7467
1.7147
1.618
1.2946
1.133
1.0361
0.80963
0.42109
0.32398
0.12962
-0.16205
-0.42142
-0.61605
-0.81075
-1.1353
-1.2977
-1.59
-1.5579
-0.94142
-0.064939
0.74695
1.1044
1.2671
0.97488
0.78006
0.45513
0.29264
0.097568
0.065059
0.29282
0.39051
0.42314
0.13023
0.097689
-0.13028
-0.45607
-0.68426
-1.5643
-2.0862
-2.5105
-2.6415
-2.8378
-3.1973
-3.5569
-3.884
-4.146
-4.0163
-3.6579
-3.2994
-2.9733
-2.4838
-2.092
-1.929
-1.7986
-1.7336
-1.734
-1.6362
-1.6693
-1.8006
-2.0302
-2.1617
-1.9328
-1.8677
-1.7698
-1.4752
-1.4099
-1.3774
-1.1481
-1.0828
-1.2471
-1.313
-1.5432
-1.5107
-1.5767
-1.5771
-1.7089
-1.8407
-1.611
-1.3483
-1.0855
-1.0528
-0.69106
-0.26332
0.23046
0.49395
0.75757
0.69185
0.39544
0.39553
0.19781
0.032976
0.065967
0.032991
-0.165
-0.39608
-0.59426
-0.85858
-1.123
-1.0572
-0.727
-0.39664
-0.39673
-0.33069
-0.33077
-0.36393
-0.39711
-0.3972
-0.76149
-0.76167
-0.9606
-1.2921
-1.6901
-1.9889
-2.0225
-2.0562
-1.7913
-1.3936
-1.0288
-1.0291
-1.1621
-1.0628
-0.9966
-0.83071
-0.7312
-0.86436
-0.6318
-0.13304
0.39923
0.73209
0.69899
0.66587
0.46622
0.19986
0.13327
0.033326
0.066669
0.10003
0.23346
0.36695
0.13347
0.10013
-0.36723
-0.36732
-0.53442
-0.7016
-0.83544
-1.2033
-1.4711
-1.6721
-1.6726
-1.7399
-1.6734
-2.0086
-2.0091
-1.9426
-1.7421
-1.8766
-2.0782
-2.1458
-2.3475
-2.3817
-2.2816
-2.1815
-2.1485
-1.914
-1.6458
-1.6126
-1.6466
-1.6135
-1.4794
-1.1771
-1.0092
-0.90851
-0.9424
-0.67332
-0.50512
-0.16842
-0.13477
-0.33701
-0.3371
-0.47206
-0.60709
-0.43857
-0.20247
-0.23627
-0.16881
-0.2364
-0.37158
-0.6082
-0.94634
-1.1494
-1.4203
-1.3868
-1.218
-1.083
-0.91398
-0.98194
-1.0161
-1.389
-1.3216
-1.4575
-1.3901
-0.9835
-0.40708
-0.033932
-0.1697
-0.2037
-0.67918
-0.8492
-1.1212
-1.0536
-1.0199
-1.2242
-1.1905
-1.1908
-1.021
-1.1914
-1.0896
-1.2261
-0.95391
-0.71563
-0.71582
-0.75011
-0.98904
-0.9552
-1.0919
-1.1264
-1.1267
-1.1953
-1.1956
-0.99092
-0.51268
-0.34188
-0.30778
-0.10262
-0.068432
-0.1369
-0.13694
-0.13698
-0.41104
-0.51394
-0.44553
-0.44565
-0.44578
-0.5488
-0.10293
0.10296
0.20597
0.44639
0.34347
0.10307
0.20619
0.55
0.96276
1.2382
1.4105
0.99797
0.6196
0.30988
0.20665
0.034451
-0.10338
0.034469
-0.068958
-0.10347
-0.034498
0.24155
0.27614
0.31074
0.10361
0
-0.06911
-0.17282
-0.31117
-0.51876
-0.44971
-0.069206
0.13845
0.45009
1.0736
1.1778
1.1435
0.93583
0.97076
1.0057
1.0754
1.1798
1.5272
1.6665
2.0489
2.3274
2.5018
2.5372
2.6075
2.33
1.9132
1.4962
1.427
1.497
1.7761
1.8114
1.8467
1.5684
1.4991
1.7785
1.4302
1.5004
1.1867
1.1521
0.97781
0.97808
1.188
0.90872
0.94394
0.76935
0.6996
0.27992
0.175
0.28008
0.1751
0.31526
0.35039
0.28039
0.035058
-0.035068
-0.45601
-0.87719
-0.91253
-0.77236
-0.66722
-0.63228
-0.77301
-1.0895
-1.3008
-1.4418
-1.3719
-1.6185
-1.8654
-1.8307
-1.6903
-1.5499
-1.6208
-1.6213
-1.6217
-1.5164
-1.5873
-1.9053
-2.1882
-2.436
-2.4366
-2.4373
-2.3673
-2.0499
-1.5909
-1.6267
-1.521
-1.4153
-1.1326
-0.95586
-0.84989
-0.88555
-0.92123
-0.74428
-0.49632
-0.60284
-0.53207
-0.46125
-0.46138
-0.28401
-0.14204
-0.071041
-0.24871
-0.14216
0.03555
0.10668
0.10671
0.3558
0.24913
0.56959
0.49853
0.64115
0.39192
-0.035639
-0.1426
-0.10698
-0.10701
0.10704
0.39257
0.49977
0.17854
0.071436
-0.42873
-0.60754
-0.6792
-0.7509
-0.50074
-0.75132
-0.78731
-1.1455
-1.3606
-1.3252
-0.96731
-0.8959
-0.93199
-0.96811
-0.75318
-0.78926
-0.78948
-0.7179
-0.89762
-1.0056
-1.0777
-1.2218
-1.258
-1.6179
-1.2947
-1.367
-1.2954
-1.2598
-1.3321
-1.2244
-0.90057
-0.68462
-0.82897
-0.97341
-1.1179
-1.1904
-1.1185
-0.97446
-0.93862
-1.1917
-1.3365
-1.2284
-1.2649
-1.2652
-1.1933
-1.0851
-0.8683
-0.6514
-0.18099
-0.14483
-0.10865
0.14491
0.68851
1.0874
1.3052
1.4507
1.4873
1.4514
1.2341
0.98024
0.61735
0.36325
0.109
0.3271
0.43624
0.6909
0.4001
-0.072765
-0.32753
-0.43682
-0.3277
-0.21853
0
-0.14576
-0.25515
-0.72919
-0.51057
-0.58366
-0.36488
-0.072996
0.10952
0.2191
0.25569
0.32883
-0.036546
-0.18278
-0.18282
-0.18287
0.036584
0.073187
-0.10981
-0.84209
-1.0987
-1.0623
-0.95266
-0.76966
-0.62322
-0.18335
-0.25675
-0.33019
-0.47707
-0.73414
-0.84448
-0.73452
-0.18368
0.11023
0.25728
0.11029
0.11032
-0.073564
0.036792
0.1472
0.11043
0.11046
0.073658
0.18419
0.40532
0.88456
0.95852
0.99564
0.62704
0.55341
0.18452
-0.11074
-0.36922
-0.11079
0.07388
0.1478
0.33263
0.14787
0.036977
-0.073972
-0.036995
0.18502
0.11104
0.25916
0.25922
0.1852
0.25935
0.11118
-0.18534
-0.29662
-0.2596
-0.11129
-0.29684
-0.48248
-0.70533
-1.0397
-1.3371
-1.3374
-1.4492
-1.2637
-1.0409
-1.0412
-1.0042
-0.85568
-0.18606
0
0.44676
0.44687
0.37248
0.2608
0.29812
0.11182
-0.18642
-0.29834
-0.1119
0
0.26123
0.52258
1.1574
1.2324
1.2327
0.89669
0.71005
0.22428
0.074777
-0.11219
-0.37406
-0.48639
-0.59877
-0.48661
-0.59904
-0.52428
-0.67423
-0.52452
-0.41222
-0.074966
0
-0.1875
-0.037509
-0.2251
-0.3002
-0.26274
-0.11263
-0.037551
-0.33803
-0.71379
-0.82668
-0.9772
-1.015
-1.128
-0.82741
-0.75236
-0.7149
-0.8656
-0.90343
-1.0166
-1.0545
-1.1677
-1.4694
-1.4697
-1.6585
-1.6965
-1.5084
-1.2447
-1.0186
-0.98107
-1.0568
-1.208
-1.4725
-1.6239
-1.4354
-1.6624
-1.4738
-1.5875
-1.6257
-1.7016
-1.6263
-1.5132
-1.4378
-1.3624
-1.2492
-1.0223
-1.2118
-1.3257
-1.7427
-1.8189
-1.4781
-1.251
-0.83416
-0.68263
-0.30346
0.15176
0.45537
0.64524
0.91111
1.0252
1.1014
0.94964
0.68388
0.26601
0.11403
0.038016
0.076047
0.15212
0.6847
0.87506
0.76108
0.4948
0.41876
0.38076
0.038084
-0.11427
-0.38098
-0.72401
-0.91471
-0.87677
-1.0294
-1.1441
-0.87727
-0.99189
-0.99208
-0.99227
-0.8016
-0.76357
-1.0692
-1.2604
-1.337
-1.6429
-1.7579
-1.7964
-2.1026
-2.2559
-2.0269
-1.6447
-1.186
-0.72701
-0.68887
-0.88038
-0.88054
-1.0339
-1.2255
-1.8003
-2.2604
-2.6823
-2.9894
-3.3732
-3.4889
-3.7962
-3.8353
-3.6825
-3.1077
-2.5326
-2.1109
-1.689
-1.7277
-1.8432
-1.5746
-1.0756
-0.8068
-0.53796
-0.26902
-0.11532
-0.19223
-0.11535
-0.11537
-0.26925
-0.23082
-0.23086
-0.076967
-0.23094
0
-0.42353
-0.80868
-1.271
-1.5794
-1.7723
-1.734
-1.2333
-0.57819
-0.61684
-0.69405
-0.50134
-0.50142
-0.19288
-0.038583
-0.038589
-0.30876
-0.54041
-0.6177
-0.65641
-0.65651
-0.46349
-0.34767
-0.077272
0
0.11594
-0.11596
-0.11598
-0.15466
-0.19335
-0.38676
-0.34814
-0.3095
-0.54171
-0.46439
-0.077409
0.15484
0.54202
0.58082
0.65836
0.42606
0.3099
0.42618
0.73623
0.96885
1.124
1.1629
0.73664
0.34898
0.27147
0.15514
0
0.11639
0.038802
-0.15523
-0.077625
0.2329
0.31058
0.23297
0.19416
0.3107
0.31074
0.34963
0.23312
0.23315
-0.038863
0.077736
-0.23324
0
0.038883
0.23332
0.42781
0.31118
0.54463
0.38907
0.27238
0.42808
0.077841
-0.11678
0.15572
0.19467
0.27258
0.27261
0.38948
0.54534
0.42853
0.15585
0
0.42868
0.74053
0.81857
1.0526
1.2086
1.5987
1.9889
2.1451
1.9503
1.8725
1.8727
1.6388
1.9121
2.0684
2.2248
2.0298
1.7568
1.4446
0.89808
0.1562
-0.3515
-0.70306
-0.93751
-0.85947
-1.094
-1.055
-1.0942
-1.0552
-1.2898
-1.4072
-0.93825
-0.66466
-0.58652
-0.62568
-0.58663
-0.43024
-0.50851
-0.11736
-0.19562
-0.11738
-0.19565
-0.039134
-0.19569
-0.39141
-0.82203
-0.90039
-1.3703
-1.4096
-1.0573
-0.82238
-0.23499
0.078335
0.50922
0.54844
0.58766
0.90115
1.0188
1.1364
1.1757
1.0582
0.90151
0.78398
0.66644
0.15682
-0.039208
-0.47053
-0.66664
-0.94121
-1.0197
-1.059
-1.216
-1.1768
-1.02
-0.90238
-0.66702
-0.66707
-0.39242
-0.27471
-0.039247
0.19625
0.27477
0.07851
0.23555
-0.078521
0.11779
0.27486
0.58902
1.1388
0.98181
1.0211
0.8641
0.78559
0.54995
0.39284
0.27501
0.27502
0.35362
0.39293
0.27507
0.27508
0.5109
0.82534
0.66817
0.58959
0.74685
0.94344
1.0221
1.0222
0.747
0.55045
0.62912
0.78643
0.51121
0.58988
0.27529
0.51128
0.47197
0.35399
0.31467
-0.35402
-0.78675
-1.1015
-1.3769
-1.259
-1.2197
-0.94429
-1.1804
-1.3378
-1.3379
-1.3773
-1.2199
-1.1413
-1.1413
-1.3775
-1.4956
-1.4957
-1.6138
-1.3777
-0.98409
-1.0628
-0.90542
-1.2991
-1.1417
-1.5748
-1.7717
-2.4017
-2.6773
-3.0318
-3.0712
-2.9532
-3.2683
-3.1502
-2.7959
-2.2052
-1.9296
-1.5752
-1.4178
-1.2209
-0.94521
-0.512
-0.43324
-0.39386
-0.23632
-0.27571
-0.3151
-0.31511
-0.51206
-1.0635
-1.4968
-1.4968
-1.3787
-1.4181
-1.4575
-1.4181
-1.5363
-1.5757
-1.497
-1.3788
-1.4182
-1.8122
-1.8122
-1.891
-1.9698
-2.2062
-2.6001
-2.8759
-2.8365
-2.482
-2.482
-2.088
-1.8123
-1.6153
-1.8123
-2.1274
-1.9698
-1.891
-1.7335
-1.4971
-1.4971
-1.5365
-1.4183
-1.4971
-1.5364
-1.3788
-1.1425
-1.0637
-1.0243
-0.98487
-0.86667
-0.6697
-0.6303
-0.5515
-0.59089
-0.70906
-0.51209
-0.4333
-0.55147
-0.86659
-0.98474
-0.86656
-0.98472
-1.1816
-1.3392
-1.5755
-1.4179
-0.94525
-0.47262
-0.19692
0.039383
0.27568
0.51196
0.66947
0.66946
0.31503
0.15751
0.15751
0.11813
0.4725
0.47249
0.66935
0.78745
0.62994
0.74804
0.59054
0.51179
0.66924
1.0629
1.2203
1.1809
0.70852
0.31489
-0.23616
-0.6691
-0.74779
-0.82648
-0.70839
-0.47224
-0.47222
-0.47221
-0.1574
0.11804
0.15739
0.15738
0.39344
0.86552
1.2196
1.2588
0.98343
0.51137
0.15734
0
0.039331
-0.039329
-0.15731
-0.19663
-0.43257
0.078645
0.27525
0.43251
-0.078634
-0.5111
-0.31451
-0.19656
-0.43241
-0.70754
-0.86473
-0.74678
-0.27511
-0.0786
-0.11789
-0.078592
0.35365
0.39292
0.35361
0.35359
0.15714
0.078568
0.078563
0
-0.31422
-0.98188
-1.3353
-1.2567
-0.94244
-0.66753
0
0
-0.27482
-0.58885
-0.66733
-0.66729
-0.7065
-0.43172
-0.47094
-0.039243
0.47088
1.0987
1.4517
1.687
1.9223
2.0006
2.0005
2.0003
1.9218
1.4118
1.098
0.86266
0.66656
0.62731
0.54885
0.58802
0.39198
0.31357
0.11758
-0.03919
-0.27431
-0.039185
-0.11755
-0.11754
-0.31341
-0.62677
-1.0184
-1.2534
-1.3708
-1.6448
-1.8404
-1.9578
-1.9576
-1.8792
-1.879
-1.7223
-1.7613
-1.9177
-1.6045
-1.4087
-1.213
-1.1737
-0.82155
-0.58678
-0.66496
-0.82135
-0.97772
-0.93853
-0.54743
-0.27369
-0.50824
-0.78185
-0.7036
-0.85989
-0.93798
-1.1724
-1.0941
-1.094
-1.0939
-0.85944
-0.93749
-1.0155
-1.1717
-0.62483
-0.35143
-0.3514
-0.27329
-0.46845
-0.74165
-0.66352
-0.78054
-0.70242
-0.46824
-0.35115
-0.27309
-0.19504
0.11702
0.50702
0.50697
0.46793
0.3899
-0.038987
-0.62373
-0.97448
-1.0913
-1.1302
-1.1301
-1.4806
-1.6363
-1.5583
-1.4412
-1.0127
-0.93468
-1.0514
-1.1292
-1.3237
-1.5961
-1.3624
-1.2066
-1.0119
-0.66153
-0.46691
-0.31124
-0.50572
-0.62236
-0.5834
-0.50556
-0.23331
0.077763
-0.038877
-0.31098
-0.19434
-0.15546
0.11658
0.11657
0.038852
0.077697
0.11653
0.50492
0.77671
0.97079
0.97068
1.087
0.85401
0.69866
0.7374
0.6209
0.54322
0.34918
0.077586
0.038789
0.15514
0.50414
0.73674
0.96929
0.62027
0.54268
0.11627
-0.19377
-0.3875
-0.96863
-1.1235
-0.77472
-0.42605
-0.30982
-0.5034
-0.73565
-0.81299
-0.85161
-0.92892
-0.69661
-0.89
-0.58037
-0.34818
-0.30946
-0.85091
-1.1602
-1.2761
-1.1986
-1.3144
-1.0437
-1.0049
-0.81155
-1.0047
-1.3136
-1.6612
-1.4678
-1.4676
-1.5447
-2.0465
-1.9304
-1.9302
-2.0457
-2.3928
-2.6627
-3.0096
-3.1635
-3.0088
-2.6999
-2.4296
-2.0052
-1.7736
-1.542
-1.7731
-2.0427
-2.3507
-2.3504
-2.0419
-1.6179
-1.5022
-1.1169
-0.96269
-0.69305
-0.84696
-0.84685
-0.57732
-0.57725
-0.38478
-0.50016
-0.42315
-0.34617
-0.38459
0
-0.1538
0.038444
0.11532
0.38434
0.038429
-0.038424
-0.30735
-0.49939
-0.61455
-0.42245
-0.2304
-0.23037
-0.076779
0.30707
0.46055
0.76748
1.036
1.1509
0.99734
0.65202
0.61358
0.23006
0.11502
-0.076668
-0.11499
-0.11497
0.076637
0.2682
0.38309
0.38303
0.65107
0.61269
0.22973
0.076566
-0.53589
-0.72718
-1.1863
-1.2627
-1.2625
-1.0711
-0.57371
-0.42066
-0.61179
-0.95579
-1.1086
-0.95554
-1.0318
-0.95528
-0.76412
-0.91682
-0.8403
-0.49648
-0.22911
-0.03818
0.038175
0.26719
0.38165
0.87767
1.1828
0.99187
0.83916
0.41952
0.076267
-0.076256
-0.19062
-0.15247
-0.22868
-0.19054
-0.26672
-0.30478
-0.76183
-1.1426
-1.3709
-1.485
-1.5609
-1.713
-1.6747
-2.055
-2.0927
-2.2446
-2.2824
-2.1299
-2.0536
-1.9012
-2.015
-1.9387
-1.7484
-1.6341
-1.4059
-0.79784
-0.5698
-0.53174
-0.6456
-0.41768
-0.34169
-0.34165
-0.11387
-0.2277
-0.22767
-0.53116
-0.49315
-0.49308
-0.45509
-0.22751
0.075827
0.15163
0.22742
0.11369
-0.18946
0.037887
0.22729
0.11363
0
-0.075732
-0.26503
-0.56783
-0.79486
-0.7569
-0.90816
-0.94587
-1.0971
-1.286
-1.5506
-1.5882
-1.3233
-1.0585
-0.90715
-0.90702
-0.64239
-0.52895
-0.33999
0.075543
0.15107
0.18881
0.3398
0.41526
0.33971
0.45288
0.37735
0.11319
0
-0.37719
-0.60343
-0.75418
-0.60326
-0.37699
-0.18847
-0.18844
-0.41451
-0.56517
-1.0172
-0.94169
-0.90389
-0.5272
-0.26356
0
-0.037641
-0.15055
-0.26342
-0.33863
-0.1881
-0.52662
-0.90265
-1.4666
-1.8424
-1.8797
-1.8419
-1.9168
-1.9166
-1.9163
-1.9536
-1.9533
-1.5775
-1.427
-1.4644
-1.3891
-1.464
-1.4638
-1.3885
-1.0882
-0.67533
-0.37513
-0.11252
0.63755
0.82495
1.1623
1.4245
1.2744
1.1618
0.93681
0.82428
0.56194
0.7866
0.97376
1.0485
1.0484
0.93593
1.0481
1.2351
1.0852
1.1599
0.74824
0.41148
0.29922
0.18699
0.074784
0.18694
-0.11215
-0.3364
-0.82219
-1.1584
-1.0088
-1.0087
-0.97117
-1.1204
-1.4564
-1.9042
-2.2026
-2.6503
-3.2471
-3.6945
-3.5074
-3.1339
-2.8724
-2.3125
-2.3495
-2.3865
-2.5726
-2.3859
-2.0128
-1.9007
-1.826
-2.012
-2.3098
-2.384
-2.123
-1.8993
-1.5267
-1.2659
-0.96789
-0.66999
-0.63269
-0.14885
0.18604
0.59524
0.85555
1.0042
0.74377
0.78086
1.041
0.96653
1.1151
1.0406
1.1148
1.0032
1.1517
1.3373
1.1885
0.96557
0.70552
0.6683
0.51973
0.40831
0.44537
0.11133
0.25973
0.3339
0.66772
0.74183
0.85299
1.1125
1.1494
1.3346
1.3715
1.1119
0.66707
0.22233
-0.18525
-0.66683
-0.77788
-0.51852
-0.18516
-0.40731
-0.66643
-1.0365
-1.2955
-1.1473
-0.96217
-0.81405
-0.88794
-0.92483
-1.1467
-1.3314
-1.5532
-1.4051
-1.368
-1.3678
-1.1828
-1.3305
-1.2934
-1.2933
-0.81281
-0.48024
-0.40631
-0.36933
-0.44315
-0.5908
-0.92302
-1.1813
-1.1443
-1.1072
-0.66427
-0.5904
-0.8117
-0.51648
-0.33199
0.18442
0.47943
0.84813
1.0324
1.1429
1.2533
1.6218
1.6585
1.8794
1.7318
1.8421
1.5472
1.3629
1.4732
1.1416
0.99422
0.81002
0.62586
0.6626
0.88337
1.3617
1.3616
1.0671
0.73583
0.18394
-0.073568
-0.22068
-0.25743
-0.29418
-0.11031
0.36765
0.80874
1.36
1.6539
1.911
1.8373
1.6167
1.1756
0.66123
-0.073463
-0.29382
-0.73448
-1.4321
-1.5054
-1.3951
-1.138
-0.91765
-0.80745
-0.73397
-0.7339
-1.1007
-1.174
-1.284
-1.1004
-0.84358
-0.91685
-1.0634
-1.21
-1.5032
-1.3931
-1.3196
-0.95298
-0.69634
-0.69628
-0.62293
-0.3664
-0.36636
-0.2198
-0.036629
-0.10988
-0.29298
-0.47605
-0.54924
-0.65903
-0.3661
0.036606
0.25622
0.183
0.32937
0.5855
0.80499
0.98785
1.1341
0.84136
0.3292
-0.10972
-0.58514
-1.0239
-1.3529
-1.2066
-1.0237
-0.84079
-0.58485
-0.40205
-0.21928
-0.073088
-0.29233
-0.62115
-0.87684
-0.76717
-0.91323
-1.2054
-1.3148
-1.0591
-0.76687
-0.73029
-0.32861
-0.10953
0.10952
0.25552
0.1825
-0.10949
-0.40144
-0.36492
-0.21894
-0.072973
0.036484
0.5837
0.76605
0.65657
0.40121
-0.36471
-1.1305
-1.6409
-1.8961
-2.2241
-2.3333
-2.2238
-2.0413
-1.6767
-1.4943
-1.1298
-1.1662
-1.239
-1.2753
-1.4574
-1.4209
-1.4936
-1.2385
-1.0563
-0.8013
-0.54631
-0.47343
-0.43699
-0.25489
0.036411
0.14564
0.47328
0.43685
0
-0.546
-0.72795
-0.54593
-0.29114
0.14556
0.14555
0.036386
-0.18192
-0.32744
-0.1819
-0.036378
0
0.25462
0.47283
0.69102
0.83646
0.69095
0.8
0.72723
0.79991
0.61808
0.21813
0.036354
-0.14541
-0.47255
-0.79966
-0.83596
-0.87227
-1.0539
-1.2356
-1.6353
-1.7442
-1.7441
-1.3443
-1.4896
-1.6349
-1.7438
-1.8527
-2.0705
-2.3247
-2.5062
-2.7603
-2.7965
-2.869
-3.0868
-3.3045
-3.3407
-3.159
-2.8684
-2.723
-2.5051
-2.2146
-2.1782
-2.2144
-2.2143
-2.4683
-2.5408
-2.7222
-2.9035
-3.1938
-3.0485
-2.9032
-3.012
-2.7578
-2.5037
-2.1045
-2.2133
-2.2495
-2.068
-1.7052
-1.0158
-0.76183
-0.39904
-0.32648
0.21764
0.68918
1.2695
1.5234
1.7047
1.5595
1.3782
1.1968
1.0517
0.94287
0.83406
0.90656
0.50766
-0.1813
-0.43511
-0.54388
-0.54386
-0.47134
-0.39881
-0.39881
-0.72508
-0.83383
-1.1963
-1.3051
-1.4863
-1.1963
-1.015
-1.0512
-1.1237
-1.5224
-1.8848
-2.1385
-2.2835
-2.4284
-2.5371
-2.4283
-2.5732
-2.7906
-3.0805
-3.008
-2.9717
-2.7542
-2.428
-2.0294
-2.0294
-1.9206
-1.7394
-1.5944
-1.2683
-1.1958
-1.0146
-1.0508
-1.0146
-0.83341
-0.79716
-0.54352
-0.25364
-0.54351
-0.97831
-1.2319
-1.0508
-0.97829
-0.57972
-0.43479
-0.32609
-0.39856
-0.36232
-0.47102
-0.36232
-0.25362
0.28985
0.54348
0.72464
0.76087
0.39855
-0.036232
-0.32609
-0.43478
-0.21739
-0.14493
-0.21739
-0.25363
-0.57972
-0.83335
-0.90581
-0.76089
-0.61596
0.036233
0.79713
1.1957
1.703
2.1378
2.1016
2.2828
2.1016
1.7393
1.1595
0.79719
1.0509
1.4857
1.6307
1.8119
1.7032
1.4495
1.3046
0.94223
0.39864
0.072481
0.072482
0.25369
0.32618
0.39867
0.39868
0.47117
0.43493
0.65241
0.79741
0.68868
0.43497
0.18124
-0.47123
-0.90623
-1.2688
-1.6313
-1.9938
-1.9939
-1.8852
-1.6677
-1.4865
-1.1602
-1.1602
-1.124
-0.83395
-0.87023
-0.76147
-0.72523
-0.50767
-0.43516
-0.5077
-0.61651
-0.72533
-0.90668
-0.65283
-0.29016
-0.18135
-0.10882
-0.10882
0.072548
-0.25393
-0.36276
-0.47161
-1.0884
-1.3061
-1.5601
-1.3424
-0.83452
-0.54427
-0.18143
-0.39916
-0.29031
0.10887
0.32662
0.43551
0.68959
1.0163
1.1978
1.3793
1.452
1.4158
1.4158
1.5248
1.7427
1.5249
1.1619
0.50835
0.25418
-0.21788
-0.4721
-0.39949
-0.79901
-0.69008
-0.47218
-0.39956
-0.36325
-0.072654
0.18164
0.65395
0.98097
1.4534
1.5624
1.2718
1.1265
1.2356
1.4174
1.6355
1.6719
1.4903
1.3086
1.3814
1.2724
0.87255
0.61809
0.65448
0.61816
0.36364
0.47276
0.47279
0.80015
0.98205
1.0549
0.83666
0.29103
0.10914
-0.50936
-0.80047
-1.0916
-0.98251
-1.0554
-0.90984
-0.65513
-0.54597
-0.61881
-0.47324
-0.36405
-0.5097
-0.43692
-0.14565
0.2549
0.36417
0.5827
0.80127
0.7649
0.54639
0.32786
-0.14572
-0.40077
-0.65585
-0.69233
-0.69238
-0.51021
-0.21868
0
0.18226
0.25518
0.10937
0
-0.036462
0.18232
0.072934
-0.14588
-0.21883
-0.10942
-0.072955
0.10944
0.40131
0.5108
0.72977
0.8393
0.87586
0.83943
0.51099
0.29202
0.14602
-0.073016
0.18255
0.10954
0.40168
0.76691
1.2052
1.4245
1.4246
1.3517
1.096
0.69421
0.54811
0.58469
0.32892
0.25585
0.10966
0.036556
-0.10968
-0.18281
-0.036565
0.073136
0.18286
0.10972
-0.073155
-0.40239
-0.65851
-0.40246
-0.25613
-0.10978
0.073194
0.183
0.47584
0.58571
0.76881
0.73226
0.69571
0.76902
0.62259
0.43952
0.40293
0.4396
0.25646
0.3664
0.54965
0.54971
0.25655
-0.073308
-0.2566
-0.73322
-0.91661
-1.21
-1.1735
-1.3936
-1.2837
-1.0271
-0.62366
-0.18345
0
-0.036697
-0.2569
-0.47715
-0.66073
-0.77093
-0.66087
-0.47734
-0.51411
-0.51416
-0.73459
-0.84487
-1.2491
-1.4329
-1.433
-1.7272
-1.8376
-1.801
-1.8748
-1.9852
-2.1693
-1.9121
-1.8755
-1.9493
-1.8024
-1.9129
-1.8763
-1.6926
-1.1408
-0.62565
0.11042
0.62578
0.84674
0.81001
0.51552
0.47875
0.4788
0.62619
0.73678
0.70002
0.55271
0.58962
0.84767
0.70033
0.811
0.66362
0.33185
-0.11063
-0.33192
-0.22131
-0.18444
-0.036893
-0.36897
-0.59042
-0.84882
-0.92274
-0.92285
-1.2921
-1.5507
-1.6248
-1.588
-1.6252
-1.4776
-1.6994
-1.8474
-1.8476
-1.5522
-1.2197
-1.035
-0.77638
-0.96134
-0.99844
-0.96157
-0.77675
-1.1098
-1.3319
-1.369
-1.3322
-1.5174
-1.8507
-1.962
-2.1104
-2.3328
-2.296
-2.2593
-2.2596
-2.1117
-2.0008
-1.8898
-1.853
-1.705
-1.594
-1.5942
-1.5944
-1.6688
-1.5577
-1.5579
-1.1871
-1.1131
-1.0761
-1.2247
-1.0393
-1.1879
-0.89102
-1.0768
-1.0398
-1.2628
-1.1886
-1.003
-0.89171
-0.74318
-0.59462
-0.18584
-0.18587
-0.14871
-0.11155
-0.48345
-0.85544
-1.2275
-1.4881
-1.5627
-1.3769
-1.1165
-1.1911
-1.2285
-1.4521
-1.564
-1.7131
-1.4899
-1.3783
-1.5648
-1.4905
-1.6025
-1.4536
-1.7893
-1.6404
-1.3796
-1.2306
-0.89513
-0.78334
-0.67153
-0.78356
-0.8583
-0.74645
-0.74655
-0.48532
-0.26136
-0.22406
-0.22409
-0.635
-0.7098
-0.78463
-0.52316
0.11212
0.48592
0.63552
0.74778
0.56091
0.33659
0.18702
0.074819
-0.33673
-0.52388
-0.41168
-0.11229
0.037436
-0.037441
-0.074893
-0.56177
-0.82405
-1.3486
-1.7984
-2.1359
-2.2861
-2.174
-2.3993
-2.4371
-2.5124
-2.5128
-2.5882
-2.551
-2.4763
-2.7394
-2.9274
-3.078
-2.9658
-3.0038
-2.8164
-2.5539
-2.5167
-2.1038
-1.7284
-1.5783
-1.6537
-1.5412
-1.5414
-1.2032
-1.053
-0.82746
-0.82758
-0.86533
-0.86545
-0.97848
-1.3174
-1.7693
-1.9202
-2.3346
-3.0505
-3.5783
-3.9932
-4.1822
-4.1075
-3.8065
-3.5432
-3.3176
-3.0541
-2.6775
-2.1875
-1.4711
-0.79227
-0.64146
-0.60381
-0.52841
-0.33974
-0.45306
-0.26432
0.15106
0.45326
0.45333
0.37783
0.26452
0.037794
0.3024
0.45366
0.64278
0.75633
0.64297
0.79438
0.64316
0.56758
0.56767
0.5299
0.64355
0.6815
0.3408
0.53022
0.60605
0.83344
0.37889
0.15158
0.56851
0.83394
0.90989
0.72044
0.56885
0.79651
0.9863
1.0623
0.94865
0.49337
0.11387
-0.26574
-0.37969
-0.53164
-0.68364
-0.87367
-0.98778
-0.79794
-0.45603
-0.30407
-0.38014
-0.22812
-0.34223
-0.49441
-0.57056
-0.76086
-1.1415
-1.2558
-1.1037
-1.1039
-1.0279
-1.0281
-0.79974
-0.6475
-0.49522
-0.381
-0.26674
-0.19056
0.076234
0.19061
0.22877
0.49575
0.72466
0.49589
0.49597
0
-0.41979
-0.6107
-0.72531
-0.15272
-0.30549
-0.076383
-0.076395
-0.076406
-0.30567
-0.57322
-0.87907
-1.1086
-1.147
-1.1854
-1.262
-1.1092
-0.76509
-0.3826
-0.2296
-0.34445
-0.22967
-0.30627
-0.26802
-0.26806
0.076601
0.076612
0.11494
0.34486
0.45988
0.6516
0.69003
0.46009
0.30677
-0.076704
-0.30686
-0.49872
-0.72901
-0.4605
-0.53733
-0.61418
-0.61427
-0.69116
-0.57605
-0.72977
-0.65305
-0.76841
-1.0759
-1.1145
-0.76875
-0.53821
-0.34604
-0.34609
-0.34614
-0.38466
-0.23083
0.15391
0.30787
0.38489
0.50043
0.5775
0.42357
0.23107
0.30814
0.26966
0.30823
0.26974
0.46248
0.34691
-0.038551
-0.30846
-0.80981
-1.0028
-1.0029
-0.92591
-0.92604
-0.849
-0.88772
-0.50183
-0.5019
-0.077226
-0.077238
0.077249
0.19315
0.19318
-0.038641
0.19323
0.42518
0.50255
0.30931
0.34802
0.27072
0.23208
0.2708
0.19346
0.11609
-0.19351
-0.15483
0.19357
0.077438
-0.19362
-0.23238
-0.38736
-0.58112
-0.85243
-0.93006
-0.96895
-1.1629
-1.0855
-1.1245
-1.3185
-1.3963
-1.3577
-1.7458
-1.9401
-2.0956
-2.3288
-2.3679
-2.3682
-2.2909
-2.0582
-1.8643
-1.3207
-0.97127
-0.93255
-0.93268
-1.0494
-1.205
-1.0108
-0.58325
-0.27222
0.11668
0.81688
1.206
1.3229
1.362
1.1676
1.051
1.1679
1.207
1.2461
1.3632
1.2854
1.7531
1.6754
1.6367
1.7928
1.6761
1.3255
1.4036
1.2088
1.209
1.0921
1.0143
0.74129
0.50727
0.31221
0.15612
0.4294
0.54658
0.78093
0.74198
0.42963
0.15625
-0.078134
-0.27351
-0.31262
-0.15633
-0.039088
-0.15637
-0.39098
-0.82116
-0.89948
-0.8996
-0.62589
-0.31298
0.078256
0.43047
0.90018
0.78286
0.93956
0.97883
0.97895
1.0574
1.3317
1.2144
0.90109
0.54856
0.43107
0.15677
-0.039198
-0.54884
-0.47049
-0.70582
-0.47061
-0.11767
-0.27459
-0.078464
-0.15695
-0.19621
-0.27472
-0.19626
0
-0.15704
-0.31412
-0.3927
-0.6284
-0.74631
-0.70712
-0.70721
-0.94305
-0.90387
-0.94328
-0.78616
-1.0221
-1.1009
-1.0617
-1.1405
-0.78662
-0.70805
-0.59011
-0.7869
-0.86569
-1.0232
-1.1808
-1.5745
-1.7322
-2.0474
-1.9688
-1.6934
-1.3785
-1.1423
-0.98487
-0.55159
-0.74867
-0.82757
-1.0641
-1.5373
-1.774
-2.0107
-1.6955
-1.3408
-1.1832
-0.98608
-0.98619
-1.0258
-1.0653
-0.94706
-1.0656
-0.98673
-0.86842
-0.78955
-1.066
-1.1846
-1.1057
-1.2243
-1.027
-0.86906
-0.94817
-1.1458
-1.3435
-1.1856
-1.1067
-1.0672
-1.3045
-1.4628
-1.7002
-1.5422
-1.226
-1.2261
-1.2658
-1.4242
-1.3847
-1.3453
-0.94973
-0.67279
-0.55412
-0.67292
-0.47505
-0.31673
-0.47514
-0.35639
-0.39603
-0.51489
-0.55455
-0.51499
-0.95084
-1.0302
-0.87177
-0.79259
-0.27743
-0.039637
0.23784
0.39644
0.51543
0.63443
0.59483
0.39659
0.039663
0.15867
0.19835
0.079347
0.039677
0.039681
0.079368
0.39688
0.95259
1.0718
1.1115
1.2704
0.59557
0.31767
0
0.19858
0.39719
0.59583
0.3178
0.079457
-0.27812
-0.27815
-0.039739
0.11923
0.15898
0.31799
0.19876
0.15902
0.19879
0.39761
0.15906
0.19884
-0.039771
0
-0.35799
-0.23868
-0.11935
-0.039786
0.43768
0.5173
0.75611
0.67657
0.47761
0.51745
-0.039807
-0.31848
-0.43794
-0.43797
-0.438
-0.15929
-0.11947
0
0
-0.079665
-0.23901
-0.27887
-0.079682
-0.39844
-0.71724
-0.95638
-0.99629
-0.91665
-0.87686
-0.3986
-0.23917
-0.039865
-0.43854
-0.27909
-0.63796
-1.0368
-1.0767
-1.1166
-0.9173
-0.91736
-0.55842
-0.55846
-0.23935
-0.23937
-0.039897
-0.1596
-0.039902
0.27933
-0.039906
0
0.23947
0.15965
0
0.19959
0.47904
0.75852
1.078
1.2776
1.1979
1.0781
1.0782
1.0383
0.87861
0.39939
0.1997
-0.43937
-0.91873
-0.95872
-0.83892
-0.63921
-0.35957
-0.11986
-0.039956
-0.11987
-0.1998
-0.23977
-0.15985
0.1199
0.039967
0.079937
-0.35973
-0.67953
-0.67955
-0.55966
-0.23986
-0.11994
-0.1999
-0.67969
-0.75969
-0.95964
-1.2396
-1.4796
-1.5596
-1.7996
-1.9996
-2.0797
-2.1198
-2.1198
-2.0799
-2.12
-2.2
-2.2801
-2.2402
-2.1203
-2.2803
-2.2804
-1.7204
-1.3603
-1.0803
-1.1603
-1.3604
-1.4005
-1.1604
-1.0004
-1.1205
-1.1605
-1.2006
-1.2406
-1.0806
-0.96054
-0.72043
-0.60037
-0.60038
-0.68045
-0.72049
-1.0007
-0.72052
-0.24018
0.32024
0.88069
1.0008
1.0008
0.7206
0.80068
0.64056
0.44039
0.76069
1.121
1.6816
1.8017
1.5615
1.3213
0.84083
0.56056
0.52053
0.32033
0.12012
0.32034
0.56059
0.48051
0.36039
0.32035
0.36039
-0.080088
-0.24027
-0.28031
-0.44049
-0.64072
-0.72081
-0.80091
-0.92105
-0.881
-1.2014
-1.3215
-1.4817
-1.2014
-1.0012
-1.0812
-1.0812
-1.2414
-1.3215
-1.2014
-0.84096
-0.76087
-0.32036
0.040045
0.12014
0.36041
0.16018
0.080089
-0.12013
-0.48053
-0.56061
-0.6407
-0.60065
-0.44047
-0.12013
0
-0.16017
0.12012
-0.040041
-0.12012
-0.2002
-0.2002
0.20019
0.3203
0.16015
0.12011
-0.040036
0.36032
0.20017
0.1201
-0.28023
-0.44036
-0.60048
-0.80063
-0.72055
-0.84062
-1.2409
-1.3209
-1.3609
-1.481
-1.521
-1.5209
-1.2807
-1.0006
-0.5603
-0.12006
-0.040019
-0.040018
-0.16007
-0.72029
-0.88033
-0.84029
-0.56018
-0.52015
-0.52013
-0.24005
0.080016
0.40007
0.60008
0.92009
0.88006
1
1.2
0.95996
0.87993
0.99989
1.4398
1.6797
1.5197
1.3197
1.0397
0.91969
0.91965
0.91962
0.71967
0.27986
0.11994
-0.15991
-0.55965
-0.47968
-0.23983
0.03997
0.43965
0.51956
0.23979
-0.39962
-0.71929
-0.75921
-0.75918
-0.51941
-0.19976
-0.11985
-0.23969
-0.31957
-0.3595
-0.15977
0.079881
0.5192
0.8786
0.95842
0.83857
0.43923
-0.27949
-0.95821
-1.3973
-1.9162
-2.6346
-3.2731
-3.8716
-4.0311
-4.1106
-3.831
-4.0303
-4.1099
-4.1495
-4.1892
-4.3086
-4.2285
-4.0687
-4.0286
-4.1081
-4.1078
-4.1075
-3.9876
-3.5886
-2.9903
-2.711
-2.8304
-3.0296
-3.1888
-3.2284
-3.2681
-3.1881
-3.1879
-3.0681
-2.7093
-2.9083
-3.0674
-2.9079
-2.1907
-1.633
-1.0753
-0.91591
-0.8362
-0.9954
-0.79626
-0.47772
-0.6369
-0.51744
-0.2786
0.15919
0.43773
0.31832
0.23872
-0.11935
-0.27846
-0.358
-0.39774
-0.59656
-0.63628
-0.75551
-0.55665
-0.19878
0.31803
0.59625
0.71544
0.71537
0.71531
0.59604
0.39732
0.39729
0.039725
-0.079443
0.11915
0.278
0.23826
-0.039707
-0.23822
-0.1191
-0.19848
-0.079383
-0.15875
-0.15873
-0.11904
0
-0.23803
-0.79336
-0.91228
-1.0708
-0.99141
-0.67409
-0.15859
0.039644
-0.15856
-0.15854
-0.35669
-0.75293
-0.6736
-0.87163
-0.7923
-0.91105
-0.99017
-0.67324
-0.59397
-0.43553
-0.27713
0.039585
0.19791
0.35619
0.51444
0.35611
0.11869
-0.039559
-0.67243
-0.75145
-0.90955
-0.83036
0.98841
