-0.93347
-1.0859
-1.5426
-1.5572
-1.3512
-1.415
-1.1251
-0.81981
-0.54987
-0.68014
-1.0401
-1.002
-0.8333
-0.2925
0.048479
0.43385
0.84683
1.1122
1.0429
0.59723
0.093815
0.031119
0.2633
0.16965
0.092178
-0.045932
-0.19845
-0.1066
-0.0304
-0.16698
0.18203
0.80393
1.2901
1.6109
1.7511
2.1987
2.436
2.3539
2.1181
2.1301
2.269
2.0647
1.811
1.5382
1.5526
1.5682
1.552
1.603
1.4193
1.5397
1.1958
1.0714
1.0507
0.48766
0.3115
0.78089
1.0189
1.3787
0.89386
0.69008
0.66002
1.0344
0.74012
0.60402
-0.31632
-0.93874
-1.0352
-0.98017
-1.1647
-0.93019
-0.64652
-0.42585
-0.11252
0.067687
0.31626
0.31617
1.0596
1.5056
1.3419
1.2669
0.55137
0.48078
0.56223
0.27779
0.25307
-0.020788
-0.30701
-0.52342
-0.91
-1.3402
-1.8866
-1.6256
-1.062
-0.6995
-0.52692
-0.68783
-0.80802
-0.34607
-0.080669
0
-0.49516
-0.54581
-0.72821
-0.72873
-0.74367
-1.0531
-1.0623
-1.4107
-1.6017
-1.6035
-1.5026
-1.4183
-1.1606
-0.95991
-0.80148
-0.73245
-0.79841
-1.4759
-2.0135
-2.4273
-2.4854
-2.2638
-1.9174
-1.5864
-1.3629
-1.3275
-1.3282
-1.2602
-1.1112
-1.0797
-1.1314
-1.2319
-1.0725
-0.8038
-0.822
-1.158
-1.1932
-1.0435
-0.46446
-0.24118
-0.11559
-0.13002
0.079018
0.24022
0.60882
0.41162
0.20878
0
-0.32966
-0.43644
-0.64973
-1.3489
-2.0992
-1.9141
-1.2685
-0.38121
-0.048312
0.081601
0.49594
0.40167
0.6604
0.27394
0.36329
0.59386
1.5859
2.1671
2.3974
2.6286
2.2085
1.9459
1.0587
0.78714
0.29347
-0.073454
-0.56947
-0.97318
-1.1004
-1.1166
-1.205
-1.3832
-1.5048
-1.4983
-1.4191
-1.4116
-0.97712
-0.088287
0.64913
1.1327
1.2114
1.2027
1.2962
1.1681
1.2937
1.1004
0.82728
0.70601
0.73319
0.69527
0.36908
0.47781
0.64818
1.0044
1.2933
0.83556
0.5225
0.015265
0.0455
-0.36172
-0.35953
-0.44681
-0.19254
-0.16206
-0.10261
-0.20425
-0.47931
-0.75218
-0.87904
-0.99093
-1.3029
-1.7278
-2.08
-2.2182
-2.3569
-2.2694
-2.4806
-2.225
-2.098
-1.4469
-1.0509
-0.89609
-1.1402
-1.2858
-1.4328
-1.0925
-0.83681
-0.99954
-0.7857
-0.76019
-0.38201
-0.35451
-0.46047
-0.64242
-0.69136
-0.86196
-1.0347
-0.76567
-1.1404
-0.94609
-0.57751
-0.42408
-0.031608
0.2385
0.44783
0.5469
0.64695
0.81295
0.96409
0.83733
0.67616
1.0268
1.3467
1.7021
1.5739
1.2933
1.1118
1.554
1.4394
1.5277
1.2419
1.0059
0.73464
0.89026
1.2181
1.6506
1.7405
1.762
1.4895
0.64262
0.20906
0.36708
0.38598
0.66938
0.53079
0.67559
0.8936
0.98857
0.45213
0.38231
0.11001
0.38797
0.98712
1.5216
1.9904
2.3539
2.0488
1.914
1.8361
1.4974
1.2724
1.0628
0.88965
0.67035
0.59402
0.55871
0.47892
0.066164
-0.51393
-1.0866
-1.8576
-2.0675
-1.8586
-1.0958
-0.26525
0.073203
-0.17278
-0.82354
-0.88271
-0.38211
0
-0.33726
-0.68003
-1.1067
-0.7428
-0.50705
-0.3219
-0.48496
-0.94629
-0.81326
-0.67894
-0.24464
-0.65241
-0.62471
-0.97614
-1.4334
-1.4555
-1.9056
-2.1897
-2.1239
-2.0044
-1.3876
-1.0648
-0.5407
-0.48469
-0.65676
-0.69998
-0.98919
-0.9781
-1.5227
-1.5046
-1.4155
-1.5378
-1.4955
-0.99951
-0.58311
0.13285
0.37162
0.21584
-0.42629
-0.6526
-0.5823
-0.86308
-0.48747
-0.42172
0.039724
-0.078607
0.19452
0.21187
0.59152
0.28367
0.91879
0.59522
0.42458
0.1283
-0.63723
-1.1399
-1.7628
-2.0575
-1.6733
-1.701
-1.5702
-1.9153
-1.9082
-1.6921
-1.6865
-1.6812
-2.0907
-2.0156
-1.7347
-1.3528
-1.2632
-0.95279
-1.4581
-1.4358
-1.3964
-1.4071
-1.6171
-1.5756
-1.5666
-1.18
-0.79762
-0.40397
0.30458
0.36554
0.078734
-0.1871
-0.13885
0.18307
0.28644
0.134
-0.23513
-0.23194
-0.014292
0.49293
0.4439
0.64192
0.77967
0.79361
1.0539
1.4205
0.98168
1.151
0.87637
0.79011
1.001
1.2282
1.2544
1.1901
0.97321
0.92635
0.90263
0.66788
0.72214
0.79613
1.0631
0.85973
0.97158
0.87367
1.1623
1.3499
1.2738
1.2773
1.4363
1.3556
1.3727
0.96919
0.95081
1.1068
1.1781
1.2418
1.5616
1.7008
1.6263
1.5426
1.2564
1.0263
1.1452
0.8884
0.91457
0.877
1.0962
1.2573
1.006
1.1149
1.255
1.7705
2.0436
1.999
1.8969
1.717
1.5987
1.3186
0.71534
0.41242
0.58252
0.78345
0.85164
0.75102
0.28046
0.58351
0.60686
0.067592
0.046812
-0.58306
-0.55412
-0.13039
-0.1348
-0.11129
0.48712
0.73619
0.90579
-0.1544
-0.5985
-0.99337
-0.68262
-0.62469
-1.4921
-1.467
-1.8384
-0.76849
-0.8326
-0.82758
-0.098447
-0.097341
0.12802
0.062994
0.21653
0.78831
1.4834
1.1595
0.65054
-0.24812
-0.56378
-0.67928
-0.83862
-1.4086
-0.93711
-1.1449
-1.1364
-1.1279
-1.6796
-2.1819
-2.2504
-1.897
-1.3657
-0.87778
-0.24293
-0.036644
0.12591
-0.40669
-0.20887
-0.60052
-0.60971
-0.45201
-0.812
-0.80487
-1.2391
-1.2478
-1.8062
-1.4464
-1.876
-1.7779
-1.8902
-1.9245
-1.752
-1.7738
-1.7649
-1.6435
-1.3257
-1.0542
-1.0285
-1.0865
-1.6851
-1.6993
-1.9884
-1.764
-1.7624
-1.3557
-0.90594
-0.73466
-0.79508
-0.80153
-1.0279
-0.38824
-0.33497
-0.056159
0
0.056706
0.18972
-0.076104
-0.15251
-0.11451
0.13363
0.076313
-0.22859
-0.4371
-0.62514
-0.62264
0.11267
0.24278
0.38977
-0.14748
-0.23791
0.054474
-0.18009
-0.73206
-1.4866
-1.5609
-1.5987
-1.3773
-1.7399
-1.1832
-1.1725
-1.0626
-1.9755
-2.5636
-2.1225
-2.1231
-1.8212
-2.0003
-2.3521
-2.309
-2.299
-1.8544
-1.8025
-1.6126
-1.7809
-2.1051
-1.9665
-1.6899
-1.0565
-0.35839
-0.12514
0.094303
0.094837
0.01591
0.032057
0.3879
0.35887
0.1483
0.18325
0.25285
0.59749
0.93433
0.93019
0.80175
0.54301
-0.018402
-0.037443
-0.26683
0.077661
0.13853
0.42383
1.0503
1.7238
2.0825
1.4475
0.7172
-0.068725
0.16393
1.0056
1.7134
2.6524
2.1484
1.9602
1.3082
0.1363
0.27821
0.28374
1.4459
1.5901
2.0371
1.9485
1.3907
0.94002
0.38072
0.096235
0.61532
1.1751
1.5439
0.92393
0.36397
-0.13248
0.66177
0.29696
0.42692
-0.19574
-1.3909
-0.86434
-0.34787
0.49897
1.4122
2.0518
1.8358
1.2186
0.48269
0.41626
0.4064
0.68705
0.92705
1.2288
1.1959
1.0685
0.76201
0.60623
0.24015
-0.16983
-0.18582
0.10044
0.78205
0.83771
0.98322
0.52457
0.37066
0.017238
-0.43808
-0.41212
-0.45204
-0.22158
-0.23298
-0.42725
-0.18009
-0.13298
0.78649
1.2792
1.5619
1.7415
1.7522
1.861
1.8743
1.9438
1.9874
1.9655
1.9056
1.8882
1.8461
1.8862
1.6337
1.5834
1.3459
1.0945
1.1678
0.76493
0.81138
1.0393
1.1879
1.3683
0.99748
0.90752
0.72863
0.82612
0.61267
0.1666
-0.061438
0.34284
0.94908
1.1243
1.0931
0.99454
1.078
1.2668
1.4266
1.2731
1.132
0.73023
0.76027
0.48954
-0.26755
-0.79487
-0.72729
-0.21909
0.10083
-0.081616
-0.84571
-1.6459
-1.7661
-1.0386
-0.40562
0.45107
0.60452
0.73706
0.45663
0.52293
0.47984
-0.043624
-0.67556
-1.0441
-1.0196
-1.1025
-0.94717
-1.328
-1.3632
-1.63
-1.514
-2.1296
-2.4245
-2.1384
-1.5502
-0.58671
-0.42136
-0.17909
-0.15788
-0.039148
0
0.42385
0.59273
1.0819
1.1498
1.2921
1.2841
1.1473
0.82831
0.45797
0.69313
0.8904
1.3041
1.1019
1.532
1.4755
1.6537
1.7425
1.5089
1.6894
1.5651
1.9458
1.9676
1.7733
1.2158
1.1106
0.31065
0.22017
-0.18428
-0.055547
0
0.2245
-0.056438
-0.58659
-1.028
-1.4175
-1.3687
-1.3195
-1.0353
-0.39334
-0.47527
-0.31906
-0.56232
-0.86974
-1.0798
-1.0876
-1.1163
-1.2704
-1.196
-1.4166
-0.98004
-0.32207
0.47611
1.069
1.0557
1.2642
1.521
1.76
1.4115
1.4246
1.0438
0.53871
0.52049
0.38247
1.1356
1.1481
1.1612
0.39995
-0.4554
-0.94774
-1.0117
-1.866
-1.6247
-1.1339
0.24637
0.80508
0.95738
-0.057128
-0.43466
-1.1464
-1.4313
-1.24
-1.84
-1.3677
-1.6063
-0.73366
0.12914
0.39183
1.2869
1.5325
1.4785
0.74472
-0.068119
0.41066
1.2361
1.8573
0.44715
-0.99579
-1.4371
-2.0418
-0.8107
-0.43501
-0.62851
-1.0769
-1.9918
-1.9883
-1.5779
-1.1805
-0.32508
-0.23039
-0.19608
-0.027197
-0.23726
0.076539
-0.27122
0.023798
-0.3212
-0.30936
-0.44656
-0.22496
-0.078631
-0.075558
-0.054444
-0.33128
-0.31832
-0.45089
-0.71229
-1.1472
-1.3913
-1.4235
-1.2662
-1.0422
-0.98232
-1.0827
-1.3518
-1.5258
-1.5147
-1.3128
-1.029
-0.97305
-1.0988
-1.3554
-1.4224
-1.265
-1.0783
-1.034
-0.5759
-0.14865
0.4581
0.8129
1.349
1.7272
2.0113
2.1372
1.5576
1.1071
0.6415
0.42594
0.10063
-0.15179
-0.33976
-0.39417
-0.43292
-0.82369
-1.3856
-2.0199
-2.5674
-2.7921
-2.6765
-2.4326
-1.9712
-1.7545
-1.7794
-1.581
-1.7043
-1.4937
-1.3056
-1.0568
-0.50232
-0.44183
-0.26917
0
0.15909
0.64506
0.31127
-0.016146
-0.36842
-0.34722
-0.32375
-0.53987
-0.36567
0.23842
0.79862
0.92686
0.88658
0.75297
0.36198
-0.0461
0.25759
0.40323
0.71856
0.72333
0.16935
-0.024199
-0.84442
-1.2229
-1.7106
-1.643
-0.85545
-0.11357
0.37837
0.34814
0.23349
0.041332
-0.10043
-0.42888
-0.47241
-0.25617
0.053113
0.44512
0.47994
-0.079977
-0.77302
-1.5843
-2.2694
-2.6435
-2.993
-3.1758
-2.94
-2.5205
-2.0532
-1.9741
-1.7863
-1.6087
-1.1157
-0.82598
-0.49753
-0.51808
-0.4785
-0.36241
-0.35655
-0.16137
-0.18724
-0.092447
-0.054838
-0.35281
-0.38547
-0.28457
-0.052986
0.052673
0.30574
0.36542
0.71123
1.0991
1.6246
1.7443
1.7271
1.5899
1.4794
1.4647
1.3985
1.4457
1.6772
1.8581
1.9263
1.6598
1.3737
1.0766
0.795
0.19728
-0.30605
-0.69565
-0.9247
-1.146
-1.4595
-1.5823
-1.5401
-1.4513
-0.9016
-0.35923
0.29498
0.96826
1.5399
1.7604
1.9431
1.7659
1.6528
1.393
1.1612
0.94842
0.73655
0.84302
0.81311
0.72924
0.59203
0.37534
0.19586
-0.0088684
-0.10601
-0.11441
0.052612
0.11358
0.10449
0.043397
-0.12115
-0.22437
-0.3099
-0.48962
-0.72882
-0.83908
-1.0264
-1.0172
-1.1453
-1.2226
-1.583
-1.9107
-1.8199
-1.6866
-1.4846
-1.7845
-1.7573
-2.0368
-1.9338
-1.99
-1.9414
-1.8753
-1.6918
-1.5792
-1.6222
-1.6764
-1.6576
-1.6869
-1.6601
-1.6629
-1.756
-1.5407
-1.3297
-0.74857
-0.37015
-0.096888
-0.054829
-0.17884
-0.50162
-0.67482
-0.71285
-0.57051
-0.37223
-0.16495
-0.22067
-0.22583
0.027196
0.027843
0.17106
-0.058389
0.13452
0.35199
0.21932
0.064129
-0.27882
0.083858
0.54852
1.0505
1.5013
1.8594
2.341
2.6866
2.791
2.7977
2.4236
2.1965
1.4703
0.62014
0.27175
-0.14782
-0.3836
-0.042972
-0.086568
0.28313
0.54749
0.72609
0.37553
0.13298
-0.13334
0.35637
0.73631
1.2289
1.3198
1.2314
1.0531
0.60543
0.6732
-0.20213
0.24729
-0.38262
-0.09016
0.2258
0.76937
1.3385
1.5928
0.98182
1.192
1.2204
1.2728
1.1635
0.93643
1.1547
1.9223
2.9411
3.0851
2.8438
2.2558
1.8805
1.3986
1.5129
0.84022
0.74563
0
0.10487
0.052939
-0.29389
-0.053917
-0.27191
-0.79494
-0.63522
0.16685
0.64348
1.0125
1.1016
1.1337
1.9032
1.7632
1.3366
1.2782
0.96331
1.2419
0.64584
-0.083695
-0.66433
-0.24685
-0.16284
0
-0.02647
-0.13046
-0.25688
-0.50522
-0.62037
-0.92535
-0.78785
-0.70158
-0.32047
-0.71648
-0.85361
-1.0051
-0.98167
-0.71377
-0.49769
-0.42748
-0.77758
-0.83305
-0.7952
-0.61768
-0.46544
-0.74119
-0.87284
-1.337
-1.4348
-1.5596
-1.5133
-1.2319
-1.0053
-0.98755
-1.1117
-1.1494
-1.2686
-1.7348
-2.2694
-2.4515
-2.2295
-1.9629
-1.5507
-1.3235
-0.82585
-0.41031
-0.24734
-0.45558
-0.74854
-0.99152
-1.0878
-1.6857
-1.7963
-1.8352
-1.3977
-0.93461
-0.72835
-0.4837
-0.37412
-0.12549
0.41704
0.42029
0.70646
0.79076
1.0735
1.2701
1.2041
1.1777
0.95939
0.97189
1.0414
1.1418
0.85441
0.69097
0.5525
0.30348
0.44739
0.53351
0.71855
0.8453
0.82782
0.388
-0.034391
-0.22796
-0.053665
0.52941
0.55911
0.91361
1.4389
1.7685
1.8891
1.9316
1.9543
2.5424
2.4679
2.366
1.3969
1.2151
0.97528
0.92312
0.28078
-0.20888
-0.40048
-0.10916
0.22306
0.74026
1.1331
1.4814
1.7508
1.9665
1.0936
1.1426
0.54738
1.0113
0.7922
1.1339
0.97557
0.5082
0.68128
-0.20514
-1.0619
-1.4731
-0.51297
0.20445
0.94888
0.9756
1.1334
1.3188
1.3021
0.16043
-0.15786
-0.62038
-0.213
-0.029809
-0.49576
-0.17098
0.44503
1.546
2.0084
1.6981
1.0515
0.048698
0.094694
0
0.40261
0.2609
0.19024
0.26722
0.079987
-0.13624
-0.34118
-0.14778
-0.090077
-0.19343
-0.77311
-1.3609
-1.8915
-1.7892
-1.6447
-1.2427
-0.91663
-1.1734
-1.498
-1.962
-1.9538
-1.7477
-1.6895
-1.5359
-1.7083
-1.5885
-1.5551
-1.3993
-1.3981
-1.3849
-1.2902
-1.3359
-1.3697
-1.8554
-1.854
-1.8406
-1.7281
-1.2806
-1.0159
-0.835
-0.84657
-1.1046
-1.1533
-1.2519
-1.1289
-0.87058
-0.56924
-0.32445
0.10457
0
0.1818
0.24154
0.15196
0.11654
0.05959
0.18283
0.12466
0.021245
-0.15204
-0.39957
-0.68039
-0.83377
-1.2529
-1.2297
-1.4747
-1.1767
-0.58606
-0.67371
-0.86878
-1.6301
-1.9512
-1.9493
-1.0559
-1.0114
-1.0216
-1.0881
-0.66386
-0.52321
0.029245
0.11759
0.17714
0.62215
0.44559
0.86313
0.596
1.1629
1.6698
1.818
1.7268
1.5757
2.0774
2.0138
1.3886
0.5599
0.11755
-0.87903
-0.43819
-0.34947
0.17419
0.66563
0.66355
0.54643
-0.57341
-0.57165
-0.71239
-0.79548
-1.4162
-2.0898
-2.3932
-2.5544
-2.1827
-1.8411
-1.3902
-0.74817
-0.60745
-0.60517
-1.0411
-0.32739
-0.35307
0.67571
0.77978
0.72199
0.66455
0.50187
0.18365
0.33863
-0.2068
-0.28206
0.17797
-0.10079
0.52419
0.4202
0.56271
0.38732
-0.38309
-0.30775
-0.3744
-0.67056
-0.79952
-1.1507
-1.582
-1.2981
-0.97751
-1.0723
-0.57164
-1.0869
-0.47463
-0.020375
1.0865
1.8281
2.061
2.3271
2.587
2.6708
2.3409
1.9631
1.3374
0.72514
0.41271
0.35534
1.0734
0.88913
0.95028
0.65088
0.4586
0.80873
0.96962
1.261
1.5978
1.783
1.771
1.4366
0.76993
0.79713
0.61809
0.59878
0.12536
-0.15584
-0.015501
0
0.23012
0.42739
0.66828
0.9068
0.81213
0.47893
0.22341
0.22233
0.48676
0.80733
0.42361
0.072679
-0.70874
-1.1658
-1.4177
-2.1087
-2.4949
-2.2847
-1.9923
-1.7028
-1.4301
-1.4088
-1.4288
-1.0249
-1.169
-0.96
-1.2777
-1.378
-1.3176
-1.1783
-0.89569
-0.82564
-0.23472
-0.49311
-0.32287
-0.64274
-0.819
-0.39497
-0.088813
0.417
0.5287
0.82778
0.76244
0.93442
0.84467
0.95383
0.76608
0.69038
0.63977
1.0685
1.2509
1.4575
1.3093
1.125
1.1245
1.4298
1.7355
1.7117
1.6516
1.5919
1.2382
0.93304
0.78702
0.88708
1.3582
1.448
1.365
1.2071
1.1234
0.9768
1.2064
0.99649
0.73448
0.53407
0.20434
0.19244
0.25782
0.42751
0.32555
0.94265
1.2507
1.4566
1.2789
1.0724
0.9444
0.81488
0.79313
0.48201
0.54103
0.72681
0.78878
0.96544
0.81589
0.93821
1.121
0.76369
1.0373
1.2412
1.4793
1.5391
1.5695
1.4606
1.4595
1.284
1.2811
1.2296
1.3895
1.6848
1.6858
1.7034
1.4656
1.171
0.73078
0.43949
0.42624
0.52028
0.52551
-0.018302
0.40663
0.67188
1.0363
1.4073
0.95956
0.71641
-0.019531
-0.70909
-1.5888
-2.1421
-2.0983
-2.0736
-1.3926
-1.1138
-0.22846
0.16728
0.33674
0.50832
0.42621
0.021438
-0.043123
-0.39027
-0.21798
0.1972
0.59453
1.0841
0.7556
0.6249
0.26887
-0.067465
0.38359
0.97316
1.6565
1.8648
1.4353
0.91247
0.50226
0.022836
-0.11414
-0.34209
-0.54647
-0.86325
-1.0871
-1.6696
-1.8866
-2.4573
-2.7085
-3.461
-3.2149
-2.6448
-1.6746
-0.74352
-0.14701
-0.020745
-0.14331
-0.14132
-0.55698
-0.47003
-0.038535
0.56828
0.72581
0.2741
-0.19725
-0.49247
-0.70698
-1.2505
-1.2747
-1.0539
-0.2699
0.37305
0.56301
0.59583
0.68537
1.0565
0.90868
0.61613
0.50971
0.52579
0.85051
0.60665
0.31003
-0.21915
-0.55014
-0.72881
-0.99429
-1.1379
-1.0872
-0.76229
-0.78468
-0.40889
-0.53164
-0.62047
-1.166
-1.5062
-1.8009
-1.91
-1.9892
-1.8283
-1.3107
-1.0774
-0.97579
-1.1939
-1.4332
-1.6746
-1.5391
-1.3844
-1.5224
-1.3796
-1.5838
-1.6282
-1.7272
-1.8933
-1.98
-1.8659
-1.7396
-1.6777
-1.6491
-1.368
-0.94867
-0.29862
0.13413
0.1869
-0.050975
-0.20872
-0.41427
0.1096
0.54808
0.93759
1.5109
1.7347
1.4699
1.4143
0.82601
0.49244
-0.33158
-0.44828
-0.29468
0.17017
0.89234
1.0939
0.63161
0.39621
-0.063963
-0.2613
-0.51088
-0.067889
0.69074
1.0995
0.73586
0.14432
-0.29208
-0.56569
-1.1913
-2.0508
-2.0388
-1.3661
-0.91427
-0.91675
-1.5049
-1.6589
-1.2502
-0.61164
0.55961
0.55819
0.96118
0.5041
0.52725
1.2502
0.77176
0.17351
0.39487
0.63894
1.1014
1.9018
1.4822
1.7199
1.8605
1.6879
1.1075
0.84194
1.4911
2.1655
1.879
1.617
0.96791
0.84976
0.60945
0
-0.27093
-0.37173
0.22456
0.80437
1.1909
1.4054
1.3922
1.2491
0.89329
0.90211
0.88436
1.1098
1.0937
1.2702
1.0316
-0.028141
-0.62464
-0.54398
-0.60588
-1.1621
-1.6077
-1.5572
-0.79656
1.0652
1.8971
2.2242
1.1852
0.20692
0.50064
0.35153
0.52372
0.028854
-0.19999
-0.11298
-0.11153
-0.19239
-0.62224
-0.3989
-0.60045
-1.1775
-1.1031
-1.1284
-0.69536
-0.63234
-0.20574
0.1115
-0.043488
-0.67826
-1.0742
-1.389
-1.1575
-0.95609
-0.91353
-0.72735
-0.053232
0.51974
0.86326
0.81095
0.66399
0.99928
1.2751
1.6327
1.7388
1.5626
0.87078
0.21457
-0.45172
-1.1855
-1.3796
-1.8856
-2.2491
-2.7576
-2.5941
-2.116
-1.5515
-1.0319
-0.76639
-0.6078
-0.55555
-0.83514
-0.93096
-0.96167
-1.0205
-0.89174
-0.95256
-0.86419
-0.35981
-0.25149
0.042348
0.3853
0.6207
0.58435
0.73955
0.80897
1.4115
1.4611
1.6055
1.0743
0.88066
1.1359
1.8086
1.7322
1.2987
0.6488
0.43189
0.82113
0.49444
0.24972
-0.43213
-0.70835
-0.76895
-0.75608
-0.76097
-1.176
-1.4631
-1.6575
-1.8898
-1.9137
-1.8793
-1.8436
-1.6544
-0.81766
-0.5891
-0.13287
-0.17056
-0.26478
-0.11321
-0.26346
-0.056294
-0.056124
-0.27974
-0.31603
-0.12971
0.11084
0.44203
0.67955
0.16487
-0.42035
-0.83901
-1.566
-1.8004
-1.9987
-1.6709
-1.562
-1.054
-0.98226
-0.72869
-0.91269
-1.0797
-0.86265
-1.3445
-1.4053
-1.4114
-1.6794
-1.5381
-1.4334
-1.0434
-1.2215
-0.99869
-1.3337
-1.1479
-1.4883
-1.7543
-1.6068
-1.2576
-0.78318
-0.74725
-1.137
-1.3057
-1.2703
-0.59637
-0.59817
-1.0544
-1.1595
-1.5124
-1.4084
-1.3033
-1.0114
-1.0905
-0.77855
-0.73367
-0.52651
-0.30151
-0.059794
0.35538
0.50797
0.50219
0.53417
0.4895
0.66832
0.95118
1.4589
1.4534
0.97626
0.59986
0.067375
0.19859
0.29262
0
-0.70575
-0.55459
-0.22701
0.38665
0.5847
0.50306
0.16967
-0.041748
-0.041112
0.067518
0.35951
0.42044
0.89525
1.2053
1.5727
1.6951
1.7169
2.11
2.5356
2.629
2.4091
2.0369
2.1621
2.3485
2.3212
2.0092
1.5555
1.45
1.2854
1.2296
1.0291
0.70597
0.58788
0.78939
1.1562
1.4924
1.5572
1.2791
0.76293
0.18314
-0.3178
-0.30845
0.10871
0.93674
1.369
1.5729
1.2652
1.2839
0.96236
0.57093
0.59456
0.58771
0.45489
0.30215
-0.048347
-0.27748
0.049563
-0.033421
0.10133
-0.10232
-0.56769
-0.74546
-1.082
-0.82474
-0.4582
0.10606
0.31875
0.79726
1.0975
1.3248
2.0068
2.1374
2.2116
1.5559
0.5314
-0.10187
-0.63829
-0.99609
-1.1475
-1.4878
-1.9609
-1.9631
-1.6545
-1.202
-0.83813
-0.44152
-0.17363
0.28447
0.61522
0.90723
0.7569
0.57162
0.77166
0.93976
0.97617
1.2492
0.97301
0.66839
0.432
0.094872
-0.30498
-1.0219
-1.7608
-2.1691
-2.29
-2.1976
-1.9179
-1.6651
-1.4491
-1.0465
-1.269
-0.93612
-0.84899
-0.20181
-0.078868
-0.011337
-0.21702
-0.47242
-0.60524
-0.98887
-1.4426
-1.9706
-2.05
-2.1091
-1.6514
-1.8644
-1.5854
-1.2688
-0.88357
-0.60789
-0.13043
-0.14871
0.0611
-0.25127
-0.21008
-0.34947
-0.37729
-0.67198
-0.76625
-0.97915
-1.1859
-1.4253
-2.2389
-1.7126
-1.525
-1.1177
-1.2472
-1.3586
-0.59989
0.33448
0.3175
0.38048
0.25093
0.37132
0.37984
0.14921
0.15213
-0.46452
-1.1326
-2.0735
-3.0021
-1.9886
-1.7414
-0.95829
-0.82911
-0.26572
0.099591
0.09933
0.49435
0.065476
0.19475
-0.77089
-1.872
-1.8772
-1.9712
-1.2413
-0.71313
-0.8446
-0.5417
-0.47393
0.13616
-0.45179
-0.23324
-0.85865
-0.95927
-1.1733
-1.2118
-0.97504
-0.72802
-0.19317
0.10443
0.16261
-0.43533
-0.98285
-1.2393
-0.84208
-0.28572
0.33121
-0.1192
-0.49947
-0.61906
-1.0371
-1.001
-0.78269
-0.57281
-0.40016
-0.3355
-0.58927
-0.34022
0.23796
0.88552
1.5472
1.8718
1.964
1.8965
1.7787
1.9547
2.3284
2.2954
2.1209
2.0928
2.0931
2.2394
1.9421
1.5662
1.3079
0.67695
-0.013346
-0.67152
-1.2848
-1.5946
-1.5804
-1.4005
-1.2598
-1.1169
-1.0715
-1.2419
-1.2266
-1.0634
-0.88157
-0.51402
-0.21418
-0.18577
-0.37597
-0.23776
0.14432
0.43794
0.26244
0.36481
0.10055
0.10158
0.034194
-0.086291
-0.1393
-0.19317
-0.017701
0.071334
0.431
0.68687
1.1638
0.56686
0.11028
-0.46166
-0.7604
-0.87516
-0.8784
-1.3878
-1.7685
-1.9249
-1.9496
-1.6705
-2.0942
-2.5779
-2.4326
-2.2869
-1.6007
-1.4713
-1.4969
-1.2499
-1.1384
-0.63157
-0.75458
-0.71967
-1.1277
-1.4616
-1.9045
-2.0674
-2.0052
-1.7319
-1.432
-0.97415
-0.54861
-0.69018
-0.51998
-0.52846
-0.1636
-0.30931
-0.096965
-0.29661
-0.22701
0.20605
0.44742
0.34984
-0.3579
-0.25361
0.5194
1.2414
1.6354
0.58971
-0.34991
-0.19561
0.23386
1.2665
1.4023
1.7945
2.0932
1.6898
1.4963
0.74414
1.0385
0.69168
0.28978
0.16826
-0.72562
-0.6487
-0.34998
0.61856
1.0245
1.5691
0.090075
-1.3548
-1.3107
-0.99324
-0.27006
0.31351
-0.2224
-0.48499
-1.5268
-1.2062
-0.80684
-0.66861
0.6979
0.68451
1.8533
1.1183
1.2427
1.1754
0.42943
-0.27863
0.16933
0.36192
1.7889
2.6657
2.405
1.6905
0.4238
-0.10953
0.053081
-0.66887
-0.72331
-1.1369
-0.84483
-0.045558
0.57521
1.1395
0.85731
0.22387
-0.45597
-0.71518
0.018864
0.12899
0.19822
-0.29989
-0.24203
-0.32226
-0.79968
-1.5728
-1.7905
-1.4946
-1.1142
-0.65128
-0.64436
-0.6231
-1.025
-1.1227
-1.1907
-1.3335
-1.2111
-1.1203
-1.3551
-1.3852
-1.417
-1.6728
-1.7243
-1.569
-1.7747
-1.6215
-1.6816
-2.0378
-1.9196
-1.6742
-1.664
-1.3628
-1.4656
-0.98699
-0.4082
-0.69226
-1.1102
-1.3108
-1.1533
-0.93373
-0.55267
-0.11673
0.45695
-0.20292
-0.53889
-1.3126
-1.5784
-0.90515
-0.5859
-0.11496
-0.16412
0.21504
0.41363
0.64366
0.50329
0.025553
-0.18143
-0.078776
0.15941
0.26846
0.48759
1.7741
2.5811
2.7307
1.1343
-0.33246
-1.1635
-1.2721
-0.55132
-0.93282
-0.84524
-0.73056
-0.10725
-0.23883
-0.57701
-1.0615
-0.91906
-0.5532
-0.49485
0.17026
0.19112
0.58617
0.4829
0.49585
0.044158
0.19457
-0.063477
-0.10351
0.42527
0.89121
1.6655
1.9314
2.5734
3.3308
3.5756
3.1333
2.489
1.7062
1.313
0.9678
0.82329
0.65419
0.77508
0.71582
0.64455
0.23884
0.082719
0.10828
0.21269
0.19594
0.44946
0.46735
0.53449
0.51402
0.54254
0.29708
0.59768
0.56663
0.65076
0.6767
0.72461
0.77179
0.82924
0.81032
0.82429
0.99767
1.0529
1.3797
1.3393
1.5686
1.7449
1.7775
1.5973
1.2775
1.1122
1.1805
1.0175
1.1174
1.2481
1.279
1.4317
1.3939
1.3164
1.29
1.0501
0.9216
0.74095
0.61055
0.92668
1.0482
1.3515
1.4366
1.4594
1.18
0.85232
0.46345
0.59082
0.93512
1.3897
1.6014
1.5386
1.2976
1.1583
0.82219
0.58775
0.24805
0.67847
1.0692
1.4315
1.8032
1.8931
1.8777
1.9293
1.4175
1.0313
0.762
0.37139
0.014456
-0.20475
-0.13312
-0.089721
-0.07556
-0.48851
-0.55491
-0.88675
-1.0515
-1.0285
-0.57405
0.080304
1.0347
1.22
0.85058
0.13151
-0.049536
-0.016576
0.316
-0.31688
-0.58503
-0.93767
-0.87175
-1.1744
-1.4431
-2.1139
-2.7329
-2.663
-3.0939
-2.671
-1.849
-1.2794
-0.62967
-0.36345
-0.41166
-0.55793
-0.81752
-0.45609
-0.61659
-0.61416
-0.88536
-0.72147
-0.44711
-0.11133
-0.2218
-0.47347
-1.085
-1.8332
-1.8738
-1.65
-1.1174
-0.57269
-0.94188
-1.1402
-1.338
-0.72179
-0.10738
0.38322
0.73553
0.59766
0.61329
-0.13812
-0.67618
-1.3549
-1.3117
-1.2535
-0.71419
-0.52988
-0.015651
0.39314
0.58491
0.65187
1.1199
1.5945
1.7194
1.7162
1.4005
0.6314
0.21792
-0.21993
-0.40992
-0.68995
-1.4462
-1.9366
-2.5621
-2.6797
-2.5817
-2.7387
-2.4159
-2.0104
-1.3106
-1.248
-1.1061
-0.88243
-0.63392
-0.52017
-0.36356
-0.30575
0.26729
-0.082922
-0.062672
-0.7785
-0.84716
-0.72439
-0.2142
0.1076
0.49699
0.32523
0.15219
0.10894
0.17455
0.065513
-0.5024
-1.2665
-0.78545
-0.5883
0.086998
0.26042
0.30304
0.38849
0.8606
0.66472
-0.70513
-2.1077
-3.4577
-3.2127
-2.3588
-1.1544
-0.58578
-0.10429
0.66564
1.8261
2.2781
1.9229
0.70221
-0.33024
-0.53657
-0.35099
-0.062002
-0.062102
-1.0373
-1.5188
-1.9418
-1.6144
-0.88479
-0.25418
0.27704
0.36472
0.47547
0.74069
0.57126
0.86472
1.0522
1.0629
1.4857
1.4099
1.4729
0.6388
-0.6706
-0.82455
-1.4983
-1.0451
-0.050425
0.66428
1.3205
1.1283
1.7019
1.536
1.6383
1.1342
0.56038
-0.08512
-0.028724
0.14535
0
0.11897
-0.63138
-0.8506
-1.2272
-2.1988
-1.9996
-2.4258
-1.8097
-0.9273
-0.064371
0.5504
1.2043
1.1445
0.32831
-0.26353
-0.23121
0.52956
0.46401
0.46434
-0.033169
-0.033149
-0.49661
-0.13218
-0.82398
-0.68992
-0.62181
-0.58644
0.032414
0.83794
1.8254
2.4806
2.3989
2.9118
1.8003
1.2302
-0.24364
-0.69332
-1.0139
-1.0616
-0.96183
-0.51832
0.11375
0.42111
0.66494
-0.10933
-0.080878
0.50509
1.4415
1.8084
1.6805
1.5307
1.3601
1.4622
1.7053
1.373
1.4002
0.66725
0.58997
0.022384
0.11044
-0.021804
0.10766
-0.063824
0.37853
0.39517
0.37047
0.32606
0.74709
0.72069
0.85406
0.37469
0.039189
-0.66247
-1.1052
-2.0857
-2.2523
-2.3814
-1.8792
-1.2072
-1.0349
-0.44126
0.11533
0.077095
-0.1354
-0.62168
-0.83975
-1.2181
-1.2462
-1.8136
-1.9693
-2.2709
-2.1291
-2.0476
-2.07
-2.5379
-2.1831
-2.037
-1.6243
-1.1121
-0.49597
-0.11429
0.41726
0.44674
0.26238
0.14519
0.12276
0
0.025268
-0.64076
-0.20795
-0.28992
-0.37405
-0.54152
0.27431
0.19447
0.89998
1.3946
1.2091
2.1832
1.6768
1.4859
0.66012
0.45423
0.12218
0.24638
-0.21726
-0.65652
-0.94428
-0.7919
-0.79657
-0.83296
-1.4489
-0.61458
-0.3573
0.32605
-0.098149
-1.0173
-1.3161
-2.8361
-3.172
-2.5483
-1.2923
-0.56383
-0.36504
-0.89622
-1.4272
-1.692
-1.3261
-1.3578
-1.2898
-1.2545
-0.13179
-0.59165
0.52451
0.3922
-0.1303
-0.22721
-0.96995
-1.32
-1.3141
-2.0416
-2.2218
-1.705
-1.3816
-0.65566
0.40351
-0.030852
-0.1533
-0.48749
-0.75683
0.030078
0.53789
0.38595
-0.058992
-0.087919
0.23296
0.34726
0.25886
0.17155
0
-0.39578
-0.25309
0.44769
0.52913
0.055454
-0.80082
-1.3206
-1.3162
-1.6951
-1.8271
-2.2857
-2.1187
-1.7361
-2.0867
-2.3564
-2.1665
-1.8149
-0.97574
-0.65112
0
0.62582
0.98145
1.694
1.6982
2.5541
2.0106
1.7681
0.94228
0.36146
0.055794
0
-0.14042
0.25359
0.70667
-0.056708
-0.71094
-0.91251
-0.82907
-0.085963
-0.60297
-1.093
-1.2674
-1.7879
-0.92347
-0.63515
-1.0683
-1.0968
-0.80762
-1.0949
-0.11509
0.20107
0
0.20018
-0.34224
-0.28437
-0.39685
-0.53677
-0.56301
-0.16827
-0.53083
-0.77922
-1.2196
-2.0983
-2.09
-1.7532
-1.5828
-1.4682
-1.5444
-1.3232
-0.51147
-0.18789
-0.21417
-0.34719
-0.79955
-0.98434
-1.4876
-2.6268
-2.9691
-3.0998
-2.3838
-1.3243
-1.2187
-0.63613
-0.15914
-0.18583
0.39861
0
-0.26636
0.13335
0.053403
0
-0.37463
0.21426
0.48239
0.18766
-0.16086
-0.134
-0.241
1.1232
1.2012
1.3847
1.0619
0.71411
0.44763
-0.4715
-1.0415
-1.319
-1.0267
-0.43269
-0.83219
-0.4993
-1.2347
-1.6353
-1.8319
-2.6165
-2.1579
-2.242
-1.3657
-0.47041
-0.044067
0.58487
0.53217
0.58549
1.2936
1.6127
1.6622
1.5537
1.1246
0.52381
-0.25707
-0.57686
-0.88507
-0.62593
0.051253
0.47024
1.0901
1.0402
0.72014
0.61492
0.29537
0.27609
0.060585
0.044907
0.13326
0.86491
1.7143
1.6429
1.431
0.7966
0.21233
0.08461
0.33754
0.78639
1.3898
2.0372
2.0696
1.7092
1.4048
1.4844
1.6244
1.5076
1.4052
1.1543
1.2585
1.2606
1.3413
1.5826
1.6585
1.3651
1.227
0.93166
1.0049
1.1178
1.1461
1.475
1.8416
2.3873
2.3965
1.9668
1.1002
0.13353
-0.2527
0.26094
0.56357
0.22782
-0.1046
-0.18909
-0.027894
-0.40308
-0.77219
-0.79594
-0.59897
-0.48643
-0.3998
-0.5469
-0.070028
0.035808
-0.25587
-0.5214
-0.15147
0.3074
0.19452
0.4323
-0.63376
-1.1152
-1.1588
-1.4398
-0.95851
-0.99478
-0.98892
-0.54935
-0.31074
-1.1512
-0.3784
-0.67045
-0.91507
-1.8676
-2.3226
-2.6518
-1.919
-1.7098
-1.4439
-0.68844
-1.3421
-1.8725
-1.5347
-2.031
-1.0718
-0.72303
-0.75697
-0.58544
-0.32285
-0.29095
-0.047376
-0.023162
0.15867
0.39966
1.0886
1.6241
1.2389
0.47512
0.2238
0.10031
0.31689
0.058732
0.2325
0.42237
0.47619
0.41627
0.13173
-0.76833
-1.0463
-2.2193
-2.4975
-2.7039
-2.2414
-1.2923
-1.0716
-1.1713
-1.5011
-1.7026
-0.90601
-0.93319
-0.96153
-1.6848
-1.9434
-1.6413
-1.4764
-1.1211
-1.0935
-0.89491
-0.69104
-0.17512
0.088769
-0.38248
-0.93511
-1.2021
-1.6398
-1.3526
-1.0333
-0.97283
-1.0579
-1.1937
-0.85415
0.1775
0.43474
1.2368
0.64846
0.99118
0.91709
1.1043
1.1333
0.79165
0
-0.39545
-1.1049
-1.2061
-0.44378
-0.6231
-0.74803
-0.76805
-0.68543
-0.12575
0.12448
0.32011
0.77883
0.93759
1.1629
1.4753
1.5244
1.2753
0.53876
-0.11062
-0.91565
-0.75189
-0.86794
-0.29208
-0.41128
-0.44604
-0.75982
-1.0061
-0.93453
-1.115
-1.5574
-1.6896
-1.6154
-1.7089
-1.4739
-0.8295
-0.41129
-0.070983
-0.74018
-1.4713
-1.9859
-2.1674
-1.969
-1.5151
-1.4084
-0.70305
-0.54821
-0.44533
-0.377
-0.24019
-0.48124
-0.94761
-1.2443
-1.5957
-1.5501
-1.5573
-1.7763
-1.5209
-1.8502
-1.3248
-1.2795
-1.125
-0.67616
-0.86518
-0.66763
-0.72873
-0.64014
-0.58812
-0.97494
-0.92455
-0.42693
0.1564
0.4529
0.35696
0.15974
-0.32162
-0.14163
-0.20362
0.020486
0.63874
1.2638
1.7911
1.2349
1.2197
0.8872
0.67885
1.278
1.283
1.0732
0.79711
-0.23783
0.043396
0.4355
1.1145
1.5353
1.9154
1.9892
1.3981
1.003
0.64931
0.67496
1.0855
1.0688
0.50322
1.0818
1.0659
1.4235
1.4578
1.7065
2.0557
2.46
2.118
0.59006
-0.04968
-0.12554
0.91402
1.8236
1.4815
1.5524
1.1458
0.64775
0.21876
0.36023
0.70208
1.1101
0.7213
0.70185
0.35567
0.48056
0.73033
0.55482
0.43695
1.2005
1.4063
0.80804
-0.392
-0.98987
-0.29975
0.16798
1.3206
1.7393
2.0935
1.5528
0.97062
-0.034793
-0.59314
-0.804
-1.1547
-1.0498
-0.13987
0.17454
0.87055
0.65944
0.34566
0.172
-0.54738
-0.54402
0.30396
0.43586
1.1976
1.5838
1.0795
0.68088
-0.12851
-0.15913
-0.78811
-0.49955
-0.061841
1.133
2.0623
1.9525
1.7258
1.5624
1.4606
1.795
0.86101
0.91066
0.76209
1.3441
1.6394
2.1237
2.4371
2.1755
1.9448
1.3418
0.93334
0.9541
0.21075
-0.18331
-0.46862
-0.95769
-0.56613
-0.51166
-0.58494
-0.25279
0.07537
0.17475
0.2728
-0.56653
-1.1006
-0.97107
-0.89132
-0.54959
-0.11847
-0.37576
0.046538
-0.069136
-0.36503
-0.63215
-0.80399
-1.7446
-1.2224
-1.5745
-1.5552
-2.23
-2.5961
-1.9473
-1.5373
-1.0976
-1.0631
-1.0098
-0.65126
-0.73686
-0.16774
0.36773
0.65313
0.75209
0.37125
0.10475
-0.22419
0.10225
0.016846
0.4165
0.82415
0.68524
0.14541
-0.19209
-0.60299
-0.77116
-0.74963
-0.97686
-0.86259
-0.99515
-1.3246
-1.3635
-1.8702
-1.968
-1.9314
-2.1945
-2.0552
-2.4079
-2.1372
-1.9571
-1.8077
-1.511
-1.7779
-1.6749
-1.6911
-1.485
-1.145
-0.83408
-0.55208
-0.70269
-0.73417
-0.84097
-0.49676
-0.10564
0.33285
0.65226
0.59314
0.045747
-0.01529
-0.01533
0.06148
0.04623
0
-0.74348
-0.59007
-0.73166
-0.35894
-0.015645
0.062739
0.86487
1.1036
1.1856
0.85604
0.81084
1.0047
1.232
1.6537
1.7565
1.9576
2.2259
1.7792
1.542
1.2535
1.0949
1.1018
0.82351
0.91417
1.1431
0.9807
1.2326
1.3671
1.2394
1.5392
1.0681
0.82456
0.68665
0.75231
1.2779
1.5096
1.6113
1.4973
1.6844
1.4035
1.7012
1.5394
1.1759
0.77651
0.42961
0.48406
0.39954
1.1025
1.1488
1.5205
1.525
1.3734
0.92446
0.16148
-0.2193
-0.25116
0.25554
0.20209
-0.176
-0.68496
-0.66459
-0.15307
-0.34092
-0.37613
-0.063329
0.31951
0.86947
0.97249
0.58664
0.71997
-0.032819
0.16436
0.98646
0.75558
1.4751
1.4701
1.6585
1.5843
1.1561
1.5611
1.4841
1.657
1.2061
1.62
1.4792
1.0128
1.3807
0.34743
1.2548
0.70189
0.71833
-0.10871
-0.45434
-0.15765
-0.025826
-0.10152
-0.72326
-1.4214
-1.9023
-2.1059
-2.3252
-2.0339
-1.8645
-1.5018
-1.0859
-0.79044
-0.3153
0.10344
0.10184
0.96292
1.1266
0.95462
0.44185
0.094758
0.20575
0.591
0.43788
-0.39672
-1.5514
-2.2229
-2.0433
-1.3318
-0.97696
-0.67975
-0.30345
-0.016733
0.13295
0.61103
0.27914
0.42473
0.55288
0.9232
1.1299
1.1589
0.65844
0.94594
1.3453
1.9529
2.097
1.6338
1.331
1.1887
1.0787
0.74264
0.6803
1.0893
1.6492
1.9523
1.6491
1.5257
1.3181
1.2929
1.1327
0.76617
0.22299
0.069141
-0.3833
-0.84315
-1.5056
-2.0007
-2.3243
-1.872
-1.6318
-1.0912
-1.1194
-0.67745
-0.70222
-0.36363
-0.27014
0.058348
0
0.059236
0.33805
0.8208
1.0879
1.1754
1.2226
0.92154
0.65828
0.35111
0.082901
-0.37415
-0.56256
-0.60534
-0.77331
-0.54379
-0.4602
-0.14637
0.4178
0.87607
1.8111
2.201
2.4428
1.9804
1.2123
0
-0.63114
-0.72913
-1.1883
-1.4216
-1.5919
-1.8978
-1.3352
-1.5598
-0.94847
-0.076851
0.095333
0.75674
0.75076
0.81922
0.51709
0.054947
-0.96269
-1.3869
-1.536
-1.3637
-1.3345
-0.78344
-0.60413
-0.42782
-0.25448
-0.75685
-0.91703
-1.3057
-1.5729
-1.1856
-1.2557
-0.98929
-1.2336
-1.0658
-0.77669
-0.36945
-0.24407
-0.92204
-1.318
-1.2761
-0.92619
-0.64084
-0.75027
-0.9719
-1.3025
-1.6128
-1.4725
-0.83936
-0.73602
-0.49956
-1.2439
-1.272
-1.4572
-0.96255
-1.0054
-0.90703
-0.92442
-0.92905
-0.99597
-0.90141
-0.88204
-0.79021
-0.84475
-0.64708
-0.57134
-0.60321
-0.75247
-0.7483
-0.61652
-0.74099
-0.70329
-1.0338
-0.97317
-1.0048
-0.83167
-0.7848
-0.63623
-0.6813
-0.94248
-1.193
-1.2399
-1.1509
-1.3706
-1.3976
-1.4599
-1.4774
-1.2292
-1.4571
-1.7235
-2.0293
-2.3758
-1.9027
-1.5075
-1.1066
-0.92002
-0.8294
-0.82481
-0.63103
-0.44622
-0.74719
-0.84632
-1.0529
-1.0113
-0.82071
-0.74823
-0.71528
-0.59801
-0.78731
-0.99469
-1.1918
-0.88482
-0.3662
0.11829
0.35803
0.030087
0.1971
-0.15271
-0.81465
-1.4533
-2.1443
-2.3564
-2.0201
-1.8841
-1.3841
-1.291
-0.80296
-0.61353
-0.92662
-1.1279
-1.1554
-0.99514
-1.0676
-1.0462
-1.1008
-0.72876
-0.82874
-0.8071
-0.81501
-0.27902
0
0.24495
-0.3424
-0.43784
-0.33555
0.15223
0.45208
0.80016
1.0608
1.4362
1.3041
1.6839
1.5268
1.3602
1.3876
1.1626
1.368
1.5714
1.947
2.1346
1.9041
1.591
1.2812
0.99819
0.82643
0.67998
0.52203
0.413
0.41353
0.26811
0.31772
0.20844
0.54171
0.72984
0.92033
0.92587
1.1209
1.2685
1.4188
1.4305
1.4168
1.7707
1.8933
2.139
2.3225
1.9643
1.5988
0.77998
0.49265
0.82504
0.84811
0.66815
0.27881
0.28162
0.38916
0.46841
0.65568
0.46145
0.26366
0.046892
0.26767
0.36459
1.0687
1.4115
2.0634
2.2021
1.9342
1.7448
0.93192
0.57341
0.31175
0.3449
0.70654
0.57508
0.78833
0.47588
0.72115
0.68734
0.98017
1.1576
1.1226
1.8992
1.9272
2.2136
1.7089
1.0939
0.73851
0.57692
0.35201
0.01598
-0.41509
-0.44676
-0.74979
-0.74998
-0.73455
-0.38371
-0.46445
-0.40128
-0.51507
-0.64599
-0.84305
-1.2539
-1.6857
-1.5798
-1.904
-2.1665
-2.3832
-2.4349
-1.8577
-1.9076
-2.0456
-2.3613
-2.189
-1.782
-0.95357
-0.58133
-0.20178
-0.1667
0.1309
0.26427
0.32385
0.1922
0.038769
0.15633
0.019691
-0.31728
-0.33929
-0.72267
-0.6053
-0.3445
-0.54909
-1.0196
-1.6345
-1.8612
-1.7184
-1.2266
-1.2247
-0.95704
-1.5019
-0.92986
-0.62361
-0.14003
0.21866
0.13818
0.39183
-0.019432
-0.03853
-0.51545
-0.51059
-0.52434
-0.20393
-0.01835
0.3632
0.82667
1.5294
1.3728
1.4806
1.707
1.8949
2.2992
2.5958
2.5723
2.7967
2.8388
2.5899
2.378
1.7233
1.1732
0.8511
0.47031
0.49926
0.71464
0.91323
0.8641
0.56947
0.33793
-0.15339
0.030651
0.39833
0.62827
0.8741
0.78307
0.61525
0.80161
1.0975
1.0544
0.71582
0.24997
-0.078457
0.33108
0.12677
0.33455
-0.016021
-0.2901
-0.22702
-0.39167
-0.70635
-1.2072
-1.8149
-1.8275
-1.8741
-1.6323
-1.4555
-1.2071
-1.1634
-1.1015
-1.0914
-1.5418
-2.0155
-2.4949
-2.5101
-1.8163
-1.7168
-1.5239
-1.7896
-1.7607
-1.1353
-0.93405
-0.59978
-0.33836
-0.094216
0.45312
0.35925
0.60564
0.70059
0.49228
0.92722
0.49145
0.62275
0.79089
0.73243
0.69266
-0.018652
-0.11144
0.055463
0.42304
0.91456
1.7818
1.3188
1.2023
0.62359
-0.26527
