0.56946
0.95098
0.95288
1.2221
1.4542
1.4955
1.3448
0.96255
0.73304
0.46393
0.54237
0.77643
1.0504
1.2475
1.0939
1.1745
1.0201
0.9043
0.78804
0.51333
-0.11872
-0.55522
-1.0334
-1.3941
-1.8363
-2.0004
-1.644
-1.8084
-1.7319
-1.655
-1.4969
-1.257
-0.89411
-0.73321
-0.73489
-0.85933
-1.0664
-1.1922
-1.2773
-1.239
-0.82791
-0.70537
-0.3743
-0.12506
-0.041785
-0.46071
-0.41982
-0.50498
-0.63272
-0.6765
-0.38144
-0.29738
-0.12776
-0.21344
0.085579
0.12868
-0.30097
-0.51719
-0.56165
-0.77955
-0.69461
-1.1315
-1.4396
-1.6617
-1.8411
-2.1971
-2.3787
-2.0312
-1.9034
-1.4643
-1.7792
-1.739
-2.1008
-2.5092
-2.6052
-2.5665
-2.7082
-2.4433
-2.2225
-2.2279
-2.2789
-1.8732
-1.5114
-1.2396
-1.1966
-1.1072
-1.2486
-1.5297
-1.8122
-2.0029
-2.1945
-2.1997
-1.9235
-1.9751
-1.6498
-1.323
-1.0893
-0.902
-1.142
-1.0016
-1.243
-1.1501
-1.1047
-0.62584
-0.43427
0
0.43626
0.19433
0.29216
0.24402
0.14674
-0.39217
-0.6387
-0.73858
-0.54281
-0.19782
0.34693
0.74503
0.69685
0.64845
0.64982
0.60109
0.65254
0.80478
0.80643
0.40404
0.35425
-0.050708
0.10162
0.35636
0.86713
1.1243
1.0241
1.3338
1.5419
1.7507
1.9087
2.1706
2.0192
1.8672
1.8704
1.3532
0.78203
0.31334
0.26155
0.15719
0.15744
-0.10513
-0.10529
-0.3691
-0.47528
-0.37022
-0.21186
0.053043
0.47806
0.74469
0.31959
0
-0.37385
-0.74866
-0.21417
0.37527
0.85878
0.4299
-0.2152
-0.37702
-0.91661
-1.0255
-1.0806
-1.0276
-1.6783
-1.4089
-1.6272
-1.52
-1.467
-1.305
-1.034
-1.3615
-1.5805
-1.9634
-2.3467
-2.1297
-1.6392
-1.4761
-1.3675
-1.7513
-1.4783
-1.5885
-1.3152
-0.98672
-0.60319
-0.82278
-0.60353
-0.65854
-0.60378
-0.43918
-0.16471
0.054909
0.054912
0
-0.65894
-1.0433
-0.82356
-0.43918
-0.21955
-0.16463
0
0.43881
0.71285
0.93187
1.4247
1.7528
1.5877
1.587
1.5315
1.5853
1.7483
1.9656
1.8552
2.1811
2.5064
2.7767
2.2849
1.7938
1.3034
0.92245
0.70474
0.70406
0.64925
0.48643
0.70188
1.0786
0.96965
1.0761
1.1286
1.0735
0.85771
0.91013
1.3366
1.2814
1.7062
1.2778
0.90377
0.37158
0.053002
0.2646
0
-0.26375
-0.21065
-0.10515
-0.47235
-0.20957
-0.31379
0.26102
1.0422
1.5604
1.4017
1.0363
0.62056
0.051611
-0.10302
-0.10281
0.20519
-0.051192
-0.86843
-1.4783
-2.0346
-2.5377
-2.4815
-1.9707
-1.5629
-1.1066
-0.60223
-0.45063
-0.39962
-0.24917
0.099431
-0.049596
-0.098951
-0.049354
-0.049233
-0.54021
-0.34291
-0.24432
-0.14622
0.048615
0.38792
0.72545
0.67532
0.72166
1.1516
1.2443
1.575
1.666
1.709
1.5623
1.2748
1.3655
1.033
0.84287
0.84053
0.74506
0.37149
0.23153
0.13853
-0.32232
-0.91831
-1.5567
-2.0088
-2.4584
-2.7237
-2.897
-2.9789
-2.4753
-1.795
-1.2082
-1.0262
-0.84529
-0.79848
-1.15
-1.3672
-1.2753
-1.2716
-1.4865
-1.3514
-1.3475
-1.2136
-1.1236
-0.90493
-0.94528
-1.1996
-1.5806
-1.9168
-2.2086
-2.3293
-2.4493
-2.316
-1.8895
-1.3398
-0.87675
-0.79099
-0.6227
-0.28977
-0.53663
-0.61746
-0.73887
-0.65495
-0.81641
-0.85485
-0.97428
-1.255
-1.4938
-1.4495
-1.5258
-1.6419
-1.917
-1.9916
-2.4232
-2.1791
-1.8968
-1.5371
-1.6117
-1.3723
-1.1732
-1.1312
-1.0505
-1.0867
-1.084
-1.3516
-1.3483
-1.4219
-1.6484
-1.7974
-1.7168
-1.7127
-1.7847
-1.932
-2.1543
-2.3002
-2.1822
-1.7268
-1.0862
-0.74746
-0.22375
0
0
0.11116
0.11093
0
0.036824
0.33075
0.51348
0.36605
0.25574
0.072927
-0.32755
-0.29061
-0.3626
-0.43433
-0.32517
-0.14426
0.43204
0.64696
0.82529
0.85975
0.82259
0.67845
0.67739
0.81873
0.78195
0.67433
0.46071
0.14156
-0.14136
-0.28233
-0.10573
-0.035199
0
0
0.14027
-0.035027
0.20992
0.20968
-0.034909
0.24411
0.52255
1.1137
1.1126
1.32
1.2147
0.97091
0.69293
0.31157
-0.069185
-0.51851
-0.75994
-0.79396
-1.0004
-0.99984
-0.96482
-1.0332
-1.308
-1.273
-1.3069
-1.3751
-1.4777
-1.4085
-1.5111
-1.7167
-1.7507
-1.9906
-2.0932
-2.2645
-2.23
-2.3328
-2.3328
-2.127
-2.0928
-2.2302
-2.4021
-2.5398
-2.6089
-2.4379
-2.3355
-2.2675
-2.3026
-2.1659
-2.0293
-1.8925
-1.6869
-1.4467
-1.3785
-1.3793
-1.3457
-0.79415
-0.65649
-0.27662
-0.069209
-0.034632
-0.24263
-0.17346
-0.1389
-0.17379
-0.17396
0.034828
0.24405
0.10471
0.13977
-0.13994
-0.63047
-0.87675
-0.9481
-0.91419
-1.2675
-1.3045
-1.377
-1.3083
-1.3103
-1.1704
-1.1723
-1.4588
-1.4612
-1.8921
-2.1457
-2.6151
-2.7275
-2.9482
-3.1338
-2.8511
-2.7481
-2.6086
-2.5412
-2.2918
-2.0778
-1.7169
-1.4644
-1.5776
-1.9489
-2.2481
-2.401
-2.2585
-1.9298
-1.3392
-0.82041
-0.56075
-0.37477
-0.037572
0.075338
0.037767
0.075733
0.18984
0.11421
0.11452
0.1914
0.076777
-0.11549
-0.11582
-0.15488
-0.34951
-0.27264
-0.42973
-0.47022
-0.7861
-0.51255
-0.6328
-0.59513
-0.39802
-0.07986
0.16024
0.24115
0.1613
0.32368
0.20298
0.32587
0.20437
0.32812
0.4939
0.66084
0.78753
0.33278
0.20873
-0.12569
-0.1682
-0.16882
-0.21181
-0.51024
-0.98163
-1.0282
-1.1181
-1.036
-1.04
-1.0005
-1.2665
-1.3153
-1.1444
-1.4583
-1.6415
-1.6927
-1.3417
-0.76336
-0.81155
-0.67905
-0.77275
-1.0041
-0.8708
-0.69033
-0.73942
-1.1602
-1.6311
-1.9655
-2.4438
-2.5958
-2.3698
-2.3324
-1.9599
-1.6323
-1.3018
-1.0169
-0.82675
-0.53727
-0.44149
-0.34488
-0.19793
-0.049699
0.049916
0
0.30212
0.25287
0
-0.15306
-0.61492
-0.87496
-1.0339
-1.2461
-1.4602
-1.3095
-1.3152
-1.5852
-2.1228
-2.292
-2.0344
-1.398
-0.97207
-0.054239
0.43579
0.5471
0.60441
0.44147
0.22168
0.72356
1.3974
2.2454
2.7623
3.2834
3.2973
2.8544
2.465
2.3026
2.0809
1.5671
1.5735
1.1118
0.8813
0.47192
0.2369
-0.17838
-0.89545
-1.4983
-2.0456
-2.6574
-2.9708
-3.0429
-2.8711
-2.5753
-2.2771
-1.5442
-1.3639
-0.80881
-0.81169
-1.0652
-0.88026
-0.69402
-0.56977
-1.2704
-1.4658
-1.2149
-1.1546
-0.77221
-0.45187
-0.84179
-0.6495
-0.39087
0.32669
0.32764
0.19714
-0.26359
-0.52863
-1.1264
-1.0629
-1.0657
-1.3354
-1.0041
-0.60389
-0.33629
-0.26965
0.33782
0.88025
0.74641
0.74795
0.34066
1.0922
1.2994
1.6444
1.51
1.4438
1.2395
1.7242
1.4505
0.48418
0.069261
-0.34675
-0.27773
-0.83415
-0.48711
-0.90554
-0.9761
-0.76759
-0.41902
-0.41931
-0.13986
0.13994
0.35002
0.70033
0.77063
0.56061
0.21027
0.070098
0.42061
0.84118
1.2616
1.8921
2.1718
1.7509
1.1201
0.62974
-0.34965
-0.55908
-0.62851
-0.41867
-0.13943
0.1393
0.62619
0.69498
0.97181
0.69326
0.48463
0.069133
-0.20709
-0.62027
-1.0321
-1.305
-1.4397
-1.5054
-1.8439
-1.8401
-2.1082
-2.0357
-1.7602
-1.0807
-0.47164
-0.80649
-0.67034
-1.0028
-1.4001
-0.99727
-0.39776
-0.26439
-0.32948
-0.19708
-0.32742
-0.52217
-0.52043
0
0
-0.064382
0.44905
0.70307
0.89148
0.88809
1.4534
1.4477
1.8807
1.8731
1.6788
1.4241
1.4181
1.3506
1.1002
1.2171
1.5145
1.8092
1.6208
1.0755
0.59468
0.29592
0.0589
-0.11723
-0.52493
-0.63839
-0.80842
-0.68942
-1.0288
-1.1941
-1.3011
-0.73152
-0.27987
0.27837
0.55376
0.55076
0.60253
0.59923
0.65009
0.21549
0.32143
0.21308
-0.052968
-0.158
-0.052365
-0.052064
0.15529
0.51462
0.46046
0.25431
0.25281
0.7037
0.64957
0.6457
0.7406
0.93248
1.2684
1.3092
1.3977
1.2456
1.1428
1.2779
1.3642
1.3559
1.3012
1.0161
0.8263
0.41063
0.18139
0.13521
-0.44794
-0.44521
-0.26549
-0.26387
-0.087421
-0.17378
-0.2159
-0.68667
-0.72516
-0.97515
-1.3064
-1.5498
-1.7903
-1.8622
-2.0567
-2.1262
-1.9916
-2.2625
-1.968
-1.7966
-1.6273
-1.5388
-1.3337
-1.3259
-1.6283
-1.7346
-1.7629
-1.5623
-1.5155
-1.2808
-1.1612
-1.043
-0.92602
-0.69987
-0.43958
-0.29145
-0.036232
0.072071
0.071683
0.17825
0.39007
0.56438
0.49125
0.73304
0.79871
0.96737
1.1343
1.2654
1.3272
1.0497
1.1793
1.006
0.70078
0.63101
0.72719
0.72379
0.78594
0.68454
0.68144
0.16152
-0.19296
-0.25616
-0.35069
-0.12698
0
-0.15739
-0.062694
0.031219
0.21765
0
-0.27764
-0.39948
-0.42857
-0.42696
-0.395
-0.30273
-0.39214
-0.39076
-0.23963
-0.089554
-0.029751
0.41513
0.79801
0.91332
0.9692
0.67342
0.40867
-0.087314
-0.26118
-0.20257
0
0.43169
0.68888
0.85886
0.79957
0.76911
0.76726
0.7371
0.98998
1.2982
1.5207
1.5737
1.5144
1.3435
1.1733
1.0875
0.9742
0.8058
0.52706
0.44313
0.19357
-0.082838
-0.57905
-0.68842
-0.99005
-1.2086
-1.5913
-1.9459
-2.1355
-2.0788
-1.831
-1.8295
-2.0191
-2.263
-2.3706
-2.5054
-2.7491
-2.9384
-3.2637
-3.2083
-2.99
-2.908
-2.962
-2.8532
-2.7989
-2.8535
-2.8267
-2.9361
-3.1816
-3.618
-3.7283
-3.6757
-3.6776
-3.4618
-3.355
-3.1118
-3.1143
-2.9257
-2.7094
-2.493
-2.1666
-1.8944
-1.6768
-1.6239
-1.4055
-1.1867
-1.0502
-0.77504
-0.55448
-0.52762
-0.6398
-0.5852
-0.64211
-0.83914
-0.72868
-0.58975
-0.30956
-0.45125
-0.22613
-0.3683
-0.45436
-0.59778
-0.57073
-0.45774
-0.65972
-0.80527
-0.89398
-1.0411
-0.95704
-0.90165
-0.93351
-0.8193
-0.70443
-0.52999
-0.56124
-0.5038
-0.35681
-0.53704
-0.62871
-0.72105
-1.0553
-1.271
-1.2453
-0.91459
-0.94867
-0.86018
-0.98691
-0.99084
-1.2435
-1.155
-0.909
-0.94429
-0.69542
-0.57143
-0.22319
-0.16013
-0.032168
-0.032314
-0.097383
-0.22828
-0.19658
-0.23043
-0.19845
-0.26587
-0.63452
-1.1746
-1.4502
-1.3558
-1.2605
-1.0614
-1.0669
-0.96865
-1.1128
-1.1886
-1.4058
-1.6606
-1.9538
-1.8572
-1.9392
-1.6249
-1.7066
-1.6066
-1.6156
-1.9571
-2.0053
-2.0915
-2.2538
-2.0779
-1.71
-1.6053
-1.4994
-1.5083
-1.4394
-1.3306
-1.2598
-0.95052
-0.99609
-1.2426
-1.1292
-1.2983
-1.4696
-1.1911
-1.0331
-0.70682
-0.54385
-0.16837
0.16942
0.38355
0.64322
0.81982
0.82493
0.56795
0.5715
0.39812
-0.044512
-0.35833
-0.3155
-0.63494
-0.41073
-0.045921
0.32346
0.092992
-0.18714
-1.0357
-1.1842
-1.1439
-0.47958
0.14476
0.48551
0.97699
1.2287
1.3351
1.7412
1.952
1.8128
1.8237
1.8346
1.8968
1.5471
1.3488
1.2001
1.2072
1.2142
1.1681
0.37381
0.10741
-0.27006
-0.054316
-0.21848
-0.87878
-0.88362
-0.33317
0
0.28065
0.395
0.51055
0.45619
0.68784
0.80659
0.63697
0.58197
1.0528
0.94038
0.88588
1.0088
1.1328
1.0782
1.2036
1.3299
1.3359
1.2198
1.0414
1.0459
0.49424
-0.18611
-0.62291
-1.0632
-1.0046
-0.50425
0
0.38104
0.70114
0.76762
0.38515
0.5153
0.51703
0.58357
0.45534
0.32626
0.6545
0.45951
0.1975
0.33009
0.066197
-0.066372
-0.19963
0.20012
0.53493
0.80425
0.87321
0.53852
0.20236
0.067586
-0.20314
-0.40702
-0.40772
0.27226
0.74987
0.95578
1.8458
2.3274
2.6044
2.3328
2.4039
1.9937
1.8578
1.3084
0.96475
0.75848
0.82786
0.62117
0.34522
0.27625
0.75982
1.0362
0.48358
0.55263
0.55255
0.62147
0.20709
-0.41402
-0.6897
-0.82717
-0.89552
-0.41302
-0.48147
0
0.61789
0.4115
0.41104
0.20527
-0.20501
-0.54595
-0.61332
-0.81653
-0.61143
-0.88172
-0.54166
-0.27034
-0.3373
-0.67329
-1.0751
-1.6093
-2.2749
-2.5369
-2.3313
-1.9936
-1.6573
-1.1903
-1.4511
-1.9736
-1.7059
-2.0284
-2.6752
-3.2531
-3.049
-2.5225
-2.6439
-2.25
-2.3711
-2.4913
-2.2922
-1.9673
-1.8342
-1.828
-1.5076
-1.3771
-1.1228
-0.74582
-0.2477
-0.1234
-0.30734
0
-0.18301
-0.24308
-1.1501
-0.72354
-1.021
-0.29908
-0.059575
0.23733
0.23636
0.23538
0.41021
0.17507
0.52298
0.52076
0
-0.6884
-1.5422
-1.4786
-1.8119
-1.3529
-0.50511
0.11175
0.27813
0.22151
0.27564
0.38416
0
-0.10877
-0.64964
-1.1317
-1.0729
-1.4417
-1.8072
-1.6402
-1.4219
-1.2581
-1.6176
-1.5062
-1.6543
-1.5952
-1.3317
-0.71376
0.050747
0.4041
0.75417
0.60054
0.79702
0.89251
1.4806
1.1791
0.39121
0
0.14536
0.24115
0.43209
0.47791
0.61846
0.66301
0.84858
0.98554
1.168
1.1162
0.97233
0.55314
0.04589
0.18275
0.090972
0.58872
1.037
1.3917
1.4303
1.0236
0.97491
0.5295
0.17575
-0.13126
-0.26141
-0.60741
-0.95053
-1.2908
-1.4998
-1.6644
-1.5301
-1.143
-0.92758
-0.71392
-0.54379
-0.37499
-0.58105
-0.6615
-0.45304
-0.73852
-0.53136
-0.24433
-0.04057
-0.080841
0.12082
0.12038
0
0.039841
0
0.079125
-0.19713
-0.15716
-0.078315
-0.1561
-0.35007
-0.58153
-0.77285
-1.3096
-1.3822
-1.6458
-1.9459
-1.7497
-1.3273
-0.83176
-0.45234
-0.18792
0
0.18684
0.4844
0.78031
1.0375
0.96081
1.0688
1.066
1.0632
1.2067
1.3495
1.3098
1.4154
1.6654
1.4809
1.1891
0.75495
0.50215
0.32209
0.14283
0
-0.32
-0.95798
-1.5579
-1.9788
-2.2218
-2.323
-2.3186
-2.2441
-2.345
-2.236
-1.9879
-2.0541
-1.9811
-2.0126
-1.9747
-1.8678
-1.8304
-1.6207
-1.5151
-1.2378
-0.82406
-0.44576
-0.30819
0.0342
0.2391
0.37527
0.2726
0.068072
-0.27199
-0.95092
-1.391
-1.7624
-1.8623
-2.0297
-1.6899
-1.6209
-1.6195
-1.4497
-1.6844
-1.6831
-1.682
-1.3447
-0.94067
-0.97369
-0.7718
-0.93908
-1.0057
-1.0387
-0.66984
-0.63609
-0.43506
-0.30109
0.066889
0.033435
0.13371
0.30078
0.10024
-0.066818
-0.033405
0.066803
0.3006
0.40078
0.60117
0.56779
0.63462
0.63468
0.56793
0.40095
0.3676
0.56822
0.43462
0.40129
0.36795
0.56883
0.36819
0.26787
0.33497
0.23457
0.4023
0.57019
0.67114
0.73863
0.70544
0.70583
0.33631
0.20191
0.23571
0.26956
0.033718
-0.033742
-0.1013
-0.16896
-0.43963
-0.64304
-0.88066
-1.0509
-1.1536
-1.3923
-1.7674
-1.9051
-1.8388
-1.8747
-2.0812
-2.1174
-2.2563
-2.4982
-2.6036
-2.5378
-2.5062
-2.234
-1.9268
-1.8257
-1.9657
-1.9335
-1.6938
-1.2805
-0.90092
-0.72856
-0.52104
-0.8695
-0.94025
-1.0461
-1.3966
-1.6781
-1.8553
-2.033
-2.0358
-1.8276
-1.443
-1.2688
-0.98819
-0.53013
-0.24774
-0.31898
-0.49689
-0.53315
-0.49833
-0.39211
-0.21419
-0.21451
-0.28643
-0.10757
0
0.21578
-0.036018
-0.036072
-0.46965
-0.68745
-0.54355
-0.72584
-0.94503
-1.0193
-0.8021
-0.87637
-1.0606
-1.3552
-1.1739
-0.99202
-0.66237
-0.47912
-0.36913
-0.33273
-0.29622
-0.48211
-0.66857
-0.78121
-0.55887
-0.37316
-0.59797
-0.63633
-0.63731
-0.63829
-0.63927
-0.71557
-0.79211
-0.90664
-0.64318
-0.71994
-1.0246
-1.1782
-0.83739
-0.64804
-0.80171
-1.0705
-1.455
-1.6489
-1.6129
-1.5383
-1.9257
-2.237
-2.4333
-2.2434
-2.0916
-1.8618
-1.6313
-1.478
-1.0127
-0.50702
-0.58581
-1.0559
-1.6055
-1.6076
-2.0023
-2.1229
-2.3224
-2.2465
-2.3283
-2.0941
-1.8989
-1.4259
-0.99139
-0.83376
-0.63599
-0.79591
-0.39841
-0.35898
-0.43924
-0.6396
-0.56026
-0.60093
-0.88229
-0.72262
-0.76355
-0.88501
-0.88588
-0.68522
-0.68587
-0.88844
-0.92968
-0.97098
-1.2553
-1.2159
-1.3386
-1.4209
-1.869
-2.0738
-2.3603
-2.2807
-2.4454
-2.1617
-1.9592
-1.7563
-1.267
-1.3087
-1.2277
-1.0647
-0.7785
-0.65596
-0.4102
-0.2873
-0.57489
-0.57517
-0.86318
-0.94582
-0.90509
-0.94663
-0.74114
-0.65904
-0.78289
-1.1129
-1.4019
-1.7323
-1.8152
-1.6919
-1.5272
-1.3624
-1.0736
-0.82602
-0.78484
-0.6197
-0.24791
-0.16529
-0.28928
0
0.20665
0.12399
0.04133
0.082659
0.24797
0.4959
0.7438
1.1982
1.3633
1.7762
2.1063
2.1886
1.9817
2.1877
1.9395
1.609
1.4848
1.773
2.1023
2.2664
2.5128
2.5119
2.4697
2.3453
2.0564
1.7678
1.1917
1.1501
0.6158
0.36929
0.20506
0.28692
0.53257
0.57321
1.0639
1.3086
0.81739
0.44928
0
-0.32632
0.16305
0.2444
0.36635
0.20338
-0.20323
-0.40615
-0.44642
-0.36497
-0.36468
-0.56682
-0.88999
-1.1722
-1.252
-1.6948
-1.4514
-1.289
-1.1671
-1.0856
-1.165
-1.0435
-1.0024
-1.1217
-1.2807
-1.3994
-1.438
-1.2769
-0.91687
-0.71683
-0.4774
-0.43717
-0.51612
-0.99151
-0.71314
-0.5145
-0.07907
0.31594
0.67066
0.78815
0.74793
0.70779
0.66773
0.51006
0.19596
0
-0.078208
-0.42966
-0.50721
-0.5456
-0.46713
-0.19442
0.38839
0.73709
1.1625
0.89022
0.61857
0.19308
0
-0.038527
-0.26938
-0.73031
-0.5375
-0.61358
-0.49795
-0.68868
-0.61145
-0.68709
-0.76255
-0.914
-1.1031
-1.7858
-2.0874
-2.0092
-2.0447
-2.0802
-2.0023
-1.8868
-1.5077
-1.1672
-0.67696
-0.37567
-0.037525
0.18742
0.29954
0.1122
0.3736
0.44784
0.14912
0.037239
-0.1488
-0.52024
-1.0023
-1.2979
-1.5558
-1.7393
-1.5526
-1.4033
-1.1437
-1.1057
-0.7732
-0.55175
-0.18374
0.22027
0.73353
1.0993
1.025
0.80462
0.3654
0.18254
-0.072949
-0.036442
-0.072821
0.072758
0.39983
0.2179
0.18144
-0.036257
0
0.2172
0.43405
0.79515
0.90289
0.86613
0.97368
1.009
0.86425
0.61175
0.64729
0.6828
0.46687
0.28712
0.14347
-0.3943
-0.64482
-0.53703
-0.50094
-0.85828
-1.108
-1.3217
-1.4639
-1.2847
-0.96305
-0.64172
-0.64143
-0.5699
-0.24922
-0.14235
0.071147
-0.071119
-0.17773
0.035533
0.49729
1.0653
1.1004
1.313
1.3126
1.3123
1.0637
0.92167
0.9569
0.67323
0.38968
0.21252
-0.070826
-0.28326
-0.38943
-0.88495
-1.1326
-1.5218
-1.4509
-1.38
-1.3445
-1.2383
-1.5214
-1.9105
-2.0166
-1.7336
-1.4506
-1.3446
-1.4154
-1.5924
-2.0526
-2.4422
-2.584
-2.6906
-2.7972
-2.6559
-2.6564
-2.6214
-2.7991
-2.7997
-2.8712
-2.9427
-2.7661
-2.625
-2.4837
-2.094
-1.5621
-1.4915
-1.421
-1.3859
-1.4575
-1.458
-1.5652
-1.5658
-1.78
-1.7095
-1.7458
-1.7465
-1.6759
-1.3913
-0.85656
-0.71412
-0.35723
-0.071479
0.32181
0.39352
0.39372
0.3223
-0.14332
-0.39433
-0.1076
0.10766
0.25134
0.39519
0
0.14387
-0.21593
-0.21606
0.03603
-0.18026
0.072148
0
-0.32506
-0.25298
-0.21698
0
0.072418
0.14493
0.54383
0.76186
0.94387
1.2351
1.0178
1.164
1.2012
1.202
1.1299
0.94827
0.9854
1.0226
0.73092
0.73141
0.40255
-0.03662
-0.21987
0.03667
0.25687
0.33048
0
-0.44124
-0.7727
-0.77322
-0.81059
-0.95862
-0.77479
-0.47995
-0.18472
-0.25878
-0.22196
-0.25912
-0.037042
0.25946
0.408
0.37115
0.11142
0.18581
0.59497
0.70697
1.0797
1.0804
1.0438
0.74602
0.67182
0.56018
0.29894
0.037389
-0.18706
-0.41176
-0.5618
-0.48717
-0.44994
-0.4877
-0.37535
0.22533
0.30059
0.41353
0.52657
0.71498
1.0542
1.3183
1.432
1.3573
1.0184
0.83016
0.64176
0.5665
0.4156
0.45356
0.3403
0.30261
0.41623
0.37853
0.1136
0.26515
0.11367
0.15161
0.22748
0.11377
-0.07587
-0.18973
-0.26568
0.075928
0.22783
0.41779
0.075977
0.11399
0.076005
-0.038009
-0.038015
-0.22812
-0.11408
0
-0.038034
-0.19019
-0.45648
-0.72281
-1.1033
-1.4838
-1.5219
-1.7502
-1.9024
-1.7883
-1.9024
-2.0164
-2.0544
-1.9401
-1.7498
-1.6736
-1.4452
-1.2929
-1.1407
-0.79836
-0.76023
-0.7221
-0.79797
-0.87381
-1.0256
-1.1013
-1.0251
-0.87304
-0.94871
-1.214
-1.0241
-0.91001
-0.79602
-0.83367
-0.79551
-0.75738
-0.6814
-0.37842
-0.2648
-0.18907
-0.30239
-0.30227
-0.56651
-0.71728
-0.67923
-0.56577
-0.67861
-0.67829
-0.71563
-0.82821
-1.0536
-1.053
-0.97729
-1.0895
-1.0513
-0.9757
-1.0502
-0.78718
-0.67433
-0.52417
-0.74837
-0.78531
-0.63534
-0.97109
-1.3437
-1.8278
-2.2367
-2.3097
-2.1965
-2.0462
-2.1935
-2.192
-2.1163
-2.0777
-2.1504
-2.0747
-2.0732
-2.1087
-2.2551
-2.1795
-2.1041
-1.955
-1.7323
-1.3627
-1.1041
-0.77226
-0.36746
0.11015
0.3302
0.87984
0.98904
1.1713
1.4263
1.4983
1.6066
1.5689
1.6405
1.5299
1.3467
0.9819
0.83575
0.58092
0.25394
0.47122
0.43462
0.47045
0.50622
0.83096
0.83027
1.1542
1.2253
1.2603
1.0434
0.719
0.79024
0.3948
0.39447
0.25082
0
-0.25041
-0.46466
-0.57142
-0.96349
-0.99836
-0.99755
-1.1747
-1.2449
-1.2084
-1.2074
-1.171
-1.3473
-1.4525
-1.593
-1.9454
-1.9793
-1.9424
-1.9056
-1.7278
-1.4799
-1.5492
-1.8294
-1.9335
-1.8267
-1.6849
-1.5083
-1.4371
-1.5761
-1.89
-1.5039
-1.5378
-1.5018
-1.5357
-1.6043
-1.6381
-1.637
-1.427
-1.0087
-0.72995
-0.72948
-0.55543
-0.72854
-0.6934
-0.38113
-0.31164
-0.27685
-0.48419
-0.51847
-0.72543
-0.93215
-0.96612
-0.93109
-0.96503
-1.0678
-0.92955
-1.5484
-1.582
-1.4781
-1.3743
-1.2019
-1.1326
-0.92626
-0.9944
-1.0282
-1.199
-1.13
-1.0611
-0.71849
-0.47879
-0.51278
-0.27337
0.13663
0.20487
0.23893
0.20472
0.34109
0.37507
0.20452
0
-0.13626
-0.47676
-0.20427
-0.23824
-0.10208
0
0.17004
0.408
0.30593
0.33985
0.64558
0.74736
1.0529
1.3244
1.426
1.29
1.1201
0.91634
0.71262
0.74647
0.94996
1.0177
0.91588
1.0176
1.0175
1.0514
1.187
1.187
0.91567
0.88175
1.0174
1.3227
1.3227
1.3567
1.1533
0.54274
0.067848
-0.61069
-0.78041
-0.64476
-0.33939
-0.2376
-0.20369
-0.4414
-0.47544
-0.67932
-0.84932
-0.98541
-0.88367
-0.95186
-1.0881
-1.1224
-0.98661
-1.123
-1.0552
-1.0556
-0.91965
-0.68144
-0.47717
-0.37505
-0.30697
-0.13648
-0.17067
-0.40977
-0.4441
-0.47846
-0.20514
-0.23944
-0.034222
0.068476
0.41105
0.65116
0.99437
1.2693
1.167
1.0647
0.85907
0.37821
0.24082
0.13769
0.10333
0.06893
0.10346
0.17254
0.069063
-0.31099
-0.13831
-0.31142
0.069253
0.13861
0.27742
0.24292
0
0
-0.4174
-0.52216
-0.69677
-0.83681
-1.012
-0.943
-0.80398
-0.80468
-0.66532
-0.73602
-0.94717
-1.0885
-1.2301
-1.0202
-1.3733
-1.3746
-1.3407
-1.2008
-1.1313
-1.0263
-0.92105
-0.63832
-0.4615
-0.42646
-0.88942
-1.3534
-1.5688
-1.4278
-1.358
-1.1806
-1.1104
-0.78894
-0.75397
-0.68299
-0.82778
-1.1171
-1.2628
-1.3005
-1.2659
-1.4124
-1.5593
-1.9244
-2.1451
-2.4392
-2.2237
-2.2997
-2.376
-2.0498
-2.0893
-1.7986
-1.6908
-1.5092
-1.327
-1.5505
-1.4418
-1.629
-1.891
-1.9681
-1.9711
-1.7506
-1.4548
-1.3076
-1.0851
-1.3867
-1.4639
-1.391
-1.318
-1.0561
-0.90666
-0.8703
-1.137
-1.101
-1.2549
-1.4093
-1.6788
-1.567
-1.6079
-1.534
-1.4982
-1.3084
-1.2721
-1.1585
-1.0445
-1.0076
-0.97057
-1.6335
-1.9092
-2.1858
-2.0334
-1.567
-1.4521
-1.6907
-1.4575
-1.1445
-0.94894
-0.51497
-0.23813
-0.27834
-0.43822
-0.5588
-0.79981
-0.72121
-0.60217
-0.44244
-0.4433
-0.32303
-0.080914
0.16214
0.040615
-0.61043
-0.93783
-1.43
-1.7603
-1.8868
-2.0961
-2.0179
-2.1457
-1.9019
-1.6986
-1.4944
-1.3726
-1.1253
-1.1276
-0.92063
-0.83863
-0.92435
-0.79991
-0.80153
-0.63407
-0.42356
-0.084884
0.46781
0.98012
0.8967
0.72736
0.42872
-0.042959
-0.21523
-0.34506
-0.38897
-0.34644
0
0.13044
0.043566
-0.34922
-0.52488
-1.008
-1.1417
-1.188
-1.1903
-1.1927
-1.195
-1.153
-1.333
-1.6917
-2.141
-2.3685
-2.5074
-2.557
-2.6518
-2.8819
-2.9324
-2.5311
-2.5811
-2.7673
-2.8633
-2.7774
-2.5088
-1.8279
-1.3276
-1.0548
-1.1485
-1.3806
-1.7057
-1.8933
-1.7115
-1.1121
-0.60337
-0.23245
0.18627
0.046642
-0.2803
-0.70188
-0.70298
-0.75101
-0.42309
-0.28249
-0.56583
-0.56667
-0.85125
-0.42624
-0.37942
-0.18997
0.047559
0.23812
0.52456
0.33425
0.66936
0.5266
0.76691
1.0558
1.3454
1.2026
1.0595
0.72322
0.62748
0.96639
1.5479
1.7915
1.5995
2.0862
2.1367
2.1387
1.5568
1.266
0.92591
0.63403
0.34167
0.19539
-0.048882
0
0.58737
0.97958
0.83314
0.98073
0.83407
0.93268
0.88401
1.0809
1.4746
1.6719
1.6725
1.1318
0.49221
0.24617
0.49245
0.83733
0.93599
1.4781
2.0695
2.2175
2.0697
2.0204
1.6261
1.5767
1.7736
1.1822
0.93578
0.49242
0.29538
-0.098432
-0.39361
-0.49184
-0.54082
-0.73717
-0.78596
-0.78558
-0.98147
-1.4714
-1.6176
-1.6656
-1.7134
-1.6144
-0.92883
-0.78158
-0.39048
-0.48769
-0.58473
-1.1684
-0.92413
-0.82605
-0.97085
-0.77588
-0.72661
-0.33871
-0.48333
-0.67586
-1.0608
-1.3484
-1.6834
-1.8734
-2.3506
-2.6348
-2.3441
-1.7197
-1.3356
-0.71443
-0.428
-0.18993
0.23703
0.66261
0.70877
0.84909
0.56509
0.94017
0.70388
0.98366
1.2156
1.12
1.3042
1.2088
1.3456
1.4819
1.4327
1.6143
1.2427
0.91862
0.64168
0.64031
0.41074
0.54645
0.49981
0.40802
0.090466
-0.04513
0.49528
0.49412
0.67222
0.62591
0.57981
0.13348
0.22192
0.22137
-0.1325
-0.088109
0.043943
0.39448
0.2186
0.13082
-0.043493
-0.086759
-0.043265
-0.30205
-0.25821
-0.55796
-0.42804
-0.46956
-0.46828
0
0.46571
0.8444
0.96836
0.71374
0.79547
0.70973
0.83261
1.2038
0.95205
0.74295
0.82313
0.9849
0.98206
1.1832
1.4645
1.7442
1.8604
1.734
1.4475
1.1225
0.8394
1.1159
0.99338
0.83197
0.94801
0.74828
0.66752
0.62639
0.66356
1.1286
1.2028
1.6635
1.4657
1.4613
1.2269
1.4908
1.3339
1.482
1.4776
1.4732
1.1298
0.60079
0.26207
-0.22397
-0.48383
-0.4824
-0.81396
-0.92224
-1.0299
-0.91684
-0.95073
-0.69274
-0.83614
-0.76121
-1.1204
-1.2614
-1.2218
-1.505
-1.3935
-1.247
-0.99475
-1.2753
-1.2011
-1.0216
-1.1241
-1.0859
-1.2925
-1.3935
-1.7023
-1.663
-1.8312
-2.0329
-2.2336
-2.0563
-1.914
-1.943
-1.9719
-2.1362
-2.1644
-2.125
-2.0186
-2.047
-2.2091
-2.2702
-2.3643
-2.2587
-2.0212
-1.7848
-1.9452
-2.2036
-2.2966
-2.422
-2.4488
-2.3778
-1.8848
-1.5885
-1.3261
-1.0326
-0.80487
-0.70667
-0.54483
-0.76744
-0.95717
-1.0187
-0.63531
-0.34866
-0.094885
0.094683
0.28345
0.031428
-0.2509
-0.75117
-1.1557
-1.3716
-1.3999
-1.1488
-0.83665
-0.52576
-0.30868
-0.40052
-0.55352
-0.82874
-0.94976
-1.1621
-1.2211
-1.1884
-1.1559
-1.1539
-1.061
-1.0592
-1.1178
-1.2668
-1.1743
-1.0522
-0.96047
-0.77915
-0.71809
-0.71699
-0.59658
-0.50634
-0.47585
-0.38606
-0.059309
0.32574
0.35485
0.44295
0.44235
0.32396
0.17647
0.058747
-0.088008
-0.41019
-0.35115
-0.11691
-0.23354
-0.34989
-0.49511
-0.55272
-0.66834
-0.95786
-1.1598
-1.3613
-1.4467
-1.2429
-0.98175
-0.95193
-0.86456
-0.69099
-0.63282
-0.57477
-0.63168
-0.88932
-1.1179
-1.2315
-1.0588
-0.97216
-0.88569
-1.0278
-1.3693
-1.6534
-1.8232
-1.7934
-1.8491
-1.7626
-1.5626
-1.4481
-1.6175
-1.5882
-1.5873
-1.4731
-1.3024
-1.0188
-0.79197
-0.87641
-0.81948
-0.84736
-0.87523
-0.81842
-0.42315
0.028199
0.53559
0.92991
1.0141
0.6477
0.39413
0.39402
0.47832
0.53446
0.84368
0.84349
0.95576
1.068
1.3207
1.461
1.5169
1.4044
1.1234
0.70203
0.3931
0.36499
0.28075
0.22459
0.19651
0.11229
0
-0.084216
0.11229
0.22459
0.36498
0.56154
0.50542
0.25273
0.084253
-0.084263
-0.309
-0.30905
-0.4496
-0.56209
-0.70274
-0.73099
-0.5343
-0.78756
-1.0691
-1.3226
-1.2666
-1.2388
-1.1265
-1.0705
-1.2399
-1.0712
-0.98694
-0.90266
-1.1287
-1.242
-1.4402
-1.4972
-1.5544
-1.4419
-1.3294
-1.5846
-1.6137
-1.5577
-1.3601
-0.99223
-0.73745
-0.42566
-0.22714
0.14204
0.42633
0.56876
0.76825
0.79715
0.74064
0.74108
0.82708
1.0844
1.1136
1.0858
1.1722
1.03
0.94476
1.0027
1.032
0.83194
0.91865
0.8044
0.94873
0.97819
1.0365
0.86441
0.69205
0.37515
0.40433
0.28904
0.14463
-0.057901
-0.37667
-0.84096
-1.219
-1.4233
-1.6862
-1.7168
-1.5727
-1.4867
-1.5464
-1.3726
-1.1984
-1.2288
-1.2886
-1.3777
-1.4964
-1.7328
-1.7639
-1.5597
-1.2667
-0.9731
-0.88554
-1.0046
-1.3311
-1.4805
-1.571
-1.543
-1.5744
-1.3085
-1.1313
-0.7153
-0.35805
-0.35846
-0.47849
-0.50898
-0.74937
-0.57019
-0.54082
-0.39106
-0.030117
-0.060308
0.060381
0.15114
0.21186
0.12121
0.42478
0.51646
0.73005
0.79191
1.1284
1.1299
1.1925
1.3166
1.533
1.5351
1.4142
1.4777
1.3256
1.6979
1.9785
2.1051
1.8601
1.7386
1.6478
1.3388
1.2161
0.90558
0.65674
0.34452
0.3764
0.34556
0.22023
0.18906
0.031559
-0.063215
-0.37988
-0.4756
-0.76217
-1.0178
-1.0195
-1.0849
-1.1187
-1.0564
-1.1864
-1.2205
-1.5765
-1.7724
-1.7754
-1.6814
-1.6519
-1.7196
-2.0801
-2.5395
-2.9027
-2.581
-2.291
-2.0983
-1.7079
-1.711
-1.8459
-1.8823
-1.6872
-1.5909
-1.2949
-1.2641
-1.3997
-1.6027
-1.7395
-1.4076
-1.1416
-0.97561
-0.94376
-1.0807
-1.2858
-1.2543
-1.019
-0.91891
-0.61381
-0.47835
-0.20541
0.10291
0.24061
0.65438
1.0008
1.1757
1.5246
1.5625
1.4265
1.3597
1.4673
1.4003
1.3682
1.3359
1.2682
0.98847
0.88442
0.85084
0.67501
0.56964
0.28543
0.035756
-0.17916
0.03591
0.071975
0.072132
-0.10843
0.14489
0.21782
-0.10915
-0.25524
-0.40198
-0.29299
-0.036705
-0.073574
-0.18435
-0.55427
-0.48145
-0.631
-0.74402
-0.85755
-0.63528
-0.59926
-0.82585
-1.204
-1.433
-1.4362
-1.4395
-1.139
-1.1036
-0.95356
-0.87929
-0.57477
-0.57609
-0.42344
-0.34725
-0.30938
-0.62018
-0.85472
-0.85669
-0.85867
-0.58681
-0.11763
0.039302
0.27575
0.47381
0.51448
0.119
-0.11928
-0.19926
-0.43938
-0.36032
-0.32103
-0.40221
-0.80628
-0.84854
-0.7695
-0.73068
-0.65099
-0.85638
-0.85835
-0.94225
-0.86228
-0.90541
-1.2375
-1.2403
-1.326
-1.329
-1.4985
-1.2933
-1.5471
-1.341
-1.05
-0.8419
-0.80159
-1.1416
-1.3984
-1.6563
-2.0005
-1.9196
-1.5818
-1.5424
-1.374
-1.2048
-1.3799
-1.4693
-1.6457
-1.6492
-1.4788
-1.3075
-1.2666
-1.313
-1.4473
-1.714
-1.4533
-1.4122
-1.3708
-1.1077
-1.3764
-1.6016
-1.7385
-1.6526
-1.6558
-1.9281
-1.5275
-1.6205
-1.4883
-1.5815
-1.675
-1.5874
-1.4995
-1.2291
-0.86648
-0.54824
-0.18307
0.41265
0.5971
0.8742
0.82962
0.69253
0.41622
0.23162
-0.046401
-0.27886
-0.093104
0.55952
0.84061
0.65483
0.28108
-0.046918
-0.23494
-0.51764
-0.28277
-0.18878
-0.37811
0.14199
0.33177
0.94921
1.4257
1.9987
2.0013
1.8607
1.8153
2.0567
1.9634
1.8219
2.0161
1.9703
1.5877
1.2041
0.33751
-0.4344
-0.53149
-0.58039
-0.43572
-0.53307
-0.8246
-0.82536
-0.7775
-0.63227
-0.14603
-0.53589
-0.68258
-0.82948
-1.1231
-1.2216
-1.1247
-0.83184
-0.9303
-0.7349
-0.4412
0.04905
0.24539
0.24551
0.58952
0.44235
0.54088
0.54111
0.54132
0.49229
0.73868
0.54186
0.34492
0.34501
-0.29579
-0.59171
-1.3809
-1.5784
-1.2826
-0.74005
-0.19736
0.39474
0.93754
1.2336
1.9244
2.0723
1.8748
1.7759
1.825
1.874
1.4299
0.93665
0.78857
0.93619
1.1822
1.4281
1.3784
1.3779
0.93462
0.59004
-0.14745
-0.44214
0.14731
0.4417
0.34336
0.53926
0.34297
0.19586
0.048935
0.34232
0.4887
0.78137
1.1224
1.1703
0.43854
0.53556
0.63242
0.77772
0.63135
0.38818
0.14544
-0.33904
-0.72583
-0.77347
-0.7727
-0.91666
-0.81933
-0.86662
-1.1543
-0.91279
-0.71983
-0.57522
-0.52668
-0.57389
-0.57321
-1.0019
-0.81009
-0.7139
-0.71301
-1.2343
-1.375
-1.5152
-1.797
-2.1252
-2.5468
-2.873
-2.9631
-2.959
-2.8141
-2.5291
-2.2916
-2.1482
-2.1917
-2.0022
-1.8133
-1.6249
-1.9005
-1.8051
-1.941
-2.0303
-1.8428
-1.702
-1.5156
-1.5132
-0.91564
-0.091418
0.18254
0.091124
-0.13646
-0.54497
-1.0882
-1.2675
-1.5817
-1.9852
-1.9819
-1.439
-1.0325
-0.62746
-0.44744
-0.53603
-0.80269
-0.9349
-0.97778
-1.198
-1.1074
-1.2382
-1.7658
-2.0714
-2.1119
-2.1523
-2.1048
-1.8386
-1.5296
-1.0471
-0.95824
-0.43484
-0.17365
-0.2167
-0.17307
-0.21598
-0.1725
-0.30137
-0.5158
-0.42913
-0.51412
-0.085547
-0.042705
0.29845
0.34055
0.93501
1.1457
1.2286
1.1844
1.0559
0.96991
0.58948
0.79879
0.7556
0.75447
0.58594
0.50149
0.8346
0.83339
0.74898
0.62326
0.16597
0.082869
0
-0.12396
-0.24759
-0.28847
-0.45271
-0.73984
-1.0262
-0.81995
-0.69608
-0.57254
-0.57184
-0.36717
-0.57048
-0.28491
-0.32524
-0.40609
-0.36508
-0.64832
-0.76906
-1.3343
-1.5349
-1.6141
-1.7335
-2.0137
-2.2532
-2.4522
-2.7311
-2.5281
-2.3255
-2.4036
-2.4818
-2.4398
-2.2381
-2.2764
-2.2349
-1.9143
-1.5942
-1.1949
-0.9155
-0.79562
-0.99396
-1.2318
-1.5489
-1.5085
-1.7855
-1.3088
-1.229
-1.07
-0.91113
-0.91082
-0.95013
-0.59366
-0.19784
0.15823
0.51415
0.94903
1.0675
0.83018
0.35576
0.079052
-0.039524
-0.15809
0.11857
0.27668
0.2767
-0.079065
-0.079075
-0.19772
-0.079101
-0.039559
0
-0.31663
-0.19795
-0.19802
-0.67349
-0.87191
-1.1102
-1.1106
-1.508
-2.0646
-2.2643
-2.3847
-2.1077
-1.7111
-1.7122
-2.0719
-2.7113
-3.0723
-3.394
-3.5964
-3.6393
-3.4422
-3.405
-2.9269
-2.8894
-2.9323
-2.6939
-2.2538
-1.8935
-2.1778
-2.2609
-2.223
-2.0232
-1.7419
-1.4601
-1.4212
-1.5449
-1.4654
-1.345
-1.5101
-1.1851
-0.65475
-0.40978
-0.16414
0.28766
0.41154
0.61823
0.45405
0.37206
0.37264
-0.12441
-0.33228
-0.62404
-0.79174
-1.0018
-0.58535
-0.54446
-0.71322
-0.50433
-0.71573
-0.50613
-0.71831
-0.59263
-0.33927
-0.042489
0.6811
0.7677
0.76918
0.72786
0.72929
0.5588
0.38763
0.34526
0
-0.26
-0.52107
-0.30459
-0.61046
-0.69913
-1.0071
-0.96541
-1.1874
-1.3222
-1.3692
-1.5493
-1.6414
-1.2893
-1.4259
-1.6524
-1.7456
-1.7495
-1.8434
-1.9378
-1.9422
-1.9014
-2.1326
-1.9556
-1.9601
-1.6449
-1.6945
-1.423
-1.5184
-1.7064
-1.8953
-1.9925
-1.9972
-1.7225
-0.9333
-0.46775
-0.18754
0.14099
-0.18843
-0.14166
-0.047332
0.47444
0.80846
0.90571
1.0034
0.81421
0.67211
0.62557
0.86821
1.0636
1.2115
1.2143
1.0711
1.0736
1.2228
1.3237
1.3268
1.1328
1.2341
1.2369
0.79343
0.69582
0.54795
0.24962
-0.050036
-0.20059
-0.20103
-0.50368
-0.40382
-0.050586
0.30417
0.40643
0.4582
0.35713
0.051125
0.051231
-0.41069
-0.61729
-1.134
-1.2912
-1.242
-1.8148
-1.5586
-1.6657
-1.356
-1.1495
-0.73289
-0.89158
-0.78812
-0.579
-0.21092
-0.15847
-0.10583
-0.053005
0
-0.26591
-0.26635
-0.10671
0.10688
0.69582
0.8041
0.59057
0
0
-0.10785
-0.48599
-0.81111
-1.1912
-0.81328
-0.76004
-0.54358
-0.48982
-0.81736
-0.65466
-0.54618
-0.21872
-0.38317
-0.38358
-0.10971
-0.10982
0.27481
0.77018
1.2114
1.8187
1.765
2.2081
2.0441
1.7692
2.2131
1.661
2.1607
1.9957
1.4977
0.99899
0.88846
1
0.88931
1.1121
1.1126
1.0573
0.94632
0.72387
0.61267
0.11142
-0.22289
-0.39011
-0.66886
-1.1706
-1.3379
-1.3937
-1.338
-1.2822
-1.3936
-1.1705
-1.449
-1.2816
-1.17
-1.2811
-0.83528
-0.33402
0.16696
0.33379
0.94538
0.94499
0.94457
0.77751
0.6661
0.33287
0.27723
0.49872
0.66454
0.83012
1.2167
1.05
0.88355
0.33107
0.49621
0.33053
0.2752
-0.43993
-0.43952
-0.65865
-0.98701
-1.0408
-0.93027
-1.2026
-1.2013
-1.1454
-1.471
-1.306
-1.1414
-0.86858
-0.81328
-0.92054
-0.97343
-1.1342
-1.1866
-0.96952
-0.80681
-1.0742
-1.0191
-0.8569
-0.53477
-0.10679
0.37321
0.7985
1.2225
1.592
1.8543
1.7455
1.5314
1.4234
1.3158
1.1559
1.1015
1.309
1.5158
1.6697
1.875
1.7157
1.6088
1.9166
1.758
1.445
1.0302
0.77121
0.6158
0.46096
0.71567
0.71428
0.45828
0
0.40576
0.40495
0.50518
0.50416
0.25157
0.4017
0.80176
1.1502
1.2975
0.94624
1.1431
0.69434
0.74238
0.59266
0.49285
0.44263
0.29447
0.58769
0.87966
0.5852
0.53529
0.67983
0.29073
0
-0.43423
-0.86661
-1.2491
-1.0546
-0.47835
-0.2864
-0.09526
-0.23764
-0.80623
-1.4197
-1.7944
-2.0733
-2.2099
-1.9706
-1.7791
-1.5417
-1.8181
-1.8607
-1.5782
-1.3896
-1.2942
-1.1531
-1.1506
-1.1941
-0.96244
-0.68601
-0.41074
-0.27325
-0.045447
-0.18141
-0.45258
-0.22582
-0.36057
-0.26987
-0.44886
-0.49274
-0.53644
-1.0261
-1.0685
-1.333
-1.5964
-1.5489
-1.2809
-1.2783
-1.2758
-1.3172
-1.3585
-1.3121
-1.1786
-0.74067
-0.73926
-0.78126
-0.69315
-0.69185
-0.56108
-0.6462
-0.258
-0.47214
-0.6855
-0.29936
-0.29883
-0.21307
-0.42538
-0.29724
-0.63584
-0.76168
-0.71813
-0.88558
-1.0104
-0.63042
-0.16783
0.12567
0.2091
0.20876
0.12505
-0.37455
-0.87257
-1.1616
-1.4911
-1.4475
-1.2388
-1.1957
-1.235
-1.1921
-1.1903
-1.2705
-1.2687
-1.1851
-1.0202
-1.304
-1.058
-1.0566
-1.1769
-1.6211
-1.8617
-2.0209
-1.9779
-1.8141
-1.9325
-2.0909
-1.9277
-1.845
-1.7226
-1.7205
-1.4786
-1.3172
-1.2359
-1.2345
-1.1535
-1.2317
-1.3494
-1.3875
-1.7424
-2.0174
-2.2129
-1.8553
-1.6167
-1.4575
-1.4954
-1.887
-2.2386
-2.2364
-1.6855
-1.6839
-1.3693
-1.1726
-1.2106
-1.0534
-0.89658
-0.54527
-0.23348
0.038881
0.34963
0.2329
-0.19392
-0.42628
-0.50339
-0.34822
0
0.23179
0.23162
0.23145
0.57819
0.77037
0.92378
1.0385
1.1147
1.2292
1.3435
1.496
1.5334
1.3409
1.3017
1.4922
1.5678
1.1465
0.76385
0.53438
0.38148
0.41938
0.8764
0.95207
0.38062
0
-0.79844
-1.064
-1.2534
-1.4805
-1.6694
-1.8203
-1.8573
-1.5912
-1.4011
-1.2112
-1.0593
-1.0588
-1.0583
-1.02
-0.98181
-1.0946
-1.2073
-1.0182
-0.75391
-0.48983
-0.037664
-0.18824
-0.33869
-0.26332
-0.1128
-0.037586
0.11271
-0.11267
0
0.037526
0.52516
0.89993
0.8621
0.78683
0.86144
0.63647
0.37425
0.22447
0.26178
0.33645
0.52317
0.70975
0.85886
0.78388
0.70897
0.3357
0.22372
0.41
0.78244
1.0801
1.0053
1.0049
0.78129
0.33471
0.037177
-0.26014
-0.52009
-0.89124
-0.89091
-0.63082
-0.66768
-0.66743
-0.55598
-0.48167
-0.81481
-0.62939
-0.59214
-0.036994
-0.03698
0.036965
-0.36951
-0.62791
-0.5169
-0.81194
-0.95917
-1.2907
-1.4007
-1.437
-1.3627
-1.2517
0.4048
