-1.0426
-1.0505
-1.073
-1.0715
-1.0455
-1.0075
-0.92932
-0.94726
-0.90968
-0.9572
-0.91674
-0.99366
-0.91852
-0.90161
-0.96145
-0.92523
-0.88615
-0.92562
-0.89879
-0.8218
-0.86024
-0.86745
-0.89378
-0.99115
-0.91925
-1.0036
-0.85644
-0.90098
-0.77865
-0.72356
-0.73625
-0.8152
-0.90486
-0.85096
-0.8299
-0.84
-0.83191
-0.82237
-0.92949
-0.89921
-0.9931
-0.99919
-1.0556
-1.0713
-1.0515
-1.0474
-1.0013
-0.95016
-0.9499
-0.96556
-1.008
-1.0886
-1.1635
-1.2105
-1.2059
-1.1584
-1.1124
-1.0541
-0.95563
-0.88907
-0.82888
-0.89483
-0.92844
-0.9412
-0.91972
-0.89223
-0.97593
-1.0135
-0.97284
-0.9685
-0.99969
-1.0213
-1.1027
-1.1347
-1.1637
-1.1459
-1.1564
-1.1158
-1.0878
-1.0135
-0.95968
-0.96206
-0.90229
-0.99694
-1.0051
-0.96182
-1.0526
-0.99378
-0.9837
-0.9857
-1.0625
-1.102
-1.0791
-1.044
-1.022
-0.98825
-0.98079
-0.97417
-0.94208
-0.93519
-1.0053
-0.95596
-0.99526
-0.93963
-0.97191
-0.98757
-1.0003
-1.0735
-1.0336
-1.0325
-0.96184
-0.99128
-1.0246
-1.0265
-1.0091
-1.0199
-1.0595
-1.0536
-1.1012
-1.1524
-1.1659
-1.0557
-0.93871
-0.80006
-0.76981
-0.77951
-0.84462
-0.83102
-0.98924
-0.96332
-0.96114
-0.94032
-0.99931
-1.0135
-1.053
-0.95303
-0.92338
-0.91256
-1.0071
-1.11
-1.1613
-1.1331
-1.0834
-1.061
-0.99693
-0.98538
-0.92736
-0.89388
-0.88686
-0.87619
-0.87752
-0.84169
-0.86736
-0.7381
-0.83959
-0.77004
-0.86504
-0.92373
-0.9966
-1.0678
-1.0421
-0.97043
-0.86978
-0.86647
-0.88088
-0.78707
-0.83656
-0.90356
-0.92424
-0.96139
-0.93411
-0.93797
-0.95674
-0.94146
-0.8595
-0.93768
-0.90038
-0.94081
-0.89858
-0.82302
-0.79216
-0.77372
-0.86819
-0.8691
-1.0021
-1.0193
-1.0471
-1.0009
-1.019
-1.0049
-1.0292
-1.0676
-1.1088
-1.1091
-1.1121
-1.074
-1.0373
-1.0329
-1.0227
-1.0388
-1.0871
-1.0814
-1.119
-1.0805
-1.0748
-1.1358
-1.1761
-1.2406
-1.2741
-1.2077
-1.1996
-1.1348
-1.1053
-1.0395
-1.0085
-1.0011
-1.0692
-1.0866
-1.1423
-1.0641
-0.94576
-0.9077
-0.89315
-0.97393
-1.0105
-1.0017
-0.96151
-0.91899
-0.87448
-0.89968
-0.9368
-0.94303
-1.0026
-1.0175
-1.017
-1.0429
-1.0164
-0.9404
-0.90758
-0.91697
-0.92946
-1.0357
-1.0814
-1.1189
-1.0821
-1.0763
-1.061
-0.93333
-0.88782
-0.86885
-0.92395
-0.94485
-0.96047
-0.93695
-0.84063
-0.80432
-0.79583
-0.81483
-0.92282
-0.93053
-0.97926
-0.97953
-0.9499
-0.98833
-1.0103
-0.99221
-0.97519
-0.9836
-0.96903
-0.95618
-0.97824
-1.0437
-1.0544
-1.0871
-1.1109
-1.0967
-1.0966
-1.0603
-1.0471
-1.0757
-1.0949
-1.1037
-1.1015
-1.0486
-0.98538
-0.96194
-0.98855
-1.0661
-1.1277
-1.1651
-1.1793
-1.1598
-1.1253
-1.074
-1.0696
-1.1051
-1.0751
-1.0445
-0.96962
-0.92652
-0.93431
-0.91926
-0.9276
-0.89275
-0.77596
-0.75894
-0.73841
-0.79315
-0.90904
-0.98888
-1.0293
-1.0268
-0.9994
-0.75267
-0.62862
-0.52269
-0.63214
-0.75962
-0.7936
-0.79771
-0.7924
-0.89474
-0.79354
-0.90544
-0.8366
-0.8828
-0.88172
-0.89823
-0.89092
-0.96737
-1.0193
-1.0993
-1.1332
-1.099
-1.1072
-1.0471
-0.99001
-0.95854
-0.95117
-0.96656
-1.0282
-0.99918
-0.94243
-0.92093
-0.91148
-0.99857
-1.0515
-1.0835
-1.1889
-1.132
-1.1006
-1.0355
-1.008
-0.99494
-0.94708
-0.93656
-0.96335
-1.0015
-0.99768
-0.95017
-0.96332
-1.025
-1.071
-1.0645
-0.99453
-0.95153
-0.92225
-0.95632
-1.0147
-1.0343
-1.0281
-1.022
-1.0295
-1.0152
-1.0046
-1.0229
-0.97081
-1.0214
-1.0369
-1.0404
-1.0696
-1.0308
-1.0559
-0.99558
-0.94336
-0.88542
-0.82212
-0.83405
-0.82699
-0.92895
-0.98546
-1.0966
-1.0878
-1.0937
-1.0708
-1.0753
-1.1122
-1.1392
-1.107
-1.1032
-1.0727
-1.0673
-1.0611
-1.09
-1.1062
-1.1199
-1.1316
-1.1484
-1.1254
-1.0976
-1.0284
-1.0096
-1.024
-1.0129
-0.98189
-0.97795
-0.99088
-0.94347
-0.98047
-0.95756
-0.99345
-1.0379
-1.0103
-1.0524
-1.0296
-1.034
-0.98374
-1.0016
-1.0312
-1.047
-1.0244
-0.97367
-0.98528
-1.0018
-1.0468
-0.98342
-0.995
-1.0053
-1.0295
-0.99246
-0.98781
-0.94903
-0.97879
-0.97969
-0.96806
-0.98844
-1.0023
-0.9842
-1.0369
-1.0676
-1.0645
-1.1259
-1.1222
-1.0344
-0.95129
-1.0068
-0.87995
-0.88794
-0.86734
-0.9417
-0.90529
-0.90123
-0.98215
-0.94853
-0.95827
-0.97893
-0.97115
-0.97801
-0.99194
-1.0282
-1.0306
-1.0359
-1.0266
-1.0427
-1.0113
-1.019
-1.0093
-0.99619
-0.9619
-0.98566
-0.98306
-0.96241
-0.96762
-0.96827
-0.98597
-0.99158
-0.97575
-0.99219
-0.99777
-1.0167
-1.0157
-1.0351
-1.0065
-1.0409
-1.0343
-1.0538
-1.0377
-1.0393
-1.0505
-1.0144
-1.0311
-1.0406
-1.0486
-1.02
-1.0859
-1.011
-0.95704
-0.93232
-0.9231
-0.9127
-0.95968
-0.97068
-0.94041
-1.0213
-1.0778
-1.0426
-1.0507
-1.054
-1.0406
-1.0784
-1.0255
-0.99209
-1.0077
-1.0506
-1.027
-1.1402
-1.0311
-1.0672
-0.91006
-0.91095
-1.0499
-0.97781
-1.015
-0.92017
-1.0047
-0.94351
-0.95063
-0.93813
-0.97054
-0.97656
-1.0354
-1.1576
-1.0623
-0.99653
-1.0445
-1.0589
-1.0731
-1.0237
-1.2185
-1.332
-1.3419
-0.63148
-0.22635
-0.68107
-1.0858
-1.0117
-0.72633
-1.0787
-0.79047
-0.93362
-1.0365
-0.91669
-0.99376
-0.96221
-0.92271
-0.85183
-0.91669
-1.0298
-1.0134
-0.99045
-0.98795
-0.92009
-0.93236
-0.93933
-0.92084
-0.98052
-1.0091
-1.0228
-1.0165
-1.0068
-1.0421
-1.0143
-1.0099
-1.0099
-1.0714
-1.0668
-0.96863
-0.99202
-0.90647
-0.95204
-0.97525
-0.97898
-0.99277
-1.0236
-0.99449
-1.0128
-1.0229
-1.0683
-1.0618
-1.0894
-1.1336
-1.0927
-1.0645
-0.96939
-1.0377
-1.0377
-0.92059
-0.94652
-0.77687
-0.82688
-0.86489
-0.9173
-1.0456
-0.94901
-0.8995
-0.83779
-0.82661
-0.90092
-0.97514
-1.0772
-1.1115
-1.1311
-1.1249
-1.104
-1.1038
-1.15
-1.1099
-1.0279
-0.96964
-0.84387
-0.83187
-0.69716
-0.75181
-0.74878
-0.84327
-0.77336
-0.87446
-0.8853
-0.89555
-0.90614
-0.88337
-0.94626
-0.95954
-0.99199
-0.97751
-0.88226
-0.85748
-0.86907
-0.82825
-0.80204
-0.75345
-0.69984
-0.78497
-0.79427
-0.94011
-0.9774
-0.96218
-0.9136
-0.80041
-0.85071
-0.85146
-0.93014
-0.94712
-0.9365
-0.94465
-0.91125
-1.0147
-0.91056
-0.91111
-0.92606
-0.98479
-1.0272
-0.99377
-0.98864
-0.87924
-0.79877
-0.80419
-0.83593
-0.96278
-0.94727
-1.0133
-1.0253
-1.0262
-1.0432
-1.0507
-1.0746
-1.0371
-1.0025
-0.94381
-0.93924
-0.98962
-0.9878
-0.99913
-1.0224
-0.98643
-0.87521
-0.91061
-0.87097
-0.89426
-0.87396
-1.0059
-1.0448
-1.0708
-1.0015
-0.98214
-1.0096
-1.0254
-1.0754
-1.105
-1.1268
-1.1196
-1.0934
-1.0681
-0.9891
-0.99427
-0.98822
-1.0664
-1.0413
-1.0602
-1.081
-1.0927
-1.1155
-1.1389
-1.1528
-1.1054
-1.0808
-1.0364
-1.025
-1.0361
-1.0253
-1.058
-1.0112
-1.0294
-1.0229
-1.0373
-1.0393
-1.0759
-1.0677
-1.0494
-1.0553
-0.99214
-1.0345
-1.0545
-1.0757
-1.0747
-1.0144
-1.0038
-0.9944
-0.98552
-0.98923
-0.97837
-1.0045
-0.97285
-1.0313
-1.0044
-0.94772
-0.84964
-0.88592
-0.96049
-1.0043
-0.98985
-0.98247
-0.95746
-0.94245
-0.99799
-1.0294
-1.029
-1.0539
-1.0806
-1.0765
-1.0954
-1.0852
-1.0794
-1.0898
-1.0963
-1.1516
-1.1171
-1.0739
-1.0757
-1.0332
-1.0607
-1.0799
-1.0528
-1.0256
-0.94273
-0.90762
-0.89513
-0.92151
-0.94405
-1.0248
-0.96187
-0.98837
-0.86947
-0.8592
-0.77586
-0.76594
-0.79641
-0.85009
-0.95482
-1.0346
-1.0779
-1.1807
-1.1601
-1.1281
-1.0995
-1.0751
-1.1105
-1.1272
-1.1486
-1.1343
-1.1484
-1.1185
-1.1371
-1.1197
-1.1111
-1.0871
-1.0732
-1.0578
-1.0279
-0.99361
-0.96602
-0.93138
-0.90199
-0.89153
-0.94015
-0.91795
-0.99395
-1.0138
-1.0304
-1.0569
-1.0594
-1.0296
-1.0047
-1.0304
-1.0604
-1.0826
-1.0504
-1.0643
-1.01
-1.0118
-1.0245
-1.014
-0.99206
-0.98192
-1.0414
-1.0916
-1.0869
-1.0265
-1.05
-1.0285
-1.0565
-1.0371
-1.0046
-1.0472
-1.0251
-1.0136
-0.97264
-0.91445
-0.90648
-0.88168
-0.88056
-0.95646
-1.0399
-1.0371
-1.0425
-1.0312
-1.0307
-0.97017
-0.97264
-0.9435
-0.94166
-0.98881
-1.0506
-1.0825
-1.1406
-1.1463
-1.1663
-1.132
-1.0642
-1.0076
-0.93817
-0.89078
-0.89015
-0.9374
-1.0081
-1.0261
-1.0517
-1.0837
-1.0227
-1.0432
-0.99991
-0.96842
-0.97263
-0.97793
-0.99588
-1.0043
-1.0249
-1.0361
-1.08
-1.1137
-1.1366
-1.1274
-1.0757
-1.0635
-1.0094
-0.98469
-0.9983
-0.99174
-0.99442
-1.0153
-1.081
-1.1271
-1.1732
-1.2031
-1.1841
-1.1181
-1.074
-1.0507
-1.0734
-1.1246
-1.1168
-1.1192
-1.0606
-1.0754
-1.0655
-1.1147
-1.1021
-1.1028
-1.0877
-1.1081
-1.1788
-1.1659
-1.1275
-1.0445
-1.0169
-0.91099
-0.79094
-0.79744
-0.78645
-0.85884
-0.82864
-0.94467
-1.0105
-1.1011
-1.0672
-0.98088
-0.85779
-0.69324
-0.61229
-0.57185
-0.44418
-0.56942
-0.58111
-0.58384
-0.62497
-0.78577
-0.85979
-0.90103
-0.97159
-0.98452
-1.0163
-0.95885
-0.95781
-0.87731
-0.89401
-0.84602
-0.96188
-0.99642
-1.034
-1.0882
-1.0549
-1.0669
-0.92861
-0.89622
-0.81688
-0.86296
-0.87742
-0.90736
-0.98641
-0.96364
-0.95481
-0.89113
-0.84038
-0.85403
-0.79574
-0.85259
-0.93846
-0.98762
-0.92255
-0.95244
-0.87721
-0.91385
-0.91964
-0.95671
-0.99579
-1.0225
-1.0812
-1.0672
-1.1133
-1.1003
-1.1318
-1.0583
-0.95318
-0.94985
-0.92877
-1.0662
-0.99728
-1.0161
-1.0221
-1.0154
-0.99503
-1.0572
-0.96936
-0.88513
-0.99349
-1.0186
-1.0165
-0.96021
-0.93182
-0.90345
-0.88832
-0.96772
-0.96365
-1.0116
-1.0429
-1.0442
-1.0166
-0.93624
-0.94563
-0.90508
-0.97659
-0.98742
-1.0355
-1.0489
-1.0287
-1.0222
-1.0525
-1.0968
-1.1326
-1.1486
-1.0857
-1.0118
-0.94907
-0.93264
-0.90289
-0.96857
-1.0464
-1.0636
-1.0445
-1.0258
-0.99521
-1.0402
-1.0746
-1.0982
-1.0465
-1.0077
-0.915
-0.93978
-0.90894
-0.9708
-0.97581
-0.92339
-0.97943
-0.89634
-0.93659
-1.0175
-1.0569
-1.0827
-0.98575
-0.91692
-0.87589
-0.94433
-1.0122
-1.0108
-1.0492
-0.99149
-0.93357
-0.91579
-0.92369
-0.91609
-0.93212
-0.98365
-1.0185
-1.0261
-1.0219
-1.0205
-1.0472
-1.0663
-1.0304
-1.0225
-1.0301
-1.0406
-1.0287
-1.031
-1.0478
-1.0017
-1.0083
-0.98907
-0.99693
-1.0182
-0.9797
-0.93496
-0.88289
-0.79441
-0.83266
-0.86622
-0.91133
-0.94158
-1.0566
-1.0898
-1.0431
-0.9988
-0.9967
-0.95424
-0.98039
-0.95272
-0.98049
-0.98216
-0.9847
-0.95991
-0.93395
-0.90565
-0.96983
-0.96141
-0.93604
-0.94815
-1.0102
-1.0191
-0.99104
-0.97767
-1.0277
-1.0305
-1.0596
-1.0427
-1.004
-1.0269
-1.0397
-1.0307
-1.0122
-1.045
-1.0563
-1.0568
-1.0062
-0.97714
-0.96917
-0.96957
-0.9916
-0.98539
-0.97757
-0.96885
-0.94721
-0.97401
-0.9998
-1.0015
-1.0399
-1.0804
-1.0894
-1.0915
-1.0869
-1.0872
-1.0921
-1.0761
-1.0109
-0.94271
-0.93507
-0.8692
-0.87732
-0.9612
-0.98596
-0.99331
-1.0381
-0.98812
-0.93749
-0.92444
-0.95966
-0.97877
-1.0322
-1.0123
-1.0305
-1.0514
-1.0985
-1.08
-1.0299
-1.015
-1.0112
-1.0624
-1.0221
-1.0683
-1.0291
-1.0483
-1.0119
-1.0404
-1.1113
-1.1168
-1.143
-1.1577
-1.172
-1.166
-1.1832
-1.1829
-1.1978
-1.1651
-1.1687
-1.1652
-1.1529
-1.1632
-1.1265
-1.0392
-0.99334
-0.97868
-0.98924
-1.0014
-0.99766
-1.0025
-0.96626
-0.95117
-0.9699
-0.9738
-1.0367
-1.0626
-1.0776
-1.0714
-1.0567
-1.069
-1.0375
-0.96112
-0.94584
-0.94436
-1.0181
-1.1079
-1.0876
-1.0542
-1.0325
-1.0091
-0.95636
-0.9548
-0.96471
-0.94458
-0.89384
-0.93854
-0.95323
-0.9659
-0.96273
-1.0135
-1.0073
-0.97286
-0.97949
-0.99995
-0.99446
-0.95071
-1.0432
-1.0047
-0.91482
-0.97478
-0.94115
-0.97555
-1.009
-1.0544
-1.1247
-0.97008
-0.92457
-0.87792
-0.85814
-0.90567
-0.9253
-0.9844
-1.0163
-1.0744
-1.0678
-1.0758
-1.0085
-0.99547
-0.94598
-1.0155
-1.0091
-0.99083
-0.98614
-0.94084
-0.94799
-0.95364
-0.95742
-1.0005
-1.0559
-1.0421
-0.9601
-0.9615
-0.90962
-0.97029
-1.0342
-0.96049
-0.98696
-0.98625
-0.97101
-0.96932
-1.0409
-0.92811
-0.96304
-0.93304
-0.85389
-0.86385
-0.81182
-0.87912
-0.91571
-1.0257
-1.048
-1.086
-1.0241
-0.97797
-0.96137
-0.95957
-0.92962
-0.95749
-0.92895
-0.88686
-0.91681
-0.96131
-0.99114
-1.0345
-0.94745
-0.91696
-1.0002
-1.0115
-1.0084
-1.062
-0.98791
-0.91378
-0.8394
-0.89004
-0.8978
-0.90525
-0.98147
-1.0725
-1.0991
-1.1039
-1.0463
-0.96555
-0.94424
-0.94051
-1.0749
-1.0147
-0.94895
-0.95904
-0.79667
-0.81415
-0.7764
-0.80608
-0.85142
-0.91229
-0.95191
-0.98865
-0.9686
-0.82038
-0.81867
-0.87213
-0.92607
-0.96199
-0.94303
-0.83273
-0.7942
-0.75507
-0.78729
-0.81898
-0.90364
-1.0054
-1.0711
-0.99522
-0.93516
-0.9406
-0.82253
-0.76882
-0.80688
-0.77514
-0.84252
-0.89987
-0.97609
-0.95718
-1.0506
-0.98972
-1.0398
-1.0719
-1.1102
-1.1558
-1.1879
-1.1415
-1.1012
-1.009
-0.92079
-0.9397
-0.97028
-1.0614
-1.0987
-1.0643
-1.0756
-1.0153
-1.0318
-1.0603
-1.0882
-1.1559
-1.155
-1.1115
-1.1182
-1.015
-0.97511
-0.94553
-0.96449
-1.006
-1.0224
-1.0411
-1.0572
-1.0727
-1.1309
-1.1379
-1.128
-1.0603
-1.0323
-0.97675
-0.93036
-0.92155
-0.90648
-0.89894
-0.91486
-0.80914
-0.84066
-0.81674
-0.88201
-0.92412
-0.98994
-1.0343
-1.003
-0.94479
-0.95567
-0.93975
-0.99958
-0.99537
-1.0153
-1.0003
-0.96482
-0.97657
-0.96885
-1.0495
-1.1009
-1.1565
-1.1754
-1.1473
-1.1123
-1.0474
-1.0032
-0.95702
-0.96181
-1.0173
-1.0041
-1.0303
-0.99981
-1.0309
-1.0185
-1.0677
-1.096
-1.0954
-1.1375
-1.1133
-1.074
-1.0191
-1.0485
-1.0721
-1.0887
-1.1073
-1.0517
-1.0047
-1.0331
-1.0507
-1.0454
-1.0282
-1.0101
-1.0392
-1.0317
-1.0353
-1.0121
-0.99942
-0.98455
-0.98059
-0.98807
-0.95465
-0.94697
-0.99329
-0.97413
-1.0528
-0.99836
-1.0166
-0.99619
-0.99304
-1.0075
-0.97672
-0.99215
-0.92208
-0.92953
-0.87831
-0.85373
-0.74978
-0.76388
-0.75447
-0.80982
-0.89342
-0.9218
-0.96415
-1.0049
-1.0299
-0.99576
-0.99531
-1.0274
-0.91667
-0.89681
-0.87875
-0.90433
-0.90029
-0.9937
-1.0123
-0.98525
-0.98307
-0.97829
-0.95872
-0.96481
-0.97071
-0.97731
-1.0098
-1.0319
-1.0096
-1.027
-1.0018
-1.0636
-1.0708
-1.0937
-1.0954
-1.0741
-1.0275
-0.95344
-0.95314
-0.92446
-0.91852
-0.94855
-0.98791
-0.98353
-0.93619
-0.97643
-1.0004
-1.0596
-1.0922
-1.0647
-0.98023
-0.97105
-0.95265
-0.9715
-1.0032
-1.0588
-1.0796
-1.0655
-1.0974
-1.0712
-1.0219
-0.97287
-0.95861
-0.95667
-0.96769
-1.0039
-1.0895
-1.1111
-1.138
-1.1354
-1.077
-1.0207
-0.99088
-0.98859
-1.0149
-0.98258
-0.95813
-0.90917
-0.83294
-0.82618
-0.84239
-0.86507
-0.92529
-0.91385
-0.94192
-0.89452
-0.91951
-0.92438
-1.006
-1.0421
-1.1409
-1.1979
-1.2243
-1.1871
-1.1208
-1.0492
-0.92283
-0.90984
-0.90471
-0.82779
-0.90236
-0.87504
-0.95047
-0.94326
-0.94741
-0.90598
-0.96053
-1.0225
-1.0525
-1.022
-1.0224
-1.0603
-1.0531
-1.0851
-1.0989
-1.107
-1.1096
-1.0484
-1.071
-1.0604
-1.0608
-1.047
-1.0545
-0.99877
-0.99032
-0.99407
-0.97385
-0.99108
-0.98292
-1.0221
-0.94487
-0.96194
-0.97361
-1.0054
-1.0472
-1.0551
-1.079
-1.0512
-1.0631
-1.0673
-1.0965
-1.08
-1.1569
-1.1186
-1.1186
-1.0996
-1.0489
-1.0135
-0.96573
-0.95482
-0.93964
-0.90381
-0.93224
-0.9127
-0.84599
-0.80696
-0.87143
-0.90814
-0.93093
-0.89278
-0.92825
-0.90034
-0.94638
-0.91482
-0.97472
-0.9441
-0.97524
-0.86894
-0.83703
-0.81723
-0.8387
-0.82604
-0.83927
-0.82078
-0.88345
-0.8863
-0.88562
-0.96946
-0.98324
-1.0636
-1.0696
-1.1088
-1.1273
-1.1278
-1.112
-1.0609
-1.0916
-1.1335
-1.1871
-1.1787
-1.1946
-1.1985
-1.1906
-1.2277
-1.1936
-1.2023
-1.1523
-1.1428
-1.0998
-1.0643
-1.0251
-1.0647
-1.0558
-0.98175
-0.93959
-0.86662
-0.89283
-0.88953
-0.88263
-0.97976
-0.98003
-1.0177
-1.0666
-1.0081
-0.9378
-1.0151
-1.0297
-1.0742
-1.0282
-0.9685
-0.98755
-0.88118
-0.90593
-0.87255
-0.92977
-0.87934
-0.93429
-0.91263
-1.0207
-1.1031
-1.0709
-1.0379
-0.97936
-0.95856
-1.0132
-1.0718
-1.1376
-1.1392
-1.137
-1.0506
-1.0827
-1.0063
-0.89386
-0.85855
-0.81766
-0.87798
-0.92239
-0.85653
-0.8019
-0.78981
-0.70917
-0.85749
-0.82557
-0.83292
-0.89184
-0.83185
-0.90781
-0.90087
-0.99519
-1.0382
-1.0948
-1.143
-1.1283
-1.1215
-1.0998
-1.0851
-1.1224
-1.1658
-1.2145
-1.1201
-1.0604
-0.9983
-0.98662
-0.87825
-0.80516
-0.7697
-0.80383
-0.86529
-0.86109
-0.88124
-0.83395
-0.89088
-0.94577
-0.94015
-0.93667
-0.90959
-0.91836
-0.98956
-0.98457
-0.96464
-0.96196
-0.97765
-0.92937
-0.9137
-0.87905
-0.96295
-1.0092
-1.0508
-1.0688
-0.99173
-0.87481
-0.82433
-0.78721
-0.92577
-0.98772
-0.9508
-0.95828
-0.97043
-1.0312
-1.0683
-0.97834
-0.99113
-1.0397
-1.0983
-1.0838
-1.0032
-0.89155
-0.93064
-0.92357
-0.92979
-1.0379
-0.88617
-0.98139
-0.74465
-0.78345
-0.77583
-0.81669
-0.92129
-0.944
-0.96091
-0.92511
-0.81219
-0.87207
-0.88335
-1.1022
-1.0486
-1.0619
-0.96015
-0.94833
-0.92481
-0.94754
-0.95923
-0.98351
-1.0418
-1.0842
-1.1141
-1.144
-1.1654
-1.1584
-1.12
-1.0997
-1.0392
-1.0016
-0.93566
-0.9292
-0.96178
-1.0219
-0.96115
-0.96754
-0.92509
-0.92265
-0.81859
-0.77918
-0.84233
-0.79399
-0.9016
-0.88676
-1.0097
-1.0346
-0.99849
-1.0177
-1.0245
-1.0003
-0.9078
-0.82983
-0.80028
-0.81867
-0.84855
-0.90491
-0.95135
-0.95552
-0.93809
-0.9187
-0.85659
-0.91267
-0.98278
-1.0552
-1.067
-1.0613
-1.026
-0.99966
-1.0218
-1.066
-1.0307
-0.96394
-0.96884
-0.95434
-0.95052
-0.8551
-0.81941
-0.86539
-0.80017
-0.89041
-1.0127
-0.95526
-0.96866
-0.93062
-0.94748
-0.91405
-0.95299
-0.92248
-0.8557
-0.91155
-0.87405
-0.88405
-0.86889
-0.89704
-0.89904
-0.87819
-0.89889
-0.886
-0.94141
-0.96691
-1.0059
-1.0349
-1.0332
-1.0275
-1.0415
-1.0863
-1.1155
-1.0925
-1.0733
-1.0074
-0.95215
-0.94456
-0.93475
-0.90855
-0.95639
-1.0264
-1.0518
-1.0718
-1.0223
-0.9833
-0.95552
-0.96433
-0.97258
-0.93376
-0.93394
-1.0198
-1.0511
-1.0756
-1.1165
-1.1615
-1.114
-1.0424
-0.98144
-0.90581
-0.90198
-0.9207
-0.91114
-0.96174
-1.0095
-1.08
-1.111
-1.054
-1.0218
-1.0019
-0.96979
-1.0098
-1.0008
-0.99076
-0.90926
-0.96586
-1.0075
-1.0465
-1.0508
-1.0666
-1.0409
-1.0181
-1.0606
-1.0743
-1.081
-1.0506
-1.0506
-1.0613
-1.0446
-1.1089
-1.0643
-1.1022
-1.1321
-1.1783
-1.1745
-1.0982
-1.0994
-1.0941
-1.0005
-0.9549
-0.84771
-0.80845
-0.93012
-1.0194
-0.99248
-1.0171
-1.0111
-1.0445
-1.0479
-1.062
-0.99982
-1.0263
-1.034
-1.0449
-1.0462
-1.0014
-1.0025
-0.95501
-0.96325
-0.99174
-1.029
-1.0533
-1.0551
-1.0249
-1.0303
-1.0155
-1.0023
-1.0564
-1.0781
-1.0666
-1.054
-1.0067
-0.96795
-0.95914
-0.99021
-1.0075
-1.0328
-1.0364
-1.0503
-1.0755
-1.0735
-1.0849
-1.0713
-1.043
-1.0774
-1.0779
-1.0832
-1.0423
-1.0442
-1.0058
-1.0637
-1.0904
-1.0828
-1.0259
-0.98765
-1.0056
-0.98394
-1.0083
-0.97995
-0.97384
-0.9651
-0.94057
-1.0263
-1.0433
-1.067
-1.0238
-0.99004
-0.94295
-0.94117
-0.97086
-0.96584
-0.9926
-1.0296
-1.0673
-1.0867
-1.1077
-1.1105
-1.1043
-1.0705
-1.038
-1.0163
-0.99708
-0.9901
-1.0136
-1.0334
-1.0952
-1.1571
-1.2026
-1.241
-1.1816
-1.1333
-1.0608
-0.99069
-0.94474
-0.87407
-0.84087
-0.82249
-0.90269
-0.94657
-1.0768
-1.117
-1.1263
-1.0316
-0.98189
-0.95176
-0.95453
-0.96478
-1.0356
-1.0479
-1.0515
-0.99986
-0.97447
-1.0069
-0.94123
-0.99733
-0.9329
-0.9279
-0.84932
-0.81675
-0.7809
-0.8782
-0.95612
-1.0158
-1.0586
-1.0034
-1.0321
-0.93161
-0.9143
-0.88132
-0.86435
-0.91108
-0.9223
-0.94544
-0.93169
-0.92899
-0.95202
-0.86686
-0.95441
-0.97885
-1.0535
-0.99379
-0.9763
-0.94986
-0.96369
-0.96932
-1.0369
-1.0851
-1.0587
-1.0725
-1.0816
-1.0631
-1.0513
-1.0214
-1.0465
-1.0256
-0.97827
-0.95724
-0.96481
-0.93771
-1.0579
-1.0709
-0.90122
-0.803
-0.80305
-0.67577
-0.76094
-0.82752
-0.90914
-0.89654
-0.90899
-0.91875
-0.94259
-1.0179
-1.0846
-1.1471
-1.1528
-1.1039
-1.087
-0.98801
-0.9595
-0.967
-0.98588
-1.0259
-1.0244
-1.0207
-1.0025
-1.0272
-1.0342
-0.96427
-0.99031
-1.039
-1.1464
-1.1483
-1.1762
-1.1488
-1.1822
-1.1714
-1.1273
-1.0494
-1.0538
-1.0708
-1.0648
-1.0826
-1.0521
-1.092
-1.1058
-1.0739
-1.0069
-0.95944
-0.88367
-0.91299
-0.9619
-1.0532
-1.0241
-1.0509
-1.043
-1.003
-1.0195
-1.038
-1.0915
-1.1079
-1.089
-1.0668
-1.0623
-1.0868
-1.1191
-1.1471
-1.0833
-1.0282
-0.94097
-0.9127
-0.9357
-0.94023
-0.93868
-0.91441
-0.99468
-0.90812
-0.86324
-0.81322
-0.84024
-0.91111
-0.92985
-0.99238
-1.0213
-0.95933
-0.94481
-0.9618
-0.92317
-0.94484
-0.9397
-0.94992
-0.96022
-0.94154
-1.0053
-1.0244
-1.0678
-1.0259
-0.96872
-0.85828
-0.87686
-0.85518
-0.90586
-1.013
-1.1052
-1.1291
-1.1011
-1.0463
-1.0532
-1.1001
-1.1113
-1.0979
-1.093
-1.0004
-0.99531
-0.99527
-1.0548
-1.0031
-1.0222
-1.0216
-0.92166
-0.89394
-0.79039
-0.72646
-0.64642
-0.69338
-0.76279
-0.70554
-0.7821
-0.79578
-0.86474
-0.96802
-1.0638
-1.0814
-1.0828
-1.0597
-1.0858
-1.1248
-1.1044
-1.0812
-1.0638
-0.99564
-0.99109
-0.91166
-0.83615
-0.79482
-0.91139
-0.89834
-0.98163
-0.96441
-0.9406
-0.9275
-0.87254
-0.94093
-0.98329
-1.0673
-1.0929
-1.0632
-1.0411
-0.98806
-1.0046
-1.0412
-1.1122
-1.1217
-1.0321
-0.8902
-0.87617
-0.85748
-0.86603
-0.86907
-0.74422
-0.88896
-0.88716
-0.94608
-0.96126
-0.95191
-0.88929
-0.87234
-0.86833
-0.86311
-0.87201
-0.94794
-0.97191
-1.0004
-1.0599
-1.1766
-1.1567
-1.1482
-1.0232
-1.0591
-1.0092
-0.95932
-0.98158
-0.93826
-0.88286
-0.81189
-0.88706
-0.80402
-0.79796
-0.81491
-0.73442
-0.75061
-0.77602
-0.84155
-0.98715
-1.0989
-1.1593
-1.1118
-1.1027
-1.0922
-1.0658
-0.98067
-0.96539
-0.9109
-0.94128
-0.95825
-0.97363
-0.87373
-0.95719
-0.91998
-0.84034
-0.90044
-0.91977
-0.87383
-0.8457
-0.89432
-0.95758
-1.0065
-1.1023
-1.1114
-1.1238
-1.0356
-1.0382
-1.0125
-1.0771
-1.0976
-1.1035
-1.0795
-0.96402
-0.97056
-0.96142
-0.98209
-1.0003
-1.0145
-1.0384
-0.98369
-1.02
-0.92909
-0.8652
-0.82818
-0.8174
-0.95278
-1.0013
-1.0993
-1.0485
-1.0303
-1.0322
-1.0549
-1.0747
-1.0547
-1.0412
-0.99345
-0.97208
-0.99055
-0.97907
-1.0199
-0.93615
-0.96167
-0.90333
-0.8973
-0.91457
-0.98484
-0.9509
-0.96034
-1.013
-1.0278
-1.0076
-0.99338
-0.99825
-1.0081
-1.0632
-1.0657
-1.0107
-0.96572
-0.91473
-0.85677
-0.90723
-0.86337
-0.93823
-0.97547
-1.0181
-1.0177
-1.0169
-0.99498
-1.012
-1.0117
-1.0289
-1.0534
-1.0646
-1.0626
-1.0575
-1.0706
-1.0901
-1.0669
-1.0441
-1.0066
-0.97775
-0.94354
-0.87394
-0.95705
-1.0229
-0.97704
-1.0309
-0.93993
-0.90586
-0.89965
-0.95267
-0.98985
-0.92334
-1.0075
-0.99001
-0.97508
-0.97741
-0.9967
-1.0024
-1.0083
-1.0128
-0.93918
-0.90778
-0.81299
-0.94025
-0.94347
-0.98705
-0.98387
-1.0352
-1.0019
-0.95713
-0.96876
-0.96941
-1.0116
-1.0171
-1.0246
-0.99547
-0.99292
-0.99082
-0.96329
-0.99861
-1.033
-1.0663
-0.98637
-0.96935
-0.92818
-0.98661
-1.0205
-1.0414
-1.0602
-1.0027
-0.98933
-0.99394
-0.99202
-0.9951
-0.98194
-0.95554
-0.93908
-0.97179
-1.0235
-1.0776
-1.102
-1.1615
-1.1793
-1.147
-1.1336
-1.0639
-1.0349
-1.0281
-0.99131
-1.0163
-0.99562
-1.0412
-1.049
-1.0791
-1.0672
-1.0234
-1.0031
-0.90435
-0.93743
-0.90654
-0.93831
-0.96927
-0.98014
-1.0407
-0.94765
-0.86273
-0.82519
-0.78018
-0.82065
-0.90646
-0.89608
-0.96626
-0.99806
-0.96597
-0.923
-0.94507
-0.95671
-0.97377
-1.025
-1.039
-1.0146
-0.99226
-0.98395
-0.98758
-0.97236
-0.95206
-0.89855
-0.89869
-0.86858
-0.91955
-0.98207
-1.057
-1.0808
-1.0947
-1.0662
-1.0327
-1.0254
-1.0167
-0.9923
-0.98989
-0.97105
-1.013
-1.0526
-1.1037
-1.1306
-1.111
-1.1924
-1.2163
-1.2427
-1.1354
-1.0746
-0.97349
-0.917
-0.90449
-0.93489
-0.99542
-1.0455
-1.0987
-1.0643
-1.0774
-1.074
-1.0885
-1.1225
-1.0992
-1.1176
-1.0606
-1.0282
-1.0072
-0.98245
-0.95087
-0.98203
-0.88727
-0.86916
-0.84085
-0.86297
-0.93447
-0.93875
-0.97946
-0.94874
-0.93329
-0.98432
-1.0495
-1.0934
-1.1064
-1.0778
-1.0436
-0.99072
-0.96609
-1.0063
-1.0368
-1.0034
-1.0311
-1.028
-1.0181
-0.93496
-0.88483
-0.90582
-0.8818
-0.92551
-0.97323
-1.0481
-1.031
-1.0377
-1.068
-1.1025
-1.0939
-1.1307
-1.1166
-1.0989
-1.0859
-1.0761
-1.068
-1.0601
-1.0605
-1.0477
-1.0305
-1.0186
-0.97223
-0.99259
-1.0299
-1.0656
-1.0819
-1.0996
-1.1289
-1.133
-1.1222
-1.0782
-1.076
-1.0687
-1.0947
-1.0762
-1.0503
-1.026
-1.0347
-1.1228
-1.1269
-1.0839
-1.0482
-1.0313
-0.98176
-0.93551
-0.98589
-0.90699
-0.89879
-0.8691
-0.89635
-0.9035
-0.94095
-1.0411
-1.0575
-1.0964
-1.1383
-1.0955
-1.093
-1.061
-1.0889
-1.0869
-1.1354
-1.1407
-1.13
-1.0285
-0.97982
-0.97621
-0.96799
-0.99417
-0.98422
-0.99319
-0.90221
-0.8315
-0.84485
-0.86811
-0.91681
-0.94738
-0.97666
-0.9787
-1.0835
-1.0258
-1.0463
-1.018
-1.0544
-1.0537
-0.98002
-0.8881
-0.82417
-0.79001
-0.861
-0.97166
-1.0234
-0.90608
-0.87552
-0.71186
-0.6626
-0.72557
-0.79669
-0.85512
-0.8143
-0.90224
-0.86646
-0.90332
-0.91998
-1.0127
-1.037
-1.0171
-1.0175
-1.0158
-1.0353
-1.0547
-1.0967
-1.1967
-1.1739
-1.0874
-1.0639
-1.029
-1.0191
-0.9598
-0.87079
-0.92942
-0.82711
-0.83183
-0.68336
-0.70545
-0.77522
-0.9447
-1.0503
-1.0264
-0.99963
-0.97202
-0.92901
-0.85727
-0.81904
-0.84085
-0.93258
-0.95658
-0.97257
-1.0177
-1.0382
-1.0349
-1.1288
-1.1853
-1.2308
-1.1828
-1.0657
-0.90495
-0.90575
-0.93065
-1.0466
-1.0887
-1.0857
-1.1189
-1.0861
-1.0687
-1.0193
-1.0396
-1.0441
-1.038
-1.0975
-1.0733
-1.0653
-0.99832
-0.95409
-0.95007
-0.88701
-0.86245
-0.86124
-0.7938
-0.7696
-0.82511
-0.93945
-0.90967
-0.99076
-1.0029
-0.95357
-0.99312
-0.98787
-0.91572
-0.9531
-0.964
-0.96303
-0.9869
-0.98647
-1.0208
-1.0208
-1.056
-1.0611
-1.0711
-1.0547
-1.0013
-1.0592
-1.0572
-1.0694
-1.0627
-1.0362
-1.0456
-1.0575
-1.0229
-0.96184
-0.98525
-0.99535
-1.0043
-1.0391
-1.019
-0.9685
-1.0145
-0.95844
-1.0162
-0.96871
-0.90294
-0.89489
-0.88515
-0.95045
-0.92223
-0.96881
-1.1051
-1.0697
-1.0172
-0.88847
-0.82074
-0.84274
-0.894
-0.9597
-0.96765
-1.0483
-1.0719
-1.0678
-1.0079
-0.97741
-0.96173
-0.94608
-0.8875
-0.9122
-0.90707
-0.95572
-1.0159
-1.0467
-0.98236
-1.0261
-1.0038
-1.0489
-0.95211
-1.0017
-0.93709
-0.99232
-0.99755
-1.0037
-1.0094
-1.0133
-1.0145
-0.99926
-1.0341
-0.9606
-0.92543
-0.87675
-0.94311
-0.95713
-1.0203
-1.0695
-1.117
-1.0668
-1.0292
-0.95728
-0.95631
-1.0012
-0.98965
-0.99075
-1.0159
-0.99961
-1.0859
-1.0784
-1.0873
-1.0681
-1.087
-1.1096
-1.0507
-1.0248
-0.95814
-0.91092
-0.89657
-0.95438
-0.99373
-0.97496
-0.96309
-0.99649
-1.0255
-1.0405
-1.0445
-1.0515
-1.0054
-1.0212
-0.98478
-1.0205
-1.0379
-1.0593
-1.0728
-1.0412
-1.0445
-1.0575
-1.0166
-0.95643
-0.96258
-0.91358
-0.94289
-0.95465
-0.98468
-1
-1.0035
-1.0495
-1.0671
-1.1301
-1.1018
-1.1227
-1.1039
-1.063
-1.0692
-1.0386
-1.0766
-1.0623
-1.0593
-0.95394
-0.91412
-0.94644
-1.0145
-1.0333
-0.98499
-1.055
-0.95971
-0.81807
-0.85291
-0.86835
-0.96887
-0.97492
-1.0579
-1.0395
-1.0975
-1.1509
-1.1552
-1.1214
-1.1059
-1.1324
-1.0754
-1.1214
-1.09
-1.1111
-1.0598
-1.0606
-1.0415
-0.95426
-0.96766
-0.92875
-0.93218
-0.91559
-0.95744
-0.86883
-0.90327
-0.84471
-0.87193
-0.86502
-0.8555
-0.93967
-0.92443
-0.95925
-1.0022
-1.0168
-1.0296
-1.0309
-1.0444
-1.0702
-1.1082
-1.0976
-1.1219
-1.1116
-1.0982
-1.1219
-1.1238
-1.1537
-1.1603
-1.1721
-1.1212
-1.1021
-1.0927
-1.0804
-1.0133
-0.96419
-0.8414
-0.88586
-0.81598
-0.8503
-0.87812
-0.92593
-0.88346
-0.94274
-0.96835
-1.0396
-1.0449
-1.051
-1.0481
-1.05
-1.0912
-1.0832
-1.0711
-1.0648
-1.0623
-1.0957
-1.1296
-1.1511
-1.0777
-1.0245
-0.98098
-0.95973
-0.91463
-0.92799
-0.91762
-0.97724
-1.0594
-1.0931
-1.1258
-1.1229
-1.1441
-1.109
-1.0653
-1.0723
-0.97719
-0.9453
-0.93018
-0.98374
-1.086
-1.1454
-1.1256
-1.0577
-0.90098
-0.80817
-0.8745
-0.76349
-0.86085
-0.80974
-0.79152
-0.71053
-0.64359
-0.61221
-0.67953
-0.70192
-0.80192
-0.81453
-0.8033
-0.79024
-0.87351
-0.89601
-0.86116
-0.79065
-0.77705
-0.7112
-0.68321
-0.8293
-0.80062
-0.88831
-0.87073
-0.9616
-0.96481
-0.88832
-0.88691
-0.88431
-0.86818
-0.94583
-1.0079
-0.95755
-0.99854
-0.98303
-1.0565
-1.0995
-1.1482
-1.1544
-1.1281
-1.0791
-1.0548
-1.0307
-0.99434
-0.98337
-0.99872
-0.92238
-0.86942
-0.85352
-0.82051
-0.90723
-0.99067
-1.0982
-1.0936
-1.0752
-0.9769
-0.96251
-0.92354
-0.96859
-1.0162
-0.99635
-0.93415
-0.92539
-0.96939
-0.95243
-0.94406
-0.84836
-0.85904
-0.93185
-0.96114
-0.93869
-0.97931
-0.97187
-1.0844
-1.0561
-1.111
-1.1565
-1.1045
-1.1154
-1.1117
-1.0361
-1.0599
-1.0798
-1.0813
-1.0339
-1.0111
-0.94261
-0.93996
-0.94816
-0.91842
-0.92905
-0.83061
-0.77344
-0.70936
-0.72648
-0.65255
-0.76145
-0.7977
-0.87914
-0.91915
-0.99691
-1.0503
-1.0146
-1.042
-1.072
-1.0546
-1.0692
-1.0273
-1.0373
-1.0826
-1.1641
-1.1542
-1.1364
-1.1189
-1.0513
-1.0545
-1.0007
-1.0367
-1.0055
-1.0542
-0.99379
-0.91516
-1.0308
-0.945
-1.0402
-1.0198
-0.99693
-0.96696
-0.9937
-0.96668
-0.95273
-0.94521
-0.95463
-0.98323
-0.9833
-1.0144
-1.0023
-1.0103
-1.0237
-1.0057
-1.0247
-1.0229
-1.052
-1.0112
-1.0185
-1.0247
-1.0087
-1.0119
-1.0143
-1.0359
-1.0291
-1.0621
-1.0046
-1.0137
-0.96007
-1.0545
-1.0692
-0.97615
-0.95452
-1.0053
-0.96144
-0.95698
-0.99346
-0.99751
-0.92862
-0.97601
-0.98967
-1.0191
-0.98752
-1.0032
-1.02
-1.0022
-1.03
-1.0292
-0.99289
-0.98192
-0.9711
-1.0126
-0.98593
-1.0372
-0.99651
-0.9846
-0.92198
-1.005
-1.0223
-1.0223
-0.93856
-0.97647
-0.96411
-0.98702
-0.99085
-1.0435
-1.0208
-1.0534
-1.0416
-1.0148
-1.0227
-1.0396
-1.0528
-1.0689
-1.0146
-1.0699
-0.96947
-1.0083
-0.93618
-0.85814
-0.9602
-0.9343
-0.97351
-0.9521
-0.9303
-0.99493
-0.95969
-0.97798
-0.95834
-0.97014
-0.98095
-0.98833
-0.9926
-1.0185
-1.03
-1.0261
-1.0442
-0.98511
-1.0221
-1.0091
-1.0295
-1.0128
-1.0416
-1.0352
-1.0129
-1.0481
-1.0022
-1.0029
-0.94873
-0.96421
-1.002
-0.97628
-0.99365
-0.9706
-0.9872
-1.007
-1.0462
-0.99948
-0.97305
-0.97809
-0.96627
-1.0026
-1.0175
-1.0165
-1.031
-1.0053
-1.0143
-1.0126
-0.99593
-1.0257
-1.0595
-1.0466
-1.0234
-1.0016
-0.95962
-0.91689
-0.90939
-1.0071
-0.98229
-1.0316
-1.0102
-1.0291
-1.0387
-1.06
-1.1012
-0.95864
-1.0145
-1.0045
-1.0052
-1.0174
-0.98382
-0.97847
-0.98605
-0.94749
-0.94045
-1.0083
-0.99052
-0.98144
-0.97211
-1.0343
-0.9898
-1.0288
-0.99546
-0.99395
-1.0182
-1.0211
-1.0133
-1.0046
-1.0651
-1.0229
-1.0143
-1.0136
-1.0285
-1.0429
-1.0113
-1.0457
-1.0959
-0.99158
-1.0365
-1.0599
-1.0279
-1.0156
-1.0454
-1.043
-1.0294
-1.0895
-1.0465
-1.0073
-0.96306
-1.0042
-0.99896
-1.0245
-1.0315
-1.0355
-1.0167
-1.0052
-0.9884
-0.97324
-1.0006
-1.009
-1.0082
-1.0082
-1.0189
-1.0281
-1.0216
-1.0043
-0.96739
-0.98164
-0.96408
-0.98787
-1.0088
-1.0507
-1.0315
-0.99718
-1.0025
-0.99432
-1.0235
-1.0361
-1.0074
-1.0039
-1.0264
-1.0418
-1.021
-1.0126
-1.0024
-0.93995
-1.0171
-1.0226
-1.0863
-0.97756
-1.02
-0.95691
-0.99086
-0.97352
-0.99509
-0.99978
-0.98071
-1.0013
-0.96828
-1.0287
-0.98621
-0.98063
-0.94689
-0.94479
-1.0175
-1.0114
-1.0121
-1.0151
-1.0063
-0.98462
-0.97625
-0.99708
-0.96591
-0.99027
-0.95122
-1.0244
-1.0054
-1.0065
-1.0062
-1.0164
-1.0293
-0.99204
-0.97717
-0.99913
-0.99239
-1.0414
-1.017
-0.99828
-0.99528
-1.0147
-0.99147
-0.99388
-1.0234
-1.0245
-1.0465
-1.0387
-1.0438
-0.99041
-0.98906
-0.90794
-1.0111
-0.94098
-0.97285
-0.99703
-1.0098
-0.98172
-1.0187
-1.0368
-0.9814
-1.0396
-0.98228
-0.9972
-0.97305
-1.0074
-1.012
-1.0226
-1.0689
-1.0334
-1.0815
-1.026
-1.0689
-1.0578
-0.94289
-0.99739
-0.98909
-0.99815
-0.99728
-0.96758
-1.0493
-1.0008
-1.0522
-0.99252
-1.1028
-0.95176
-1.0203
-0.97519
-0.89351
-0.93963
-1.0016
-0.94701
-1.0037
-1.0333
-0.99489
-1.0839
-0.95972
-1.0205
-1.0086
-0.88409
-1.022
-0.91809
-0.94732
-1.0002
-0.98796
-0.97506
-0.98381
-1.0071
-0.98592
-0.99833
-1.0072
-1.0209
-0.97824
-0.96208
-0.98567
-0.96707
-0.95517
-0.98862
-1.0078
-0.98976
-1.018
-0.98172
-0.99702
-1.0164
-1.0304
-1.0519
-1.0057
-1.0248
-0.99862
-1.0265
-0.9856
-1.0115
-0.98948
-0.94386
-0.98959
-0.96055
-1.0066
-1.0127
-1.0471
-1.0612
-1.0391
-1.0955
-1.0615
-1.0447
-1.053
-1.08
-1.1203
-1.1199
-1.1389
-1.0936
-0.96315
-1.031
-0.99754
-0.99947
-1.0682
-1.0897
-1.0801
-1.1103
-0.98575
-1.1596
-1.0818
-1.0063
-1.0353
-0.87793
-1.0557
-1.0324
-0.93992
-0.90964
-0.92356
-1.0611
-1.0823
-1.0047
-0.94423
-1.0759
-0.93979
-1.0369
-0.88964
-1.0082
-0.86871
-0.99536
-1.0169
-0.94067
-0.96944
-1.0099
-1.0535
-0.99997
-0.99641
-0.95317
-0.97905
-0.92437
-0.96087
-0.99916
-0.95758
-1.0056
-0.99345
-1.0296
-1.0265
-1.0374
-1.0522
-1.0377
-1.04
-0.96583
-0.93407
-0.92761
-0.9452
-0.99944
-0.98475
-1.0075
-0.96065
-1.0176
-0.97759
-1.0185
-0.9739
-1.022
-1.0517
-1.076
-1.1097
-1.063
-0.97717
-0.99123
-1.0575
-0.99599
-1.0454
-1.0052
-0.93503
-0.95023
-1.018
-0.99936
-0.88086
-0.96642
-0.9607
-0.98869
-1.007
-0.95097
-0.97487
-0.98019
-1.0068
-0.99671
-0.95094
-1.0182
-1.0011
-1.0165
-1.0297
-1.0352
-1.0084
-1.0096
-1.0102
-1.0072
-1.0216
-1.0318
-1.0288
-0.98075
-0.97011
-0.98638
-0.9484
-0.94954
-0.95969
-0.96087
-0.96115
-0.97707
-0.99469
-1.0049
-1.0169
-1.0136
-1.0302
-1.0067
-1.0243
-1.0234
-1.0276
-1.0288
-1.047
-1.0246
-1.0066
-1.0269
-1.0012
-0.99558
-1.0105
-0.94266
-0.96164
-0.99176
-0.98308
-0.97931
-0.97135
-0.95952
-0.94619
-0.97785
-0.98867
-1.0118
-1.0471
-1.0225
-1.0042
-1.0081
-1.0217
-1.0405
-1.0207
-1.0098
-1.01
-1.0059
-1.0436
-1.0485
-1.0404
-0.97371
-1.1324
-0.95892
-0.94915
-0.97583
-0.97307
-1.019
-0.97842
-1.0071
-0.96408
-0.97766
-1.0497
-0.98931
-1.0002
-0.95347
-1.0499
-1.0047
-1.0493
-0.91299
-0.97282
-0.97221
-0.99868
-1.0318
-1.0017
-1.0111
-0.95999
-0.96383
-0.98025
-1.0592
-1.055
-1.0287
-1.0093
-0.99533
-1.0079
-1.0181
-0.97748
-1.0026
-0.97042
-1.0053
-1.0401
-1.0527
-1.018
-1.0586
-1.0927
-1.0629
-1.1085
-1.1002
-1.0458
-1.0179
-1.0138
-0.98786
-0.98423
-1.0147
-1.0876
-1.1157
-1.1269
-1.1537
-1.1354
-1.1421
-1.0535
-1.0642
-1.0299
-1.0426
-1.0814
-1.0518
-1.0775
-1.0355
-1.0088
-0.90588
-0.91057
-0.90622
-0.81609
-0.88801
-0.93983
-1.0467
-1.1009
-1.1203
-1.0759
-1.0717
-1.0522
-1.0509
-1.0569
-1.0365
-1.0328
-0.98718
-0.98972
-1.0054
-1.0836
-1.1103
-1.0795
-1.0136
-0.95239
-0.89698
-0.84879
-0.83505
-0.88036
-0.93108
-1.011
-1.0248
-1.07
-1.1014
-1.1431
-1.103
-1.0489
-0.98247
-0.96353
-0.99163
-1.0188
-1.1063
-1.1665
-1.1971
-1.2153
-1.1577
-1.0949
-0.99644
-0.97694
-0.86229
-0.78785
-0.8037
-0.80916
-0.86345
-0.87683
-0.98066
-1.017
-1.0614
-1.0267
-1.0232
-1.0388
-1.0383
-1.0591
-1.0526
-1.0293
-1.0111
-1.0338
-1.0191
-0.96153
-0.99265
-0.89466
-0.94055
-1.0069
-1.0378
-0.92707
-0.8685
-0.8866
-0.93956
-1.0013
-1.0719
-1.0936
-1.059
-1.039
-1.022
-0.9968
-1.0172
-1.0602
-1.0726
-1.0339
-1.0278
-1.0022
-1.0397
-1.0478
-1.0581
-1.0817
-1.0779
-1.0881
-1.0705
-1.0559
-1.055
-1.0683
-1.0733
-1.0449
-1.0161
-0.9982
-0.97838
-0.92874
-0.98479
-0.97025
-1.0254
-1.0203
-1.0118
-0.96849
-0.96816
-0.85236
-0.84542
-0.90239
-0.90967
-0.96652
-0.88983
-0.89676
-0.95536
-1.0154
-1.0594
-0.98134
-0.93663
-0.76539
-0.78727
-0.82504
-0.8957
-0.90854
-0.91674
-0.93751
-0.86811
-0.89819
-0.92459
-0.9012
-0.95627
-0.99513
-0.91677
-0.9465
-0.96549
-0.96064
-0.97541
-1.0385
-1.0634
-1.0772
-0.98804
-0.91112
-0.84564
-0.91547
-0.91981
-0.98176
-0.92943
-0.88799
-0.88775
-0.912
-0.90196
-0.90295
-1.0097
-1.0187
-1.0549
-1.0691
-1.0158
-0.97107
-0.97071
-1.027
-1.0479
-1.0953
-1.1247
-1.1447
-1.0919
-1.0438
-0.98323
-0.89274
-0.94979
-0.86752
-0.88786
-0.8988
-0.96202
-1.0296
-1.0315
-1.0561
-1.0881
-1.0782
-1.0798
-1.0937
-1.0778
-1.0691
-1.0632
-1.0909
-1.0943
-1.0936
-1.1095
-1.1098
-1.0934
-1.1035
-1.0937
-1.0962
-0.99502
-0.93544
-0.90732
-0.89905
-0.96773
-0.98783
-0.90165
-0.86531
-0.79613
-0.84504
-0.91283
-1.0234
-1.0879
-1.1004
-1.0791
-1.0284
-1.0277
-1.0422
-1.0507
-1.0749
-1.0834
-1.0874
-1.0763
-1.0709
-1.0925
-1.119
-1.161
-1.0991
-0.99677
-0.96364
-0.95332
-0.96704
-0.97805
-0.97073
-0.90039
-0.89508
-0.92853
-0.84233
-0.88463
-0.95481
-1.0103
-1.0664
-1.0374
-1.0105
-1.0152
-0.95073
-0.87434
-0.95054
-0.89479
-0.98073
-0.95745
-0.91407
-0.93282
-0.86166
-0.90662
-0.8435
-0.84734
-0.76001
-0.82864
-0.80552
-0.79642
-0.8521
-0.86877
-0.97918
-0.98481
-1.001
-0.89214
-0.88645
-0.80851
-0.85223
-0.89069
-0.98594
-1.0518
-1.0486
-1.0384
-1.0332
-1.106
-1.1322
-1.1654
-1.1455
-1.1428
-1.177
-1.1013
-1.0789
-0.99111
-0.97734
-0.97349
-0.96825
-1.0081
-0.98762
-1.0363
-1.0467
-1.0672
-1.0746
-1.0326
-1.0538
-0.98802
-0.99821
-0.98231
-1.0301
-1.0245
-0.95122
-0.96862
-0.86461
-0.87791
