0
-0.080482
-0.24172
-0.40327
-0.20182
-0.040395
-0.16169
-0.16179
-0.16186
0.16192
0.44539
0.44545
0.60745
0.72889
0.97168
0.76902
0.60688
0.68746
0.32332
0.12116
0.16142
0.12095
0.16111
0.1207
0.32149
0.52177
0.12025
-0.24015
-0.35967
-0.4788
-0.63733
-0.8748
-1.3892
-1.7431
-1.8584
-1.6573
-1.4964
-1.4539
-1.5292
-1.5649
-1.7566
-1.5189
-1.2434
-1.0854
-1.0441
-1.003
-1.193
-1.2668
-1.3786
-1.2987
-1.3717
-1.2543
-1.2891
-1.2481
-1.3204
-1.2043
-1.0136
-0.74903
-0.63515
-0.41001
-0.40905
-0.4823
-0.40718
-0.48014
-0.58965
-0.80905
-0.77066
-0.62261
-0.54828
-0.58371
-0.87395
-1.1268
-1.4515
-1.5578
-1.7
-1.7336
-1.5508
-1.4047
-1.2231
-1.2217
-1.1845
-1.3984
-1.7913
-1.7183
-1.574
-1.5015
-1.1434
-0.82149
-0.74983
-0.74967
-0.60681
-0.53542
-0.64258
-0.85695
-1.1072
-1.3578
-1.3943
-1.4668
-1.3963
-1.6841
-1.6857
-1.4362
-1.3301
-0.82787
-0.57672
-0.25269
-0.072315
-0.21732
-0.29029
-0.76348
-0.8379
-0.98573
-0.91476
-0.7702
-0.62502
-0.36859
-0.36957
0.074116
0.11149
-0.14909
-0.29907
-0.3
0
-0.22646
0.11361
0.304
0.64826
1.0333
0.99865
0.96383
0.61919
0.34964
0.62402
0.46988
0.74698
1.0264
1.0702
1.1941
1.3191
1.4853
1.9755
1.9435
2.2774
2.4099
2.3795
2.184
2.3178
2.4113
2.4638
2.6006
2.2751
1.6081
1.0627
0.982
0.60037
0.94758
0.99497
0.91239
0.82904
0.65729
0.74807
0.97212
1.0649
0.80189
0.93929
0.94299
0.45078
0.2715
-0.36335
0.091169
0.32023
0.68861
0.13819
-0.13865
-0.27818
-0.46508
-0.46648
-0.56139
-0.84444
-1.0349
-0.89603
-1.0873
-0.90031
-0.94978
-0.95175
-0.81056
-1.0509
-1.0048
-1.198
-1.8235
-1.8259
-1.3469
-1.1075
-0.91562
-0.96448
-0.91676
-0.82059
-0.62767
-0.62773
-0.43456
-0.3862
-0.19303
-0.19294
0.096405
0.048164
0.5293
0.38452
0.096011
0.14382
0.095729
0.14335
0.33387
0.52362
0.42751
0.37915
0.89831
1.2262
1.5051
1.7823
2.0109
2.1912
2.1378
2.2697
2.1234
1.9779
1.7874
1.872
1.9103
2.0386
2.2108
2.1118
1.7001
1.5146
1.0644
1.0155
0.57135
0.52496
0.7402
0.91002
0.90564
0.94416
0.68329
0.97737
1.0571
1.1359
1.2976
1.3744
1.4502
1.4016
1.4355
1.3466
1.0556
0.80784
0.56263
0.43983
0.2387
0.11876
0.35451
0.11759
-0.039005
-0.27172
-0.2318
0.076902
0.49755
0.99055
0.94818
0.86848
0.86473
0.82363
0.93207
0.85405
1.1096
0.84743
0.51391
0
-0.14579
-0.50857
-0.50693
-0.32488
-0.43189
-0.21534
0.46532
0.53555
0.53428
0.14216
-0.070932
-0.14159
-0.14135
0.035281
0.28184
0.24631
0.35149
0.35117
0.10527
0
0.35058
0.59587
0.84121
1.0166
1.2274
1.4034
1.7906
2.1085
2.4273
2.3599
2.3985
2.473
2.3358
2.2694
1.99
1.6028
1.2854
1.0024
0.68207
0.25203
-0.18058
-0.76093
-1.0544
-1.2771
-1.3917
-1.5073
-1.7717
-1.6678
-1.5632
-1.4579
-1.577
-1.4333
-1.5158
-1.6372
-1.6069
-1.6148
-1.4296
-1.5145
-1.4832
-1.4124
-1.3014
-1.1892
-1.0759
-1.1616
-1.4496
-1.9024
-2.2785
-2.4948
-2.5076
-2.479
-2.2839
-1.9613
-1.4677
-1.1798
-1.016
-0.76546
-0.42715
-0.30029
0.21539
0.25951
0.34734
0.21789
0.3061
0.57035
0.57211
0.66203
0.75228
0.62102
0.044455
-0.35632
-0.35691
-0.5361
-0.49197
0
-0.089571
0.089591
0.17917
0.13433
0.044744
0.13409
0.17855
0.22281
-0.044473
-0.1331
-0.22124
-0.35291
-0.043965
-0.26281
-0.30536
-0.78175
-0.95093
-1.3761
-1.4969
-1.4032
-1.1833
-0.88178
-0.50046
0.12423
0.32881
0.32626
0.08091
-0.080235
-0.2784
-0.43358
-0.46864
-0.61894
-1.1109
-1.2136
-1.2387
-1.523
-1.4332
-1.4176
-1.4019
-1.315
-1.4757
-1.4586
-1.7503
-1.8991
-1.8762
-1.7211
-1.4712
-1.1948
-0.73349
-0.56689
-0.62201
-0.82919
-1.0614
-1.2277
-1.1827
-1.0803
-0.98029
-0.76875
-0.70297
-0.61097
-0.60347
-0.65031
-0.61568
-0.68766
-0.6011
-0.43909
-0.15318
0.075715
0.42423
0.56759
0.61023
0.53125
0.26284
0.070945
-0.21069
-0.34769
-0.55096
-0.56854
-0.63095
-0.64769
-0.61997
-0.79046
-0.84942
-1.0157
-1.2654
-1.4266
-1.5859
-1.7435
-1.8368
-1.888
-1.9598
-2.0928
-2.1026
-1.9707
-1.9215
-1.7525
-1.6456
-1.5599
-1.6548
-1.7297
-1.7453
-1.9
-1.8177
-1.7757
-1.7147
-1.6741
-1.6538
-1.575
-1.6149
-1.4583
-1.302
-1.1853
-1.029
-0.91217
-0.65596
-0.63785
-0.3999
-0.14045
-0.080561
0.060671
0.18283
0.061238
0.14363
0.12379
0.083006
0.12528
-0.04203
-0.084634
-0.17048
-0.23615
-0.49762
-0.65432
-0.63781
-0.82084
-0.94014
-1.0166
-0.98076
-0.99042
-0.93065
-1.0579
-1.2592
-1.2969
-1.6271
-1.8667
-2.1866
-2.2879
-2.3409
-2.4726
-2.2948
-2.1918
-2.0594
-2.2487
-2.4429
-2.5588
-2.3112
-1.9711
-1.8532
-1.7612
-1.7855
-1.7198
-1.6214
-1.4269
-1.1009
-1.0526
-0.80859
-0.85273
-0.79816
-0.80931
-0.78638
-0.69328
-0.38656
-0.39185
-0.25275
-0.47571
-0.51914
-0.60114
-0.60898
-0.69392
-0.78082
-0.55341
-0.48019
-0.5265
-0.45079
-0.16583
-0.25158
-0.29679
0
0.17326
0.17505
0.088405
0.044635
0.40552
0.45471
0.59636
0.41639
0.32653
0
0.1895
0.47719
0.38441
0.87065
0.7788
0.58759
0.68941
0.69309
0.34829
0.14997
0.15063
-0.25208
-0.10121
-0.20313
-0.050946
-0.051094
0.10246
0.15405
-0.25729
-0.67017
-0.82614
-0.82726
-0.46585
-0.88073
-0.82949
-0.62241
-0.88201
-0.67455
-0.77827
-0.93372
-1.5556
-1.8658
-2.4343
-2.8982
-2.9475
-2.583
-2.3223
-1.9589
-1.5447
-1.2857
-0.8218
-0.61557
-0.66601
-0.97214
-0.5621
0.20414
0.71362
0.91641
0.71196
0.66039
0.050748
-0.050701
-0.45593
-0.30373
-0.40472
-0.7079
-0.9098
-0.90958
-0.70737
-0.45475
-0.50538
-0.91
-1.1634
-0.9111
-0.10132
0.50714
1.2694
1.8306
1.7826
1.8879
1.4827
1.3323
1.7979
2.2147
2.531
2.746
2.8071
2.7126
2.4085
1.9975
1.8474
1.4843
1.4379
1.7658
1.667
1.2432
1.0325
0.43716
-0.38472
-0.44229
-1.0012
-1.3434
-1.9717
-1.9848
-2.1124
-1.9546
-1.621
-1.3995
-0.70486
-0.65093
-0.65585
-0.48063
-0.60544
-0.6712
-0.1845
0.061991
-0.49991
-0.56693
-0.19051
-0.38411
-0.064539
0.45545
1.0495
1.3225
1.2665
1.6127
1.4224
1.1606
0.96326
0.76272
0.48909
0.070398
-0.070921
-0.28576
-0.43171
-0.21737
0.072955
0.29377
0.44353
0.6695
0.67361
0.45173
0.75718
1.142
1.2245
1.7691
1.6229
1.3197
1.4813
1.6437
1.7284
1.0248
0.63265
0.71377
0.31805
0.15939
0.79851
1.0398
1.1213
0.48109
0.5617
-0.4014
-0.72262
-0.64223
-0.16048
0.48107
1.5218
1.9996
1.4373
1.4344
1.1131
1.5068
0.86987
2.0496
2.1212
2.5047
1.9491
1.4751
0.61831
0.3077
-0.076543
0.076146
1.136
1.0543
1.5722
1.5627
1.7009
1.4695
1.8978
1.0875
0.432
-0.21447
-0.42587
-0.8455
-0.76929
-0.41645
-0.41327
-0.47844
-0.20345
0.067284
-0.066752
0.52978
0
-0.52135
0.32324
0
0.063617
0.18933
0.18782
0.12423
-0.30812
-0.061144
-0.36403
0
0.059752
0.94889
1.0008
1.2857
1.3926
1.671
1.8312
1.9326
2.2587
2.3004
2.4533
2.4938
2.4241
2.3555
1.9612
1.5173
1.4556
1.3948
1.5485
1.6479
1.0057
0.57991
0.15756
0
0.10431
-0.10399
-0.51846
-0.51709
-0.51586
-0.30885
-0.66791
-0.6668
-1.0244
-0.30696
-0.51112
0.45969
0.71475
1.1229
1.2251
1.5828
1.1749
1.2269
0.71635
0.97333
0.82078
0.77071
0.66916
1.0316
0.82708
1.14
0.88318
1.4587
1.254
1.5724
1.2621
1.1609
1.5887
1.6477
1.9742
1.8749
2.3129
1.8905
1.8986
1.9613
1.9153
1.5941
1.5461
1.3868
1.2818
1.2317
1.2937
0.84762
0.51092
0.17109
0.17187
0.51792
0.75142
1.045
1.166
0.4098
0.35268
0.17703
-0.11846
-0.17834
-0.47721
0
0.18009
0.48162
0.84508
0.54459
0.78835
0.66836
0.66948
0.91421
1.4034
1.6488
1.3441
0.85554
1.161
1.0383
0.73232
0.54861
0
-0.54677
-0.96986
-0.90686
-0.48221
-0.84101
-1.0174
-1.3707
-1.839
-1.4757
-1.2329
-0.93388
-0.87008
-0.40335
-0.40052
0
0.16904
0.39117
0.49859
0.54898
0.5438
0.69999
0.31977
-0.052731
-0.26077
-0.46407
-0.61153
-0.85592
-0.84535
-1.1292
-1.5022
-1.4344
-1.5563
-1.4417
-1.3754
-1.5363
-1.3802
-1.0526
-0.60476
-0.68056
-0.37688
-0.49462
-0.60848
-0.7185
-0.74619
-0.61817
-0.76009
-0.71023
-0.73528
-0.86775
-0.99559
-0.97907
-0.55018
-0.47342
-0.099768
-0.098119
-0.16084
-0.34805
-0.40462
-0.27558
-0.12051
0.14823
0.52517
0.57437
0.56546
0.75167
0.54835
0.6752
0.71846
0.78671
0.98226
1.0194
0.90484
0.76863
0.56271
0.48296
0.42915
0.259
0.1163
0.045972
-0.24994
-0.53924
-0.80008
-0.9456
-1.1101
-1.2285
-1.2809
-1.3326
-1.3628
-1.2889
-1.0517
-1.064
-1.0968
-1.2907
-1.3823
-1.5529
-1.6822
-1.791
-1.9384
-1.9292
-1.7072
-1.681
-1.7519
-1.8997
-1.9707
-2.0039
-1.8854
-1.9771
-1.9364
-2.2189
-2.2743
-2.3117
-2.4256
-2.332
-2.2961
-2.2799
-2.3407
-2.2881
-2.1597
-2.0123
-1.7685
-1.6589
-1.4716
-1.3221
-1.2109
-1.1187
-1.0062
-0.89273
-0.75831
-0.64257
-0.70745
-0.63093
-0.61501
-0.72296
-0.77031
-0.6507
-0.55041
-0.598
-0.53881
-0.52215
-0.54921
-0.62128
-0.65011
-0.81558
-0.77864
-0.71783
-0.79626
-0.75814
-0.71919
-0.63084
-0.56494
-0.54715
-0.55414
-0.5358
-0.6721
-0.57628
-0.45132
-0.56514
-0.4911
-0.47029
-0.50498
-0.96741
-0.98128
-0.87834
-0.9208
-0.72329
-0.61159
-0.74472
-0.75572
-0.83083
-0.71344
-0.65821
-0.36739
-0.40673
-0.13759
-0.20943
-0.1771
-0.071878
-0.072927
-0.11098
0.26269
0.15226
-0.038607
-0.19575
-0.67486
-1.0867
-1.3871
-1.3231
-1.1732
-1.316
-1.3761
-1.4807
-1.4994
-1.5179
-1.6267
-1.829
-1.9891
-1.8715
-1.8925
-1.8175
-1.837
-1.5631
-1.1842
-1.0963
-1.2075
-1.8282
-2.306
-2.0161
-1.7726
-1.6295
-1.4835
-1.4949
-1.237
-1.1916
-1.1998
-0.65869
-0.4971
-0.55562
-0.33527
-0.56179
-0.847
-0.96458
-0.56999
-0.17173
0.74717
0.40384
0.69472
0.69697
0.81557
1.6356
1.2298
1.4086
1.0586
0.88375
0.41306
0.53179
0.65069
0.17762
0.05925
0.17784
-0.059298
-0.35583
-0.71162
-1.6008
-1.7779
-1.6584
-1.1837
-0.41392
-0.41349
0
0.29461
0.88253
1.2923
1.7006
1.756
1.6358
1.6908
1.8035
2.2639
1.9111
1.7332
1.3831
0.86225
-0.11467
-0.62896
-1.1404
-1.4784
-1.1907
-1.2438
-1.3529
-1.5737
-1.2328
-1.0614
-0.61264
-0.2221
-0.44282
-0.16554
0.11002
0.21936
0.054669
0.59949
1.0323
1.6248
1.6738
1.9917
2.2002
2.1401
2.347
2.4463
2.28
2.0619
1.7923
1.5243
1.2055
0.47041
0.36487
0.20793
0.57027
0.56877
0.72202
0.6173
-0.10263
0.15357
0.1532
0.61136
0.60996
0.45645
0.60727
0.40399
0.15118
-0.10059
0.050195
0.1503
0.20004
0.44928
0.54818
0.69654
0.79478
0.79357
0.94099
0.89022
0.64208
0.54261
0.19708
0.24606
0.14748
0.73666
1.1285
1.2255
1.5674
1.4194
1.4673
1.6131
1.8564
1.8555
1.5131
1.2686
1.0731
0.8778
0.53635
0.68256
0.48752
0.68255
0.5851
0.78025
0.39021
0.68305
0.53686
0.048824
-0.24423
-0.87968
-1.1247
-1.3211
-1.4689
-1.4209
-1.1769
-0.39262
0.14736
0.39333
0.44293
0.44339
-0.049318
-0.49373
-0.4943
-0.74234
-0.74325
-0.7442
-0.94388
-0.69642
-0.797
-0.74823
-0.79925
-1.0005
-1.5531
-1.6557
-1.7085
-1.8117
-1.7641
-1.7164
-1.4157
-1.5698
-1.4201
-1.6255
-2.1368
-2.2931
-2.2456
-2.1468
-1.8942
-1.4356
-1.181
-1.1314
-1.133
-1.1862
-1.0846
-0.87923
-0.88042
-0.72601
-0.77886
-0.36392
-0.31231
-0.36478
-0.5217
-0.31335
-0.36595
-0.7326
-0.78564
-0.73389
-0.57709
-0.31501
0.10507
0.21027
0.21039
0.15787
0.57909
0.68462
0.84284
1.2118
0.57965
0.052699
-0.47429
-0.63233
-0.63223
0.052674
0.84252
0.52638
0.78921
0.42069
0.47299
0.47266
0.20992
0.10487
0.26194
0.20935
0.36598
-0.15667
-0.52162
-0.62516
-0.5723
-0.83128
-0.77819
-0.7252
-1.0344
-1.0843
-0.72163
0.20581
0.71903
1.3328
1.6884
1.4297
1.5287
1.6781
1.8775
1.5189
0.65674
0.35283
0.4023
0.55186
0.80079
0.8987
0.84669
0.99363
1.1398
1.4829
1.7749
1.967
2.0599
1.9077
1.7563
1.8002
1.5042
1.3065
1.496
1.6362
1.4877
1.2443
1.2886
1.1422
1.0915
0.70986
0.4719
0.47056
0.32846
0.093578
-0.046656
-0.093045
-0.046389
0.18503
-0.046124
0.13797
0.32101
0.41153
0.41035
0.27277
0.27198
0.36159
0.2704
0.8987
1.2993
1.3402
1.6925
1.6431
1.8154
1.8983
1.9366
1.7553
1.7063
1.5266
1.5655
1.1705
0.82116
0.086171
-0.085902
-0.64225
-0.85363
-1.3189
-1.4843
-1.2682
-1.1376
-0.88191
-0.92084
-0.75089
-0.87308
-0.7458
-0.57806
-0.16459
0.123
0.61283
1.0584
1.4196
1.4952
1.4091
1.5642
1.718
1.7512
1.784
1.5005
1.0619
0.90088
0.85817
0.81575
0.92835
0.88587
0.80534
0.45818
0.26608
0.075682
-0.11301
-0.037496
0.037321
0.37145
0.44361
0.6254
0.62235
0.58284
0.39869
0.32455
0.4664
0.46398
0.74559
0.84759
0.98357
1.118
1.4246
1.6587
1.7525
1.9135
1.7328
1.2837
0.97404
0.36731
-0.099589
-0.759
-1.0497
-1.3043
-1.2964
-1.3529
-1.4087
-1.5273
-1.7076
-1.7284
-1.9986
-2.1102
-2.251
-2.1142
-2.0094
-1.9966
-1.7734
-1.6127
-1.5133
-1.3561
-1.1423
-1.0185
-0.92519
-0.77557
-0.59931
-0.31189
-0.14085
-0.13994
-0.30588
-0.44205
-0.38431
-0.51822
-0.56912
-0.59242
-0.32109
-0.2393
0.026422
0.28883
0.52189
0.77802
0.82482
0.92229
0.71302
0.70877
0.57877
0.57539
0.29847
0.2473
0.27049
0.17117
0.21887
0.41117
0.52926
0.52647
0.78561
0.82898
0.6363
0.56282
0.25672
0.20905
-0.092484
-0.11508
-0.16041
-0.29662
-0.36355
-0.61099
-0.81143
-1.0328
-1.0961
-1.2705
-1.4438
-1.5275
-1.4123
-1.4959
-1.5792
-1.7935
-1.9632
-2.1758
-2.2357
-2.2523
-2.1178
-2.0274
-1.8945
-1.9128
-1.9313
-1.9072
-1.6908
-1.4965
-1.1961
-1.0457
-0.93844
-0.9593
-1.0016
-1.0227
-1.2145
-1.2998
-1.3002
-1.3008
-1.3015
-1.2171
-0.9831
-0.7274
-0.40698
-0.064346
-0.12889
-0.23668
-0.43111
-0.53994
-0.62765
-0.67244
-0.67405
-0.67576
-0.72128
-0.52605
-0.50562
-0.50718
-0.59731
-0.7547
-1.0024
-1.2295
-1.279
-1.3741
-1.4474
-1.4079
-1.2999
-1.2139
-1.4033
-1.3866
-1.4163
-1.3297
-1.1252
-1.0601
-1.018
-1.047
-1.0046
-1.2263
-1.3296
-1.3854
-1.173
-1.0321
-1.0131
-0.96916
-0.97467
-0.98025
-0.9859
-0.91534
-0.8951
-0.87461
-0.80212
-0.91094
-1.0734
-1.1324
-1.1126
-1.0658
-0.99167
-1.2132
-1.2745
-1.3091
-1.3167
-1.4622
-1.7758
-2.0091
-2.0204
-1.7777
-1.5037
-1.1411
-0.91777
-0.72081
-0.63764
-0.37873
-0.52706
-0.82397
-1.1533
-1.248
-1.4032
-1.4697
-1.2955
-1.2105
-1.1246
-0.88513
-0.79683
-0.6154
-0.43246
-0.4961
-0.21784
-0.406
-0.4074
-0.44019
-0.31543
-0.37969
-0.53949
-0.66834
-0.734
-0.60795
-0.60948
-0.45017
-0.38675
-0.4199
-0.58261
-0.90807
-0.94227
-0.81375
-0.81511
-0.58781
-0.49058
-0.55677
-0.81985
-0.91937
-1.4135
-1.7112
-1.8777
-1.8794
-1.7491
-1.6845
-1.3883
-1.3562
-1.2578
-1.1923
-1.1931
-1.26
-1.0285
-0.86302
-0.89665
-1.3622
-1.6288
-1.563
-1.4306
-1.2316
-1.0657
-1.0995
-1.0334
-0.73376
-0.4672
-0.30052
-0.30071
-0.26747
-0.30112
-0.066968
0
0.13416
0.10072
0.47048
0.87468
1.0441
1.0454
1.0467
1.0482
0.94813
0.88178
0.67941
0.71462
0.71594
0.95643
1.1638
1.5093
1.8908
2.1709
2.2454
2.1472
2.2571
2.0197
2.0255
1.8215
2.0028
2.1151
2.0514
2.2714
2.1727
2.1807
1.866
1.8012
1.3744
1.1258
1.1305
0.80578
0.69897
0.73907
0.85385
1.1935
1.4241
1.6947
1.7788
1.6356
1.6057
1.3835
1.159
1.3205
1.3667
1.1778
1.1843
1.0321
0.91812
0.72258
0.60557
0.20301
0.040834
-0.24642
-0.24784
-0.16618
-0.54321
-0.21014
0.042271
-0.042515
-0.47036
-0.47306
-0.73526
-0.69594
-0.61239
-0.79176
-0.575
-0.80054
-0.71546
-0.67435
-0.76832
-0.95407
-1.233
-1.3769
-1.5222
-1.4369
-1.3506
-0.88903
-0.61106
-0.23607
0
-0.2381
-0.28688
-0.43203
-0.3855
-0.58038
-0.48537
0
0.04886
0.34308
0.24578
-0.049294
0.39539
0.69363
1.0428
1.692
1.8449
1.8483
1.5511
0.95202
0.80272
0.30135
0.25136
0
-0.15101
-0.30213
-0.70512
-1.0577
-1.6115
-1.8626
-1.7107
-1.7095
-2.0093
-2.1577
-2.2052
-2.0519
-1.6988
-1.6459
-1.1449
-0.54641
-0.049559
0.59324
0.54237
1.0325
1.4216
1.857
2.0457
2.1358
2.1764
1.9755
1.6318
1.5774
1.19
0.80567
0.75488
0.32873
0.37391
-0.046511
-0.092555
-0.27624
-0.50378
-0.36442
-0.13591
0
0.089586
0.35627
0.26563
0.26404
0.39365
0.043469
0.12959
-0.1717
-0.38386
-0.76276
-1.1788
-1.1292
-1.3294
-1.3618
-1.5576
-1.5064
-1.0109
-0.64254
0
0.47531
1.1407
1.4063
1.7457
1.6566
1.4538
1.4818
1.6602
1.4615
1.1165
0.77622
0.33041
-0.10939
-0.39842
-0.71957
-1.2509
-1.7399
-2.0814
-2.2433
-2.2291
-1.8344
-1.5135
-1.4018
-1.0875
-0.84461
-0.53742
-0.40078
-0.36534
-0.29729
-0.13142
0.32685
0.52031
0.5501
0.64408
0.48081
0.47865
0.47656
0.28474
0.28359
0.31387
0.12508
0.21812
-0.06211
0.21669
0.12345
-0.18465
-0.24555
-0.39803
-0.45822
-0.45727
-0.66939
-0.51638
-0.78858
-0.93902
-0.99851
-0.69532
-0.54379
-0.30196
-0.39245
-0.72448
-1.0265
-1.2987
-1.2692
-1.361
-1.2715
-1.2731
-1.366
-1.6115
-2.0409
-2.2283
-2.57
-2.607
-2.6449
-2.5909
-2.6609
-2.5766
-2.3365
-2.2828
-2.0406
-1.8915
-1.8364
-1.8447
-1.9813
-1.959
-2.0013
-1.8172
-1.7619
-1.6735
-1.7823
-1.5606
-1.3364
-1.1432
-0.77838
-0.30662
-0.034302
-0.10362
-0.17394
-0.21024
-0.2118
-0.24896
-0.071677
-0.21671
-0.29122
0.14678
0.036992
0.11189
0.22563
0
0.30594
0.23141
0.46681
0.7063
0.11874
0.19964
-0.080562
-0.20319
-0.081998
0.12409
0.70947
1.0948
1.3595
1.7145
1.4271
1.3089
1.1004
0.93254
0.94075
0.63266
0.77492
0.96554
1.1129
1.0289
0.99039
1.0462
1.2946
1.2085
1.072
0.83494
0.44548
0.64842
0.20102
0.10126
-0.66297
-1.13
-0.87924
-0.7811
-0.68146
-0.58036
-0.90259
-0.69445
-0.48364
-0.21619
0.27174
0.9289
1.2083
1.6559
2.2184
3.0085
3.5252
3.5397
3.1023
2.6608
2.386
2.1657
1.8864
1.3184
1.1494
0.74881
0.11544
-0.34696
-0.40543
-0.28999
-0.17419
0.17435
0.52338
0.34907
0.5237
0.58186
0.63987
0.63954
1.2781
1.3349
1.0435
1.2156
1.0981
0.80759
0.69078
0.45946
0.22915
0.1714
0
-0.056789
-0.1698
-0.33841
-0.39335
0.055975
-0.055748
0.33307
0.11053
0.055014
-0.054754
0.3814
0.21685
0.21572
0.10729
-0.053351
-0.26526
-0.1055
-0.20977
-0.46918
-0.51816
-0.41198
-0.46058
-0.81364
-1.3137
-1.506
-2.0447
-2.3284
-2.5588
-2.395
-2.3788
-2.3143
-2.1548
-2.2351
-2.3613
-2.2512
-1.9561
-1.6651
-1.1023
-1.0035
-0.54355
-0.2699
-0.089347
-0.088734
-0.39657
-0.39388
-0.78243
-0.99307
-0.8149
-0.6817
-0.55025
-0.8831
-0.62674
-0.53973
-0.70137
-0.57402
-0.77426
-0.8101
-0.72476
-0.60043
-0.31839
-0.19787
-0.43289
-0.31311
-0.46715
-0.50342
-0.26968
-0.57499
-0.61031
-0.41757
-0.34005
-0.41372
-0.5991
-0.52194
-0.55687
-0.66551
-0.77335
-0.69701
-0.80406
-0.50983
-0.65322
-0.72337
-1.0094
-1.2579
-1.29
-1.4292
-1.5678
-1.6347
-1.8433
-2.0158
-1.87
-1.8308
-1.9325
-1.9989
-1.9252
-2.0267
-2.0584
-2.2295
-2.2611
-2.3624
-2.4984
-2.3223
-2.32
-2.2833
-2.1777
-1.8997
-1.5533
-1.2074
-0.79304
-0.37912
-0.24117
0.30999
0.37879
0.5853
0.61966
0.55078
0.34424
0.1377
0.34429
0.37876
0.48214
0.55113
0.4479
0.13785
0.17236
0.068965
0.068987
0.17252
0.31064
0.72508
0.62171
0.62191
0.55299
0.3803
0.10375
0
0.34603
0.3115
0.27695
0.17312
0.13852
-0.2078
-0.48491
-0.17319
-0.41564
-0.41561
-0.58872
-0.72712
-0.90004
-0.969
-0.89948
-1.1412
-1.2789
-1.1746
-1.3465
-1.5527
-1.4136
-1.4814
-1.3768
-1.3411
-1.3054
-1.304
-1.6109
-1.7116
-1.5727
-1.5705
-1.3977
-1.1914
-1.1895
-1.425
-1.2193
-1.3862
-1.4848
-1.5156
-1.5799
-1.4425
-1.4729
-1.3695
-1.1999
-1.0309
-0.72991
-0.5627
-0.66042
-0.72471
-0.69007
-0.42613
-0.19618
-0.16307
0
0.032448
0.097095
0.12913
-0.16099
-0.51386
-0.67271
-0.83076
-1.1474
-1.1445
-0.98308
-0.75923
-0.56804
-0.50373
-0.47114
-0.56408
-0.53155
-0.5616
-0.21794
-0.031071
0.49615
0.71187
0.89595
1.0486
1.1393
1.1068
1.0438
1.1343
1.1329
1.1928
1.1916
1.0073
1.0371
0.79251
0.82255
0.94402
1.0046
0.97406
1.1871
1.309
1.2789
1.4622
1.5545
1.3726
1.4043
1.2834
1.3767
1.4091
1.4725
1.567
1.3543
1.3569
1.6069
1.8582
2.0488
1.9917
1.9346
1.5958
1.2553
1.1018
0.72638
0.2852
0.0318
0
-0.064074
-0.096489
0.032293
-0.25942
-0.42338
-0.78507
-1.1501
-1.2545
-1.2936
-1.1332
-1.3063
-1.2792
-1.3196
-1.4286
-1.5729
-1.822
-1.8319
-1.981
-1.992
-2.0383
-1.9438
-2.1326
-2.0376
-2.1572
-2.2058
-2.0367
-1.7193
-1.5821
-1.5173
-1.34
-1.0856
-1.0542
-1.136
-1.2567
-0.95742
-0.84724
-0.46469
-0.077873
0.11744
0.23614
0.90995
1.3521
1.5189
1.4863
1.2513
0.93285
0.77421
0.7368
0.53449
0.53679
0.87075
0.83264
0.66871
0.41952
0.50524
0.59149
0.76301
0.89299
1.0663
0.76991
0.55754
0.17198
0.086193
-0.43191
-0.64917
-0.43358
-0.60804
-0.69596
-0.69689
-0.65411
-0.52381
-0.61163
-0.74319
-1.006
-1.1814
-0.83147
-0.91901
-0.7001
-0.48117
-0.65585
-0.74284
-0.91694
-0.91611
-0.87158
-0.73996
-0.56511
-0.60769
-0.9101
-1.0816
-1.0364
-0.73272
-0.55917
-0.68672
-0.5567
-0.81172
-0.85235
-0.97771
-1.2719
-1.3531
-1.4336
-1.5136
-2.0123
-2.2153
-2.5004
-2.7004
-2.692
-2.4358
-2.3458
-2.4613
-1.84
-1.7525
-1.2593
-1.1742
-1.1704
-1.2068
-1.283
-1.5586
-1.4739
-1.6279
-1.6227
-1.3414
-1.2586
-0.94099
-0.97719
-0.89631
-1.0102
-0.69733
-0.50219
-0.5393
-0.49941
-0.38313
-0.19106
-0.57174
-0.64637
-0.60689
-0.90823
-0.75516
-0.30141
0.037599
0.30019
0.18726
0.29908
0.26125
0.55891
0.55805
0.4458
0.2226
-0.037053
-0.62918
-0.88732
-0.96033
-1.0333
-1.1431
-1.3266
-0.9944
-0.84668
-0.77275
-0.58859
-0.58848
-0.47809
-0.40453
-0.69879
-0.77248
-0.99344
-0.77294
-1.0679
-1.1421
-1.4377
-1.2542
-1.0705
-1.2931
-1.4792
-1.8137
-2.0379
-2.1515
-2.0426
-2.1566
-2.2339
-2.2741
-2.352
-2.2058
-2.1717
-2.2125
-2.0658
-1.9939
-1.5827
-1.0947
-0.86968
-0.49242
-0.18973
-0.038014
0.11425
0.15261
0.49689
0.6127
0.53711
0.38437
0.077017
-0.3858
-0.61844
-0.34852
-0.15518
0.19434
0.077878
0.11703
0.03908
0.1566
-0.15687
-0.078573
-0.47224
-0.55188
-0.71074
-0.7119
-0.51497
-0.39675
-0.83447
-1.1143
-1.5145
-1.6763
-1.7186
-1.6009
-1.563
-1.565
-1.5268
-1.2068
-1.3291
-1.6129
-1.7358
-1.8185
-1.4159
-1.1744
-0.85125
-0.85207
-1.0153
-1.0162
-1.0171
-1.018
-1.0189
-0.81577
-0.61232
-0.49024
-0.36796
-0.53191
-0.81894
-1.1064
-0.98419
-0.94388
-0.7803
-0.57539
-0.69921
-1.1114
-1.3182
-1.3192
-1.279
-0.78456
-0.53726
-0.28954
-0.2898
-0.12432
0.24887
0.24912
0.49876
0.74895
0.91641
0.83408
0.87685
0.87797
0.58609
0.79651
0.96559
1.1352
1.2212
1.6028
1.6478
1.8201
1.8658
1.572
1.3197
0.93848
0.7695
0.3856
0.042943
-0.043045
0.47466
0.86522
0.86749
1.1743
1.0903
1.0497
1.2722
1.408
1.7655
2.214
2.2657
1.9167
1.3418
0.80794
0.76581
1.2208
1.5884
2.05
2.2867
2.0662
1.844
1.7127
1.6733
1.6804
1.875
1.4594
0.80384
0.42745
0.14312
0
-0.28883
-0.48359
-0.34007
-0.29284
-0.24517
-0.29557
-0.6929
-0.94477
-1.2989
-1.1544
-1.3111
-1.1652
-0.76348
-1.0227
-0.56507
-0.30963
-0.15552
-0.15622
0.10461
-0.052534
-0.26381
-0.68884
-0.58531
-0.26715
-0.053647
0.053859
-0.37848
-0.37991
-0.32683
-0.71066
-1.2617
-1.7612
-1.7117
-1.6062
-1.3332
-0.83559
-0.11171
0.27998
0.3929
1.0688
0.62006
1.073
1.2446
1.6431
1.305
1.3065
1.4784
1.6504
1.8792
2.0509
2.2223
2.4503
2.1651
2.6199
1.9923
1.3651
1.1364
0.68104
0.39671
0.28291
0.11296
0.056363
-0.16871
0.16829
0.61542
0.55786
0.61175
0.38801
0.44189
0.11006
0.38371
0.81886
0.16307
0.10822
-0.16157
0.16078
0.37326
0.31826
0.52755
0.2623
0.26079
-0.31109
-0.20613
-0.35847
-0.050883
0.2022
0.50213
0.94754
1.04
1.0818
0.87879
0.2908
0.33675
0.42972
0.52123
0.8934
0.55988
0.5555
0.68889
0.8201
0.72314
1.1208
1.6009
1.7202
1.8374
1.6054
1.3341
1.4938
1.4392
1.9312
2.0403
2.0236
1.8433
1.5439
1.3702
1.2792
1.4672
1.8489
1.9123
2.0908
1.9593
1.7535
1.7401
1.9522
1.863
1.9232
1.8724
1.8224
1.4476
1.078
1.0349
0.42531
0.31684
0.24481
-0.17373
-0.37977
-0.48032
-0.30689
-0.50841
-0.40433
-0.2345
-0.23318
-0.19877
-0.23066
-0.13111
-0.35872
-0.19469
-0.16146
0
-0.31992
-0.38219
-0.31711
-0.34736
-0.09435
-0.25061
-0.34328
-0.49747
-0.52669
-0.58663
-0.64624
-0.7362
-0.76453
-0.76227
-0.69931
-0.72773
-0.87705
-0.96537
-1.1135
-1.111
-1.2584
-1.4651
-1.6114
-1.8467
-1.8434
-1.7512
-1.4225
-1.4203
-1.5365
-1.6524
-1.8861
-1.9722
-2.0876
-1.9386
-1.79
-1.5245
-1.4646
-1.4342
-1.5209
-1.4907
-1.3437
-1.4598
-1.3715
-1.1375
-0.99125
-0.72859
-0.64094
-0.466
-0.61146
-0.78598
-1.0769
-1.2804
-1.3675
-1.28
-1.2508
-1.2798
-1.0761
-0.87252
-0.78526
-0.87251
-1.1052
-1.1634
-1.1344
-0.95989
-0.90177
-0.81457
-1.0183
-0.75652
-0.6402
-0.61117
-0.69856
-0.55309
-0.46582
-0.43677
-0.32035
-0.52428
-0.5535
-0.641
-0.61197
-0.64122
-0.46643
-0.087473
0.14582
0.02917
-0.029176
-0.029183
-0.02919
-0.087593
-0.087617
-0.26292
-0.40911
-0.35077
-0.058481
-0.234
-0.17556
-0.17563
-0.3514
-0.46872
-0.70337
-0.96757
-1.1734
-1.35
-1.1745
-1.2339
-1.2934
-1.0883
-0.91234
-0.85402
-0.82511
-1.0911
-1.4755
-1.8309
-1.9801
-1.893
-1.8945
-1.7184
-1.6902
-1.8402
-1.9904
-1.9626
-1.9943
-2.0559
-2.2072
-2.2395
-2.0925
-2.2145
-2.1272
-2.1297
-1.862
-1.6538
-1.4451
-1.3867
-1.4186
-1.3903
-1.3618
-1.4243
-1.1228
-0.51657
0.091286
0.2133
0.42719
0.45835
0.306
0.42901
0.39894
0.21512
0.40007
0.70882
0.6481
0.95806
1.0213
1.0847
0.99306
1.1187
0.87126
0.81009
0.68634
0.40607
0.6255
0.2505
0.21944
0.15692
0.062838
-0.25162
-0.34632
-0.50423
-0.34698
-0.25257
-0.12639
-0.41108
-0.60124
-0.72829
-1.0139
-0.95103
-0.9832
-0.85669
-0.82525
-0.76199
-0.63512
-0.63522
-0.69879
-0.98466
-1.2387
-1.302
-1.6192
-1.7139
-1.9037
-1.8711
-1.4897
-1.2037
-1.2346
-1.3918
-1.517
-1.3893
-1.3249
-1.1974
-1.0387
-1.1003
-1.3186
-1.3481
-1.3149
-1.1878
-0.87386
-0.65431
-0.43546
-0.15524
0.21694
0.18559
0.3087
0.52373
0.61487
0.73626
0.67343
0.58029
0.82274
1.0336
1.0615
1.059
0.96584
0.96345
0.87095
0.59914
0.38845
0.32785
0.38646
0.65232
0.59148
0.73743
0.58841
0.46951
0.29268
0.29193
0.34942
0.49374
0.086911
-0.14449
-0.74948
-1.179
-1.463
-1.803
-1.6846
-1.5098
-1.5064
-1.4181
-1.4433
-1.3839
-1.3811
-1.6035
-1.6566
-1.7377
-1.9306
-1.9274
-1.8965
-1.838
-1.752
-1.6387
-1.6089
-1.7457
-1.6609
-1.7146
-1.6027
-1.5187
-1.297
-1.0482
-0.82718
-0.634
-0.55122
-0.71656
-0.71662
-0.71676
-0.30334
-0.33107
-0.11042
0.13812
-0.082941
0.027673
0.13852
0.055475
0.19442
0.75103
0.89154
0.97683
0.95071
1.0927
1.0108
1.1257
1.1567
1.1313
1.3045
1.2229
1.3977
1.402
1.5501
1.5841
1.792
1.5665
1.6015
1.4616
1.1153
1.2378
1.0656
1.1
0.74663
0.81013
0.63312
0.75743
0.51765
0.18364
0.33845
0
0.093314
-0.18768
-0.34604
-0.56955
-0.60476
-0.73649
-0.96653
-1.1671
-1.3702
-1.4774
-1.487
-1.2307
-1.1719
-1.4495
-1.5951
-1.8453
-1.8925
-1.6978
-1.2213
-0.94882
-0.92021
-1.0338
-1.2208
-1.302
-1.4937
-1.2844
-1.109
-1.0427
-0.7503
-0.4913
-0.30457
-0.038352
0.23181
0.1946
0.62729
0.19746
0.35802
0.52089
0.7668
1.0162
0.61404
0.86573
0.9133
0.96143
1.2206
1.1865
1.365
1.3311
1.3398
1.7398
1.9697
1.9819
1.8611
1.9613
1.7486
1.7135
1.5871
1.459
1.0542
1.4743
1.6207
1.5355
1.5428
1.2211
1.1793
1.2791
1.2368
1.0028
1.1025
1.0102
0.67578
0.33899
0
0
0.048849
-0.24487
0
-0.44278
-0.39438
-0.19756
0.14842
-0.049547
-0.44653
-0.89411
-0.6464
-0.34836
-0.74701
-1.0464
-1.296
-1.5955
-1.6455
-1.3961
-1.1466
-0.64787
-0.29888
0
-0.34826
-0.44741
-0.596
-0.79387
-0.94168
-0.74254
-0.64271
-0.49372
-0.29581
-0.19691
0.098301
0.24535
0.19596
0.58687
0
0.1462
0.38918
0
0
-0.14515
-0.48296
-0.77134
-0.81809
-0.6245
-0.76728
-0.67023
-0.95589
-0.90664
-1.334
-1.4272
-1.6626
-1.8501
-1.9425
-1.5143
-1.418
-1.4165
-1.5095
-1.7911
-1.6013
-1.2708
-0.98788
-0.98746
-1.0812
-0.89296
-1.4568
-1.6449
-2.0212
-1.7397
-1.8815
-2.1179
-2.0251
-2.0739
-2.0758
-2.1252
-1.8914
-1.6098
-1.2802
-1.3297
-1.5223
-1.6204
-1.8146
-1.4834
-1.4866
-1.6823
-1.3491
-1.8356
-1.8404
-1.8455
-1.5098
-1.5142
-1.3229
-1.1304
-1.0354
-1.4345
-1.1415
-0.99602
-0.9495
-0.7021
-0.45297
-0.25256
-0.15209
-0.15265
0.25536
-0.25632
0
0.15494
0.98498
0.46831
0.20891
0.10484
-0.15784
-0.26402
-0.42394
-0.26589
-0.053363
-0.10709
-0.16117
-0.43118
-0.32441
-0.1627
0
-0.4364
0.054699
0.10968
0.4948
0.7164
1.3255
1.4389
1.8298
1.4998
1.3909
0.83577
0.89264
1.1729
1.3417
1.063
1.1756
0.67204
0.44812
0.72823
0.56009
0.44792
0.44767
0.44735
0.3352
0.39063
0.33438
0.16694
-0.1111
-0.22178
-0.66394
-0.55201
-0.99115
-0.43933
-0.54759
-0.43673
-0.054414
0.32536
0.64838
0.64592
0.69697
0.96105
0.85059
0.63509
0.57947
0.68155
0.52168
1.0381
0.67121
0.25677
-0.051072
-0.86335
-1.1613
-1.4557
-1.3971
-1.0911
-0.88717
-0.39182
0
0.33847
0.72057
1.4316
1.6591
1.7893
2.1045
2.0902
2.2143
1.97
1.7745
1.4007
1.4808
1.2923
1.5046
1.3623
1.1783
1.3002
1.1191
0.98323
0.80671
1.1808
0.96345
0.87383
1.2401
0.94455
1.1017
1.2163
1.4504
1.6015
1.5917
1.5822
1.2189
0.74276
0.46644
0.19327
0.23066
0.22943
-0.038039
-0.075691
-0.52722
-0.37478
-0.26112
-0.037135
0.29578
0.40498
0.47666
0.32871
0.29108
0.54382
0.57807
0.82825
0.96927
1.1454
0.89232
0.92557
0.78125
0.74403
0.53032
0.14114
0.035222
-0.17582
-0.45647
-0.80655
-1.226
-1.4697
-1.5734
-1.5025
-1.6764
-1.5362
-1.4312
-1.4311
-1.3266
-1.0825
-1.1877
-1.5029
-1.6438
-2.0302
-2.1021
-2.2096
-1.9664
-1.758
-1.5492
-1.3047
-1.1302
-1.309
-1.5241
-1.74
-1.9925
-2.1392
-2.108
-2.1484
-2.1174
-1.7625
-1.0095
-0.39753
-0.072453
0.14526
-0.036404
-0.32845
-0.73169
-0.77018
-1.1397
-1.1794
-1.2931
-1.6666
-1.9304
-2.0093
-1.9766
-2.0184
-1.5732
-1.2763
-0.52658
-0.33918
-0.22654
0.037823
0.075772
0.037945
0.266
0.38051
0.19049
0.22883
0.11453
-0.34386
0
-0.15301
-0.1148
-0.30621
-0.30624
-0.30621
-0.15307
0
0.07646
-0.22921
-0.49617
-0.49564
-0.41886
-0.49432
-0.75927
-0.87162
-0.64299
-0.15097
0.2636
0.037566
0.037468
-0.37364
-0.52156
-0.59422
-0.48124
-0.47961
-0.69849
-1.1721
-1.2406
-0.87224
-0.68771
-0.79295
-0.8972
-0.89323
-0.92476
-0.70807
-0.81045
-0.98191
-1.012
-1.1459
-1.2093
-1.3064
-1.4708
-1.5994
-1.862
-2.0881
-2.0773
-2.1666
-2.1886
-2.4413
-2.5601
-2.645
-2.4043
-2.0367
-1.6407
-1.3126
-1.3063
-1.1417
-1.3258
-1.0999
-0.84483
-0.71663
-0.71369
-0.61815
-0.80054
-0.85897
-0.9477
-0.57893
-0.63787
-0.57542
-0.60405
-0.54226
-0.39072
-0.20995
0.029936
0.32875
0.41781
0.65579
0.38715
0.029761
-0.14874
-0.23795
-0.32722
-0.44639
-0.47647
-0.53653
-0.41782
-0.53801
-0.59888
-0.66016
-0.66175
-0.54289
-0.60503
-0.8802
-0.88339
-0.61162
-0.61421
-0.83295
-0.99198
-1.2775
-1.5038
-1.8591
-2.0289
-2.2332
-1.8948
-1.5523
-1.531
-1.9036
-2.4147
-2.5344
-2.5893
-2.3744
-2.3272
-2.2105
-2.3012
-2.0772
-1.849
-1.5446
-1.2703
-1.0638
-1.1125
-1.4997
-1.5925
-1.4957
-1.4355
-1.2954
-1.152
-1.0856
-1.2209
-1.3184
-1.5852
-1.6051
-1.2832
-0.51981
-0.61419
-0.6665
-0.49505
-0.36467
-0.27703
-0.23383
-0.094731
0.14392
-0.29152
-0.49206
-0.49831
-0.30276
-0.45985
0.051732
-0.62848
-0.84826
-0.69759
-0.97751
-0.71437
-0.55596
-0.56239
-0.17064
0.11504
0.87228
0.99928
0.41583
0.48017
0.36379
0.1837
0.24731
0.56169
-0.31491
-0.12709
-0.51274
0
0
0.3283
0.26462
0.26653
-0.40257
-1.0131
-0.95154
-1.2308
-1.1691
-1.1063
-1.3204
-1.3268
-1.3328
-0.98619
-1.6972
-1.7033
-1.7802
-1.7141
-1.7904
-1.364
-1.5108
-1.2974
-1.516
-1.8794
-1.6643
-1.6656
-1.5215
-1.377
-1.232
-0.86945
0
0.28947
0.723
1.0832
0.64906
1.0801
1.2938
2.0086
1.9326
1.9281
1.211
0.78147
0.49589
0.84755
1.0561
0.98249
1.3988
1.8817
1.4582
1.176
0.96475
1.716
1.9824
2.1104
2.1015
1.8225
1.2097
1.405
1.1323
0.46413
0.39601
0.19709
0.26156
0.52066
1.1012
1.8051
2.0532
1.7241
2.0971
1.9606
1.5735
1.3154
0.49872
0
-0.061746
-0.061453
-0.24465
-0.6696
-0.30294
0
0.42017
0.47799
0.7137
0.76966
0.35363
0.70411
0.70099
0.69793
0.69491
0.51895
0.80385
0.28589
0.85413
1.1909
1.5251
1.9691
1.9615
1.5632
1.3349
1.1637
0.66257
0.66023
0.3838
0.49179
0.81693
0.65144
1.0282
0.80926
1.022
0.80453
1.2837
1.4402
1.2769
1.0084
0.47651
0.58107
0.21084
0.68382
0.78749
1.1005
1.0986
1.358
1.4604
0.67712
0.67632
-0.20788
0.41538
0.51882
0.3111
0.31095
0.20723
0.1554
0.36259
0.41445
0.93281
0.98511
1.0376
1.1423
1.2474
1.0408
0.99008
0.93943
0.94106
0.26191
0.20997
0.36831
-0.31649
-0.21156
-0.26523
-0.21284
-0.48049
-0.6965
-1.2369
-1.7817
-1.8975
-1.3068
-0.49231
-0.43971
0.2762
-0.055528
0.5583
0.84218
0.90358
0.90907
1.2578
1.5537
1.5641
1.4582
1.7623
1.5385
1.4904
0.24029
0.24219
-0.85449
-1.5385
-2.234
-2.3158
-2.3993
-2.5481
-2.3784
-2.3355
-2.0955
-1.7849
-1.6019
-1.4828
-0.88488
0.1375
0.48612
1.0523
1.7011
1.5755
1.5196
1.1699
0.59115
0.67209
-0.15094
-0.38137
-1.4647
-1.8698
-1.811
-1.3528
-0.48252
-0.65015
-0.57485
-0.74681
-0.75455
-0.1694
-0.34224
-0.17284
-0.17456
-0.52881
-0.35595
-0.089831
-0.27201
0.36599
0.92318
0.46563
1.221
0.094701
-0.38186
-1.2508
-1.1633
-1.8553
-1.77
-1.2869
-0.79706
-0.80195
-1.2099
-0.70965
-0.40761
-0.30717
-0.2057
-0.41308
-1.3475
-1.56
-0.62588
-0.31375
-0.20963
0.73503
0.10515
0.94731
1.0532
0.84269
0.84249
0
0.84101
0.73476
1.0476
0.62708
1.4591
1.2466
0.82803
0
-0.61568
-1.1232
-0.7109
1.0097
1.6055
0.89708
0.39589
-0.88412
-1.8518
-1.5465
-0.95823
-0.94957
-0.84656
-1.0246
-1.3829
-2.0069
-1.8949
-1.7844
-1.6756
-1.4814
-1.119
-0.68
-0.25173
0
0.081705
0.48354
0.87418
1.2535
1.3128
1.4458
1.4244
1.0338
0.58177
0.35803
0.49346
0.62451
0.34147
0.53766
-0.19839
-0.45545
-0.64011
-0.75564
-0.86719
-0.67021
-0.29965
-0.17684
-0.57979
-0.45623
-0.28047
-0.82768
-1.1399
-1.1748
-1.3659
-1.3957
-0.86473
-0.80095
-0.78834
-0.82454
-0.71628
-0.32915
-0.23154
-0.091231
0.044941
-0.13285
0.17459
-0.12909
-0.25457
-0.50215
-0.82563
-0.73323
-0.76392
-0.87328
-0.82321
-0.65829
-1.1096
-0.98328
-1.3087
-1.4422
-1.2072
-0.97747
-0.8601
-0.99366
-0.94913
-0.87082
-0.93223
-0.75318
-0.84895
-0.90975
-1.1037
-1.0627
-1.0885
-1.1143
-1.3683
-1.5873
-1.7722
-1.9237
-1.7234
-1.6843
-1.4878
-1.4195
-1.132
-1.0975
-1.0635
-1.0301
-0.81022
-0.71576
-0.8394
-0.96313
-1.056
-1.3046
-1.1808
-1.6171
-1.6189
-1.8707
-1.6555
-1.659
-1.4749
-1.5105
-1.5468
-1.4572
-1.2401
-0.79824
-0.93007
-0.87005
-1.0364
-1.0094
-1.0151
-0.75766
-0.46407
-0.60056
-0.70543
-0.74426
-0.54526
-0.41206
-0.48452
-0.41867
-0.3518
-0.35482
-0.25056
0.18058
0.54674
0.9198
1.3744
1.3128
1.5152
1.6071
1.4303
1.5623
1.3025
1.3562
1.0079
1.2226
1.3595
1.6244
1.4739
1.2348
0.90411
0.74007
0.79235
1.0238
0.67512
0.36408
0.23007
-0.65132
-1.0347
-1.474
-2.1628
-2.526
-2.7982
-2.8276
-2.4558
-1.9239
-1.5341
-1.1878
-1.4599
-1.7369
-1.8593
-1.9297
-1.8926
-1.7997
-1.5397
-1.2749
-0.61448
0.22512
0.45348
0.2283
-0.22981
-0.28906
-0.34893
0
-0.23516
0.059079
-0.17805
0.298
0.59829
0.18011
0.36135
0.36234
0.24213
0.36392
0.1215
0.60825
0.42613
0.36542
0.66999
0.79156
0.66932
0.79017
0.18208
0.18175
0.1209
0.78382
1.1422
0.6591
0.89549
0.17838
-0.53281
-1.2374
-1.2312
-1.2246
-1.4496
-1.2104
-0.97368
-0.79658
-0.6781
-0.56105
-0.44552
-0.71843
-0.27413
-0.48943
-0.37748
-0.26731
-0.15898
0.15755
-0.83257
