-0.38226
-0.42553
-0.38368
-0.68332
-0.7273
-0.55713
-0.68684
-0.68796
-0.60292
-0.64698
-0.64794
-0.82191
-0.60646
-0.43377
0.086866
0.6958
1.0014
0.95896
0.74183
0.65523
0.39353
0.1313
0
0
-0.26325
-0.39517
-0.087874
-0.087929
0.43989
0.52815
0.44033
0.1762
-0.088134
-0.22041
-0.30865
-0.35282
-0.08822
0.26469
0.57355
1.0589
1.3236
1.6765
1.941
2.2936
2.3814
2.3809
2.6007
2.5999
2.4669
2.2459
1.9368
1.804
1.8032
1.5826
1.4939
1.2296
0.79002
0.39478
0.35071
-0.043812
-0.43784
-0.65634
-1.0057
-1.0924
-1.4847
-1.3964
-1.5262
-1.438
-1.3934
-1.1313
-1.261
-1.3035
-1.2157
-1.345
-1.2573
-1.0398
-0.99577
-0.86528
-0.69175
-0.56166
-0.43176
-0.21574
0.17248
0.43093
0.2584
0.25825
0.043017
-0.12898
-0.21485
-0.042948
0.21463
0.17163
0.3431
0.30009
0.25712
0.47121
0.81364
1.1131
1.1555
1.412
1.6255
1.7963
1.8388
2.0096
2.0521
1.7527
1.4962
0.81222
0.085499
-0.17101
-0.76962
-1.069
-1.5824
-1.3689
-1.3692
-1.1556
-1.3271
-1.1563
-0.98533
-0.47143
-0.343
-0.21448
-0.12875
-0.25763
-0.042962
0.085974
0.34411
0.94691
1.0337
0.99131
0.69011
0.43165
0
0.1297
0.04327
0.17323
-0.043346
-0.39047
-0.8251
-1.2606
-1.7404
-1.9164
-2.3108
-2.6187
-2.8836
-2.6681
-2.6272
-2.3671
-1.931
-1.5378
-1.3196
-1.0569
-0.70546
-0.52973
-0.30938
-0.044251
-0.13292
-0.2218
-0.088832
-0.22236
-0.044528
0.089168
0.49104
0.80455
1.0741
1.3891
1.4806
1.4376
0.94462
0.94582
0.94702
0.90306
1.1303
1.0864
1.1331
1.0891
1.045
1.0008
0.81982
0.77521
0.63917
0.31996
0.3661
0.50396
0.45867
0.55102
0.73551
0.87437
0.82924
0.83012
0.92332
0.78562
0.83267
0.78718
0.78793
0.78867
0.74296
0.976
1.0699
1.0708
1.3046
1.5388
1.54
1.4945
1.3553
1.2627
1.4507
1.5453
1.4057
0.89075
0.28144
-0.37545
-0.7982
-0.79855
-0.46993
0.14103
0.37621
0.94081
1.4116
1.7414
2.2124
2.354
2.4014
2.072
2.072
1.8366
1.6482
1.4597
1.5537
1.2239
1.1295
1.1763
0.94074
0.89339
0.51703
0.37586
0
-0.23467
-0.18763
-0.18751
0.093693
0.18725
0.51454
0.79454
1.0273
1.3063
1.4914
1.164
0.83714
0.83619
0.69599
1.0658
1.2958
1.4789
1.6153
1.7051
1.9785
1.9294
1.9263
1.6025
1.2797
0.91242
0.40981
0.36357
-0.045356
-0.31684
-0.813
-1.0816
-1.4839
-1.5254
-1.4771
-1.4289
-1.3363
-1.1996
-0.88631
-0.92817
-1.0579
-1.2309
-1.7096
-2.0981
-2.2664
-2.6073
-2.6428
-2.4188
-2.196
-1.8457
-1.3263
-0.46911
0.21253
0.63546
0.97108
0.88361
0.79669
0.5432
0.49965
0.12447
-0.082679
-0.20595
-0.16416
-0.40888
-0.4481
-0.32467
-0.28302
-0.16111
-0.1605
-0.39973
-0.63712
-0.83302
-0.75079
-0.78726
-0.90187
-0.93745
-1.0117
-1.124
-0.96527
-0.88464
-0.80463
-0.95423
-0.68444
-0.53033
-0.33964
0
0.44948
0.70906
0.89238
1.1114
1.1813
1.3242
1.4295
1.5707
1.6381
1.56
1.6633
1.9101
2.0118
1.9696
1.9992
1.8508
1.9517
2.0522
2.0816
1.8296
1.6141
1.4349
1.4313
1.4626
1.8412
2.2183
2.3517
2.5538
2.583
2.303
2.2302
2.2263
2.2226
2.185
2.0113
1.8384
1.5981
1.2906
1.1196
0.88128
0.60961
0.4738
0.10147
-0.10142
-0.37172
-0.4054
-0.43911
-0.33777
-0.067558
0.13514
0
-0.13524
-0.30446
-0.16926
-0.20327
-0.10173
-0.13577
-0.2039
-0.40831
-0.3748
-0.4095
-0.44435
-0.23968
-0.10291
0.10312
0
0.27619
0.20763
0.24284
0.24347
0.1395
0.069951
0.14032
0.2815
0.49419
0.38958
0.39092
0.42797
0.25056
0.28744
0.39676
0.36213
0.47271
0.69379
0.58677
0.81039
0.92507
0.96654
0.67231
0.67557
0.94292
1.3647
1.7527
1.8384
1.7327
1.4711
1.2456
1.2917
0.98411
0.39591
-0.11946
-0.88124
-1.8536
-2.7972
-3.5077
-3.8167
-3.7167
-3.283
-2.8439
-2.6096
-2.4147
-2.0468
-2.3178
-2.5923
-2.7401
-3.0212
-3.1297
-3.2397
-3.1277
-2.9691
-2.6271
-1.9154
-1.5613
-1.0172
-0.65178
-0.32814
-0.51921
-0.23763
-0.047855
0
0
-0.19539
-0.24591
-0.39613
-0.79763
-0.8532
-1.061
-0.9155
-0.87036
-0.61841
-0.6743
-0.62645
-0.31523
-0.37009
-0.31921
-0.64236
-0.8617
-0.70435
-0.65402
-0.5482
-0.9373
-1.1089
-0.89207
-0.61663
-0.45085
-0.5665
-0.45552
-0.34334
-0.2875
-0.057772
-0.23215
-0.34978
-0.40984
-0.058793
0
-0.17778
0.059482
0.11939
0.1198
0.12019
0.24113
0.42322
0.78816
1.4589
1.828
1.9543
1.8972
1.8395
0.98279
0.6152
0.24642
0
-0.18523
-0.43255
-0.30917
-0.30931
0
0.12377
0.30941
0.24746
0.30918
0.74157
0.9262
1.6655
2.4645
2.7687
2.6416
2.3304
2.02
1.466
0.97516
0.4256
0.12129
-0.66524
-0.1206
-0.12023
0
0.35831
0.7736
1.0672
0.76781
0.82359
0.35152
0.17501
0
0.46257
0.57554
0.51554
0.96907
0.96426
1.2415
1.179
0.9494
0.61103
0.22098
0
-0.10927
-0.27162
-0.59413
-0.64439
-0.80077
-0.47762
0.36927
0.78656
0.62545
0.31083
-0.051489
-0.10235
-0.30517
-0.35384
-0.70334
-0.99859
-1.1413
-1.1836
-1.2254
-1.3154
-1.4042
-1.2032
-0.76541
-0.047552
0.42542
0.79883
1.1679
1.8578
2.3089
2.2958
1.9633
1.7708
1.3095
1.2575
1.2509
1.5998
1.5916
1.6276
1.1818
0.78402
0.60689
1.0355
1.5462
1.5393
1.5752
0.97503
0.54883
0.12615
0.08377
0.33382
0.41575
0.66285
0.90831
1.3168
1.5178
1.4314
1.101
0.85397
1.0139
1.0114
0.96862
0.84564
0.68311
0.20051
-0.24017
-0.43955
-0.75801
-0.7569
-0.75589
-0.31789
-0.15877
0.079311
0.31699
0.67313
0.87062
1.3449
1.4631
1.4629
1.107
0.7512
0.19772
-0.55378
-1.0289
-1.2274
-1.3074
-0.99123
-0.67463
-0.59585
-0.51696
-0.51758
-0.35879
-0.47906
-0.4398
-0.40046
-0.24069
-0.44205
-0.24157
-0.28239
-0.3234
-0.28359
-0.081206
-0.040697
-0.36715
-0.73613
-1.271
-1.7676
-2.1434
-2.1493
-2.031
-1.7043
-1.2925
-1.0036
-0.58725
-0.084154
0.46432
0.7199
1.0621
1.7051
2.0957
2.1028
2.0239
1.9013
1.5611
1.262
1.0481
0.52595
-0.13196
-0.66222
-0.97482
-1.1563
-1.1159
-1.0753
-1.529
-2.1215
-2.1747
-2.0464
-1.7346
-1.2371
-0.59788
0
0.092673
-0.04651
-0.093368
-0.28115
-0.18813
-0.14162
-0.047382
-0.095112
-0.14319
0.14371
-0.048078
0.14475
0.38739
0.58315
0.78027
0.83194
0.88394
0.93626
0.98889
0.89301
0.69688
0.34959
0.25052
0.3016
0.10085
-0.050586
-0.45668
-0.45808
-0.71472
-0.35842
-0.15406
0.0515
0.46481
1.1911
1.8695
2.1869
2.7668
2.9832
3.2006
3.3136
3.5324
3.7519
3.8134
4.0341
3.83
3.4648
2.8308
2.1941
1.5549
1.2354
0.75329
0.32338
-0.053983
-0.37846
-0.4873
-0.10844
0.27145
0.76101
0.92515
0.70824
0.87256
0.92796
0.76485
0.32805
0
-0.054746
-0.60253
-0.822
-1.4253
-1.8096
-1.9745
-1.9748
-1.6457
-1.5359
-1.2615
-0.60319
-0.60302
-0.1096
0.10955
0.49269
0.49237
0.8747
0.81937
0.70949
0.27261
0.054465
0.054403
-0.16301
-0.16279
-0.43351
-0.6493
-0.97242
-0.64722
-0.26921
-0.21498
-0.053643
0.053537
0.10685
0.10663
0.74474
0.90227
1.2708
1.9544
2.2656
2.3123
2.3062
2.2999
1.9807
1.6632
1.762
1.4984
0.82418
0.15405
-0.46069
-1.2755
-1.5765
-1.8753
-1.8689
-1.7114
-1.4546
-1.0496
-0.89641
-0.84352
-0.54379
-0.68951
-0.93222
-1.0753
-0.82771
-0.67899
-0.28985
-0.19247
-0.33549
-0.95469
-1.3312
-1.7519
-2.122
-2.0664
-2.0111
-1.6768
-1.809
-1.4319
-1.472
-1.6033
-1.6422
-1.7262
-1.8095
-1.5317
-1.3458
-1.1615
-1.0232
-1.0633
-0.92655
-0.57122
-0.35008
0.13074
0.52084
0.60518
0.81801
1.3722
1.5803
1.8293
1.8645
1.815
1.6819
1.2985
1.1683
0.58198
0
-0.41262
-0.90447
-1.0651
-0.898
-0.81349
-0.64853
-0.6867
-0.60386
-0.5216
-0.51988
-0.5182
-0.43708
-0.39609
-0.23692
-0.1181
-0.039249
-0.2348
-0.31217
-0.50584
-0.65965
-0.58046
-0.11578
0.076986
0.30715
0.68936
1.0697
1.3339
1.597
1.8968
1.8168
1.5485
1.3568
1.3539
1.4263
1.2736
1.1216
1.0449
0.596
0.52058
0
-0.25941
-0.51799
-0.36941
-0.36885
-0.33148
-0.18389
-0.11018
0.25675
0.4762
0.87805
1.2424
1.7884
2.3698
2.5493
2.6558
2.4714
2.5053
2.2853
2.0658
1.9554
1.6644
1.4461
1.2283
1.2996
1.2987
1.406
1.4771
1.5482
1.3314
1.0789
1.0065
0.68262
0.57456
0.43072
0.46641
0.25104
0.2151
0.53754
0.75229
1.1102
1.432
1.6464
1.8248
1.8601
2.0385
1.895
2.0019
2.0372
2.1441
1.9294
1.9648
1.8574
1.6429
1.2857
0.99988
0.78557
0.57129
0.89261
1.0711
1.1782
1.321
1.3925
1.6425
1.3569
1.2499
0.92854
0.67862
0.53581
0.25008
0.28585
0.3931
0.46466
0.429
0.035758
-0.3219
-0.25043
-0.25049
0
0.10742
-0.10745
-0.21498
-0.50182
-0.35858
-0.3946
-0.35888
-0.071809
0.035922
0.10782
0.035959
0
-0.57599
-0.90052
-1.1894
-1.4066
-1.6241
-1.7336
-1.4457
-1.4106
-1.0859
-0.94191
-0.76141
-0.76207
-0.94436
-1.127
-1.2372
-1.1656
-1.0209
-1.022
-1.2057
-1.1339
-0.84223
-0.73321
-0.33033
-0.11024
0.036794
-0.11052
-0.14755
-0.51711
-0.96165
-1.2593
-1.4094
-1.56
-1.8599
-1.8999
-2.052
-1.9805
-1.9461
-1.8743
-1.8023
-1.6924
-1.4315
-1.3585
-1.4743
-1.5147
-1.3657
-1.4062
-1.4087
-1.6784
-1.9108
-2.2973
-2.4552
-2.46
-2.2723
-2.0453
-1.74
-1.5886
-1.4366
-1.2061
-0.77977
-0.39071
-0.039155
0.1962
0.11797
-0.19705
-0.59247
-0.5938
-0.79352
-0.55672
-0.59785
-0.75903
-1.2013
-1.3646
-1.6092
-1.8147
-1.8999
-1.6208
-1.2592
-0.77364
-0.40818
-0.4092
-0.20511
-0.12338
0.37106
0.57868
0.78737
1.0387
0.99973
1.0441
0.96311
0.88169
0.67355
0.08442
-0.1693
-0.63659
-0.97877
-1.1095
-1.1553
-0.94401
-0.73151
-0.38836
-0.17309
-0.13019
-0.21761
-0.17459
0
0.21951
0.79256
1.104
1.1959
1.466
1.8714
1.8771
1.9724
1.7087
1.4884
1.1763
0.90763
0.8194
0.41098
0.18323
-0.045951
-0.46096
-1.2023
-1.5772
-1.6753
-1.8674
-1.5924
-1.3626
-1.1784
-1.0877
-0.9014
-0.80912
-0.62074
-0.33533
0.28836
0.57858
0.48371
0.53381
0.34079
0.048842
0.147
0.54073
0.49315
0.29684
0.24815
0.29873
0.64929
1.2025
1.8596
2.2183
2.1746
2.6886
2.6968
3.0111
3.1225
3.3885
3.553
3.0986
2.6414
2.1815
1.7709
1.6191
1.4665
1.1028
0.52655
0.15838
-0.31758
-0.90208
-1.1703
-1.0665
-1.0691
-0.96441
-0.59072
-0.21529
0.10788
0.54054
1.2458
1.7368
2.2297
2.3974
2.238
2.0233
1.6981
2.085
1.8136
1.5411
1.378
0.82799
0.38691
0
-0.11082
-0.38831
-0.11107
-0.38912
-0.22257
-0.38983
-0.33441
-0.27888
-0.055813
0.27924
0.44702
0.50313
0.27963
-0.055945
-0.16788
-0.16791
-0.11196
0.22394
0.55984
0.72776
1.0635
0.89545
0.55952
-0.16781
-0.44732
-0.61481
-0.94971
-0.83753
-1.0044
-1.2826
-1.7275
-1.6706
-1.8918
-2.0569
-2.055
-2.3305
-2.3281
-2.3811
-2.3784
-2.1547
-1.9866
-0.93694
-0.55043
-0.27485
-0.38427
-0.49336
-0.93057
-1.3118
-1.4735
-1.5257
-1.2513
-0.81475
-0.27113
-0.10827
0.21617
0.48554
0.7001
0.64508
0.32195
0.37492
0.32076
0.53359
0.69233
0.85045
0.79574
1.1118
1.2153
0.94919
0.94726
0.99784
0.89097
0.62761
0.36534
0.36458
0.31183
0.46676
0.77627
1.1877
0.97906
1.234
1.1288
1.2287
1.3793
1.5802
1.5767
1.3195
1.1647
0.90954
0.65546
0.45279
0.4016
0.40073
0.14995
0.69824
0.74649
1.0925
1.0406
1.3351
1.2336
0.93552
0.73702
0.39226
-0.24465
-0.6348
-1.1208
-1.3617
-1.5046
-1.647
-1.9338
-2.1714
-2.3117
-2.3555
-2.4471
-2.4426
-1.7689
-1.384
-0.80994
-0.47563
-0.18994
-0.28445
-0.37867
-0.28357
-0.5663
-0.47124
-0.28235
0
-0.046934
-0.1875
-0.093641
-0.32737
-0.60732
-0.65336
-0.32637
0.093163
1.0239
1.4417
1.5336
1.5326
1.4853
1.6701
1.4839
1.2516
0.92681
0.23165
-0.13897
-0.6948
-0.92641
-1.2508
-0.97297
-0.41709
-0.13908
-0.092756
-0.046401
-0.092856
-0.092918
-0.65092
-0.51186
-0.1863
0.37299
0.88682
1.4019
1.8248
2.1085
2.5808
2.7727
2.9185
3.3007
3.1178
3.1237
2.798
2.4711
1.7621
1.241
0.71764
0.52754
0.28847
0.43383
0.9183
1.1631
1.4094
1.2186
0.78221
0.098074
-0.39352
-0.59218
-0.59411
-0.74512
-0.69781
-0.70023
-0.75289
-0.65485
-0.45501
-0.20297
0.050934
0.30676
0.46192
0.51524
0.56899
0.72705
1.1992
1.7276
2.1552
2.3751
2.385
2.5013
2.5117
2.0929
1.5628
1.1906
0.86953
0.70948
0.9317
0.93564
1.0501
0.99905
1.2262
1.1754
1.0678
1.1852
1.0767
1.0242
1.0284
1.4341
1.7278
1.619
2.0318
1.7483
1.521
1.2919
1.2968
1.1241
1.0094
1.2515
1.0167
1.0202
0.90327
0.96673
0.72744
0.79062
0.79312
0.55079
0.67523
0.67724
0.98793
0.68112
0.55882
0.56032
0.3121
-0.12516
-0.56461
-0.75462
-1.2606
-1.2003
-1.013
-0.6979
-0.2543
0.2548
0.76587
0.6394
0.76864
0.32081
-0.19281
-0.57933
-1.096
-0.77474
-0.64652
-0.3237
-0.12965
0.45432
0.71478
0.91075
0.58612
0.58673
0.84835
1.2411
1.8307
1.4397
1.1789
0.52439
-0.1968
-0.32825
-0.2628
-0.13149
0
0.19751
0.065883
-0.39556
-1.1215
-1.5183
-1.7835
-1.2558
0.066139
0.72799
1.4569
1.3916
1.3926
1.1944
0.86325
1.0632
1.3965
1.5972
1.7316
1.7997
1.8679
1.8027
2.0048
2.2742
2.2094
2.1446
1.9455
1.679
1.2774
0.87502
0.47172
-0.20241
-0.40534
-0.47352
-0.8806
-0.814
-0.67932
-0.81641
-0.88581
-0.88722
-0.95703
-0.8217
-0.48016
-0.4123
-0.34421
-0.75868
-0.55283
-0.41544
-0.3469
0
0.48768
1.1171
1.4694
2.3142
2.3898
2.3248
2.1185
1.628
1.4901
0.99581
0.78437
-0.14297
-0.64501
-1.5808
-1.729
-1.7335
-2.0278
-2.3236
-2.4755
-2.6282
-2.2693
-1.7617
-1.6193
-1.2547
-1.2582
-0.89058
-0.66977
-0.52237
-0.07483
-0.075036
0.075241
0.15089
0.22695
0.075856
0
0.30505
0
0.076664
0.53804
1.0788
1.3133
1.4715
1.7857
1.79
2.5744
2.9714
3.1349
2.3565
1.417
0.71001
-0.079055
-0.079216
0.47624
0.79525
0.63738
0.71834
0.31981
0.48051
0.40106
-0.080335
-0.40226
-0.96674
-1.2907
-1.4538
-1.7788
-1.6998
-1.0533
-0.081094
0.4058
0.73096
0.8127
0.32526
0.1627
0.56967
0.97685
1.3841
2.0357
2.0356
2.5239
2.5234
2.5227
1.7896
1.2196
1.1376
0.81202
0.48683
0
-0.080985
-0.64717
-0.404
-0.48417
-0.32233
-0.72414
-1.4459
-1.7642
-2.4014
-2.5566
-2.1527
-1.7503
-1.5877
-1.9799
-2.2911
-2.8369
-2.3578
-1.7243
-1.563
-1.7921
-2.0197
-1.9358
-1.8523
-1.6922
-0.99644
-0.38187
-0.15218
0
-0.15101
-0.60164
-0.44938
0
-0.14852
-0.29573
0
-0.073261
-0.36458
-0.2177
0.21663
0.57481
0.57188
0.42669
0.07074
-0.14072
-0.069975
0.13917
0.69194
1.3071
1.5731
1.2239
1.0813
0.33586
0.33379
-0.26536
-0.72513
-1.2445
-1.6919
-2.1979
-2.5044
-2.2324
-2.2172
-2.2019
-2.1866
-2.2333
-2.0943
-1.7124
-1.4572
-1.0849
-0.41881
0.17816
0.76626
0.40949
0.46445
0.23045
-0.28585
-0.39709
-0.33771
-0.055845
0.055405
0.054967
0.054529
-0.27047
-0.53659
-0.85161
-1.0031
-1.3615
-2.0256
-2.3696
-2.9122
-2.9389
-2.5629
-2.3922
-2.2242
-2.0097
-1.8958
-2.4585
-2.7249
-2.8445
-2.5858
-2.3778
-1.6645
-1.0088
-0.36378
0.36077
0.84975
1.1532
1.3197
1.7451
1.8174
1.7167
1.4473
1.52
1.5915
1.6618
1.566
1.4309
0.85171
0.64379
0.31937
0
-0.23581
-0.31199
-0.077399
0
-0.038115
0.037829
-0.11264
0.074539
0.25898
0.47746
0.4011
0.21722
0.21569
0.28557
0.38994
0.56329
0.4196
0.069464
-0.069003
0
-0.034053
0.06767
0.033621
-0.16705
-0.49808
-0.82508
-0.91854
-1.0436
-1.0375
-0.80587
-0.64105
-0.57373
-0.2219
-0.18917
-0.12544
-0.062395
-0.031038
0.12353
-0.061458
0.03058
-0.33478
-0.60585
-0.87447
-0.96061
-1.1357
-1.2201
-1.0965
-1.0329
-0.97002
-1.0248
-0.96253
-0.98801
-0.89756
-0.63473
-0.43128
-0.11462
0.2285
0.85419
1.1638
1.6415
2.0601
2.2796
2.3296
2.2956
2.3737
2.4516
2.5572
2.6903
2.7676
2.624
2.5363
2.4491
2.2526
2.057
1.9991
1.8868
1.8297
1.7183
1.7436
1.7146
1.6857
1.6571
1.493
1.3563
1.1929
1.2194
1.0023
0.9478
0.83931
0.81216
0.54143
0.27074
0.054158
-0.18961
-0.32516
-0.27109
-0.40687
-0.37999
-0.32595
-0.48934
-0.57144
-0.57203
-0.32724
-0.054608
0.02734
0.3833
0.6855
0.93378
1.1555
1.13
0.96644
0.60868
0.5545
0.44457
0.33418
0.13957
0.08395
0.028055
0.028129
0.25386
0.31116
0.34044
0.25611
0.28545
0.31501
0.34479
0.31713
0.34717
0.40649
0.37885
0.32178
0
-0.088447
-0.088806
0
-0.20896
-0.4497
-0.90339
-1.2704
-1.7017
-2.0455
-2.27
-2.6201
-2.695
-2.8019
-2.8475
-2.6421
-2.4663
-2.3524
-2.3012
-2.3139
-2.3591
-2.3725
-2.2553
-1.9396
-1.8518
-1.9626
-1.9744
-2.1883
-2.2018
-2.2495
-1.9548
-1.346
-0.90301
-0.13981
0.42215
0.88521
1.2118
1.5068
1.5529
1.5632
1.6103
1.5106
1.3724
1.2697
1.2784
1.0978
1.0672
1.0745
0.92736
0.7392
0.78346
1.0649
1.1914
1.3195
1.4494
1.2566
0.9795
0.86289
0.99285
1.1661
1.2998
1.6039
1.742
1.7107
1.6358
1.4298
1.2646
0.83384
0.6183
0.48885
0.5813
0.71983
0.8147
0.50084
0.45799
0.50671
0.37062
0.13976
0
-0.047098
-0.28409
-0.38076
-0.19135
0.048076
0
0.38833
0.58519
0.53885
0.44281
0.29647
0.099231
0.049814
0.10001
0.10039
0.050375
-0.1011
0.10144
0.50879
0.40827
0.61418
0.82117
0.92622
1.0317
1.396
1.7099
1.7134
1.6646
1.459
1.0438
0.52265
0.47099
0.26196
0.36711
0.41991
0.47273
0.31533
0.052577
0.052591
-0.052599
0.26299
0.73628
1.4196
1.5767
1.5233
1.8372
1.8358
1.8865
1.8845
1.83
1.4099
1.2515
1.3017
1.1956
1.5049
2.0201
2.2229
2.3216
2.0592
1.8491
1.3836
0.9713
1.0199
0.9155
0.91306
1.0623
1.0593
0.85508
0.75226
0.64999
0.39877
0.34783
0.19813
-0.049371
-0.19684
-0.39236
-0.4888
-0.14614
-0.19418
0.14513
0.38566
0.48037
0.47866
0.76313
0.66534
0.56824
0.61337
0.18804
-0.14052
-0.56005
-0.69752
-0.97298
-1.1541
-1.3339
-1.4666
-1.8267
-2.0932
-2.0404
-2.1236
-1.936
-1.7049
-1.8332
-1.7823
-1.5986
-0.84089
-0.39699
-0.13189
0.087643
0.26209
-0.043543
-0.26044
-0.21637
0.12943
0.43014
0.7291
0.72701
0.55438
0.68044
0.80584
0.88831
1.1814
1.4309
1.6373
1.7171
1.4625
1.1256
0.87358
0.53964
0.57996
0.45478
0.20633
0.12357
-0.12335
-0.32839
-0.45081
-0.45012
-0.24517
-0.36725
-0.40753
-0.48845
-0.69119
-0.60923
-0.20288
-0.040541
0.040509
0.2024
0.20227
0.16173
0.32332
0.6868
1.0097
1.3326
1.8574
2.0592
2.1805
2.2616
2.5046
2.6267
2.547
2.6696
2.6308
2.2681
2.0267
1.9473
1.9086
1.7074
1.4652
1.0187
0.61205
0.081722
-0.24553
-0.45086
-0.45162
-0.41129
-0.32964
-0.57799
-0.62053
-0.58038
-0.70629
-0.58298
-0.37565
0.2092
0.5453
0.79905
0.88552
0.80339
0.97527
1.2332
1.2796
1.4546
1.5878
1.8512
1.7708
1.7333
2
2.3996
2.6706
2.9437
2.9542
2.6995
2.6206
2.4966
2.4166
2.1563
2.0744
1.5845
1.2726
1.1407
1.0994
1.0119
0.6465
0.37092
-0.23277
-0.79462
-1.1264
-1.2723
-1.3722
-1.3777
-1.0971
-0.90999
-0.72131
-0.67593
-0.53321
-0.19466
-0.19543
0.14714
0.24619
0.24713
0.3969
0.64737
0.4998
0.25081
-0.30204
-0.85876
-1.5713
-1.9326
-1.7859
-1.638
-1.4377
-1.339
-1.1364
-0.88058
-0.77911
-0.78116
-1.1486
-0.94205
-0.57703
-0.36801
-0.15805
0.15836
0.31729
0.15892
0
0.053135
0.31923
0.31961
-0.053325
-0.42699
-0.69441
-0.58795
-0.80215
-0.69545
-1.0701
-0.69564
-0.74909
-0.74893
-0.90907
-0.58792
-0.64094
-0.48032
-0.37323
-0.21304
-0.42555
-0.5312
-0.42431
-0.5295
-0.63425
-0.58026
-0.63169
-0.63029
-0.62881
-0.3659
-0.26067
0.15597
0.57027
0.72364
0.77293
0.56499
0.76788
0.66322
0.71171
0.70912
0.70647
0.35188
-0.15022
-0.14961
-0.19867
-0.049461
-0.049251
0.049039
-0.24412
-0.29164
-0.38711
-0.62619
-0.57536
-0.47724
-0.38001
-0.37821
-0.28231
-0.093653
-0.27961
-0.41739
-0.78459
-1.1023
-1.4626
-1.5464
-1.6295
-1.8468
-2.0171
-2.1412
-2.4417
-2.695
-2.6382
-2.5382
-2.5698
-2.6879
-2.7617
-2.6631
-2.7365
-2.639
-2.6273
-2.5313
-2.0583
-1.673
-1.416
-1.4931
-1.487
-1.4398
-1.557
-1.3877
-1.0571
-0.85061
-0.52463
-0.32168
-0.40068
-0.47916
-0.47754
-0.23798
0
0.039411
0.039291
0.23504
0.35154
0.54529
0.93222
1.1622
1.5069
1.7344
1.5764
1.3809
1.1098
0.99283
0.53346
0.45631
0.11385
0.037878
-0.22685
-0.37741
-0.4898
-0.90275
-0.90133
-0.97496
-0.97354
-1.0096
-0.93353
-0.85774
-0.81943
-0.89287
-0.89185
-0.85376
-0.96412
-1.0002
-0.8512
-0.77647
-0.66496
-0.51675
-0.25816
0.073703
0.29459
0.58875
0.80896
0.95539
1.2485
1.4312
1.7604
2.0526
1.9048
1.6108
1.3538
1.3165
1.3888
1.4976
1.5699
1.3136
0.98466
0.65609
0.80146
0.80102
0.87337
0.69105
0.61797
0.36331
0.18155
0.18145
0.18135
0.50749
0.61588
0.90518
0.83227
1.0126
0.9397
0.83076
0.75806
0.75758
0.6129
0.43236
0.28806
0.17992
-0.071921
-0.32344
-0.61054
-0.61015
-0.8967
-0.82443
-0.85972
-0.71598
-0.67975
-0.39329
-0.035732
0.10713
0.46396
0.64203
0.57037
0.60568
0.60536
0.74741
0.81818
0.88891
0.88851
0.74603
0.67471
0.70996
0.92265
1.0643
1.1349
1.0283
1.0635
1.1343
1.3468
1.4176
1.4884
1.7011
1.843
1.985
2.1272
2.4114
2.4475
2.5903
2.8398
2.7346
2.4873
2.1688
1.8856
1.5309
1.1758
1.1055
1.0351
0.85747
0.71532
0.64451
0.46604
0.57432
0.64699
0.61191
0.61283
0.50548
0.25316
-0.18114
-0.36294
-0.50908
-0.76513
-0.98575
-1.061
-0.99003
-0.91879
-0.81045
-0.62779
-0.37022
-0.37119
-0.37218
-0.29857
-0.37427
-0.4129
-0.37649
-0.26435
-0.37884
-0.49408
-0.41945
-0.53564
-0.65267
-0.88612
-1.276
-1.7075
-1.8697
-2.0723
-2.0803
-1.9702
-1.8594
-1.7478
-1.755
-1.522
-1.3675
-1.535
-1.6228
-1.6299
-1.76
-1.7679
-1.4455
-0.95427
-0.75028
-0.41877
-0.37867
-0.12682
0.084955
0.51219
0.4289
-0.043099
-0.90953
-1.3928
-1.6622
-1.4506
-0.97193
-0.7548
-0.62473
-0.44848
-0.045075
0.40773
1.0017
1.5559
1.9318
1.8491
1.812
1.4008
0.84474
0.23583
-0.37921
-0.95275
-1.5798
-1.6358
-1.5955
-1.749
-1.8551
-1.7169
-1.4294
-1.7829
-1.6917
-1.8996
-2.1594
-2.3711
-2.4325
-2.2397
-1.994
-1.5405
-1.1345
-0.98397
-0.57204
0
0.47184
0.7895
1.2681
1.2729
1.0647
0.85486
0.96513
0.96848
0.97176
1.1374
1.0324
0.9266
0.92939
0.9321
1.2646
1.2681
1.7689
1.6625
1.4998
1.0578
0.89276
0.44731
0.33614
0.28063
0.28112
0.22526
0.3384
0.90366
0.96136
1.2455
1.2468
0.73744
0.28385
0
-0.11368
-0.17059
0
-0.17067
-0.11379
-0.22756
-0.05688
0.11372
0.28419
0.34084
0.28384
0.11344
-0.22668
0.056611
0
0.22589
0.22558
0.11262
0.16865
0.33672
0.67219
1.3977
1.6737
2.2824
2.666
2.8259
2.5978
2.3154
2.0343
1.7545
1.6401
1.7443
1.4129
0.86675
0.43198
0.32292
0.21455
0.26727
0.58592
0.31844
0
0.21074
0.10497
0.41828
0.5729
0.67441
0.62006
0.92637
1.0764
1.1741
0.96592
0.70879
0.50417
0.10041
-0.099993
-0.099573
-0.29746
-0.74053
-0.98321
-0.83222
-0.82873
-0.58254
-0.19337
0
0.28766
0.57297
0.71331
0.52099
0.33021
0.18795
-0.23402
-0.69937
-0.88251
-0.9255
-1.1065
-1.0566
-0.36621
0.22809
0.54556
0.6797
0.4065
0.1801
0.31421
0.85034
1.6512
2.3142
2.9738
3.1432
3.0472
2.7316
2.5936
2.4126
2.2764
2.1847
2.05
1.7853
1.6956
1.6498
1.5176
1.5159
1.4711
1.4697
1.3822
1.1224
1.0787
1.0352
1.1212
1.2935
1.2074
1.1214
1.208
1.5107
1.598
1.6424
1.4708
1.2125
0.9538
0.65116
0.43473
0.21771
0.26169
0.21848
0.043782
-0.1755
-0.43972
-0.26446
-0.17674
0.48732
0.88846
1.4702
1.7873
1.8825
1.7537
1.1279
1.0865
0.90861
1.0031
1.0069
1.0108
1.107
1.0188
0.83704
0.79387
0.51588
0.094207
-0.094626
-0.14258
-0.14323
-0.19187
-0.14458
-0.53264
-0.9731
-1.3201
-1.7196
-1.7775
-1.3893
-0.94749
-0.90213
-1.1082
-1.3669
-1.6282
-1.9434
-2.1074
-2.3764
-2.3365
-2.4527
-2.5175
-2.4774
-2.4367
-2.0229
-1.6049
-1.4514
-1.2963
-1.0312
-0.98148
-0.93126
-0.60534
-0.66335
-0.55524
-0.44612
-0.11201
-0.16871
-0.22587
-0.45354
-0.4553
-0.85693
-0.86007
-0.92068
-0.86611
-1.1007
-1.3367
-1.1659
-1.2278
-0.8795
-0.52911
-0.41257
-0.17724
-0.17764
0.11868
0.17836
0.41693
0.53694
0.35849
-0.059829
0
0.11992
-0.060013
-0.12011
-0.060086
-0.24043
-0.48097
-0.84173
-1.1422
-1.5625
-1.682
-2.2212
-2.2194
-2.1574
-1.5564
-1.4348
-1.5521
-1.788
-1.2494
-0.65316
0
0.65032
1.1206
1
0.99731
0.87745
0.52488
0.46508
0.57942
0.86612
1.1507
1.1464
1.2561
0.96675
0.50969
0.39474
0.22458
0.27946
0.1669
0.66444
0.55102
0.60312
0.54552
0.27135
-0.26993
-0.59067
-0.74768
-1.2747
-1.3732
-1.4704
-1.4097
-1.7649
-1.5481
-1.4363
-1.2747
-1.0643
-0.90667
-0.90109
-1.0448
-1.0383
-1.2283
-1.4647
-1.6495
-1.4462
-1.1017
-0.66634
-0.28375
0.093982
0.32684
0.46394
0.82977
0.77869
0.54618
0.27136
-0.26965
-0.62525
-1.1983
-1.5437
-2.104
-2.5704
-2.598
-2.6254
-2.5241
-2.5092
-2.1139
-1.9335
-1.5881
-1.4544
-1.5289
-1.8081
-1.7165
-1.1789
-0.72783
-0.24135
-0.040019
0.079637
-0.19811
-0.35488
-0.078488
-0.078124
0.31108
0.69683
1.0407
1.305
1.1468
1.1803
0.91023
0.71789
0.45176
0.30011
-0.14955
-0.29811
-0.55719
-0.7777
-0.84929
-0.77328
-0.80795
-0.80591
-0.58471
-0.14584
0.072766
0.47202
0.72482
0.90443
0.83072
0.79341
0.54022
0.071939
-0.46708
-0.93325
-1.2193
-1.2543
-0.89537
-0.60856
-0.39363
-0.21465
0.17886
0.53657
0.75129
1.0735
1.0739
1.2893
1.505
1.6853
1.7943
1.7959
1.9775
2.0157
2.0181
2.0207
2.0235
2.0265
2.0296
2.2508
2.4365
2.3316
2.044
1.9383
1.7223
1.6892
1.6192
1.3277
0.9241
0.81508
0.81699
0.89339
1.0821
1.2344
1.275
1.203
1.0176
1.2091
1.0607
1.1394
1.2947
1.3362
1.11
1.1895
1.5003
1.6198
1.4306
1.2791
0.9714
0.58425
0.62468
0.43047
0.15689
-0.039311
-0.31518
-0.31585
-0.87037
-1.1496
-1.4695
-1.5121
-1.156
-0.91837
-0.67989
-0.76103
-0.60167
-0.72297
-0.8043
-0.64417
-0.28212
-0.040341
0
0.080807
0.12129
0.1618
0.24279
0.60714
1.0525
1.2955
1.4573
1.4166
1.3352
1.2133
1.2531
1.2119
1.1706
1.1695
1.0072
0.84507
0.76364
0.80274
0.64124
0.52019
0.55925
0.35887
0.39799
0.11916
0.23781
0.15819
0.11837
0.11808
-0.078527
-0.43079
-0.74211
-0.81798
-1.0099
-0.85204
-0.65645
-0.30798
-0.42217
-0.38258
-0.61017
-1.1784
-1.326
-1.3594
-1.0913
-1.2001
-1.1213
-1.1174
-1.1506
-1.0726
-1.032
-0.9182
-0.87838
-0.58353
-0.54515
-0.47081
-0.46918
-0.17983
0.2509
0.3215
0.49843
0.31936
-0.14147
-0.52881
-0.70285
-0.87584
-0.90809
-0.94021
-0.90275
-1.1079
-1.1049
-0.8953
-0.92732
-0.925
-1.162
-1.1593
-1.3269
-1.2901
-1.1181
-1.2175
-0.91147
-0.50553
-0.16825
0.10081
0.57049
0.77094
1.038
1.4051
1.9054
2.3051
2.2371
2.0027
1.8021
1.4015
1.168
1.0348
1.1019
1.1025
1.1033
1.3719
1.6077
2.0455
2.3504
2.6229
2.7619
2.7668
2.5694
2.0666
1.8676
1.702
1.604
1.54
1.7504
1.928
2.0724
2.2528
2.4695
2.7929
2.7688
2.7448
2.4737
2.2716
1.9966
1.8627
1.6198
1.5555
1.6363
1.7546
1.6172
1.3306
1.1895
1.0096
1.1661
1.2869
1.1046
0.99673
0.61741
0.62157
0.43026
0.31511
0.15868
0.11987
-0.080505
-0.40555
-0.40865
-0.53536
-0.41506
-0.083675
0.33741
0.63783
0.60024
0.30264
0
-0.39578
-0.26614
-0.17897
-0.31597
-0.27324
-0.22973
-0.50997
-0.42104
-0.33046
0.14293
0.2404
0.58231
0.14693
-0.2966
-0.29937
-0.40289
-0.55917
-0.92359
-0.67329
-0.73189
-0.36937
-0.53261
-0.64511
-0.86816
-1.0405
-0.82907
-0.83672
-0.95699
-0.68169
0
0.23136
0.40851
0.35327
-0.11879
-0.23967
-0.72523
-0.48764
-0.73766
-0.80585
-0.93754
-0.94523
-0.63525
-0.57629
0.19361
0.19511
0.65533
1.1224
1.9289
1.9429
1.9567
1.9704
1.6418
1.4462
0.55455
0
-1.3338
-2.472
-2.6999
-2.93
-2.6591
-1.662
-1.7435
-1.6795
-1.8347
-1.9174
-1.7782
-1.2652
-0.67275
-0.30025
-0.15073
0.45393
0.83528
0.99063
1.1469
1.3806
1.7695
1.9288
1.8567
1.6287
0.93288
0
-0.39035
-0.15643
-0.54845
-0.31389
-1.3359
-1.5736
-1.1814
-0.94603
-0.94676
-1.1052
-0.63186
-0.9481
-1.0273
-0.86926
-1.4223
-1.5009
-1.5003
-1.7363
-1.4196
-1.9701
-2.2045
-1.7302
-2.278
-2.275
-2.5851
-2.7374
-2.5766
-2.4941
-2.1781
-1.7855
-1.162
-0.69561
-0.46264
-0.99991
-1.5344
-1.2242
-1.3734
-0.53258
0.22757
0.98313
1.0554
1.1271
1.1983
0.67174
0.44627
0.96346
0.81226
0.73566
0.80615
0.51102
0.21814
0.072422
0.14425
0
-0.2861
-0.35609
-0.42545
-0.91776
-1.1245
-1.1894
-1.2536
-1.3171
-1.311
-1.1674
-1.2302
-0.9522
-0.47378
-0.60615
-0.33508
0.13336
0.13269
-0.066005
0.197
0.52262
0.97481
1.0343
0.83596
0.38378
0
0.063278
0.75523
1.0641
1.0582
1.0524
1.0466
0.73466
0.79143
0.84752
0.72234
0.71825
0.65464
0.29586
-0.1765
-0.35096
-0.058154
0.057816
0.51731
0.45714
0.45445
0
0.11227
0.39063
0.33283
0.49627
0.87697
1.1986
1.3538
1.6148
1.712
1.6485
1.5856
1.6285
1.3053
0.6746
0.2063
-0.25629
-0.81508
-1.5189
-1.8617
-2.2003
-2.1867
-2.025
-2.1106
-2.2439
-2.3269
-1.8789
-1.6279
-1.2847
-1.0876
-1.1278
-1.0274
-0.8354
-0.55348
-0.22919
0.22777
0.72437
1.0798
1.0285
0.93327
0.92754
0.87796
0.69807
0.56373
0.6896
1.0281
1.2348
1.6083
1.8511
1.9655
2.1616
2.1075
1.6843
1.1027
0.64962
0.28256
0.28093
0
-0.31741
-0.59179
-0.78463
-0.93632
-1.0087
-1.0804
-1.1129
-1.1451
-1.4807
-1.5484
-1.5779
-1.9061
-1.7477
-1.8128
-1.5829
-1.3187
-0.69261
-0.3265
0.072213
0.10782
0.46506
0.56979
0.5318
0.77656
0.70293
0.62997
0.69706
0.72894
0.86433
0.68877
0.72044
0.54686
0.4427
0.30539
0.40578
0.5729
0.6046
0.63614
0.66754
0.59897
0.53086
0.72786
0.82484
0.95428
1.116
0.98225
0.9146
0.78217
0.94308
0.87623
1.1012
1.1962
1.0972
0.86988
0.67551
0.57816
0.28869
0.064071
-0.25599
-0.57535
-0.79833
-0.98908
-0.79703
-0.92394
-0.76421
-0.89116
-1.0181
-1.2723
-1.4311
-1.5582
-1.8126
-1.9083
-1.9723
-1.9729
-1.9738
-1.9429
-1.7529
-1.5627
-1.2129
-0.76669
-0.51162
-0.41614
-0.57685
-0.89844
-1.0281
-0.96525
-0.61224
-0.1291
0.064656
0.55054
0.8111
1.1052
1.1725
1.3708
1.341
1.3768
1.6099
1.7784
1.8158
1.8534
1.8914
1.73
1.6346
1.4385
1.2748
0.94206
0.47242
0.10154
-0.16975
-0.61303
-0.51249
-0.61698
-0.82535
-0.89712
-1.004
-1.1812
-1.1505
-1.0496
-1.1938
-1.48
-1.6622
-1.3134
-0.96198
-0.60797
-0.53848
-0.54055
-0.68733
-0.54474
-0.47396
-0.54903
-0.80843
-0.73787
-0.66674
-0.52066
-0.63479
-0.52489
-0.86583
-1.0206
-1.2905
-1.4101
-1.4159
-0.99911
-0.34728
-0.038748
0.3891
0.82052
1.2163
1.3396
1.3452
1.3111
1.3965
1.2821
1.0461
0.88888
0.48688
0.28521
-0.24549
-0.73955
-1.4028
-1.7815
-2.1634
-2.2559
-2.1814
-2.1483
-2.0303
-1.9962
-1.6206
-1.456
-1.2469
-0.73394
-0.69357
-0.39171
-0.34959
-0.26325
-0.30835
-0.08845
0
0.31203
0.31325
0.08985
0.1804
0.090547
0.40902
0.86679
1.2364
1.333
1.4764
1.6208
1.3014
1.073
1.03
1.0337
1.1318
1.2777
1.3297
1.2391
1.0042
1.1036
0.86664
0.48308
0.096938
-0.24314
-0.53665
-0.78309
-0.73648
-1.2313
-1.581
-1.9823
-1.9385
-1.695
-1.25
-0.60174
-0.15086
0.20172
0.9608
1.3183
1.6269
1.7841
2.0442
1.9469
1.6435
1.7505
1.5998
1.4483
1.5034
1.4548
1.3017
1.2001
1.5162
1.4668
1.4696
1.0517
1.2116
0.89706
1.0043
0.89998
0.47719
0.31859
-0.10634
-0.21297
-0.53309
-0.53372
-0.21372
-0.10697
0.16061
0.42868
0.91167
0.85867
0.85922
0.59105
0.53758
0.43024
0.53797
0.91478
0.80728
0.91498
0.91497
1.1301
1.0223
1.0758
1.0754
0.6987
0.75203
0.9126
1.3411
1.2328
1.1781
1.1769
0.90841
0.80058
0.79954
0.69197
0.47834
0.68985
0.63572
0.79324
1.0029
1.3697
1.84
2.0983
2.3553
2.4542
2.2919
2.2341
2.3319
2.1705
1.9583
1.9525
1.7418
1.5321
1.2727
0.96405
0.50569
0.15118
0.15064
-0.050033
-0.19939
-0.99314
-1.1871
-1.6258
-1.6683
-1.3682
-1.1678
-0.82368
-0.53065
-0.19211
0
0.38074
0.90007
1.0373
0.98541
0.56037
0.37176
-0.04624
0
0.13733
0.3188
0.31715
0.45072
0.62769
0.62437
0.75413
0.97069
1.0971
0.9602
0.91155
0.99288
0.81568
0.81116
0.80665
0.88659
0.83965
1.0019
0.78874
0.53663
0.28733
0.32653
0.44645
0.40359
0.52172
0.43898
0
-0.078924
0.11773
0.6244
1.009
1.4281
1.3051
1.1453
0.87329
0.98189
1.1645
1.3078
1.4867
1.405
1.2138
0.98805
0.72818
0.28981
0.18023
0.10761
0.10709
-0.035525
-0.2475
-0.42231
-0.77067
-0.80206
-0.69434
-0.51847
-0.48182
-0.37697
0.13651
0.67978
1.2526
1.5174
1.7468
1.8406
2.034
2.2593
2.2845
2.4418
2.6639
2.7537
2.6471
2.5088
2.209
1.7817
1.2276
0.8055
0.41779
0
-0.22389
-0.54251
-0.73241
-0.95337
-1.0149
-0.94976
-1.0745
-1.0728
-1.1656
-1.3841
-1.6022
-1.8512
-2.0685
-2.2542
-2.127
-1.9065
-1.7489
-1.6542
-1.3102
-1.0602
-0.81046
-0.46746
-0.37392
-0.37391
-0.46742
-0.56099
-0.8417
-1.0915
-1.1855
-1.311
-1.3743
-1.4066
-1.3139
-1.0332
-0.75219
-0.3765
-0.15706
-0.1258
-0.062983
0.063071
0.18949
0.601
0.91882
0.76171
0.44512
0.50966
0.73405
0.86343
0.86521
0.80283
0.83678
0.77415
0.84061
0.84261
0.87714
0.94446
1.1428
1.4076
1.5426
1.5796
1.5509
1.5221
1.3937
1.4309
1.1681
1.0041
0.83924
0.80807
0.8105
0.91457
1.3251
1.6359
1.7777
1.989
2.064
2.0359
1.7654
1.5973
1.3237
1.2231
1.1919
1.2308
1.1994
1.0616
1.1714
1.0327
1.0716
1.1824
1.1861
1.1897
1.3741
1.4508
1.7462
1.7879
2.0128
2.0186
1.8036
1.4765
1.3326
0.81664
0.40944
0.14929
-0.074844
-0.45024
-0.60186
-0.52796
-0.37805
-0.30318
0.037987
0.19038
0.3053
0.49722
0.6133
0.76825
1.0008
1.3113
1.3526
1.0841
0.54304
0.11657
-0.3114
-0.66282
-0.62483
-0.54756
-0.66588
-0.82373
-1.0212
-1.2585
-1.142
-0.78849
-0.71043
-0.59265
-0.39549
-0.23752
-0.39621
-0.5948
-0.83335
-0.67509
-0.31789
0.15904
0.55694
0.995
1.314
1.6331
1.8328
1.7536
1.6742
1.1163
0.51836
-0.079752
-0.31901
-0.79751
-1.1563
-1.515
-2.033
-2.2717
-2.55
-2.5493
-2.5485
-2.468
-2.3079
-1.9887
-1.9481
-1.9074
-1.5887
-1.7863
-1.6266
-1.5067
-1.4662
-1.7821
-1.7809
-1.8193
-1.6995
-1.5798
-0.90773
-0.35494
-0.15763
-0.039379
0.039349
-0.11796
0.078578
0.43184
0.66687
0.94073
1.0967
1.4872
1.6424
1.7193
1.9522
2.0288
2.0272
1.9478
1.7906
1.2058
0.7774
0.31074
-0.15526
-0.65941
-0.96908
-1.2396
-1.355
-1.1607
-0.92799
-0.6183
-0.69519
-0.50181
-0.54013
-0.53986
-0.50106
0
0.38509
0.57741
0.84654
1.0386
0.88441
0.84569
0.61488
0.3842
0.23047
0.49924
0.69113
0.65264
0.46063
0.49896
0.38379
0.34539
0.38376
0.46052
0.57567
0.65246
0.65251
0.49903
0.84463
0.92156
0.92172
0.84508
0.76843
0.57647
0.11533
-0.26917
-0.42312
-0.57717
-0.84682
-1.0782
-1.2327
-1.3488
-1.1952
-1.1186
-1.1577
-1.6601
-1.6996
-2.0483
-2.0107
-2.0504
-1.8967
-1.7428
-1.7826
-1.7061
-1.8234
-2.0962
-2.1752
-1.8656
-1.3611
-1.0117
-0.7398
-0.58441
-0.66273
-0.35107
-0.078064
0.42961
0.54711
0.86026
0.86077
0.90043
1.0185
1.2934
1.3726
1.4518
1.5704
1.4141
1.2576
1.1403
0.86549
0.43295
0.39377
0.43334
0.74882
0.7097
0.51276
0.71023
0.51313
0.78968
0.82942
0.98768
0.82986
0.86958
0.86976
0.86992
0.94916
1.2262
1.3845
1.2264
1.0682
1.0682
0.90994
1.1473
1.3054
1.2262
0.90963
0.51406
0.079071
-0.23716
-0.51372
-0.59258
-0.5529
-0.55271
-0.51304
-0.63117
-0.63089
-0.43353
0.039392
0.35434
0.55088
0.74717
0.7467
0.70693
0.62795
0.47062
0.27432
-0.15663
-0.50864
-0.78186
-1.1718
-1.2878
-1.3646
-1.3633
-1.2452
-0.93294
-0.69898
-0.62066
-0.54249
-0.54188
-0.65725
-0.77234
-0.77143
-0.6164
-0.885
-1.1913
-1.4969
-1.725
-1.761
-1.7204
-1.8709
-2.0209
-2.0942
-2.0153
-1.8606
-1.6684
-1.5146
-1.4368
-1.2082
-0.79171
-0.26352
0
0.22521
0.26235
0.26196
0.14947
-0.074624
-0.26079
