-1.3503
-1.3668
-1.2783
-1.1024
-0.87428
-0.80376
-0.6635
-0.43621
-0.034872
0.26135
0.33081
0.40017
0.19125
0
-0.19099
-0.26025
-0.3641
-0.20792
-0.086572
-0.034605
-0.017291
-0.034558
0.051801
-0.051766
-0.068975
-0.12063
-0.18943
-0.44744
-0.58473
-0.56716
-0.60113
-0.60074
-0.36021
-0.34283
-0.32548
-0.39375
-0.44482
-0.42744
-0.393
-0.34152
-0.27305
-0.42637
-0.4261
-0.32364
-0.23832
-0.10208
0.068009
0.11894
0.25472
0.37337
0.3053
0.25427
0.15247
0.067726
0
-0.13529
-0.11831
-0.33785
-0.33765
-0.52307
-0.53964
-0.3708
-0.37059
-0.20203
-0.15144
-0.084087
0
0.083997
-0.050371
-0.016782
-0.067091
-0.083821
-0.11729
-0.066988
0.083692
0.21749
0.26755
0.30084
0.25058
0.15027
0.016689
0.050043
-0.1834
-0.18332
-0.29984
-0.31635
-0.34949
-0.4325
-0.51545
-0.71466
-0.79741
-0.78045
-0.76352
-0.89592
-0.99505
-0.89517
-0.89481
-0.79506
-0.6954
-0.49651
-0.29779
-0.033075
0.066125
0.0661
0.13215
0.29723
0.36315
0.13201
0
-0.32978
-0.44505
-0.52729
-0.39534
-0.1976
-0.049385
0.34558
0.85546
1.2828
1.2824
0.80537
0.2629
-0.27925
-0.49265
-0.78803
-1.0668
-1.5916
-2.3458
-3.1652
-3.853
-4.1635
-4.1952
-4.0468
-3.882
-3.6028
-3.2582
-2.9464
-2.4221
-2.0453
-1.8813
-1.8155
-1.5535
-1.3407
-0.88274
-0.53936
-0.45756
-0.75159
-0.96385
-1.0454
-1.0289
-0.8328
-0.7184
-0.76729
-0.9141
-1.0609
-0.9955
-1.1423
-1.0279
-0.94626
-0.8483
-0.76667
-0.7503
-0.68501
-0.78282
-0.88062
-0.9295
-0.84792
-0.83159
-0.78264
-0.78262
-0.73369
-0.53803
-0.4076
-0.58693
-0.97823
-1.1576
-1.0435
-0.86413
-0.6685
-0.45655
-0.19567
0.081533
0.42399
0.53817
0.57083
0.60348
0.58722
0.52201
0.52206
0.65263
0.66901
0.76699
0.73443
0.75084
0.73461
0.60409
0.71847
0.65324
0.70234
0.70244
0.80058
0.78437
0.75182
0.78464
0.68669
0.49058
0.39254
0.29446
0.21271
0.34368
0.54019
0.63855
0.58957
0.4259
0.426
0.295
0.42621
0.59029
0.67246
0.78748
0.75487
0.86999
0.82098
0.85407
0.90362
0.96963
0.83842
0.75646
0.77316
0.80632
0.85598
0.87273
0.79067
0.62617
0.70882
0.61013
0.39591
0.28054
0.31367
0.47894
0.54521
0.69419
0.76061
0.77746
0.76124
0.79467
0.8447
0.7125
0.69624
0.48095
0.2157
0.1162
0.19929
0.36553
0.44882
0.68186
0.86522
0.91558
0.93269
0.83318
0.68355
0.51709
0.46729
0.40075
0.43437
0.31759
0.36794
0.16734
0.25114
0.33504
0.28494
0.23479
0.10068
0.28543
0.3024
0.60515
0.89144
0.99294
0.92618
0.58974
0.13488
-0.32054
-0.69212
-0.76012
-0.67609
-0.54121
-0.44002
-0.30482
-0.27113
-0.20348
0
0.067917
-0.050972
-0.25503
-0.47638
-0.66398
-0.76665
-0.64784
-0.40945
-0.44388
-0.44419
-0.61547
-0.73567
-0.68484
-0.59967
-0.53152
-0.63486
-0.60098
-0.68734
-0.65346
-0.77442
-0.82666
-0.68941
-0.94865
-0.86307
-0.89828
-0.84711
-0.62285
-0.3463
-0.41588
-0.55494
-0.57274
-0.69478
-0.66057
-0.6089
-0.53975
-0.59246
-0.61038
-0.55852
-0.50657
-0.41957
-0.36743
-0.10507
-0.12268
-0.24556
-0.78998
-1.6691
-2.6025
-3.2911
-3.5757
-3.8256
-3.8465
-3.6026
-3.2875
-3.0073
-2.7975
-2.5518
-2.3944
-2.3432
-2.2387
-2.1517
-2.1358
-1.9952
-1.9791
-2.0166
-1.679
-1.3587
-0.94837
-0.87758
-0.68118
-0.61003
-0.5567
-0.53923
-0.48575
-0.37815
-0.36047
-0.19844
-0.21668
-0.14458
0.1628
0.63371
1.1961
1.4874
1.4343
0.85412
0.49112
0.32771
0.2369
0.0912
-0.20083
-0.09137
0.036582
-0.036616
-0.1466
-0.20176
-0.073437
-0.18376
-0.091968
-0.18411
-0.23956
-0.31357
-0.036925
0.11088
0.16647
0.20366
-0.25944
-0.50082
-0.64982
-0.46459
-0.16741
0.018619
-0.037272
-0.14923
-0.4481
-0.6354
-0.69211
-0.61787
-0.44978
-0.11255
0.13143
0.20673
0.26335
0.32008
0.28268
0.49044
0.5853
0.68033
0.73771
0.75732
0.89067
0.85356
0.89231
0.83612
0.60865
0.36171
0.07622
-0.057217
-0.24817
-0.28661
-0.057373
0.19142
0.3257
0.32599
0.095967
-0.21132
-0.44224
-0.53886
-0.59712
-0.77116
-0.73325
-0.98497
-1.0825
-1.2576
-1.1425
-1.0272
-1.0669
-0.89307
-0.85498
-0.68068
-0.38929
-0.077925
0.19498
0.33175
0.44921
0.3714
0.35215
0.35244
0.5291
0.50993
0.72626
0.80544
0.82576
0.86578
0.94525
1.3205
1.4399
1.4608
1.3632
1.1665
1.0883
1.1287
1.2287
1.1305
1.0917
1.1124
1.1331
1.0345
0.83616
0.79694
0.53833
0.43896
0.49919
0.39964
0.21996
0
-0.020025
-0.080157
0.040107
0.20067
0.30122
0.20095
0.14076
0.16098
0.12081
-0.040298
-0.14114
-0.24211
-0.40377
-0.36363
-0.32343
-0.30341
-0.3036
-0.26328
-0.24318
-0.24333
-0.40579
-0.58875
-0.7313
-0.81303
-0.71181
-0.67152
-0.63118
-0.52967
-0.63188
-0.61183
-0.67338
-0.67374
-0.6741
-0.5927
-0.28628
-0.14321
-0.14328
-0.22527
-0.10245
-0.081997
0.12305
0.2257
0.32845
0.45182
0.63694
0.925
1.0488
1.2344
1.1732
0.94716
0.57677
0.20607
0.16492
0.12374
0.33009
0.45405
0.45421
0.22719
-0.39255
-0.97138
-1.778
-2.399
-2.7929
-3.249
-3.6433
-3.8929
-3.7697
-3.7293
-3.4817
-3.3168
-3.0895
-2.9036
-2.6761
-2.4278
-2.4491
-2.4911
-2.284
-1.9314
-1.5995
-1.2466
-1.1429
-1.1223
-1.0186
-0.76924
-0.49904
-0.33274
-0.18719
-0.062405
-0.062412
-0.020806
0.10404
0.02081
-0.10406
-0.10407
-0.18734
-0.14572
-0.14572
0
0.24983
0.27066
0.29149
0.24985
0.083283
0.041642
0.12492
0.062461
0.041639
-0.062457
-0.083272
-0.062451
0.020816
0.10407
0.041625
0.062433
0.29133
0.3121
0.16644
-0.020802
0
0
0.020794
0.020791
-0.041575
-0.16627
-0.35327
-0.43631
-0.60242
-0.47768
-0.20765
-0.12456
-0.31133
-0.66403
-0.74685
-0.76741
-0.70501
-0.62191
-0.58029
-0.53869
-0.3107
-0.22778
-0.24841
-0.35181
-0.31032
-0.26886
-0.24809
-0.20667
-0.2066
-0.18588
-0.12387
0.10319
0.37134
0.57742
0.90702
1.0509
1.0299
0.94709
0.65856
0.39085
-0.082249
-0.12332
-0.24653
-0.28748
-0.34892
-0.16412
-0.082021
-0.081981
-0.16388
-0.47092
-0.53208
-0.71589
-0.53152
-0.44951
-0.34716
-0.2041
-0.24479
-0.22426
-0.38715
-0.46838
-0.65129
-0.69159
-0.67085
-0.56886
-0.467
-0.30438
-0.040559
-0.304
-0.40508
-0.40482
-0.44502
-0.32344
-0.40403
-0.18169
-0.080699
0.020161
0.040295
-0.020134
0
0.14074
0.42192
0.52201
0.68214
0.7017
0.62105
0.36035
0.20004
0.039979
-0.25967
-0.35927
-0.27922
-0.17936
-0.11948
-0.079594
-0.37778
-0.55628
-0.81392
-1.0315
-1.4072
-1.8418
-2.0975
-2.2738
-2.3312
-2.5266
-2.6626
-2.8772
-2.9338
-2.7346
-2.6537
-2.7104
-2.7277
-2.5881
-2.3704
-2.2509
-2.112
-2.1297
-2.0498
-2.0089
-1.7733
-1.5771
-1.4978
-1.341
-1.2427
-1.3386
-1.2792
-1.1425
-1.0254
-0.83116
-0.63728
-0.44376
-0.17348
0
0.21164
0.26911
0.40329
0.53722
0.59422
0.51706
0.34438
0.49696
0.4392
0.66772
0.81956
0.99015
0.89408
0.7982
0.7025
0.70182
0.77695
0.73833
0.77544
0.69911
0.9627
1.0561
0.92315
0.82814
0.78973
0.71382
0.46916
0.28122
0.11238
0
0.018693
0.037349
0.074624
0.11183
0.33515
0.52083
0.68756
0.74258
0.66766
0.44467
0.27765
0.27737
0.31405
0.18455
0.092185
0.11051
0.092003
-0.018383
0.036729
0.018346
-0.10997
-0.20142
-0.14634
-0.20102
-0.23734
-0.34654
-0.40087
-0.58251
-0.54557
-0.38153
-0.30856
-0.14506
-0.19927
-0.25337
-0.48817
-0.74058
-0.88423
-0.91944
-0.8285
-0.79172
-0.95276
-1.0596
-1.256
-1.1114
-1.0924
-0.94826
-0.67924
-0.50003
-0.42819
-0.37432
-0.16027
-0.071167
0.088876
0.23087
0.39034
0.51407
0.65528
0.83163
0.9723
1.2364
1.4646
1.5515
1.5325
1.3551
1.2133
1.2122
1.4218
1.6836
1.612
1.6106
1.4169
1.3457
1.0652
0.88981
0.97622
1.0277
1.4097
1.4954
1.1641
0.50345
-0.38161
-0.60662
-0.46758
0.069216
0.6916
1.1921
1.5364
1.5352
1.3789
0.89557
0.43023
0.32673
0.29211
0.30906
0.15442
0.1543
0.085659
0.25679
0.35925
0.58122
0.6833
0.76816
0.85291
0.76709
0.90283
1.0724
1.1398
1.139
1.0363
0.95073
0.88224
0.94949
1.1353
1.27
1.2523
1.2008
1.2338
1.1486
1.2155
1.3666
1.4501
1.3144
1.1621
0.92577
0.60562
0.40352
0.23526
0.050385
-0.20143
-0.38587
-0.48628
-0.40223
-0.31827
-0.16743
0.050203
0.13381
0.31765
0.43447
0.31735
0.21703
0.10012
0
-0.1834
-0.26665
-0.23322
-0.033304
0.16645
0.31613
0.31601
0.13301
0.066478
-0.16613
-0.16607
-0.18262
0.016596
0.066361
0.24877
0.33159
0.33149
0.31482
0.33129
0.54647
0.51321
0.64547
0.56257
-0.033084
-1.075
-2.199
-2.8928
-3.2557
-3.2385
-3.1552
-2.8738
-2.6091
-2.46
-2.212
-2.1951
-2.0792
-1.9634
-1.8147
-1.7815
-1.8802
-1.814
-1.9622
-1.8796
-1.6981
-1.5825
-1.4506
-1.3516
-1.302
-1.3514
-1.2031
-0.9723
-0.84045
-1.0052
-1.0711
-1.17
-1.1371
-1.0547
-0.97233
-0.84052
-0.84056
-0.80764
-0.92307
-0.8572
-0.75835
-0.41219
-0.26382
-0.19789
-0.14843
-0.13196
-0.21446
-0.26399
-0.36304
-0.46212
-0.59425
-0.57784
-0.67703
-0.61109
-0.66077
-0.62786
-0.628
-0.56202
-0.64482
-0.9592
-1.2076
-1.3568
-1.2248
-1.2085
-0.94392
-0.67916
-0.43082
-0.34808
-0.13264
-0.033171
-0.26546
-0.31534
-0.43167
-0.31557
-0.4486
-0.69809
-0.6651
-0.7319
-0.61571
-0.63261
-0.58291
-0.76643
-0.78343
-0.65037
-0.68403
-0.61758
-0.58446
-0.56803
-0.70203
-0.85288
-1.0373
-1.1885
-1.1724
-1.0557
-0.92213
-0.90585
-0.70494
-0.58777
-0.55449
-0.36987
-0.21869
-0.050496
-0.11789
-0.25278
-0.65762
-1.1811
-1.6545
-1.8583
-1.9102
-1.9114
-1.828
-1.7445
-1.627
-1.4585
-1.205
-1.1039
-0.9517
-0.79931
-0.81689
-0.80044
-0.86919
-0.81866
-0.81926
-0.7003
-0.56408
-0.51318
-0.49646
-0.46257
-0.24004
-0.18875
-0.085862
0.1203
0.2924
0.7574
1.0164
1.2931
0.94908
0.34541
-0.51854
-1.2456
-1.9045
-2.2701
-2.4455
-2.7774
-2.7798
-2.904
-2.9762
-3.0833
-3.0861
-2.7398
-2.2707
-1.8182
-1.3299
-1.1035
-1.0519
-1.0353
-0.96603
-0.87904
-0.80948
-0.77502
-0.70524
-0.79416
-0.74193
-0.7957
-1.0266
-1.0453
-0.88671
-0.63907
-0.58639
-0.5514
-0.73001
-0.76639
-0.89205
-0.71436
-0.69722
-0.68003
-0.68073
-0.6635
-0.59238
-0.64691
-0.6116
-0.79232
-0.91933
-0.73985
-0.52386
-0.30741
-0.16292
-0.090608
-0.16327
-0.1816
-0.29088
-0.61879
-0.65589
-0.82075
-0.67557
-0.8591
-0.96982
-0.7877
-0.86192
-0.75271
-0.56975
-0.40478
-0.29471
-0.25816
-0.14768
0.073923
0.37003
0.55566
0.74171
0.70541
0.7062
0.68838
0.55878
0.39158
0.093339
0.037377
-0.13097
-0.2435
-0.28128
-0.39424
-0.58263
-0.63973
-0.60278
-0.62232
-0.49087
-0.30242
-0.28384
-0.49254
-0.4931
-0.60758
-0.64629
-0.68508
-0.68585
-0.53405
-0.59194
-0.36321
-0.28707
-0.01916
0.26854
0.55689
0.78822
0.80835
0.98268
0.86805
0.96559
1.0633
1.2968
1.4339
1.4161
1.5731
1.5165
1.3819
1.1691
1.0339
0.9374
1.0362
1.2526
1.4108
1.3535
1.2175
1.0813
0.90532
1.0836
1.1637
1.2045
0.96858
0.85091
0.73297
0.53545
0.35735
0.17887
-0.21885
-0.91617
-1.4156
-1.6566
-1.8981
-2.0402
-2.2626
-2.2048
-2.1469
-2.2496
-2.5334
-2.7977
-2.7402
-2.4606
-2.1401
-1.7583
-1.7399
-1.3771
-1.5609
-1.4205
-1.0969
-0.75231
-0.61059
-0.26485
-0.26511
-0.26537
-0.16346
-0.12272
0.12284
0.32788
0.63587
0.84179
0.73983
0.59653
0.51473
0.65947
0.80448
1.1562
1.3226
1.3031
1.2008
0.87031
0.5185
0.16607
0.22855
0.35352
0.49952
0.64577
0.75057
0.79295
0.543
0.54346
0.50207
0.35593
0.20954
0
-0.23087
-0.23106
-0.14716
-0.084156
-0.12633
-0.1475
0.021088
-0.14773
-0.33793
-0.93
-1.2903
-1.4606
-1.6099
-1.4415
-1.3577
-0.97655
-0.78605
-0.72282
-0.87224
-0.72382
-0.6178
-0.51162
-0.36264
-0.44827
-0.66216
-1.0473
-1.2405
-1.3269
-1.4348
-1.2642
-1.0506
-0.70797
-0.51519
-0.27923
-0.064474
0.15053
0.32274
0.60279
0.7539
0.77586
0.79784
0.56094
0.36696
0.23757
0.36734
0.23781
0.34607
0.28132
0.25981
0.17329
0.086683
0.34689
0.32536
0.4557
0.56444
0.73843
0.6301
0.49994
0.28269
-0.17403
-0.39172
-0.47896
-0.58803
-0.34859
-0.28333
-0.10901
0.13086
0.37089
0.65473
0.85142
0.9172
0.89564
0.8522
0.45901
0.28423
0.17496
0.30626
0.17505
0.021887
0.15325
0.24087
0.39425
0.43815
0.32868
-0.021917
-0.065764
-0.24118
-0.39473
-0.54834
-0.78974
-0.76793
-0.94361
-0.89986
-0.76828
-1.0099
-1.1857
-1.3395
-1.4714
-1.6473
-1.6914
-1.7575
-1.8235
-1.7578
-1.6041
-1.5822
-1.6482
-1.6263
-1.7803
-1.8023
-1.6925
-1.5387
-1.2969
-1.0551
-0.5935
-0.28576
-0.043963
-0.13189
-0.24179
-0.57148
-0.94511
-1.0769
-1.1428
-1.0109
-1.0548
-0.90091
-1.0107
-0.98865
-0.94464
-0.92258
-1.0762
-0.98829
-0.9223
-0.85633
-0.68059
-0.5927
-0.43898
-0.2853
-0.13166
0.021939
-0.10968
-0.21933
-0.043858
0.10963
0.15345
0.1315
0.39444
0.41628
1.0076
1.5987
2.3429
2.6707
2.4951
1.5536
0.52505
-0.1531
-0.24053
0.043723
0.043712
-0.24036
-0.58982
-1.0701
-1.3537
-1.5061
-1.5494
-1.4399
-1.1777
-1.0902
-1.0245
-0.91523
-0.69711
-0.52268
-0.56606
-0.56589
-0.56571
-0.41328
-0.086978
0.1739
0.15211
-0.23896
-0.21716
-0.28222
-0.28212
-0.21694
0.17349
0.56366
0.8452
0.88823
0.82294
0.51957
0.19477
-0.064899
-0.23788
0
0.12965
0.064803
0
-0.04317
-0.021577
-0.32353
-0.30184
-0.15086
-0.17235
-0.23689
-0.43054
-0.45188
-0.55926
-0.49453
-0.42986
-0.53711
-0.66574
-0.94455
-0.72958
-0.79364
-0.68611
-0.7287
-0.85694
-0.77094
-0.83484
-0.70611
-0.76999
-0.83381
-0.79073
-0.74768
-0.9182
-0.98185
-1.2375
-1.3863
-1.3644
-1.1081
-1.0224
-1.1072
-1.1067
-0.93606
-0.76555
-0.57393
-0.50995
-0.3823
-0.23353
0.084886
0.14849
0.10602
-0.021196
-0.063561
0.10589
0.23287
0.46554
0.48651
0.35945
0.23249
0.52817
0.78138
1.0344
0.94957
0.21093
-0.67472
-1.2224
-1.1588
-1.0951
-1.0315
-1.1574
-1.4094
-1.4719
-1.6395
-1.723
-1.8903
-1.8686
-1.6161
-1.5526
-1.6359
-1.8659
-1.7814
-1.7807
-1.7173
-1.6957
-1.4231
-1.2552
-0.962
-0.29268
-0.083595
0.10446
0.10442
-0.14614
-0.27132
-0.39642
-0.35457
-0.20851
-0.27097
-0.39591
-0.47911
-0.37484
-0.18736
-0.22893
-0.27048
-0.416
-0.83175
-1.3928
-2.0574
-2.3893
-2.5963
-2.9071
-3.1762
-3.2584
-3.3613
-3.3189
-3.09
-2.8404
-2.591
-2.4039
-2.2169
-2.0506
-1.9673
-1.9462
-2.0286
-2.1937
-2.4002
-2.5238
-2.6681
-2.6883
-2.543
-2.3979
-2.4388
-2.211
-1.8181
-1.3014
-0.99138
-0.72277
-0.55748
-0.63998
-0.7431
-0.86683
-1.1143
-1.2174
-1.1553
-0.94892
-0.88694
-0.92809
-1.0517
-1.3197
-1.2577
-0.96899
-0.84522
-0.7627
-0.8451
-0.742
-0.70073
-0.53583
-0.35033
-0.22668
-0.22667
-0.041211
0.26787
0.32968
0.41209
0.26786
0.061814
-0.082419
-0.12363
-0.22666
-0.39151
-0.37091
-0.061821
0.2679
0.39156
0.53585
0.65955
0.5153
0.57718
0.53599
0.39172
0.30928
0.37117
0.24747
0.20625
0.28878
0.39196
0.61895
0.35079
0.51593
0.516
0.66058
0.70197
0.76403
0.86742
0.82626
0.95036
0.99186
0.99205
0.8062
0.86838
0.7238
0.6619
0.43447
0.22763
0.14489
0.18633
0.2485
0.082854
0.041437
0.082896
0.041459
-0.082941
-0.14519
-0.12448
-0.10376
-0.020759
-0.020765
-0.083087
-0.37401
-0.47805
-0.66534
-0.95674
-0.99867
-1.1239
-0.99937
-1.1039
-1.0626
-1.1255
-1.2719
-1.3767
-1.2103
-1.0229
-0.96062
-0.83566
-0.6688
-0.50181
-0.27193
-0.27204
-0.14655
-0.1885
-0.10477
-0.14674
-0.18876
-0.1259
-0.041985
0.084009
-0.063037
0.16818
0.10516
0.10522
0.18948
0.27384
0.37935
0.27412
0.31646
0.16887
-0.021119
-0.063392
0
0.23269
0.23282
0.42355
0.55093
0.50884
0.29699
0.12736
-0.063716
-0.14876
-0.17011
-0.21277
-0.44708
-0.44735
-0.34105
-0.34126
-0.23477
-0.1922
-0.23506
-0.21383
-0.36375
-0.25693
-0.36422
-0.21439
-0.085814
0.15027
0.32223
0.27946
0.40872
0.043053
-0.10771
-0.32334
-0.43143
-0.30221
-0.38884
-0.43235
-0.58409
-0.54122
-0.21664
-0.15176
-0.36884
-0.56452
-0.7605
-0.71758
-0.60931
-0.588
-0.71921
-0.95968
-0.96042
-1.0704
-1.0493
-1.0283
-0.81014
-0.504
-0.46053
-0.32921
-0.37341
-0.41767
-0.41801
-0.44036
-0.66108
-1.1468
-1.2802
-1.4359
-1.6581
-1.8586
-2.3031
-2.7039
-3.0833
-3.1747
-3.3773
-3.4024
-3.3831
-3.0518
-2.6977
-2.343
-2.0547
-1.9223
-1.8792
-1.8137
-1.5688
-1.5925
-1.3694
-1.2583
-0.94455
-0.7428
-0.49564
-0.22549
-0.11284
0.045178
0.13566
0.090517
0.1359
0.13602
0.52188
0.54506
0.68194
0.77356
0.84258
0.79776
0.75285
0.6622
0.50282
0.41177
0.38925
0.61879
0.71111
0.96432
0.89627
0.9661
1.0821
1.4518
1.5224
1.4314
1.4327
1.3647
1.4122
1.4135
1.438
1.3929
1.2781
1.6049
1.7228
1.8875
1.9359
2.3579
2.29
2.4324
2.0133
1.4294
0.91471
0.84514
1.0339
0.79967
0.18833
-0.40058
-0.68397
-0.54296
-0.49621
-0.11825
-0.23673
-0.4502
-0.61663
-0.71216
-0.6653
-0.49943
-0.095218
0.071479
0.28618
0.28644
0.35838
0.26305
0.095743
0.1677
0.16786
0.45603
0.76875
1.058
1.2996
1.2767
1.4466
1.0618
0.70047
0.24176
-0.048395
-0.26641
-0.24241
-0.21836
-0.33998
-0.14583
-0.024327
0.097394
-0.02437
-0.097566
-0.26854
-0.48868
-0.61139
-0.68535
-0.56345
-0.80913
-0.76075
-0.95789
-1.2783
-1.2302
-1.2558
-0.98581
-0.98664
-0.59248
-0.3459
0.074184
0.24749
0.29723
0.14874
0
0.049661
-0.024851
0
0
0.27402
0.44876
0.52397
0.54936
0.37486
0.02501
-0.20024
-0.22545
-0.35097
-0.20071
-0.025108
-0.025127
-0.025146
-0.12583
-0.12592
-0.17642
-0.20177
-0.17668
-0.27785
-0.45499
-0.37944
-0.075942
0.15199
0.48166
0.53273
0.5585
0.43187
0.27964
0.33071
0.25457
0.35663
0.56081
0.58669
0.35735
0.28096
0.30671
0.28133
0.17914
0
-0.1025
-0.30769
-0.51314
-0.92422
-1.3101
-1.4394
-1.286
-1.1066
-0.51501
0.077296
0.56717
0.5417
0.54201
0.49067
0.33591
-0.025853
-0.18107
-0.38822
-0.44022
-0.54409
-0.49253
-0.51872
-0.59684
-0.36348
-0.33768
-0.23389
-0.44202
-0.44223
-0.46847
-0.23434
0.07815
0.026062
-0.26074
-0.75647
-0.88729
-1.0443
-1.1231
-0.99294
-1.1763
-1.1768
-1.5697
-1.5703
-1.7804
-1.912
-1.8341
-1.9396
-1.9141
-1.8623
-1.7842
-1.9161
-1.9692
-2.0487
-2.1807
-2.3391
-2.4975
-2.5508
-2.7357
-2.5523
-2.2108
-1.7376
-1.5273
-1.5014
-1.5545
-1.7657
-1.7397
-1.5555
-1.3713
-1.3716
-1.5301
-1.4249
-1.214
-0.89749
-0.71284
-0.58093
-0.47538
0.026414
0.34343
0.3699
0.079275
-0.10571
-0.29074
-0.50225
-0.58161
-0.76674
-0.87257
-0.81975
-0.71403
-0.58184
-0.39673
-0.1058
-0.21161
-0.39678
-0.68776
-0.74068
-0.8994
-1.1375
-0.9523
-0.66131
-0.39678
-0.31741
-0.2116
-0.1058
-0.10579
0.052892
0.13222
0.23798
0.21152
0.34369
0.31722
0.60793
0.8193
1.0835
1.0569
1.0039
0.81885
0.39616
0.36969
0.36962
0.47515
0.31671
0.2111
0.36934
0.5539
0.76474
0.7382
0.57988
0.50069
0.2898
0.26339
0
0
0.13159
0.078928
-0.10521
-0.052587
-0.26285
-0.31532
-0.052537
0.31512
0.65627
0.761
0.86565
0.97023
0.99608
0.96949
0.91673
0.81164
0.60194
0.52321
0.23534
-0.26138
-0.73155
-0.99237
-1.253
-1.6698
-2.1385
-2.6849
-2.9701
-3.0468
-3.0713
-2.9137
-2.9122
-2.5988
-2.3637
-2.3364
-2.2833
-2.0746
-1.7883
-1.5801
-1.4238
-1.5524
-1.6032
-1.4988
-1.2138
-1.2131
-1.2123
-1.3147
-1.3654
-1.3903
-1.3894
-1.2342
-1.4646
-1.515
-1.6423
-1.5642
-1.5887
-1.6132
-1.3562
-1.5598
-1.3543
-1.3277
-1.5054
-1.9632
-2.0636
-2.0366
-2.0096
-1.9064
-1.7525
-1.472
-1.1919
-1.1149
-0.8355
-0.75893
-0.55609
-0.58089
-0.42899
-0.63035
-0.37789
-0.37757
-0.22635
-0.25128
-0.22595
-0.050168
-0.025062
0.55087
0.72549
0.82481
0.69921
0.67362
0.79763
0.74708
0.92054
0.8451
0.72014
0.64503
0.91705
1.0647
1.1132
1.2357
1.1851
1.1099
0.93632
0.73846
0.61477
0.44218
0.34357
-0.024516
-0.097963
-0.24465
0.07332
0.14649
0.26828
0.43854
0.41374
0.4133
0.36428
0.48519
0.55737
0.45993
0.53198
0.43478
0.38604
0.43382
0.31297
0.12024
0.1201
0.14396
0.3595
0.28728
0.16739
0.1672
0.047716
0.047661
0.11901
0.071326
-0.071243
-0.02372
-0.071077
-0.16565
-0.16546
-0.070826
0.023581
-0.11776
0.023525
0.093986
0.21122
0.2344
-0.14047
-0.2806
-0.58388
-0.41988
-0.37277
-0.34905
-0.25565
-0.23213
0.023184
-0.18524
-0.3469
-0.41576
-0.27683
-0.092161
0.25313
0.45965
0.50499
0.52728
0.41213
0.25154
0.2969
0.2509
0.068341
-0.18201
-0.045445
-0.15885
-0.29464
-0.54325
-0.51995
-0.74506
-0.83429
-0.9233
-1.0795
-1.0108
-1.0095
-0.82893
-0.80548
-0.93851
-1.1381
-1.315
-1.291
-1.2226
-1.0434
-1.1086
-0.86358
-0.72977
-0.53005
-0.48525
-0.3965
-0.24199
-0.28562
-0.35107
-0.37252
-0.24073
-0.1967
-0.021827
0
-0.15239
-0.21742
-0.19542
-0.23854
-0.43314
-0.51909
-0.84241
-1.0355
-0.94794
-0.86064
-0.62315
-0.55796
-0.40721
-0.21404
-0.27789
-0.14944
-0.12793
-0.06388
-0.10633
-0.021238
-0.10606
-0.021184
-0.084626
0.021129
0
-0.04215
-0.063144
-0.21021
-0.27292
-0.25161
-0.041881
-0.020914
0.12533
0.22947
0.31252
0.22889
0.041565
0.041512
-0.14511
-0.082817
0
-0.041305
-0.14439
-0.24722
-0.20576
-0.14385
-0.041051
-0.082001
-0.12285
-0.22495
-0.28595
-0.24481
-0.34639
-0.28492
0.020327
0.18272
0.16223
0.081016
0.16184
0.16165
0.22201
0.30238
0.12081
0.16089
-0.28124
-0.72234
-0.78164
-0.70067
-0.17997
0.33955
0.49877
0.87684
1.0152
0.855
0.97321
0.89278
0.85216
0.57408
0.55368
0.41481
0.39463
0.1971
0.21658
0.31469
0.334
0.45141
0.25488
-0.31337
-0.91957
-1.4854
-2.0697
-2.7503
-3.371
-3.9127
-4.1421
-4.0603
-3.6876
-3.5288
-3.2736
-3.1543
-2.8806
-2.7427
-2.6436
-2.6797
-2.7542
-2.9056
-2.7107
-2.5546
-2.322
-2.0515
-1.7815
-1.6077
-1.1856
-0.78333
-0.51541
-0.43867
-0.51453
-0.28561
-0.19025
0
-0.018994
-0.018979
-0.075853
-0.20843
-0.43547
-0.6054
-0.51042
-0.45336
-0.30201
-0.50927
-0.45235
-0.47086
-0.52698
-0.45138
-0.48865
-0.48832
-0.50675
-0.52516
-0.59979
-0.8429
-0.87979
-0.8044
-0.65433
-0.80339
-0.6722
-0.57849
-0.35434
-0.26094
-0.09314
0
-0.074428
-0.018597
-0.092934
-0.2415
-0.22281
-0.3526
-0.46371
-0.6118
-0.48179
-0.44452
-0.48134
-0.48112
-0.44391
-0.36976
-0.33265
-0.24014
-0.3693
-0.40607
-0.53507
-0.4242
-0.3503
-0.1843
-0.14739
-0.036835
0.036823
0.18406
0.368
0.36789
0.49651
0.68022
0.82707
0.95548
0.93688
0.91829
0.6243
0.44059
0.31202
0.16515
-0.23851
-0.60535
-0.75197
-0.73352
-0.51339
-0.34833
-0.27496
-0.3849
-0.43984
-0.49478
-0.62301
-0.53135
-0.45804
-0.34809
-0.47632
-0.45798
-0.43966
-0.18319
0.073276
0.42135
0.58624
0.64122
0.78782
0.7329
0.65966
0.47646
0.58646
0.65984
0.60492
0.75166
0.69676
0.7152
0.40351
0.18344
0.018348
0.23856
0.44051
0.58747
0.49579
0.49591
0.75322
0.86367
1.1028
1.2135
1.177
1.1774
1.0489
1.1965
1.1233
0.95786
0.93977
0.86638
0.79294
0.71945
0.75665
0.60926
0.66492
0.51738
0.24032
-0.092471
-0.38856
-0.57385
-0.77785
-1.0006
-1.0196
-1.0387
-1.1506
-1.0584
-0.81742
-0.70634
-0.35337
-0.055828
0.13034
0.20494
0.31692
0.37308
0.39198
0.3362
0.44855
0.50495
0.48658
0.88018
1.0494
1.2377
1.2574
1.2395
1.184
0.94038
0.73404
0.50857
0.24506
0.11319
0.03776
-0.056685
-0.24584
-0.28389
-0.4546
-0.56872
-0.53126
-0.58869
-0.72224
-0.93213
-0.87583
-0.70511
-0.45778
-0.36274
-0.15287
-0.22953
-0.11487
0
0.11509
0.096002
-0.096096
-0.057715
-0.17332
-0.096384
-0.15437
-0.057948
0
0.34841
0.6588
0.83407
1.0486
1.0303
0.83677
0.44806
0.21453
0.019524
-0.21501
-0.4892
-0.62688
-1.0198
-1.4726
-2.0444
-2.3026
-2.7979
-2.9788
-3.0811
-3.2627
-3.4052
-3.3697
-3.1754
-3.0004
-2.8847
-2.6493
-2.3534
-2.2166
-2.0594
-2.042
-1.8843
-1.9068
-1.6279
-1.469
-1.1284
-0.78684
-0.64646
-0.62709
-0.68869
-0.6896
-0.67022
-0.73213
-0.67202
-0.67293
-0.79637
-0.8179
-0.73712
-0.77915
-0.94448
-0.94579
-0.7824
-0.59793
-0.49553
-0.5169
-0.49693
-0.35249
-0.12459
-0.3535
-1.1245
-2.2105
-2.7148
-3.0116
-2.7227
-2.3491
-1.6174
-1.1149
-0.71625
-0.46414
-0.48595
-0.55014
-0.72048
-1.146
-1.3177
-1.4474
-1.5348
-1.9427
-2.0525
-1.9699
-1.6512
-1.5248
-1.3981
-1.1848
-1.1866
-1.21
-1.2334
-1.2353
-1.1286
-0.56517
-0.19593
0.28345
0.54591
0.41553
0.39426
0.17549
0.26364
0.30805
0.22037
0.35313
0.95048
1.284
1.0199
0.68837
0.088957
-0.22273
-0.51307
-0.71492
-0.98451
-1.3221
-1.3017
-1.3936
-1.2832
-1.1949
-0.92578
-0.58797
-0.33973
-0.068048
-0.18174
-0.13651
-0.38736
-0.18256
-0.2971
-0.29755
-0.25215
-0.34435
-0.59777
-0.57564
-0.32284
-0.046188
0.046256
0.11581
0
-0.02323
0
0.023299
-0.046665
0.023366
0
0.14061
0.18774
0.28202
0.49424
0.49495
0.66087
0.89817
0.92311
0.9007
0.87823
1.0458
0.95209
1.0726
1.1457
1.0755
0.88554
0.62312
0.23999
0.048062
0
-0.024095
-0.14476
-0.45903
-0.33868
-0.36334
-0.38807
-0.58286
-0.51066
-0.29218
0.024379
0.58584
0.83098
0.83201
0.78404
1.0549
1.4246
1.5493
1.4526
0.96137
0.54296
0.098836
-0.1979
-0.39627
-0.32234
-0.32271
-0.24852
-0.62199
-0.74722
-0.69818
-0.7988
-0.54977
-0.42528
-0.1753
-0.15042
-0.10038
-0.025122
-0.050295
0.075519
0.35277
0.60535
0.88368
1.0109
1.2395
0.93686
0.93774
1.0401
1.1934
0.99114
0.58504
0.025459
-0.25481
-0.35704
-0.17867
-0.20436
-0.25566
-0.40939
-0.51215
-0.69194
-0.76941
-0.89833
-0.97605
-1.2595
-1.209
-1.287
-1.3137
-1.2115
-0.92856
-0.72269
-0.69732
-0.62023
-0.74991
-0.56923
-0.62135
-0.44037
-0.4147
-0.62239
-0.49298
-0.59708
-0.77919
-0.77957
-0.31198
0.13005
0.65054
0.78098
0.75527
0.59925
0.23458
0
-0.59992
-0.96542
-0.80913
-0.67884
-0.44399
-0.41799
-0.33971
-0.5489
-0.4706
-0.75836
-1.0724
-1.465
-1.7008
-1.5964
-1.7013
-1.4921
-1.2305
-0.99496
-1.0474
-0.96893
-0.91661
-1.1524
-1.1786
-1.1
-1.0476
-1.1
-1.4142
-1.257
-1.2569
-0.9688
-0.8378
-0.8377
-0.83759
-0.83747
-0.8635
-0.88951
-0.94165
-0.88915
-0.78436
-0.86259
-0.62718
-0.60088
-0.65294
-0.75718
-0.80914
-0.7045
-0.7825
-0.67791
-0.78191
-1.0421
-0.9896
-0.70284
-0.20815
0.052014
0.51989
0.54562
0.77905
0.85651
1.0895
1.1407
0.88098
0.80277
0.49172
0.51728
0.51695
0.82658
0.87765
0.77387
0.61866
0.25759
-0.1287
-0.46298
-0.64253
-0.77044
-0.56454
-0.41024
-0.28181
-0.38396
-0.48593
-0.3833
-0.48508
-0.3316
-0.20387
-0.15276
-0.050872
-0.050823
0.17771
-0.050723
-0.050672
-0.02531
0.12642
0.40412
0.75691
0.90731
0.37763
-0.60354
-1.8337
-2.8854
-3.7593
-3.9301
-3.6754
-3.5212
-3.1677
-2.9646
-2.5628
-2.3856
-2.0848
-2.0325
-1.7824
-1.5575
-1.3333
-1.0849
-1.0588
-0.61476
-0.49113
-0.41688
-0.53874
-0.46461
-0.36628
-0.53643
-0.24348
-0.36468
-0.048553
-0.1212
0
0.048334
-0.14478
-0.12046
-0.52922
-0.91268
-1.223
-1.245
-1.1235
-0.69209
-0.47653
-0.26166
-0.18999
-0.16596
-0.11835
-0.28356
-0.47179
-0.44744
-0.56422
-0.58672
-0.81998
-0.58468
-0.607
-0.32627
-0.13958
-0.023222
0.13908
0.023138
0.11548
0
0.023012
0.18376
0.29805
0.22884
0.22841
0.36477
0.38684
0.47695
0.4307
0.47513
0.40647
0.63106
0.85477
1.0103
1.2772
1.4535
1.6515
1.5592
1.4894
1.2867
0.79706
0.41982
0.15436
0.06602
0.087847
0.17534
0.17498
0.10914
-0.021782
0.021737
-0.021692
-0.25976
-0.36723
-0.60358
-0.68836
-0.42932
0
0.44889
0.74656
0.89396
0.78586
0.82657
0.8671
1.1607
1.1161
0.96658
0.98546
0.81596
0.68893
0.52078
0.62358
0.41481
0.33113
0.35105
0.4327
0.55511
0.49235
0.55268
0.63315
1.0393
1.3421
1.542
1.5588
1.4948
1.5318
1.3071
1.2641
1.2012
1.1786
1.0165
0.97447
0.99214
0.93053
0.98771
1.0643
1.1406
1.0988
1.0768
1.0548
0.87707
0.83621
0.75673
0.83247
0.77266
0.7902
0.82689
0.74829
0.68918
0.68764
0.78139
0.74161
0.75892
0.56792
0.20777
0.018846
-0.18804
-0.43153
-0.71137
-0.95261
-1.0996
-1.1715
-1.1132
-1.0923
-1.1268
-1.069
-0.99306
-0.88077
-0.84221
-0.87688
-0.80204
-0.83665
-0.8711
-0.79676
-0.81308
-0.77524
-0.61164
-0.359
-0.25075
0
0.19617
0.35589
0.37288
0.12402
0
-0.2999
-0.40488
-0.42158
-0.47326
-0.62967
-0.61087
-0.52249
-0.48663
-0.41623
-0.58841
-0.65625
-0.79274
-0.84267
-1.0297
-1.2673
-1.4356
-1.1427
-1.1914
-1.104
-1.5254
-1.3532
-1.2998
-1.0444
-0.72289
-0.55366
-0.41859
-0.06684
0.033353
-0.099858
-0.36542
-0.56362
-0.57904
-0.5779
-0.65916
-0.80589
-0.93564
-0.96659
-0.93201
-0.9139
-1.0262
-0.86162
-0.89243
-0.85835
-0.90522
-1.0165
-1.546
-2.1378
-2.7275
-3.1868
-3.5646
-3.7974
-3.7427
-3.4815
-3.1578
-2.8829
-2.7196
-2.6516
-2.5839
-2.4849
-2.5277
-2.4135
-2.2216
-1.9835
-1.8242
-1.7743
-1.5849
-1.6442
-1.6724
-1.5459
-1.3581
-1.1864
-1.046
-0.87536
-0.84327
-0.67352
-0.51961
-0.30516
-0.19804
-0.16731
-0.12149
-0.24259
-0.16652
-0.15115
-0.045276
-0.18083
-0.21065
-0.37559
-0.48003
-0.43439
-0.28418
-0.089609
-0.014913
0.074458
0.11896
0.029698
-0.044485
0.014807
0.073934
0.044299
0.044239
-0.014726
-0.044119
-0.11749
-0.14667
-0.20507
-0.26332
-0.1461
-0.24805
-0.24773
-0.1892
-0.043607
0.11614
0.203
0.36205
0.50626
0.65013
0.72151
0.92245
1.0509
1.2223
1.2065
1.033
0.81687
0.41514
0.1144
-0.2714
-0.29964
-0.17104
-0.014238
0.071118
0.19892
0.38325
0.4254
0.5808
0.46702
0.46656
0.42374
-0.127
-0.29606
-0.54931
-0.36587
0.14059
0.33712
0.47716
0.53283
0.63044
0.27996
0.027972
-0.13975
-0.1536
-0.027904
0.097587
0.12537
0.055678
0
-0.09729
-0.16666
-0.23593
-0.097079
-0.027717
0.096944
0.23528
0.3181
0.37318
0.34532
0.33129
0.20693
-0.33089
-0.88184
-1.143
-1.0735
-0.77028
-0.41242
-0.45342
-0.50811
-0.65883
-0.68593
-0.75415
-0.65785
-0.45206
-0.24647
-0.027373
0.15048
0.30084
0.31439
0.38258
0.45072
0.61438
0.72333
0.764
0.69555
0.36811
0.040888
-0.24525
-0.34052
-0.54467
-0.49007
-0.36745
-0.34015
-0.25845
-0.14959
-0.013596
-0.095154
0.17668
-0.39406
-0.84231
-1.3583
-1.4532
-1.0184
-0.65172
-0.36654
-0.14932
-0.013573
0.25786
0.54282
0.89559
1.1398
1.5061
1.7773
2.0215
2.3064
2.5777
2.8355
2.9305
2.9848
2.9307
2.9172
2.741
2.6462
2.4428
1.9952
1.656
1.6019
1.1676
0.48884
-0.92349
-1.1138
-0.50264
0.80165
1.4677
1.3185
0.99244
0.85668
0.58484
0.3129
0.068037
-0.31305
-0.59904
-0.77624
-0.83094
-0.81756
-0.72239
-0.69535
-0.76377
-0.87316
-0.80522
-0.8055
-1.0243
-1.2023
-1.5171
-1.6271
-1.8603
-1.6694
-1.5469
-1.5476
-1.6853
-1.7271
-1.5359
-1.4132
-1.3589
-1.3458
-1.4702
-1.4709
-1.4579
-1.4036
-1.3493
-1.2673
-1.2956
-1.379
-1.4764
-1.422
-1.409
-1.5619
-1.6873
-1.7436
-1.7724
-1.7458
-1.6221
-1.4844
-1.3188
-1.0418
-0.7784
-0.4451
-0.09743
0.12535
0.069689
0.069738
0.027915
0.18158
0.25159
0.37767
0.40594
0.56034
0.36449
0.15433
-0.1404
-0.49179
-0.67499
-0.8444
-1.0423
-1.1136
-1.1568
-1.2425
-1.4131
-1.4425
-1.3588
-1.1333
-0.94994
-0.7379
-0.62492
-0.51174
-0.35569
-0.34176
-0.37057
-0.34238
-0.25701
-0.22867
-0.3147
-0.37227
-0.28662
-0.22951
-0.15794
-0.043115
-0.1007
-0.11519
-0.086479
0.014427
-0.014441
0.014455
-0.01447
0.057936
0.14499
0.3338
0.46489
0.40719
0.34937
0.33516
0.35009
0.24824
0.27773
0.23412
0.26367
0.19063
0.13211
0.029389
-0.13239
-0.20617
-0.25061
-0.16234
-0.07387
0.10353
0.029613
0
-0.014839
-0.1337
-0.55026
-0.98264
-1.3116
-1.5369
-1.8524
-2.1237
-2.3357
-2.4283
-2.341
-2.0582
-1.9102
-1.7618
-1.7638
-1.7961
-1.8888
-1.9818
-2.0447
-2.138
-2.0495
-1.9759
-1.8412
-1.8891
-1.9066
-1.7256
-1.6053
-1.3011
-1.0575
-1.028
-1.1829
-1.1997
-1.1395
-1.1871
-1.3121
-1.5455
-1.4854
-1.3943
-1.1478
-0.99389
-0.97955
-0.88734
-0.65462
-0.51497
-0.53122
-0.56316
-0.56385
-0.51749
-0.48672
-0.3144
-0.23609
-0.25214
-0.142
-0.17377
-0.20562
-0.015836
0.26955
0.74613
1.049
1.3209
1.4181
1.4518
1.3737
1.2794
1.0568
0.8978
0.75444
0.69108
0.69193
0.74112
0.80656
0.80755
0.63066
0.55048
0.40526
0.19477
0.032501
-0.081351
-0.34209
-0.52192
-0.52256
-0.5232
-0.57295
-0.45892
-0.31179
-0.19716
0.0329
0.14823
0.29682
0.3302
0.23142
0.2979
0.24855
0.24885
0.19932
0.11641
0.033299
0.033339
0.050068
-0.066837
-0.1171
-0.13399
-0.16769
-0.25183
-0.28575
-0.28608
-0.38751
-0.3711
-0.25332
-0.20289
-0.067709
-0.016947
0
-0.016986
0.017006
0.23835
0.47726
0.64845
0.61502
0.59862
0.58217
0.51426
0.61781
0.70441
0.6364
0.75765
0.58611
0.51773
0.4492
0.48429
0.55408
0.38135
0.38176
0.22583
0.1913
0.24373
0.40085
0.41873
0.41917
0.55949
0.6476
0.75341
0.85944
0.93057
0.93154
0.93251
0.98631
1.0226
1.1825
1.2014
1.2203
1.0445
0.95692
0.94014
0.85229
0.78204
0.64049
0.56988
0.35652
0.21412
0.17861
-0.017878
-0.19685
-0.32242
-0.017929
0.053838
0.12574
-0.035959
-0.017996
-0.19814
-0.25241
-0.30678
-0.27093
0.14463
0.41618
0.59766
0.45317
0.30843
0.090793
-0.10905
-0.20009
-0.18206
-0.12755
-0.2006
-0.23727
-0.31054
-0.29251
-0.32935
-0.18312
-0.14662
-0.31181
-0.4222
-0.66135
-0.73542
-0.75439
-0.66291
-0.5897
-0.77458
-0.60906
-0.53563
-0.4621
-0.24047
-0.18511
-0.055574
0.018538
0.16696
0.74258
0.85456
1.1526
0.79994
-0.20478
-1.3972
-2.3115
-2.2757
-1.6053
-0.84052
-0.35512
-0.29924
-0.393
-0.48688
-0.76824
-1.1625
-1.7447
-2.1212
-2.3667
-2.2929
-2.2566
-2.3709
-2.6734
-2.9387
-3.0723
-3.3946
-3.2832
-3.0396
-2.7957
-2.5892
-2.1746
-1.3243
-0.53001
0
0.09474
-0.32227
-0.75866
-1.2144
-1.4998
-1.8424
-2.1093
-2.3574
-2.4725
-2.6829
-2.627
-2.5901
-2.534
-2.2301
-1.9068
-1.6024
-1.4695
-1.0882
-0.95494
-0.59229
-0.7072
-0.82218
-0.84161
-0.78451
-0.4211
-0.26807
-0.42139
-0.51734
-0.36417
-0.15339
-0.038359
0.11511
0.13434
0.17277
0.13442
0.24971
0.24978
0.17297
-0.019224
-0.3269
-0.7886
-1.289
-1.4625
-1.5976
-1.5403
-1.4636
-1.5602
-1.7147
-1.5224
-1.3107
-1.176
-0.92555
-0.75216
-0.46295
-0.55951
-0.69468
-0.772
-0.83004
-0.73365
-0.48274
-0.27038
-0.019315
0.17386
0.34777
0.3285
0.40584
0.52186
0.40594
0.116
-0.19335
-0.48342
-0.79289
-0.77362
-0.75435
-0.44491
-0.32887
-0.13543
-0.15479
-0.36764
-0.46442
-0.59991
-0.6193
-0.75481
-0.50323
-0.5226
-0.38713
-0.61943
-0.71623
-0.81304
-0.87113
-0.61948
-0.65821
-0.67757
-0.69693
-0.54206
-0.38718
-0.13551
0.058077
0.058076
-0.15487
-0.38716
-0.52265
-0.60006
-0.54197
-0.48388
-0.25161
-0.096769
-0.19353
-0.11611
-0.27091
-0.0387
0.19349
0.30956
0.32889
0.32886
0.59965
0.71566
0.85099
1.0443
1.1602
1.3148
1.4501
1.5466
1.4111
1.3143
1.2369
1.2175
1.1014
1.1786
1.2557
1.2749
1.2554
1.1973
1.1007
0.94606
0.92664
0.77211
0.67551
0.63683
0.61745
0.57878
0.52084
0.6172
0.69426
0.67488
0.79046
0.7518
0.86733
0.69377
0.79001
0.73209
0.75125
0.69335
0.50068
0.48135
0.30802
0.34646
0.25018
0.17318
0.11543
0.23083
0.13463
-0.076919
-0.17304
-0.28835
-0.2883
-0.44199
-0.28821
-0.24974
-0.096038
0
-0.019201
-0.076792
0.03839
0.095958
0.038377
0.03837
0.11509
0.11507
0.095877
-0.23007
-0.34504
-0.59414
-0.36409
0
-0.13409
-0.3256
-0.93833
-1.436
-1.9143
-2.048
-1.6266
-0.88014
-0.26782
-0.11476
-0.11474
-0.57363
-0.78383
-0.97485
-1.0702
-1.2994
-1.452
-1.681
-1.738
-1.7187
-1.3938
-1.2027
-1.1071
-0.87789
-0.80143
-0.70591
-0.6295
-0.4959
-0.5149
-0.72456
-0.85791
-1.1818
-1.3723
-1.4674
-1.3909
-1.3336
-1.2572
-1.0094
-0.91409
-0.6474
-0.66635
-0.47591
-0.51391
-0.74223
-0.93243
-1.0275
-0.98928
-1.0462
-0.97003
-1.027
-0.9508
-0.79859
-0.77949
-0.62733
-0.55124
-0.43714
-0.70316
-0.79811
-0.95004
-0.94996
-1.0069
-0.87381
-0.56983
-0.36086
-0.18991
-0.24687
-0.45572
-0.62658
-0.68349
-0.56954
-0.55052
-0.51252
-0.47453
-0.49349
-0.47448
-0.47446
-0.32262
-0.3226
-0.30361
-0.17078
-0.075898
0.13282
0.32255
0.4174
0.32253
0.11383
-0.36046
-0.87269
-1.5746
-1.8971
-2.1248
-2.3714
-2.5801
-2.8646
-2.6749
-2.4663
-1.5557
-1.2901
-1.1194
-1.7265
-2.144
-2.3148
-1.8595
-0.43643
0.15181
0.11386
-0.66423
-1.1198
-1.2147
-0.93007
-0.87318
-1.3288
-1.8605
-2.3353
-2.5823
-2.9813
-2.9055
-2.6969
-2.4312
-2.2985
-2.3937
-2.2799
-2.4131
-2.1854
-1.9575
-1.6346
-1.3687
-1.1787
-0.81762
-0.53247
-0.28529
-0.15217
-0.095122
-0.095136
0.07612
0.20936
0.19036
0.17135
0.17138
0.24758
0.20953
0.057154
-0.15244
-0.17152
-0.038123
0.20972
0.38137
0.41959
0.4769
0.59148
0.51526
0.49628
0.42002
0.42011
0.2674
0.21015
0.019109
-0.038226
-0.15294
0.038244
-0.038253
0.019131
0.057408
0.13398
0.26804
0.53621
0.70875
0.9197
0.84329
0.99688
1.0163
0.99744
0.95934
0.95962
0.78711
0.92177
1.1141
1.2874
1.4223
1.4035
1.4424
1.4429
1.5781
1.5208
1.4828
1.3677
1.2718
1.3108
1.1184
1.0416
1.0999
1.2161
1.313
1.2362
1.198
0.98582
1.2182
1.6249
1.8771
1.8003
1.2394
0.6393
-0.096901
-0.65918
-0.69823
