-0.67206
-0.81014
-0.94946
-0.89536
-0.82119
-0.92309
-0.72994
-0.73319
-0.63692
-0.43982
-0.5823
-0.66549
-0.66836
-0.54918
-0.14298
0.18461
0.57671
0.93065
1.4535
2.0222
2.4487
2.4582
2.4675
1.9898
1.7421
1.4285
1.3266
1.2237
1.0555
1.0156
1.1489
1.4132
1.679
1.7712
1.5567
1.253
1.1679
1.0602
0.75262
0.53236
0.37781
0.11132
0.066902
0.33501
0.64855
0.80605
0.44827
0.22433
-0.20204
-0.26953
-0.3595
-0.29215
-0.47193
-0.42692
-0.584
-0.53879
-0.35893
-0.067239
0.29105
0.46955
0.62514
0.46807
0.28922
0.13321
0.044303
-0.044195
-0.044078
0.13186
0.087638
0.24022
0.15235
0.2819
0.30243
0.34425
0.7499
0.83194
0.95555
0.90875
0.90428
0.96244
0.97817
1.0142
0.88506
0.85949
1.0782
1.476
1.7682
1.7768
1.7256
1.4579
1.2915
0.85504
0.57887
-0.095788
-0.4184
-0.67961
-0.69327
-0.81819
-0.79348
-0.7141
-0.76302
-0.86515
-0.96557
-1.0111
-1.0733
-0.90754
-0.81361
-0.82414
-0.57899
-0.16889
0.36852
0.74759
0.90622
0.81707
0.68072
0.75553
0.79721
0.9647
0.78436
0.77806
0.50942
0.45944
0.30389
0.25629
0.089757
-0.28206
-0.57458
-1.1991
-1.6402
-2.0173
-2.1029
-1.7329
-1.3965
-0.98063
-0.80705
-0.92613
-1.2635
-1.5966
-2.2105
-2.5475
-2.653
-2.6243
-2.3313
-2.0945
-1.7557
-1.3556
-0.9856
-0.36134
0.10275
0.44748
0.56007
0.78583
0.89623
1.1442
1.19
1.0734
0.92044
0.90505
0.88989
0.83799
0.76194
0.69868
0.63585
0.50021
0.31654
0.21872
0.060648
0.096882
0.1693
0.20531
0.19302
0.084364
0.084296
-0.036103
-0.27665
-0.48096
-0.76938
-1.0098
-1.1661
-1.4429
-1.5999
-1.8414
-1.9027
-1.9163
-1.8335
-1.5939
-1.4023
-1.1257
-0.56968
0.048556
0.63224
1.0231
1.3055
1.3325
1.1637
0.93291
0.78733
0.78913
0.81571
0.85487
0.91913
1.0336
1.1487
1.3396
1.268
1.2464
1.3005
1.2917
1.3718
1.3377
1.3929
1.2434
1.2987
1.3028
1.2681
1.2592
1.2111
1.202
1.0748
1.0256
0.97619
0.9264
0.79662
0.59938
0.48104
0.37533
0.47065
0.56655
0.73069
0.82796
0.83049
0.94225
0.89028
0.89291
0.81284
0.87043
0.67891
0.59743
0.59905
0.51684
0.46217
0.39315
0.43636
0.2681
0.42432
0.38278
0.38364
0.54112
0.71352
0.97239
1.0173
0.97621
0.81981
0.6772
0.57733
0.67948
0.69504
0.66709
0.66805
0.65442
0.62615
0.71441
0.96338
1.1982
1.4043
1.6545
1.7586
1.9067
1.9816
1.983
1.852
1.6913
1.6186
1.5015
1.2812
1.046
0.79574
0.66327
0.75184
0.69296
0.54556
0.28016
-0.05898
0.044232
-0.1032
-0.11792
-0.20632
-0.47149
-0.66285
-0.73628
-0.79492
-0.5739
-0.39716
-0.014703
0.39681
0.64634
0.79285
1.0419
1.1147
1.3926
1.6262
1.801
1.8145
1.7257
1.4762
1.2708
1.1094
1.1379
1.3121
1.2384
1.2959
1.2951
1.2798
1.4243
1.4235
1.3936
1.3202
1.247
1.0869
0.76766
0.44878
0.26045
0
-0.2602
-0.33233
-0.25998
-0.18769
-0.028864
-0.028854
0
-0.057674
-0.014415
0.17294
0.30258
0.36015
0.38891
0.38887
0.41765
0.38883
0.28802
0.11521
0.11522
0.23046
0.37456
0.31699
-0.057646
-0.86491
-1.7015
-2.3367
-2.5107
-2.7137
-2.6427
-2.4706
-2.2695
-2.2418
-2.1128
-2.0707
-1.9127
-2.0155
-2.1765
-2.2943
-2.3107
-2.0072
-1.6741
-1.5153
-1.2542
-1.124
-0.84746
-0.64355
-0.39531
-0.27848
-0.41084
-0.51411
-0.5147
-0.48585
-0.50116
-0.33943
-0.33984
-0.34026
-0.16293
-0.14831
-0.089099
-0.34199
-0.56575
-0.87955
-1.1195
-1.1659
-1.0776
-0.8842
-0.84035
-0.72125
-0.51156
-0.24105
0.045256
0.287
0.52936
0.51489
0.68233
0.62245
0.60802
0.62397
0.77708
0.9763
1.0385
1.0397
0.85711
0.78141
0.90491
1.1514
1.4138
1.4766
1.6164
1.587
1.3878
1.1419
1.0655
1.0971
1.3606
1.7326
1.9966
1.9666
1.8124
1.7046
1.4881
1.4574
1.3491
1.2096
1.1011
0.96154
0.99247
0.83728
0.55807
0.38744
0
-0.030972
0.015479
-0.13924
-0.21646
-0.24721
0.030879
0.4011
0.50865
0.43118
0.15384
-0.10757
-0.19955
-0.26064
-0.30625
-0.41289
-0.19852
-0.18299
-0.27407
-0.54728
-0.683
-0.71216
-0.58992
-0.36238
-0.060287
0.15043
0.39037
0.59939
0.77764
0.89543
1.0276
1.0105
1.0677
1.0949
1.3287
1.4288
1.5284
1.5982
1.6092
1.5908
1.689
1.9174
1.9709
2.024
1.9904
1.6691
1.4642
1.3462
1.5145
1.7533
1.9057
1.9439
1.8687
1.582
1.4798
1.4626
1.1928
1.0783
0.96427
0.8926
0.7795
0.69466
0.66564
0.70598
0.78768
0.85536
0.89533
0.90773
0.96136
1.0012
0.91773
0.79351
0.87463
0.98297
1.1048
1.1721
1.3074
1.3338
1.4283
1.4685
1.4273
1.2504
1.1551
1.0193
0.89712
0.70702
0.61209
0.46271
0.34045
0.21806
0.081846
0.013655
-0.054685
-0.013689
-0.13709
-0.082384
0.013754
0.082679
0.041422
-0.13837
-0.083211
-0.027804
0.19513
0.47517
0.68675
0.87155
0.83198
0.86301
0.724
0.94028
0.85797
0.77514
0.34588
0.2026
0.15986
0.23355
0.46922
0.60399
0.6069
0.44626
0.014951
-0.36068
-1.0274
-1.671
-2.1843
-2.5961
-2.7966
-2.8442
-2.7206
-2.7057
-2.6434
-2.5009
-2.3406
-2.2428
-2.2576
-2.2564
-2.1728
-2.1545
-1.9024
-1.5796
-1.303
-0.93731
-0.90967
-1.0545
-1.0969
-1.0523
-0.9363
-0.88976
-0.8425
-0.74035
-0.65484
-0.56803
-0.49837
-0.40906
-0.65554
-0.56599
-0.53209
-0.44024
-0.25062
-0.19416
-0.23464
-0.27567
-0.25776
-0.4392
-0.54268
-0.56655
-0.46846
-0.41001
-0.26821
-0.14533
0.22979
0.48337
0.48623
0.63788
0.47042
0.645
0.97266
1.0863
1.0699
0.81182
0.92582
1.0407
1.3342
1.429
1.3674
1.035
0.72251
0.56633
0.24996
0
-0.091399
-0.27487
-0.43618
-0.55206
-0.53
-0.7616
-0.80882
-0.7403
-0.69461
-0.30118
-0.13906
0.04636
0.069533
0.18536
0.41682
0.55531
0.3467
0.34626
0.092195
0.16106
0.11481
0.13747
0.091425
-0.068386
0.18184
0.31722
0.47425
0.29255
0.022419
-0.24564
-0.57818
-0.46495
-0.52895
-0.28516
-0.10913
0.41259
0.8424
1.246
1.5807
1.4654
1.3933
1.4687
1.8349
2.1132
2.0788
2.1059
1.9088
1.7747
1.582
1.531
1.3818
1.3325
1.3227
1.4866
1.6095
1.9015
2.0756
1.7975
1.6163
1.3272
1.3534
1.3064
1.1701
1.2323
1.0808
1.0195
1.0289
0.95152
0.96116
1.0557
1.1319
1.0392
0.94799
0.89113
0.70413
0.37374
0.16126
-0.080022
-0.12708
-0.12614
-0.18782
-0.23307
-0.2931
-0.19912
-0.22815
-0.090631
-0.22504
-0.32784
-0.63656
-0.98543
-1.1691
-1.4087
-1.6888
-1.9799
-2.0823
-2.1838
-2.1292
-2.0474
-1.883
-1.776
-1.698
-1.4561
-1.2304
-1.0341
-0.75856
-0.64736
-0.5372
-0.46814
-0.41302
-0.43801
-0.37031
-0.26359
-0.052545
-0.039285
0.013056
0.13019
0.18178
0.38855
0.51685
0.64465
0.60473
0.69349
0.7564
0.90882
1.0481
1.1107
1.0712
1.0447
0.92932
1.1959
1.0554
1.106
1.0168
1.0676
1.0423
1.0807
0.97944
0.92909
0.81512
0.70109
0.58695
0.42155
0.39651
0.37145
0.32071
0.2056
0.10298
0.090286
0.16802
0.32382
0.38948
0.40344
0.63932
1.112
1.5348
1.7892
2.0717
2.3296
2.4699
2.478
2.3795
2.3342
2.4233
2.5538
2.4414
2.0831
1.6949
1.4684
1.3779
1.2314
1.2644
1.1861
1.0931
1.0416
1.018
0.96576
0.97015
1.0033
0.95032
0.57864
0.31975
0.23364
0.13205
0.073711
-0.31107
-0.89306
-1.4657
-1.8335
-1.9632
-1.9575
-1.8145
-1.6854
-1.2932
-1.0983
-0.79274
-0.59349
-0.39231
-0.1892
-0.015841
0.12732
0.09593
0.14456
0.16135
0.25932
0.19535
0.22892
0.098534
-0.016493
0.099375
0.18295
0.066799
0.13414
0.0505
-0.084494
-0.39015
-0.49377
-0.5981
-0.37729
-0.034418
0.44896
0.58904
0.66046
0.59278
0.40221
0.19293
-0.19347
-0.26455
-0.45976
-0.90413
-1.4928
-2.3869
-2.9813
-3.1666
-2.7069
-2.1194
-1.5834
-0.97328
-0.55963
-0.25311
-0.21725
-0.18127
-0.12704
0.018168
0.34552
0.45501
0.41892
0.54677
0.43765
0.41959
0.31024
0.2738
0.34686
0.5842
0.78496
0.93084
0.89409
0.87553
1.021
1.0751
1.0926
0.96445
1.1273
1.1081
1.3248
1.4866
1.5573
1.5554
1.4811
1.4791
1.2608
1.169
1.1312
1.1115
0.87691
0.57166
0.30314
-0.10679
-0.21316
-0.28365
-0.35383
-0.67088
-0.86323
-1.2481
-1.4031
-1.3125
-1.1174
-0.73159
-0.67772
-0.39873
-0.39776
-0.39679
-0.55069
-0.56649
-0.49658
-0.35868
-0.1363
0.16994
0.32205
0.38886
0.52277
0.50461
0.50331
0.5857
0.46736
0.51611
0.38195
0.38099
0.29741
0.46148
0.77271
0.95121
1.0798
1.1098
1.2862
1.2507
1.3126
1.1641
0.64524
-0.338
-1.4935
-2.3236
-2.7504
-2.7288
-2.548
-2.3204
-2.1414
-1.9632
-1.7067
-1.6563
-1.7637
-1.9179
-2.1659
-2.3505
-2.4721
-2.2497
-1.9346
-1.4022
-0.85582
-0.60611
-0.58989
-0.44969
-0.40276
-0.3869
-0.43294
-0.37079
-0.33963
-0.30855
-0.35461
-0.44688
-0.43127
-0.33872
-0.30783
-0.2462
-0.41539
-0.26151
-0.32304
-0.33843
-0.29232
-0.15388
0.015392
0.23096
0.24646
0.20034
0.01542
-0.046288
-0.092641
-0.29359
-0.41756
-0.58822
-0.66627
-0.80657
-0.99382
-1.0106
-1.0897
-1.0443
-1.077
-1.1567
-1.2054
-1.2701
-1.2093
-1.1012
-0.61463
-0.078941
0.34799
0.57053
0.6828
0.84329
0.78126
0.97464
1.0728
1.2998
1.351
1.3057
1.4057
1.2632
1.3149
1.3343
1.3539
1.4063
1.4753
1.6927
1.7463
1.8664
1.7883
1.7265
1.448
1.2682
1.0372
0.75475
0.45401
0.45517
0.57465
0.64388
0.86635
0.74931
0.73411
0.8215
1.0294
1.0835
0.87919
0.53567
0
-0.4687
-0.86991
-0.97644
-0.96107
-1.0156
-0.77206
-0.6857
-0.45802
-0.28239
-0.053045
0.17713
0.42583
0.6398
0.5874
0.46349
0.19637
0.28601
0.30427
0.43007
0.66377
0.87994
1.0066
1.2233
1.3323
1.3693
1.5684
1.8397
2.1833
2.563
2.8344
2.9973
2.7626
2.2208
1.6608
0.99263
0.28866
-0.4869
-0.86512
-1.2248
-1.2059
-1.1509
-1.06
-0.87941
-0.59158
-0.12533
0.19669
0.42852
0.53483
0.62295
0.7818
0.83359
0.832
0.83033
0.93437
1.161
1.1935
1.0681
0.85589
0.80146
0.57346
0.57191
0.60489
0.63763
0.49829
0.46253
0.25617
0.23834
0.10182
0.13531
-0.016856
-0.20158
-0.2511
-0.41701
-0.66481
-1.0598
-1.3198
-1.6271
-1.7355
-1.6798
-1.4783
-1.1812
-0.85413
-0.69017
-0.73531
-0.68452
-0.57071
-0.45781
-0.393
-0.48526
-0.32732
-0.4656
-0.20089
-0.061545
0.19915
0.35082
0.48596
0.69552
0.81291
0.95923
1.2087
1.2629
1.3905
1.5169
1.7303
1.8541
1.9769
2.1276
2.2625
2.138
1.8288
1.6646
1.4309
1.4108
1.3066
1.1613
0.96144
0.87427
0.85694
0.81223
0.7816
0.8332
0.74836
0.60997
0.39162
0.20181
0.093837
0.10686
0.026621
0.066321
0.026438
0.25033
0.52528
0.87704
1.2397
1.444
1.5694
1.4873
1.4315
1.4147
1.2955
1.241
1.1358
1.1331
1.0542
1.0899
0.98643
0.89607
0.71798
0.61607
0.50204
0.62652
0.8007
1.0244
1.0605
0.95949
0.95842
0.78336
0.78266
0.76963
0.71949
0.68189
0.69398
0.76808
0.56974
0.39631
0.22293
-0.024774
-0.39648
-0.66933
-0.71928
-0.83142
-0.83206
-1.0068
-1.1572
-1.3329
-1.4718
-1.6487
-1.7012
-1.5412
-1.2803
-1.0061
-0.84432
-0.6946
-0.49367
-0.24109
0.12721
0.54848
0.84421
0.96215
1.0938
1.2263
1.2304
1.4036
1.4738
1.8196
1.9447
2.0974
2.0529
1.9684
1.8566
1.811
1.8865
1.9494
2.149
2.2413
2.2935
2.1118
1.9978
1.7851
1.5983
1.6492
1.5732
1.5962
1.6769
1.7154
1.6239
1.3709
1.2764
1.1217
0.86127
0.64245
0.40591
0.2723
0.091338
0.16852
0.12334
0.046551
-0.078086
-0.15719
-0.6012
-0.79623
-1.2182
-1.2746
-1.3642
-1.2261
-0.90502
-0.79503
-0.35011
-0.28528
-0.1858
-0.30602
-0.20534
-0.27555
-0.25999
-0.36631
-0.47397
-0.67127
-0.871
-0.96582
-1.0437
-1.1225
-0.87427
-0.64128
-0.27645
-0.22244
-0.18643
-0.037497
0.056558
0.20851
0.49551
0.55561
0.71257
0.8517
0.73925
0.60603
0.55001
0.67102
0.55514
0.41823
0.34005
0.38168
0.14121
0.020254
0.040669
-0.28578
-0.081957
-0.14394
0.041272
-0.041413
-0.083099
0.041683
0.22996
0.29356
0.18926
0.021088
0.10572
0.36038
0.59506
0.76691
0.79004
1.0272
1.201
1.3324
1.292
1.2944
0.88613
1.0392
1.041
1.173
1.0443
1.0241
1.0693
0.98336
1.0066
1.0079
0.9434
0.65901
0.46187
0.3303
0.22046
-0.066215
-0.61871
-0.92912
-1.506
-1.7294
-2.0865
-2.4222
-2.3805
-2.2496
-2.2299
-2.4335
-2.5259
-2.5738
-2.5995
-2.4234
-2.1122
-2.0251
-2.028
-1.9633
-1.8986
-1.6526
-1.4966
-1.2039
-1.0467
-0.72948
-0.27407
0.2975
0.73379
1.0111
0.99027
0.92325
0.50897
0.5102
0.41847
0.34961
0.21032
0.16403
-0.14099
-0.18852
-0.16544
-0.14224
-0.071338
-0.095419
-0.047864
-0.048023
0.12046
0.024176
0.024261
0
-0.073312
0.19622
0.024621
0
0.12405
-0.099632
-0.20005
-0.45193
-0.63022
-0.53155
-0.73706
-0.63802
-1.1276
-1.8528
-2.4808
-2.7247
-2.4756
-1.7271
-0.86714
-0.15832
0.18547
0.10642
-0.080139
-0.45596
-0.80785
-0.59476
-0.2714
0
0.24611
0.30191
0.52336
0.66341
0.74888
0.72354
0.55835
0.81212
0.78644
0.84501
1.1015
1.6423
1.9586
1.707
1.454
0.77126
0.77264
0.83121
1.3778
1.5519
1.7261
1.7852
1.8152
1.4124
1.1244
1.0956
1.0954
1.2678
1.2958
1.3234
1.322
1.6072
1.6906
1.43
1.1987
1.0536
0.85204
0.48146
0.28234
0.39396
0.36451
0.47483
0.25035
0.055392
-0.22055
-0.19204
0.13647
0.38008
0.59393
0.69781
0.64021
0.50362
0.6583
0.81073
0.80502
0.87651
0.81877
0.76167
0.45337
0.22484
-0.024773
-0.098246
-0.19477
-0.048257
-0.071724
-0.28422
-0.37537
-0.48791
-0.46012
-0.13666
0.11273
0.40166
0.66247
1.0488
1.2322
1.2189
1.2057
1.1297
1.1999
1.0434
1.1935
0.88002
0.77116
0.62554
0.59905
0.21013
-0.49095
-1.1199
-1.642
-1.933
-1.9467
-1.657
-1.3561
-1.0097
-0.87765
-0.81657
-0.79044
-0.6152
-0.49317
-0.45512
-0.19288
0.079474
0.26724
0.23322
0.03076
0.076075
0.12043
0.34259
0.56015
0.80242
0.90981
1.0866
1.4156
1.4719
1.5827
1.6366
1.6214
1.6741
1.6591
1.5517
1.4726
1.2515
1.1636
1.167
1.1323
1.3634
1.5035
1.5919
1.4694
1.1403
0.76726
0.36296
0.22841
0.095581
-0.083135
-0.37786
-0.62236
-0.86432
-1.0691
-1.191
-1.2545
-1.2718
-1.2207
-1.1931
-1.347
-1.5451
-1.7197
-1.7815
-1.8322
-1.7938
-1.8671
-1.8961
-1.9033
-1.7673
-1.5771
-1.4648
-1.3091
-1.0441
-0.88966
-0.69165
-0.60369
-0.54881
-0.63677
-0.681
-0.70346
-0.72611
-0.63883
-0.58456
-0.50817
-0.57551
-0.65433
-0.60026
-0.56834
-0.43581
-0.31382
-0.31482
-0.29334
-0.22647
-0.034102
0.10273
0.33244
0.55276
0.7521
0.8954
1.1105
1.2223
1.2174
1.1294
1.0167
1.0111
0.8965
0.90253
0.72457
0.6308
0.61052
0.66535
0.75906
0.7141
0.82277
0.8426
0.7452
0.65939
0.4923
0.53706
0.59625
0.7934
0.81486
0.86469
0.97191
1.2236
1.4806
1.4815
1.644
1.7359
1.8597
1.9105
2.0698
2.0621
2.1954
2.3634
2.3267
2.354
2.2339
2.2771
2.1867
2.0088
1.792
1.6743
1.6065
1.6263
1.7007
1.5386
1.465
1.1452
0.96941
0.78904
0.56505
0.61153
0.4993
0.38417
0.47079
0.14505
-0.33561
-0.61571
-0.73064
-0.84819
-0.61625
-0.57904
-0.5408
-0.72948
-0.8071
-1.0029
-0.99067
-0.95403
-0.6993
-0.36564
-0.07391
0.099584
0.27669
0.27951
0.17964
0.1814
-0.026163
-0.18486
-0.3731
-0.48399
-0.51532
-0.49234
-0.30335
-0.027798
0.19609
0.56446
0.6254
0.62976
0.72044
0.8701
0.84629
0.82193
0.70847
0.74194
0.86501
1.1389
1.4149
1.7837
1.6693
1.584
1.4365
1.257
1.1068
1.1403
0.64865
0.61895
0.46498
0.43457
0.15537
-0.062199
0.093349
0.093373
0.031124
-0.031116
-0.1244
-0.1243
-0.21729
-0.186
-0.27857
-0.27807
-0.12334
0.21535
0.30687
0.091809
-0.51872
-1.4296
-1.8491
-1.8425
-1.6249
-1.4686
-1.1939
-1.0698
-1.065
-0.64778
-0.11721
0.34986
0.029004
-0.1154
-0.54518
-0.57067
-0.45393
-0.084616
0.2243
0.25081
0.16618
0.13762
0.082048
0.21739
0.32396
0.56321
0.58611
0.9262
0.91994
0.80925
1.063
1.0556
0.97163
0.45704
0.10086
-0.22534
-0.74587
-1.111
-1.5934
-2.1421
-2.538
-2.8563
-3.0508
-3.1005
-3.0085
-2.6842
-2.5034
-2.3942
-2.1492
-1.8848
-1.7142
-1.5235
-1.4243
-1.3928
-1.0103
-0.56734
0
0.34468
0.49236
0.8722
0.90911
0.98762
1.0234
1.0796
1.032
0.98499
1.0406
1.055
1.0895
1.0835
1.0377
0.87343
0.6714
0.41256
0.19547
0.077799
0.058065
0.13484
0.1342
0.26718
0.22798
0.2648
0.48964
0.69385
0.8217
0.74398
0.75956
0.70127
0.77217
0.78765
0.89435
1.0549
1.0514
1.2466
1.0626
0.95153
0.87707
0.73173
0.60509
0.39046
0.12391
-0.17657
-0.44033
-0.45687
-0.26298
-0.19244
-0.19204
-0.034847
0.10434
0.20831
0.12131
0.24223
0.25914
0.44853
0.60299
0.63665
0.58436
0.60091
0.87477
0.77118
0.80482
0.73581
0.71826
0.73499
0.64925
0.90522
0.88792
1.1097
1.3828
1.6047
1.861
1.9809
2.0839
1.9992
1.8804
1.5222
1.4033
1.096
1.1654
1.2351
1.2877
1.4781
1.6345
1.8087
1.8454
1.8997
1.7467
1.4548
1.1622
1.0077
0.87017
0.57532
0.41918
0.19248
0.052598
0.10541
0.12323
0.44106
0.51275
0.85061
0.97691
1.1573
1.2493
1.3776
1.4708
1.5105
1.5866
1.5727
1.4682
1.3814
1.4581
1.4074
1.3931
1.3787
1.438
1.3683
1.224
0.8928
0.6343
0.6175
0.73199
0.7907
0.88754
0.85238
0.96899
0.9148
0.89849
0.7862
0.82709
0.52092
0.69669
0.77645
0.79827
0.93738
0.97936
1.0412
0.98516
0.82995
0.63417
0.27824
0.35875
0.4397
0.48099
0.36172
0.26194
0.28283
0.18228
0.10152
-0.12213
-0.28566
-0.61357
-0.84047
-1.0273
-0.98832
-0.9285
-0.53756
-0.1243
0.31134
1.0189
1.4165
1.5441
1.5674
1.5071
1.1739
1.0075
0.98782
0.88379
0.84265
0.86461
1.0765
1.4154
1.5857
1.756
1.7994
1.7155
1.7586
1.9711
2.0775
2.1838
2.2262
1.9929
1.823
1.3987
1.2075
0.84698
0.78303
0.69793
0.67628
0.50678
0.14767
-0.063224
-0.48417
-0.63075
-0.54593
-0.69194
-0.83745
-0.98243
-0.91817
-0.91653
-0.95639
-1.0375
-1.2424
-1.4877
-1.505
-1.5427
-1.5184
-1.4942
-1.2657
-1.018
-0.71065
-0.56691
-0.60563
-0.86547
-1.0033
-0.86008
-0.57818
-0.61602
-0.57432
-0.73023
-0.66866
-0.62706
-0.42953
-0.33067
-0.077509
0.30884
0.51913
0.61281
0.40053
0.41789
0.24591
0.056509
-0.20632
-0.41085
-0.39046
-0.46279
-0.33172
-0.42196
-0.36525
-0.21815
-0.23523
-0.19812
-0.28682
-0.089206
-0.071025
-0.035342
-0.017586
-0.017501
-0.034831
0.069322
0.36215
0.46333
0.8367
1.0704
1.3525
1.4804
1.4562
1.4656
1.4749
1.6489
1.8047
1.91
1.6893
1.6324
1.5599
1.4882
1.5127
1.426
1.3717
1.2395
1.3583
1.3673
1.3916
1.4465
1.5469
1.6005
1.4717
1.2836
1.1875
1.1073
1.2066
1.2308
1.3287
1.22
1.2587
1.1076
0.95783
0.79489
0.76287
0.77416
0.79967
0.85348
0.85025
0.73415
0.60488
0.64478
0.61461
0.55684
0.54113
0.29044
-0.12409
-0.42612
-0.7264
-0.95668
-1.2676
-1.4953
-1.7492
-2.002
-2.2133
-2.2623
-2.2576
-2.1459
-1.968
-1.9111
-1.8013
-1.7321
-1.4636
-1.3688
-1.2744
-1.2467
-1.3119
-1.1124
-1.0721
-0.88646
-0.99206
-1.0184
-1.0714
-1.0451
-1.0984
-1.099
-0.98044
-1.021
-0.9291
-0.877
-0.85153
-0.93272
-0.8942
-0.81558
-0.79039
-0.83236
-0.82082
-0.83635
-0.89268
-0.94946
-0.96593
-0.96902
-0.80796
-0.76961
-0.67593
-0.55395
-0.36155
-0.25138
-0.28057
-0.36645
-0.42488
-0.34163
-0.27188
-0.12949
-0.21703
-0.34928
-0.38067
-0.29465
0.059309
0.22388
0.48087
0.48425
0.41153
0.29174
0.32491
0.43659
0.48723
0.74476
0.68709
0.7091
0.78035
1.0334
1.2249
1.3533
1.265
1.2603
1.118
1.0424
1.1583
1.0286
0.89609
0.77894
0.65927
0.59252
0.4494
0.39771
0.38316
0.60085
0.90217
1.1512
1.4263
1.7285
2.1411
2.2512
2.2585
2.0521
1.5805
1.272
0.99972
1.1253
1.277
1.6404
1.9666
2.2775
2.0195
1.8273
1.5803
1.1511
1.0145
1.0795
1.1722
0.92398
0.7491
0.32533
-0.027472
-0.44539
-0.6487
-0.7715
-0.98417
-0.85029
-1.1284
-1.2631
-1.3094
-1.5414
-1.4355
-1.3265
-0.86293
-0.64671
-0.68687
-1.1577
-1.4047
-1.7243
-1.9135
-1.7607
-1.7436
-1.4086
-1.2088
-0.43059
-0.072408
0.073035
0
-0.2227
-0.33661
-0.37674
-0.26556
-0.42005
-0.19212
-0.077296
-0.38859
-0.7811
-1.2948
-0.98508
-1.3053
-1.3097
-1.3535
-1.6762
-1.5598
-1.6025
-0.64179
-0.64231
-0.60238
-1.0039
-1.3645
-1.2028
-1.0009
-0.59941
-0.99668
-0.87463
-0.4359
0.1974
0.31454
0.58706
0.23365
0.077458
-0.23101
0
0.45602
0.86779
1.0859
1.263
1.1419
0.80333
0.50655
0.21503
-0.17743
-0.24586
-0.66031
-1.0312
-0.88372
-0.50397
-0.099601
0.065596
0.19435
0.19189
0.34725
0.40499
0.64546
0.63668
0.65778
1.0318
1.1044
1.0599
0.93161
0.89017
0.52074
0.486
0.15958
0.052393
-0.15481
-0.15246
0.40038
0.73929
1.1406
1.2188
0.98843
0.62577
0.13695
-0.022481
-0.066428
0.021811
0.3438
0.4234
0.45891
0.37002
0.40521
0.21969
0.49226
0.56307
0.59362
0.47223
0.22364
0.12874
-0.14522
-0.19713
-0.26545
-0.13983
-0.12088
0.017065
0.11807
0.25016
0.082466
0.48947
0.51663
0.95879
1.06
1.2848
1.4746
1.7074
1.9821
2.298
2.5641
2.8267
2.9234
2.7704
2.6201
2.5016
2.299
2.1281
2.0876
2.0623
2.2205
2.2379
2.3951
2.4684
2.4037
2.3402
1.9211
1.3409
0.70964
0.23147
-0.32613
-0.93606
-1.5173
-1.9893
-2.1094
-2.1759
-1.9998
-2.081
-1.9601
-1.8396
-1.6382
-1.6943
-1.7239
-1.7676
-1.7711
-1.5293
-1.3277
-0.96076
-0.59193
-0.17953
0.15243
0.30598
0.46076
0.63089
0.76034
0.62234
0.48318
0.39987
0.33015
0.43292
0.46432
0.61287
0.54305
0.6349
0.56453
0.58303
0.73724
0.7118
0.67084
0.30701
0.27823
0.17123
0.26652
0.39478
0.42949
0.40063
0.09687
0.016267
-0.11474
-0.26427
-0.33288
-0.28514
-0.016904
-0.10221
-0.034337
0
0.24414
0.42179
0.58449
0.4641
0.23385
0.10876
-0.054799
-0.27609
-0.46363
-0.59791
-0.79059
-0.85331
-0.74492
-0.69257
-0.65874
-0.60482
-0.53041
-0.41534
-0.11946
0.14028
0.2622
0.14207
-0.18378
-0.30814
-0.49591
-0.27015
-0.020896
0.33613
0.33789
0.50939
0.59718
0.89997
1.3345
1.7511
2.1274
2.0922
2.1001
1.8661
1.6741
1.569
1.6402
1.6892
1.2256
0.93813
0.58201
0.5383
0.67406
0.96766
0.9915
0.9024
0.97098
0.70052
0.45219
0.22617
0.13571
0.18094
-0.02261
0.067797
0.29358
0.49639
0.7663
0.90036
1.2361
1.4584
1.8812
1.8997
1.5163
1.2457
1.2424
1.239
1.3456
1.1434
0.85472
0.63334
0.54399
0.73699
0.79883
0.96753
0.81352
0.66072
0.44553
0.29561
0.54633
0.60631
0.9152
1.0345
1.173
1.2075
1.1193
1.3556
1.3276
1.3397
1.4508
1.3431
1.1777
1.1507
1.4921
1.5787
1.683
1.6148
1.4907
1.1807
0.81896
0.33271
0.03671
0.09113
0.12668
0.12578
0.16056
0.33652
0.77368
1.0648
1.3863
1.7031
1.7931
1.7122
1.7669
1.5869
1.4095
1.2016
1.0621
1.0706
1.1755
1.5825
1.8884
2.0007
1.8299
1.8012
1.665
1.6378
1.5958
1.5091
1.4236
1.2203
1.1084
0.99807
1.035
1.057
1.0068
0.74297
0.53938
0.49358
0.36431
0.23669
0.23521
0.15125
0.17766
0.24451
0.22955
0.18793
0.20019
0.29194
0.44866
0.31496
0.23494
0.10386
0.11623
0.20557
0.2301
0.17808
0.10127
0.18898
0.40129
0.54928
0.79541
0.89096
0.83792
0.60131
0.31778
0.12175
-0.048515
-0.24168
-0.30102
-0.55197
-0.98065
-1.3589
-1.6755
-1.8127
-1.9728
-2.1911
-2.3732
-2.4491
-2.3496
-2.2042
-2.0829
-1.9856
-1.7731
-1.5846
-1.4664
-1.2564
-1.0704
-0.87344
-0.76899
-0.60757
-0.52675
-0.44615
-0.38861
-0.38831
-0.41089
-0.35363
-0.22805
-0.22797
-0.20513
-0.21651
-0.15953
-0.15955
-0.11399
-0.079819
-0.034223
-0.011414
0.057106
0.02286
-0.080078
-0.12596
-0.20633
-0.41315
-0.57455
-0.75945
-1.0717
-1.6967
-2.2082
-2.5133
-2.4948
-2.244
-2.004
-1.7515
-1.6618
-1.654
-1.5758
-1.5445
-1.2885
-0.98387
-0.72514
-0.60805
-0.43051
-0.21593
-0.10831
0.12075
0.29077
0.59573
0.69548
0.90621
1.0325
1.0242
1.0653
1.1318
1.3737
1.6428
1.9647
2.2388
2.4393
2.5269
2.3462
2.0995
1.8248
1.5735
1.6335
1.6154
1.7687
1.9901
1.9338
1.7831
1.5904
1.3416
1.2536
1.1372
1.0334
0.90071
0.9059
1.0233
1.0434
1.0922
0.97034
0.93316
0.86666
0.85749
0.95059
0.7064
0.37025
-0.014905
-0.24002
-0.60395
-0.82068
-0.96377
-0.87778
-0.75963
-0.49942
-0.26712
-0.047459
0.1115
0.32075
0.50061
0.60165
0.60585
0.56063
0.53137
0.60201
0.62312
0.66147
0.5637
0.75697
1.1089
1.3089
1.4237
1.4163
1.3373
1.2392
1.3024
1.2572
0.91758
0.68391
0.40959
0.30003
-0.056661
-0.34241
-0.65143
-0.82977
-0.95232
-1.057
-1.0645
-1.2111
-1.0597
-1.2484
-1.1152
-0.85756
-0.24672
0.24843
0.37522
0.48273
0.61281
0.85099
1.0709
1.2074
1.3023
1.3764
1.3634
1.1952
0.89105
0.3587
-0.022561
-0.36323
-0.27412
-0.16088
-0.13874
-0.1861
-0.25741
-0.023539
-0.094704
0.071437
0
0.14449
0.1695
0.07304
0.36717
0.46754
0.86575
1.5664
1.8991
2.1095
2.1955
2.3582
2.3693
2.6363
2.7768
2.815
2.6198
2.3184
1.5957
0.99811
0.55379
0.68833
0.85042
0.64019
0.42834
-0.080598
-0.4583
-0.64917
-0.84124
-1.1161
-1.5018
-1.5884
-1.4557
-1.4872
-1.1874
-1.0798
-0.58285
-0.44513
-0.083653
-0.16767
-0.28004
-0.58925
-0.53414
-0.45061
-0.53601
-0.50861
-0.50938
-0.62346
-0.36889
0.31252
1.0524
1.7083
2.1944
2.0822
2.1123
1.7709
1.6862
1.0865
0.88674
0.74393
0.80133
0.7728
0.6297
0.62967
0.20032
0.057221
0.085804
-0.25731
-0.40006
-0.51408
-0.28541
-0.057041
0.22798
0.51249
0.93866
0.90926
0.82309
0.73706
0.25481
0.1131
0.028234
0.25373
0.19703
0.14051
0.056108
-0.19603
-0.30748
-0.3348
-0.30629
-0.19452
-0.22184
-0.47039
-0.60739
-0.7162
-0.65956
-0.63057
-0.84781
-0.49105
-0.35374
-0.10856
-0.10827
-0.16196
-0.21535
-0.64424
-0.80299
-1.3077
-1.6764
-1.5918
-1.3225
-0.92286
-0.7097
0.052403
0.67906
1.4058
1.8682
2.0172
1.8815
1.5669
1.4079
1.199
1.0677
0.93727
0.98443
0.83
0.77688
0.77406
0.6966
0.39659
-0.14817
-0.54127
-1.0049
-0.83023
-0.7541
-0.4362
-0.48282
-0.6012
-0.50307
-0.4534
-0.095081
0.23678
0.47171
0.58733
0.88925
0.86245
0.67332
0.62442
0.92142
1.239
1.1199
1.3203
1.2018
0.63239
-0.40494
-1.591
-2.4329
-2.9125
-3.0119
-3.0222
-3.0105
-2.5173
-2.0496
-1.5205
-1.2983
-0.99154
-0.77305
-0.53481
-0.44756
-0.33973
-0.21154
-0.14753
0.126
0.33477
0.5212
0.60243
0.4761
0.43317
0.14389
0.24582
0.08166
0.081385
-0.040557
-0.14148
-0.30219
-0.48194
-0.56048
-0.83808
-1.0742
-1.3486
-1.2457
-1.2025
-0.84522
-0.5292
-0.31271
-0.21439
-0.27212
-0.13569
-0.25134
-0.23141
-0.21159
-0.095936
-0.057421
0.095473
0.1905
0.19006
0.15171
0.30275
0.49091
0.65946
0.84614
1.2197
1.4796
1.5141
1.4553
1.434
1.3571
1.3919
1.3895
1.2207
1.2557
1.2168
1.3438
1.305
1.5234
1.5212
1.6471
1.8276
2.0624
2.1872
2.0388
1.9089
1.5978
1.1425
0.7607
0.7055
0.5059
0.41507
0.43259
0.48609
0.62937
0.5927
0.57406
0.35836
0.16107
0.071498
-0.10711
-0.19613
-0.14246
0
0.088807
0.19512
0.40741
0.61911
0.70654
0.75841
0.84532
0.70334
0.64956
0.64849
0.5949
0.69866
0.74971
0.90494
0.88584
0.95344
1.038
1.1394
1.0508
0.94531
0.87454
0.87246
1.2116
1.4809
1.7657
1.7948
1.7729
1.7342
1.6117
1.5064
1.3015
1.0978
0.81237
0.95837
1.1033
1.1322
1.1609
1.1892
1.2009
1.1478
1.1433
1.1708
1.0063
0.92256
0.88697
0.962
0.86356
0.89097
0.99586
1.0997
1.3258
1.4883
1.6187
1.6108
1.5425
1.4746
1.2577
0.9832
0.71143
0.32441
0.10269
-0.13135
-0.24681
-0.31774
-0.2155
0.042875
0.31276
0.5798
0.84403
0.89556
0.83518
0.65079
0.66117
0.60292
0.518
0.46109
0.41826
0.37586
0.41404
0.505
0.50251
0.64481
0.68099
0.59955
0.4281
0.038738
-0.1414
-0.46069
-0.61156
-0.67238
-0.65692
-0.75488
-0.80199
-0.94866
-1.057
-1.1398
-1.1234
-0.9596
-1.0055
-0.96556
-1.121
-1.1298
-0.848
-0.592
-0.32537
-0.28852
-0.1919
-0.011968
0.37027
0.89415
1.3092
1.5923
1.59
1.6473
1.7046
1.6202
1.6188
1.6295
1.7113
1.7932
1.8282
1.6747
1.5687
1.4747
1.5814
1.6767
1.6187
1.7146
1.7044
1.7418
1.7558
1.5681
1.0827
0.46477
-0.095505
-0.57411
-0.98275
-1.3932
-1.6251
-1.8703
-1.9838
-2.0738
-2.1037
-2.2316
-2.3237
-2.2815
-2.3009
-2.1724
-2.0556
-2.0624
-2.057
-1.9515
-1.8203
-1.8016
-1.7575
-1.6624
-1.4521
-1.2146
-0.92399
-0.66985
-0.64654
-0.37642
-0.14333
0.15695
0.2232
0.15815
0.10583
0
-0.05331
-0.026753
-0.013425
-0.17515
-0.20281
-0.32562
-0.2995
-0.16391
-0.10962
-0.041239
0.068941
0.24892
0.40219
0.38939
0.37647
0.34946
0.46239
0.35109
0.37999
0.23973
0.070639
0.070759
0.14174
0.2271
0.21317
0.12804
0.042718
-0.04275
-0.057033
0.099847
0.27108
0.47084
0.74183
0.96978
1.0691
1.1681
1.2524
1.1943
1.1786
1.0067
0.66537
0.40981
-0.014103
-0.32368
-0.75815
-0.6302
-0.26536
0.069631
0.2499
0.19374
0.41374
0.30233
0.36965
0.19092
0.40745
0.21639
0.32316
0.38872
0.40025
0.79664
1.0041
1.2619
1.2292
1.2096
1.2677
1.1835
1.3814
1.5133
1.732
1.8599
2.061
2.1104
2.0603
2.0229
2.0223
2.0456
1.9603
1.8998
1.7805
1.7217
1.6986
1.6175
1.5837
1.4239
1.3003
0.98575
0.27012
-0.46958
-0.89961
-1.004
-0.76724
-0.52266
-0.49763
-0.72013
-0.85435
-0.97626
-0.9912
-0.96407
-0.82274
-0.59001
-0.21607
0.22502
0.54909
0.8189
0.96507
1.0497
1.0539
1.0582
1.0232
0.83196
0.53565
0.0096917
-0.21221
-0.40327
-0.54485
-0.67573
-0.86245
-1.0572
-0.78981
-0.44026
-0.18667
0.0093015
0.21323
0.25878
0.25801
-0.0091891
-0.27495
-0.29256
-0.29189
-0.12743
0.13627
0.38089
0.62475
0.92225
1.183
1.4073
1.6765
1.8646
2.0797
2.3131
2.5289
2.7451
2.7998
2.8642
2.8841
2.8865
2.7992
2.7303
2.5441
2.0495
1.4717
1.0377
1.0765
1.3534
1.2836
0.88262
0.61783
1.0731
1.3365
1.5741
1.2434
0.91043
0.44295
0.0094651
-0.34227
-0.55402
-0.67189
-0.67527
-0.58183
-0.44848
-0.20588
0.088742
0.4265
0.63867
0.81338
0.77819
0.55952
0.14339
-0.26813
-0.63353
-0.97286
-1.0327
-0.96619
-0.90941
-0.88417
-0.8586
-0.79981
-0.78429
-0.70172
-0.6852
-0.89501
-1.0399
-1.1528
-1.2213
-1.3379
-1.5277
-1.8765
-2.1955
-2.4474
-2.5197
-2.5933
-2.6307
-2.5928
-2.5413
-2.5145
-2.461
-2.1828
-2.0051
-1.6629
-1.2324
-0.76596
-0.27628
0.23717
0.49315
0.59766
0.48862
0.17416
-0.014657
-0.25162
-0.3886
-0.25657
0
0.046159
0.062136
-0.29796
-0.68073
-0.97475
-1.1774
-1.3185
-1.1334
-1.2265
-1.2208
-1.5858
-1.6507
-1.4246
-1.2463
-0.96001
-0.79193
-0.65643
-0.6259
-0.73894
-0.69014
-0.75025
-0.5899
-0.51991
-0.4862
-0.5649
-0.64456
-0.40075
-0.24969
0.077312
0.15557
0.058689
0
0.11873
0.27855
0.10001
0.040209
-0.060614
0.060905
0.12237
0.43023
0.74071
0.72313
0.87122
0.83292
0.75238
0.41946
0.42088
0.40112
0.52941
0.40352
0.48983
0.44841
0.42812
0.51495
0.47309
0.7542
0.82044
1.1248
1.235
1.2152
1.3909
1.1969
0.69722
0.13087
-0.34935
-0.87416
-1.2904
-1.6197
-1.7959
-1.9283
-1.7757
-1.4474
-1.3381
-1.0531
-1.1191
-1.1192
-1.2728
-1.6237
-1.9526
-2.3909
-2.6535
-2.6527
-2.6737
-2.5851
-2.584
-2.2763
-1.9908
-1.5087
-1.0489
-0.82989
-0.85119
-0.74158
-0.78467
-0.71878
-0.80533
-0.957
-0.86935
-1.0641
-0.62932
-0.21684
0.021667
0.15155
0.47591
0.71329
0.95029
1.2301
1.3153
1.422
1.5069
1.1615
1.0316
0.75162
0.83684
0.75039
0.64267
0.79198
1.3046
1.8592
2.1993
2.6028
2.6859
2.492
2.2133
2.02
1.6572
1.3798
1.0604
0.78404
0.61397
0.65572
0.82419
0.84453
0.71717
0.71647
0.6105
0.50472
0.14706
-0.16789
-0.48214
-0.46066
-0.10457
0.2089
0.43814
0.50009
0.74916
0.70658
0.70559
0.80818
0.88974
1.0743
1.1345
1.4003
1.1923
1.1492
1.2086
1.1449
1.0203
0.95714
0.89418
0.83143
0.78913
0.64601
0.48337
0.060275
-0.16033
-0.47976
-0.49843
-0.37778
-0.019828
0.39541
0.53224
0.78611
0.84245
0.80071
0.77863
0.87304
1.1214
1.1175
1.1327
0.91817
0.81946
0.66447
0.54843
0.47092
0.28142
0.41106
0.48378
0.53733
0.70106
0.77148
0.91438
0.58258
0.59806
0.451
0.48481
0.41105
0.5336
0.53104
0.6694
0.78884
0.78495
0.79842
0.70808
0.73889
0.59839
0.61236
0.55847
0.60612
0.73702
0.76656
0.97814
0.87414
0.804
0.81619
0.86071
0.93707
0.96442
1.0555
0.95463
0.93397
0.83477
0.78358
0.82647
0.93102
1.1735
1.2754
1.4987
1.7504
2.03
1.9603
1.9514
1.8978
1.8448
2.0441
2.1681
2.2912
2.2086
2.1269
1.8864
1.8213
1.7136
1.7935
1.7871
1.6527
1.4767
1.1606
0.90296
0.81583
0.77137
0.67131
0.43239
0.27825
-0.013878
-0.26308
-0.60789
-0.95131
-1.1008
-1.2224
-1.1655
-1.0679
-1.2167
-1.3244
-1.2274
-0.68118
-0.10889
1.0065
2.8001
3.7633
3.5718
1.8466
-0.32585
-1.5071
-1.6568
-1.5215
-0.91059
-0.40796
-0.12248
0.01362
0.0409
0.20473
0.21865
0.082105
-0.20557
-0.37062
-0.53626
-0.59236
-0.69015
-0.80224
-0.94263
-1.1393
-1.2257
-1.508
-1.358
-1.2213
-1.0558
-0.94597
-0.86386
-0.7671
-0.65554
-0.87216
-1.1907
-1.785
-2.5135
-2.7254
-2.7935
-2.7601
-2.6825
-2.6485
-2.4815
-2.1798
-1.6822
-1.2704
-0.96041
-0.79855
-0.39333
0.04557
0.39656
0.55134
0.32294
0.24706
0.17055
0.52932
0.79723
1.1301
1.3395
1.5032
1.3503
1.244
1.2169
1.2216
1.3231
1.3929
1.3818
1.4195
1.3263
1.3145
0.98931
0.76103
0.48136
0.083259
-0.4677
-0.92148
-1.0418
-1.1459
-1.1152
-1.1351
-1.1379
-1.0385
-0.95559
-0.70116
-0.71974
-0.46359
-0.37843
-0.31016
-0.4142
-0.53578
-0.57111
-0.64111
-0.55507
-0.38197
-0.12163
-0.052165
0.13918
0.26108
0.20893
0.15672
0.22639
0.034826
-0.1915
-0.34807
-0.57404
-0.74756
-0.85127
-0.81585
-0.659
-0.69295
-0.58832
-0.7431
-0.77658
-0.91327
-0.843
-0.73852
-0.78862
-0.53046
-0.44402
-0.27268
-0.22108
-0.32239
-0.15236
-0.304
-0.21902
-0.21847
-0.16762
-0.033437
0.20008
0.43233
0.58038
0.57875
0.41222
0.23018
0.049181
0.065383
-0.016298
0.11375
0.30782
0.41998
0.51536
0.49778
0.59236
0.5108
0.79577
0.77758
0.99685
1.1675
1.2901
1.412
1.2985
1.3418
1.556
1.6916
1.7491
1.9609
2.033
2.1357
2.0233
2.0034
2.0142
1.8881
2.0209
2.0169
1.9978
2.0093
1.9605
1.9873
1.8037
1.6959
1.4987
1.3171
1.2706
1.3438
1.3125
1.2218
1.1314
1.0264
1.0703
1.2627
1.47
1.5881
1.6469
1.869
1.8539
1.7203
1.5424
1.3646
1.3352
1.2317
1.1431
1.0545
0.9362
0.86243
0.81839
0.65521
0.64086
0.70112
0.68687
0.64275
0.49382
0.61425
0.675
0.781
0.79708
0.70782
0.63342
0.49842
0.52942
0.42419
0.40968
0.51672
0.48711
0.42692
0.18327
0.030596
-0.19921
-0.44514
-0.67652
-1.2321
-1.9438
-2.5652
-2.7706
-2.6666
-2.1895
-1.773
-1.3396
-1.2948
-1.4374
-1.7524
-1.9898
-1.8199
-1.6023
-1.2425
-1.1337
-0.75666
-0.42606
-0.12636
0.11066
0.30061
0.49083
0.57036
0.77676
0.91986
1.1423
1.3966
1.5555
1.6033
1.3969
1.111
0.77756
0.36485
0.22199
0.3011
0.4276
0.60135
0.77474
0.77396
0.89933
0.78792
0.94424
0.83287
0.6276
0.32894
0.062542
0
-0.1246
-0.015541
-0.13956
-0.12376
-0.16976
-0.24629
-0.30705
-0.44399
-0.51905
-0.89805
-1.0774
-1.1345
-0.93487
-0.75143
-0.38942
-0.17911
-0.13385
-0.10373
-0.14764
-0.029416
-0.058608
-0.16054
-0.27621
-0.52125
-0.53356
-0.53138
-0.45767
-0.3988
-0.26947
-0.26833
-0.30938
-0.36407
-0.18125
0.027765
0.15205
0.37159
0.4248
0.4639
0.28529
-0.16232
-0.59264
-1.0461
-1.1485
-1.1836
-1.4303
-1.4507
-1.6155
-1.5436
-1.5895
-1.6741
-2.0554
-2.5754
-3.066
-2.978
-2.9034
-2.449
-2.0358
-1.8902
-1.7081
-1.6525
-1.2978
-1.0326
-0.707
-0.56892
-0.61666
-0.79951
-0.99373
-1.0647
-1.0988
-0.86486
-0.57128
-0.32751
-0.23002
-0.18127
0.024128
0.14454
0.58933
1.0329
1.5835
2.0012
2.2027
2.4161
2.4024
2.5562
2.6505
2.8167
2.9234
2.935
2.9112
2.7565
2.4827
2.3165
2.0907
1.8171
1.5792
1.3052
1.2226
1.1639
1.2615
1.2632
1.2771
1.3395
1.3176
1.0778
0.86146
0.58358
0.35333
0.1099
0
-0.1227
-0.29523
-0.54268
-0.6431
-0.71933
-0.62192
-0.61131
-0.56314
-0.52727
-0.30227
0.012637
0.21555
0.40715
0.45966
0.55101
0.60447
0.65834
0.73857
0.75439
0.87482
1.0224
1.1186
1.1362
1.101
1.0788
0.90938
0.76539
0.80899
0.71756
0.63897
0.54606
0.58946
0.55061
0.48379
0.43028
0.39025
0.34987
0.028105
