1.0628
0.91733
0.85451
0.8516
0.88679
1.0195
1.0408
1.0523
0.9516
1.0112
0.98536
1.111
1.1804
1.0469
1.0145
0.87728
1.0323
0.89501
0.89062
1.0465
1.0702
0.99395
0.93519
1.0183
0.98729
1.0562
1.0436
1.096
1.001
1.0434
1.1279
1.1064
0.97688
1.134
0.96871
0.91984
1.1098
1.2012
1.1363
0.7392
0.81437
1.1198
0.66733
0.66
0.71867
0.8522
0.91617
1.0482
0.96393
0.86433
1.0219
1.0445
1.1048
1.134
1.104
0.9332
0.92797
1.0665
0.97705
1.0345
0.87824
0.89563
0.92007
1.0051
1.206
1.001
0.92574
0.84843
0.9584
0.98426
1.001
0.99508
0.957
0.8711
0.91856
0.98567
1.0134
1.0528
1.0768
1.0414
1.0199
0.99657
1.0665
1.0083
0.98335
0.9748
1.0361
1.0291
1.0528
1.0068
0.85556
0.93197
1.105
1.2122
1.1421
1.0228
0.97263
0.81784
0.847
0.87489
0.9728
0.87429
1.0662
1.0639
1.0966
1.0301
1.0461
1.001
0.98392
1.1345
1.0613
1.0537
1.0617
1.0639
1.0462
0.86983
0.81372
0.66365
0.68876
1.0568
1.4023
1.5146
0.87537
0.29817
-0.51115
-0.82352
-0.94718
-0.91
-0.97598
-1.0263
-1.0734
-1.0926
-1.1008
-1.0832
-1.05
-1.1304
-1.1135
-1.1383
-1.1719
-1.2693
-0.95894
-0.093844
0.24024
0.66733
-0.66733
1.2012
-1.2012
-0.286
-0.41421
-1.1261
-1.0511
-1.1332
-0.6006
-0.819
-1.43
-1.3462
-1.3698
-0.77856
0.10725
0.88978
1.386
1.6683
1.2954
0.62562
0.47416
0.91
1.7437
0.77
0.75075
-0.36036
-1.1797
-1.3347
-0.79598
-0.63525
-0.62966
-0.986
-1.3793
-1.6001
-1.4734
-0.64216
-0.074195
0.33671
0.73333
0.71553
0.91849
0.97037
1.0856
1.0882
1.0826
1.1014
1.0623
0.95775
0.92053
0.98634
1.0116
0.9886
1.0364
1.0078
1.0351
1.0614
1.1095
0.97975
0.99791
1.0039
1.0843
1.0321
0.97395
0.95513
0.89214
0.96972
1.0725
1.0381
0.97908
0.9887
1.0283
1.0185
1.0035
1.035
1.0438
0.99018
0.92776
0.93993
0.95725
0.97597
1.0746
1.0772
1.0392
1.1209
1.1238
1.0109
0.83655
0.91
1.0811
1.0965
1.16
0.95785
0.76025
0.78446
1.0048
1.029
1.0437
1.0795
1.0403
1.0279
0.93844
1.0326
0.93197
0.89493
0.97184
1.0478
1.0566
1.0478
1.0972
0.96741
0.99046
1.0533
0.95651
0.95651
0.88324
1.0725
0.99395
1.0219
1.0979
1.001
0.93051
0.84621
0.98459
0.95126
1.043
1.1273
1.1378
1.0138
0.78422
0.89809
0.88065
0.99018
1.0581
1.1072
1.092
1.0417
1.0355
0.8991
0.95801
0.93507
0.93687
0.86685
0.96323
0.98137
0.99486
1.0677
1.1246
1.1204
1.036
1.0061
0.91148
0.95279
1.0131
1.1594
1.2266
1.0987
1.2072
0.88432
0.76132
0.66733
1.0742
1.1174
1.0599
1.001
1.2986
1.4497
0.98729
0.91617
0
-0.68921
-0.84592
-1.144
-1.2679
-1.2822
-1.041
-1.3943
-1.287
-0.35329
0
-1.2512
-0.715
0.084592
0.65412
0.86417
0.88864
0.80233
0.77323
0.89092
1.1117
1.4503
1.3848
0.91695
0.11252
-0.62174
-1.0385
-1.1112
-1.1478
-1.1036
-1.0618
-0.99214
-0.99
-0.9828
-0.9941
-1.0478
-1.0677
-1.0126
-1.003
-1.114
-1.0435
-1.0488
-1.0397
-1.0367
-1.049
-0.99685
-0.975
-0.89686
-1.0432
-1.246
-1.3511
-1.2951
-0.93474
-1.1089
-0.09414
0.37108
0.35121
0.66028
0.72321
0.99586
1.0371
1.1812
1.2829
1.1293
0.98234
0.93668
1.1683
0.92843
0.89389
0.82274
0.68743
0.90413
1.001
1.0296
0.9471
1.1418
1.0962
1.001
0.98418
1.1571
1.0296
0.87043
0.797
0.91795
0.83805
0.95268
1.0362
1.0738
1.0822
1.0718
1.0042
0.96175
0.91786
0.9945
0.90552
0.92534
0.98191
1.0061
0.93619
1.0217
1.0143
0.97118
0.97801
1.0072
1.0614
1.0652
1.0607
1.0194
0.92291
0.97876
1.0236
1.0698
0.97225
1.1098
0.97888
0.87816
0.78019
0.85419
1.0236
1.0825
1.1511
1.0867
1.0071
1.0238
1.0752
1.1942
1.048
1.0086
0.86549
0.87824
1.0526
1.1181
1.1876
0.96393
1.142
0.97659
0.9923
0.77664
0.71713
0.69747
0.924
1.1188
1.0537
1.0381
0.90567
0.96648
0.96007
1.0191
1.0399
1.0111
0.88835
0.86314
0.92525
0.88494
0.96741
1.1084
1.1261
1.0093
0.95894
0.9584
0.93963
1.0073
1.0689
1.0803
1.056
0.96648
0.9867
1.0084
0.96337
1.0465
0.97354
0.93981
0.96918
1.072
1.073
1.0681
1.0725
1.0097
0.93959
0.96807
1.1208
1.1205
1.033
1.0143
1.0406
1.0174
1.0381
1.1031
1.0838
0.8369
1.102
1.0313
1.0979
0.94476
0.94476
0.80568
1.1719
1.2012
0.66
0.90413
1.0979
0.96323
0.924
0.8234
1.0386
1.0802
1.0296
1.192
1.1719
1.0296
0.91396
1.1345
0.3432
0.56536
0.72966
0.78643
0.87374
0.9302
1.0661
1.0928
1.1162
1.1456
1.1493
1.0048
0.92862
0.88401
0.91103
1.1463
1.3574
1.4821
1.2773
0.6163
0.049279
-0.61396
-0.90829
-0.90864
-0.95973
-1.0543
-1.1126
-1.1061
-1.0951
-1.0841
-1.0464
-1.0194
-1.045
-0.95422
-0.98908
-1.0245
-1.1127
-1.0557
-0.97808
-1.0828
-1.0577
-1.1154
-1.1356
-1.0893
-0.98211
-1.1591
-1.5545
-0.62749
0
1.232
1.2012
1.0395
0.7007
0.728
1.0445
1.1046
0.8085
0.56306
0.98137
0.79867
0.96525
0.99293
1.0624
0.98392
0.94934
1.0167
0.94354
1.0306
1.0306
1.0662
1.01
0.98579
0.9464
0.94456
0.94555
1.0498
1.0481
0.96353
0.9143
1.0114
1.0371
1.0748
1.1504
1.1529
1.032
0.92046
0.88696
0.94417
1.0143
1.0099
1.1162
0.97395
0.97835
0.97395
0.88784
0.94162
1.0584
1.0404
0.98153
1.0404
1.0363
0.90657
0.86417
0.91
0.97903
1.0069
1.0282
0.93561
0.85004
0.9552
0.99493
1.0104
0.9725
1.0254
1.0605
1.0802
1.092
1.1269
1.0776
0.95771
0.96753
0.94325
0.87707
0.8659
1.0186
1.0609
1.1046
1.183
1.0554
0.89886
0.88324
1.0237
1.0276
0.94948
1.0455
0.95298
1.0981
0.9933
1.0626
0.93844
0.88725
0.96007
0.95165
1.0313
1.0043
1.0587
0.9978
0.98491
1.0173
1.0107
0.94628
0.98808
1.0847
1.0976
1.122
0.91541
0.87043
0.68756
0.90725
0.98191
1.092
1.1404
1.214
1.1064
0.97127
0.92574
0.93154
0.88978
0.9407
0.96279
1.0652
1.0899
1.3203
1.2459
1.231
0.59662
0.10983
-0.61301
-0.96576
-0.94383
-0.99771
-1.0577
-1.0798
-1.0776
-1.005
-1.0224
-1.033
-1.0566
-1.0558
-1.0523
-1.0115
-1.1324
-1.0927
-1.0039
-0.99683
-1.0822
-1.1706
-1.0329
-1.0458
-1.0619
-1.1083
-1.2818
-1.2901
-1.1489
-0.66127
0
0.41815
1.0972
0.95268
0.924
0.78583
0.99293
0.89985
0.9282
0.92525
0.97434
0.96695
1.0576
1.1108
1.0117
0.98587
0.95671
1.0168
1.05
1.0933
1.0836
1.023
0.96871
0.93386
0.95721
1.001
1.1298
1.1145
1.0081
0.97395
0.94832
1.0479
0.95671
1.1211
0.91396
0.80242
0.89854
1.012
1.079
0.95861
1.0462
1.076
0.97818
0.98426
1.0463
1.086
1.0963
1.1278
0.99612
0.97395
0.98879
0.93844
0.95217
0.77725
1.0296
1.1736
1.1591
1.1054
0.98137
0.7816
0.93711
1.1174
1.3122
1.5167
0.95217
0.91617
-0.32465
-1.3138
-0.52994
-0.45045
-1.0677
-1.3213
-0.94212
-1.5668
-1.1719
-0.53387
0.36771
0.58123
0.858
0.81437
0.76906
0.75075
0.86805
1.0551
1.0349
1.1207
1.0775
0.98313
1.0291
0.94325
1.0107
0.97772
1.0551
1.0696
0.95366
0.89581
0.97395
1.0901
1.0636
1.1492
0.96726
0.924
0.88183
1.0128
1.0086
1.0122
1.0585
1.1157
1.0338
0.96618
0.96958
0.96096
0.81784
1.001
1.115
1.2773
1.2892
1.2624
0.78127
0.63221
0.78
0.98833
0.88725
0.91
0.97395
0.91291
0.99312
1.2307
1.4225
0.9282
0.77305
0.66733
1.0419
1.0223
1.7062
1.3347
0.94832
0.91
-0.25025
-0.33367
-0.3003
1.7518
0.62131
1.3562
0.96871
0.83805
0.30442
0.52833
0.86788
1.025
0.92428
0.98984
1.0492
1.0103
0.99702
1.0449
1.2225
1.1953
1.3623
1.1958
0.67868
0.10969
-0.10973
-0.66066
-0.79992
-0.83883
-1.0123
-1.2844
-1.2548
-1.1713
-0.99402
-1.2162
-0.56608
-1.1714
-0.91758
-0.19533
0.51786
0.72294
0.924
1.0662
1.0159
0.99651
0.80897
1.0047
0.91126
0.98521
1.0588
1.0186
1.0385
0.98374
0.97533
0.97256
0.99538
1.0291
0.99827
0.97959
0.86232
0.97009
0.93933
1.3635
1.426
0.93796
0.067332
-0.6781
-1.1221
-1.1869
-1.1199
-1.0707
-1.0383
-1.0432
-1.0656
-1.0188
-1.0423
-0.98922
-0.96393
-0.95657
-1.0282
-1.1293
-1.0653
-1.1236
-1.1217
-0.99206
-0.93844
-1.0686
-1.0725
-1.1707
-1.2679
-1.1678
-0.76267
-0.1001
0.65691
1.1064
0.96096
0.91617
0.924
1.05
0.94434
0.90788
0.96229
1.0419
0.9349
0.87641
0.93844
0.90413
1.0043
1.1079
1.0815
1.0847
1.1
1.0528
0.99663
0.89513
1.0581
0.98057
0.8294
0.77756
1.0175
1.0557
1.0797
1.1375
0.9933
0.93844
0.924
1.0303
1.1591
1.1839
1.1944
1.2012
0.93197
0.58754
1.014
0.936
0.75938
0.89451
1.0496
1.0281
1.092
1.1363
1.0189
0.65612
0.8711
0.77497
0.84902
0.88481
0.98572
1.001
1.0042
1.1237
1.2177
1.1462
1.1466
1.0296
1.0232
0.97067
0.98922
0.70659
0.35679
0.75075
0.79849
0.858
0.95816
1.2144
1.3425
1.3752
1.2822
0.61705
0
-0.8846
-1.0427
-1.1669
-1.1562
-0.924
-0.99035
-1.0579
-1.2012
-1.1184
-1.2216
-1.2967
-1.0164
-0.462
-0.3917
0.42757
0.91014
0.76685
0.98645
0.80767
1.1413
0.98457
0.92803
0.84425
0.76384
0.77678
0.86662
0.96182
1.0838
1.1973
1.4288
1.417
1.198
0.85893
0.18091
-0.55406
-1.0727
-1.1191
-1.0521
-1.0226
-1.0292
-1.0882
-1.3806
-1.4484
-0.98304
-0.29266
0.18623
0.67925
0.89172
0.89886
1.0871
1.1025
1.0764
0.96469
0.97993
1.0389
1.0315
1.0619
1.0771
1.0268
0.94292
1.037
0.95651
0.98239
1.0283
1.0641
1.1077
0.93197
1.0583
0.9282
0.83927
1.0223
0.91291
1.0161
1.0046
1.0586
1.1003
1.2851
1.296
1.1024
0.60526
0.49636
0.74493
0.75547
1.095
1.1223
1.1739
0.78446
0.70283
0.77616
0.9143
1.0147
1.0628
0.99911
0.97219
0.93844
1.0195
0.98156
1.0089
1.0282
1.1144
1.0777
1.0605
1.0419
0.95184
1.0581
1.0874
1.1378
1.0841
1.0303
0.97705
0.79671
0.891
1.0519
1.2415
0.9009
1.001
1.0131
1.0192
0.92685
1.062
0.95801
0.96393
1.1332
0.96525
0.77916
0.8008
0.97319
1.0806
0.91
1.0259
0.96014
0.96626
0.9464
0.98344
1.0842
1.0149
0.95256
0.9048
0.97808
0.99604
1.0765
0.93971
0.92197
1.0206
1.0178
0.99293
0.934
1.0203
1.0203
1.0435
1.0931
1.0175
1.0182
0.9322
0.95671
0.94212
0.97325
1.0539
1.099
1.0797
1.1615
1.2791
1.2401
0.99035
0.68068
0.12512
-0.59362
-0.84247
-0.93197
-1.0067
-0.97876
-0.96958
-1.0052
-1.0467
-1.0806
-1.1245
-1.1052
-1.1251
-1.1048
-1.1037
-1.2285
-1.0171
-0.81563
-0.96871
-0.29538
0
0.93672
0.81162
1.0563
0.85497
0.87552
0.95735
0.96342
1.1018
1.0468
1.0594
1.0423
0.89564
1.057
1.0739
1.1074
0.98483
1.0886
1.0988
1.2065
1.1227
1.091
0.93015
0.73258
0.90027
1.0241
1.1328
1.1841
1.3044
1.0969
1.016
1.1599
1.1616
0.75928
-0.38554
-0.13967
0.093844
0.74148
1.6568
1.7351
1.3269
0.6093
0.48048
-1.0599
-1.4497
-1.274
-0.429
-0.2071
0.56527
0.72653
0.80782
0.97705
1.009
1.0586
0.93022
1.1174
1.0313
1.0611
0.966
0.96181
1.09
0.96648
1.0963
1.0254
0.86805
0.819
0.91581
1.0445
1.0395
1.1368
1.0104
0.92255
0.92105
1.078
0.98521
1.001
0.9855
0.98579
0.98021
0.94922
0.957
0.98772
0.97559
1.0355
0.95646
0.96525
0.88324
0.97363
0.935
1.0236
1.0623
1.0558
0.99264
0.9856
1.0593
1.0283
1.0161
1.0466
1.0156
1.0591
1.0489
1.001
0.86851
0.83939
1.0177
1.1086
1.1279
1.0599
1.1008
1.0131
1.0901
0.95913
0.98894
0.832
1.0895
1.287
1.1678
1.0206
1.092
1.1174
1.1625
1.365
0
-0.48048
-1.001
-1.3347
-0.6006
-1.7437
-0.66733
-1.001
-0.77
-0.19692
0.38336
0.85124
0.92117
1.1949
1.0566
0.95095
0.8008
0.94255
1.0219
1.0575
1.1336
1.0273
0.90475
0.8008
0.82785
0.87023
0.9584
1.0813
1.1085
1.048
1.1007
1.0576
1.1252
1.0438
1.1678
1.185
1.1791
1.001
1.1088
0.1716
-0.25025
-0.35329
0.462
1.5571
0.96871
1.8769
-0.37538
-0.75075
-0.3917
0.6006
0.858
0.84295
1.192
1.0844
1.0341
0.96096
1.0769
1.03
1.179
1.0119
0.68866
0.75645
0.95294
1.0646
0.97226
1.0068
1.1583
1.2096
1.1725
0.86413
0.75368
0.73998
1.1745
0.95989
0.95385
0.86545
0.93803
1.0042
0.77581
1.0302
0.96953
0.97287
0.89173
0.96555
1.0636
1.1504
1.1506
1.0766
0.82393
1.0372
1.1132
1.0753
0.77902
0.86834
0.77856
1.0864
1.0268
1.1116
0.93465
0.88916
1.018
1.1028
1.1142
1.0492
1.0199
0.87795
0.99746
1.1736
1.1713
1.1332
1.0982
1.0151
0.94007
0.93427
1.2186
1.22
0.66733
0.25377
0.91856
0.7297
1.083
1.3402
1.4515
0.94832
0.6493
0.63221
0.71713
0.90657
1.0389
1.1355
1.084
1.1469
1.0062
0.89929
0.9295
1.1854
1.5015
1.0665
1.2012
0.90657
0.13347
0.5148
0.87893
1.2012
0.5148
0.97772
0.91
0.90847
1.0404
1.0521
0.99462
0.726
0.72536
0.97533
1.0533
0.97772
0.98857
1.0317
1.0954
1.1931
1.1261
1.0175
0.91958
1.0519
1.1286
1.28
1.2404
1.22
0.61286
-0.13057
0
-1.6114
-2.184
-1.5015
-0.11776
0.5005
0.48048
1.4014
1.3013
1.4497
1.2954
0.5005
-0.25025
-0.89451
-1.365
-1.2936
-0.69837
-0.05315
1.0157
1.007
1.0241
0.89246
0.87945
1.049
1.0866
1.1812
1.0741
1.2685
1.2012
0.98137
0.61967
0.5675
0.69933
0.74231
1.1469
1.3909
1.3931
0.89682
0.18339
-0.48196
-0.94297
-0.9419
-0.98263
-1.0148
-1.0459
-1.0309
-1.0409
-1.0695
-1.048
-1.0337
-0.99795
-1.0564
-1.0203
-1.0084
-1.0303
-0.93881
-0.99068
-1.0138
-1.1029
-1.0933
-1.099
-1.0825
-1.0222
-1.0725
-1.1667
-1.2511
-0.89202
-1.1185
-0.85359
-0.75878
-0.45505
-0.36026
-0.8815
-0.6628
-1.5092
-1.4853
-1.1396
-0.15251
0.44102
0.88169
1.3142
0.97284
0.94119
0.8226
1.006
0.92444
1.0099
1.0626
0.89503
0.90674
0.94371
0.913
0.83442
0.89451
0.85578
0.89027
0.97523
1.0209
1.0911
1.0804
1.1672
1.1832
1.0661
1.0732
1.0424
1.1744
1.0323
0.91
0.56527
0.36771
0.62462
0.7644
1.0058
1.0338
1.0408
0.975
0.84295
0.88132
0.99597
1.064
0.96618
1.0031
0.96242
1.0049
0.97426
0.99
0.95282
1.0169
1.0813
1.0802
1.0103
0.97772
1.0317
1.0417
1.0143
1.0196
0.98905
0.97908
0.93524
1.0155
0.98888
1.0694
1.0975
1.0377
1.0121
0.95671
1.0543
1.0471
1.0079
0.9797
1.012
0.98536
1.1464
1.1745
0.88978
0.94511
1.0066
1.2085
1.1107
1.22
0.88784
0.69096
0.63221
0.96096
1.1289
1.1107
1.144
0.79325
0.84354
0.6435
0.98328
1.114
0.99739
1.0562
0.94094
0.95942
0.95333
1.0131
1.0361
0.90948
1.1207
1.0987
1.1059
0.97772
0.86361
0.74609
0.85313
1.0193
1.0582
1.0638
0.98137
0.99669
0.98374
1.0075
1.0315
1.0497
1.0542
1.0625
1.0776
1.0153
1.0073
1.1261
1.1908
1.2459
0.936
0.8151
0.38888
0.6545
1.0858
1.0765
1.066
1.0491
1.2067
1.0345
0.88324
0.82435
0.86197
0.90608
1.0528
1.0445
0.91482
0.87938
0.99214
1.0349
1.0481
1.1229
1.0807
0.98879
0.94212
0.96672
1.1275
1.0048
1.1157
0.97193
0.84732
0.962
1.04
1.13
0.96367
1.0346
0.99547
0.89986
0.9661
1.106
1.1068
0.98523
1.0213
0.98719
1.0046
1.1616
1.5029
1.1546
0.34304
-0.22635
-0.71365
-0.82788
-0.94241
-0.99815
-1.0715
-1.0716
-1.1055
-1.0818
-1.0501
-1.087
-1.0944
-1.2067
-1.088
-0.90798
-0.88535
-1.0794
-1.2074
-1.0599
-1.1751
-1.2234
-0.87728
-0.66733
-1.2571
-1.4681
0.1001
0.16232
1.155
1.5188
1.4389
0.97924
0.63894
0.64771
0.55518
1.092
1.258
1.2399
0.92092
1.1751
0.819
0.78699
0.75572
0.91319
1.144
0.95288
1.0054
0.9298
0.88119
0.99731
0.98392
1.0105
0.90725
1.0361
1.0326
1.0065
0.95771
0.94583
0.97842
0.91426
0.92701
0.95276
0.96052
0.95808
0.99616
1.04
1.0133
1.0878
1.012
1.0091
0.98078
1.0463
1.034
1.092
1.1612
1.144
0.98658
0.86644
0.93572
0.89978
1.0085
1.0533
1.0296
0.96871
0.93234
1.1275
0.93051
0.91929
0.97395
1.001
0.97345
0.93197
0.99
0.92638
1.0108
0.94103
1.0096
0.92876
1.005
1.0942
1.138
1.1655
1.0511
0.92655
0.84263
0.94928
0.92804
0.91291
0.96096
1.0034
1.1164
1.1144
1.1031
1.0481
0.96813
0.92249
1.0115
1.1691
1.0672
1.1162
0.89084
0.79883
1.0115
1.0804
1.2012
0.99528
1.1332
0.92092
0.84161
0.63593
0.86685
0.99182
1.0806
1.1291
1.1051
0.96791
1.0229
0.94007
0.88696
0.84382
1.1337
1.0834
1.0203
1.0414
1.0092
0.93536
0.88251
1.0171
1.0164
0.98239
0.95059
1.0537
0.92242
1.0562
1.1138
1.1785
0.99695
0.91396
0.98229
0.96213
1.0315
1.1383
1.0382
0.84964
0.83276
0.99436
0.8939
0.95974
0.98191
1.0931
1.0876
1.213
1.0917
0.8878
0.91653
0.95058
1.0264
0.95808
1.0365
0.96932
0.97387
0.95253
0.98003
1.0089
0.94776
1.0607
1.0493
1.048
0.95953
0.95565
0.9537
0.95986
1.0895
1.1056
1.0102
0.99619
0.99852
0.96579
0.94271
1.0419
1.0339
0.98361
0.92846
0.94239
0.96427
1.0933
1.1666
1.1491
1.0549
0.94732
0.91929
0.84592
0.96181
1.1697
1.2344
1.2602
1.0344
1.1653
1.0445
0.77497
1.001
1.365
0.2002
0
-0.182
-1.0677
-1.0487
-0.95637
-0.86792
-1.2216
-1.1457
-1.2242
-1.28
-1.4014
-0.9009
-0.14649
0.1716
-0.308
-0.9555
-1.8769
-1.5934
-0.66733
0.62562
0.429
1.6761
1.2012
0.71258
0.6468
0.50653
1.0313
0.94007
1.2669
1.0877
1.1512
1.2779
1.2164
0.90501
0.074148
-0.53987
-1.1098
-1.6487
-1.3995
-0.96648
-0.98606
-0.9828
-0.1001
-0.77497
-1.0445
-1.3585
-0.82187
-0.94212
-0.93297
-1.0868
-1.2404
-1.5015
-1.3446
-0.33996
-0.546
0.83805
0.546
0.77725
0.75751
0.6006
1.092
0.80753
0.89278
0.8308
0.95919
0.97866
1.0504
1.1095
1.0149
1.0606
0.99241
1.0319
0.94832
0.9871
1.0196
0.944
0.9828
1.0591
1.1371
1.1291
1.0982
0.9625
0.903
1.001
0.97263
1.1756
1.0057
1.1712
1.0064
0.72704
0.78203
0.87411
1.026
0.91541
1.092
1.0077
1.0329
0.90372
0.99164
1.1224
1.254
1.4005
1.227
0.58595
-0.10662
-0.5775
-0.7199
-0.84948
-0.91758
-1.032
-1.0868
-1.1267
-1.0883
-1.1021
-1.0755
-1.0469
-0.96651
-1.0671
-1.1111
-1.0544
-1.1529
-1.0543
-0.9451
-1.0321
-0.98261
-1.0216
-0.93731
-1.1764
-1.1322
-0.93908
-0.63955
-0.70111
-0.6991
-0.75037
-1.2666
-1.4388
-1.1706
-0.77873
-0.74209
-0.90573
-0.9678
-1.1159
-0.91931
-1.0243
-1.0171
-1.0487
-1.1231
-0.87267
-1.2245
-1.3269
-1.2174
-0.76267
-0.61078
-0.52684
-1.1332
-1.9168
-1.7351
-0.6493
0
-0.6435
0.31611
-0.84084
-1.4414
-1.4497
-1.3598
-0.4004
-1.6232
-0.35329
0.5587
0.76672
0.87184
0.76672
0.65181
0.6006
1.0395
0.9619
0.98137
0.88065
1.001
1.0318
1.0529
1.0625
1.0035
0.98088
0.99324
1.059
0.99832
0.99556
1.0379
1.0156
1.0971
1.0551
1.1653
1.0218
0.93244
0.9009
0.99581
0.99
1.1591
1.3007
1.001
1.0099
1.188
0.726
0.45328
0.546
0.81258
0.94103
1.0048
0.97772
0.98901
0.98682
1.0093
1.1055
1.054
1.0212
1.0286
1.0138
0.97772
0.97339
1.0763
1.0347
1.0683
1.0467
0.9704
0.91335
1.1469
1.0862
1.1457
0.96096
1.1567
0.91617
0.819
1.1527
0.96096
0.86573
0.73244
0.76076
0.87238
0.87003
1.0584
0.9828
0.99767
0.90831
0.97812
0.91781
0.99848
1.0503
1.039
1.0341
0.94156
1.0489
1.0059
1.0313
1.1424
1.0712
1.0956
1.0122
1.0599
0.9438
0.97924
1.248
1.2457
0.97533
0.819
1.2936
1.5334
0.462
0.93844
-0.26113
-1.001
-1.911
-0.5005
-0.462
0.29538
1.17
1.3057
0.97067
1.2404
1.5215
0.87043
0.84295
0.36771
1.3057
0.87587
1.1797
0.6468
0.75848
0.75453
1.0889
1.0781
0.8909
1.0901
0.9623
0.89768
0.9137
0.95895
1.0042
0.91892
1.0821
1.0195
1.0146
0.99845
1.0867
0.8583
0.86109
0.89324
1.0269
1.0538
1.0674
1.2026
1.0065
1.0939
1.0972
0.93696
0.83675
0.71084
1.0426
0.93765
1.0834
1.1113
1.0768
1.1112
1.1223
1.2012
0.87505
0.80678
0.86527
1.2117
1.0445
0.86486
0.82525
0.80932
1.0883
1.1165
1.0725
0.91856
0.87807
1.1149
1.0186
1.0476
0.91856
1.0789
1.001
1.2713
1.3819
1.2679
0.65691
0.83805
0.693
-0.66733
0.91
0.20359
0.50577
0.54189
0.96763
1.0844
1.0541
1.1819
1.0965
1.0848
0.99597
1.023
1.0556
0.79325
1.0599
0.9009
0.89592
0.715
0.86486
0.91728
1.2365
1.5499
1.3122
0.55752
-0.28714
-0.63851
-0.81968
-0.88557
-0.96626
-1.0489
-1.0963
-1.0714
-1.0647
-1.0968
-1.1243
-1.0566
-0.99042
-0.98147
-1.046
-1.0973
-1.1303
-1.0614
-1.0691
-1.0769
-1.3283
-1.248
-0.44821
0
0.45698
0.75075
1.07
0.90501
0.94347
0.93971
0.95508
1.0097
1.0767
1.1166
1.0271
1.043
0.924
0.8736
0.9646
1.001
1.092
1.001
1.1082
1.092
0.94934
0.93519
1.0455
1.1725
1.0614
1.1154
0.97395
0.90788
0.96871
0.94832
1.092
0.85246
1.0135
1.0445
0.924
1.0246
0.98962
0.9584
0.88978
1.0979
1.2822
1.0789
0.98833
0.85246
0.61507
0.82956
1.0725
1.1193
1.0706
0.9704
1.14
1.0671
1.1098
1.0445
0.88679
1.0677
0.7722
0.87429
0.6825
0.99597
1.102
1.0213
0.91202
0.84462
0.86652
0.86282
0.9431
1.0538
1.0912
1.0665
1.0321
1.0736
1.0791
1.1154
1.1174
1.1826
1.0409
1.0581
0.96736
0.8382
0.80927
0.90332
1.0263
1.0645
1.1396
1.0959
0.97922
0.99963
1.0337
1.1086
0.98304
0.98062
0.93345
0.88353
0.95001
0.98583
1.037
1.039
1.07
1.0746
0.98813
1.0589
1.0641
1.0329
0.98098
0.87249
0.86348
0.89375
0.90501
1.0714
1.0151
0.95671
1.0341
1.014
1.0373
0.90657
0.99283
0.95276
1.0029
1.049
1.0124
1.0221
1.0166
1.0069
0.93916
0.9471
1.0283
1.1092
1.0909
1.0607
1.144
1.1195
1.1138
1.1071
0.99508
0.7854
1.0496
1.0725
1.001
1.4196
1.1261
0.6006
-0.098459
0.57889
0.73117
0.9123
1.0174
1.084
1.2705
0.98118
1.144
0.9428
0.825
0.74301
0.65653
0.80706
0.69803
0.95145
0.9993
1.0679
1.048
1.1234
1.0861
1.0257
1.0152
0.96687
0.96717
1.001
1.0837
1.0958
1.1088
1.1688
1.1924
1.0684
1.0739
0.91163
0.51115
0.56527
1.0725
1.1411
0.95671
0.77497
1.0677
0.82978
0.93507
1.0599
1.2012
1.1149
1.0263
1.1075
0.83805
1.0511
0.90847
0.82096
0.66324
0.72536
0.87444
0.84196
1.0037
1.11
1.1771
1.2207
1.2012
1.2373
1.1011
0.49754
-0.031947
-0.56953
-1.0076
-1.0111
-0.97156
-0.97272
-0.98544
-0.99109
-1.0318
-1.1341
-1.0696
-1.0849
-1.1165
-1.1233
-1.0546
-0.9867
-0.96618
-1.0223
-1.2666
-1.3057
-1.1736
-0.44821
0.58882
0.53387
1.2705
0.80678
0.79598
0.73543
1.001
0.82274
0.90788
0.9748
1.0388
1.0203
1.0437
1.1829
1.0231
0.94933
0.97606
0.96164
0.88685
0.84888
0.96033
0.93029
0.97271
1.1342
1.1781
1.2436
1.0931
1.1804
0.95814
1.0959
1.3305
1.0162
-0.14078
0.19952
0.86422
1.3081
1.3724
2.0064
0.2652
0
-0.5685
-1.0725
-1.4014
-1.2426
-1.3347
0.286
0.11332
1.0445
0.73658
0.63814
0.67673
0.819
0.88798
0.845
0.96907
1.0834
1.2054
1.2656
1.233
0.99832
0.78
0.7735
0.76481
0.92242
0.9168
1.1448
1.2012
1.2412
1.3457
1.1472
0.8516
0.3432
-0.198
-1.1751
-1.5015
-1.0822
-1.1893
-1.078
-1.274
-0.728
-0.13807
0.4368
0.89642
1.2896
1.2484
1.0333
1.0119
0.74268
0.86685
0.96682
1.0053
0.94957
0.93774
1.0939
0.98729
0.96807
0.98137
1.001
1.0395
1.017
1.0135
0.89724
0.91435
1.0422
1.0549
0.98459
0.95256
0.98511
0.99068
0.98088
0.98888
0.99156
0.95708
1.0583
1.0284
1.0194
1.0345
1.0687
1.0817
1.0546
1.1211
1.0652
0.91617
1.0155
0.9856
0.91462
0.80678
0.99156
0.988
0.88725
0.87249
0.8918
0.98459
1.006
0.99869
0.9708
0.96547
1.0092
1.1064
0.99897
1.0242
1.134
1.1918
1.1613
0.945
0.84791
0.70802
0.83805
0.96871
1.0656
1.0501
1.0281
1.102
0.99147
1.0445
1.0473
0.97219
0.861
0.83251
0.86812
0.94583
0.94605
1.1056
1.1152
1.1046
1.0229
1.0534
0.91102
1.0281
1.0428
1.1184
1.107
1.2398
1.0772
0.82583
0.7854
1.2257
1.5521
0.94832
0.060667
-0.76547
-1.2225
-1.008
-1.014
-1.0273
-1.2658
-1.0422
-1.0451
-1.1743
-1.2823
-0.75079
-0.80447
-0.99331
-0.82235
-1.1134
-0.13309
-0.75664
-0.60379
-0.74914
-1.153
-1.0668
-1.3033
-1.2335
-0.80563
0.11749
0.70822
1.3744
1.386
1.2173
0.9596
1.0363
1.1781
0.64035
0.38015
0.6489
0.89321
1.0199
1.1605
1.1468
1.0376
1.086
1.222
1.1635
1.0395
0.92027
0.6493
0.75075
0.75075
1.092
1.2098
1.1751
1.2012
1.3709
1.255
0.78339
0
0.75075
-1.638
1.638
0.924
-0.31611
0
0.58595
0.87184
0.71039
0.77497
0.82582
0.95972
1.0058
1.2571
1.386
1.1493
1.4132
0.858
0.22664
0.41421
0.819
1.617
0.75075
0.6493
0.9009
1.1174
1.144
1.3057
0.73758
0.231
0.58311
0.798
0.97304
1.0155
1.2658
1.0273
0.988
0.9555
0.89958
0.96299
0.858
1.012
0.98057
0.95333
1.0453
1.1357
1.1684
1.0652
1.1104
0.87411
0.81488
1.0278
1.0278
1.0599
1.056
1.0287
0.90593
0.92664
1.0519
0.99565
0.83251
0.90917
0.91827
0.88821
0.858
0.87854
1.0131
1.1101
1.3526
1.4266
0.93735
0.094335
-0.52709
-0.95681
-1.1122
-1.098
-1.1715
-1.1764
-1.0991
-1.0124
-0.9372
-0.95684
-0.9143
-0.98191
-1.125
-1.1388
-1.1684
-1.1031
-1.1585
-1.0206
-0.85085
-0.84933
-0.86753
-0.87893
-1.2763
-1.3434
-0.74047
-1.287
-1.3514
-1.4225
0
0.286
1.8279
0.43946
-0.1092
-1.0323
-1.6632
-1.2513
-1.248
-0.3003
0.53387
0.9152
0.98536
1.0284
1.1216
0.858
0.72631
0.92007
1.0164
1.1138
1.1138
1.192
1.0051
0.9828
0.98519
1.18
0.95082
0.7496
0.88685
0.89564
1.0694
0.9657
0.91274
0.8095
0.94168
1.1277
0.99873
0.9132
0.85219
0.95778
0.94851
1.0751
1.0385
1.0172
1.0341
1.0655
1.1227
1.1084
1.1093
1.0621
1.0119
0.97382
1.01
1.0269
1.07
1.0738
1.0548
0.97253
0.94239
1.0634
1.0906
1.0149
1.0484
1.0073
0.97395
1.0445
1.0733
0.95816
0.90788
0.88978
0.84365
0.90831
1.0241
1.1487
1.0036
0.94751
0.95972
1.0086
1.0572
0.97597
1.0182
0.8914
1.0229
1.0961
1.0852
0.98335
0.88638
1.001
0.93658
0.9728
0.9555
1.0474
1.0654
1.0662
1.0615
0.97199
0.97312
0.9984
0.99068
0.9009
0.96918
0.99156
1.0257
0.95313
1.0031
1.0285
1.0395
1.0908
1.0234
0.94539
0.98888
1.0381
0.97908
0.91303
0.94539
0.98328
0.97598
0.95954
0.98962
1.029
1.0806
1.1366
1.1359
1.0757
1.1035
1.1247
1.0532
0.90452
1.0086
0.80753
0.81437
0.76347
1.2409
1.1913
1.1391
1.1644
1.1305
0.82274
0.59214
0.82583
0.64581
0.96323
1.3057
0.9797
0.71928
0.60975
0.92007
0.90617
0.98313
0.99827
1.092
1.1463
1.153
1.1705
0.91396
0.98374
1.0366
1.0862
0.72324
0.73658
0.83276
0.8826
1.0453
1.0662
1.1305
1.1936
1.1631
1.0628
0.96096
1.0669
1.1807
1.2012
0.546
0.84295
2.1973
0.6493
-0.56306
-0.70659
0.36771
0.28153
1.309
1.254
1.0704
1.1625
1.1864
1.22
1.1501
1.3138
-0.24024
-0.2145
-0.15015
0.48697
0.6435
0.70009
1.0304
1.0229
1.4732
1.2949
0.86805
-0.039821
-0.66848
-1.017
-1.0247
-1.0596
-1.1142
-1.1217
-1.1328
-1.0407
-0.96298
-0.98743
-1.0541
-1.1216
-1.0886
-1.1321
-1.0709
-1.0437
-1.0315
-1.0163
-1.0369
-1.0342
-1.1294
-1.1513
-1.0956
-1.1352
-1.3858
-1.1382
-0.45228
0.18431
0.78804
1.0917
1.2448
1.0254
1.1469
1.0333
0.99547
0.85292
0.98879
1.17
1.0551
1.1501
0.86417
0.73543
0.77497
0.93427
0.95422
0.85451
1.001
1.092
1.0623
1.0844
1.096
1.0049
1.001
1.092
1.078
0.93642
0.825
0.96763
0.97924
1.1098
1.1073
1.0599
0.75452
0.63781
0.8778
0.8941
0.99547
0.98387
0.9517
0.90325
0.91654
1.0623
1.0389
1.1046
1.0987
1.0818
1.1094
0.9938
1.0062
0.825
0.83919
0.99286
1.0736
1.0698
1.0833
1.1664
1.1612
1.0987
1.1574
1.0214
0.73758
0.80493
0.76547
0.56306
0.77
0.96871
1.1279
1.0614
1.0806
0.96791
0.94832
0.90703
1.0414
1.1277
1.0092
1.0381
0.90467
0.88251
1.0467
1.0213
1.0941
0.82992
0.82167
0.81116
0.86428
0.93175
0.97876
1.0482
1.2012
1.4393
1.4427
0.91786
0.05775
-1.1913
-1.9305
-1.0862
-0.33367
-0.72072
-1.0599
-1.8769
-0.97395
-0.63221
-0.048048
0.66345
0.86173
1.0111
1.0153
1.0419
0.9724
0.96695
1.0099
1.0229
1.0945
1.2012
1.3387
1.2296
1.0389
0.67737
0.099273
-0.43839
-0.84161
-1.3807
-1.5094
-1.051
-0.57344
0.95389
1.1017
1.2328
0.53575
0.91984
1.1606
1.4866
1.3807
1.0677
0.9555
0.70659
0.16232
-0.45045
0.26113
0.51776
0.6006
0.91
0.99754
0.99518
1.0158
1.0235
1.0767
1.0847
1.1799
1.1532
1.0884
0.88101
0.82412
0.82482
0.95524
1.1623
1.2621
1.4368
1.1984
0.89439
0
-1.0571
-1.4772
-1.4022
-1.0334
-0.60764
0.30462
0.55092
0.96108
0.99721
0.92373
0.85194
0.91482
0.99209
0.98284
0.9941
1.0184
0.97228
0.94212
0.96323
1.0265
1.0028
1.0548
1.1219
1.1239
1.0423
0.92833
0.91592
0.9548
1.0328
1.0801
1.2257
1.0599
1.1462
1.0566
0.8624
0.74651
0.819
1.1135
1.092
1.355
1.2779
0.97659
0.71358
0.67483
1.078
1.3446
1.8639
1.0599
0.12257
-0.11332
0.53218
0.62966
0.726
0.86152
0.89992
0.98159
1.0572
1.1243
1.1383
1.0061
0.936
0.8468
0.93796
0.9767
1.0384
1.144
1.17
1.2587
1.188
0.90657
0.858
0.92027
0.8085
1.3425
1.2763
1.0599
-0.47106
-1.6487
-0.2002
0.13807
0.9724
0.90738
0.99035
0.86185
0.8008
0.9724
0.86274
1.0236
1.0973
1.0907
1.0033
0.93672
1.001
1.0082
1.1122
1.0708
1.056
1.0478
1.1746
1.2602
1.0169
0.7177
0.70415
0.81372
0.73478
0.87698
0.96648
1.0516
1.0587
1.0381
1.1214
0.96096
1.1542
1.0243
0.93694
0.95374
0.94417
1.0491
0.93765
0.94212
0.83357
0.86625
0.95954
1.098
1.1159
1.1659
1.3541
1.3347
0.858
0.031445
-0.4914
-0.76103
-0.83702
-0.94517
-1.0649
-1.1931
-1.1223
-1.0468
-0.99909
-0.96634
-0.92208
-0.91341
-0.96438
-1.0662
-0.9724
-1.0332
-1.0379
-1.0997
-1.0908
-1.1052
-1.1497
-1.0901
-1.312
-1.1927
-0.89451
-0.12012
0.48048
1.092
0.18112
-0.4678
-1.746
-1.7075
-0.84756
-0.34025
0.4743
0.67133
0.63798
0.77921
0.94942
1.1378
0.98553
1.0715
1.0406
0.98778
1.0514
0.95425
0.99923
0.88337
1.0125
0.96003
0.85182
0.85677
0.97571
1.0433
1.0898
1.2038
1.1851
1.1534
1.0316
1.0671
1.0376
1.0583
1.2896
0.97659
0.63894
0.53785
1.386
1.4681
0.924
0.4923
-0.2574
-0.9295
-1.3138
-1.1226
-1.2584
-1.1872
-1.2186
-0.93051
-0.1483
0.182
1.1532
0.98879
0.95145
1.0101
1.0303
0.9619
0.92063
0.93653
0.92837
1.0071
1.1149
1.1228
0.95879
0.96991
1.014
0.99767
1.0696
1.0741
1.1007
1.1847
1.092
0.95389
0.67925
0.61078
0.87967
1.08
0.98572
0.98729
0.94628
0.93787
1.0241
0.98729
1.0328
0.95907
1.0608
0.99589
0.9274
0.90956
1.008
1.0487
1.0166
1.0696
1.096
1.1281
1.0871
1.018
1.0049
1.0055
1.0061
1.0656
0.82049
0.858
1.056
1.0804
0.98057
0.98606
0.89392
0.82928
0.83542
0.96417
0.99803
0.94832
0.93395
0.93106
0.97857
1.0029
1.1003
1.0995
1.1495
1.2133
1.1791
1.033
0.88613
1.0877
0.87728
1.2012
1.0677
0.79026
0.52994
0.5005
0.78339
0.819
0.73244
0.86625
1.2012
0.95095
1.4497
1.1662
0.88324
0.69543
0.51776
0.72556
0.66382
1.0848
1.1261
1.1316
1.0378
1.1157
1.1193
1.221
1.2353
1.0665
0.6592
0.572
0.72486
1.2216
0.96871
1.255
0.75075
0.50994
0.54189
0.88324
1.0395
1.0134
1.0733
1.0046
0.96672
0.90695
1.0811
1.0844
1.1967
1.274
0.97772
0.65183
0.49482
0.78157
0.88914
1.0039
1.0736
1.028
1.053
1.0522
1.1541
1.1147
1.2461
1.3285
1.1691
0.55753
-0.29984
-0.7616
-1.1173
-1.0434
-0.95264
-0.97435
-1.0411
-1.1458
-1.1537
-1.239
-1.1473
-1.1091
-1.0357
-0.99136
-0.90579
-0.80768
-1.0739
-1.0883
-0.94212
-0.73244
-0.90413
-0.75424
-0.90209
-1.051
-1.0073
-1.0398
-0.96026
-1.0936
-0.99808
-1.0156
-0.99798
-1.0164
-1.1048
-1.1559
-1.4115
-1.1372
-0.88821
-0.34461
0.35629
1.1088
1.2012
0.91396
1.0323
0.96579
1.001
0.82486
0.8516
0.89791
0.86792
1.0318
0.95268
0.99669
1.0683
1.2398
1.2356
1.2399
1.1693
0.94434
0.40719
-0.36036
-0.73543
-1.2334
-1.2296
-1.0083
-1.0243
-1.0967
-1.3483
-1.1404
-1.2012
-0.94832
0.75075
0.572
0
0.1018
0.55157
0.79026
0.78339
0.95076
1.0599
0.97207
0.97438
1.0187
0.96731
1.0057
1.039
1.1533
1.1448
1.2433
1.0309
0.79748
0.67635
0.806
1.0213
1.0505
1.2512
1.1625
1.0706
0.99068
0.93507
1.1843
0.94309
1.2245
1.1578
0.93051
0.75075
0.7392
0.58392
1.0131
1.1872
1.2012
1.2679
0.71811
0.62326
0.70659
0.84529
1.2986
1.2012
0.97103
0.87893
0.88725
0.78078
0.76059
1.0487
1.122
1.113
0.99761
0.92856
0.79325
0.94456
0.99273
1.0136
0.9587
0.98085
0.98374
1.0239
0.9969
1.0151
1.019
0.95713
1.0129
1.0088
0.91712
0.92899
0.96469
1.0441
1.0026
1.0358
1.0136
0.97924
0.93815
0.96638
1.0265
1.0771
1.1202
1.0399
0.92938
0.8932
0.97004
1.0281
1.0293
1.0486
1.0366
1.0293
0.95907
0.99499
0.98634
1.0581
1.1114
1.1221
1.0569
1.1029
1.0988
1.0291
0.90395
1.0104
1.0573
1.0964
1.0251
1.1204
1.0287
1.1012
1.0117
1.0378
1.0123
1.0018
1.0502
1.0323
1.1263
1.1925
1.0737
0.90447
0.57989
0.936
0.77725
1.0862
1.1825
1.1527
1.0062
0.957
0.90593
0.858
0.87087
1.001
1.1955
1.2644
1.4337
1.4752
0.63221
0
-0.231
0.37538
0.4095
1.2426
1.1678
0.82841
1.0355
1.1578
1.386
1.0151
0.84592
0.5005
0.42147
0.61997
0.8824
0.9274
0.94832
1.078
1.117
1.0534
0.93744
1.0146
1.0762
1.0837
1.1612
1.0083
0.98057
0.96871
1.0651
0.95333
1.0066
1.2088
1.0341
1.05
0.71182
0.95059
0.93711
0.91811
1.1261
0.97103
1.2088
1.0077
1.2012
0.728
0.924
1.1807
0.92027
1.1908
0.99068
1.6252
0.98729
0.3432
-0.8085
-1.6114
-2.0547
-0.91
-0.26113
-0.35329
-0.63221
0.231
1.6817
1.4014
1.2986
0
-1.5015
-2.089
-1.001
-0.22244
-0.52994
-0.13967
-1.3347
-1.7325
-1.2393
-0.24024
0.78
0.792
1.2465
1.0526
1.386
0.6592
0.024921
-0.59136
-0.95268
-0.987
-0.97752
-1.0196
-1.0347
-1.0426
-1.0481
-1.1055
-1.0951
-1.1412
-1.0697
-0.98625
-0.86005
-0.93006
-1.092
-1.1182
-1.1459
-1.086
-1.039
-0.86625
-0.96972
-0.89451
-0.8978
-1.0112
-1.0582
-0.96958
-0.858
-1.092
-1.1064
-1.1092
-1.1696
-1.287
-1.2193
-0.48435
0.30539
1.0445
1.2936
1.0329
0.84791
0.81162
0.96682
0.86173
1.033
1.0774
1.0597
0.94468
0.92746
0.97909
0.98387
0.96106
1.0391
1.1057
1.0948
1.1746
1.1509
0.89535
0.83268
0.835
0.95423
0.96156
1.0771
1.1105
1.1228
1.0151
0.98778
1.0051
0.9779
1.0472
0.97686
1.0151
1.0393
1.1806
1.0195
0.90901
1.0491
1.0428
1.014
0.91949
0.97818
0.97448
1.1313
1.1794
1.0455
0.84495
0.72335
0.88088
0.84791
1.0246
1.0799
1.0856
1.0658
1.0545
1.1472
1.0445
0.99424
0.86729
0.8489
0.88143
0.94325
1.1083
0.98432
0.91802
0.95618
0.94683
1.0122
1.0118
1.0154
0.9377
0.95444
1.024
1.0982
1.0263
1.2039
1.1968
1.1311
0.234
