-1.1344
-1.2021
-0.66838
-0.66893
-0.33474
-0.268
-0.13411
0.13421
0.067158
0.33605
0.20178
0.13462
0.26944
0
0.13491
0.13501
0.54041
0.40559
0.27058
0
0.067734
-0.20333
0.067822
0.13573
0.33953
0.61153
1.0878
1.4286
1.2933
1.0216
0.95403
0.88638
0.81863
0.88732
0.7512
0.47828
0.41016
0
-0.47898
-0.68457
-0.82186
-1.3019
-1.6452
-1.5087
-1.3035
-1.304
-1.5792
-1.7858
-2.0613
-2.4057
-2.6128
-2.2698
-1.9953
-1.4453
-0.82614
-0.13773
0.068884
0.48231
0.41351
0.13787
0.068951
0
-0.3449
-0.68994
-1.1041
-1.1043
-1.2425
-1.5189
-1.6572
-1.8645
-2.4863
-2.6247
-2.7631
-2.6942
-2.2108
-2.0036
-1.2437
-0.96732
-0.55276
-0.48367
-0.89823
-1.1055
-0.82908
-1.0363
-0.62174
-0.6217
-0.41443
-0.96691
-1.5193
-1.3119
-1.2427
-1.0354
-0.69018
-0.69006
-0.55195
-0.62082
-0.41379
-0.5516
-0.34467
-0.827
-0.3445
-0.27552
-0.61975
-0.6884
-1.2387
-1.2383
-1.0316
-0.75625
-0.96215
-1.0305
-1.0301
-1.0983
-1.0979
-1.0974
-1.1655
-1.302
-1.2329
-0.95849
-0.61587
-0.068396
0.75197
1.1615
1.2975
1.2285
1.0914
0.61356
0.2044
0.13619
-0.068052
-0.54407
-0.54373
-0.88299
-0.61089
-0.47482
-0.40671
-0.5419
-1.2184
-1.4881
-1.3518
-1.0807
-0.6749
-0.13488
-0.067385
0.26933
0.40366
0.53778
0.87316
0.93954
1.4081
1.2059
1.2048
1.2706
1.1359
0.60079
0.26677
0.26652
0
0.19951
0.53151
0.73011
0.66308
0.46369
0.66174
0.52885
0.39622
0.26387
0.39539
0.39496
0.39453
0.85389
0.5905
0.78645
0.65464
0.5885
0.52251
0.71762
0.8471
0.97627
0.71508
0.4545
0
-0.64771
-0.97037
-1.2276
-1.2261
-1.4179
-1.6091
-1.9928
-2.1186
-2.3723
-2.2411
-2.2382
-2.0436
-1.6582
-1.5922
-1.9081
-1.7149
-1.9028
-1.9002
-1.9608
-1.8949
-1.8291
-2.2044
-2.5786
-2.6376
-2.8847
-2.3795
-2.3135
-1.8106
-1.5585
-1.1827
-0.74584
-0.55854
-0.74358
-0.37122
-0.86485
-0.55512
-0.30792
-0.12298
0.12278
-0.42906
-0.18359
-0.4277
0
0.060904
0.42564
0.060707
-0.18182
0.18153
-0.18123
-0.18093
-0.30105
-0.42077
-0.48008
-0.23964
0.059809
0
-0.17882
-0.53555
-0.71284
-1.1267
-0.9472
-0.82737
-0.53096
-0.23557
0.29395
0.52819
0.35151
0.58482
0.64217
0.52448
1.0471
1.2195
1.4491
0.9258
0.6931
0.51889
0.40286
0.22979
0.17203
0
-0.34281
-0.34219
-0.51235
-0.62506
-0.73735
-0.79261
-0.84766
-1.4102
-1.6891
-2.0793
-2.1877
-2.1836
-2.1237
-1.9524
-2.0044
-1.8895
-1.9969
-2.1039
-2.0447
-1.8754
-1.5966
-1.7035
-1.81
-2.0256
-2.3496
-2.4543
-2.3952
-2.0647
-1.7354
-1.4615
-1.5127
-1.3481
-1.0226
-0.69835
-0.37532
-0.053515
0.32048
0.31987
0.58532
0.63732
1.2192
1.2169
1.3202
1.1596
0.94693
0.7351
0.62889
0.57539
0.88755
1.0943
1.5083
1.8688
1.658
1.5515
1.6002
1.288
1.1313
0.97519
0.81966
0.71585
0.66346
0.35658
0.25422
0.1015
-0.15196
-0.70781
-0.90834
-1.3096
-1.4077
-1.4552
-1.3524
-0.99988
-0.69862
-0.79694
-0.49716
-0.64512
-0.74299
-0.64274
-0.2961
-0.39408
-0.34419
-0.4908
-0.58788
-0.68461
-1.3179
-0.87701
-0.82679
-0.48547
-0.53305
-0.62884
-0.53114
-0.33739
-0.14434
-0.24014
-0.095883
0
-0.047772
-0.33382
-0.38083
-0.42769
-0.3795
-0.14206
-0.14182
-0.18876
-0.47109
-0.61136
-0.70421
-0.703
-0.7018
-0.79403
-0.79268
-0.74479
-0.6506
-0.74229
-0.92632
-0.69358
-0.78476
-0.41477
-0.50611
-0.27561
0.04586
0.41207
0.36569
0.45637
0.27338
-0.22746
-0.40877
-0.86159
-0.99605
-1.0849
-0.99293
-1.1716
-1.4398
-1.4376
-1.3905
-1.3436
-0.9838
-0.93766
-0.75791
-0.84581
-0.84455
-0.93207
-0.93069
-0.84082
-0.44189
-0.30888
-0.044061
0.17599
0.39542
0.087746
0.21906
0.175
-0.17476
-0.47991
-0.78423
-1.0877
-1.3904
-1.6922
-1.4733
-1.3848
-0.90757
-0.77689
-0.51725
-0.55963
-0.47292
-0.55819
-0.34307
-0.21415
-0.12833
-0.17089
-0.21335
-0.21309
-0.042565
0.042514
0.084926
0.25448
0.29654
0.084626
0.042264
-0.16886
-0.46384
-0.58967
-0.67315
-0.88253
-1.1334
-1.0064
-0.71209
-0.37658
0.16719
0.70982
0.95934
1.0834
1.1239
0.91482
0.62311
0.2075
-0.20729
-0.62128
-1.2
-1.5295
-1.8585
-2.1456
-2.5146
-2.9242
-3.2507
-3.5356
-3.4093
-3.2421
-3.0343
-2.704
-2.2924
-2.0042
-1.9616
-1.7151
-1.8361
-1.9569
-2.1591
-2.4017
-2.6846
-3.0078
-3.2086
-3.4904
-3.7718
-3.8502
-3.8475
-3.9663
-3.9232
-3.759
-3.3526
-3.189
-2.9046
-2.4996
-2.1355
-1.812
-1.2878
-1.0055
-0.88436
-0.60264
-0.44169
-0.20066
0.12033
0.20045
0.48085
0.44056
0.36029
0.12004
-0.11998
-0.43975
-0.91907
-1.1184
-1.2776
-1.0376
-0.75798
-0.5583
-0.27905
-0.039849
0.31868
0.5575
0.83598
0.9551
0.99459
1.1534
1.4711
1.6297
1.5498
1.6289
1.5888
1.5884
1.3895
1.5083
1.389
1.349
1.2694
1.3089
1.2294
1.0706
1.0308
1.0306
1.2683
1.506
1.5455
1.8227
1.8622
2.1394
2.0997
2.2184
2.456
2.654
2.7332
2.6144
2.5748
2.3768
2.3769
2.377
2.2582
2.0999
1.9811
1.9021
1.6645
1.5854
1.5459
1.4668
1.1894
0.95169
0.91217
0.83299
0.91248
0.91264
0.87313
0.59544
0.27793
0
-0.19861
-0.27812
-0.19871
-0.079504
-0.039763
0.11932
0.23871
0.23878
0.27867
0.3584
0.51786
0.51803
0.59794
0.27914
0.11967
-0.15962
-0.23953
-0.23962
-0.27967
-0.19985
-0.15995
-0.20002
-0.24013
-0.040039
0.080115
0.20038
0.48115
0.84241
0.84283
0.88341
0.96421
0.84412
0.96522
0.84503
0.56366
0.36255
0.16123
0.32264
0.20176
0.20188
-0.1212
-0.36383
-0.84946
-1.1333
-1.3365
-1.2563
-1.2977
-1.0145
-0.93396
-0.85332
-0.73191
-0.4069
0
0.52971
0.73397
0.97933
0.98004
0.89903
0.8997
0.81852
0.73723
0.65582
0.6153
0.61578
0.5341
0.41117
0.37035
0.16474
0.32974
0.45377
0.37157
0.61981
0.57897
0.74503
0.82852
0.95363
0.70547
0.53995
0.33257
0.37448
0.5414
0.33347
0.58411
0.58465
0.45979
0.29287
0.25126
0.16767
-0.041957
-0.083994
-0.25222
-0.042078
-0.042119
-0.12648
-0.16881
-0.29571
-0.21143
-0.2963
-0.12711
0.21207
0.2972
0.085002
-0.29781
-0.34071
-0.55423
-0.72553
-0.51268
-0.47045
-0.68502
-0.64289
-0.47196
-0.42952
-0.34398
-0.17218
-0.34473
-0.43139
-0.47505
-0.34587
-0.12985
0.086661
0
0.21714
-0.043477
-0.26116
-0.3486
-0.61075
-0.6988
-0.56843
-0.65663
-0.92035
-0.92141
-1.1861
-1.3194
-1.497
-1.5429
-1.324
-1.3256
-1.106
-1.1073
-1.1086
-1.4651
-1.2891
-1.5131
-1.604
-1.5614
-1.6079
-1.6993
-1.7461
-1.4793
-1.3913
-1.393
-1.3948
-1.2613
-1.2178
-1.2193
-0.9495
-1.1318
-1.1785
-1.4069
-1.4086
-1.5923
-1.6399
-1.3227
-1.4156
-1.2345
-1.1903
-1.3293
-1.2851
-1.2407
-0.8282
-0.82925
-0.5074
-0.36949
-0.27747
-0.32412
-0.32453
0
-0.092959
-0.093077
0.093195
0.23328
0.093433
0
-0.37468
-0.18758
-0.32869
-0.42314
-0.5649
-0.75416
-0.89671
-1.0396
-1.0883
-1.516
-1.5654
-1.7574
-1.8072
-1.6191
-1.5734
-1.6232
-1.6731
-1.5795
-1.3419
-1.2476
-1.057
-1.1065
-0.86704
-0.81992
-0.53121
-0.19341
0.048415
0.38781
0.29123
0.3402
0.097322
0.24361
0.39027
0.635
0.92925
1.1263
1.0297
0.88367
0.83563
0.34452
-0.14784
-0.54274
-0.64222
-0.98927
-1.1886
-1.1901
-1.2412
-1.3919
-1.5927
-1.7442
-1.9459
-1.9983
-1.9007
-1.9531
-1.6045
-1.5061
-1.2566
-1.1575
-0.50388
-0.35315
-0.30306
-0.20229
-0.050633
0.30417
0.25378
0.20327
0.20351
-0.10188
-0.102
-0.45954
-0.56233
-0.87008
-0.81987
-0.92344
-0.92452
-1.1827
-1.3386
-1.237
-1.3933
-1.1882
-0.98273
-1.0874
-1.0368
-0.88233
-1.1951
-1.3005
-1.3541
-1.4077
-1.3049
-1.1496
-1.0463
-1.0475
-1.0486
-1.1023
-0.84078
-0.94692
-0.94796
-0.68539
-0.42224
-0.47554
-0.26447
-0.21181
-0.37106
-0.74292
-0.42498
-0.58497
-0.47912
-0.6928
-0.80022
-0.90787
-0.8019
-0.6957
-0.85714
-1.0725
-1.2884
-1.3434
-1.3448
-1.4
-1.1319
-1.0791
-0.6481
-0.10812
0.16235
0.10834
0.054223
-0.054276
-0.16299
-0.21753
-0.38104
-0.21795
-0.38177
-0.32754
-0.27321
-0.43755
-0.54745
-0.60276
-0.71301
-0.71367
-0.93412
-1.21
-1.4863
-1.7631
-1.5441
-1.5455
-1.4917
-1.4377
-1.3836
-1.6618
-1.7187
-1.9421
-2.277
-3.0571
-3.5048
-3.8975
-4.1237
-4.0156
-3.5724
-3.1284
-2.9073
-2.7418
-2.9681
-2.7463
-2.7485
-2.6945
-2.6405
-2.755
-2.6446
-2.4214
-2.3669
-1.9176
-1.8061
-1.751
-1.5828
-1.2445
-0.84917
-0.62318
-0.056695
0.62409
0.85165
0.90908
0.90972
1.0811
0.79713
0.56977
0.79824
1.027
1.3132
1.714
2.2869
2.2884
2.4044
2.6924
2.4649
2.6959
2.4106
2.2973
1.5517
1.2651
0.92065
0.69091
0.40328
0.17294
0.11536
-0.17315
0.05775
-0.17335
-0.11563
-0.28925
-0.28942
-0.40541
-0.46359
-0.57981
-0.46411
-0.11609
0.17423
0.63919
0.7558
0.40719
0.5238
0.34938
0.52434
0.34974
0.58319
0.64183
0.75891
0.9345
0.64278
0.23385
0.05849
0.35111
0.29273
0.35143
0.293
0.29313
0.1173
0
0.058704
-0.29365
-0.35253
-0.41146
-0.58805
-0.70595
-0.41198
0
0.1178
0.17678
-0.29474
-0.17692
-0.41296
-0.47214
-0.41328
-0.47249
-0.47267
-0.35463
-0.11825
-0.23659
-0.47335
-0.65109
-0.5921
-0.47384
-0.237
-0.53343
-0.5929
-0.88963
-0.77126
-0.77151
-0.83112
-0.65322
-0.35641
-0.5942
-0.59438
-0.83237
-1.1895
-1.6062
-1.6067
-1.6667
-1.6076
-1.608
-1.6084
-1.6685
-1.8477
-1.4905
-1.0734
-0.77544
-0.53697
-0.77582
-0.776
-1.2538
-1.2541
-1.2544
-0.95597
-0.71714
-0.77707
-1.2555
-1.196
-0.83738
-0.77773
-0.35903
-0.4788
-0.29931
-0.29937
-0.35931
0.059897
0
0.23967
-0.05993
-0.11988
-0.53956
-0.47969
-0.23988
-0.059981
0
0.12
0
-0.3001
-0.60029
-0.30019
-0.060047
-0.060055
0.060064
-0.060073
-0.24032
-0.48071
-0.54087
-0.66115
-0.90169
-0.9018
-1.2627
-1.323
-1.2028
-1.0827
-1.2633
-1.3837
-1.3839
-0.84246
-1.0833
-0.84264
-0.78253
-0.66221
-0.30103
-0.060213
0.24087
0.2409
0.54207
0.54211
0.36144
0.12049
0.06025
-0.24102
-0.42182
-0.30132
-0.30135
-0.66302
-0.66307
-0.48226
-0.4823
-0.42204
-0.72355
-0.6633
-0.60304
-0.36185
-0.24125
-0.24126
-0.24127
-0.48258
-0.36195
-0.66362
-0.72399
-0.72403
-0.90509
-1.0258
-1.3879
-1.207
-1.5088
-1.4485
-1.0261
-1.2072
-1.328
-1.328
-1.2074
-1.5696
-1.5697
-1.3886
-1.5095
-1.0265
-0.78498
-0.66424
-0.84543
-0.90586
-0.54353
-0.42276
-0.42278
-0.66439
-0.60402
-1.2081
-1.3893
-1.7518
-1.9331
-1.9332
-1.8728
-1.8729
-1.9938
-1.5709
-1.148
-1.0272
-0.66469
-0.36257
-0.36258
-0.54389
-0.54391
-0.78567
-1.0275
-0.78572
-0.4231
-0.30222
-0.54402
-0.72538
-0.84631
-1.0277
-1.0882
-1.1487
-1.6324
-1.6325
-1.3302
-1.3302
-1.3303
-1.6327
-1.5118
-1.8142
-1.391
-1.4515
-1.2701
-1.3911
-1.8146
-1.8147
-1.9357
-2.1173
-2.3594
-2.541
-2.8436
-2.9648
-2.8439
-2.602
-2.5416
-2.3602
-2.2392
-2.1788
-1.9974
-1.4527
-1.2712
-1.0897
-1.0897
-1.0292
-1.1504
-1.0899
-0.84775
-0.90836
-0.84786
-0.90848
-1.2114
-1.5143
-1.6356
-1.7569
-1.757
-1.6965
-1.4543
-1.2726
-1.0303
-0.7273
-1.0304
-1.273
-1.3943
-1.2126
-1.0914
-0.60638
-0.66708
-0.54584
-0.24262
-0.42462
0
-0.060671
-0.12135
-0.18205
-0.24275
-0.36417
-0.60701
-0.42495
-0.36428
-0.18216
-0.42509
-0.060734
-0.48593
-0.48598
-0.24302
-0.42533
-0.24308
-0.12155
-0.30392
-0.54713
-0.608
-0.24323
0
0.30412
0.54749
0.18252
-0.1217
-0.426
-0.54779
-0.85225
-1.0959
-1.2787
-0.85263
-1.0964
-0.79197
-0.73116
-0.6094
-0.42665
-0.36576
-0.30485
-0.18294
-0.30495
-0.183
-0.48809
-0.5492
-0.48827
-0.061044
-0.24422
0
0.061078
-0.30545
0.1222
0.30557
0.30563
0.30569
0.30575
-0.061162
0.12235
-0.061187
0.1836
0.30606
0.18368
0.42867
0.18376
0.061266
-0.36768
-0.24517
-0.30654
-0.49057
-0.24534
-0.1227
-0.24546
-0.18414
-0.18418
-0.12282
-0.12285
0.061439
-0.061454
-0.49176
-0.4304
-0.123
0.061517
0
-0.2462
-0.30783
-0.49266
-0.4312
0.061616
-0.24653
-0.18495
-0.24667
-0.12337
-0.43192
-0.74065
-0.74086
-0.80283
-0.61775
-0.061793
-0.061811
-0.12366
-0.061849
0.30934
0.43321
0.92859
1.4243
1.6725
1.5491
1.7356
1.7981
1.4886
1.4891
1.3034
1.5521
1.5526
1.4289
1.1808
1.2434
0.80847
0.68432
0.99572
1.0583
1.4324
1.4952
1.3087
0.56108
0.56128
0.43671
0.31205
0.49946
0.68701
1.2496
1.0625
1.4381
1.0633
0.68829
0.18779
-0.43834
-0.81436
-1.504
-1.4419
-1.8188
-2.1332
-2.3851
-2.7
-2.8267
-2.5764
-2.1374
-1.3207
-0.56624
-0.56647
-0.44077
-0.94488
-0.88225
-0.81957
-1.0091
-0.82025
-0.75747
-0.63149
-0.94763
-1.1376
-1.1381
-1.0753
-0.88596
-0.6331
-0.38002
-0.31682
-0.38035
-0.44393
-0.57102
-0.76169
-0.82553
-1.08
-1.4618
-1.1445
-0.95421
-0.82735
-0.44569
-0.063699
0.19118
0.31878
0.70163
0.63814
0.63843
0.63871
0.83071
1.0229
0.95938
0.5119
-0.064017
-0.38428
-0.51261
-0.064106
-0.19241
-0.32082
-0.64194
-0.83492
-0.96381
-1.1571
-1.222
-1.2869
-1.545
-1.8033
-2.1263
-2.4496
-2.5153
-2.3229
-2.0658
-1.6792
-1.2923
-1.1636
-1.2289
-1.6177
-1.6832
-1.8135
-1.6848
-1.7504
-1.6215
-1.8818
-2.2073
-2.3383
-2.6643
-2.6655
-2.2765
-1.6269
-1.823
-2.0192
-2.5415
-2.5427
-1.9568
-1.4357
-1.3711
-1.3717
-1.307
-1.1115
-0.91577
-0.9162
-0.91662
-0.65504
-0.45874
-0.19669
-0.19679
-0.2625
0
0.19706
0.065717
-0.32873
-0.19733
-0.19742
-0.065837
-0.065867
0.19769
0.13185
0.19787
0.32993
0.72618
0.8586
1.2554
1.6526
1.7856
1.7203
1.721
1.5231
1.2588
0.79537
0.59679
0.33169
-0.066367
0.13279
-0.066424
-0.26581
-0.19944
0.33255
0.33269
0.33283
0.13319
0.066621
0
-0.2667
0
-0.20019
-0.33379
-0.20035
-0.46768
-0.80205
-1.003
-1.3378
-1.4052
-1.4058
-1.2724
-1.4069
-1.6755
-1.4079
-1.4085
-1.409
-1.141
-0.87288
-0.53735
-0.60474
-0.33609
-0.47069
-0.40359
-0.67289
-0.53849
-0.53868
-0.8083
-0.47166
-0.74144
-0.80911
-0.87682
-0.6747
-0.7424
-0.94518
-1.1481
-1.3511
-1.757
-1.8927
-1.758
-1.8938
-1.8267
-1.4889
-1.3539
-1.2866
-1.1515
-1.2195
-1.6265
-1.8981
-2.1698
-1.8991
-1.8317
-1.425
-1.0181
-0.8147
-0.61117
-0.2717
0.13588
0.067955
0.74767
1.1557
1.564
1.4283
1.0204
0.47629
0.13611
0.27227
0.40848
0.13619
0.068105
-0.34058
-0.74941
-1.2265
-1.2949
-1.0224
-0.61354
-0.27273
0.20457
0.75021
0.95493
1.0915
1.1599
1.2282
1.2284
1.1602
1.0921
0.61437
0.81924
0.2731
0.068281
-0.27315
-0.20488
-0.40978
-1.0245
-0.95626
-1.3662
-1.5028
-1.5712
-1.7079
-1.3664
-1.2981
-1.1615
-1.0932
-1.0249
-0.88822
-0.40995
-0.61492
-0.54659
-0.81986
-0.88817
-0.81982
-0.8198
-0.61483
-0.68311
-0.75138
-0.88795
-1.0928
-1.2293
-1.3658
-1.0926
-1.1608
-1.4337
-1.5702
-1.6383
-1.6381
-1.5014
-1.2965
-0.95522
-0.61399
-0.068212
0.13641
0.068193
0.20455
0.40904
0.068162
0.4089
0.68139
0.95377
0.74926
0.68101
0.54471
0.5446
0.3403
0.34023
0.47622
0.27207
0.47601
0.33993
0.40781
0.40772
0.74729
0.81502
0.6111
0.81459
0.54291
0.20354
0.067826
0.067806
0.067786
-0.33883
-0.47422
-1.0159
-1.3541
-1.8951
-2.0974
-2.3673
-2.2312
-2.0277
-2.2297
-2.7017
-3.1733
-3.0372
-3.4409
-3.3721
-3.4383
-3.4369
-3.0988
-3.0975
-2.4905
-2.2876
-1.8159
-1.6807
-1.2768
-1.4777
-1.0743
-0.73822
-0.26833
0.53641
0.60319
0.46893
0.33479
0.066927
0.20069
-0.26745
-0.26732
-0.2004
-0.2003
-0.40039
-0.60029
-0.59998
-0.39978
-0.33298
-0.066561
-0.066526
-0.19947
-0.53164
-0.46493
-0.46468
-0.59712
-0.53048
-0.79527
-1.6559
-1.6549
-1.257
-1.1241
-1.1234
-1.2548
-1.5841
-1.979
-1.846
-1.779
-1.317
-1.0529
-0.26307
0.19718
0.72255
0.65645
0.59044
0.5245
0.52417
0.98219
1.1779
1.4387
1.3724
1.5021
1.2401
1.1088
1.1081
0.39082
0.45565
-0.3903
-0.78007
-1.2992
-1.6229
-1.557
-1.7504
-1.5548
-1.5537
-1.682
-1.8748
-1.9381
-1.4848
-1.2902
-0.90253
-0.38652
0.45062
0.64329
0.96423
0.96354
0.6419
0.70557
0.64096
0.8967
0.32001
0.19187
0.19173
-0.19159
0.12763
0
0
-0.063673
-0.12725
0
0.25412
0.44438
0.69779
0.76066
0.57006
0.50634
0.44271
0.56877
0.50519
0.75722
0.94581
0.63006
0.50366
0.18873
0.31431
0.12563
0.31383
0
-0.37603
-0.25049
-0.31288
-0.56275
-0.81225
-0.5619
-0.12477
0.43636
0.74748
0.74691
0.62195
0.43504
0.93151
0.93081
1.4882
1.7349
1.7955
1.6085
1.0509
0.92658
0.55553
0.43175
0.73959
0.43111
0
-0.67644
-0.55304
-1.0438
-0.61357
-0.91967
-1.1641
-1.5305
-2.08
-2.323
-2.6878
-3.1741
-3.3548
-3.5352
-3.5326
-3.2866
-2.7977
-2.2487
-1.822
-1.0924
-0.66711
-0.36362
0
0.18155
0.42333
0.60433
0.84547
0.90524
0.84431
1.0848
0.9636
0.96294
0.60143
0.60103
0.54056
0.36014
0.17995
0.29972
0.53914
0.47892
1.017
1.3751
1.4937
1.3137
1.4322
1.1927
1.0132
0.89343
0.95241
0.59489
0.47562
0.11883
-0.29691
-0.65281
-0.83036
-0.71132
-0.47394
-0.53287
-0.59175
-0.82798
-0.65019
-0.35445
-0.23617
-0.11802
0.17694
0.53053
0.76591
0.76551
0.82397
0.64707
0.47036
0.70518
0.58736
0.64578
0.46943
0.58651
0.7621
0.70315
1.1128
0.81959
0.87773
0.87734
1.0524
0.93502
0.52573
0.5839
0.40856
0.11668
-0.29159
-1.0493
-1.3403
-1.7475
-1.8633
-1.8044
-1.9784
-2.094
-2.1514
-2.2088
-1.9756
-1.5684
-1.1614
-0.92883
-0.52231
-0.29008
-0.29
-0.81177
-0.86951
-0.98518
-0.86905
-0.75299
-0.63699
-0.69473
-0.63669
-0.40507
-0.69426
-0.98333
-1.3301
-1.3877
-1.6765
-1.7918
-1.5025
-1.2134
-0.69325
-0.40434
-0.28877
-0.40423
-0.34644
-0.51959
-0.92362
-1.443
-1.2697
-1.2119
-1.0387
-0.80783
-0.75008
-1.0385
-0.92309
-0.57691
-0.46152
-0.74995
-1.5576
-1.7883
-2.0191
-1.9037
-1.7884
-1.7308
-2.0193
-2.0194
-2.1349
-2.0774
-2.1352
-2.0777
-2.0202
-2.2513
-1.6165
-1.5012
-1.2704
-1.3283
-1.2707
-0.98208
-0.8089
-0.46231
-0.34679
-0.23124
0.23128
0.46266
0.057845
-0.28929
-0.46297
-0.52096
-0.57899
-0.81079
-0.92686
-1.101
-1.1013
-1.1596
-1.2759
-1.3343
-1.5088
-1.3352
-1.2195
-1.1037
-0.87165
-0.87197
-1.2794
-1.338
-1.2803
-1.1644
-1.2814
-1.3984
-1.1076
-1.3996
-1.4586
-1.4592
-1.4015
-1.2269
-0.87676
-0.81871
-1.1702
-1.4634
-1.6984
-1.6993
-1.8175
-1.9944
-1.9955
-2.3489
-2.2327
-2.1752
-2.353
-2.2366
-2.0613
-2.0625
-1.9458
-1.711
-1.7121
-1.7132
-1.537
-1.0647
-0.82868
-1.0069
-1.0076
-1.1269
-0.59353
-0.65335
-0.71325
-0.65428
-1.0119
-1.0722
-1.1922
-1.3721
-1.194
-1.0157
-1.1959
-1.1968
-1.3175
-1.4984
-1.7995
-1.9811
-2.1029
-2.4053
-2.5276
-2.3491
-2.2908
-2.2928
-1.8116
-1.8737
-1.7543
-2.0586
-1.9393
-2.3656
-2.7321
-3.0384
-2.9196
-2.3135
-1.8281
-1.0979
-0.36632
0.12223
0.48937
0.61231
0.42904
0.30676
0.061413
-0.30737
-0.79997
-0.80078
-0.61661
-0.37035
-0.18537
-0.18556
-0.30959
-0.61982
-0.31024
-0.37268
0.18654
0.18674
0.12463
0.31191
0.18735
0.56267
1.064
1.0652
0.87818
1.0048
0.50295
0.12588
0.37807
0.25233
0.37893
0.12646
0.44311
0.44362
0.50759
0.69875
0.69957
0.44571
0.44624
0.063824
-0.1278
-0.12795
-0.25621
-0.25652
-0.70629
-0.90001
-0.77238
-0.77332
-0.70975
-0.77523
-0.77618
-1.2952
-1.6211
-1.4932
-1.4951
-1.497
-1.3685
-1.1092
-0.91464
-0.4579
-0.26199
-0.06558
0.45964
0.46023
0.46082
0.39549
0.594
1.3217
1.4557
1.6564
1.9239
1.7271
1.3968
0.73259
0.80022
0.20032
0.066859
-0.26778
-0.67033
-1.5438
-2.0835
-2.0189
-2.0215
-1.6868
-1.3512
-0.87946
-0.94835
-0.88177
-0.81501
-0.54405
-0.27238
-0.20456
-0.068275
-0.27346
-0.068455
-0.27418
-0.48045
-1.0309
-1.0322
-1.3781
-1.4489
-1.9344
-1.8678
-1.6625
-1.5259
-1.3196
-1.1822
-1.1141
-1.1156
-0.9774
-1.5379
-1.3999
-1.0513
-0.77196
-0.28108
-0.07036
-0.21135
-0.8465
-1.4833
-1.273
-1.2747
-1.2763
-1.2069
-1.4217
-1.6371
-2.2093
-2.3548
-2.4292
-2.1461
-2.2921
-2.0081
-1.867
-1.8693
-1.0798
-0.72075
-0.14433
0.14451
0.21702
0.14486
0.58015
0.72607
0.87234
1.019
1.2388
1.3862
1.0226
0.80444
0.58574
0.14661
-0.14678
-0.073475
-0.073561
-0.22094
-0.073731
0.14763
0
-0.14797
0.074067
0
-0.074233
-0.29726
-0.81838
-0.59584
-0.22368
0.29857
0.22417
0.22441
0
-0.74962
-1.9511
-2.1785
-1.8799
-1.7313
-1.8838
-2.0366
-2.2652
-2.1163
-1.7401
-1.2117
-0.98547
-0.83467
-0.60762
-0.15205
0.076097
0.38084
0.91488
1.1447
1.7567
2.2935
2.6782
2.4508
2.223
2.0715
1.6893
1.3065
0.61535
0
-1.1557
-1.5422
-1.5435
-1.5447
-1.7778
-1.7792
-1.858
-1.5495
-1.3181
-0.54315
-0.54355
0.38853
0.77762
0.77817
0.77871
0.54547
0.7018
0.46818
0.70273
0.78131
0.39091
-0.15646
-0.39139
-1.0182
-0.86209
-0.94102
-0.70617
-0.47104
-0.94261
-0.78593
-1.0223
-0.70808
-0.078716
0.8663
1.2607
1.5766
1.6562
1.7359
1.8156
1.5005
1.5801
1.5808
1.2651
1.3447
1.2661
1.1082
0.95023
1.0298
0.31695
-0.15853
-0.6343
-1.031
-1.8247
-2.3013
-2.0638
-2.1437
-1.5883
-1.2709
-0.63558
-0.39732
-0.15896
0.63594
0.71555
1.3518
1.2725
1.6703
1.75
1.5116
1.7504
1.671
1.3528
0.71621
0.15916
-0.79584
-0.95503
-0.87545
-0.95502
-0.87542
-0.63665
-0.079578
-0.23872
-0.2387
-0.079561
-0.31821
-0.15909
0.23861
0.55668
0.63611
0.71551
0.39744
0.47684
0.39729
0.47665
0.39712
-0.23822
-0.31755
-0.9524
-1.5076
-1.5865
-1.1102
-1.1099
-1.1095
-1.4261
-1.5048
-1.4251
-0.87055
-0.15822
-0.15816
0
-0.23705
-0.23695
-0.31579
-0.31565
-0.15775
-0.078838
0.078799
0.15752
0.3936
-0.078678
-0.62909
-1.2575
-1.8066
-2.0411
-1.8045
-1.9603
-1.8024
-1.9579
-1.5653
-1.4861
-0.78165
-0.54679
0
0.078006
-0.1559
0.15579
-0.15568
0.23335
0.15545
0.077665
-0.31042
-0.46527
-0.54238
-0.85163
-1.0057
-0.92753
-1.0812
-1.2346
-1.0794
-1.3095
-1.3853
-1.461
-0.6146
-0.61403
-0.076683
0.076612
-0.15308
-0.38233
-1.1459
-1.0684
-0.83866
-1.2948
-1.2935
-1.9763
-2.0502
-2.2756
-2.4248
-2.6493
-2.6465
-2.5681
-2.4899
-1.8842
-1.8068
-1.128
-0.60092
-0.45018
-0.14989
0.22457
-0.29908
-0.37341
0.074594
0.44703
0.52091
0.8919
0.96505
0.96387
0.66647
0.88752
0.36933
0.44264
0.44208
0.44151
0.29396
0.073396
0.0733
0.51243
0.58486
0.65709
1.1666
0.14563
0.072716
-0.14523
-0.36259
-0.50693
-0.57854
-0.50552
-0.57693
-0.57612
-0.79105
-0.71812
-0.50197
-0.35803
-0.28601
-0.2142
-0.21389
-0.071193
-0.49762
-0.49689
0
0.14155
0.14134
-0.21169
-0.070456
-0.35175
-0.35122
-0.21041
-0.35015
-0.48946
-0.97741
-1.3942
-1.5312
-1.7373
-1.9427
-2.2168
-2.905
-3.3838
-3.7232
-4.1992
-4.3988
-4.1173
-3.9052
-3.3517
-2.8683
-2.6591
-2.2464
-1.767
-1.2892
-1.0161
-0.60869
-0.67522
-0.47188
-0.2692
0.33595
0.60372
1.0045
1.0697
1.335
1.3994
1.264
1.4612
1.4587
1.6549
1.7843
1.7813
1.5807
1.3808
1.1159
1.0485
0.91591
0.58781
0.52161
0.39055
0.12996
-0.064871
-0.064761
-0.064652
-0.12908
0.12886
0.32161
0.19264
0.32052
0.38397
0.38332
0.38267
0.19101
0.063561
-0.25381
-0.50675
-0.63236
-0.82067
-0.81927
-0.44039
-0.56525
-0.37619
-0.25037
-0.31243
-0.31189
-0.685
-0.9325
-1.1792
-1.425
-1.4844
-1.7288
-2.219
-2.2768
-1.6586
-1.3492
-1.2245
-0.97791
-0.97625
-1.2792
-1.5811
-1.7605
-1.8788
-1.8756
-2.0537
-1.9296
-2.2274
-2.4039
-2.1599
-2.2162
-1.8537
-1.4925
-1.0728
-1.0115
-0.77223
-0.29652
0
0
0.17703
0.058914
-0.29409
-0.46977
-0.64488
-0.5853
-0.70122
-0.87511
-1.1649
-1.6283
-1.6256
-1.4491
-1.2732
-0.98226
-0.74994
-0.63356
-1.0351
-0.91862
-1.0891
-0.74403
-0.91429
-0.62759
-0.45572
-0.51189
-0.39752
-0.8505
-1.1323
-1.6393
-1.6932
-1.916
-2.1382
-2.1911
-2.3
-2.2965
-2.2372
-2.1221
-2.1747
-2.0601
-2.0015
-1.8875
-1.8847
-1.9373
-1.4923
-1.435
-1.4329
-1.706
-1.9234
-2.3597
-2.4659
-2.5719
-2.6775
-2.9466
-2.8335
-2.4487
-2.6083
-2.6047
-2.3844
-2.1106
-1.8375
-1.5112
-1.3475
-1.6148
-1.3976
-1.181
-0.91142
-0.53543
-0.48126
-0.21361
-0.42668
-0.10653
0.053199
0.15939
-0.053065
0
-0.42346
-0.793
-1.056
-1.2657
-1.5802
-1.7887
-2.0493
-1.9944
-2.1493
-2.042
-2.0919
-1.9328
-1.774
-1.0424
-0.6247
-0.312
-0.15582
0
0
0.10354
0.4137
0.46491
0.41281
0.41237
0.20597
0.25719
0.051384
-0.051331
-0.41022
-0.40981
-0.61409
-0.30674
-0.35751
-0.35715
-0.050972
0.45831
0.76311
0.91487
0.86323
0.60877
0.60821
1.0634
1.4166
1.7691
1.7675
1.766
1.462
1.4607
1.4091
0.9051
0.90434
0.60239
0.30095
-0.35082
-0.80124
-0.90068
-1.05
-1.249
-1.0483
-1.1473
-1.3458
-1.7433
-1.5927
-1.2932
-0.79522
-0.49666
-0.29779
0
0.49564
0.84202
0.98996
1.0882
1.4336
1.4821
1.2343
0.93749
0.64105
0.54211
0.49253
0.5907
0.63956
0.6392
0.54056
0.49116
0.14727
-0.24532
-0.29423
-0.29408
-0.19596
-0.34276
-0.78307
-0.97838
-1.1246
-0.92861
-0.58623
-0.29299
0.048811
0
-0.39017
-0.78002
-0.87719
-0.92557
-0.92523
-0.82754
-0.68126
-0.53509
-0.6808
-0.53474
-0.58317
-0.38866
-0.33998
0
0.29124
0.29117
0.72773
0.58203
0.87284
1.0666
0.92091
0.87225
0.53293
0.33907
0.096859
0.048421
-0.048412
-0.14521
-0.19359
-0.19356
-0.2903
-0.48377
-0.58046
-0.87059
-0.82215
-1.4024
-1.3055
-1.4021
-1.5954
-1.6437
-1.4019
-1.3052
-1.4018
-1.3051
-1.3051
-1.1601
-1.2567
-1.3051
-1.0634
-1.1601
-0.67677
-0.62846
-0.67684
-0.67688
-0.58023
-0.33849
-0.14508
-0.14509
0
0
0.14514
0.33871
0.33876
0.19361
0.38727
0.2905
0.048425
-0.19373
0
0
0.53308
0.43625
0.33938
0.33946
-0.048505
-0.048517
-0.53382
-0.63104
-0.43699
-0.43711
-0.34007
-0.19438
0.04861
0.048625
-0.04864
-0.048656
-0.24336
-0.53557
-0.58446
-0.4385
-0.43865
-0.39006
-0.63408
-0.43914
-0.68338
-0.58598
-0.39081
-0.39097
-0.29335
-0.048913
-0.24467
-0.29373
-0.53875
-0.44099
-0.34315
-0.19618
-0.19627
-0.19636
-0.29469
-0.34397
-0.73745
-0.98377
-1.1811
-0.78783
-0.54192
-0.5915
-0.69045
-0.93756
-0.8887
-0.988
-0.98856
-1.2859
-1.3856
-1.2874
-1.2881
-1.3385
-1.3889
-1.0423
-0.79461
-0.64602
-0.5967
-0.49756
-0.49788
-0.39856
-0.29911
-0.44897
-0.5491
-0.64937
-0.9997
-1.0004
-1.0011
-0.90158
-1.1027
-1.1035
-1.1544
-1.1553
-1.1058
-1.006
-0.90607
-1.0075
-0.9074
-0.70628
-0.45437
-0.60629
-0.35393
-0.50601
-0.86087
-0.96289
-1.3187
-1.2689
-1.7271
-1.9826
-2.3912
-2.3422
-2.446
-2.04
-1.7864
-1.5836
-1.3292
-1.4838
-1.3826
-1.1788
-0.51294
-0.25669
-0.35966
-0.35997
-0.30881
-0.36058
-0.20622
-0.0516
0.051645
-0.20676
-0.36214
-0.72492
-1.0883
-1.3486
-1.5056
-1.6109
-1.7163
-1.7178
-1.5631
-1.408
-1.4615
-1.2016
-1.2027
-0.9421
-0.68103
-0.41948
-0.10497
-0.052532
0.42064
0.42103
0.52678
0.31636
0.47498
0.47543
0.6345
0.74095
0.6357
0.6363
0.68997
0.6375
0.31905
0.15968
0
-0.31997
-0.53379
-0.69459
-1.0161
-1.3918
-1.5539
-1.8236
-1.8791
-2.0421
-2.0979
-2.046
-2.048
-1.9961
-1.998
-1.9999
-1.9478
-1.5164
-1.1926
-1.1395
-0.76042
-0.38058
0.16327
0.54475
0.87245
0.98247
0.54635
0.49219
0.43793
0.21918
-0.054848
-0.16471
-0.43965
-0.71512
-0.88101
-1.2126
-1.2689
-1.6015
-1.3819
-1.2173
-1.2185
-1.0533
-1.1099
-1.2776
-1.4456
-1.0574
-0.72421
-0.55763
-0.39072
0.05587
0.11185
-0.055978
-0.11206
-0.61694
-0.89823
-1.0677
-1.3499
-1.6327
-1.5779
-1.2974
-1.1857
-0.7912
-0.50911
-0.39634
-0.73676
-1.1913
-1.1924
-1.0798
-0.45509
0.17082
0.74089
0.79862
0.91355
0.91439
1.0868
1.3168
1.8338
2.0649
2.0094
1.8388
1.7254
1.6118
1.498
1.73
1.6739
1.3865
1.4455
1.5047
1.6797
1.6812
1.7407
1.6841
1.5693
1.4543
0.98978
0.93235
0.64153
0.81718
0.81787
0.76008
0.7022
0.35139
-0.058613
-0.52795
-0.58708
-0.76383
-0.70564
-1.0593
-1.2957
-1.7683
-1.7697
-1.594
-1.3589
-1.2417
-1.2426
-0.94749
-0.82968
-0.59308
-0.29676
-0.17819
0
0.059484
-0.11905
-0.41699
-0.65574
-1.0141
-0.77607
-0.41818
-0.059781
-0.17947
-0.47891
-0.53914
-0.41961
-0.059985
-0.12005
-0.18019
-0.12021
-0.30071
0.18054
0
-0.24103
-0.54265
-0.48266
-0.78479
-0.96649
-1.3297
-1.5724
-1.7549
-1.9375
-1.5752
-1.576
-1.6376
-1.2137
-1.2751
-0.91127
-1.1549
-0.60816
-0.30424
0.3044
0.42637
0.48753
0.79263
0.85402
1.3427
1.6486
1.8937
1.8335
1.6509
1.3458
1.1016
1.0408
0.49001
0.36767
-0.24521
-0.18398
-0.55217
-0.92065
-0.6754
-1.0442
-1.2289
-1.3523
-1.8447
-2.522
-2.6459
-2.339
-1.6009
-1.0471
-0.55451
-0.12326
-0.1233
-0.061668
0
0.061702
0.18516
0.061735
0.06175
-0.24706
0.06178
0.18538
0.43266
0.18546
0.24734
-0.12369
-0.49487
-0.86617
-1.3614
-1.7948
-1.9808
-2.043
-2.1672
-2.1675
-1.8581
-2.0441
-1.7966
-1.8587
-1.4871
-1.0535
-0.86763
-0.5578
-0.43387
-0.24794
-0.24796
0.18597
0.49595
0.86793
1.0539
1.2399
1.054
1.3019
1.7359
1.9218
1.7978
1.9217
1.3637
1.1157
0.61981
0.43384
0.12394
-0.1859
-0.37177
-0.24782
-0.1239
-0.12388
-0.061933
-0.061925
-0.12383
-0.061908
-0.1238
-0.18566
-0.30939
-0.24746
-0.49484
-0.30921
0.18549
0.18545
-0.12361
-0.24716
-0.37065
-0.55584
-0.43221
-0.67902
-1.1108
-1.419
-1.542
-1.2332
-1.1712
-0.80111
-0.24642
-0.18475
0.061565
0.43081
0.61523
1.2915
1.537
1.8437
1.9659
1.9037
1.7189
1.4114
0.98142
0.49051
0.18386
-0.061262
-0.79607
-1.0406
-1.5295
-1.9569
-2.3839
-2.6272
-3.1145
-3.3572
-3.5996
-3.6588
-3.4741
-3.1068
-2.2528
-2.0082
-1.5814
-1.5805
-1.4582
-1.4574
-1.3959
-1.0918
-0.78807
-0.4241
-0.2422
-0.30257
-0.48383
-0.48353
-0.48324
-0.72441
-0.90495
-1.025
-1.0846
-1.3849
-1.0832
-0.78178
-0.66107
-0.72068
-1.2003
-1.1395
-1.1388
-1.138
-0.83792
-0.5981
-0.77698
-0.65697
-0.47745
-0.29819
0
0.53596
0.95211
0.9514
0.65359
0.23749
-0.17798
-0.53353
-0.8293
-0.82865
-0.70972
-0.59096
-0.059049
-0.059002
0.53059
0.70688
0.94174
0.88216
0.88143
0.99813
1.1146
0.99646
0.87849
0.3511
0.1754
-0.058417
-0.23347
-0.40821
-0.64092
-0.52393
-0.69796
-0.63923
-0.46449
-0.58009
-0.46366
-0.28953
-0.057853
0.057801
0.057748
0.34617
0.4035
0.46072
0.40276
0.57484
0.63174
0.45902
0.63056
0.34362
0.11443
-0.11432
-0.28554
-0.74169
-1.368
-1.5944
-1.9343
-1.9324
-1.8738
-1.872
-2.3235
-2.6609
-2.828
-2.7123
-2.5403
-2.0302
-1.8592
-1.8011
-1.5744
-1.7414
-1.908
-1.794
-1.6802
-1.5666
-1.621
-1.1726
-0.94833
-0.78019
-0.72374
-0.88987
-1.3335
-1.7207
-1.8853
-1.6064
-1.2728
-1.1056
-1.0493
-1.0482
-1.2125
-0.99106
-0.71504
-0.71432
-0.6587
-0.21934
0.054781
0.16418
0.16401
0
-0.16368
-0.16351
0.43559
0.38075
0.65206
0.48855
0.43383
0.48756
0.27059
0.43251
0.16203
0.10791
0.1617
0.32308
0.37655
0.32243
0.053684
-0.64356
-0.6965
-0.80285
-0.6951
-0.58758
-0.58699
-0.47979
-0.63908
-0.85127
-0.90358
-0.95578
-1.5384
-1.4309
-1.3236
-1.2694
-1.1625
-1.2669
-0.94924
-0.89564
-1.0527
-0.99907
-1.0506
-0.73474
-0.47188
-0.62857
-0.57564
-0.52281
-0.62678
-0.83492
-0.88626
-0.78126
-0.41628
-0.46788
0
0.051891
0.20737
-0.15538
-0.15524
-0.4653
-0.82645
-1.0321
-1.1859
-1.0303
-1.0808
-0.77133
-0.97615
-0.97529
-0.92315
-0.97358
-1.3311
-1.4834
-1.2266
-1.1234
-0.71429
-0.30587
0.050935
0.40713
0.76274
1.0161
0.91378
1.1159
1.0136
0.96218
0.96141
0.85952
0.95988
0.85816
1.1601
1.3104
1.3598
1.3587
1.4583
1.6079
1.205
1.1038
0.95255
0.85165
0.45055
0.55027
0.54987
0.69934
0.69885
0.79812
0.64802
0.29888
0.14934
-0.099492
-0.34799
-0.44712
-0.54611
-0.79383
-0.99165
-0.99102
-1.1885
-0.98977
-1.2364
-1.0874
-0.93855
-1.1848
-1.5295
-1.6765
-2.1191
-2.2164
-2.1167
-2.2631
-2.1143
-2.3098
-2.3576
-2.4055
-2.1098
-1.4712
-1.2744
-0.88183
-0.7345
-0.6852
-0.68487
-0.68455
-0.58648
-0.87932
-1.1231
-1.513
-1.6587
-1.6093
-1.4136
-0.92578
-0.77929
-0.24343
-0.048667
0.34054
0.29178
0.3889
0.53455
0.82584
0.77699
0.92237
0.87354
0.72772
0.485
0.43637
0.29083
0.29074
0.19378
0.58117
0.29051
0.62928
0.72592
1.0644
1.2093
1.1607
1.2571
1.2569
1.305
1.3047
0.9663
1.0628
0.96598
1.2556
1.2071
1.4001
1.3516
1.3997
1.1583
1.2064
0.96506
0.72374
0.67544
0.53067
0.43416
0.096475
0.14471
0.1447
0.24117
0.19293
-0.096466
-0.33763
-0.81998
-0.82
-1.1577
-1.3024
-1.3508
-1.2543
-1.2062
-1.0133
-0.67558
-0.62738
-0.43439
-0.33789
-0.48277
-0.5794
-1.0624
-1.1108
-1.4974
-1.2561
-1.2564
-1.1599
-1.4985
-1.4505
-1.6926
-1.4995
-1.2579
-0.87108
-0.33884
0.096836
0.33902
0.62977
0.72687
0.82403
0.92125
1.0185
0.77628
0.67947
0.6797
0.53424
0.34009
0.097204
-0.14586
-0.53503
-0.48658
-0.58413
-0.87656
-1.1205
-1.2185
-1.219
-1.4147
-1.4153
-1.416
-1.3678
-1.2707
-0.83126
-0.78275
-0.68525
-0.53869
-0.44098
-0.44122
-0.34335
-0.19631
0.049105
-0.049133
-0.19665
-0.39352
-0.68908
-1.2805
-1.4784
-1.7752
-2.023
-2.0243
-2.2232
-2.0764
-2.2262
-1.9801
-1.9815
-1.7846
-1.4882
-1.241
-1.2916
-1.0937
-0.69648
-0.74678
-0.39858
-0.34902
-0.24949
-0.24968
-0.24988
-0.15005
-0.45049
-0.65124
-0.85231
-1.1039
-1.5568
-1.7591
-2.0624
-2.1649
-2.5195
-2.219
-2.0191
-1.8188
-1.8204
-1.6702
-1.4691
-1.3183
-1.218
-1.1684
-1.1186
-0.86519
-0.71318
-0.25495
-0.20416
0.25545
0.46025
0.35833
0.30744
-0.15388
-0.15403
-0.25698
0
-0.1545
-0.41244
-0.36126
-0.4133
-0.41374
-0.51772
-0.36279
-0.57071
-0.2597
-0.36397
-0.57258
-0.83376
-0.73035
-0.83561
-0.62741
-0.57577
-0.83844
-0.83939
-0.99792
-0.68357
-0.52643
-0.21082
-0.1583
-0.21131
0
0.052953
-0.21206
-0.053079
-0.26572
-0.37245
-0.53272
-0.42669
-0.69422
-0.74854
-0.6424
-0.75039
-0.53666
-0.53733
-0.3766
-0.70028
-0.80904
-1.0261
-1.3518
-1.7867
-2.0058
-2.5512
-2.7719
-2.7755
-2.6701
-2.1825
-2.1307
-1.6959
-1.6433
-1.6455
-1.2632
-0.93492
-0.82602
-0.27571
0.055215
0.11058
0.055363
0.11088
-0.27756
-0.77823
-1.2803
-1.4492
-1.6744
-1.6208
-1.5671
-1.4571
-1.6836
-1.5736
-1.5757
-1.5215
-1.2979
-1.1302
-1.0752
-1.2467
-1.3051
-0.85237
-0.51214
-0.28492
-0.17119
0
0.057224
-0.28652
-0.57385
-1.0344
-1.2085
-1.6712
-1.9044
-2.5428
-2.4306
-2.2602
-1.9152
-1.7435
-1.9788
-2.2148
-2.3346
-2.4548
-2.2827
-1.8757
-1.5261
-0.99928
-0.41205
0
0.35419
0.7685
1.0064
1.1857
1.128
0.83233
0.23814
-0.05962
-0.29852
-0.59789
-0.65861
-0.77946
-0.84061
-1.0823
-1.0838
-0.84417
-0.90574
-0.66514
-0.42387
-0.30319
-0.060722
0.24323
0.12178
-0.18293
-0.24425
0.12229
0.12246
0.12263
-0.30701
-0.67636
-0.98515
-1.1715
-0.92612
-0.80374
-1.0525
-1.2399
-1.3658
-1.8649
-1.8052
-1.6207
-1.6228
-1.6875
-1.815
-1.8174
-2.0081
-2.1993
-2.1393
-2.1421
-1.8926
-1.7056
-1.6446
-1.9
-1.5854
-1.016
-0.89015
-0.7003
-0.31873
-0.063828
-0.19173
0
-0.19221
-0.064152
0
0.32157
0.51515
0.51579
0.71008
0.77559
0.64711
0.58311
0.90816
0.64947
0.45518
0.39062
0.06518
0.52206
1.1107
1.5044
1.8991
1.5079
1.2471
1.0514
1.0526
0.98794
1.2528
1.1222
0.99126
1.1247
0.99345
0.86193
0.86286
0.79735
0.46562
0.46611
0.26663
0.066727
0.066797
0.066866
0.73627
1.139
1.4085
1.5441
1.2097
1.0763
1.212
1.4828
1.4168
1.2155
1.0815
0.94719
0.54176
0.13556
-0.13569
-0.33952
-0.13593
0.20408
0.13617
-0.13629
-0.27281
-0.13652
-0.27327
-0.13675
0.20529
0.61638
0.8225
1.1661
1.167
1.0992
0.89382
0.8945
0.48201
0.20673
-0.06896
-0.20703
-0.69058
-0.96749
-1.2448
-1.7992
-2.1467
-2.1481
-2.2188
-2.1509
-2.1522
-2.0841
-2.2244
-2.5039
-2.3662
-2.089
-1.6722
-1.3943
-0.62776
-0.20937
-0.069826
-0.069862
-0.27959
0
0.27986
0.48999
0.63028
0.28025
-0.070094
-0.63112
-1.3329
-1.4037
-1.2638
-1.3345
-1.4053
-1.687
-2.1095
-2.2509
-2.3924
-2.0412
-1.8306
-1.5495
-1.9022
-1.9027
-1.9032
-1.5512
-0.5642
-0.14108
-0.14111
0.070572
0
0
0.28245
0.49437
0.63572
0.91839
0.77721
0.63598
0
-0.21204
0
0.21207
0.21209
0.5656
0.77773
0.49494
0.63636
0.42425
0.63637
0.56566
0.84846
1.1312
0.8484
1.2018
1.3431
1.4137
1.4843
1.7668
1.7666
1.4131
1.1303
0.49445
0.21187
0.14122
0.4942
0.4941
0.56458
0.21167
-0.070541
-1.1284
-1.7627
-1.5508
-1.5503
-1.8317
-1.9016
-2.3939
-2.7451
-3.0256
-3.0246
-3.1642
-2.6711
-2.3187
-1.475
-1.4744
-1.3335
-0.98216
-0.98175
-0.70094
-0.70063
-0.77035
-0.90999
-0.69966
-0.69932
-0.83877
-0.55889
-0.34913
-0.34894
-0.20925
-0.48799
-0.20902
-0.069635
0.34797
0.41732
0.27805
-0.069469
-0.34713
