-0.43662
-0.35336
-0.13488
0.10136
0.47397
0.66147
0.84969
0.85133
1.0065
1.0768
1.1301
1.1837
1.0655
0.9125
0.74164
0.70836
0.64034
0.72808
0.78136
0.83477
0.94058
0.95944
0.94338
0.94472
0.8409
0.71922
0.73771
0.7562
0.82751
0.77555
0.68815
0.60053
0.72485
0.93782
1.1688
1.4178
1.5429
1.5261
1.3139
1.2968
1.3506
1.6355
1.7426
1.6718
1.6542
1.6365
1.7253
1.7784
1.6714
1.4576
1.2261
1.1367
1.0296
1.0999
1.0459
1.1159
1.0441
0.91936
0.61814
0.31753
0.070475
-0.10557
-0.1757
-0.26316
-0.3328
-0.48962
-0.8204
-0.9234
-1.0607
-1.1453
-1.1602
-1.2095
-1.1894
-1.2898
-1.5096
-1.7111
-1.8601
-1.9742
-1.8159
-1.7599
-1.6366
-1.783
-1.9117
-1.9724
-1.8494
-1.81
-1.7873
-1.8635
-1.9884
-2.0631
-2.0066
-1.8691
-1.7487
-1.6775
-1.5103
-1.2643
-1.0201
-1.016
-1.1225
-1.1179
-1.0505
-0.84308
-0.57521
-0.47987
-0.38532
-0.29157
-0.30557
-0.33465
-0.25745
-0.10554
-0.045029
0
-0.23801
-0.35541
-0.50124
-0.61639
-0.83277
-1.1635
-1.4334
-1.5711
-1.6646
-1.6286
-1.5929
-1.331
-1.2264
-1.0807
-0.99213
-0.8487
-0.84505
-0.89662
-0.98898
-1.1079
-1.0897
-1.0852
-0.93221
-0.78045
-0.64333
-0.52066
-0.29257
-0.15898
-0.07919
-0.052599
-0.06551
0.052222
0.078059
0.14262
0.28428
0.45078
0.53921
0.52472
0.37001
0.16538
0.1649
0.16444
0.20183
0.16356
0.012549
-0.26288
-0.49955
-0.64793
-0.68382
-0.76924
-0.81723
-0.79096
-0.62917
-0.36947
-0.12296
0.036832
0.23294
0.40406
0.59925
0.85514
1.1106
1.3413
1.4377
1.5098
1.6063
1.6664
1.836
1.9936
2.2365
2.3944
2.4432
2.468
2.4566
2.482
2.605
2.5457
2.5476
2.5985
2.5522
2.5549
2.4232
2.316
2.3192
2.3841
2.2279
2.0837
1.8034
1.6335
1.5872
1.5781
1.6439
1.7101
1.6642
1.6182
1.4589
1.3241
1.1254
0.81164
0.67414
0.51034
0.51195
0.48793
0.54108
0.47829
0.42807
0.29942
0.15679
-0.065571
-0.30277
-0.51539
-0.66336
-0.59942
-0.54836
-0.44319
-0.55295
-0.69075
-0.77535
-0.79241
-0.75476
-0.82706
-0.98313
-1.238
-1.4114
-1.5584
-1.6645
-1.6724
-1.6519
-1.7457
-1.7253
-1.7337
-1.6696
-1.6924
-1.7007
-1.768
-1.8064
-1.8153
-1.7496
-1.638
-1.5254
-1.4874
-1.4033
-1.3029
-1.1553
-0.92883
-0.76228
-0.60969
-0.43987
-0.31572
-0.17449
-0.047817
-0.16015
-0.3862
-0.71137
-0.87714
-0.78331
-0.77053
-0.69171
-0.57903
-0.48192
-0.38391
-0.20118
-0.21889
-0.21983
-0.23774
-0.17052
-0.051366
-0.068766
0.086302
0.051985
-0.017395
0.017462
0.035054
0.15832
0.10593
0.017718
0.088898
0.23192
0.358
0.44896
0.39636
0.28916
0.25379
0.12728
0.054707
-0.054864
-0.11003
-0.11033
-0.11063
-0.31425
-0.66714
-0.6502
-0.37243
-0.20531
-0.18706
-0.24371
-0.46967
-0.65889
-0.99974
-1.0773
-1.3444
-1.3847
-1.3111
-1.1801
-1.1439
-1.2985
-1.6638
-1.877
-2.0331
-2.0934
-2.2116
-2.2144
-2.2364
-1.9302
-1.7971
-1.741
-1.859
-1.8803
-1.9791
-2.0198
-1.9827
-1.926
-1.8108
-1.8707
-1.8331
-1.6393
-1.328
-1.0553
-1.1146
-1.3696
-1.5271
-1.5671
-1.6855
-1.7256
-1.7461
-1.5114
-1.3354
-1.3163
-1.2776
-1.396
-1.3769
-1.3381
-1.3189
-1.1815
-1.1228
-0.9655
-0.9658
-1.0055
-1.065
-1.2822
-1.2431
-1.3421
-1.1845
-0.92804
-0.98748
-1.0469
-1.0669
-1.0078
-0.75104
-0.49418
-0.1977
-0.039546
-0.03955
0.13844
0.19779
0.21759
0.17804
0.059351
0.21763
0.47484
0.69249
0.8112
0.94968
1.1673
1.2859
1.4441
1.5824
1.5625
1.4238
1.2655
1.285
1.2848
1.3042
1.3632
1.4813
1.5204
1.4607
1.3023
1.1441
1.183
1.3796
1.5169
1.5949
1.4366
1.3572
1.317
1.2376
1.0405
0.80435
0.68614
0.64643
0.91994
1.1147
1.2896
1.1322
0.8386
0.565
0.40871
0.50547
0.50489
0.58188
0.60055
0.54174
0.54104
0.36663
0.30831
0.30787
0.30741
0.15347
0.17238
0.11473
0.13363
0.28587
0.22829
0.28485
0.39805
0.56756
0.73639
0.81031
0.77105
0.48794
0.29963
0.14949
0.037291
0.14883
0.20417
0.33331
0.42489
0.33172
0.1103
-0.20171
-0.31095
-0.47434
-0.36393
-0.47185
-0.47058
-0.4332
-0.27001
-0.16155
0
-0.035698
0.053392
-0.17746
-0.23002
-0.31754
-0.14071
0.12275
0.4895
0.80171
1.0425
1.403
1.5022
1.5147
1.4756
1.2657
1.2957
1.3256
1.4229
1.4352
1.3296
1.2414
1.0032
0.78331
0.41529
0.06623
-0.36307
-0.69086
-0.88533
-1.0949
-1.2379
-1.6234
-2.1359
-2.5483
-2.8775
-3.0124
-2.8589
-2.77
-2.6183
-2.42
-2.1915
-1.9645
-1.8173
-1.7022
-1.6346
-1.5984
-1.6708
-1.7428
-1.8758
-1.8394
-1.8491
-1.9045
-1.9141
-1.8781
-1.8877
-1.9274
-2.057
-2.096
-1.9408
-1.5632
-1.1729
-0.87356
-0.50205
-0.26508
-0.20563
-0.058599
0.13151
0.37896
0.56702
0.65265
0.70894
0.79385
0.84959
0.76144
0.68804
0.71511
0.81345
0.72626
0.65369
0.49635
0.48119
0.565
0.49342
0.35178
0.21068
0.056081
-0.12596
-0.20958
-0.12554
0
0.083429
0.16661
0.31887
0.42917
0.49772
0.46946
0.46887
0.35812
0.23388
-0.054971
-0.32949
-0.56232
-0.6029
-0.50654
-0.3283
-0.34172
-0.50538
-0.70981
-0.85945
-0.88626
-0.94036
-0.95359
-0.98049
-1.0483
-0.99359
-0.84373
-0.74839
-0.78918
-0.92526
-1.0342
-0.99353
-1.0346
-1.103
-1.2259
-1.3355
-1.4315
-1.4733
-1.597
-1.7347
-1.8317
-1.9427
-2.0677
-2.1108
-2.0719
-1.9643
-1.7741
-1.6525
-1.5444
-1.519
-1.3691
-1.2605
-1.1793
-1.1813
-1.086
-1.1578
-1.0623
-1.0224
-0.87022
-0.71741
-0.60627
-0.57945
-0.53838
-0.49714
-0.44148
-0.31416
-0.34369
-0.31596
-0.46094
-0.57795
-0.71022
-0.85794
-1.0651
-1.2297
-1.5132
-1.5629
-1.7018
-1.7083
-1.7447
-1.7666
-1.8339
-1.8868
-1.8493
-1.7051
-1.468
-1.1828
-0.87961
-0.79072
-0.71662
-0.7984
-0.75519
-0.69577
-0.65168
-0.71903
-0.75501
-0.66222
-0.61717
-0.71864
-0.87059
-0.85914
-0.78112
-0.53502
-0.40371
-0.37235
-0.15328
0.034279
0.207
0.22572
0.33208
0.49267
0.74402
0.90967
1.0597
1.1938
1.2205
1.2293
1.2383
1.2846
1.463
1.5118
1.5804
1.5157
1.4501
1.4614
1.3944
1.2867
1.1373
0.94536
0.77055
0.57242
0.49469
0.49879
0.58678
0.69738
0.89507
1.2466
1.6474
2.0113
2.3373
2.5355
2.5576
2.4894
2.2829
2.0957
2.0677
2.0625
1.9625
1.9322
1.5884
1.2626
0.75938
0.49429
0.34908
0.12578
-0.1269
-0.4353
-0.33584
-0.18244
-0.21035
0.1061
-0.02676
0
-0.27232
-0.02747
0.3048
0.69873
0.8739
1.1089
0.9176
0.7808
0.72906
0.55873
0.62269
0.59794
0.33157
0.30388
0.2757
0.24702
0.031123
-0.12547
-0.79028
-1.083
-1.1876
-1.0025
-0.84705
-1.083
-1.0578
-1.1986
-1.0394
-1.1817
-1.4277
-1.8138
-2.3083
-2.254
-2.2686
-2.1425
-1.9438
-1.7779
-1.5381
-1.2234
-0.79616
-0.43673
-0.18298
-0.29435
-0.25893
-0.40899
0.14948
0.56332
0.83018
0.98574
0.95217
1.2242
1.3448
1.5048
1.6272
1.7503
1.9132
1.9595
1.7699
1.3419
1.5445
1.5495
1.2355
0.91938
0.24053
0.1206
-0.08061
-0.28285
-0.28353
-0.24358
-0.16274
-0.53001
-0.28595
0.36833
0.86093
0.7802
0.12338
0
0.28867
0.37159
0.496
0.1655
-0.20706
-0.95326
-1.659
-1.992
-2.2007
-1.4954
-1.2882
-0.7066
-0.24943
-0.24944
-0.29101
-0.37413
-0.24937
-0.12465
-0.12461
-0.83038
-0.99596
-1.0369
-0.58026
-0.20709
-0.33107
-0.66157
-1.0327
-1.5269
-1.6077
-1.1941
-0.65801
0.16429
0.41017
0.040959
-0.69528
-1.5926
-1.9978
-1.7909
-1.1783
-0.28392
0.48582
0.88898
1.2905
1.2074
0.84343
0.36069
0
-0.15959
-0.23883
-0.47653
-0.47537
-0.039515
0.23648
0.51104
0.90173
0.58647
0.3509
-0.038877
-0.34887
0.038648
0.07706
0.19205
0.22973
0.19082
0.34234
0.49282
0.64224
0.4894
0.22507
-0.33637
-1.0426
-1.7434
-2.4017
-2.3923
-2.6026
-2.5554
-2.7266
-2.8598
-2.9916
-2.7272
-2.6792
-2.7381
-3.0439
-2.9942
-2.8045
-2.5814
-2.4991
-2.4864
-2.1987
-1.9479
-1.5296
-1.217
-1.1094
-0.96949
-1.1634
-1.2558
-1.1827
-1.0776
-0.7465
-0.8064
-0.64108
-0.66885
-0.53795
-0.56587
-0.56211
-0.46527
-0.58533
-0.45891
-0.78986
-1.2367
-1.3776
-1.2784
-0.79679
-0.64441
-0.72677
-0.80779
-0.80158
-0.71014
-0.45092
-0.25163
-0.22189
-0.44019
-0.51847
-0.73073
-0.72468
-0.50571
-0.3959
-0.39255
0.15568
0.25725
0.43356
0.12642
-0.20051
-0.34782
-0.29551
-0.29291
0.072581
0.26377
0.57039
0.7302
0.8871
0.80977
0.59617
0.29542
0.067564
-0.02232
0.044242
0.087695
-0.13037
-0.5384
-0.96054
-1.3964
-1.4889
-1.5591
-1.5661
-1.3482
-0.91134
-0.50197
-0.17917
0
0.19575
0.34942
0.51982
0.59197
0.79555
0.86437
0.83891
0.75838
0.62406
0.72862
0.95819
1.0409
0.97985
0.97285
0.98358
1.0117
0.88356
0.84327
0.90617
0.96835
0.94544
0.92291
0.91742
1.1111
1.2203
1.3612
1.4518
1.5255
1.5824
1.4302
1.3755
1.2738
1.2683
1.263
1.148
1.0809
0.92096
0.85558
0.68225
0.46375
0.15414
0.015373
0
0.045899
0.25955
0.32002
0.31948
0.28862
0.22756
0.21216
0.16654
0.12104
0.12098
0.090709
-0.075585
-0.22678
-0.51421
-0.7566
-0.8783
-0.84882
-0.77392
-0.71419
-0.86751
-1.0672
-1.2374
-1.3779
-1.4886
-1.6617
-1.8669
-1.888
-1.863
-1.9472
-2.0324
-2.2441
-2.3633
-2.5156
-2.6061
-2.7457
-2.855
-2.9496
-2.981
-2.9968
-2.8986
-2.7832
-2.7498
-2.833
-3.0014
-2.9529
-2.9551
-2.9576
-2.9605
-3.0678
-3.0372
-2.9537
-2.7983
-2.5873
-2.4632
-2.283
-2.0635
-1.8591
-1.5958
-1.403
-1.1317
-0.85586
-0.69046
-0.42553
-0.33164
-0.11806
-0.17862
0.04004
0.040391
0.2241
0.30829
0.31101
0.29284
0.12661
0.10644
0.17181
0.34663
0.34967
0.4409
0.53366
0.51583
0.63334
0.52465
0.57506
0.57984
0.37414
0.33003
0.11881
-0.095797
-0.16894
-0.19455
0
0.37019
0.6711
0.6758
0.4536
0.32978
0
-0.051383
-0.10339
-0.077996
-0.15687
-0.10515
-0.26425
-0.1859
-0.45362
-0.45568
-0.43072
-0.43246
-0.29845
-0.054457
0.027319
0.13701
0.24731
0.27549
0.27612
0.19368
0
0.055518
0.13897
0.3895
0.58467
0.44567
0.33432
0.41789
0.55702
0.8629
0.8344
0.58346
0.47172
0.4987
0.49781
0.41401
0.27539
0.43954
0.65754
0.87418
1.1983
1.33
1.2442
0.94314
0.45631
0.42771
0.18632
0.265
0.10551
0.10501
-0.31348
-0.51982
-0.9308
-1.1316
-1.1766
-1.1446
-1.1128
-1.232
-1.3248
-1.5404
-1.5064
-1.6199
-1.7074
-1.8905
-2.1435
-2.2973
-2.3063
-2.2914
-2.2296
-2.0985
-1.8531
-1.5418
-1.2802
-1.2037
-1.1282
-0.98629
-0.55674
-0.066376
0.35172
0.76444
1.0851
1.2076
1.4143
1.661
1.8624
2.0823
2.0907
1.995
1.9833
1.9717
2.1033
2.193
2.3221
2.3697
2.3569
2.3246
2.4509
2.4975
2.5047
2.4925
2.3838
2.3534
2.2467
2.3133
2.3224
2.2748
2.1146
1.843
1.7048
1.5679
1.3577
1.0379
0.73892
0.49718
0.3488
0.20134
0.054757
-0.018203
-0.05447
-0.036225
-0.21685
-0.2344
-0.50382
-0.70039
-0.55571
-0.37581
-0.10721
-0.017842
0.035636
0.053389
-0.10666
0.01776
0
-0.15958
-0.2658
-0.44276
-0.83205
-0.97338
-1.0086
-0.76079
-0.54849
-0.51316
-0.54867
-0.60196
-0.61992
-0.62024
-0.62062
-0.62106
-0.88793
-1.0487
-1.192
-1.0686
-1.0342
-0.92833
-1.0368
-1.0382
-0.82462
-0.77203
-0.64739
-0.63046
-0.50525
-0.48809
-0.38034
-0.2722
-0.25457
-0.29154
-0.1826
-0.2196
0.018341
0
-0.16584
-0.36941
-0.4629
-0.44549
-0.35358
-0.44779
-0.61733
-0.80655
-0.69589
-0.56579
-0.34042
-0.24656
-0.36138
-0.3052
-0.019131
0.21106
0.55811
0.81073
0.92937
0.97107
1.1884
1.4852
1.6859
1.7699
1.6769
1.6625
1.6083
1.6334
1.6588
1.7444
1.6898
1.6147
1.2555
1.0972
1.0397
1.1659
1.252
1.215
1.0952
0.87083
0.62415
0.33402
0.27232
0.14714
0.063278
0
-0.31858
-0.40494
-0.59882
-0.75113
-1.1414
-1.2966
-1.4746
-1.6756
-1.878
-2.1037
-2.4629
-2.9569
-3.4322
-3.822
-3.8353
-3.5801
-3.3905
-3.1769
-3.0523
-2.9267
-2.8685
-2.8784
-2.9112
-2.8291
-2.5157
-2.1537
-1.9054
-1.6787
-1.427
-0.93889
-0.68297
-0.42532
-0.40301
-0.49947
-0.31021
-0.28727
-0.38426
-0.31321
-0.36255
-0.48492
-0.31618
-0.58552
-0.66073
-0.78546
-0.66472
-0.54323
-0.4953
-0.64575
-0.89668
-0.77432
-0.60115
-0.50233
-0.65479
-0.90905
-1.0633
-1.193
-1.0179
-0.7908
-0.537
-0.33322
-0.38538
-0.28325
-0.3613
-0.64657
-0.7516
-0.90896
-0.85872
-0.78216
-0.62689
-0.57569
-0.44562
-0.15754
-0.21039
-0.39509
-0.58032
-0.47548
-0.1587
0.026484
0.39774
0.42473
0.23916
-0.133
-0.39935
-0.63949
-0.82663
-0.77383
-0.801
-0.82814
-0.90869
-0.5882
-0.37442
-0.2675
-0.24079
-0.18729
0.053511
0.4013
0.53498
0.45463
0.37428
0.4543
0.88147
0.98778
1.0672
1.0131
0.71931
0.74533
0.66486
0.55793
0.45118
0.18557
0
-0.15866
-0.68662
-0.923
-1.3166
-1.6564
-1.8637
-1.8082
-1.648
-1.4623
-1.3553
-1.4828
-1.5317
-1.3732
-1.1634
-1.0319
-1.1069
-1.2841
-1.563
-1.6615
-1.785
-2.0349
-2.2074
-2.3536
-2.2717
-2.165
-2.2093
-2.4035
-2.3469
-1.9668
-1.5391
-0.96536
-0.7404
-0.66437
-0.66237
-0.83156
-0.75585
-0.70489
-0.65421
-0.3623
-0.43337
-0.33598
-0.43057
-0.26227
-0.23764
-0.3079
-0.4013
-0.47052
-0.51582
-0.74774
-0.76846
-1.1835
-1.3413
-1.498
-1.4009
-1.2129
-0.84377
-0.59082
-0.36229
-0.22563
-0.11241
0.11201
0.4241
0.7117
0.79777
0.79488
0.77
1.0521
1.5288
1.7843
1.8645
1.512
1.2482
1.0721
0.83314
0.6385
0.38168
0.084504
-0.27362
-0.5452
-0.89831
-1.1863
-1.2441
-1.3427
-1.3789
-1.4967
-1.5524
-1.4651
-1.2772
-1.0098
-0.70419
-0.56123
-0.51917
-0.57688
-0.63415
-0.82916
-0.80635
-0.80328
-0.68312
-0.5833
-0.61982
-0.69464
-0.82654
-0.91913
-1.0491
-1.2922
-1.6848
-1.9046
-1.9537
-1.9275
-1.8082
-1.6899
-1.6279
-1.5664
-1.4686
-1.3532
-0.89261
-0.47181
-0.018077
0.21609
0.46641
0.71481
0.78328
0.79802
0.68897
0.63355
0.54348
0.62873
0.57415
0.50264
0.50074
0.51604
0.8911
1.2463
1.5137
1.7453
1.6881
1.6146
1.2902
1.0517
0.7651
0.72916
0.77603
0.92127
1.0655
1.1596
1.2531
1.1676
0.93725
0.628
0.35302
0.27185
0.12749
-0.095291
-0.37987
-0.59945
-0.89619
-1.05
-1.2652
-1.3857
-1.4278
-1.5007
-1.5731
-1.599
-1.6708
-1.6352
-1.5847
-1.6105
-1.6665
-1.7222
-1.5366
-1.3071
-1.0938
-1.0013
-1.0583
-1.0408
-1.1569
-1.2428
-1.3137
-1.3401
-1.4547
-1.3635
-1.229
-1.0658
-0.75772
-0.66899
-0.47904
-0.40572
-0.36163
-0.30326
-0.12976
0.014396
0.24438
0.38759
0.50178
0.68731
0.92965
1.2144
1.256
1.2263
1.0258
0.91112
0.9105
0.85307
0.75315
0.53975
0.22718
0.085169
0.07096
0.042571
0.085139
0.19867
0.42578
0.69559
0.90881
1.0654
1.1796
1.2372
1.366
1.4667
1.4964
1.4407
1.3565
1.3293
1.2593
1.2752
1.2339
1.0919
0.89211
0.77822
0.7362
0.72301
0.68086
0.40639
0.17451
-0.029144
-0.20444
-0.39514
-0.51338
-0.5881
-0.64846
-0.72394
-0.90352
-1.2474
-1.5337
-1.7618
-1.8416
-1.7868
-1.8372
-1.9333
-2.1512
-2.2186
-2.1797
-2.0796
-2.0095
-2.1238
-2.069
-1.9054
-1.6475
-1.4192
-1.3144
-1.3817
-1.3392
-1.4071
-1.523
-1.6557
-1.8371
-1.8435
-1.7373
-1.5658
-1.5388
-1.5116
-1.6147
-1.5056
-1.3137
-1.2028
-0.92574
-0.66342
-0.41598
-0.15023
-0.016745
0.11758
0.18533
0.15209
0.33896
0.49289
0.76694
0.87154
0.95947
1.0649
0.92978
0.84566
0.72646
0.74534
0.81631
0.73086
0.55784
0.29684
0.052464
0.035026
0.052605
0.19311
0.42174
0.61557
0.5808
0.40503
0.28187
0.21146
0.2291
0.24671
0.14094
-0.035221
-0.17601
-0.35175
-0.68529
-1.1233
-1.4375
-1.6454
-1.6603
-1.727
-1.741
-1.8415
-1.9065
-1.8325
-1.6724
-1.3237
-0.90832
-0.68328
-0.56177
-0.47492
-0.25346
-0.01683
0.3352
0.60074
0.64787
0.46296
0.36199
0.32743
0.47232
0.729
0.83777
0.57671
0.28668
-0.079161
-0.45633
-0.65677
-0.88566
-1.1578
-1.4568
-1.7668
-1.9361
-1.9226
-1.8791
-1.8064
-1.8813
-1.9404
-1.9982
-2.0406
-2.082
-1.981
-1.9515
-1.8804
-1.7688
-1.6039
-1.3463
-1.2005
-1.0971
-0.92896
-0.80292
-0.70497
-0.84162
-0.61641
-0.52219
-0.17685
-0.025057
0.22366
0.52994
0.70899
0.72748
0.61335
0.54877
0.60354
0.68092
0.792
0.86666
0.9287
0.87601
0.74512
0.45936
0.2224
-0.077261
-0.15339
-0.26104
-0.36716
-0.51468
-0.57498
-0.52874
-0.34661
-0.23997
-0.15548
-0.18538
-0.27633
-0.19325
-0.16176
-0.1809
-0.31974
-0.42722
-0.58296
-0.70759
-0.97762
-1.1964
-1.3937
-1.4737
-1.5435
-1.6511
-1.777
-1.798
-1.7153
-1.5303
-1.5059
-1.5285
-1.6348
-1.7129
-1.7353
-1.7671
-1.7165
-1.648
-1.571
-1.4764
-1.4279
-1.2891
-1.0694
-0.95016
-0.83141
-0.70408
-0.57714
-0.40548
-0.22513
-0.24303
-0.14398
0.062987
0.27897
0.49509
0.67544
0.80204
0.88389
0.91187
0.85873
0.77845
0.825
0.86278
0.90994
0.88452
0.79516
0.8063
0.87276
0.93974
0.92411
0.93636
0.93024
1.0363
1.1245
1.2512
1.417
1.4895
1.601
1.6659
1.7702
1.8661
1.905
1.925
1.8865
1.9961
2.0277
2.04
1.9621
1.8937
1.8959
2.001
2.1284
2.185
2.1379
2.0375
1.9251
1.8649
1.847
1.8073
1.7341
1.671
1.7296
1.8006
1.8616
1.878
1.7907
1.5971
1.3293
1.1754
1.1265
1.1614
1.1237
1.036
0.84684
0.70429
0.597
0.57734
0.55727
0.35349
0.25131
0.10691
0.22954
0.25922
0.38602
0.36222
0.40829
0.41262
0.28759
0.33425
0.32313
0.17813
0.045008
-0.1213
-0.21454
-0.046461
0.078256
0.031634
-0.015984
-0.19382
-0.14688
-0.23086
-0.19992
-0.3198
-0.44208
-0.56677
-0.78063
-0.92854
-1.1323
-1.1791
-1.1543
-0.96503
-0.84545
-0.94604
-1.0296
-1.0389
-0.91468
-0.88422
-1.1826
-1.4467
-1.6953
-1.6096
-1.322
-1.191
-1.017
-1.045
-0.9907
-0.74829
-0.66974
-0.52675
-0.29691
-0.10671
0.06442
0.19441
0.15208
0.17478
-0.043931
-0.30912
-0.31066
-0.53513
-0.62721
-0.67498
-0.79082
-0.43104
-0.36439
-0.64002
-0.75695
-0.8515
-0.6464
-0.76407
-1.1145
-1.3269
-1.3534
-1.2863
-1.4999
-1.6672
-1.7878
-1.7435
-1.5809
-1.2286
-1.0881
-0.99451
-1.0665
-1.0199
-0.83065
-0.56988
-0.28505
-0.40393
-0.35646
-0.35648
-0.23764
-0.40393
-0.59386
-0.78363
-1.0207
-1.2574
-1.4463
-1.6587
-1.8232
-1.9401
-1.8439
-1.606
-1.5101
-1.2022
-0.989
-0.70567
-0.51691
-0.63366
-0.84389
-0.93654
-1.0991
-1.1445
-1.0964
-1.1183
-1.1867
-1.1387
-0.99802
-0.81132
-0.74085
-0.94804
-0.90068
-0.80732
-0.76027
-0.96648
-1.1033
-1.2627
-1.4448
-1.489
-1.8536
-2.126
-2.398
-2.4641
-2.3251
-2.2547
-2.1618
-2.1373
-2.1356
-2.066
-2.178
-2.2219
-2.3112
-2.4684
-2.535
-2.7374
-2.6458
-2.6673
-2.576
-2.3945
-2.0777
-1.874
-1.7157
-1.9411
-1.8732
-1.6925
-1.3314
-1.1058
-0.85758
-0.85765
-0.76746
-0.6547
-0.6774
-0.56462
-0.54216
-0.36154
-0.42945
-0.4522
-0.52021
-0.40727
-0.5206
-0.43024
-0.45307
-0.40794
-0.31743
-0.34026
-0.27234
-0.11353
-0.022717
-0.13637
-0.13644
-0.38677
-0.52355
-0.68323
-0.77472
-0.61552
-0.22808
-0.022819
0.068491
-0.045682
-0.25137
-0.73157
-0.75476
-0.70931
-0.27468
0.13739
0.45814
0.38955
0.32091
0.1605
-0.022935
-0.068822
-0.20651
0.091802
0.022955
-0.022958
0.045922
-0.22963
-0.55115
-0.75786
-0.91863
-0.89565
-0.66596
-0.59703
-0.71176
-0.71167
-0.43612
0.20654
0.6195
0.89462
1.032
1.0546
1.0772
0.96227
0.8245
0.84708
0.86962
0.82349
0.80026
0.61706
0.4797
0.38813
0.29666
0.41054
0.43311
0.59235
0.52371
0.75098
1.1144
1.4548
1.9082
2.2023
2.4052
2.6305
2.833
3.1031
3.2824
3.1901
2.9621
2.7797
2.5523
2.4607
2.324
2.2552
2.2992
2.2982
2.2746
1.936
1.6652
1.3947
1.2817
1.3488
1.5956
1.73
1.8194
1.6619
1.4595
1.1001
0.89796
0.69588
0.78565
0.71832
0.49387
0.33676
0
-0.067372
-0.20216
-0.15727
-0.13485
-0.26978
-0.51727
-0.65248
-0.99043
-0.81075
-0.72105
-0.45092
-0.49632
-0.42892
-0.36145
-0.33911
0.067874
0.27172
0.70253
0.92997
1.1352
1.4089
1.5923
1.8216
1.6868
1.2322
0.75386
0.52601
0.36635
0.32093
0.22951
0.02298
0.069024
-0.023037
0
-0.20787
-0.50878
-0.76417
-1.0434
-1.277
-1.6274
-2.0253
-2.2378
-2.194
-1.9866
-1.8721
-2.0855
-2.4401
-2.6311
-2.5403
-2.1666
-2.1456
-2.1717
-2.1033
-1.9401
-1.8001
-1.8494
-1.8275
-1.8768
-1.8548
-2.023
-1.9294
-1.7403
-1.4314
-1.3608
-1.2183
-1.219
-0.93263
-0.74165
-0.74193
-0.81399
-0.69445
-0.64667
-0.50302
-0.45512
-0.28743
-0.2395
-0.16761
-0.33513
-0.28715
-0.16743
-0.11953
0.095564
-0.023874
0
-0.14301
-0.14287
-0.14272
-0.047518
0.047459
0.023698
0.11832
0.11814
0.21232
0.21196
0.16456
-0.070395
-0.28103
-0.3973
-0.23321
-0.25596
-0.23215
-0.30107
-0.25412
-0.32259
-0.34471
-0.41252
-0.27424
-0.20508
0.090878
0.06795
0.1129
-0.11253
-0.15703
-0.35774
-0.51249
-0.66615
-0.59742
-0.39685
-0.2636
-0.28451
-0.43605
-0.41267
-0.38944
-0.43103
-0.42932
-0.55589
-0.72401
-0.95435
-1.0561
-1.1358
-1.1311
-1.189
-1.2047
-1.3031
-1.6271
-1.9073
-2.1647
-2.0131
-1.8831
-1.7541
-1.7265
-1.8191
-1.8711
-1.8631
-1.8355
-1.7688
-1.7027
-1.7346
-1.7662
-1.7782
-1.6169
-1.3803
-1.1075
-0.93187
-0.87136
-1
-1.2781
-1.5915
-1.7348
-1.9699
-1.9812
-2.0663
-2.1141
-2.18
-2.3004
-2.2744
-2.2851
-2.1331
-2.0182
-1.7246
-1.2
-0.66072
-0.24929
-0.035513
0
0.24727
0.5109
0.77326
1.0519
1.1195
1.309
1.3759
1.3731
1.3878
1.368
1.4347
1.5531
1.5507
1.4452
1.1683
0.77215
0.34277
0.051359
-0.37626
-0.70058
-0.93905
-1.0578
-1.2447
-1.4145
-1.1925
-0.91962
-0.76618
-0.80013
-1.0384
-1.3109
-1.4814
-1.4307
-1.4482
-1.4318
-1.4838
-1.4335
-1.1443
-0.923
-0.8212
-0.8734
-0.85722
-0.97839
-1.0656
-1.1187
-1.103
-0.93212
-0.8126
-0.79667
-0.83279
-0.64314
-0.55731
-0.43628
-0.4372
-0.50825
-0.54453
-0.40494
-0.33532
-0.33614
-0.40794
-0.55126
-0.64188
-0.80453
-0.80677
-0.80906
-0.6311
-0.74147
-0.85253
-0.94611
-0.83955
-0.54926
-0.18367
-0.018427
0.018487
-0.12984
-0.1675
-0.42951
-0.56215
-0.52648
-0.24529
-0.037869
-0.13301
-0.20976
-0.65066
-0.90266
-1.2336
-1.3541
-1.4949
-1.5393
-1.8773
-2.1392
-2.6197
-2.9257
-3.0554
-3.0066
-2.8376
-2.6272
-2.4956
-2.4439
-2.3106
-2.156
-1.939
-1.7204
-1.5824
-1.2784
-1.0758
-0.80953
-0.62475
-0.48052
-0.44013
-0.46253
-0.63266
-0.78265
-0.99713
-1.0852
-1.0242
-0.79174
-0.92265
-0.92512
-0.97068
-1.1029
-1.149
-1.3256
-1.4594
-1.4627
-1.5096
-1.4471
-1.3402
-1.2767
-1.3012
-1.3035
-1.2172
-1.064
-0.82145
-0.73371
-0.69018
-0.51273
-0.51334
-0.42453
-0.44733
-0.44775
-0.64978
-0.76239
-0.76289
-0.80823
-0.78616
-0.96623
-1.0789
-1.0342
-1.0568
-0.96689
-0.94435
-0.78685
-0.65182
-0.8089
-1.123
-1.347
-1.2116
-0.87447
-0.64977
-0.67164
-0.67104
-0.78212
-0.5804
-0.42366
-0.22271
-0.13346
-0.11107
0.088728
0.19934
0.46442
0.4416
0.48495
0.59414
0.74684
0.92087
1.0285
1.245
1.5912
1.8055
1.9754
2.1228
2.2695
2.2429
2.2594
1.8678
1.5636
1.1967
0.95932
0.76561
0.61525
0.40211
-0.042224
-0.52649
-0.71425
-1.0687
-1.0451
-1.1885
-1.2895
-1.1825
-0.9519
-0.70182
-0.43239
-0.39024
-0.22537
-0.327
-0.3262
-0.32541
-0.040578
0.060722
-0.060579
-0.080584
-0.080399
0.16043
0.2201
0.21962
0.33868
0.27832
0.57533
0.55436
0.51375
0.3747
0.27558
0.25542
0.49033
0.62654
0.72323
0.78062
0.70148
0.91446
1.1657
1.4552
1.7828
1.9548
2.0879
2.0857
1.9871
2.0239
1.8873
1.9051
1.8077
1.7105
1.5751
1.536
1.4587
1.4774
1.4196
1.3811
1.381
1.5154
1.6307
1.7078
1.6316
1.5938
1.5178
1.4033
1.3273
1.2899
1.4259
1.5429
1.6604
1.7203
1.703
1.589
1.2226
0.99118
0.62291
0.48747
0.29301
0.13699
0.15687
-0.078597
-0.29537
-0.51313
-0.55389
-0.67422
-0.81507
-0.91686
-0.83939
-0.86176
-0.84414
-0.74585
-0.58637
-0.32453
-0.40696
-0.48997
-0.69648
-0.82223
-0.9283
-1.0145
-0.99748
-0.73009
-0.41881
-0.042047
-0.021108
-0.021195
0.17027
0.53434
1.0733
1.5524
1.7975
1.8492
1.5954
1.4711
1.3898
1.4187
1.4033
1.164
0.92231
0.74608
0.63626
0.50249
0.34439
0.18464
0.25522
0.11663
0.21107
-0.047159
-0.35563
-0.596
-0.76713
-0.89196
-0.897
-0.82895
-0.63753
-0.3206
-0.54568
-0.82328
-1.2296
-1.464
-1.5487
-1.609
-1.6956
-1.8607
-1.9758
-1.9877
-1.7102
-1.6411
-1.7308
-1.8484
-2.0752
-1.9522
-1.6367
-1.5917
-1.4633
-1.3333
-1.2296
-1.0403
-0.93342
-1.0529
-1.0306
-1.0656
-1.0431
-1.1368
-0.96767
-0.73747
-0.50447
-0.089554
-0.060057
0.27185
0.33422
0.33618
0.27666
0.37102
0.71524
0.96956
1.1638
1.1072
0.82714
0.86378
1.0295
1.391
1.6264
1.6026
1.4797
1.124
0.89738
0.43436
0.033588
-0.23634
-0.74659
-1.2961
-1.7141
-1.9293
-1.8004
-1.7396
-1.4683
-1.4753
-1.4822
-1.3828
-0.99731
-0.32201
-0.035939
0.14439
-0.036253
0.072814
-0.10968
-0.33039
-0.81088
-1.4432
-2.1175
-2.312
-2.0212
-1.5778
-1.4704
-1.7025
-1.5945
-1.2951
-0.84072
-0.57504
-0.96136
-1.4271
-1.586
-1.3189
-0.81684
-0.624
-0.43009
-0.43115
-0.6286
-1.2994
-1.5785
-1.6608
-1.5849
-1.31
-0.87486
-0.79666
-0.55854
-0.55935
-0.92019
-1.0816
-1.3636
-1.5256
-1.527
-1.3674
-1.2879
-0.92627
-1.2491
-1.2899
-1.5322
-1.4921
-1.4922
-1.6132
-1.4113
-1.4915
-1.4507
-1.4097
-1.4491
-1.6492
-1.7684
-2.0076
-2.0456
-2.4438
-2.4006
-1.9577
-1.3963
-0.75673
-0.59638
-0.754
-0.87133
-0.75094
-0.31549
-0.47214
-0.27474
-0.039149
-0.078091
0.42831
0.38825
0.30968
-0.077179
-0.30773
-0.49839
-0.076413
0
0.26553
0.52907
0.60232
0.56244
0.37344
0.22313
0.40732
0.18434
-0.25692
-0.32881
-0.69092
-0.83239
-0.93638
-0.60921
-0.32089
-0.070942
0
-0.38607
-0.17453
-0.52071
-0.69039
-0.82376
-0.546
0.1357
0.23607
0.60337
0.1999
-0.3311
-0.85548
-1.0135
-0.74716
-0.74232
-0.73746
-0.98738
-1.3288
-1.5084
-1.3108
-0.89885
-0.67715
-0.97804
-1.5477
-1.8983
-2.1539
-1.9601
-1.7984
-1.6681
-1.3653
-1.3552
-1.4595
-1.4201
-1.5503
-1.5664
-1.5267
-1.4048
-0.98393
-0.54239
-0.64579
-0.9611
-1.3774
-1.6556
-1.851
-2.0433
-1.8987
-1.68
-1.3888
-1.2524
-1.2672
-1.257
-1.1736
-0.9701
-1.0585
-0.95452
-0.71011
-0.46959
-0.16303
0.11551
0.11458
-0.022731
-0.13529
-0.089465
0.044373
0.022009
-0.26199
-0.47647
-0.47268
-0.46892
-0.31718
-0.35663
-0.43707
-0.53689
-0.5122
-0.46755
-0.52444
-0.82061
-1.2314
-1.5176
-1.5647
-1.514
-1.3871
-1.3384
-1.0818
-0.99842
-0.8415
-0.85393
-0.9399
-0.80507
-0.52683
0.036077
0.64483
1.1918
1.5545
2.0001
2.3351
2.5618
2.648
2.5452
2.4099
2.327
2.2619
2.2644
2.2669
2.1544
1.8962
1.6899
1.4377
1.2206
0.99003
0.60337
0.36317
0.23556
0.26553
0.18644
0.015456
-0.15377
-0.061199
0
0.075754
0.060315
0.030017
0.059761
0.089242
0.19251
0.26542
0.22026
0.16086
0.029132
-0.043528
0.014455
0.14401
0.2296
0.4433
0.59857
0.66764
0.66553
0.55055
0.5067
0.49121
0.48986
0.57231
0.71009
0.81947
0.91456
0.98165
0.86919
0.70221
0.3573
0.054871
-0.20542
-0.5469
-0.65531
-0.7771
-0.84419
-1.0064
-1.1955
-1.1673
-1.1663
-1.0163
-0.97508
-1.0287
-1.123
-1.1767
-1.1224
-1.0682
-1.0141
-1.0818
-1.1632
-1.1365
-1.2182
-1.3137
-1.4093
-1.4646
-1.4251
-1.508
-1.6591
-1.7427
-1.7721
-1.8427
-1.9684
-2.1768
-2.29
-2.3352
-2.3257
-2.3578
-2.3764
-2.4506
-2.4421
-2.4617
-2.3421
-2.2081
-2.1157
-1.9528
-1.7891
-1.4269
-1.1902
-0.98059
-1.0121
-1.0582
-1.1334
-1.1804
-1.17
-1.0871
-0.97461
-0.77377
-0.65942
-0.57368
-0.54638
-0.72646
-0.84848
-0.83703
-0.70545
-0.45221
-0.37847
-0.36493
-0.44293
-0.38356
-0.27743
-0.17033
0.046672
0.21884
0.21989
0.12626
-0.095162
-0.095634
-0.2563
-0.27369
-0.32363
-0.42287
-0.37601
-0.42726
-0.46252
-0.2989
-0.21701
-0.033563
0.18558
0.40706
0.56271
0.89146
1.0341
1.2997
1.5157
1.7341
1.814
1.7352
1.7802
1.8256
2.0334
2.2253
2.3282
2.0664
1.8753
1.5711
1.6351
1.457
1.3708
1.1326
0.98671
0.8011
0.36427
0.019271
-0.23243
-0.35041
-0.74346
-0.92414
-1.1856
-1.1716
-0.99768
-0.76189
-0.54394
-0.26314
-0.18303
-0.081723
0.041049
0.24742
0.24853
0.10402
0.14626
0.25183
0.25291
0.38098
0.42508
0.34148
0.042859
-0.043033
-0.021602
0.21687
0.54429
0.74307
0.74588
0.83674
0.75142
0.88723
0.95719
1.184
1.3002
1.4621
1.6024
1.721
1.9311
1.9145
1.8063
1.5826
1.4495
1.4077
1.4814
1.509
1.5134
1.5878
1.7328
1.9255
2.1191
2.0304
1.8227
1.8038
1.6419
1.5268
1.0762
0.76716
0.72095
0.79493
0.89337
1.1858
1.0672
0.68065
-0.024362
-0.3418
-0.83181
-0.83352
-0.98259
-1.3291
-1.529
-1.9272
-2.2773
-2.4797
-2.4096
-2.1151
-2.1684
-2.1969
-2.1753
-1.7279
-1.1787
-0.95432
-0.88017
-0.67987
-0.45381
-0.12621
-0.10108
0
0.27854
0.43088
0.45662
0.43159
0.25406
0.12711
0
-0.1527
-0.22915
-0.35658
-0.73882
-0.86636
-0.96837
-0.73902
-0.63703
-0.38215
-0.12735
-0.076379
0.27992
0.17803
-0.10166
-0.30475
-0.35522
-0.5323
-0.9115
-1.2897
-1.7931
-2.0678
-1.8632
-1.6087
-1.0538
-0.90147
-0.42482
-0.024934
0.37315
0.64521
0.74256
0.6665
0.68923
0.90807
1.0521
1.1706
1.1667
0.72663
0.2896
-0.19234
-0.31134
-0.50091
-0.66511
-0.92244
-0.96546
-1.0548
-0.95659
-0.92879
-0.78558
-1.0115
-1.3951
-1.7744
-1.9006
-1.8226
-1.7452
-1.6239
-1.5038
-1.231
-1.0924
-1.064
-0.92783
-0.81471
-0.61772
-0.31741
-0.25224
-0.083513
-0.20736
-0.18534
-0.1227
-0.08122
-0.34273
-0.68054
-0.97369
-0.98631
-0.97907
-1.0496
-1.254
-1.417
-1.3683
-1.1882
-1.198
-1.0774
-1.0324
-0.75007
-0.38125
-0.32429
-0.12515
-0.19516
-0.17606
-0.26208
-0.43348
-0.70552
-1.0759
-1.339
-1.5644
-1.536
-1.4252
-1.135
-0.78378
-0.32419
0.048277
0.4154
0.69798
1.0081
1.1887
1.2737
1.1724
1.0266
1.0502
1.2701
1.412
1.4626
1.4237
1.3706
1.3476
1.1939
1.0131
0.9065
0.8584
0.9105
1.146
1.4635
1.7358
1.908
1.8845
1.8202
1.7841
1.7758
1.6862
1.5299
1.2538
0.84582
0.3878
0.026642
-0.3716
-0.66121
-0.84345
-1.0771
-1.2832
-1.6058
-1.8615
-1.9993
-2.1236
-2.1572
-2.0621
-1.9677
-1.7713
-1.4349
-1.0744
-0.83008
-0.68865
-0.67506
-0.62343
-0.53387
-0.41914
-0.34271
-0.25374
-0.32974
-0.46916
-0.68469
-0.79889
-0.82447
-0.72329
-0.46976
-0.26681
-0.10173
-0.15274
-0.28035
-0.37002
-0.35777
-0.31994
-0.34612
-0.34677
-0.29598
-0.3353
-0.47824
-0.66078
-0.81833
-0.9247
-0.9926
-1.1789
-1.3664
-1.4103
-1.4282
-1.3402
-1.2518
-1.2698
-1.1941
-1.1718
-1.0683
-0.84187
-0.64089
-0.43824
-0.22009
-0.11055
-0.1527
-0.12553
-0.15416
-0.19717
-0.31137
-0.5121
-0.7149
-1.0061
-1.2859
-1.5542
-1.7524
-1.9382
-2.1703
-2.4348
-2.5977
-2.6274
-2.7027
-2.9003
-3.146
-3.287
-3.1979
-2.8435
-2.313
-2.012
-1.7707
-1.8287
-1.9032
-1.9785
-2.0708
-1.9362
-1.7672
-1.7114
-1.8037
-1.9968
-2.0748
-1.8674
-1.8267
-1.7515
-1.8803
-1.598
-1.3126
-1.0067
-0.81983
-0.89391
-0.66921
-0.56617
-0.2666
-0.035704
0
-0.16204
-0.36155
-0.41743
-0.2915
-0.18286
-0.12846
-0.25782
-0.24021
-0.24098
-0.09297
0
0.093507
0.18751
0.20679
0.37688
0.43439
0.43531
0.47409
0.51295
0.60896
0.76236
0.72524
0.53505
0.095648
-0.057443
-0.19163
-0.057525
0.076739
-0.038383
-0.076784
-0.17278
-0.23035
-0.26869
-0.11512
0.019177
0.11499
0.038302
-0.22962
-0.4779
-0.7256
-0.83914
-0.74279
-0.6276
-0.74055
-0.90993
-0.96509
-0.90662
-0.92369
-1.1287
-1.2389
-1.1425
-0.80354
-0.44742
-0.092984
0.20405
0.35154
0.33216
0.42329
0.56896
0.89682
1.1133
1.0009
1.0162
1.0313
1.2087
1.349
1.327
1.3052
1.1587
1.0308
0.86826
0.75967
0.89834
1.0537
1.2083
1.2571
1.2187
1.1631
1.1252
1.1049
0.92968
0.77266
0.56512
0.58074
0.90299
1.1387
1.4411
1.4716
1.5864
1.7008
1.7308
1.9452
2.025
2.0713
2.2509
2.1638
2.2932
2.2067
2.104
2.0184
1.9828
2.0299
2.0112
2.0257
2.0896
2.3181
2.3822
2.4957
2.56
2.4934
2.427
2.0986
1.836
1.4917
1.2132
0.93464
0.80368
0.67272
0.50888
0.3942
0.32871
0.34541
0.29632
0.032955
-0.16494
-0.3963
-0.4629
-0.41384
-0.46413
-0.66399
-0.74813
-1.0324
-1.0675
-1.0359
-1.0712
-1.0565
-1.1425
-1.0775
-1.0628
-1.0143
-1.1351
-1.2564
-1.4124
-1.3303
-1.1111
-0.891
-0.79006
-0.92969
-0.9492
-0.98612
-0.74574
-0.69542
-0.57514
-0.41932
-0.38533
-0.47407
-0.63365
-0.70577
-0.63674
-0.60281
-0.53316
-0.73037
-1.0356
-1.1632
-1.0403
-0.79092
-0.77461
-0.84844
-0.83208
-0.52561
-0.19975
-0.036386
0.03645
0
-0.10972
-0.1282
-0.12839
0.055099
0.20229
0.38665
0.64511
0.77491
0.70174
0.36963
0.055482
0.037009
0.074054
-0.01852
-0.12967
-0.25938
-0.37054
-0.25935
-0.31486
-0.3703
-0.5737
-0.70283
-0.81323
-0.97876
-1.273
-1.4744
-1.5831
-1.581
-1.4319
-1.3564
-1.1345
-1.1325
-1.0574
-0.96429
-0.96223
-0.8695
-0.90359
-0.93742
-1.0069
-0.96837
-1.1445
-1.2304
-1.1911
-0.9748
-0.90105
-0.98617
-1.4568
-1.7491
-1.8824
-1.8757
-1.6785
-1.4654
-1.1164
-0.9923
-0.83505
-0.64502
-0.5579
-0.30308
-0.33537
-0.41748
-0.31596
-0.18215
0.032978
0.22987
0.22888
0.40696
0.53488
0.79079
0.85165
0.86398
0.66909
0.60277
0.37906
0.42463
0.43848
0.2495
-0.015529
-0.35568
-0.63142
-0.76688
-0.80962
-0.83682
-0.81838
-0.96617
-1.1429
-1.3484
-1.4778
-1.5617
-1.7044
-1.9348
-2.0901
-2.1419
-2.1351
-2.1138
-2.0784
-2.1592
-2.1965
-2.1617
-2.0985
-1.8925
-1.8164
-1.6696
-1.5805
-1.4778
-1.4466
-1.3307
-1.1448
-0.8749
-0.6482
-0.577
-0.52011
-0.46342
-0.5472
-0.71505
-0.77068
-0.8824
-0.99416
-1.078
-1.0921
-1.0502
-1.0646
-1.1071
-1.2341
-1.1929
-1.0958
-0.94229
-0.70411
-0.55001
-0.29664
-0.070756
0.085074
0.24156
0.51272
0.67105
0.95915
1.249
1.4687
1.6034
1.6233
1.5127
1.4016
1.2312
1.1037
1.0789
1.1134
1.208
1.1839
1.1597
1.0597
0.92841
0.88764
0.73881
0.5419
0.28039
-0.1254
-0.29975
-0.36526
-0.52764
-0.82115
-1.0865
-1.3232
-1.4484
-1.4761
-1.4878
-1.4492
-1.665
-1.8845
-2.0216
-1.8824
-1.8464
-1.6857
-1.4505
-1.1568
-0.83936
-0.58955
-0.46511
-0.22547
-0.18979
-0.095868
0
0.078304
0.23741
0.39993
0.50535
0.5722
0.88847
1.3581
1.6903
1.9446
1.7291
1.6179
1.504
1.3649
1.4035
1.3514
1.4369
1.4774
1.5187
1.5369
1.6524
1.8444
1.9411
1.8636
1.7075
1.6505
1.5657
1.4523
1.2023
1.1623
1.1759
1.2173
0.83954
0.56611
0.34352
0.20264
0.14636
0.029593
-0.029915
-0.39307
-0.45834
-0.71011
-0.71739
-0.91364
-1.0817
-1.1243
-1.0377
-0.98188
-1.4531
-1.5992
-1.6465
-1.3892
-0.75145
-0.61964
-0.659
-0.52406
-0.387
-0.21251
0.10694
-0.21519
-0.57717
-1.2332
-1.5678
-1.4655
-1.509
-1.1088
-0.96469
-0.96811
-0.26148
0.074922
0.41311
0.60219
0.45246
0.64192
0.71823
0.87008
0.90826
0.87045
0.87016
0.98299
1.2086
1.4709
1.393
1.5779
1.574
1.906
1.8255
1.6334
1.0355
1.0311
1.1731
1.2404
1.3066
1.0829
0.93303
0.74899
0.53156
0.38719
0.24467
0.27758
0.27548
0.34164
0.44053
0.97448
0.99938
1.0896
0.8179
0.55097
0.4173
0.12715
-0.22028
-0.65412
-0.83229
-1.159
-1.1768
-1.164
-1.3282
-1.3717
-1.0099
-0.74166
-0.53571
-0.64092
-0.5783
-0.29932
-0.32263
-0.42501
-0.76101
-0.67399
-0.43531
-0.27822
0.049965
0.22208
0.3412
0.26478
-0.14265
-0.49311
-0.64939
-0.64141
-0.40728
-0.20115
-0.066233
0.02181
-0.23701
-0.51089
-0.75718
-0.91445
-1.1501
-1.3193
-1.4042
-1.3484
-1.0193
-0.81396
-0.78566
-0.83377
-0.99326
-1.0937
-1.1736
-1.1974
-0.98734
-1.0304
-0.94952
-0.97475
-1.0684
-1.0921
-1.1153
-0.98755
-0.87881
-0.82143
-0.86282
-0.95195
-0.97561
-0.98308
-1.1477
-1.2942
-1.5157
-1.7031
-1.8268
-1.8733
-2.0243
-2.2626
-2.3204
-2.3336
-2.0699
-1.6073
-1.1653
-0.65758
-0.26994
0.014122
0.47736
0.85159
1.1801
1.3948
1.415
1.3943
1.3195
1.3268
1.3881
1.3686
1.1891
0.98469
0.87478
0.73943
0.73675
0.68174
0.69254
0.78151
0.96093
1.1006
1.2008
1.2363
1.2204
1.256
1.2021
1.1741
1.1336
1.0553
0.90119
0.72237
0.6201
0.55611
0.56808
0.56749
0.59216
0.66721
0.84287
0.99325
1.2064
1.3693
1.4569
1.4441
1.4441
1.4442
1.457
1.3694
1.2065
1.0562
0.90583
0.88124
0.8063
0.81958
0.76984
0.72008
0.67027
0.49379
0.35496
0.17771
0.025422
-0.21641
-0.59922
-0.72787
-0.8442
-0.80722
-0.88567
-0.97733
-0.96631
-0.98111
-1.1124
-1.3351
-1.5328
-1.6402
-1.5003
-1.3991
-1.2319
-1.0377
-1.027
-0.9371
-1.0055
-1.1274
-1.1302
-1.2796
-1.3363
-1.313
-1.3298
-1.2928
-1.3097
-1.2455
-0.95014
-0.81656
-0.88695
-0.91667
-0.98771
-0.93532
-0.82748
-0.85734
-0.73484
-0.70898
-0.65511
-0.23758
