0.30353
0.37967
0.58255
0.44355
0.5453
0.50761
0.49526
0.33041
0.025434
-0.19089
-0.25471
-0.35685
-0.3316
-0.17869
-0.012773
-0.012783
0.15351
0.076812
0.25624
0.33337
0.47478
0.57789
0.53979
0.7203
0.63077
0.72147
0.46418
0.65813
0.58118
0.6463
0.7374
0.78982
0.76458
0.77821
0.80484
0.61065
0.41613
-0.052062
-0.44292
-0.83448
-0.78303
-0.43106
0.013074
0.31407
0.43224
0.65552
0.49866
0.63048
0.67051
0.64483
0.55324
0.48784
0.48831
0.23779
0.40992
0.50298
0.72872
0.99469
1.2479
1.5282
1.5697
1.7177
1.7195
1.7212
1.7096
2.0456
1.9407
1.6881
1.3412
0.83241
0.63168
0.68617
0.78117
0.76852
0.33743
0.25672
-0.054105
-0.16249
-0.18978
0
0.02717
0.0136
-0.013615
-0.14993
-0.25926
-0.21856
-0.15043
0.041072
0.12335
0.013721
0.013737
-0.12377
-0.027536
-0.013784
-0.16559
-0.23486
-0.55324
-0.72004
-1.1922
-1.4573
-1.4867
-1.4606
-1.1699
-0.90631
-0.71193
-0.67083
-0.72759
-0.8265
-0.93967
-1.0671
-1.209
-1.4356
-1.7614
-1.834
-1.8644
-1.9797
-1.798
-1.7718
-1.7739
-1.6624
-2.2049
-2.4496
-2.7805
-2.7838
-2.9587
-2.676
-2.8511
-2.9693
-3.1021
-3.0339
-3.0231
-2.8826
-2.9437
-3.3807
-4.0211
-4.6197
-5.3066
-5.6468
-5.4937
-4.9764
-4.4433
-3.7193
-3.1542
-2.7047
-2.2249
-1.9637
-1.6579
-1.3661
-1.2501
-1.119
-0.97293
-1.0184
-1.0934
-1.1243
-1.1552
-1.0083
-1.2173
-1.3376
-1.7707
-1.6833
-1.4019
-1.0452
-0.56803
-0.29931
-0.029965
0.014999
0.045049
0.0451
0.21071
0.66296
0.82963
0.87586
0.66519
0.65079
0.75757
0.97076
1.0477
1.2009
0.97394
0.77695
0.70154
0.90076
1.2074
1.53
1.6694
1.4259
0.70602
0.2151
-0.24609
-0.35411
-0.092472
0.13885
0.6023
0.6802
0.52614
0.54216
0.46517
0.63636
0.74574
0.66871
0.38916
0.093489
-0.23395
-0.24978
0
0.28153
0.75144
0.9245
1.2704
1.5384
1.6969
1.9186
2.1722
2.048
1.7502
1.2152
0.9793
0.79043
1.0917
1.2985
1.5848
1.3958
1.1906
0.87377
0.52468
0.30233
0.23886
0.3506
0.79743
0.98956
1.2139
1.007
0.94376
0.84839
0.64075
0.60914
0.52936
0.43341
0.16063
-0.016074
0.11259
0.12876
0.016105
0.09669
0.20962
0.064539
0.080723
0.08077
0.30711
0.67925
0.46927
0.6962
0.32399
0.5997
0.22703
-0.016225
-0.11363
-0.016241
0.048748
0.13006
0.34155
0.42307
0.40698
0.48859
0.83095
1.1899
1.3045
1.2072
1.0444
0.91422
0.81657
0.89854
0.75177
0.42505
0.11447
-0.26174
-0.49091
-0.65474
-0.63855
-0.62235
-0.85186
-0.85207
-0.99979
-1.1804
-1.033
-0.82004
-0.3937
-0.18048
-0.032821
0.049239
-0.14774
-0.42687
-0.62398
-0.91966
-0.82123
-0.77204
-0.62426
-0.62432
-0.5915
-0.49295
-0.54228
-0.3944
-0.44372
-0.13148
-0.16435
-0.03287
0.06574
0.13148
0.26295
0.49301
0.52586
0.47653
0.54223
0.62434
0.83786
0.87064
0.93625
0.78833
0.80466
0.98517
1.1328
1.149
1.0996
1.2143
1.1648
1.0826
1.0004
0.70505
0.49179
0.44251
0.55711
0.37678
0.31117
0.065493
-0.016369
-0.27819
-0.26175
-0.16355
-0.1308
-0.17979
-0.4575
-0.53902
-0.58782
-0.34277
-0.04895
0.048933
-0.14674
-0.40746
-0.71686
-1.3191
-1.7744
-1.9364
-2.2772
-2.3575
-2.4702
-2.6803
-3.0039
-2.9213
-2.7577
-2.27
-1.8962
-1.6523
-1.2791
-1.4403
-1.3101
-1.4388
-1.4703
-1.6634
-1.614
-1.468
-1.6123
-1.4825
-1.5783
-1.5613
-1.5121
-1.3827
-1.2854
-1.0759
-0.56171
-0.048118
0.40074
0.73691
1.0246
1.12
0.81548
0.63919
0.47909
0.27131
0.20734
0
-0.14335
-0.70037
-1.2248
-1.7486
-2.1922
-2.2225
-1.9195
-1.4902
-1.2198
-1.0607
-0.87011
-0.75884
-0.37915
0.12629
0.48904
0.69363
0.56711
0.36206
-0.01573
-0.34581
-0.40839
-0.3924
-0.32937
-0.47019
-0.6891
-1.1894
-1.5482
-1.8596
-2.1548
-2.3249
-2.3387
-1.963
-1.6969
-0.94893
-0.2798
0.32619
0.71397
0.88403
0.79037
0.48006
0.3559
0.1237
0.092702
0.015439
-0.27768
-0.9249
-1.4787
-1.9701
-2.2608
-2.4128
-2.4263
-2.2403
-1.932
-1.762
-1.485
-1.2697
-1.0395
-0.96232
-1.0684
-1.2354
-1.5088
-1.7056
-1.7804
-1.9464
-1.9601
-1.5942
-1.411
-1.1977
-1.1362
-1.2868
-1.5278
-1.5872
-1.6615
-1.6452
-1.7345
-1.9744
-2.3044
-2.7091
-3.0079
-3.0659
-3.1087
-3.0015
-2.9244
-2.8025
-2.8454
-2.4992
-2.019
-1.5244
-1.2844
-0.9104
-0.83521
-0.58127
-0.44684
-0.22327
-0.02975
-0.16352
-0.35653
-0.20784
-0.25222
-0.13344
-0.35562
-0.74041
-1.0359
-0.93175
-0.81294
-0.66472
-0.66432
-0.64917
-0.56031
0
0.58911
1.1628
1.2504
1.4997
1.6017
1.5567
1.3357
1.1883
1.217
1.1284
1.0692
1.0833
1.0388
1.1114
1.3009
1.3149
1.3142
1.2698
1.4151
1.3852
1.5158
1.8647
1.8056
1.9067
1.9495
2.065
1.9915
2.1941
2.5708
2.9618
3.1492
3.177
2.9438
2.6818
2.4634
2.1873
1.839
1.491
1.0708
0.88241
0.49167
0.36141
0.40465
0.46232
0.47663
0.64977
0.76507
0.95247
1.284
1.6443
1.8602
1.9174
1.917
1.8589
1.5416
1.5124
1.5409
1.627
1.7419
1.8135
1.7269
1.4676
1.4818
1.3953
1.1506
0.99225
0.949
0.90576
0.69003
0.70434
0.60367
0.60362
0.47424
0.4311
0.35923
-0.028737
-0.15805
-0.33045
-0.17241
0.10057
0.50285
0.64652
0.76146
0.71838
0.70403
0.60348
0.45981
0.40236
0.38801
0.25869
0.18685
0.33061
0.086254
0.10064
0.10065
0.086283
0.20135
0.2733
0.38843
0.31655
0.23026
0.071967
-0.043188
-0.14399
-0.20162
-0.44654
-0.778
-1.0376
-0.87925
-0.69203
-0.274
0.1154
0.28857
0.086593
-0.057745
-0.33213
-0.56334
-0.75134
-0.96838
-1.0988
-1.4173
-1.5046
-1.6788
-1.5346
-1.4772
-1.4923
-1.4638
-1.7254
-1.7551
-1.8573
-1.6113
-1.1473
-0.52302
-0.17442
-0.15995
-0.32004
-0.3784
-0.33489
-0.55356
-0.59755
-0.74365
-0.77319
-0.81736
-0.86158
-0.59903
-0.27774
0.24864
0.45364
0.52709
0.54203
0.61562
0.76262
0.93914
1.2627
1.381
1.4847
1.515
1.4276
1.5168
1.6209
1.8578
1.9475
1.8159
1.9648
2.04
2.0857
2.0575
2.044
1.7934
1.7798
1.692
1.5595
1.3525
1.2047
0.99721
0.83408
0.47696
0.089496
-0.26869
-0.79171
-0.92685
-0.9425
-0.62881
-0.37458
0
-0.015006
-0.19523
-0.31562
-0.37604
-0.2258
0.10546
0.2714
0.25653
0.045306
-0.12092
-0.31767
-0.62072
-1.1061
-1.2283
-1.5026
-1.5342
-1.5051
-1.3847
-1.4011
-1.3871
-1.2052
-0.93142
-0.74884
-0.55066
-0.67362
-0.7968
-0.88953
-0.78288
-0.99868
-1.3687
-1.4469
-1.5868
-1.6037
-1.4971
-1.3595
-1.0669
-0.80481
-0.61966
-0.48068
-0.65186
-0.38837
-0.01555
0.28016
0.56084
0.54578
0.51508
0.40621
0.57862
0.82962
1.1281
1.0978
1.1617
1.1
0.8179
0.85018
0.72493
0.8676
1.2948
1.6596
1.9618
2.0587
2.0607
1.8882
1.7471
1.5263
1.5755
1.593
1.3394
1.1971
0.86276
0.57574
0.25614
0.11217
-0.080202
-0.19267
-0.33751
-0.30567
-0.12883
0.1612
0.37112
0.66222
0.64671
0.77682
0.77759
0.79458
0.95768
1.1049
1.1385
0.8954
0.73332
0.50567
0.34289
0.17979
0.2454
0.22927
0.11475
0.016408
0.016424
-0.18084
-0.016456
0.21414
0.2803
0.31358
0.18172
-0.016536
-0.66209
-1.1598
-1.6916
-2.0418
-2.2099
-2.3451
-2.1309
-2.2829
-1.9348
-1.8531
-1.7713
-1.8064
-1.6909
-1.3909
-1.107
-0.7387
-0.52093
-0.21865
0.050505
0.35386
0.43851
0.25322
0.23655
0.084558
0.15234
0.22025
0.49176
0.74677
0.79839
1.0881
1.1572
1.1922
1.4149
1.5867
1.9467
1.9825
1.9158
1.6606
1.3707
1.3033
1.2529
1.1852
0.80799
0.24088
-0.15497
-0.53424
-0.43118
0
0.32822
0.4495
0.55367
0.69263
0.55454
0.76308
0.97193
1.0769
1.1472
0.93935
0.67893
0.20906
0.017434
0.052341
0.087298
0.22714
0.20981
0.41993
0.29766
0.42052
0.29807
0.10527
-0.19313
-0.24597
-0.38678
-0.56297
-0.29927
-0.017616
0.49356
0.829
0.70598
0.54748
0.33576
0.47743
0.47772
0.88519
1.2223
1.5952
1.9509
1.881
1.669
1.5101
1.2621
1.0849
1.1745
1.3531
1.2826
1.1942
0.8738
0.73151
0.57123
0.51793
0.679
0.91174
1.5203
1.9326
1.8798
1.9165
1.9173
1.7031
1.3092
0.87919
0.71801
0.39507
0.30541
0.16175
0.12586
-0.2698
-0.46784
-0.72002
-0.66627
-0.57644
-0.32437
-0.18027
0.1082
0.16235
0.34286
0.054153
-0.14445
-0.19869
-0.32522
-0.50605
-0.43388
-0.54251
-0.66928
-0.54281
-0.45246
-0.30775
-0.14486
-0.018112
0.036233
-0.48926
-0.70686
-1.0877
-1.1423
-1.3784
-1.433
-1.6329
-2.1232
-2.4865
-2.4325
-2.2513
-1.9248
-1.5982
-1.5258
-1.6895
-1.7079
-1.9989
-2.2536
-2.3629
-2.3086
-2.0361
-2.1272
-2.0001
-2.0731
-2.2914
-2.2734
-2.1281
-2.3465
-2.7104
-3.2927
-3.3656
-3.2565
-2.5471
-1.8194
-1.2918
-1.1826
-1.3646
-1.6557
-2.0014
-2.0377
-1.7102
-1.1462
-0.56398
-0.27288
-0.20011
-0.45477
-0.49112
-0.34559
-0.23644
-0.21824
-0.25459
-0.34549
-0.38183
-0.36361
-0.25451
-0.29083
-0.49073
-0.56337
-0.98125
-1.5444
-1.853
-1.871
-1.562
-1.0714
-0.27236
0.16339
0.4538
0.70781
0.78028
0.94345
0.83445
0.81617
0.61655
0.45326
0.45318
0.36247
0.43489
0.45292
0.090565
-0.54328
-1.195
-1.5386
-1.5021
-1.3208
-1.0492
-0.70534
-0.36163
-0.12654
-0.12651
-0.25296
-0.4516
-0.54179
-0.18055
-0.072202
0.16241
0.12629
-0.036073
-0.55898
-0.82923
-1.1714
-1.3873
-1.8912
-2.0168
-2.0342
-2.3216
-2.177
-2.1583
-1.7981
-1.492
-1.3298
-1.006
-1.2931
-1.2568
-1.3102
-1.4893
-1.3632
-1.1656
-1.0039
-1.0035
-0.9674
-0.82382
-0.75194
-1.0202
-1.1451
-1.1447
-1.4304
-1.4121
-1.6082
-1.5719
-1.4642
-1.0175
-0.82086
-0.74923
-0.65981
-0.83786
-0.76629
-0.64133
-0.089044
0.37386
0.69407
0.96069
1.0849
0.94226
0.87085
0.74619
0.30192
0
-0.31947
-0.30161
-0.12415
0.28368
0.86846
1.3997
1.4524
1.2925
1.0974
0.58388
0.49525
0.90175
0.98982
1.3959
1.2894
1.3243
1.3592
1.4646
1.8698
2.1513
2.3621
2.467
2.1844
1.6377
1.5844
1.7246
2.2519
2.4622
2.5493
2.5308
2.6003
2.5643
2.6864
2.826
2.6672
2.6488
2.2797
1.8933
1.735
1.3665
1.0509
0.70035
0.78766
0.76992
0.38484
0.20985
-0.31468
-0.55927
-0.48922
-0.73362
-0.75087
-1.0125
-0.82024
-0.87235
-0.75001
-1.0985
-1.0285
-1.2025
-1.1673
-1.1322
-1.0796
-1.0271
-0.92244
-0.7656
-0.57405
-0.57391
-0.36512
-0.13906
-0.19116
-0.22586
-0.20844
-0.31258
-0.13889
-0.17357
-0.17354
-0.20819
-0.22549
-0.017342
0.08669
0.22535
0.38128
0.58912
0.34647
0.32908
0.2078
0.15582
0.29427
0.46727
0.69213
0.5017
0.62269
0.72634
0.95099
1.2101
1.2272
0.9678
0.57022
0.43191
0.53549
0.72539
0.79436
0.74244
0.32801
-0.17261
-0.44873
-0.5177
-0.48312
-0.41405
-0.2415
-0.15523
-0.6726
-1.0519
-1.4828
-1.5516
-1.3274
-0.98251
-0.89624
-0.98233
-0.91331
-1.0683
-1.1716
-1.4472
-1.3092
-1.1024
-1.2057
-0.87839
-0.93
-0.96439
-0.86101
-0.87819
-0.82649
-1.0331
-1.1191
-1.274
-1.4461
-1.1879
-0.86074
-0.55086
-0.39592
-0.3787
-0.29263
-0.48197
-0.55082
-0.18934
0.034426
0.34426
0.30984
0.18935
-0.27541
-0.46477
-0.67134
-1.0156
-1.2222
-1.4633
-1.4633
-1.3256
-1.033
-0.82644
-0.63707
-0.60266
-0.60269
-0.53384
-0.70608
-0.56834
-0.34447
-0.29282
-0.22393
-0.29286
-0.034456
-0.13783
-0.068922
-0.051696
0.1034
0.17235
0.20683
-0.068951
-0.44822
-0.39654
-0.32761
0.10347
0.31043
0.37945
0.46574
0.55204
0.67288
0.89727
0.89737
1.4325
1.6571
1.9853
1.8474
2.0894
2.0551
2.2108
2.3666
2.4187
2.4018
2.212
1.9185
1.3829
0.899
0.48414
0.50151
0.58806
0.50166
0.57093
0.62293
0.32882
0.45003
0.86558
1.212
1.749
1.8186
1.8708
1.7499
1.8194
1.8891
1.924
1.9764
1.8727
1.5955
0.71115
0.069392
-0.43377
-0.72886
-0.69427
-0.79855
-0.6077
-0.71199
-0.38211
-0.13897
0.15637
0.4692
0.79951
1.0778
0.86933
0.92165
0.66092
0.48708
0.38277
0.38283
0.22626
0.17407
0.19152
0.12189
0.069666
0.19161
0.48782
0.71443
0.76684
0.90641
0.88913
1.0462
1.3777
1.6222
1.8143
1.675
1.3786
0.83778
0.26185
-0.22697
-0.10477
-0.10479
0.034935
0.06988
0.13978
-0.03495
-0.19225
-0.01748
0.12238
0.41964
0.59458
0.97944
0.89211
0.69979
0.75237
0.73497
1.0501
0.94519
0.73524
0.12255
-0.21012
-0.47282
-0.71807
-1.0159
-0.82333
-0.91101
-1.0513
-1.0689
-1.2267
-1.1743
-1.1919
-1.2095
-1.2973
-1.7006
-2.2092
-2.6828
-2.9285
-2.8936
-2.5606
-1.8767
-1.6839
-1.298
-1.0701
-0.89468
-0.63157
-0.40352
-0.29826
-0.50881
-0.87728
-1.0352
-1.3862
-1.5616
-1.8249
-2.0354
-2.3864
-2.6145
-2.9303
-2.8951
-2.5793
-2.0177
-1.4212
-1.1579
-1.2456
-1.5087
-1.9472
-2.4032
-2.596
-2.7712
-2.7535
-2.6656
-2.718
-2.8931
-2.8929
-2.5245
-2.1561
-1.7002
-1.4721
-1.2967
-1.4543
-1.5417
-1.3138
-0.99832
-0.61292
-0.15758
-0.28011
-0.80517
-1.1376
-1.5748
-2.0119
-2.0815
-2.4658
-2.7276
-3.1466
-3.513
-3.4773
-3.2843
-2.7422
-2.0256
-1.6759
-1.3439
-1.0295
-0.471
-0.01744
0.43587
0.95865
1.1675
1.0452
1.132
1.2012
1.2357
1.2527
1.0436
0.69548
0.41714
0.017375
-0.13895
-0.38197
-0.55539
-0.31229
0
0.17336
0.36391
0.38109
0.62334
0.84809
0.89963
0.89924
0.89884
0.82933
0.69079
0.62143
0.4831
0.74156
0.58606
0.27566
0.13776
-0.10327
-0.12042
0.34387
0.94514
1.6488
2.0771
2.196
2.1262
1.748
1.6785
1.746
1.8305
1.9662
1.965
1.8784
1.297
0.95508
0.61359
0.2555
0.034044
-0.17011
-0.119
-0.18687
0.033954
0.22055
0.61032
1.0165
1.3544
1.5056
1.4031
1.1487
0.7596
0.6747
0.50564
0.60631
0.74047
0.65582
0.6049
0.41973
0.11743
0.083812
0.13399
0.23429
0.33442
0.36756
0.38394
0.38361
0.29996
0.28305
0.31608
0.16621
0.099637
-0.082957
-0.34811
-0.49684
-0.47984
-0.64471
-0.41289
-0.5115
-0.47805
-0.62582
-0.69103
-0.5753
-0.87033
-0.88588
-1.18
-1.2771
-1.4557
-1.536
-1.5344
-1.4187
-1.4498
-1.3344
-1.5769
-1.7864
-1.9954
-1.9447
-1.6674
-1.423
-1.0015
-0.83908
-0.80593
-0.77285
-0.49858
-0.41771
-0.35305
-0.46487
-0.33625
-0.14394
0.015976
-0.079787
-0.33472
-0.58907
-0.652
-0.73067
-0.72981
-0.58634
-0.20577
0.17391
0.5211
0.66243
0.59862
0.25175
0.26716
0.36101
0.70547
1.0961
1.3449
1.109
0.87362
0.6544
0.3268
0.031085
-0.15523
0.18604
0.35613
0.44846
0.50968
0.35478
0.15405
0.13847
0.18439
0.49108
0.72035
0.84187
0.62676
0.16794
-0.36593
-0.65477
-1.0949
-1.2454
-1.4713
-1.2875
-1.301
-1.2237
-1.1768
-1.2506
-1.1888
-1.2773
-1.3657
-1.4238
-1.2273
-1.42
-1.1793
-0.90935
-0.26797
-0.10407
-0.14847
-0.19276
-0.25172
-0.45841
-0.95988
-1.2093
-1.4433
-1.6472
-1.8213
-1.8334
-1.831
-1.9748
-2.0159
-2.2466
-2.0978
-1.804
-1.3076
-0.89956
-0.44917
-0.01447
-0.01445
-0.12987
-0.38909
-0.54686
-0.77607
-0.88983
-0.7883
-0.60116
-0.20012
0.099922
0.48468
0.59792
0.42651
0.49692
0.31193
0.24071
0.24039
0.40953
0.45129
0.59152
0.8861
1.1378
1.2905
1.2888
1.2452
1.0758
0.87907
0.65495
0.44534
0.16678
0.11104
0.027724
-0.22151
-0.20739
-0.27616
0.01379
0.33054
0.77027
1.1264
0.94665
1.0551
1.259
1.4487
1.4333
1.2951
1.1029
0.46236
0.067909
-0.42051
-0.47418
-0.40594
-0.21624
0.10799
0.32356
0.37703
0.080695
-0.30896
-0.73792
-0.84425
-0.69601
-0.48129
-0.32048
-0.13338
0
0.23952
0.50507
0.58414
0.34478
0.10597
-0.10585
-0.26432
-0.13201
0.013186
0.052687
0.1842
0.065715
-0.15754
-0.30163
-0.31441
-0.078519
0.091508
0.222
0.36526
0.54733
0.40356
0.35113
0.49368
0.46723
0.70014
0.81601
0.97048
0.78855
0.99442
1.2128
1.5725
1.893
2.2386
2.3907
2.4527
2.5531
2.5764
2.5869
2.5206
2.5695
2.4395
2.0928
1.6958
1.2612
0.87828
0.76308
0.59725
0.64755
0.26642
0.050707
-0.24067
-0.26579
-0.15176
0.13901
0.45459
0.51735
0.55479
0.41579
0.15109
0.050326
-0.062864
-0.087948
-0.21344
-0.38895
-0.56423
-1.1653
-1.4526
-1.6018
-1.5758
-1.5498
-1.4864
-1.4231
-1.5345
-1.4962
-1.3334
-1.3575
-1.3817
-1.5427
-1.803
-2.0133
-2.1613
-2.0361
-2.0723
-1.9845
-1.9959
-2.1065
-2.2665
-2.5131
-2.5491
-2.5604
-2.4728
-2.3729
-2.3102
-2.4328
-2.4442
-2.3693
-2.3561
-2.195
-2.1202
-2.1072
-2.316
-2.4015
-2.3515
-2.2769
-2.0179
-1.6606
-1.4757
-1.3647
-1.3275
-1.1306
-1.1672
-1.0195
-0.81055
-0.52798
-0.33146
-0.15956
0.12272
0.34357
0.63796
1.0918
1.3001
1.4226
1.3366
1.3855
1.3854
1.4343
1.6794
1.7284
1.7773
1.7159
1.5075
1.3972
1.3114
1.2746
1.2991
1.3114
1.2257
1.0786
0.83351
0.88259
1.0788
1.1647
1.2874
1.1158
0.94426
0.58869
0.49063
0.50296
0.42942
0.35585
0.19636
0.20867
0.23326
0.098232
0.24563
0.24567
0.77403
1.0323
1.475
1.3032
1.5618
1.4145
1.1934
1.1076
0.9848
0.76343
0.32024
0
-0.32043
-0.55477
-0.7276
-0.76484
-0.78978
-0.87646
-0.86442
-0.85238
-0.72911
-0.45741
-0.18551
-0.13609
-0.25991
-0.32193
-0.37161
-0.37176
-0.30993
-0.22325
-0.27298
-0.26068
-0.53402
-0.72064
-1.156
-1.4675
-1.7544
-2.0789
-2.2045
-2.3302
-2.3064
-2.2577
-2.0342
-1.6857
-1.4492
-1.1625
-1.013
-0.88844
-0.98909
-1.0147
-1.0403
-1.0284
-0.72781
-0.67801
-0.46484
-0.60339
-0.64148
-0.55377
-0.42817
-0.21422
-0.22696
-0.17663
-0.32823
-0.48003
-0.40449
-0.37945
-0.16454
0.13931
0.3295
0.35508
0.58373
0.60951
0.82594
0.76292
0.97974
0.87855
0.90463
0.867
0.62518
0.38303
0.20443
0.12786
0.063973
-0.076822
-0.16657
-0.37184
-0.60306
-0.75758
-0.71958
-0.91299
-1.0681
-1.2878
-1.4691
-1.4057
-1.3681
-1.227
-1.1504
-1.3582
-1.5663
-1.8914
-2.1521
-2.3223
-2.4929
-2.8196
-2.9388
-2.9801
-3.0344
-2.763
-2.5304
-1.8666
-1.5806
-1.2942
-1.2298
-1.1522
-1.1924
-0.86549
-0.62993
-0.45968
-0.31545
-0.38147
-0.28961
-0.55333
-0.56694
-0.84448
-1.0828
-1.1762
-1.2961
-1.178
-1.3246
-1.2991
-1.4063
-1.3675
-1.3287
-1.2633
-1.3175
-1.4117
-1.5195
-1.3472
-1.0279
-0.57446
-0.06685
0.24084
0.36154
0.45563
0.50962
0.64423
0.8059
0.95438
0.94165
0.59235
0.45807
0.51235
0.49925
0.68867
0.94595
1.0278
0.90677
0.74492
0.6506
0.61039
0.65157
0.84224
0.78848
0.8843
0.5582
0.47686
0.23179
0.35476
0.73734
0.73788
0.51963
0.83474
0.87642
1.1374
1.1931
1.0155
1.0437
0.85206
0.7839
0.66059
0.4407
0.27563
0.19308
0.013801
0.01381
-0.027639
0.15212
0.12455
0.42929
0.7483
1.1509
1.3182
1.7079
1.8619
1.9465
2.0869
2.1579
2.1315
2.105
1.9529
1.7867
1.5224
1.4116
1.2027
1.2874
1.3583
1.5553
1.8507
1.9079
1.9231
1.812
1.7428
1.6595
1.6605
1.6051
1.3807
1.2546
1.2272
1.2138
1.2427
1.2576
1.018
1.1034
1.005
0.92059
0.46764
0.38283
0.43979
0.58199
0.55391
0.46895
0.24171
0.042679
-0.21351
-0.11393
0.12824
0.32791
0.47073
0.45671
0.17136
0.10001
0.11436
0.24313
0.41497
0.37223
0.25783
0.15764
0.14338
0.071728
-0.014353
-0.11488
-0.25861
-0.22998
-0.34515
-0.30215
-0.17274
0.11522
0.34581
0.37481
0.33172
-0.086576
-0.21654
-0.4044
-0.53463
-0.44814
-0.63637
-0.50643
-0.6659
-0.65172
-1.1157
-1.5655
-1.6968
-1.3203
-0.8709
-0.30495
-0.014528
0.15988
0
-0.30548
-0.36383
-0.17471
-0.014566
0.30601
0.43734
0.48128
0.4523
0.68604
0.64252
0.59896
0.27768
0.10235
-0.42418
-0.74629
-0.79051
-0.80548
-0.6007
-0.49834
-0.29326
-0.22004
0.10273
0.80745
0.95465
1.3664
1.1465
1.2793
1.2798
1.3686
1.3103
1.3845
1.2377
1.3266
1.3861
1.0326
1.0478
0.90057
0.79754
0.81263
0.90164
0.88721
0.76922
0.78433
0.57738
0.44431
0.4593
0.32609
0.32622
0
-0.089039
-0.1633
-0.16337
0
0.22295
0.342
0.32726
0.11905
-0.2382
-0.59573
-0.87906
-0.90923
-0.9245
-1.1039
-1.3431
-1.687
-1.8968
-1.8827
-1.6443
-1.5253
-1.6157
-1.781
-1.8865
-1.8723
-1.6034
-1.2443
-1.1398
-1.2603
-1.426
-1.5617
-1.968
-2.2243
-2.3155
-2.4218
-2.3325
-2.3486
-2.4551
-2.6219
-2.5778
-2.594
-2.7008
-2.868
-2.975
-3.0066
-3.1893
-3.0546
-3.1468
-3.0574
-2.6196
-2.0149
-1.8491
-1.9106
-1.9873
-1.8517
-1.5033
-1.4128
-1.3679
-1.4446
-1.4909
-1.6591
-1.8274
-1.9197
-1.7682
-1.4335
-1.3732
-1.6639
-1.6647
-1.7878
-1.6052
-1.4072
-0.99472
-0.61244
-0.3217
0.10729
0.046004
0.30685
0.59867
0.90615
1.3215
1.3991
1.2614
1.0927
0.89314
0.8474
0.95576
1.0488
1.3117
1.4823
1.5604
1.453
1.2528
1.1761
1.0064
0.99149
1.054
1.0081
0.97765
1.149
1.4604
1.7099
1.7731
1.6964
1.4949
1.1374
1.0445
1.2011
1.3423
1.6867
1.969
2.0953
2.253
2.223
2.1304
1.975
1.6625
1.5379
1.4133
1.0056
0.88045
0.45623
0.1889
0.12601
0.12609
0.37851
0.4261
0.64744
0.75846
1.091
1.2341
1.4248
1.4891
1.3316
1.2055
1.1428
0.7306
1.1125
1.3518
1.7187
1.6879
1.6891
1.3075
1.1488
0.94199
1.0864
1.3909
1.7438
1.937
1.9864
1.619
1.4918
1.4446
1.3653
1.1572
1.0454
0.96567
0.75695
0.80581
0.62896
0.50028
0.29068
0.1616
0.064684
-0.097092
0.17812
0.27547
0.76211
0.84376
0.94175
0.86116
0.50404
0.45557
0.47216
0.668
0.8641
1.142
1.3877
1.0456
0.99725
0.70346
0.54023
0.57336
0.55736
0.67257
0.34472
0.59135
0.62463
0.87179
1.0864
1.0377
1.1538
1.27
1.4854
1.569
1.223
1.0915
0.92674
1.0764
0.84513
0.72961
0.4812
0.18265
0.216
0.29927
0.33274
0.14983
-0.33318
-0.75014
-0.9508
-1.1016
-1.0021
-1.1365
-1.1707
-0.98735
-0.50236
-0.56971
-0.62037
-0.53687
-0.77224
-0.47036
-0.11766
-0.067277
0.067319
0
-0.38756
-0.42152
-0.23619
-0.084406
0.10135
0.16902
0.033823
-0.21998
-0.25397
-0.4066
-0.33903
-0.20353
-0.10183
0.084903
-0.18689
-0.527
-1.1396
-1.3615
-1.6177
-1.4993
-1.2615
-1.0745
-0.71675
-0.18782
-0.17084
-0.41022
-0.47884
-0.4962
-0.61628
-0.42819
-0.73686
-0.72008
-0.70328
-0.85808
-1.0989
-1.3227
-1.3062
-1.2036
-1.1181
-0.82609
-0.49932
-0.29284
-0.3102
-0.41378
-0.43121
-0.63846
-0.56968
-0.1727
-0.22461
-0.2247
-0.5879
-0.53624
-0.41532
-0.27698
-0.08659
-0.1386
-0.41594
-0.43343
-0.41624
-0.71132
-0.62479
-0.57292
-0.60784
-0.76439
-0.66036
-0.74749
-1.0259
-1.0958
-1.2005
-0.92241
-0.76599
-0.94034
-1.4806
-1.3938
-1.5685
-1.1505
-1.3077
-1.4301
-1.5874
-1.9716
-2.3036
-2.3739
-2.4442
-2.4098
-2.3404
-1.9914
-1.7472
-1.6601
-1.5031
-1.6082
-1.5035
-1.189
-0.87437
-0.45473
-0.34983
-0.2624
-0.47237
-0.68238
-0.85743
-0.6825
-0.56004
-0.71761
-0.80517
-1.3303
-1.6805
-1.7156
-1.6106
-1.0854
-0.80534
-0.64778
-0.52523
-0.61276
-0.26261
0.38515
0.73527
1.0153
0.94528
1.0678
1.0152
0.98012
0.96255
0.90998
0.78741
0.68236
0.62981
0.33236
0.41978
0.29731
0.31475
0.47207
0.59437
0.71663
0.33204
0.17473
-0.15723
-0.13973
-0.26195
-0.13968
-0.10474
-0.20943
-0.17449
-0.17445
-0.034882
0.05231
0.40094
0.55769
0.34847
0.1916
-0.10448
-0.26113
-0.50471
-0.52196
-0.62616
-0.88678
-1.1646
-1.3727
-1.6328
-1.858
-1.5449
-1.6138
-1.3877
-1.5086
-1.716
-1.9406
-2.3555
-1.8179
-2.319
-2.1969
-2.9568
-3.6124
-4.6301
-4.8699
-4.488
-4.2789
-3.5181
-3.413
-2.9807
-2.9965
-2.4959
-2.0817
-1.9431
-1.7875
-1.7522
-1.4766
-1.6474
-1.7837
-2.0228
-2.0388
-2.1062
-1.8312
-2.0012
-1.9146
-1.9135
-1.827
-1.6211
-1.2791
-0.88631
-0.37475
-0.32345
-0.22117
0.06801
0.40781
0.76415
1.3746
1.5263
1.5254
1.5582
1.3033
1.8099
2.1467
2.7534
2.8528
2.8846
2.6129
2.3583
2.121
1.8335
1.5297
1.5118
0.99033
0.82188
0.67043
0.45221
0.55229
0.55187
0.40106
0.35066
0.33371
0.26676
0.26656
0.11653
0.14971
-0.13297
-0.29894
-0.38168
-0.24872
-0.3645
-0.28143
-0.31429
-0.51237
-0.54498
-0.66003
-0.7749
-1.219
-1.9093
-2.2038
-2.3005
-2.0359
-1.6569
-1.3932
-1.4411
-1.309
-1.0953
-0.98006
-0.79969
-0.61963
-0.40729
-0.32555
-0.19516
-0.032498
-0.097406
-0.06488
0.064822
0.048573
-0.14559
-0.38789
-0.62975
-0.67757
-0.62861
-0.27376
-0.32177
-0.434
-0.65843
-0.73805
-0.94575
-0.84879
-0.544
-0.51153
-0.65479
-1.0371
-1.2752
-1.5607
-1.4479
-1.0491
-0.77816
-0.53944
-0.98275
-1.0293
-1.3922
-1.3751
-1.0106
-0.93077
-0.53586
-0.22044
0.25169
0.64434
0.92633
1.3019
1.379
1.1272
0.78201
0.093751
-0.53074
-0.70178
-0.59204
-0.29573
0.077749
0.76121
1.3192
1.4729
1.7503
1.7177
1.716
1.4827
1.3424
1.0944
0.90858
0.44616
-0.12296
-0.66025
-0.98175
-0.82755
-0.70426
-0.52003
-0.50425
-0.38163
-0.16776
0.15236
0.56317
0.92757
0.94186
0.9106
0.71261
0.57559
0.59017
0.60471
0.74006
0.60354
0.6934
0.70779
0.76729
0.85673
0.96101
1.1251
1.184
1.3176
1.5257
1.5093
1.4631
1.4766
1.2666
1.1314
1.0559
0.9955
0.80158
0.72666
0.85932
0.8585
1.0943
1.2853
1.2693
1.1207
1.1786
1.3393
1.441
1.5131
1.5557
1.5103
1.1866
1.0391
1.0674
1.0956
1.2989
1.1519
1.1072
0.62584
0.66889
0.84261
0.94344
1.1166
1.0721
1.0856
0.99785
0.96804
1.1693
1.3557
1.3689
1.0941
0.93492
0.66104
0.80403
0.68856
0.78827
0.87349
0.90133
0.61465
0.24279
-0.19977
-0.48472
-0.8404
-1.0816
-1.1944
-1.3639
-1.4337
-1.6026
-1.6012
-1.6706
-1.6551
-1.6112
-1.5251
-1.2275
-1.1137
-1.141
-0.81629
-0.67499
-0.18266
-0.070193
-0.028054
-0.098107
-0.21006
-0.57368
-0.81088
-0.64258
-0.79559
-0.72521
-0.82217
-1.0443
-1.3078
-1.4457
-1.4446
-1.5406
-1.4145
-1.358
-1.4123
-1.4388
-1.5345
-1.5747
-1.6149
-1.4067
-1.1851
-0.85374
-0.85308
-0.60495
-0.39841
0.13728
0.65843
1.0143
1.2875
1.1633
1.3676
1.2709
1.3109
1.3236
1.3362
1.2807
0.98025
0.91151
0.82927
0.66565
0.47512
0.40695
0.23044
0.23027
0.054142
-0.45988
-1.1083
-1.6613
-1.7006
-1.605
-1.3478
-1.266
-0.95558
-0.88767
-0.48385
0.18803
0.60397
1.0462
1.1929
1.1385
0.76293
0.41465
0.37426
0.29387
0.17353
0.053358
-0.18663
-0.58616
-0.81209
-0.87807
-0.97056
-1.1294
-1.1685
-1.0085
-1.1006
-1.0867
-1.0727
-0.89996
-0.64809
-0.52871
-0.35665
-0.48843
-0.39578
-0.59329
-0.65879
-0.46086
-0.19739
-0.11836
-0.34171
-0.683
-0.94511
-0.87893
-0.70796
-0.31445
-0.065471
0.13086
0.35311
0.47053
0.70537
0.74411
0.9785
0.99095
0.83398
0.61209
0.46856
0.29918
0.273
0.22087
-0.11686
-0.12977
-0.58362
-0.59624
-0.85498
-1.0098
-0.89281
-0.47847
-0.29726
-0.11625
0.12909
0.21933
0.2321
0.73457
0.78567
1.1328
1.1707
1.0415
0.79675
0.64218
0.64182
0.6158
0.85907
0.99955
1.1399
1.2032
1.2282
1.3681
1.4441
1.2772
1.1616
0.95686
0.36978
-0.050977
-0.39485
-0.61105
-0.44532
-0.31791
-0.088966
-0.12703
-0.063479
-0.2284
-0.36778
-0.35491
-0.30404
-0.29122
-0.54415
-0.59446
-0.80904
-1.1371
-1.3007
-1.1738
-1.3371
-1.5003
-1.6885
-1.9773
-1.9007
-1.7362
-1.6095
-1.5332
-1.6455
-1.858
-1.6814
-1.8561
-1.9554
-1.9794
-2.2163
-2.3152
-2.314
-2.4253
-2.6989
-2.5976
-2.2343
-1.9337
-1.5212
-1.508
-1.4947
-1.7678
-1.7296
-1.6168
-1.5538
-1.2424
-1.13
-1.1542
-1.2404
-1.3638
-1.2144
-1.0404
-0.92841
-0.84132
-0.89035
-0.93933
-0.80296
-0.5803
-0.40723
-0.24668
0.086294
0.23411
0.36945
0.50465
0.49209
0.46725
0.62677
0.76156
0.96988
0.98165
0.91983
0.88258
0.90663
1.0041
1.0526
0.9297
0.67246
0.54991
0.30535
0.3174
0.40265
0.78049
0.84104
0.93807
1.0106
1.1683
1.3624
1.6048
1.8349
1.8947
1.8209
1.7593
1.6371
1.6726
1.7081
1.8646
1.6458
1.512
1.4507
1.4017
1.4976
1.702
1.9666
2.05
1.9525
1.7226
1.5773
1.3478
1.287
1.1541
0.76901
0.5044
0.19206
0.10798
-0.071948
-0.011985
0.10781
0.29933
0.53852
0.68178
0.62166
0.43016
0.035829
-0.26261
-0.41758
-0.25042
-0.095351
0.10722
0.047628
-0.19042
-0.17843
-0.66579
-1.0338
-0.92642
-1.3889
-1.3527
-1.5892
-1.5647
-1.4928
-1.5987
-1.4558
-1.325
-0.91048
-0.81548
-0.50795
-0.60215
-0.60186
-0.519
-0.78991
-0.90736
-1.1307
-1.2714
-1.4826
-1.082
-0.90517
-0.79899
-0.73989
-0.73953
-0.69225
-0.43391
-0.44543
-0.52723
-0.64409
-0.86619
-0.91258
-1.2981
-1.4144
-1.5422
-1.6933
-1.6108
-1.5517
-1.4811
-1.4687
-1.5263
-1.3859
-1.2339
-1.2101
-0.82575
-0.837
-0.69719
-0.97564
-1.0449
-1.1372
-0.96275
-0.8116
-0.40563
-0.23169
-0.023159
0.12732
0.35865
0.42789
0.63578
0.98216
1.0973
1.0275
0.98095
0.89979
0.89943
1.0374
0.74892
0.54131
0.24177
0.19564
0.011504
0.12649
0.31036
0.7124
0.9878
1.0333
1.0559
1.1588
1.124
1.1694
1.1002
1.2602
1.0193
0.89297
0.65233
0.54914
0.7205
0.90318
1.0629
1.1196
1.302
1.2788
1.13
1.1981
1.2661
1.471
1.5161
1.5271
1.595
1.3553
1.2866
1.1155
1.229
1.3083
1.5468
1.6828
1.6028
1.5455
1.4315
1.4425
1.5671
1.7824
1.9409
1.9518
1.8946
1.8261
1.735
1.7459
1.7342
1.6092
1.3936
1.2687
1.3591
1.3022
1.3926
1.4489
1.5618
1.6295
1.8894
1.6855
1.5948
1.538
1.5265
1.5715
1.4583
1.1416
0.84762
0.57632
0.54236
0.66658
0.67781
0.91497
0.81324
1.1407
1.0164
1.0728
1.5244
1.5017
1.7275
1.7161
1.5693
1.6031
1.4112
1.5918
1.5692
1.6708
1.6143
1.8288
1.8063
2.066
2.1677
2.1678
2.2356
2.4164
2.2358
1.965
1.5698
1.5248
1.2312
1.1297
0.73435
1.1751
0.90402
1.1528
1.0286
1.6731
1.8316
1.798
2.0584
1.7533
2.0365
2.0481
2.1051
2.3319
2.2758
2.1517
1.937
1.5522
1.3259
0.95217
0.74832
0.53304
0.011344
0.090779
-0.23836
-0.22708
-0.48837
-0.045444
-0.29548
-0.079578
-0.51174
-0.26165
-0.64866
-0.35291
0.18221
0.34178
0.34191
0.63848
0.59311
0.93568
0.79909
0.91364
0.87976
0.66298
0.58323
0.26315
0.76692
0.44663
0.84788
0.5044
0.42437
0.26393
-0.1837
0.25273
-0.022988
0.20701
-0.023014
0.10362
-0.51841
-0.51872
-0.77278
-1.0387
-0.36955
-0.61245
-0.080942
-0.31241
0.39366
0.47503
1.0666
0.92816
1.5674
1.1851
1.5347
1.7337
1.4788
1.8877
2.0058
1.9606
1.2497
1.9988
0.94755
-0.04683
-0.48041
-1.1023
-1.6079
-1.6093
-1.4814
-1.9063
-1.9904
-1.5207
-1.7462
-1.5943
-1.6785
-1.4316
-1.4093
-1.1498
-0.93735
-0.867
-1.3196
-1.4756
-1.8345
-1.8244
-1.7666
-1.5534
-1.9258
-2.1434
-2.2416
-1.992
-1.7299
-1.3469
-0.77053
-0.51828
-0.55507
-0.86979
-0.8466
-0.38747
-0.47278
-0.52189
-0.74124
-0.8273
-1.1206
-1.2684
-1.2699
-1.0759
-0.86916
-0.35546
-0.40501
-0.27035
-0.33223
-0.11089
-0.17272
-0.1606
-0.098962
-0.22297
-0.60779
-0.36021
-0.75873
-0.66015
-0.72344
-0.97429
-1.0382
-1.3654
-1.2545
-1.6081
-1.5979
-1.5246
-1.2367
-0.99841
-1.0379
-1.0902
-1.0665
-1.4242
-1.1335
-0.7143
-0.54935
-0.58861
-1.1022
-1.1425
-1.3758
-0.88862
-1.0191
-1.15
-1.3331
-0.71302
-0.72721
-0.72844
-0.35181
0.14357
0.62759
0.28814
-0.15744
-0.51258
-0.84265
-0.98922
-1.2156
-1.2972
-1.3393
-1.5676
-1.4906
-1.68
-1.4159
-1.4587
-1.153
-1.1149
-0.82092
-0.99776
-0.99965
-1.164
-1.0713
-1.182
-1.3205
-1.4731
-1.6673
-1.917
-1.8659
-1.9109
-1.6805
-1.6701
-0.77447
-0.58203
-0.44435
-0.11131
-0.58559
-0.69856
-1.078
-1.431
-1.5183
-1.6905
-1.5952
-1.5279
-1.4177
-1.1934
-1.0251
-0.62777
-0.70061
-0.37255
-0.4308
-0.48929
-0.46151
-0.34689
-0.28971
-0.23228
-0.43648
-0.36454
-0.52611
-0.8788
-1.1156
-1.6331
-1.7252
-1.9212
-2.4292
-2.3456
-2.351
-1.8642
-1.4499
-1.663
-1.5617
-1.3847
-1.7651
-1.6784
-1.652
-1.2913
-0.74613
-0.30526
-0.55075
-0.73607
-0.87614
-1.1401
-1.0502
-0.95979
-1.0086
-1.151
-1.5124
-1.4691
-1.833
-1.696
-1.4325
-1.1677
-0.60108
-0.17442
0.12716
0.0478
0.59097
0.86459
1.2359
1.7055
1.2258
1.0994
1.0373
0.73114
1.0424
0.97965
1.3421
1.0173
0.64149
-0.31329
-0.46284
-0.77882
-0.19934
0.18318
0.66776
0.90372
0.92273
0.74002
1.1128
1.2508
1.1522
0.95123
0.91954
0.30727
0.27381
-0.017156
0.51595
0.46551
0.31111
0.36386
0.26055
0.20896
0.26184
0.29749
0.43857
0.29897
-0.31734
-0.83065
-1.2934
-1.7583
-1.9407
-2.1954
-2.4692
-2.278
-2.4813
-2.6497
-2.4935
-2.4996
-1.7431
-1.9112
-1.8064
-2.5424
-3.0803
-3.3819
-2.911
-3.3798
-3.2584
-2.8023
-2.716
-3.0209
-3.1402
-3.8972
-4.038
-4.8006
-4.51
-4.01
-3.318
-2.5846
-1.962
-1.7566
-1.0335
-0.49875
-0.23073
-0.21199
-0.32837
-0.29041
-0.58214
-0.36953
-0.11696
-0.29306
0
0.33364
0.82612
1.2025
0.90884
1.2871
1.4487
1.7502
1.7341
1.7179
1.3412
1.4244
1.0655
0.90664
0.90857
0.48559
0.42579
0.56891
0.83477
1.1221
1.6765
2.0896
2.6276
2.4889
1.2367
0.68152
0.47595
0.41468
0.39472
0.49957
0.45883
-0.18806
-0.31404
-0.52439
-0.90365
-1.3896
-1.7929
-2.1766
-2.477
-2.2482
-1.6361
-1.0643
-0.61837
0.17088
0.40656
0.70735
0.32207
-0.021508
0
-0.15106
-0.23777
-0.1299
-0.67226
-0.58646
-1.2835
-1.0895
-1.0912
-0.8524
-0.72236
-1.2057
-1.0099
-1.803
-2.2019
-2.9328
-2.7382
-2.2555
-2.2365
-1.8183
-2.0205
-2.1344
-2.4934
-1.6941
-1.2276
-0.9386
-0.58176
0.044805
0.11215
-0.067368
-0.40468
-0.72025
-0.87879
-1.0602
-0.56456
-1.6051
-1.833
-1.2006
-0.8617
-0.81716
-0.24993
-0.34113
0.045527
-0.1367
0.18244
0.11412
0.38834
0.022863
0.18305
-1.3052
-0.825
-1.0091
-0.75736
-0.022967
0.022982
1.0349
1.0125
1.3125
1.4285
1.9826
2.399
2.7695
2.8864
2.6799
3.0741
2.6362
2.938
2.5921
2.7089
2.8257
2.5023
2.1786
1.7156
1.6697
1.7629
2.1346
2.0887
1.2999
0.67326
0
-0.55734
-0.7432
-0.78972
-0.65041
-0.16261
-0.55753
-0.90599
-0.95243
-0.92916
-1.1382
-0.78967
-0.90571
-0.65017
-1.3466
-1.5553
-2.0191
-1.2762
-0.83513
-0.44065
-0.3246
-0.23179
-0.11586
-0.092654
-0.04631
0.23146
-0.069411
0
-0.32363
-0.43901
-0.23094
0.27699
0.27685
0.64561
0.78351
0.99032
0.6905
0.57505
0.5287
0.41348
0.48206
0.52759
0.22922
-0.36647
-0.25175
-0.25155
-0.34274
-0.068491
0.045621
0.27349
0.02277
-0.090997
-0.25001
-0.45412
-0.29489
-0.20395
0.33957
-0.29399
-0.2485
-0.99293
-1.082
-0.99074
-1.237
-0.67397
-0.6283
-0.49308
-0.33579
-0.40245
-0.31263
-0.28993
-0.13364
0.04449
0.066648
0.19968
-0.17725
-0.5089
-0.35353
-0.3751
-0.55083
-0.30802
-0.61516
-0.72394
-0.70096
-0.21872
-0.24023
-0.043611
-0.41366
-0.89125
-1.5409
-1.3218
-0.69228
-0.21599
-0.28032
0.064582
0.27939
0.021455
0.36412
0.70561
1.0032
1.5981
1.9143
2.2082
2.1195
2.1791
1.9851
1.9604
2.1041
2.2472
2.4107
1.4437
1.1695
0.89629
0.22884
-0.20764
-0.91183
-1.0548
-1.6514
-1.4833
-1.4598
-1.0875
-0.55292
0.18393
0.85661
1.0788
1.0562
0.77027
0.46525
0.66614
1.1281
1.4473
1.2437
0.86071
0.23969
0.079725
-0.039777
-0.079382
-0.17822
-0.29639
-0.61121
-0.70824
-0.80484
-0.52885
-0.23452
0.097501
0.33077
0.54357
0.52299
0
-0.28924
-0.46174
-0.34552
-0.057456
0.076433
0.22878
-0.076084
-0.018977
-0.20827
-0.01889
0.018847
-0.22563
-0.54402
-1.3288
-1.6805
-2.1423
-1.9328
-1.78
-1.4244
-0.9781
-1.0679
-1.3409
-1.7042
-2.0658
-2.4439
-1.9651
-1.8515
-1.5574
-1.2104
-1.532
-1.3485
-1.3812
-1.02
-1.3211
-1.3179
-1.8834
-2.1802
-2.6702
-2.7344
-2.2879
-2.4053
-2.5047
-2.8132
-3.0157
-2.9389
-2.3247
-2.0942
-1.4331
-0.70623
-0.85921
-0.46287
-1.0604
-1.0578
-0.88511
-1.1377
-1.0334
-1.4873
-1.3994
-2.1699
-2.148
-2.4945
-2.4385
-2.1828
-1.8785
-1.5921
-1.5056
-1.5351
-0.9881
-0.49289
-0.44257
-0.52331
-0.76682
-1.2045
-1.3154
-1.523
-1.3094
-1.0322
-0.99763
-0.69032
-0.83289
-0.76707
-0.8291
-0.93857
-0.77772
-0.66511
-0.53721
-0.61482
-0.61344
-0.72193
-0.82993
-0.9687
-0.87301
-1.0266
-1.102
-1.0531
-1.1744
-1.326
-1.2462
-0.96714
-0.84249
-0.70311
-0.53382
-0.51745
-0.48597
-0.075771
0.015122
-0.07545
-0.15058
-0.18032
-0.014995
-0.38905
-0.13439
0.26823
0.78815
1.3208
0.99225
0.84243
0.70798
-0.61822
-0.92547
-1.7006
-1.1559
-0.90533
-0.78695
-0.81449
-0.79837
-0.6954
-0.47716
-1.0102
-0.54733
-0.46003
0.35871
0.28642
0.486
0.28534
0.75474
1.1371
0.83706
0.45316
-0.014135
0.36685
-0.014084
0.36552
0.11227
0.098057
0.13983
0.2373
-0.083604
-0.15301
-0.41657
-0.20792
0.096864
0.13814
0.49647
0.33042
0.71471
1.0154
1.9041
2.0104
2.2938
2.3446
2.3
1.9023
1.7907
1.7337
1.6498
1.2962
0.75494
0.22883
-0.38975
-0.71122
-1.0585
-1.1238
-1.1088
-1.0805
-0.91905
-0.79801
-0.46483
-0.42438
-0.66215
-0.80668
-1.2281
-1.6352
-2.2387
-2.3935
-2.3377
-2.1378
-2.1611
-2.0797
-1.8027
-1.7873
-1.5113
-1.2361
-0.83171
-0.61001
-0.24629
-0.58259
-0.45257
-0.68448
2.0896
