-1.1375
-0.90108
-0.93197
-1.1591
-1.0469
-0.9152
-1.3709
-1.0551
-1.2365
-1.1261
-0.1365
-1.155
0.075075
0.43946
0.82583
1.1111
1.154
1.1665
1.039
1.0234
1.0563
1.0797
1.0415
0.76319
0.5775
0.81229
0.89673
1.0515
1.0627
1.006
1.0059
0.99859
1.0058
1.0251
1.0083
1.0355
1.0162
0.98308
1.0383
1.0379
1.2126
1.2372
1.2524
1.1211
0.80437
0.3003
0.15805
-0.7293
-1.1648
-1.307
-1.1726
-0.80798
-0.79908
-0.86162
-1.0557
-1.1234
-0.9009
-0.94934
-1.0335
-1.0577
-0.96588
-0.79867
-0.76643
-0.86992
-0.88713
-0.98474
-1.0169
-0.98759
-1.0057
-1.0702
-1.1188
-1.1547
-1.1807
-1.1105
-1.116
-0.97127
-0.95249
-0.77606
-0.78339
-0.8207
-0.95954
-1.0737
-1.2012
-1.1083
-1.302
-1.1707
-0.77
-0.33634
0.45251
1.0296
1.1426
1.1642
1.2012
1.0893
1.083
0.81258
0.80313
0.80313
1.0119
1.189
0.89682
0.84422
0.78911
0.91949
1.0331
1.0278
1.019
1.1163
1.124
1.1564
1.1567
1.1386
1.1625
1.0281
0.528
0.396
0.47572
1.0445
1.4531
1.3296
1.0164
0.77664
0.87466
1.3117
1.2986
1.3927
0.48697
-0.12779
-0.44162
-0.69635
-0.74301
-0.93894
-1.078
-1.099
-1.1031
-1.0071
-0.96346
-1.0319
-1.074
-1.1798
-1.0951
-1.0335
-1.001
-0.95374
-0.97634
-1.231
-1.4362
-1.0386
-0.0924
0.70659
1.6016
1.716
1.2584
0.51975
-0.10725
-0.57592
-0.81488
-0.85479
-1.0161
-0.95236
-0.94265
-0.97193
-1.043
-1.1399
-1.2361
-1.2769
-1.2177
-0.99626
-0.82435
-0.1365
0.5005
0.78044
0.99663
1.0046
0.97688
0.87389
0.9208
0.98316
1.0275
0.98852
0.96207
0.987
1.0285
1.0497
1.0124
1.0446
1.0876
1.1576
1.1937
1.1682
1.0282
0.87935
0.97824
1.0668
1.1365
1.176
1.0939
1.069
1.1953
1.0956
1.1313
-0.087688
-0.62317
-0.35117
-0.55852
-0.89182
-1.0214
-1.0687
-1.2341
-1.0562
-1.0223
-0.92227
-0.85495
-0.79575
-0.70937
-0.83955
-0.89293
-0.94832
-1.0091
-1.0864
-1.0778
-1.0108
-0.96538
-0.95145
-1.0172
-1.0158
-1.0034
-0.96125
-1.0083
-1.1003
-1.1398
-1.1142
-0.9724
-0.94171
-0.9724
-1.0254
-1.105
-1.106
-1.0412
-0.99
-0.93227
-1.0506
-1.1138
-1.164
-0.91827
-0.81437
-0.88324
-0.8547
-0.93519
-0.99147
-1.0706
-1.1002
-1.1308
-1.0302
-0.95044
-0.86374
-0.82583
-0.81297
-0.89663
-0.90888
-0.97188
-1.0259
-1.0132
-0.93182
-0.9155
-0.96245
-0.99039
-1.0495
-1.023
-1.0164
-1.0534
-1.1092
-1.1302
-1.1418
-1.1081
-1.0261
-0.98374
-1.034
-1.0147
-1.1174
-1.155
-1.0338
-0.455
0.19374
0.93141
1.051
0.92697
0.86735
0.93427
1.0591
1.1524
1.092
1.0633
1.0355
1.063
1.0395
0.88383
0.84648
0.92856
0.96691
1.0453
1.0537
1.1261
1.0989
0.97184
0.92092
0.79814
1.0206
1.0199
1.0609
0.98901
1.0215
0.96371
0.83506
0.90016
0.89027
0.95145
0.983
1.011
0.99783
1.0413
1.0368
1.0711
1.0617
1.0586
1.0415
0.9407
0.88395
0.89198
0.943
1.001
0.9438
0.97103
1.0084
1.1686
1.1953
1.1879
1.1433
1.0989
1.1414
0.84295
0.11476
-0.3841
-0.90917
-0.89581
-0.91781
-0.95333
-0.95904
-0.95453
-1.0127
-1.0173
-1.1516
-1.1289
-1.0412
-0.94814
-0.978
-0.97477
-1.0256
-1.0531
-1.1094
-0.98712
-0.91399
-0.94669
-0.99398
-1.0743
-1.0144
-1.0149
-1.0388
-1.0599
-1.0538
-1.0069
-0.99525
-1.0375
-1.057
-1.1108
-1.2073
-1.1207
-1.0464
-0.86018
-0.84814
-1.0089
-1.066
-1.1647
-1.0839
-0.97903
-0.96342
-1.0455
-1.0656
-1.092
-1.0715
-0.924
-0.99547
-1.0186
-0.90264
-0.97207
-0.97772
-1.092
-0.99547
-0.87134
-0.88324
-0.92185
-1.0311
-0.98197
-0.82911
-0.8247
-0.96611
-0.99114
-1.0946
-1.1751
-1.1947
-1.3844
-1.2501
-0.89375
-0.044489
0.3185
0.84084
1.155
1.2785
1.2722
1.0656
1.001
0.91126
0.72072
0.65583
0.71304
0.82393
0.91435
1.0213
1.0257
0.94188
0.96871
0.96836
1.0257
1.0872
1.0871
1.0287
1.0029
0.97193
1.1067
1.1289
1.1472
1.092
0.88649
0.81794
0.78843
0.82691
1.0704
1.0398
0.90328
0.89512
0.85986
0.95816
0.97424
1.0345
1.0866
1.0929
1.0872
1.0406
0.99897
0.97215
1.0521
1.1812
1.2172
1.2696
0.86965
0.338
-0.38529
-0.85008
-1.0878
-1.2096
-1.3989
-1.409
-1.024
-0.29817
0.357
0.92685
1.0182
1.0402
1.0296
1.0769
1.0488
0.99
0.9578
1.0186
1.144
1.1088
1.0574
0.93116
0.96163
1.0398
0.9502
0.92266
0.93197
1.0385
1.2157
1.2253
1.2492
1.1884
1.0323
0.847
0.5587
-0.52226
0.52226
0.33367
-0.182
0.60611
0.64622
0.92846
1.1077
1.1179
1.1058
1.1003
1.1665
0.93427
0.83417
0.87411
0.96323
1.1207
1.3764
1.2301
1.2012
0.88509
0.76267
1.2986
0.6864
-0.25557
-0.096871
-0.87893
-1.2105
-1.2707
-1.3453
-1.0909
-0.64514
-0.76476
-1.6789
-1.1993
-1.1447
0.19463
-0.97318
0.696
-0.34614
1.5314
-0.45923
-0.18434
-1.0718
-1.0416
-0.58744
-0.36622
-0.63393
-0.92702
-0.91901
-0.97889
-0.86786
-0.94028
-0.94361
-0.8531
-0.88826
-0.99059
-1.0773
-1.105
-1.0766
-0.96169
-1.0201
-1.0334
-1.1248
-1.092
-0.98833
-0.944
-0.90305
-1.0108
-0.99612
-1.0345
-0.96826
-0.94185
-0.9372
-0.9947
-0.95904
-0.99339
-1.0103
-1.0174
-1.0445
-1.0118
-0.92239
-0.90695
-0.94117
-1.0135
-1.1064
-1.1136
-1.1021
-1.0677
-1.0134
-0.9758
-0.98583
-1.0452
-1.0822
-1.0795
-1.0445
-1.0381
-1.0421
-0.98606
-0.87184
-1.0762
-1.155
-1.1261
-1.2409
-0.97067
-1.0238
-0.5587
-0.52226
-1.0223
-1.4389
-1.5015
-1.3614
-1.0355
0
0.17325
-0.2184
-0.79091
-0.97345
-0.994
-0.89917
-0.87232
-0.98729
-1.0579
-1.0778
-1.047
-1.0284
-0.94787
-1.0024
-0.97952
-1.014
-1.0773
-1.1049
-1.0729
-0.99746
-0.91445
-0.95904
-1.1094
-1.1407
-1.1498
-1.144
-1.0652
-1.2513
-1.1398
-0.693
0.25025
0.96525
1.4752
0.69635
0.75075
0.9295
0.9584
1.3057
1.3514
1.4225
0.65819
-0.069837
-0.64771
-0.86527
-1.3112
-1.3347
-0.9123
-0.98783
-0.93051
-0.924
-1.0574
-1.001
-1.096
-1.1174
-1.1532
-0.715
-0.81033
-0.95333
-1.1234
-0.91811
-0.77916
-0.81635
-0.93844
-1.2534
-1.2773
-1.2365
-1.0296
-0.798
-0.95671
-1.227
-1.1122
-0.97395
-0.858
-0.56814
-0.71039
-0.70383
-0.64109
-0.79228
-0.92242
-0.96981
-0.99855
-0.93884
-0.90895
-0.9281
-1.0557
-1.1518
-1.1796
-1.1372
-1.0487
-0.93494
-1.0647
-1.0521
-1.0704
-0.98854
-0.90696
-0.79735
-0.96791
-0.99215
-1.2341
-1.3614
-0.89524
-0.62616
-0.64735
-0.79015
-1.1511
-1.1098
-0.94281
-0.81872
-0.81357
-0.9001
-1.114
-1.0793
-1.0761
-1.0347
-1.0321
-1.062
-1.1519
-1.1237
-1.0557
-0.92437
-0.89501
-0.84084
-0.98922
-1.0316
-1.0717
-1.0455
-1.0161
-0.95189
-0.96726
-0.90532
-0.99746
-1.0148
-1.0249
-1.1053
-1.0841
-0.96447
-0.91396
-0.8008
-0.94726
-1.0487
-1.0484
-0.98092
-0.98159
-1.0065
-0.957
-1.1335
-1.1082
-1.0698
-1.0391
-0.98153
-1.1261
-1.1501
-1.17
-1.1625
-0.77141
-0.44081
0.66733
1.2488
1.9168
1.6252
0.59214
-0.10355
0.38336
0.9555
1.7913
1.0296
0.27935
-0.9555
-1.1305
-1.6643
-1.6302
-0.88613
-0.23553
0.18769
-1.3138
-1.5015
0
0.48697
0.97876
1.0618
0.99156
0.93765
1.0792
0.86417
0.93781
0.99128
1.0868
1.1587
1.0883
0.9728
0.97089
0.89501
1.0541
1.0599
1.0716
0.85461
0.78056
0.80736
0.96871
1.083
1.1105
1.1174
0.96666
0.97618
1.0461
1.1535
1.2056
1.005
0.76025
0.82749
0.94265
1.1293
1.0628
0.94212
0.95816
0.91346
1.0494
1.0426
1.1678
1.1857
1.0384
0.86718
1.051
1.2193
1.1391
1.2012
0.858
1.1776
1.2012
0.3003
-0.4004
0.31611
1.365
1.287
1.5421
0.86929
0.45206
0.33634
0.62257
0.94212
1.3034
1.2158
1.1861
1.1079
1.0492
1.0309
0.98374
0.546
0.77
0.91695
0.87429
1.0238
1.0269
1.128
1.095
1.4914
1.2571
0.66208
0.050471
-0.91163
-1.619
-1.3714
-1.0094
-1.1472
-1.0844
-0.73805
0.077279
0.82658
1.1943
0.91567
0.84277
1.0013
1.252
1.2514
1.1537
0.88798
0.71798
0.81676
0.73766
0.94451
1.2515
1.2428
1.205
1.1004
0.35314
-0.66166
-1.3175
-0.77062
-0.2875
1.4028
2.0146
1.4251
0
0.26575
-0.3213
0
0.728
1.0656
1.1769
1.2605
0.98879
0.87893
1.0551
1.1532
1.5979
1.1261
0.28264
0.70659
1.5015
1.3234
1.1261
0.2002
1.2234
1.0997
0.49591
-0.28407
-0.98403
-1.2012
-1.3967
-1.2245
-1.0115
-0.7727
-0.6864
-0.74686
-0.81661
-1.0426
-1.032
-1.1079
-1.1224
-1.0249
-1.0473
-0.93427
-0.858
-1.0199
-1.0195
-0.96939
-0.96096
-0.89253
-0.89745
-0.9584
-1.0258
-0.97136
-0.96299
-0.87949
-0.91993
-0.92475
-1.0296
-1.0355
-1.0456
-1.0549
-1.0609
-1.1615
-1.1602
-1.1117
-1.0609
-1.0612
-1.0269
-1.1205
-1.0109
-0.6006
0.22522
0.98922
1.1904
0.55611
0.62034
0.84762
1.1837
1.3746
1.2314
0.9733
0.87759
0.92646
1.0751
1.3205
1.2905
0.858
0.77725
0.73046
1.0696
0.858
1.1854
1.2365
1.1122
0.429
-0.19374
-0.71007
-1.075
-1.1373
-1.205
-1.293
-1.2631
-1.2143
-0.87043
0.11122
0.91856
1.0109
0.78699
0.44023
0.88613
0.93653
0.97888
1.001
0.88884
0.94647
1.0474
1.0561
1.0649
1.0605
1.1617
1.1839
1.1942
1.0984
1.0122
1.0689
0.6435
0.2574
-0.82841
-1.1653
-1.0797
-0.47835
-0.74047
-0.84831
-0.8736
-1.0195
-0.858
-0.80286
-0.95049
-1.0342
-1.0606
-1.0156
-0.98685
-0.96563
-1.0663
-1.1326
-1.1208
-1.0428
-0.93711
-0.88368
-0.9123
-0.99604
-0.9939
-0.99787
-1.0189
-1.0722
-1.0908
-1.0443
-1.004
-0.95547
-0.94863
-1.0294
-1.0312
-1.0458
-1.0236
-1.0848
-1.1683
-1.185
-1.0325
-0.94288
-0.90603
-1.0885
-1.2602
-1.2009
-0.80939
-0.25577
0.76843
1.2795
1.515
1.4251
0.90752
0.31085
-0.39152
-0.65281
-0.93471
-1.1022
-0.94615
-0.97067
-0.95123
-0.87671
-0.98521
-1.0679
-1.0888
-1.0594
-1.0291
-1.0331
-1.1268
-1.1525
-1.0694
-0.98126
-0.8941
-0.92235
-1.0942
-1.2178
-1.4763
-0.98783
-0.67673
-0.20291
-0.61425
-0.9724
-1.1776
-1.0939
-0.91835
-0.84831
-0.86718
-1.0808
-1.1533
-1.0772
-1.001
-1.0489
-1.1587
-1.1833
-1.1211
-1.0186
-1.114
-0.99182
-0.31066
0.27095
1.0811
1.2498
1.232
1.0836
0.92646
0.96648
0.96991
1.2093
1.1741
1.0404
0.8301
0.5148
0.69434
0.7098
0.90936
0.9465
0.93524
0.99881
1.0483
1.0184
0.97188
0.87716
0.93905
0.99634
1.0334
1.0194
0.99273
0.98191
1.0051
1.0254
1.0118
0.96768
0.98367
1.0037
1.098
1.1064
1.1059
1.091
1.0461
0.97772
0.8978
0.98682
1.0718
1.1851
1.1081
1.0467
0.91958
0.97395
1.0254
1.1261
1.2905
1.2613
0.82841
-0.51271
-0.48886
-0.7644
-0.87588
-0.825
-1.0057
-1.0092
-0.97924
-0.94094
-0.92685
-0.97812
-0.94832
-0.94755
-0.994
-1.0558
-1.1092
-0.98546
-0.90483
-0.92101
-1.0031
-1.0803
-1.1434
-1.0504
-0.93547
-0.82701
-0.8844
-1.0307
-1.0577
-1.0641
-1.033
-1.0257
-1.044
-1.0033
-1.0961
-1.2293
-1.2183
-1.3219
-0.9728
-0.83805
-0.13967
-0.819
0.37537
0.62131
0.3432
-0.8008
-1.4497
-0.62131
-0.55518
-0.66646
-1.0377
-1.0653
-0.94553
-0.98549
-0.99145
-1.0565
-1.1185
-1.1079
-1.1055
-1.0484
-0.88665
-0.76895
-0.7797
-0.98636
-0.98067
-0.9821
-1.0369
-1.0865
-1.0428
-0.9662
-0.80028
-0.92822
-1.0638
-1.126
-1.1529
-1.1245
-1.0128
-1.0273
-1.0478
-1.0854
-1.0797
-1.0296
-0.81304
-0.89682
-1.0735
-1.1887
-1.3728
-1.144
-0.82133
-1.056
-0.67567
-0.48533
-0.66733
-0.63026
-1.1122
-1.3381
-1.5269
-1.3304
-0.78911
0.05315
0.9152
1.0742
0.75525
0.79491
0.9123
0.9757
1.0268
0.96871
1.001
0.93358
0.99359
1.0279
1.0799
1.1425
1.1091
1.1566
1.3527
1.1591
0.84382
0
-1.3347
-0.56814
-0.46922
-0.46922
-0.588
-0.83589
-0.96791
-1.0755
-1.0973
-1.0599
-1.0616
-1.074
-1.0321
-0.93527
-0.86766
-0.89871
-0.97339
-0.99297
-0.98741
-0.99955
-1.0137
-1.0051
-0.99018
-0.99027
-1.0308
-1.0496
-1.0999
-1.0903
-1.0593
-1.0395
-1.0457
-1.1341
-1.1973
-1.0656
-0.96972
-1.1462
-0.89198
-0.96871
-0.069034
0.9555
1.5015
0.95095
0.64064
0.65583
0.8455
1.1198
1.0265
0.98491
0.8247
0.96495
1.022
0.98412
1.0033
0.94624
0.98643
0.95145
0.935
0.93653
0.91457
1.019
1.1042
1.1753
1.1355
1.0412
0.94188
0.90023
0.99369
1.1181
1.2222
1.1656
0.99312
1.0304
1.0381
0.88324
0.95333
0.8234
0.70659
0.975
0.858
0.88161
0.8778
0.88905
0.91319
1.0965
1.1241
1.1393
1.0873
0.96096
0.92249
0.93653
0.94726
0.99774
0.96096
0.98021
0.97489
1.1109
1.0515
1.1178
1.1922
1.2971
1.404
0.83251
0.4923
0
0
-0.69006
-1.2056
-0.94649
-0.86141
-0.74126
-0.92862
-0.93951
-0.94036
-1.0397
-1.0483
-1.0524
-0.93903
-0.87055
-0.93944
-1.0231
-1.045
-1.0042
-0.89019
-1.0047
-0.95761
-1.0377
-1.023
-1.1311
-1.1742
-1.1349
-0.9067
-0.79965
-0.86512
-0.98856
-1.0639
-0.99226
-0.96947
-0.99302
-1.1935
-1.3562
-1.349
-1.092
-0.50546
0.165
0.637
0.97659
1.0268
1.0431
1.0328
1.0992
1.1282
1.0589
1.001
1.0652
1.3625
1.1944
0.84648
0.55017
0.53785
0.75075
0.94993
0.9923
1.1113
1.0638
0.9728
0.90192
0.98729
1.1018
1.3507
1.3906
1.1046
0.546
0.063556
-0.54152
-0.86062
-0.99866
-1.0206
-1.0413
-1.0178
-1.0729
-1.0995
-1.0333
-1.0085
-0.90204
-0.90146
-0.9215
-0.98392
-1.001
-1.0417
-1.0352
-1.0543
-1.0168
-0.94882
-0.91028
-0.95986
-0.99361
-1.0239
-1.0549
-1.0267
-1.0346
-1.0314
-1.0345
-1.0366
-1.0631
-1.0777
-1.1218
-1.1181
-1.0577
-1.0435
-0.93672
-0.94033
-0.69767
-0.8139
-0.99639
-1.2398
-1.4721
-1.0581
-0.84791
-0.693
-1.5321
-1.6516
-0.78
-0.16918
0.48048
0.72072
0.83907
0.96393
1.1363
1.1764
1.0278
1.2976
1.274
1.0973
0.79026
0.98057
0.63221
0.84084
-0.089642
-0.49029
-0.93051
-0.74332
-0.80233
-1.0043
-1.1035
-1.2191
-1.2927
-1.2593
-1.254
-0.87184
-0.51271
0.2071
0.68921
0.77
0.88509
1.2245
1.3728
1.1527
0.93844
0.792
0.5587
1.4809
1.463
0.86685
0.1092
-0.8369
-1.1837
-1.1493
-1.0287
-0.88413
-0.80278
-1.1625
-1.645
-1.6136
-0.84196
0
0.28945
0.51975
0.94832
1.4181
1.5226
1.3607
0.88991
0.55568
0.76279
0.9049
1.2817
0.93642
-0.58284
-0.48147
-0.49623
-0.52482
-0.80353
-0.98363
-1.0431
-1.0078
-0.96126
-0.91823
-0.92433
-0.95496
-0.98731
-1.0207
-1.0605
-1.0889
-1.1195
-1.1689
-1.1753
-1.1434
-1.0653
-1.0226
-1.0302
-1.0203
-1.0049
-0.99731
-0.97717
-0.85124
-0.76719
-0.83579
-0.94007
-1.0383
-1.144
-1.0496
-0.98361
-1.0404
-1.1272
-0.99803
-1.0167
-1.0045
-1.1185
-1.4343
-1.3739
-0.88978
-0.728
0
-0.154
0.8008
1.1776
1.5865
1.617
0.61078
-0.25377
-0.33367
-0.858
-1.0551
-1.1261
-1.0892
-0.93752
-0.90917
-0.87267
-0.89501
-0.9938
-1.0076
-0.97048
-0.98632
-1.0355
-1.092
-1.1285
-1.3502
-1.2673
-0.8455
-0.11495
0.56953
0.99746
1.0121
0.95929
1.0052
0.96235
0.98319
0.93404
0.94634
0.99806
0.96362
1.009
1.049
1.1205
1.1142
1.0538
0.96543
0.957
1.0069
1.0321
1.0767
1.017
1.0529
1.1367
1.2012
1.3614
1.1046
0.6825
0.061286
-1.1305
-1.1602
-0.95422
-1.0099
-0.94832
-1.102
-1.1904
-0.94832
-0.62671
-1.078
-1.0171
-0.94832
-1.1913
-1.3057
-1.0689
-0.43243
-0.66243
-0.96096
-0.98511
-0.94007
-0.78145
-0.96096
-1.0161
-1.031
-0.9548
-0.98387
-0.99169
-0.93514
-0.93068
-1.005
-1.0303
-1.1101
-1.0627
-1.0134
-0.96912
-0.95313
-0.9372
-1.0677
-1.0971
-1.195
-1.3668
-1.206
-0.89945
-0.16145
0.46922
1.0254
1.2671
1.3728
1.185
1.2012
0.93971
0.67309
0.87893
1.5226
0.95217
0.17493
-0.56306
-0.86834
-0.90917
-0.97825
-1.0244
-1.069
-1.1889
-1.3422
-1.0943
-0.82316
-0.8207
-1.1924
-0.92613
-1.1843
-1.1601
-1.069
-1.5809
-0.35116
-0.43093
0.092079
0.85126
1.061
1.1549
0.99476
1.0157
1.3521
1.3226
0.69441
0.57528
0.70249
1.12
1.1786
0.93218
-0.085917
-0.68722
-1.1587
-0.99524
-0.81789
-1.1451
-1.5894
-1.3096
-0.91499
-0.35207
0.4004
0.50653
1.1887
1.617
1.0822
1.0419
0.89745
0.84084
0.273
-0.6188
-1.0487
-1.3377
-1.1007
-0.86779
-0.86468
-1.1532
-1.0725
-0.9933
-0.90788
-0.91
-0.98639
-0.95597
-1.021
-1.0403
-1.0811
-1.071
-1.1345
-0.92046
-0.87489
-0.88535
-1.0316
-0.94044
-0.96096
-0.99774
-1.085
-1.061
-0.94354
-0.82298
-0.94111
-1.1122
-1.157
-1.1239
-0.97597
-1.0254
-1.0699
-1.2978
-1.4014
-1.232
-0.273
0
1.6516
2.2127
1.2257
0.10537
0.16232
-0.68109
-0.8645
-1.0952
-0.98118
-0.95249
-1.0311
-1.099
-1.1591
-1.0532
-1.0836
-1.0246
-0.93971
-1.3942
-1.1662
-0.79325
0
1.2644
1.716
1.2465
0.76547
0.66
1.0725
1.0677
0.91
0.84991
1.0566
1.0665
1.3347
1.2426
1.1843
0.858
-1.1064
-0.75075
0
1.078
0
-0.43592
-0.67483
-0.96482
-0.936
-1.0349
-1.1371
-1.0748
-1.083
-1.1102
-1.0718
-1.0416
-0.84422
-0.86864
-0.99273
-0.94832
-1.1185
-1.2831
-1.2779
-1.2513
-0.49416
0.2695
0.98833
1.2277
1.1298
1.1396
1.3598
1.3138
1.0281
-0.064581
-0.5005
-1.365
-1.001
-0.92776
-1.2012
-1.2488
-1.6114
-1.1625
-0.53387
0
1.386
-0.924
0
0.154
0.93672
0.98729
1.023
1.0563
1.1574
1.3832
1.4483
0.858
0.23553
-0.68109
-0.73244
-0.74567
-0.86531
-1.1945
-1.3636
-1.2156
-0.95773
-1.0129
-1.0956
-1.1796
-0.74118
-0.87099
-0.55166
0.44146
0.67671
1.3031
1.4899
1.0354
0.93687
0.6093
0.08425
-0.52927
-0.71752
-0.95403
-0.96774
-0.96315
-0.94722
-0.98276
-1.0506
-1.0842
-1.1133
-1.0743
-1.025
-0.97371
-1.0181
-1.1107
-1.1105
-1.1047
-1.0108
-0.99538
-0.99462
-0.96181
-1.0404
-1.212
-1.0547
-0.95618
-0.60347
-0.70813
-0.93116
-1.0754
-1.0317
-1.0589
-0.98982
-0.92776
-0.98191
-1.0696
-1.1178
-0.99818
-0.98658
-0.90525
-0.9438
-0.9405
-1.0328
-1.0036
-1.1341
-1.1457
-1.1513
-1.1506
-0.99626
-1.0952
-0.858
-0.858
-1.3117
-1.1316
-1.3784
-0.72072
0.10725
0.6493
0.45328
0.82691
1.3255
1.6419
1.6517
0.99
0.2071
0
0.36771
-0.37538
-0.83417
-1.0296
-1.1135
-0.81241
-0.93013
-1.0943
-1.0363
-0.98949
-1.0088
-1.1157
-0.93987
-0.83295
-0.85502
-1.014
-1.001
-1.0379
-0.99556
-0.94089
-0.98813
-1.0425
-1.1035
-1.0935
-1.0276
-1.1274
-1.2979
-1.2076
-0.98057
-0.52684
-0.64771
-0.72294
-0.78339
-0.96393
-0.99
-1.2711
-1.0948
-1.0656
-0.85312
-1.062
-0.9123
-1.1776
-0.9867
-1.3402
-1.092
-0.8008
0.20854
0.60699
0.80568
0.98175
1.0389
1.0735
0.96695
1.0231
1.0164
1.0251
0.98352
1.03
1.0173
1.1682
1.1537
1.1738
1.0898
0.9009
0.98833
0.8846
0.96096
0.8316
0.63221
0.88224
0.8866
0.99695
0.96871
0.99774
0.95591
0.97851
0.96031
1.0995
1.2339
1.3631
1.3712
0.91482
0.61918
0.429
0
0.87043
-0.58754
-0.94007
-1.4252
-1.4225
-1.3814
-0.98534
-0.45047
0.35765
0.50862
0.69535
0.81954
0.74662
0.90318
0.91042
0.9747
1.0363
1.0235
1.0349
1.0278
1.044
1.0515
1.1043
1.1585
1.1756
1.212
1.1337
1.0216
0.99343
1.1856
1.0118
0.44016
-0.36573
-1.0899
-1.3259
-0.68585
-0.78062
-0.71928
-0.94832
-0.95217
-0.89451
-1.1479
-1.176
-1.274
-1.1591
-0.95618
-0.67864
-0.715
-1.0246
-1.0618
-1.1363
-1.2155
-1.2666
-1.0599
-0.546
-0.45879
-0.9123
-1.0238
-1.3521
-1.2012
-1.0476
-1.1567
-1.4096
-0.96096
-0.6006
-0.10355
-0.62749
-0.76821
-1.1899
-1.0967
-1.1122
-0.7644
-0.45115
-0.68451
-0.91708
-1.0283
-1.092
-0.98908
-0.95244
-0.9828
-0.99388
-1.0699
-1.0473
-1.0412
-1.0257
-1.017
-1.001
-1.102
-1.1072
-1.1209
-0.99462
-1.0122
-1.1955
-1.2512
-1.2105
-0.75075
-0.9009
-0.94832
-0.154
0.91396
0.39384
0.8008
0.85041
0.94124
1.2093
1.0987
0.83417
0.9009
1.1017
1.4717
1.3754
1.0868
0.50653
0.6006
0.462
1.3446
1.6738
1.4752
1.0199
-0.10725
-0.081162
0.65412
0.87679
1.1109
1.1145
1.0947
1.1111
0.95145
0.80636
0.73803
0.8846
1.1261
1.2183
1.2102
1.0541
1.0421
0.74701
0.8624
0.91268
0.94007
0.87835
1.0533
1.1261
1.1261
1.0386
0.93479
0.91075
1.0706
1.1414
1.0615
0.924
0.93561
0.98511
1.1537
1.1728
1.092
0.90316
1.3156
1.1305
0.87728
0.29155
-0.35072
-0.81437
-1.0147
-1.2358
-1.3662
-1.4329
-1.2242
-0.7007
-0.063221
0.75075
1.3535
1.8352
1.4586
0.47667
-0.27935
-1.6016
-2.002
0.3432
0.53387
-0.22244
-0.84592
-1.2536
-1.0324
-0.99129
-0.92405
-0.9113
-0.81739
-0.90416
-0.73083
-0.75248
-0.81129
-0.94893
-1.0967
-1.1662
-1.1104
-1.0281
-0.96816
-0.94136
-1.028
-1.086
-1.0705
-1.057
-1.021
-1.0181
-1.0762
-1.1252
-1.1472
-1.0674
-1.0161
-0.89421
-0.89672
-0.93223
-0.92255
-1.0306
-0.97851
-1.0064
-1.0196
-1.0328
-1.0367
-1.1723
-1.2477
-1.274
-1.0737
-0.672
-0.48048
-0.63478
-0.966
-1.0825
-0.84991
-0.90467
-0.94449
-1.31
-1.3347
-1.0871
-0.72888
-0.55726
-1.1122
-1.2012
-1.1825
-1.2222
-1.1316
-1.2245
-1.1843
-0.4368
0.30539
-0.18769
0.38255
0.65855
1.0279
1.0844
1.1056
1.0772
1.0892
1.0935
1.004
1.143
1.1452
1.2384
1.041
0.75075
1.1518
1.2954
1.078
0.2002
-0.96096
-0.38748
0.5666
0.468
0.78867
1.3283
1.6327
1.3471
0.55611
-0.2833
-0.9282
-1.1174
-0.98833
-0.9555
-0.95177
-1.1472
-1.2513
-1.1353
-0.74631
-0.61078
-0.81603
-1.22
-1.2722
-1.1133
-0.92646
-1.0686
-1.1261
-0.93711
-0.756
-0.73622
-0.89232
-0.91268
-1.001
-0.9702
-0.97675
-0.92837
-0.89232
-0.92876
-0.94906
-0.97289
-1.0397
-0.99321
-1.045
-1.0203
-1.0746
-1.0873
-1.1719
-1.2475
-1.1741
-1.0366
-0.76196
-0.83955
-0.83628
-0.41626
-0.45563
-0.58595
-0.84257
-0.95894
-0.9871
-0.98057
-1.0161
-1.0281
-1.0275
-1.0694
-1.0672
-1.1323
-1.0544
-0.96779
-0.83458
-0.92751
-1.0296
-1.1818
-1.2616
-1.2012
-1.0734
-1.001
-0.95671
-1.386
-0.38748
-0.33367
1.1678
2.002
1.3057
0
-0.53387
-1.9043
-1.4014
-0.31611
0.45045
1.3585
1.1662
0.81033
0.78339
0.92598
1.0589
1.054
1.0467
1.2205
1.3838
1.2244
0.45237
-0.1707
-0.96718
-0.94756
-1.2738
-1.3354
-1.1202
-0.82359
-1.44
-1.0401
0
0.23952
0.27161
0.88492
1.1348
1.1241
0.87237
0.6764
0.77378
1.0224
1.2376
1.2952
1.0958
1.0571
1.0574
0.93197
0.92876
0.99
0.76672
0.71358
1.1079
1.1787
1.1797
0.9282
0.924
1.122
1.1736
1.0122
0.55726
0.75075
0.94832
1.155
1.008
0.99437
0.975
0.96991
0.91856
0.90902
0.95972
0.9587
1.0267
0.83087
1.001
1.0981
1.1332
1.2203
0.95095
0.81784
0.83491
1.0327
1.2455
1.0997
1.0757
0.90902
0.9428
0.97598
1.169
1.1075
1.0296
0.71903
0.798
1.0145
1.171
0.9828
1.0686
1.1286
1.1205
1.1608
0.98175
0.74301
0.84933
0.73658
0.91617
1.1917
1.0599
1.0445
1.0323
1.2012
1.3057
1.2341
1.2465
0.15015
-0.66733
0.58123
0.75075
0.13497
-0.715
-0.98833
-1.1687
-1.3128
-1.4459
-1.2713
-0.69096
0.31611
0.77725
1.0677
1.3138
1.214
1.2571
0.847
0.6592
0.49534
0.66733
1.0386
1.3958
1.4322
1.2944
1.0636
-0.08008
-0.84459
-1.1316
-0.60667
-0.65691
-0.81563
-0.91717
-0.94309
-0.99395
-0.93102
-0.83112
-0.8736
-0.91109
-0.9728
-0.9994
-1.007
-1.04
-1.0352
-1.0298
-1.0551
-1.0807
-1.0587
-0.98847
-0.93879
-0.95765
-1.0477
-1.0614
-1.0485
-1.0439
-1.0034
-0.92623
-0.99336
-1.0876
-1.2505
-1.0656
-1.0599
-0.95118
-1.1408
-1.2713
-1.1662
-0.97597
-0.468
-0.065283
0.61172
1.2296
1.4398
1.0818
0.91555
0.74148
0.93507
0.99528
1.1447
1.2647
1.416
0.96894
1.0496
0.56415
0.25047
-0.09178
-0.90624
-0.96184
-0.89961
-0.834
-0.90808
-1.0215
-1.1212
-1.0843
-1.0918
-1.0819
-1.0745
-1.1304
-1.0455
-1.0285
-0.9798
-0.98982
-0.95855
-0.94177
-1.0256
-1.1266
-1.1072
-1.0308
-0.9539
-1.0175
-1.0704
-1.0138
-0.95907
-0.96412
-0.88368
-0.87184
-0.89833
-1.0492
-1.1005
-1.1101
-1.0909
-1.0387
-1.0226
-0.93197
-0.77725
-0.79993
-0.9464
-1.091
-1.1254
-1.096
-1.1113
-1.1042
-1.1556
-1.1928
-1.2186
-1.0083
-0.87893
-0.25025
0.2071
0.48048
2.089
1.001
1.716
0
0.26693
0.62131
0.6825
0.92027
0.72905
0.83805
0.96299
1.3879
1.3579
1.0753
0.62034
0.65412
1.1574
1.2074
1.2251
0.94511
0.70659
0.8294
0.91335
1.2389
1.3069
1.1355
1.0725
0.99347
0.95671
0.65065
0.5005
0.61776
1.1455
1.4024
1.635
1.2088
0.66733
-0.050898
-0.82841
-0.91758
-1.0502
-0.84991
-1.0806
-0.95713
-1.0355
-1.1105
-0.94044
-0.79814
-0.8849
-1.0161
-1.1516
-1.2306
-1.1518
-1.1395
-0.98229
-0.67088
-0.91856
-1.078
-1.1932
-1.2257
-0.8522
-0.64064
-0.83102
-0.957
-0.92846
-1.014
-1.0613
-0.92227
-1.001
-0.99395
-1.032
-1.001
-1.1075
-1.0677
-0.96365
-0.92923
-0.8711
-1.0545
-1.1233
-1.001
-0.94255
-0.88578
-0.97624
-1.018
-0.99474
-0.86046
-0.87854
-1.001
-1.0776
-1.0805
-1.0365
-1.0892
-1.0905
-1.1934
-1.2365
-1.2471
-0.91126
-0.16232
0.79026
2.3817
1.386
0.26497
-0.38133
-0.89642
-0.89745
-0.97395
-0.82691
-0.82717
-0.88978
-1.0735
-1.2127
-1.1662
-1.0582
-0.67357
-0.72954
-1.2175
-1.5214
-1.4731
-1.1565
-0.20124
0.76813
0.98207
0.59704
0.52014
1.163
0.68676
-0.90792
-0.99363
-1.3946
-0.48668
-0.80209
-1.1409
-1.6921
-1.1622
-0.52102
0.50104
1.3899
0.79759
0.61345
0.47669
1.0559
1.1443
0.98747
0.84008
0.89373
1.0445
1.0134
1.0656
1.0854
0.9619
0.80808
0.81809
0.84791
0.9828
1.0105
1.0895
1.1218
1.0895
0.98387
0.94668
1.0287
0.99259
0.97659
0.81204
0.87207
0.93683
0.98554
1.0136
1.0477
1.0575
1.0586
1.0605
1.1316
1.1983
1.1868
1.1305
0.99528
0.97395
0.97395
-0.23553
0.22244
-0.86929
-0.31611
-0.83527
-1.1669
-1.1662
-1.0273
-0.83417
-0.78247
-0.79709
-0.95177
-1.0704
-1.0858
-1.0209
-1.001
-1.0566
-1.0735
-1.0283
-0.92052
-0.89483
-0.98308
-1.1076
-1.1532
-1.0889
-1.0421
-1.0548
-1.0296
-0.9555
-1.0366
-1.0296
-1.1332
-1.1398
-0.96096
-0.95894
-0.572
-0.756
-0.94832
-1.2624
-1.462
-1.2012
-0.858
-0.83062
-0.83805
-0.76672
-0.6493
-0.93116
-1.0284
-1.0537
-0.924
-0.74753
-0.79365
-0.80568
-1.0171
-1.1562
-1.1101
-1.0341
-0.9295
-0.96213
-0.95217
-1.072
-1.0155
-0.98939
-0.84853
-0.89397
-0.99695
-1.1144
-1.0693
-0.97514
-0.90366
-0.96763
-1.0879
-1.1473
-1.0931
-1.0162
-0.90788
-0.93658
-1.0691
-1.0846
-1.0254
-0.93168
-0.91617
-1.0904
-1.1587
-1.2257
-1.0085
-0.73014
-0.94967
-0.98229
-1.4936
-1.3778
-0.82956
-0.18292
0.47003
1.0505
1.2613
1.3949
1.218
1.0088
0.71867
0.55518
0.76821
1.0355
1.1388
1.078
1.0151
1.0453
1.1043
1.1837
1.1707
1.0472
0.86237
0.87266
0.68656
1.0193
0.79301
0.92102
1.2114
1.4838
1.204
0.94201
0.54504
0.91365
0.61685
0.76798
0.91483
1.1058
1.1956
1.3456
1.1923
0.82749
0.50332
-0.7459
-0.4504
-0.93149
-1.8081
-1.7525
-0.63282
0
-0.41204
-1.2386
-1.3559
-0.2145
-1.0223
-0.234
0.32093
0.72704
0.84422
1.076
1.1976
1.07
1.22
1.2058
1.3506
0.9828
0.2574
-0.62131
-1.2365
-1.3979
-1.001
-0.44616
-0.52916
-0.66733
-0.858
-0.95468
-1.0599
-1.0773
-1.0132
-1.0529
-1.0421
-1.0783
-1.1143
-1.1604
-1.0772
-1.0068
-0.8522
-0.95298
-0.89745
-0.90866
-1.056
-1.0521
-1.2058
-1.2174
-1.2711
-0.98833
-0.47874
0.72653
1.009
1.001
0.87238
0.78719
0.93197
1.0125
0.97067
0.93102
0.94111
1.0338
1.0862
1.0459
1.0282
1.0839
1.1808
1.2852
1.2471
1.0792
0.76821
-0.089642
-0.26113
-0.8008
-1.2012
-1.365
-0.84382
-0.99312
-0.87184
-1.009
-1.2109
-1.0086
-0.8008
-0.84592
-1.0355
-1.0077
-1.2728
-1.0427
-0.96447
-1.0243
-0.84459
-0.82525
-1.1719
-1.2113
-1.2618
-0.7007
-0.66208
-0.77776
-0.92117
-1.0064
-1.1223
-1.092
-1.0345
-0.96469
-1.2794
-1.302
-1.0511
-0.8008
-0.63894
-0.52226
-1.2613
-1.092
-0.9923
-1.2705
-1.2384
-0.87728
-0.63894
-0.66733
-0.45251
-0.96525
-1.5015
-1.4666
-1.1509
-0.68525
-0.46855
-0.90501
-0.90452
-1.0636
-1.1056
-1.0336
-1.0384
-0.89084
-1.1771
-1.0713
-1.0797
-0.95954
-0.78044
-0.74301
-0.82651
-0.97717
-1.0326
-0.9755
-1.0501
-1.0732
-1.1285
-1.0073
-0.7598
-0.81019
-1.0392
-1.2972
-1.2763
-1.1575
-1.1422
-1.1641
-0.89276
-0.32434
1.1153
0.43298
0
-2.1229
-0.7114
-0.78651
-0.82708
-1.1523
-0.71788
-1.3082
-0.53202
-0.17731
-0.5349
-0.73057
-0.97499
-0.96327
-1.0967
-1.0894
-0.91293
-0.8709
-0.85909
-0.95641
-1.1041
-1.1046
-1.1287
-0.98127
-0.8039
-0.78339
-0.99556
-1.0339
-1.0674
-1.0379
-0.99169
-1.0471
-1.1156
-1.0142
-0.95964
-0.97156
-1.1079
-1.232
-1.3057
-1.1135
-1.0742
-0.9123
-0.4923
-0.081162
-0.3432
-0.60463
-1.1122
-1.266
-1.4149
-1.3912
-0.9274
-1.1764
-0.38133
-0.24514
1.9374
1.1678
1.0511
-0.12513
-0.96525
-0.52994
-1.1751
-0.83417
-0.8711
-1.0427
-0.95032
-1.1165
-1.4213
-1.5979
-1.2155
0
0.4004
-0.75075
-1.287
-1.3598
-0.429
-1.2012
-1.789
-0.7007
-0.26113
0.78339
1.5239
1.729
1.4497
0.65283
-0.286
0.14649
0.66733
2.002
1.5309
1.1501
-0.25557
-0.66733
0.065283
0.68771
1.0751
1.1188
0.99293
0.76076
0.71938
0.86428
1.0645
1.1841
1.0834
1.019
0.99674
1.073
1.1117
1.1293
0.99786
0.84953
0.77
0.77664
0.8516
0.9704
1.0481
1.0573
1.0045
1.0257
1.1022
1.2317
1.2848
1.2655
0.89833
0.36585
-0.27027
-0.76877
-0.81981
-0.89682
-0.9578
-0.97315
-1.0265
-1.0675
-1.0856
-1.1467
-1.1672
-1.1612
-1.0398
-1.0077
-1.0895
-1.1286
-1.1899
-0.76025
-0.079026
0.46713
0.56306
0.79026
0.82113
0.87096
0.9752
1.0102
1.1716
1.1643
1.2669
1.1157
0.88649
0.95422
0.9464
1.4077
1.4414
0.73407
0.22244
-0.48697
-1.4132
-1.7764
-1.2451
-0.35329
0.429
1.1872
1.1188
1.001
0.88318
0.9166
1.0837
1.3174
1.5889
1.0657
0.34369
-0.35725
-0.47639
-0.74261
-1.4111
-1.1502
-0.75129
-0.76162
-1.0747
-1.1272
-0.83946
-0.80399
-0.89412
-0.94218
-1.1052
-1.0301
-1.0813
-1.1083
-0.94012
-0.95235
-0.80267
-0.77703
-1.0682
-1.0556
-0.96649
-1.0391
-1.0115
-1.1533
-1.0545
-0.99312
-0.91075
-0.87893
-0.93116
-0.91581
-0.90372
-0.89345
-0.8723
-0.89477
-0.88046
-0.91138
-0.95513
-1.0209
-1.0314
-1.0635
-1.0147
-1.0674
-1.0969
-1.1166
-1.1176
-1.0951
-1.0574
-1.0156
-1.012
-1.0336
-1.1578
-1.2307
-1.0313
-0.61425
0.15015
1.1843
1.638
0.99128
0.37247
-0.546
-0.82033
-0.95333
-1.1887
-1.1043
-0.99798
-0.89826
-0.858
-1.0498
-1.1698
-1.2387
-1.1837
-1.3282
-1.014
-0.77664
0.069034
1.1815
1.7472
1.4381
0
-0.87184
-1.3614
-0.65065
0.20592
0.79726
0.92242
1.0278
0.9282
0.96289
0.98589
1.0599
1.1808
1.1527
1.092
0.99084
0.94456
1.144
1.3378
1.3269
0.8316
0.20245
-1.1363
-0.67483
0.3276
1.2673
1.9243
1.386
0.82187
0.28945
-0.47775
-0.78583
-0.858
-0.88864
-0.8008
-0.95748
-1.1638
-1.2012
-1.2404
-0.99704
-0.86929
-0.91929
-1.1659
-1.4057
-1.3171
-1.1046
-0.38133
-0.47416
-1.1261
-1.1501
0
0.73244
1.0868
0.82274
0.78339
0.924
1.08
1.232
1.1529
1.1893
1.1191
1.092
1.1298
0.38928
-0.1365
-0.70246
-0.96618
-0.92092
-0.97851
-1.001
-1.022
-1.001
-0.96749
-0.97029
-1.0313
-1.0656
-1.0192
-1.0113
-0.99252
-1.014
-1.0346
-1.0268
-1.1139
-1.0817
-0.98962
-0.924
-1.001
-1.1248
-0.99444
-0.83689
-0.74707
-0.84077
-1.0221
-1.1541
-1.1425
-1.1094
-1.0431
-0.97351
-0.99244
-0.97674
-1.1173
-1.1308
-1.1589
-0.94597
-0.86174
-0.83954
-0.97034
-1.0528
-1.0974
-0.92474
-0.91042
-1.0792
-1.2504
-1.377
-1.2702
-1.0188
-0.63443
0.36898
0.4558
1.2613
1.0656
0.93971
0.7598
0.98459
0.924
1.1834
1.1951
1.1241
1.1165
1.1323
1.4171
0.7722
0.546
0.286
-1.6683
-1.456
-1.456
-0.5005
0.21074
-0.13057
-0.59602
-0.98403
-1.099
-0.86983
-0.86573
-1.0094
-1.0862
-1.1687
-1.1976
-1.3469
-1.2186
-1.092
-0.27614
-0.91396
-0.858
-1.365
-0.2071
-0.11332
-0.34125
-0.65181
-0.95389
-1.1386
-1.0254
-0.924
-0.9728
-1.0148
-1.0957
-1.0383
-0.9941
-1.0333
-1.0199
-1.0528
-1.1084
-1.0384
-1.0804
-1.2174
-1.192
-0.858
-0.083417
0.81162
1.3347
1.2251
0.76672
0.75075
0.858
1.0231
1.125
1.0278
0.91462
0.9389
0.99612
1.0582
1.0482
1.0177
1.0381
1.0085
0.91839
0.80617
0.80395
0.86834
0.96427
1.0782
1.0847
1.0189
0.94753
0.89728
0.94321
0.97803
0.99278
0.99316
1.0086
1.0388
1.0545
1.0274
1.0512
1.054
1.0993
1.1365
1.1108
1.1405
1.0864
0.91786
0.91
0.96229
1.0199
0.98057
0.924
1.386
1.4241
0.66121
0.047291
-0.6545
-0.97067
-1.0338
-1.1697
-1.1924
-1.0118
-0.84
-0.73828
-0.89998
-0.98432
-1.0258
-0.97866
-0.89295
-0.92488
-1.0064
-1.0691
-1.0732
-1.071
-0.98833
-1.0257
-1.0132
-1.0956
-1.1234
-1.0479
-0.94832
-1.0623
-1.2409
-1.1954
-1.155
-0.81162
-1.3685
-0.18769
0.47667
0.91262
1.2054
0.95341
0.80379
0.86563
0.84307
1.1767
1.4609
1.3917
0.81387
0.28185
0.45939
1.3155
1.2644
1.2179
0.86982
0.49558
0.58287
0.87802
0.86547
0.93905
0.95195
0.89555
1.0633
1.0712
0.97547
0.99695
1.0096
1.0762
1.0987
1.0732
0.8932
0.95177
1.1591
0.98922
0.97688
1.001
1.274
1.3527
1.1472
0.87043
0.50755
0.21708
-0.50577
-1.4742
-1.3607
-0.97876
-0.99312
-1.0338
-0.67737
-0.76587
-0.84791
-0.99099
-1.0055
-1.0511
-1.0854
-0.96096
-1.0672
-1.0967
-1.0054
-0.89958
-0.86173
-0.95374
-1.1229
-1.2512
-1.2628
-1.0952
-0.77104
-0.728
-0.80678
-0.9088
-0.84831
-0.97634
-0.9704
-0.95444
-0.90812
-0.87849
-0.819
-0.83805
-0.87028
-0.94539
-0.99415
-1.0047
-0.98268
-0.95608
-0.94578
-0.95666
-0.97698
-1.001
-1.0292
-1.0573
-1.0551
-1.074
-1.0663
-1.0658
-0.99648
-0.94113
-0.9321
-0.99842
-1.0613
-1.0566
-1.0105
-1.0167
-1.0461
-1.0404
-1.0027
-0.99927
-1.0193
-1.0279
-1.0786
-1.0485
-0.97215
-0.9009
-0.94239
-1.1243
-1.1798
-1.0663
-0.84181
-0.86036
-0.94403
-0.96337
-0.94832
-0.93963
-0.97911
-1.0066
-0.99395
-0.96014
-1.0328
-1.0476
-1.0143
-1.0195
-1.0097
-1.0389
-1.0984
-1.1434
-1.2745
-1.26
-1.1332
-0.624
0.14531
0.63998
0.86361
0.91
0.95095
1.0046
0.87893
0.89278
0.94595
1.1144
1.1893
1.2267
1.1536
0.97514
1.0247
1.0381
1.0963
1.0109
1.001
0.70659
1.2234
1.6114
1.1064
0.66733
-0.286
-1.2012
0
0.5775
1.1011
1.092
1.2155
0.90788
1.0109
0.5544
0.44362
0.78457
0.99739
1.0341
0.94697
0.90673
1.0118
1.0903
1.1562
1.1105
0.99326
0.90829
0.93191
1.1123
1.2686
1.2236
0.90204
0.81415
0.98233
1.5219
1.493
0.95028
0.23968
-0.75759
-1.0487
-1.3763
-1.1102
-1.0118
-0.49982
-0.34094
-0.58418
-0.80839
-0.86055
-0.97428
-1.0104
-1.0423
-1.048
-0.96896
-0.92853
-0.93976
-0.97395
-1.0064
-1.0323
-1.0218
-1.0775
-1.0908
-1.0867
-1.1303
-1.1847
-1.1828
-1.0936
-0.75075
-0.61744
-0.71574
-1.0431
-1.2711
-1.4666
-1.26
-1.1787
-0.546
-0.6006
-1.092
-0.273
1.144
0.9009
1.5668
-0.819
-0.75075
-1.2644
-1.0599
2.002
0.546
0.5005
0.286
0
-0.312
-0.7007
-0.85292
-0.9282
-1.0164
-1.0044
-1.0554
-0.98579
-0.98374
-0.87655
-0.89865
-0.9655
-1.0392
-1.137
-1.1009
-1.1469
-1.0951
-1.0077
-1.149
-1.3042
-1.0341
-0.34567
0.3917
0.97598
0.88978
0.77973
0.84791
1.001
1.0946
1.0351
0.90747
0.93916
1.0811
1.2889
1.4895
1.1787
0.58392
-0.081993
-0.61251
-0.82486
-0.98098
-1.0784
-1.1961
-1.2615
-1.3261
-1.2744
-1.0265
-0.51271
0.16839
0.17665
-0.44821
-0.99547
-1.1211
-1.0708
-1.1205
-1.0941
-1.099
-1.2072
-1.1791
-1.0232
-0.66733
-0.44943
-0.46679
-0.69733
-0.88668
-0.89313
-0.94044
-0.96358
-1.0281
-1.0498
-1.0636
-1.0264
-1.0256
-0.98543
-1.0562
-1.0973
-1.2355
-1.3543
-1.3065
-0.77856
0.048435
0.98729
1.1719
0
-0.71713
-1.7778
-1.6538
-1.1184
-0.31375
0.66733
1.3156
1.3579
1.2365
1.1122
1.7913
0
0.38748
-0.75075
-1.4132
-2.4024
-0.8008
-0.429
0
0.75075
0.59712
0.40234
0.37082
0.57688
0.73218
0.69748
0.83869
0.94181
0.9654
1.0055
1.0435
1.0466
1.0734
1.0662
1.1076
1.1468
1.1411
1.1082
1.0558
1.087
1.1339
1.1867
1.1828
1.077
1.0046
0.76609
1.01
1.1013
1.2109
0.96092
0.96819
0.2145
-0.33905
-0.64471
-0.79919
-0.94832
-0.97808
-0.97466
-0.96947
-0.96836
-0.98898
-1.0397
-1.0975
-1.0987
-1.01
-1.0504
-1.038
-1.2283
-0.52084
