-1.3801
-1.1686
-0.92635
-0.75319
-0.64761
-0.70366
-0.88375
-1.0268
-0.91941
-0.93492
-0.74134
-0.46615
-0.085813
-0.11226
-0.055042
-0.29671
-0.55494
-0.75052
-0.81083
-0.91772
-1.0196
-1.1167
-1.093
-1.1382
-1.1589
-1.1568
-1.2829
-1.4877
-1.6435
-1.713
-1.6418
-1.3988
-1.1266
-0.77
-0.59155
-0.38243
-0.35912
-0.40756
-0.54262
-0.51922
-0.32547
-0.033945
0.30301
0.5516
0.68124
0.85985
1.1038
1.2654
1.3131
1.2638
1.1174
1.0542
1.0582
1.0967
1.087
1.129
1.1902
1.2541
1.3556
1.4438
1.6611
1.6692
1.6978
1.7105
1.7828
1.8206
1.7414
1.7418
1.7224
1.7675
1.7051
1.5713
1.4534
1.3526
1.3199
1.1563
1.1672
1.0137
1.1322
1.0527
1.0574
0.96723
0.64419
0.33229
0.17125
0.17632
0.072522
0.11169
0.076317
0
-0.1594
-0.40587
-0.53609
-0.66866
-0.42239
-0.17029
0.085573
0.21439
0.12853
0.21344
0.16964
0.12605
0.45668
0.85922
1.1665
1.4204
1.1972
0.90544
0.80942
0.82401
0.87103
1.0154
1.0841
0.86042
0.67977
0.47925
0.29036
-0.028151
-0.16382
-0.37091
-0.48878
-0.57498
-0.68084
-0.78127
-0.85386
-0.99097
-1.1004
-1.2275
-1.2662
-1.3047
-1.4248
-1.6029
-1.6989
-1.6582
-1.6016
-1.4338
-1.2522
-1.1128
-1.1644
-1.2739
-1.2729
-1.3864
-1.6343
-1.7169
-1.8222
-1.8748
-1.912
-1.9532
-2.0182
-2.0882
-2.0206
-1.8495
-1.526
-1.429
-1.2406
-1.0897
-0.86218
-0.64671
-0.54243
-0.48287
-0.44591
-0.40656
-0.2243
0
-0.060175
0.062408
-0.03238
-0.23531
-0.41886
-0.72494
-1.0538
-0.7813
-0.4458
-0.042014
0.043514
0.31512
0.37209
0.47982
0.39533
0.2032
-0.052119
-0.21344
-0.59957
-1.0555
-1.7508
-2.1195
-2.1443
-1.8717
-1.531
-1.0645
-0.82953
-0.76998
-0.53167
-0.52916
-0.4088
-0.63689
-0.74493
-0.67945
-0.44694
-0.49548
-0.054189
-0.053288
0.20944
0.46272
0.60552
0.64359
0.3885
0.19054
-0.42053
-0.77935
-1.1698
-1.1927
-0.9547
-0.21327
0.62931
1.4041
2.2375
2.6873
2.8895
2.6195
2.3194
1.7599
1.1749
0.86449
0.70893
0.66739
0.73763
0.84462
1.0248
1.0224
0.91155
0.58309
0.5833
0.2555
0.25602
0.11003
0.25763
0.11088
0.25996
0.1867
0.33806
0
-0.57098
-0.92022
-1.2363
-1.0124
-0.98136
-0.79158
-0.67848
-0.40247
-0.24352
0.040927
0.45393
1.04
1.5934
1.986
2.0433
1.8006
1.5537
1.4333
1.2233
1.1421
0.79465
0.3991
0.04452
-0.22336
-0.1792
-0.49392
-0.40482
-0.22516
0
0.13517
0.13509
-0.35984
-0.71846
-1.2993
-1.6531
-1.4695
-1.3308
-1.4135
-1.4507
-1.6618
-1.6959
-1.4696
-1.4601
-1.5782
-1.6941
-1.6395
-1.3767
-1.1175
-0.6979
-0.3257
-0.080739
0.40025
0.55551
0.70804
0.89685
0.96638
0.99638
0.7599
0.90421
0.74728
0.51888
0.11031
-0.25545
-0.036226
-0.14389
-0.14294
-0.49715
-0.81198
-1.229
-1.3976
-1.3219
-1.0742
-0.93249
-0.75772
-0.7561
-0.68631
-0.68571
-0.71983
-0.78875
-0.82398
-0.99747
-1.1724
-1.5914
-1.9451
-2.3032
-2.3157
-1.8004
-1.2085
-0.78788
-0.83049
-0.80147
-1.0298
-0.78025
-0.8638
-0.9496
-1.0378
-1.2842
-1.3402
-1.2383
-0.80984
-0.57486
-0.29155
-0.5916
-0.72896
-0.95738
-1.2367
-1.4344
-1.6831
-1.7541
-1.6859
-1.425
-0.86695
-0.63465
-0.14839
-0.050091
0.1521
-0.05129
0.10371
0.15717
-0.15868
-0.16009
-0.21519
0
0
-0.10973
-0.71681
-1.4949
-1.7222
-2.0607
-1.5622
-1.1728
-0.94959
-0.61412
-0.44609
-0.72351
-0.72167
-0.60871
-0.38591
0.16468
0.3824
0.43472
-0.21611
-0.91286
-1.067
-1.3776
-1.21
-1.4622
-1.3474
-1.3883
-0.96914
-1.0625
-1.2042
-1.443
-1.1841
-1.4677
-1.7462
-2.0199
-2.0982
-1.6548
-1.172
-0.74381
-0.69152
-0.59436
-0.22673
-0.17992
-0.53547
-0.92973
-1.0104
-0.9592
-0.43278
-0.042965
0.59728
1.144
1.389
1.1292
0.78977
0.41323
0.041093
-0.24526
-0.44743
-0.72881
-0.80638
-1.0443
-1.1608
-1.2372
-1.1943
-1.1919
-1.0314
-0.71332
-0.39611
-0.07923
0.39643
0.55572
0.6761
0.39872
0.2
-0.24093
-0.72605
-1.2569
-1.5091
-1.7653
-1.9022
-2.2507
-2.3121
-2.2912
-2.1854
-2.0786
-1.7077
-1.1519
-0.80729
-0.45426
-0.32223
-0.32668
-0.23666
-0.28814
-0.29243
-0.34634
-0.40191
0.051018
0.51814
0.94722
1.0689
1.3025
1.3224
1.3983
1.3621
1.0939
0.75889
0.17749
-0.17978
-0.72796
-0.79782
-0.49635
-0.25071
-0.063269
-0.063815
-0.4502
-1.0362
-1.238
-1.0479
-1.3156
-1.2542
-0.52948
-0.13261
0.066369
0.13276
0.59709
0.99385
0.92574
0.92328
0.986
0.98221
1.2387
1.8166
1.6135
1.6685
1.5309
1.2677
1.0705
0.93813
0.86947
0.86327
0.67335
0.85068
1.0253
1.0175
0.77222
0.41264
0.58496
0.75458
0.97908
1.2571
1.7007
1.6871
1.4502
1.1617
0.98733
1.0876
1.1857
1.3352
1.2697
1.5193
1.4002
1.5395
1.3704
1.0036
0.49582
0.24484
0.048335
-0.47683
-0.61116
-0.55589
-0.22809
-0.044897
0.35328
0.95503
1.4501
1.5495
1.4385
1.1692
0.83017
0.30997
0.037962
-0.29746
-0.4005
-0.57033
-0.69786
-0.85384
-1.0029
-0.88351
-0.89695
-0.59594
-0.27646
-0.15047
-0.20644
-0.28914
-0.48213
-0.64014
-0.76521
-0.91294
-0.92396
-0.90903
-0.81826
-0.85661
-0.91919
-1.0297
-1.3075
-1.6036
-1.7996
-1.782
-1.859
-1.7978
-1.8535
-1.8418
-1.9448
-1.9808
-1.8837
-1.7887
-1.6734
-1.5599
-1.4032
-1.2254
-1.026
-0.87138
-0.67196
-0.60668
-0.49622
-0.33983
-0.296
-0.022896
0.092144
0.39419
0.58378
0.82338
0.99581
1.0279
1.1572
1.3862
1.5214
1.5107
1.4
1.262
1.0959
0.97795
0.85769
0.735
0.5833
0.45527
0.29756
0.1093
-0.13801
-0.25093
-0.53513
-0.68284
-0.86226
-0.92917
-0.99741
-1.0967
-1.1081
-0.7869
-0.55059
-0.24735
-0.15629
-0.18964
0.031966
0.19402
0.55622
0.79474
1.1733
1.3919
1.5475
1.5332
1.4128
1.5398
1.8887
2.3215
2.4681
2.2398
2.043
1.9184
1.8295
1.7377
1.5605
1.0434
0.46662
-0.12934
-0.043818
0.3117
0.54293
0.91921
1.1202
0.99504
0.76932
0.48768
0.098875
0.10017
0
0.051302
0.25931
0.31432
0.79309
0.95967
1.0205
0.64875
0.32619
0.054616
0.10964
0.43976
0.93625
1.1026
1.3785
1.3777
0.82549
0.21969
-0.10956
-0.32765
-0.32647
-0.10839
-0.10793
-0.21488
-0.3743
-0.47899
-0.84758
-1.5293
-1.9427
-2.3009
-2.1882
-1.6617
-1.45
-1.1367
-0.87697
-0.56692
-0.46373
-0.30931
0.10323
0.36207
0.57062
0.67688
1.1507
1.2095
1.2169
1.3319
1.718
2.0572
2.0211
1.7096
1.3927
0.90074
1.1382
1.266
1.5713
1.648
1.7856
1.5045
1.095
0.9219
0.43443
-0.501
-0.44199
-0.50883
-0.32
-0.064324
0.12913
-0.12944
-0.38865
-0.51784
-0.77495
-0.38591
-0.38368
-0.19039
-0.062872
-0.31086
-0.55234
-0.2419
-0.23795
-0.11684
0
-0.11215
-0.54824
-1.0706
-1.3051
-1.424
-1.0395
-0.7221
-0.37432
-0.090909
0
-0.17144
-0.24967
-0.16161
-0.27466
-0.64801
-1.1114
-1.4051
-1.4724
-1.2973
-1.1646
-1.1361
-1.3947
-1.7352
-2.1225
-2.3467
-2.4182
-2.1458
-1.6878
-1.4676
-1.4738
-1.3736
-1.304
-1.1584
-0.99097
-0.87933
-0.64199
-0.45951
-0.30488
-0.30378
-0.37877
-0.5295
-0.60489
-0.75655
-1.0355
-1.2406
-1.7274
-2.1682
-2.4865
-2.3974
-2.0753
-1.5151
-0.84215
-0.37138
0
0.1889
0.10893
0.027486
-0.083244
-0.028016
0.11315
0.17137
0.11535
0.20377
0.14691
0.26682
0.41869
0.573
0.51678
0.2144
-0.15423
-0.52782
-0.87458
-1.0678
-1.2623
-1.5529
-1.7175
-1.7227
-1.7908
-1.9221
-1.8601
-1.8291
-1.829
-1.6035
-1.4415
-1.2793
-1.1809
-0.89141
-0.63487
-0.53787
-0.22068
-0.094214
0.062553
0.062286
-0.18603
-0.49386
-1.0447
-1.254
-1.4615
-1.546
-1.4186
-1.2324
-0.92817
-0.80545
-0.89193
-1.2153
-1.2711
-1.2093
-1.0893
-0.88196
-0.82242
-0.64593
-0.85158
-0.96973
-1.1769
-1.356
-1.5663
-1.5119
-1.2796
-0.98633
-0.60081
-0.30213
-0.030407
0.091868
0.092579
-0.031119
-0.094204
-0.19024
-0.48051
-0.90677
-1.5069
-1.9562
-2.1824
-2.2112
-2.207
-2.0983
-2.0224
-1.8366
-1.4991
-0.92831
-0.60353
-0.19163
-0.19473
0.43539
0.64363
0.85856
0.62323
0.37997
-0.21446
-0.43566
-0.53086
-0.13472
0.31895
0.6932
0.84327
0.75946
0.76904
0.92419
0.98386
0.79547
0.85359
0.20269
-0.45991
-0.87538
-1.2962
-1.252
-0.99641
-0.36877
0.2644
0.6895
1.1695
1.4907
1.705
1.4388
1.1184
0.85112
0.79649
0.90053
1.1091
0.9474
1.1534
1.357
1.1946
1.395
1.1303
0.66393
0.15225
-0.40335
-0.75112
-0.79554
-1.0365
-0.97981
-1.0209
-1.3024
-1.5792
-1.8512
-1.789
-1.0271
-0.23148
0.68858
1.1834
1.3537
1.2973
1.1087
1.1869
1.2202
1.3823
1.1133
1.0187
0.71532
0.45885
0.20677
0.287
0.65043
0.84652
0.95943
0.91195
1.0226
0.93657
0.9294
0.76873
0.64872
0.41684
0.41407
0.52366
0.59489
0.7764
0.95624
1.0615
1.2755
1.3432
1.194
1.2629
1.2241
1.1502
1.185
1.1845
1.2567
0.97045
0.61208
0.39702
0.18104
-0.072703
-0.25566
-0.40397
-0.59129
-1.0793
-1.3128
-1.6647
-1.7186
-1.7361
-1.5601
-1.5389
-1.3982
-1.5783
-2.0102
-2.3719
-2.2805
-1.8011
-1.3504
-1.0625
-0.85513
-0.45767
0
0.61555
0.81884
0.73494
0.79733
0.7601
0.72117
0.41875
0.15949
0.21585
-0.10948
-0.27741
-0.22476
-0.2274
-0.22984
-0.34808
-0.35102
-0.41246
-0.05927
-0.059538
0.059724
0.17947
0.29918
0.95617
1.2515
1.7803
1.8291
1.4644
1.2195
1.0348
1.0799
0.89784
0.71933
0
-0.85783
-1.4753
-1.8623
-1.7254
-1.542
-1.5104
-1.3355
-1.4934
-1.5063
-1.205
-0.82893
-0.42644
-0.41682
-0.52968
-0.55769
-0.54537
-0.45729
-0.33563
-0.2921
-0.10731
-0.070122
-0.27512
-0.70888
-0.82899
-1.0106
-0.99441
-1.0425
-0.99656
-0.92186
-0.78912
-0.7802
-0.95038
-1.2064
-1.43
-1.5358
-1.4689
-1.5477
-1.3419
-1.1959
-0.85285
-0.3978
0.11372
0.54111
0.85678
1.0035
1.2101
1.3044
1.5471
1.795
1.93
2.0093
2.092
1.9327
1.833
1.7633
1.6287
1.5559
1.3826
0.97014
0.57819
0.31134
-0.070396
-0.14329
-0.21878
-0.037118
0.075568
0.11537
0
-0.039805
-0.24283
-0.12337
0.16704
0.46609
0.6443
0.65247
0.924
1.0224
1.0764
1.3557
1.3184
1.5982
1.7858
1.9711
1.5575
1.2338
1.1831
0.995
0.85257
0.84434
0.79077
0.91044
0.98238
0.75618
0.70133
0.24272
0
-0.27115
-0.26483
-0.25839
-0.035978
0.10511
0.44325
0.96162
1.4505
1.5033
1.2474
1.3002
1.2342
1.1988
0.97507
0.50011
0.051177
-0.29865
-0.5086
-0.68391
-0.80428
-0.69464
-0.67791
-0.64078
-0.68909
-0.73561
-0.80059
-0.92234
-1.0209
-1.1355
-1.2659
-1.3566
-1.3193
-1.2843
-1.3043
-1.2205
-1.2952
-1.3529
-1.4792
-1.352
-1.2614
-1.1731
-1.1035
-1.286
-1.4698
-1.522
-1.5427
-1.5317
-1.4379
-1.3448
-1.0805
-0.95159
-0.76888
-0.51244
-0.16101
0.1088
0.49688
0.74791
1.027
1.2395
1.4808
1.491
1.5231
1.5364
1.6803
1.7876
1.9459
1.9735
1.9072
1.837
1.5863
1.2171
0.79925
0.46607
0.22573
0
0
0.12301
0.44281
0.65035
0.46774
0.34303
0.3519
0.50491
0.51692
0.49083
0.26991
0.23595
0.0801
0.20363
0.5789
0.92216
0.9757
0.85725
0.64856
0.74025
1.2259
1.3626
1.498
0.97016
0.35261
-0.13199
-0.57019
-0.96084
-1.2164
-1.1656
-1.0287
-0.89294
-0.84309
-0.75179
-0.70314
-0.77793
-0.60777
-0.40087
-0.3569
-0.6276
-0.89239
-1.4201
-1.9745
-2.1041
-2.1568
-1.9511
-1.5311
-1.3722
-1.2881
-1.4186
-1.5825
-1.8139
-1.9383
-1.9239
-1.4668
-0.98251
-0.63952
-0.43482
-0.39895
-0.46272
-0.29577
-0.065362
0.13001
0.32326
0.38581
0.60754
0.95398
1.4229
1.6034
1.5002
1.2425
0.86426
0.6746
0.51772
0.27214
-0.060027
-0.47652
-0.67953
-0.6446
-0.75527
-0.83498
-0.97005
-1.1589
-1.3718
-1.1645
-1.0432
-0.89698
-0.91496
-1.119
-1.1078
-1.0447
-0.69832
-0.58919
-0.65985
-0.65391
-0.59837
-0.42034
-0.5397
-0.43832
-0.43533
-0.36051
-0.40628
-0.38049
-0.56831
-0.66069
-0.72947
-0.89245
-1.0791
-1.3837
-1.7131
-2.0917
-2.3323
-2.3637
-2.3025
-2.1473
-1.9683
-1.6919
-1.3885
-0.95827
-0.52091
-0.12531
0.1267
0.5128
0.93459
1.1572
1.4396
1.6492
1.7829
1.7536
1.5822
1.4053
1.1646
0.97517
0.95956
0.97337
1.0177
1.125
0.94924
0.86427
0.61466
0.45722
0.461
0.33156
0.066675
-0.36814
-0.70442
-0.87266
-0.83812
-0.90251
-0.9315
-0.95844
-1.0815
-1.0381
-0.92966
-0.82222
-0.62292
-0.4288
-0.33084
-0.088485
-0.02889
0.14134
0.41449
0.51282
0.55326
0.53976
0.4512
0.26885
0
-0.23231
-0.43042
-0.53031
-0.45278
-0.50519
-0.5963
-0.6834
-0.84552
-1.0011
-1.0943
-1.1104
-1.054
-0.96464
-0.89655
-0.95256
-1.1446
-1.3496
-1.518
-1.6349
-1.7024
-1.7221
-1.663
-1.7511
-1.7607
-1.7565
-1.6589
-1.5954
-1.5498
-1.57
-1.7372
-1.7624
-1.7413
-1.6892
-1.7208
-1.7884
-1.7917
-1.6771
-1.4223
-1.1439
-0.96525
-0.90869
-0.90627
-0.96084
-1.0948
-1.0191
-0.9006
-0.63399
-0.58555
-0.55631
-0.72283
-0.8076
-0.85043
-0.75382
-0.53129
-0.12381
0.48243
0.78112
0.64078
0.24637
-0.28061
-0.66144
-0.58926
-0.24139
0.03089
0.15804
0.06465
0
0.23628
0.31017
0.56264
0.75306
0.84058
0.96784
0.94733
0.77104
0.58802
0.6773
0.97134
1.274
1.7936
2.1161
2.1894
2.5248
2.2949
1.8789
1.3148
0.73512
0.79147
0.84917
1.1951
1.5017
1.8164
1.9404
1.7146
1.1758
0.20732
-0.31534
-0.5863
-0.2703
0.16452
0.4451
0.56453
0.57285
0.46507
0.29498
0.2395
-0.18229
-0.6783
-1.3766
-1.7141
-1.8032
-1.5676
-0.99348
-0.6714
0
0.34462
0.90732
1.1303
1.215
1.2285
1.0955
1.2539
0.81896
0.2253
0.1514
0.1525
0.1535
-0.15439
0
-0.1558
0
0.1567
0.15695
0.15706
0
-0.078422
0.15652
0.46813
1.0879
1.933
2.3827
2.5187
2.2714
1.5757
1.2628
1.0284
1.3788
1.0026
0.84712
1.1123
1.3676
1.3439
1.2533
0.90556
0.31682
0.12402
0.12125
0.53296
0.80905
1.2396
1.0979
0.69473
0.25994
0.40433
0.29465
0.09538
0.27776
0.089844
0.2179
0.21135
0.20497
0.27831
0.46276
0.78561
1.089
1.0924
0.99237
0.93096
0.96974
1.0692
0.76543
0.358
-0.029095
-0.25562
-0.36081
-0.62445
-0.71787
-0.75597
-0.87002
-0.85509
-0.89099
-0.85358
-0.86629
-0.99861
-1.1292
-1.3753
-1.5728
-1.9306
-2.15
-2.3023
-2.1388
-1.8878
-1.7078
-1.7124
-1.903
-1.8678
-1.6492
-1.406
-1.1601
-1.1021
-1.3354
-1.5279
-1.5029
-1.3769
-1.0917
-0.82251
-0.70515
-0.74951
-0.73966
-0.99243
-1.1693
-1.1716
-0.82508
-0.55576
-0.47186
-0.48679
-0.43068
-0.51885
-0.1914
-0.039543
0.28593
0.50625
0.52268
0.67422
0.6953
1.0509
1.4753
1.5677
1.4543
1.3318
1.0911
0.83666
0.51237
0.34802
0.4719
0.059875
0.060659
-0.42936
-1.1762
-1.9331
-1.8183
-1.1328
-0.44142
0.12617
0.18905
0.37716
0.2505
0.24927
-0.061951
0.36919
0.73286
1.0904
1.1412
0.71444
0.59004
0.4678
0.40569
0.68947
1.1966
1.9787
2.0205
2.2302
1.9954
1.9302
1.3181
0.76649
0.10927
0.054574
0.16372
0.16391
0
-0.38464
-0.82799
-1.6654
-1.7885
-1.7463
-1.3073
-0.97585
-0.81239
-0.46968
-0.17834
-0.060237
-0.18322
-1.1152
-1.9492
-2.4255
-2.2683
-2.1059
-1.47
-1.0175
-0.82607
-0.69829
-0.070792
0.50202
0.50816
0.36706
-0.51912
-1.0476
-1.9605
-1.7453
-0.99133
-0.45909
0.53659
0.46004
0.30627
-0.22901
-0.075982
-0.22652
0.074916
0.074215
0
-0.65264
-0.071534
-0.070478
0.27744
0.20456
-0.066974
-0.19719
-0.32234
-0.50556
-0.43345
-0.48525
-0.41586
-0.17456
-0.28496
-0.27918
-0.60193
-0.69746
-0.99994
-1.3948
-2.0296
-2.5935
-2.8459
-2.8506
-2.1904
-1.832
-1.3452
-1.1005
-1.0435
-0.98867
-1.1139
-1.1056
-0.79081
-0.43688
-0.043484
0.47651
0.64785
0.99119
1.2479
1.5479
1.6765
1.763
1.6352
1.5078
1.4667
1.1234
0.43285
-0.086727
-0.47784
-0.30459
0.087154
0.56719
1.1354
1.3544
1.3544
0.87336
0.69794
0.34838
0.43445
0.34651
0.30207
0.04296
-0.29916
-0.50981
-0.92845
-0.75405
-0.58177
-0.082385
0.040808
0.16161
0.039977
-0.079074
-0.35175
-0.54066
-0.49589
-0.64033
-0.48339
-0.367
-0.43461
-0.57182
-0.77582
-1.2179
-1.717
-2.1351
-2.4422
-2.4113
-2.2834
-2.3845
-2.3561
-2.4862
-2.3338
-2.2469
-1.7361
-1.0554
-0.47785
-0.29595
-0.3521
-0.46569
-0.57775
-0.68847
-0.54155
-0.45338
-0.56376
-0.78559
-0.97802
-1.1139
-0.97193
-0.85899
-0.69167
-0.49757
-0.27637
0.082947
0.38752
0.58234
0.72281
0.64147
0.168
-0.28131
-0.59396
-0.51225
-0.28656
-0.028877
0.32035
0.29394
0.29691
0.18009
0.030368
0
-0.062326
0.31607
0.70585
1.5645
2.0216
2.2257
2.0948
2.0649
1.9633
2.1859
2.4186
2.8139
2.8386
2.5859
1.9139
1.0008
0.29899
-0.13129
-0.35875
-0.32168
-0.32962
-0.096483
-0.098816
-0.10116
-0.051752
0.052913
0.16217
0
0.2812
0
0.058216
-0.1182
-0.059892
-0.060588
0.18352
0.43149
0.49585
0.62184
0.37347
0.062161
-0.30964
-0.73857
-1.4035
-1.9312
-1.7863
-1.641
-1.7266
-1.6918
-1.4335
-1.0759
-0.89053
-0.86562
-0.79059
-0.71815
-0.37061
0.044773
0.25936
0.2919
0.4422
0.50355
0.63428
0.64681
0.8998
0.93341
0.9315
0.86698
0.89594
0.72061
0.44548
0.21534
-0.026048
-0.20186
-0.29363
-0.35635
-0.50804
-0.78663
-1.0075
-1.2395
-1.1693
-1.0214
-0.7605
-0.70679
-0.90646
-1.2332
-1.5324
-1.659
-1.7297
-1.7649
-1.9085
-2.0521
-2.1609
-2.3061
-2.4007
-2.3937
-2.1821
-1.9044
-1.681
-1.2854
-0.88904
-0.45544
-0.19386
0
0.21488
0.25317
0.3291
0.35165
0.33763
0.20935
0.19333
0.1966
0.46034
0.67312
0.87399
0.89252
0.82543
0.9112
1.0697
1.2829
1.4116
1.3752
1.1855
0.95918
0.66643
0.76788
0.98785
1.3656
1.5558
1.5098
1.4279
1.3071
1.4468
1.5587
1.6039
1.4665
1.2061
0.85197
0.71568
0.69343
0.54353
0.42815
-0.1314
-0.85045
-0.91379
-0.83851
-0.3795
-0.43421
-0.58807
-1.0937
-1.2591
-1.0701
-0.3604
0.51953
0.9424
1.3173
0.90041
1.1166
1.2796
1.2281
1.1217
0.69383
0.10655
-0.21248
-0.42332
-0.15798
0.52361
0.57221
0.92947
1.0756
1.3708
1.911
2.1905
2.0688
1.7535
1.348
1.0464
0.89245
1.0202
1.2356
1.4449
1.2471
0.92247
0.38984
-0.12812
-0.58945
-0.74711
-0.40917
-0.12101
0.11929
0.11761
0.038656
-0.076241
-0.18799
-0.14835
-0.40253
-0.46947
-0.9625
-1.4079
-1.5991
-1.6485
-1.4595
-1.4428
-1.3604
-1.313
-0.84459
-0.7075
-0.31849
-0.031554
0.40656
0.65116
0.92269
1.2513
1.545
1.7147
1.4643
1.2176
1.24
1.3212
1.4604
1.5115
1.6203
1.6999
1.8366
1.9728
1.8805
1.562
1.3025
1.1011
0.90108
0.89882
0.6725
0.30752
-0.027895
-0.33402
-0.4722
-0.3049
-0.11064
0.055202
0.11016
0.027479
-0.082244
-0.27348
-0.46372
-0.57128
-0.67816
-0.70315
-0.64698
-0.83285
-1.0975
-1.2534
-1.3811
-1.4282
-1.3164
-1.153
-0.88655
-0.7782
-0.85138
-0.97484
-1.1986
-1.3687
-1.5364
-1.5263
-1.516
-1.456
-1.3966
-1.1917
-1.2552
-1.2455
-1.1881
-1.1315
-1.0053
-0.97378
-0.91959
-0.86616
-0.7909
-0.80641
-0.95475
-1.1004
-1.3087
-1.2754
-1.3283
-1.274
-1.3047
-1.4182
-1.5504
-1.6802
-1.5844
-1.4096
-0.97838
-0.51481
-0.058914
0.23377
0.1353
0.019181
-0.38079
-0.58603
-0.58202
-0.54092
-0.42634
-0.40542
-0.43986
-0.5288
-0.45374
-0.41568
-0.37812
-0.3769
-0.42957
-0.48222
-0.64192
-0.73034
-0.80129
-0.90835
-1.0875
-1.2321
-1.3602
-1.49
-1.5678
-1.6655
-1.729
-1.8496
-1.8995
-2.0075
-2.1188
-2.215
-2.2575
-2.2254
-2.1943
-1.9258
-1.6714
-1.3085
-1.0597
-0.84546
-0.62412
-0.41676
-0.17902
0.068552
0.35035
0.50181
0.58727
0.50161
0.4374
0.21134
0.21717
0.33501
0.45972
0.71022
0.85396
0.7863
0.97359
1.2396
1.4187
1.3228
0.96067
0.45835
0.35542
0.44916
0.75998
0.87305
0.85739
1.1193
1.3974
1.7419
1.6954
1.6964
1.312
1.2394
1.2765
1.2539
0.92103
0.75708
0.58294
0.73084
0.81711
0.90642
0.49932
0.14582
-0.22338
-0.45584
-0.23235
0.078889
0.080288
-0.40822
-1.3273
-1.6003
-1.2818
-1.2128
-0.61436
-1.1551
-1.0787
-1.4542
-1.3776
-1.1128
-1.123
-1.6046
-1.7124
-1.3416
-1.0612
-0.48525
-0.78056
-0.58814
0.19682
0.59232
1.2864
1.1893
0.89251
0.79309
0.49503
0.39509
0.689
0.48985
-0.097392
-0.87022
-1.9173
-2.8472
-2.5331
-1.6668
-0.72997
-0.17953
0.088161
0.086433
0.33836
0.66111
0.88648
0.94138
1.0672
0.66548
-0.2148
-0.55374
-0.80167
-0.77254
-0.49559
-0.29765
-0.11427
-0.10955
-0.52458
-0.45176
-0.57595
-0.82559
-0.96387
-0.87861
-0.59923
-0.22887
-0.255
-0.3828
-0.43236
-0.34984
-0.030433
0.20401
0.41901
0.6432
1.0038
1.1631
1.334
1.0561
0.66463
0.14984
-0.28994
-0.5417
-0.75903
-0.7373
-0.82749
-1.0567
-1.3451
-1.6207
-1.6516
-1.7643
-1.7459
-1.8083
-1.7312
-1.5061
-1.1994
-1.0058
-1.0082
-1.0693
-1.2162
-1.2197
-1.2666
-1.3002
-1.4042
-1.4948
-1.5309
-1.5408
-1.607
-1.606
-1.4278
-1.127
-0.81247
-0.52472
-0.4157
-0.22265
-0.041952
0.26719
0.56601
0.85482
1.1051
1.3019
1.4149
1.4863
1.5891
1.5893
1.5596
1.4378
1.2673
1.1089
1.0261
0.97338
0.80658
0.70127
0.5441
0.38338
0.26961
0.2044
0.17217
0
0.087912
0.21317
0.34096
0.39875
0.43928
0.44354
0.52239
0.48962
0.66518
0.82465
1.0256
1.2104
1.3983
1.5695
1.6634
1.7184
1.7744
1.6873
1.8478
1.76
1.6707
1.6013
1.5092
1.4591
1.2762
1.1565
0.96704
0.70524
0.59861
0.48954
0.35423
0.071806
-0.29127
-0.71425
-1.2753
-1.5242
-1.5494
-1.471
-1.1229
-0.78967
-0.63828
-0.87735
-1.0975
-1.2976
-1.3862
-1.4481
-1.2294
-1.0649
-0.9585
-0.94844
-0.83359
-1.1046
-1.0972
-0.93888
-0.77158
-1.0308
-1.1819
-1.383
-1.5518
-1.552
-1.3688
-1.0799
-1.0147
-0.59675
-0.30707
0.15801
0.54196
1.0595
1.1472
0.82593
0.48528
-0.062356
-0.51263
-0.65827
-0.40559
-0.20817
-0.1424
-0.65723
-1.0481
-0.76711
-0.78565
-0.32169
-0.16456
-0.16827
-0.94585
-0.52696
-0.80687
-1.0061
-0.55949
-1.1401
-1.4511
-2.2641
-2.9028
-2.441
-1.6523
-0.10478
0.74357
0.64562
0.32673
-0.22027
-0.11128
-0.22465
0.90622
0.913
0.91891
0.69292
0.69593
0.58182
0.58305
-0.58362
-1.7505
-1.515
-0.92988
0.11579
0.92165
1.2593
0.5681
-0.22525
-0.55751
-0.44101
-0.21777
0.10741
0.52915
0.72908
0.81914
1.1061
0.88788
0.38677
0
-0.37059
-0.45292
-0.35401
-0.17283
-0.16867
-0.41132
-0.88236
-0.93832
-1.3717
-1.3367
-1.592
-1.6925
-1.5121
-1.8761
-1.5028
-1.466
-0.55985
0.54668
1.187
1.5087
1.1354
1.223
0.92612
0.69465
0.20984
-0.10311
-0.4057
-0.69913
-0.59071
-0.68008
-0.47989
-0.37969
-0.093983
-0.23289
-0.27733
-0.50511
-1.0047
-1.2732
-1.677
-1.6734
-1.807
-1.581
-1.4921
-1.1325
-1.1811
-1.3224
-1.5575
-1.7962
-1.9463
-1.6331
-1.4103
-1.1848
-1.0995
-0.91655
-0.68178
-0.098356
0.1987
0.65241
0.45635
0.051233
-0.36234
-0.5752
-0.47532
-0.69323
-0.80735
-0.81453
-0.87612
-0.77259
-0.72255
-0.44752
-0.33756
-0.56535
-1.2488
-1.5944
-1.3697
-1.2001
-0.51448
-0.28564
0
-0.51196
-0.96354
-1.4105
-1.571
-1.4493
-1.2173
-1.1524
-1.0332
-0.5923
-0.53276
-0.47408
-0.41638
-0.56537
-0.7102
-1.0509
-0.93763
-0.58375
-0.19176
0.047231
0.27915
0.091649
0.13539
0
-0.21889
-1.1211
-1.6992
-2.0928
-2.4751
-2.3993
-2.0853
-1.701
-1.3273
-1.002
-0.76125
-0.7898
-0.89231
-1.1032
-1.4192
-1.3691
-1.2492
-0.70751
-0.63149
-0.55699
-0.48389
-0.54938
-0.47782
-0.54311
-0.37158
-0.36998
-0.60317
-0.70147
-0.66632
-0.36572
0.09959
0.3648
0.33147
0.26518
0.066329
-0.033197
-0.13298
-0.29976
-0.56751
-0.90377
-1.3094
-1.8193
-2.2319
-2.6824
-2.8987
-2.7407
-2.4097
-1.972
-1.4606
-1.0838
-0.87876
-0.77755
-0.78185
-0.89337
-0.75456
-0.50577
-0.21791
0.073015
0.18345
0.36868
0.37037
0.33478
0.29879
0.22492
0.30091
0.18863
0.075649
0
-0.037974
0.15209
0.41861
0.34263
0.72324
0.91301
1.14
1.1382
1.1359
1.0952
1.2048
1.1631
1.1585
1.1162
1.222
1.5472
1.7951
2.0394
2.1715
2.0495
1.8213
1.5249
1.373
1.1881
1.0751
0.96365
0.85374
0.50825
0.23533
-0.066711
-0.26477
-0.13136
0.19555
0.61459
0.77061
0.76507
0.50648
0.25152
0.21864
0.34141
0.83296
1.1963
1.5558
1.6085
1.5102
1.2929
1.1977
1.1633
1.0107
1.0372
0.91616
1.2088
1.2946
1.2925
0.96807
0.38099
0.058576
-0.23423
-0.5563
-0.84937
-0.90851
-0.85067
-0.88104
-0.8529
-1.09
-1.3873
-1.686
-1.6306
-1.6644
-1.4602
-1.1057
-0.74924
-0.54107
-0.7538
-0.96788
-1.3047
-1.5524
-1.71
-1.6847
-1.5056
-1.3869
-1.3292
-1.2401
-1.0881
-1.0286
-1.0937
-1.3155
-1.2871
-1.1953
-0.94545
-0.63137
-0.094848
0.44321
0.72895
0.76137
0.60321
0.31766
0.22246
0.031787
-0.063578
-0.38144
-0.50848
-0.6036
-0.76209
-0.95206
-0.98314
-0.72888
-0.5383
-0.031638
0.15805
0.47372
0.78883
1.2295
1.6694
1.8569
2.2015
2.5144
2.7014
2.7315
2.4167
2.071
1.506
0.97271
0.53354
0.12559
0
0.062873
0.12586
0
0
-0.2211
-0.2531
-0.25357
0
0.15915
0.28716
0.19193
-0.032076
-0.35386
-0.64536
-0.38846
-0.58464
-0.91262
-1.243
-1.6088
-1.5491
-1.4559
-1.2624
-1.2009
-1.0384
-0.90817
-0.81067
-1.1194
-1.4308
-1.5737
-1.546
-1.518
-1.5243
-1.6001
-1.5017
-1.5076
-1.1966
-1.1304
-0.85079
-0.53355
-0.35685
-0.39374
-0.57435
-0.35992
-0.036079
0.32541
0.72452
1.1248
1.2717
1.3094
1.2739
1.2016
1.2016
1.1648
1.3095
1.2354
1.2336
0.97777
0.68648
0.50445
0.39511
0.35791
0.28519
0.14196
-0.14128
-0.28106
-0.24453
-0.24305
-0.37945
-0.85647
-1.3604
-1.9914
-2.411
-2.5572
-2.3708
-1.8931
-1.5526
-0.92943
-0.63499
-0.56607
-0.46721
-0.33932
-0.33604
-0.15127
-0.14982
0.059361
0.29403
0.49527
0.7507
0.88728
0.87983
0.76013
0.67049
0.66561
0.96407
1.0401
1.0068
0.94738
0.916
0.8586
0.53478
0.18665
-0.18626
-0.26571
-0.42485
-0.45143
-0.63783
-0.95824
-1.2273
-1.4719
-1.8269
-2.2132
-2.6051
-2.8669
-2.9417
-2.604
-2.095
-1.4657
-0.79688
-0.20128
0.11627
0.17641
0.17853
0.18076
0.12206
0.12368
0.25073
0.60373
0.83775
1.1437
1.1269
1.0084
0.85223
0.69133
0.7359
0.81686
1.2954
1.4212
1.3648
1.4554
1.3206
1.3725
1.3474
0.9711
0.58747
0.27619
0.2383
0.51932
0.56203
0.64496
0.68751
0.44594
0.12182
0
0
0
0.3651
0.60733
0.64619
0.60396
0.32097
0.039962
0.079578
0.39604
1.1034
1.6467
1.7939
1.4739
0.9644
0.19182
-0.76311
-1.2903
-1.661
-1.8027
-1.6068
-1.5247
-1.4807
-1.6216
-1.9084
-2.1933
-2.4037
-2.1412
-1.8448
-1.3343
-0.82702
-0.50203
-0.1073
-0.24974
-0.17796
-0.35509
-0.56683
-1.025
-1.3751
-1.3717
-1.2629
-0.69968
-0.45344
-0.24338
-0.24253
-0.31065
-0.61874
-0.88976
-0.68112
-0.57592
-0.37055
-0.53572
-0.73184
-1.1893
-1.4101
-1.0738
-0.67778
-0.25601
0.063434
0
0.18677
0.33908
0.67142
0.93653
1.1064
1.1245
1.1715
1.2463
1.377
1.6471
1.8556
1.949
1.6824
1.1752
0.54187
0
-0.31994
-0.29116
-0.21034
-0.026133
-0.20794
-0.51739
-0.79874
-1.0786
-1.2553
-1.3555
-1.3032
-1.252
-1.2786
-1.2808
-1.2583
-1.1596
-1.2163
-1.2226
-1.544
-2.0026
-2.2836
-2.3835
-2.1084
-1.8841
-1.5458
-1.5079
-1.3569
-1.1741
-0.81271
-0.55929
-0.59735
-0.45479
-0.49264
-0.68812
-0.66744
-0.64604
-0.65669
-0.80108
-0.8822
-1.0692
-1.0165
-0.96169
-0.54273
-0.073482
0.41023
0.56753
0.42201
0.34989
0.43307
0.55777
0.44315
0.20352
-0.041092
0
-0.12531
-0.50467
-0.8038
-1.0204
-1.1099
-0.98494
-1.0301
-0.90251
-1.2469
-1.0745
-1.2878
-1.371
-1.3672
-1.5754
-1.6536
-1.6879
-1.511
-1.4186
-1.2022
-1.0704
-0.93996
-0.8516
-0.92519
-0.99723
-1.0677
-0.97984
-0.85443
-0.46174
-0.49552
-0.64182
-0.86
-1.0368
-1.3201
-1.5614
-1.5462
-1.6736
-1.4457
-1.5016
-1.418
-1.4044
-1.1876
-0.90753
-0.86582
-0.79191
-0.78478
-0.77783
-0.70682
-0.76451
-0.69497
-0.59534
-0.49739
-0.40105
-0.33685
-0.48651
-0.66444
-0.84023
-1.1334
-1.2753
-1.2686
-1.0864
-0.90631
-0.78637
-0.63865
-0.57903
-0.3178
-0.1731
-0.28827
-0.37471
-0.43264
-0.75098
-0.81054
-0.92915
-1.0202
-0.87868
-0.79534
-0.771
-0.98606
-1.1151
-1.0955
-1.2303
-1.556
-1.9543
-2.1414
-2.4332
-2.6375
-2.6161
-2.4593
-2.0198
-1.4573
-1.1984
-0.92853
-0.79852
-0.54554
-0.23982
0.16413
-0.08432
0
0.044603
-0.045919
-0.23649
-0.53612
-0.95452
-0.93227
-0.9612
-0.93593
-1.135
-0.99417
-0.72284
-0.31006
-0.12759
-0.19671
-0.33666
-0.96694
-1.0614
-0.79638
-0.73968
-0.37728
-0.53793
-0.78131
-0.55507
-0.5623
-0.731
-1.4754
-1.4861
-1.5769
-1.0825
-0.75041
-0.083333
0.58191
1.4072
1.8925
2.0413
1.8606
1.1203
0.55333
-0.77981
-0.99885
-0.60497
0.074354
0.5113
0.3585
0.28135
-0.2069
-0.54073
-0.72848
-0.58387
-0.50837
-0.49796
-0.5488
-0.47799
0.05856
0.40191
0.78845
1.0501
1.2481
1.4395
1.4152
1.5469
1.8781
1.8501
1.7254
1.4591
1.2965
0.80656
0.65677
0.41778
0.50561
0.95647
1.5355
2.0164
2.0908
1.856
1.669
1.3976
1.1297
0.95149
1.0767
0.77221
0.25649
0.042607
-0.42478
-0.72005
-0.63363
-0.50559
-0.71445
-0.54499
-0.083637
0.33371
0.99855
1.5768
1.9448
2.0629
1.6863
1.0659
0.32681
-0.2035
-0.36487
-0.28262
0
0.24008
0.39822
0.079245
0
0.11761
0.23392
0.27135
0.34684
0.38309
0.38078
0.52985
0.78991
1.0841
1.4119
1.6248
1.7618
1.6783
1.3783
1.3343
1.542
1.8189
2.1286
2.153
2.1776
2.0276
1.8446
1.5942
1.4153
1.2725
1.1652
1.0248
1.0899
1.1548
1.0841
0.54082
0.033732
-0.4377
-0.63868
-0.53706
-0.20115
0
0.033458
-0.033433
-0.30071
-0.40075
-0.63429
-0.83438
-0.90099
-1.001
-0.90094
-0.73416
-0.56739
-0.4006
-0.26714
-0.30063
-0.46782
-0.93604
-1.4382
-1.8406
-2.0091
-2.111
-1.7773
-1.4096
-0.67189
0.06726
0.53871
0.70799
0.67527
0.47346
0.067759
-0.27158
-0.68046
-1.1937
-1.7099
-1.7836
-1.8582
-1.8649
-1.7681
-1.4274
-1.0842
-0.63261
-0.35332
-0.49746
-0.64351
-1.0435
-1.3045
-1.4601
-1.3245
-1.4097
-1.5718
-1.6242
-1.4875
-1.0403
-0.73995
-0.4332
-0.43827
-0.64527
-0.61261
-0.24827
0.12582
0.21266
0.21575
0.39416
0.66703
0.85824
0.82621
0.74655
0.56935
0.57913
0.24551
0.14991
0.20347
0.62143
1.1073
1.8256
2.406
2.6729
2.495
2.0208
1.0581
0.77779
-0.30441
-0.55739
-0.62977
-0.38407
-0.45521
-0.33014
-0.134
0.20382
0.96376
1.1849
0.9871
0.57008
-0.14391
-0.65322
-1.097
-1.2515
-0.88821
-0.96635
-0.37283
-0.22413
0.074763
0.074725
-0.074598
-0.07438
-0.14815
-0.66323
-0.73231
-1.4539
-1.4419
-1.2143
-0.70704
-0.62935
-0.34553
-0.68243
-0.67346
-0.79705
-0.98211
-0.83864
-1.0801
-1.0009
-1.0468
-1.5149
-1.61
-1.5841
-0.98141
-0.17042
0.39133
0.82539
0.92095
0.80021
0.8408
0.67317
0.76568
0.50338
0.14899
-0.44116
-1.2101
-2.0085
-2.3634
-2.2437
-1.6187
-1.0987
-0.95212
-0.67385
-0.35625
-0.52996
-0.5258
-0.60886
-0.86365
-1.1152
-1.4064
-1.4403
-1.1371
-0.41881
0.45823
0.87029
0.90717
0.45137
-0.040838
-0.85354
-1.3754
-1.6106
-1.5229
-1.2365
-0.87329
-0.55302
-0.31444
-0.35194
-0.46681
-0.46431
-0.5772
-0.80353
-1.1032
-1.437
-1.3531
-1.27
-1.0764
-1.0695
-0.91598
-0.61876
-0.43386
-0.25139
-0.21404
0.070869
0.14079
0.27973
0.1737
0.10355
-0.24011
-0.78415
-1.1524
-1.5165
-1.7765
-1.9674
-2.0906
-2.0151
-1.8093
-1.4091
-0.9797
-0.39067
0
0.12958
0.064672
-0.41978
-1.0645
-1.5476
-1.902
-1.9671
-1.8718
-1.6478
-1.4562
-1.1024
-0.6175
0
0.29419
0.55757
0.55961
0.56182
0.56417
0.39998
0.066968
-0.20185
-0.64227
-1.2908
-1.7068
-2.0925
-2.2749
-1.7316
-1.1829
-0.48924
-0.070185
0.24661
0.38894
0.78044
0.81827
0.89161
0.89339
0.60841
0.42988
0.21502
0.07166
0.21481
0.35749
0.71346
0.6759
0.7799
0.67075
0.63235
0.94325
1.1109
1.5169
1.8816
2.1375
2.152
1.9981
1.7141
1.4022
0.9672
0.76461
0.3776
0.21746
0.24526
0.27219
0.53686
0.97035
1.2463
1.371
1.1538
0.80407
0.5463
0.18837
-0.079532
-0.23508
-0.28311
-0.15219
-0.075008
0.049302
-0.048622
-0.23983
-0.26034
-0.37382
-0.41533
-0.43313
-0.45065
-0.869
-1.2345
-1.6802
-1.9233
-2.1413
-2.1654
-2.1058
-2.0064
-1.9094
-1.8353
-1.6605
-1.5498
-1.38
-1.1316
-0.8657
-0.58197
-0.40027
-0.29953
-0.39867
-0.59721
-0.69612
-0.89455
-1.0932
-1.4314
-1.6708
-1.911
-2.0724
-2.0551
-1.9781
-1.7011
-1.3231
-1.0242
-0.80469
-0.58443
-0.44413
-0.50552
-0.5468
-0.54755
-0.67002
-1.0162
-1.3016
-1.3225
-1.0785
-0.50866
0.14235
0.60956
0.77116
0.64837
0.48533
0.30262
0.26157
0.38112
0.4598
0.63734
0.69429
0.6518
0.41289
0.33264
0.44781
0.58109
0.73217
0.9199
0.95305
0.90998
0.84852
0.86277
0.87695
0.8354
0.92373
0.93786
0.87887
0.74767
0.59957
0.52515
0.50557
0.73848
0.95272
1.3103
1.6138
1.8461
1.9
1.9551
2.1372
2.303
2.3267
2.3338
2.2879
2.1335
2.0705
2.0081
1.9646
1.8096
1.5406
1.2306
0.95431
0.69302
0.58274
0.54904
0.53463
0.50006
0.38401
0.18384
0.061946
0
0.021107
-0.064027
-0.064738
-0.21817
-0.37494
-0.49041
-0.4505
-0.40957
-0.22978
0.11597
0.49147
0.8497
1.1182
1.1984
1.2791
1.2143
1.2455
1.08
0.91217
0.71764
0.59578
0.69684
0.87274
1.2735
1.5245
1.65
1.4748
1.1993
0.82376
0.59838
0.52281
0.37282
0.32252
0.074286
-0.24714
-0.71534
-1.0834
-1.0815
-1.0308
-0.95604
-0.88169
-0.83224
-0.88105
-0.90579
-1.029
-1.1285
-1.3027
-1.503
-1.6807
-1.8359
-1.7195
-1.553
-1.3857
-1.4202
-1.4816
-1.5449
-1.6623
-1.7041
-1.8538
-2.0076
-2.0035
-1.6988
-0.99884
-0.53411
-0.31345
-0.40456
-0.46907
-0.65454
-0.63424
-0.82795
-0.99644
-1.0751
-0.99546
-0.91296
-0.79443
-0.57112
-0.34085
0
0.31533
0.56787
0.82636
0.69053
0.84486
0.66768
0.89812
0.94287
1.1771
1.3365
1.1891
0.88527
0.54006
0.34755
0.23168
0.26996
0.38473
0.26838
0.15266
-0.075906
-0.60328
-0.86077
-1.1134
-1.4711
-1.3475
-1.2974
-1.1049
-1.198
-1.4623
-1.4444
-1.3245
-0.90542
-0.49661
-0.26148
-0.19362
-0.35049
-0.44054
-0.46626
-0.645
-0.57683
-0.66047
-0.6831
-0.67611
-0.66955
-0.92303
-1.3441
-1.5604
-1.6616
-1.7904
-1.9465
-2.0744
-2.0373
-1.947
-1.6674
-1.4451
-1.3608
-1.3864
-1.4673
-1.4405
-1.0881
-0.76288
-0.40959
-0.43813
-0.38469
-0.38624
-0.33259
-0.50145
-0.70042
-0.90209
-1.1635
-1.3433
-1.6413
-1.7414
-1.6388
-1.3873
-1.221
-1.0519
-0.91012
-0.85763
-0.83512
-0.71847
-0.56794
-0.54182
-0.51512
-0.39027
-0.49277
-0.46454
-0.33512
-0.13536
0.068333
0.24142
0.41765
0.31603
0.035416
-0.39278
-0.46785
-0.36257
0.21907
0.9188
1.4051
1.7847
1.9058
2.2146
2.3739
2.4195
2.1986
1.9373
1.7118
1.4086
1.4089
1.1037
0.91244
0.53134
0.15146
-0.18877
-0.26334
-0.3372
-0.26106
-0.48234
-0.44274
-0.33005
-0.29149
-0.47044
-0.71859
-0.74892
-0.7078
-0.52669
-0.41799
-0.44918
-0.58263
-0.95187
-1.1466
-1.1041
-0.59758
-0.098849
0.22898
0.48728
0.51635
0.32074
0.22324
0.031725
-0.1263
-0.4088
-0.5327
-0.90608
-1.2781
-1.8986
-2.2389
-2.3007
-2.1775
-2.0246
-1.8102
-1.7526
-1.5703
-1.293
-1.2361
-1.2431
-1.4755
-1.4212
-1.4972
-1.7065
-1.821
-1.8716
-1.7214
-1.3641
-1.0341
-0.69708
-0.035253
0.39231
0.54131
0.62084
0.51743
0.63587
0.37851
0.42127
0.23245
-0.11754
-0.39609
-0.92064
-0.97038
-0.77559
-0.3707
-0.24921
-0.41857
-0.59014
-0.4242
-0.25594
0.042862
0.34427
0.21586
-0.21639
-0.34678
-0.564
-0.52066
-0.9539
-1.1257
-1.469
-1.465
-1.3312
-1.1548
-0.68119
-0.46595
-0.54762
-1.0468
-1.5811
-2.1078
-2.2983
-2.2001
-1.8198
-1.2039
-0.75656
-0.51357
-0.47028
-0.46652
-0.73271
-0.84158
-0.72099
-0.6023
-0.22407
0.037051
0.51466
0.87546
1.1583
1.3651
1.7471
1.9112
2.0377
2.0579
1.9739
1.7537
1.4682
1.2885
1.044
0.9031
0.76414
0.46204
0.26229
0.032574
-0.097098
0.064325
0.28767
0.44478
0.28424
0.1884
0.062451
0
-0.24719
-0.092242
-0.091819
0.45713
0.66783
1.1494
1.4776
1.5939
1.4405
0.98872
0.53874
0.41885
0.35909
0.35943
0.33002
0.27068
0.12069
-0.090888
-0.21313
-0.42876
-0.5242
-0.77689
-1.0032
-1.5829
-2.2081
-2.8821
-3.0181
-2.7945
-2.4992
-2.2997
-2.0254
-1.6005
-1.1966
-0.48109
0.037806
0.23195
0.31654
0.16213
0.24933
0.12791
0.43772
0.44965
0.41593
0.42764
0.29321
0.20108
0.15514
0.26597
0.27353
0.39371
0
-0.65296
-1.0965
-1.5616
-1.4717
-1.5712
-1.2042
-0.68273
0
0
0.21565
0.58302
0.29501
0.74494
0.82607
1.0578
1.2897
1.2923
0.60818
-0.22762
-0.98248
-1.4275
-1.1183
-0.73841
0.14602
0.14413
0.28408
-0.34943
-0.34337
-0.40438
-0.13213
0.51753
0.75944
0.43302
0.72508
0.82579
1.3237
1.7963
2.0799
2.1879
2.0288
1.6736
1.2362
0.77155
0.47039
0.5049
0.44808
0.35009
0.34209
0.083616
-0.2863
1.121
