-1.1303
-1.0455
-0.83753
-0.82655
-1.2236
-1.4987
-1.8126
-1.4937
-1.2358
-1.0769
-0.74131
-0.78185
-0.70894
-1.106
-1.4428
-1.6933
-2.1142
-2.3196
-2.1238
-1.7559
-0.87003
-0.39793
-0.25366
-0.94084
-1.746
-2.1267
-2.431
-2.4637
-2.274
-2.0817
-1.5603
-1.3305
-0.90934
-0.85935
-0.83794
-0.50458
-0.029969
0.33292
0.76425
1.1581
1.5134
1.624
1.4024
1.3531
1.4005
1.4325
1.0156
0.48826
0.52784
0.58552
1.1844
1.2508
0.60587
0.61283
-0.054692
-0.036878
-0.22379
-0.81097
-1.2587
-0.94489
-0.56537
0
-0.17926
-0.16102
0.18302
0.47245
0.99573
1.0891
1.1204
0.68262
0.32278
0.043401
0.043753
0.44092
1.2215
1.5655
1.3957
1.3137
0.79731
0.80154
1.4728
1.1788
1.0674
0.65193
0.32693
0.44477
0.60982
0.14093
0.2116
-0.35282
-0.8467
-0.56414
-0.56353
-0.60952
-0.98256
-0.9567
-0.53504
-0.4636
-0.76188
-1.0573
-1.6925
-1.6834
-1.6284
-1.506
-1.2058
-1.2195
-0.79237
-0.54603
-0.51998
-1.2461
-1.704
-1.8154
-1.6105
-1.0981
-0.80021
-0.44695
-0.10056
0.21897
-0.41369
-0.87717
-1.1957
-1.5073
-1.3023
-1.4188
-1.6619
-1.7899
-1.4994
-0.62538
-0.14139
0.10489
0.20753
0.35928
0.27083
-0.083745
-0.92819
-1.4108
-1.7212
-1.6236
-1.6395
-1.8128
-1.7644
-1.6552
-1.211
-0.77482
-0.30122
-0.25387
-0.42952
-0.44079
-0.20411
-0.072351
-0.043097
-0.28531
-0.58097
-0.7321
-1.2173
-1.5579
-1.9918
-1.9674
-1.3141
-0.6812
0.04069
0.63481
0.94181
0.99206
0.90863
0.99917
1.1293
1.3917
2.0502
2.1389
2.0566
2.1199
1.8549
1.6828
0.91998
0.55197
-0.13145
-0.28935
-0.645
-0.88291
-0.93692
-1.3086
-1.2979
-1.6193
-1.8895
-2.2416
-2.4625
-2.3363
-2.075
-1.366
-0.88268
-0.53187
-0.16439
0.20647
0.30433
0.18076
0.01398
0.070296
0.4101
0.44103
0.42947
-0.014408
-0.24656
-0.014602
0.35289
0.77004
1.0442
0.49591
0.13627
-0.13733
-0.32294
-0.89904
-1.5938
-1.9535
-1.5884
-1.3455
-1.0822
-0.92855
-0.73936
-0.4143
0.016716
0.2192
-0.23813
-1.2011
-2.3367
-2.6715
-2.6421
-2.3099
-2.2584
-1.8803
-1.4407
-0.75412
-0.46376
-0.31803
-0.16979
-0.1712
-0.61373
-0.36737
0.01949
0
-0.098991
-0.399
-0.040201
0.162
0.30595
-0.10271
-0.74464
-1.1037
-1.1949
-0.84393
-0.99785
-1.2389
-1.3322
-1.2102
-1.1517
-1.2016
-1.4932
-1.3241
-0.66521
0.28958
1.1857
1.3255
0.87964
0.27168
-0.13632
-0.045594
-0.068606
-0.22936
-0.091998
0.39199
1.433
1.7835
1.5085
0.83697
0.30271
0.18654
0.49027
0.93479
1.1461
0.91277
0.35123
-0.98374
-1.2415
-0.67931
-0.32787
0.093644
0.18719
0.11691
0.67752
0.65352
0.48958
0.48896
0.62777
1.6018
2.5725
2.9842
2.863
2.7649
2.0232
1.835
1.35
0.8445
1.0016
0.79457
0.52066
0.045142
-0.20252
0.29162
0.42484
0.26743
-0.1999
-0.4648
-0.94836
-1.4503
-1.9047
-2.0284
-1.6947
-1.0821
-0.49579
-0.23616
0.27795
0.80907
1.2085
0.71776
-0.23121
-0.77427
-0.6875
-0.47701
-0.10322
-0.61649
-1.1863
-1.1197
-1.0536
-0.72591
-0.62206
-0.25959
-0.3974
-0.79084
-0.74753
-0.9199
-0.95414
-1.4916
-1.773
-1.802
-1.6018
-1.2898
-1.0188
-1.0133
-1.1757
-1.392
-1.6427
-1.4316
-0.96731
-0.8711
-0.86613
-1.2558
-0.85616
-0.44332
0.42308
0.66591
0.52259
0.8138
0.63677
0.71842
0.493
0.38858
0.4869
1.0511
0.89528
1.3673
1.3422
1.4474
0.98564
1.1558
0.6698
0.76044
0.45639
0.093798
-0.37268
-0.66323
-0.9192
-0.95862
-1.4508
-1.591
-1.923
-1.7469
-1.779
-1.796
-1.5951
-1.7568
-1.6732
-1.6616
-1.6924
-1.1065
-0.83455
-1.036
-1.5913
-1.921
-2.0973
-1.868
-1.7486
-1.3656
-0.97451
-0.7718
-0.38984
-0.1291
-0.4489
-0.63715
-0.84834
-0.61652
-0.50014
-0.33552
-0.457
-0.46655
-0.39057
-0.02427
0.16892
0.28797
0.13127
0.047478
-0.059038
0.035242
0.29223
0.034899
0.057892
0.17289
0.19508
0.50278
0.66005
0.74815
0.90346
0.7877
0.69531
0.64835
0.57952
0.62232
0.83125
0.80709
0.79423
0.74856
1.0219
1.1847
1.3802
1.1378
1.0274
0.7863
0.91684
1.0038
1.091
1.1348
1.2662
1.3106
1.4101
1.6742
1.4354
1.3608
1.3302
1.4431
1.6894
1.5387
1.1212
1.08
1.1953
1.5359
1.8118
1.6045
1.861
1.8695
2.3596
2.5096
2.5577
2.4206
2.1186
1.9666
1.8367
1.4909
1.3689
1.3664
1.2911
1.2271
1.286
1.4084
1.1812
0.81092
0.33226
0.25783
0.32519
0.39381
0.59625
0.56182
0.49976
0.57292
0.46846
0.61245
0.52036
0.71058
0.28726
-0.13066
-0.9099
-1.2908
-1.0651
-0.75847
-0.21476
-0.35681
-0.078449
0.14282
0.01605
-0.22728
-0.5747
-0.44842
-0.11759
0.47571
0.67013
0.92099
0.47446
0.071075
-0.53897
-0.99895
-1.6524
-1.5031
-1.1627
-0.75798
-0.38289
-0.67682
-0.9179
-1.0649
-0.87595
-0.94439
-0.50691
-0.38867
-0.39202
-0.49934
-0.54536
0.23255
-0.34083
-1.1802
-1.3615
-1.1532
-0.219
-0.11019
-0.73158
-1.0925
-1.726
-1.8475
-2.015
-2.0242
-2.2156
-2.2016
-2.4631
-1.7324
-0.67203
0.27891
0.65254
0.14017
-0.37463
-0.72728
-1.0341
-1.2946
-1.5084
-1.5573
-1.1808
-0.59084
-0.49657
-0.92254
-0.9937
-1.4906
-0.70974
-0.52035
-0.14186
-0.11816
-0.33063
0.118
0.14148
0.18847
0.18828
0.63475
0.37571
0.18763
-0.21081
-0.16375
0.32705
0.81647
1.0482
0.4652
0.023225
-0.18552
0.4631
-0.13872
-0.64633
-1.7286
-2.3242
-1.5623
-0.55056
-0.25195
0
0
0
-0.1821
-0.61363
-0.88499
-1.6993
-1.7645
-2.2135
-2.6385
-2.7245
-2.6527
-1.7507
-1.7703
-1.8568
-1.7867
-1.7168
-0.89029
-0.55544
-0.11088
0.28776
-0.13255
0
0.41804
0.74646
1.0734
1.3987
1.3517
1.2396
1.2147
0.36773
0.2157
-0.086023
0
-0.19233
-0.29817
-0.16978
-0.33832
-0.2317
0.25176
0.77305
1.7059
2.1745
2.721
2.9745
2.633
2.132
0.72705
0.22092
0.57907
1.0917
1.3415
0.78415
-0.13634
-0.44497
-0.97991
-0.97303
-0.51142
0.15041
0.31722
0.59251
0.53274
-0.12756
-0.30725
-0.28678
0.14218
0.74001
0.69864
0.5886
0.3603
0.017002
-0.050541
-0.083459
-0.41342
-0.47508
-1.0061
-1.5753
-1.2101
-1.5139
-0.87469
-0.58787
0.061289
0.10623
0.22547
0.19355
0.32444
0.29217
0.46309
0.58781
1.0937
1.0274
1.1437
1.1611
1.0823
0.90988
0.67317
0.50728
0.66191
0.7878
0.58611
0.55566
-0.012823
0.10181
-0.16423
-0.42647
-0.29895
-0.49489
-0.33187
-0.024428
0.3399
0.76029
0.78
0.8832
1.1399
1.3233
1.6346
1.8849
1.8421
1.8697
1.8629
1.6951
1.7473
1.8111
2.0122
2.2471
2.1857
2.1364
2.2921
2.0628
1.8458
1.7654
1.6178
1.9006
2.0708
2.2418
1.9717
1.5655
1.1588
0.92179
1.1403
0.96006
0.8365
0.5746
0.66865
1.0759
1.4283
1.5156
1.3817
1.3528
1.3357
1.5565
1.3022
0.78096
0.56808
0.62029
0.69778
0.6409
0.38476
0.48759
0.80618
0.78707
0.70381
0.15483
-0.48144
-0.90563
-1.0329
-1.0022
-0.48556
-0.40849
-0.31622
-0.097191
0.19634
0.45336
0.12883
-0.47734
-1.0379
-1.2264
-1.5534
-1.4798
-1.5115
-1.5437
-1.2176
-1.2786
-1.5166
-1.9535
-1.649
-1.2054
-0.40076
0.05066
0.08538
0.37986
0.19204
0.1412
0.39253
0.28855
0.82017
0.77352
0.53961
0.31953
-0.22779
-0.26835
-0.52245
-0.85931
-1.2809
-1.4114
-1.3432
-0.20212
0.52967
0.51316
0.59959
-0.020819
0.37721
0.61152
1.1454
1.3223
0.9861
0.49539
0.021633
-0.76015
-0.76287
-0.5685
-0.43852
-0.52746
-0.88082
-1.1689
-1.1481
-1.2153
-1.5472
-2.0334
-2.7614
-2.6707
-1.8076
-1.5846
-1.1201
-1.0079
-0.87401
-0.89306
-1.0419
-1.146
-1.1843
-1.4148
-1.8773
-1.8465
-1.6254
-1.3433
-0.54247
0.37321
1.4626
2.2098
1.849
1.2709
1.0412
0.59613
0.059149
-0.31295
-0.46562
-0.019241
0.43881
-0.075664
-0.31879
-0.72493
-0.82906
-1.1686
-2.117
-2.2592
-1.8122
-1.2322
-0.64532
-0.70848
-0.63345
-0.64454
-0.95787
-0.66598
-0.67633
-0.93161
-1.4413
-1.8614
-1.5265
-0.92971
-0.32795
0.18574
0.3682
0.36499
0.2563
-0.25411
-0.2816
-0.38214
-0.40814
-1.041
-1.133
-1.3375
-1.313
-1.3871
-1.4323
-1.1457
-0.68518
-0.31295
0.14863
0.10736
-0.079986
-0.1192
-0.039481
0.18311
0.338
0.20678
-0.14135
-0.47281
-0.7753
-0.99884
-0.94347
-0.80116
-0.57312
-0.73174
-0.55566
-0.52873
-0.67354
-0.80512
-0.78998
-0.93251
-1.2794
-1.9611
-2.3869
-2.3562
-1.7415
-1.404
-1.1395
-1.362
-1.2411
-1.1562
-1.0718
-1.1289
-0.85724
-0.80927
-0.57408
-0.77254
-0.98248
-1.2507
-1.6824
-1.3432
-0.92253
0.10509
0.85251
1.7054
1.9397
2.4785
2.2344
2.0487
1.6873
1.3723
1.2798
0.68183
0.30605
0.047151
-0.070834
0
-0.13029
-0.55769
-1.1769
-2.0129
-2.3631
-2.3919
-2.2052
-1.7416
-1.6252
-1.4238
-1.4513
-1.4426
-1.2273
-0.96231
-0.67159
-0.2693
0.085897
0.30753
0.69056
0.82824
1.1524
0.98133
0.89651
0.7239
0.80064
0.91531
0.47753
0.45338
0.61841
1.1888
1.2291
1.3711
0.9412
0.59883
-0.012762
-0.051128
0.26881
0.65372
0.83422
0.62959
0.30868
0.038621
0.1546
0.20627
0.38697
0.52908
0.76156
0.69712
0.78749
0.38724
-0.038714
-0.12899
-0.05157
0.43804
0.63078
0.66875
0.5524
0.68003
0.42283
0.30705
-0.089411
-0.76503
-1.3999
-2.4385
-2.9276
-3.1359
-2.523
-1.963
-1.5187
-1.4019
-1.1733
-1.0455
-0.75695
-0.19793
0.45628
0.89734
0.91889
0.78148
0.5111
0.33955
0.44711
0.45756
0.49191
0.56185
0.57171
0.47468
0.13006
-0.058899
-0.16431
0.32741
0.89708
1.834
2.3247
2.3279
2.3426
1.9682
1.6078
1.4432
1.4497
1.761
1.7216
1.6713
1.3531
1.3713
1.3118
1.2083
0.76284
0.58443
0.38498
0.31823
-0.12044
-0.65552
-0.9704
-1.0448
-0.99947
-0.59655
-0.1408
0.6057
1.2748
1.7915
1.6821
1.3899
0.55997
0
-0.66722
-0.91465
-0.95777
-1.0118
-0.69996
-0.26937
-0.14018
-0.18348
-0.32415
-0.36783
-0.65005
-0.95495
-0.78273
-0.38124
0.043663
0.186
-0.098714
-0.20895
-0.31982
-0.3429
-0.71016
-1.2469
-1.4635
-1.4689
-1.3619
-1.4012
-1.8495
-2.2448
-2.5179
-2.1615
-1.6865
-1.1839
-1.3181
-1.7586
-2.4395
-2.8317
-2.6565
-2.2161
-1.9274
-1.6962
-1.5233
-1.4833
-1.2825
-1.067
-0.68658
-0.65315
-0.5182
-0.76311
-0.60155
-0.54097
-0.31109
-0.039135
0.065642
0.14533
0
-0.37466
-0.83484
-1.0569
-1.0635
-0.85055
-0.31746
0.097201
0.34922
0.36532
0.24024
0.071061
-0.24295
-0.11495
-0.086672
-0.13068
-0.14593
-0.30796
-0.25048
-0.029603
0.3568
0.80619
1.1842
1.5198
1.8728
1.7429
2.0832
2.0133
2.4628
1.9939
1.3069
0.64724
0.061769
0.092825
0.37191
0.49658
0.34182
0.45104
0.26461
0.17132
-0.10907
-0.20259
0.28052
0.82581
1.4797
1.4321
1.3844
1.2433
1.1333
0.77524
-0.13935
-0.43285
-0.77163
-1.0475
-1.1223
-1.6875
-1.2858
-1.4355
-1.3254
-1.4132
-1.1821
-0.93706
-0.51243
-0.61615
-0.74919
-0.85152
-0.64041
-0.53449
-0.32561
-0.33933
-0.50001
-0.99681
-1.2274
-1.5875
-1.4226
-1.6929
-1.5865
-1.4376
-1.4617
-0.9999
-0.99674
-1.2491
-0.77828
-0.23982
0.436
0.64504
0.78297
0.82254
1.1956
1.1368
1.272
1.2272
1.1965
1.2484
1.0948
1.1468
1.1713
1.3725
1.3017
1.4884
1.5393
1.415
1.1971
1.0338
1.0855
1.0569
0.94835
1.1869
1.4648
1.4361
1.1022
0.54376
0.35765
0.67478
0.793
0.87141
1.0025
1.2256
1.6855
1.6842
1.5383
0.94605
0.59093
0.091874
-0.1443
-0.24915
-0.3146
-0.17035
-0.065504
0.026196
-0.23573
-0.35356
-0.57615
-1.1392
-1.5976
-1.624
-1.4802
-1.1792
-1.1795
-0.90457
-0.61639
-0.15744
0.052506
-0.052535
-0.34168
-0.8942
-1.4212
-2.0017
-2.122
-1.8469
-1.4525
-0.62122
-0.5028
-0.31792
-0.66313
-0.92956
-0.62497
-0.73238
-0.41341
0.04007
-0.053513
-0.20102
-0.52358
-0.94153
-1.0647
-1.2694
-1.2992
-1.4919
-1.8624
-2.0168
-1.8305
-1.7531
-1.6205
-1.6938
-1.2015
-1.0943
-1.0282
-1.4218
-1.5384
-1.2208
-0.90125
-0.81971
-1.2483
-1.3671
-0.87208
-0.7895
-0.72073
-0.83963
-1.1196
-1.0954
-1.1298
-0.69291
-0.65183
-0.46153
-0.47883
-0.64677
-0.75604
-1.0946
-1.4828
-1.4757
-1.6543
-1.1041
-0.57878
0.20458
0.72834
0.65321
0.30462
0.080676
0.42224
0.71926
1.0038
1.2093
1.2843
1.3435
1.4205
0.98769
0.73743
0.44906
0.57405
1.0337
1.1471
1.4577
1.7729
1.6957
0.83594
-0.29292
-0.81149
-1.0962
-0.76743
-0.81084
-0.85484
-0.82289
0.15423
1.0875
2.1714
2.3252
2.0443
1.3194
0.906
0.81105
0.9801
1.1308
1.2214
1.5632
1.4269
1.7954
1.467
1.5192
1.6581
1.3
0.82839
-0.021931
-0.50737
-0.77652
-0.73627
-0.58327
0.18043
0.70281
0.63801
0.022898
-0.46015
-0.27737
-0.39469
0.069952
-0.53853
-0.58769
-0.73153
-0.52105
-0.33274
-0.16692
0.047844
-0.3839
-1.2031
-2.2678
-2.2009
-1.7939
-1.9192
-1.7283
-1.4876
-0.97708
0.048927
0.024496
0.53953
0.36823
0.81079
0.59007
0.123
-0.024608
0.66457
1.1323
1.0092
0.68903
0.29519
0.54092
0.71258
0.36829
0.63781
0.7842
1.1994
0.83121
0.24414
-0.24378
-0.55979
-0.63174
-0.80038
-0.62941
-0.50736
-1.0367
-0.79391
-0.76813
-0.74241
-0.45394
-0.16683
0.11886
0.37939
0.85137
1.1557
1.3407
1.4777
1.4268
1.2594
0.99998
1.113
1.156
0.94507
1.195
1.6497
2.1016
2.2319
1.9073
2.1958
1.3315
0.42751
-1.0095
-2.08
-2.5643
-2.0009
-1.4186
-0.77354
-0.48481
-0.087893
-0.043821
-0.17479
-0.91506
-1.4557
-1.2567
-1.2965
-0.94827
-1.0963
-1.5222
-1.219
-1.1733
-0.65967
-0.9765
-0.88948
-0.86629
-1.2227
-1.1569
-1.0704
-0.18849
0.52248
1.0637
1.3946
1.5788
1.4514
0.9934
0
-0.18559
-0.53523
-0.92479
-1.0053
-0.53258
-0.040904
0.67387
0.55053
0.509
-0.10166
-0.18272
0.04055
0.14174
0
-0.060589
0.32274
0.72527
0.88539
0.34168
0.12045
0.42111
1.1818
1.8208
1.8988
1.6372
1.7551
1.8529
2.1495
1.8888
1.0924
0
-0.39644
0.15841
0.89018
0.90904
0.73045
-0.11833
-0.039403
-0.13777
-0.019661
0.58923
0.8633
1.6072
1.7425
1.5647
1.4067
1.6198
1.0722
0.5647
0.25285
0
-0.11643
-0.46518
-0.46463
-0.17403
0.50213
0.96443
1.021
0.34632
0.1345
-0.057569
0.65159
0.89951
0.43959
0.22903
-0.76237
-1.18
-1.7294
-2.448
-2.6908
-2.0624
-1.6247
-0.79225
-1.017
-0.9214
-1.164
-0.86222
-0.7111
-0.84071
-1.2123
-1.3592
-1.2082
-1.2618
-1.2781
-1.4237
-1.4027
-2.0819
-2.6481
-3.0654
-3.0597
-2.5784
-1.9164
-1.1476
-0.63632
-0.036289
-0.090542
0.14457
0.25249
0.41395
0.48492
0.26883
0.25038
0.46399
0.69447
1.1194
0.9928
0.70756
-0.017649
-0.17609
-0.42165
-0.22786
0.1399
0.1919
-0.13923
-0.67715
-0.8314
-0.39741
-0.017236
0.34388
0.6346
0.47904
0.30718
-0.051068
0.067918
-0.016936
-0.050679
-0.26959
-0.38654
-0.53641
-0.81924
-0.75041
-0.79835
0.19907
0.51292
0.41256
0.27981
0.26266
0.52395
0.40827
0.50494
0.097477
0.43751
0.53335
0.82215
0.83613
0.73777
0.6719
1.133
1.2893
1.7307
1.9956
2.0855
2.112
2.2169
2.4469
2.4254
2.248
2.1026
1.8336
1.7829
1.5623
1.5897
1.7248
1.7056
1.5946
1.3005
1.1451
1.5236
1.7333
1.5173
0.9691
0.87649
0.76917
0.99344
0.90137
0.64473
0.28434
0.19418
0.029817
-0.11904
-0.34161
-0.13342
0.014797
0.51695
0.95827
1.6628
2.1004
2.0672
1.756
1.2269
0.75808
0.53838
0.37759
0.46383
0.79565
0.95289
1.1527
1.0209
0.99013
0.88781
0.643
0.7129
1.1239
1.6323
1.9826
2.0486
2.2552
1.9685
1.5568
1.0352
0.76743
0.54274
0.59679
0.6505
0.73147
0.68809
0.61746
0.16416
-0.45008
-0.91096
-1.1249
-0.89165
-0.36358
0.26842
0.65542
0.55987
0.49151
0.27798
0.4089
0.56515
0.74643
0.7437
0.32498
0.19426
0.27095
0.38562
0.70431
0.49754
0.59733
0.84829
1.3244
1.6712
1.4897
1.322
1.2177
1.1018
0.91282
0.63914
0.64913
0.95201
1.1312
1.4184
1.0392
0.73474
0.18012
-0.27535
-0.52524
-0.46426
-0.24932
-0.28421
-0.30716
-0.18859
-0.23524
-0.62214
-1.242
-1.8248
-2.1375
-2.2047
-2.0973
-1.6879
-1.3959
-0.91846
-0.92977
-1.0691
-1.383
-1.4881
-1.5587
-1.8277
-2.0627
-2.4038
-2.3374
-2.2128
-1.666
-1.6816
-1.8157
-1.9274
-1.8505
-1.3808
-0.87219
-0.47985
0.084338
-0.012104
0.18246
-0.33017
-0.56564
-0.85346
-0.68452
-0.28812
0.31532
0.60975
0.7551
0.55462
0.4161
-0.078679
-0.8863
-1.5351
-1.8056
-1.7415
-1.4567
-1.1802
-1.0104
-1.0641
-1.3344
-1.6691
-2.0561
-2.3784
-2.2574
-1.4783
-0.75646
-0.23463
0.047556
-0.17675
-0.016291
-0.44605
-0.5697
-1.1048
-1.3968
-1.8023
-2.0599
-2.3069
-2.4512
-2.0796
-1.6586
-0.93743
-0.44664
-0.11826
0.16004
-0.081209
0.26781
-0.20901
-0.19082
0.51607
0.15262
0.17681
-0.33595
-0.36302
-0.11489
-0.16282
-0.094148
-0.6904
-0.8424
-0.31617
0.22107
0.12398
0.27517
0
0.076245
-0.30712
-0.33483
-0.54396
0.10413
0.49676
1.2858
1.4737
1.8725
1.7696
1.1894
0.21144
-0.21128
-0.052741
0.39469
0.078707
-0.60123
-0.70274
-1.5279
-1.2875
-1.6887
-1.4737
-1.3868
-0.050018
0.37185
0.93324
1.2159
1.3718
1.0713
0.84736
0.442
-0.29877
-1.0894
-1.0531
-0.86245
-0.50184
-0.43045
-0.72167
-0.64878
-0.20632
-0.08135
0.26058
-0.37534
-0.87606
-1.2854
-1.0587
-0.68935
-0.25706
0.14477
-0.017837
-0.33409
-0.60676
-0.82053
-0.74179
-1.1142
-0.98441
-0.56666
0.25569
0.58376
0.42067
0.10773
0.27371
0.8867
1.1441
1.293
1.4826
1.4527
1.2671
1.0432
0.15361
-0.40126
-0.57602
-0.9247
-1.4972
-2.3956
-2.5904
-2.3082
-1.8866
-1.1716
-0.82813
-0.012866
0.14078
0.16555
0.25352
0.36605
0.71668
0.9146
0.84923
0.83436
1.2919
1.6114
1.9673
2.2362
2.5421
2.5154
2.4033
2.1441
2.428
2.6511
2.9371
2.6933
2.0538
1.6608
1.7511
1.5186
1.2855
0.72597
0.48971
0.55441
0.46795
0.17777
0.089265
0.02562
0.051484
0.11642
-0.10403
-0.16997
-0.14464
-0.18518
-0.4658
-0.5625
-0.5527
-0.66499
-0.65592
-0.289
-0.069309
0.37704
0.63316
0.76566
0.97173
0.67699
0.52275
0.38064
0.16238
0.1042
-0.16513
-0.1514
0.061083
0.12323
0.015538
-0.6583
-0.60084
-0.90919
-1.2068
-1.8019
-1.9651
-1.5694
-0.89987
-0.5379
-0.76297
-0.70113
-0.50015
-0.27828
-0.68398
-1.2378
-1.2657
-1.4377
-1.431
-1.1865
-1.0117
-0.81543
-0.98945
-1.4102
-1.7799
-1.6777
-1.804
-1.2749
-1.1468
-0.93866
-0.96384
-1.5429
-1.7701
-1.7394
-0.86396
-0.76713
-0.79088
-1.1201
-1.0428
-0.92364
-1.1123
-1.2193
-1.2852
-0.24944
0.22924
0.60574
1.2139
1.3838
2.0579
1.3667
0.46304
0.14744
0.16859
0.40052
0.50593
0.77981
1.0533
1.3262
1.2619
0.3151
-0.25173
-0.43981
-1.4842
-1.9192
-2.2479
-1.827
-1.2216
-0.68132
-0.082329
0.10257
-0.020444
-0.48886
-1.0146
-1.3339
-1.1472
-0.54107
0.21945
0.059576
-0.25694
-0.9244
-0.66537
-0.077878
0.56166
1.3485
1.5902
2.3436
2.6146
2.5997
1.798
1.2289
0.68489
0.092001
-0.64015
-0.85443
-1.301
-0.96978
-0.17849
0.79828
1.7455
2.4181
2.0376
1.2462
-0.068814
-1.043
-1.1387
-0.65888
0.15114
0.46746
0.41494
0.26403
0.44302
0.42421
0.34074
0.37116
0.048153
-0.17563
-0.65127
-0.80605
-0.36173
0.093912
0.42064
0.21712
-0.092644
-0.33825
-0.44405
-0.89986
-0.98763
-0.96891
-0.61857
0.19549
0.25484
0.76229
0.77511
1.5909
1.9876
1.8353
1.2113
0.38338
-0.1325
-0.83802
-1.307
-1.4378
-1.2462
-1.2748
-1.0254
-0.76171
-0.30766
0.13191
-0.073326
-0.073388
-0.20571
-0.044137
0.014735
-0.22141
-0.41412
-0.31128
-0.35662
-0.19369
0
0.1349
0.28575
-0.015094
-0.48484
-1.1561
-2.429
-2.7928
-3.2221
-3.0519
-2.7872
-2.3793
-2.0146
-2.2001
-1.9105
-2.1783
-1.7406
-1.6382
-1.4203
-1.0682
-0.92661
-0.79976
-1.1914
-1.5718
-2.2642
-2.6068
-2.5054
-2.002
-0.99988
-0.65403
-0.76595
-1.1488
-0.83211
-0.63803
-0.44089
-0.11107
-0.35441
-0.056384
0.24617
0.43876
0.5957
0.38709
-0.29236
-0.74576
-1.1262
-0.95456
-1.0807
-0.60406
-0.020254
0.54995
0.45052
-0.14408
-0.70318
-0.37395
0.18776
0.5445
0.84064
0.94872
0.80338
0.78413
0.42472
0.23398
-0.31946
-0.5542
-0.51179
-0.74638
-0.21316
0.042597
-0.21272
-0.14866
0.12715
-0.042277
0.063229
0.084022
0.3976
0.72936
0.31115
-0.49537
-0.67749
-1.1635
-0.40576
0.26204
1.3614
2.107
2.3478
2.0164
1.4176
1.0977
0.84011
1.003
0.91893
0.91042
0.53372
0.23695
0.39706
0.66113
1.0967
0.78784
0.86636
0.54871
0.59388
0.90664
0.76418
0.69036
0.56922
0.54711
0.17514
0
-0.03118
0.108
0.35119
0.25692
0.13464
0.20735
0.87985
2.033
3.0777
3.6185
3.3873
2.9369
2.4533
2.3631
2.5745
2.4044
2.1705
1.8742
1.8334
1.8197
1.9366
1.9101
1.5255
0.80237
0.12657
-0.27678
-0.713
-0.83352
-0.77969
-0.38177
-0.012258
0.14645
0.18232
0.16951
-0.18098
-0.51712
-0.93524
-1.0284
-0.59648
-0.29761
-0.16636
-0.035594
0.05925
0.1539
-0.16563
-0.23653
-0.50851
-0.60325
-0.93493
-0.93568
-1.0078
-0.93801
-0.96337
-1.1202
-0.88384
-0.57476
-0.13209
-0.072275
-0.32635
-0.64298
-0.77952
-0.72169
-0.6021
-0.55562
-0.79426
-0.97322
-0.90346
-0.68162
-0.52075
-0.94599
-1.1712
-1.7367
-1.2924
-1.026
-0.72911
-0.81517
-1.051
-0.92415
-1.042
-0.92692
-1.0193
-1.2405
-1.4946
-1.5527
-1.6122
-1.7904
-1.6612
-1.3794
-1.1369
-1.3644
-1.9847
-2.5097
-2.7298
-2.7143
-2.1945
-1.9253
-1.9159
-1.5182
-1.3325
-0.95158
-1.1041
-1.1184
-0.7014
-0.6013
-0.31385
-0.72955
-0.83403
-0.96038
-0.97317
-0.82836
-0.81939
-0.46576
-0.61555
-0.49892
0.084241
0.32001
0.60505
-0.1532
-0.35458
-0.60582
-0.318
-0.29886
0.13958
-0.18828
0.47611
0.38516
0.58407
-0.39353
-0.74553
-0.72794
-0.50691
-0.12792
0.72283
0.7291
-0.15753
-1.429
-2.1862
-2.3091
-1.2974
-0.70712
-0.24618
-0.27499
-0.52501
-0.30528
-0.30647
-0.53116
-0.056075
0.19674
1.2672
1.3536
1.129
0.028238
-0.64941
-0.59259
-0.39463
-0.16886
-0.64593
-0.95239
-1.0053
-0.55653
0.60972
1.7106
2.1414
2.1025
1.2215
-0.13487
-0.29473
-0.15962
0.50166
1.0478
1.195
1.3649
0.84221
-0.1517
-1.4273
-2.0329
-1.6685
-0.46131
0.72053
0.92638
0.77505
0.83583
0.50483
0.1814
-0.38086
-1.2172
-1.7269
-1.5976
-1.4497
-1.7262
-1.4757
-1.1286
-0.4457
-0.18
-0.73053
-1.5008
-1.828
-1.1778
-0.41262
-0.35184
-0.21941
-0.28888
0.24963
-0.28176
-0.71317
-1.4434
-1.2733
-0.87233
-0.016579
0.93406
0.9234
0.30434
-0.71281
-1.2221
-1.395
-1.1656
-1.0625
-0.94659
-0.2529
0.19152
0.67128
0.70845
0.71639
0.15622
-0.26753
-0.5725
-0.15236
0.21987
0.76372
1.3673
1.9625
1.9491
1.4323
0.76431
0.28815
0.052085
-0.10359
-0.37352
-0.33318
-0.28057
0.11426
0.48035
0.33992
0.20067
0.099982
0.31142
0.57128
0.84215
0.88943
0.85042
1.1193
1.2646
1.3117
1.4324
1.3207
1.5518
1.7217
1.7943
1.916
2.2334
2.7588
3.041
2.8964
2.5197
2.2897
2.1455
1.682
1.5987
1.4907
1.4072
1.336
1.1531
1.2056
1.2461
1.0496
0.88972
0.8044
0.86993
1.1763
0.92639
0.39474
0.26834
-0.11542
-0.34751
-0.42631
-0.33715
-0.29938
-0.36586
-0.18364
-0.13168
-0.079316
-0.013271
0.27977
0.82918
0.76524
0.49862
0.21643
0.25796
0.40878
0.50596
0.64494
0.83988
0.96697
0.7206
0.3753
0.26488
0.47533
0.33642
0.33727
0.45077
0.77648
1.4996
1.5591
1.3772
0.89587
0.24207
0.11405
0.099894
0.51416
1.0861
1.3153
1.1011
0.70075
0.61485
0.81476
1.1286
1.4276
2.0254
2.3223
2.3051
2.0034
1.2058
0.53808
0.056529
0.32435
1.0271
1.7826
2.2261
2.2061
2.0746
1.7353
1.1072
0.59324
0.34378
0.61674
0.90145
1.0072
0.93578
0.70268
0.60586
0.46948
0.53454
0.22633
-0.10611
-0.10571
0
0.44588
0.61406
0.84608
0.72626
0.49103
0.33477
-0.025661
-0.24294
-0.58619
-0.72398
-0.709
-0.92137
-1.1829
-1.6688
-2.1897
-2.4459
-2.1659
-2.1979
-1.5858
-1.6072
-1.4066
-1.3301
-1.1312
-0.88393
-1.0421
-0.97966
-0.7707
-0.37891
-0.23208
-0.21976
-0.51262
-0.42713
-0.23189
-0.024416
-0.24427
-1.2343
-2.0182
-2.1672
-2.084
-1.6696
-1.4264
-1.6384
-1.8022
-2.0289
-1.4757
-0.90767
-0.27432
-0.025013
0.15056
0.15108
-0.12635
-0.69759
-1.1843
-1.2021
-0.989
-0.4129
-0.012965
0.29967
0.61552
0.75046
0.91346
1.3314
1.3392
1.3338
1.4641
1.3097
1.1398
0.66358
0.083516
-0.37846
-0.69175
-1.095
-1.0745
-1.6167
-1.8765
-2.5216
-2.7043
-2.4431
-1.9525
-1.4538
-1.405
-1.1243
-0.93203
-0.56407
-0.37934
0.015946
0.22523
0.34087
0.18016
0.033054
-0.43361
-0.94247
-1.3417
-1.3541
-0.91679
-0.34914
0
0.01778
0.44857
0.36214
0.31063
-0.35033
-1.0791
-0.82596
-0.79544
-0.05732
-0.019274
0.019441
0
0.11865
0.07976
-0.74387
-1.9052
-2.7172
-2.9239
-2.5937
-1.6725
-0.86349
-0.10607
0.87587
1.9144
2.1004
1.8307
0.83339
0.4413
0.4217
0.60266
0.65084
0.38352
-0.31742
-0.50119
-0.54923
-0.85037
-0.57691
-0.37063
-0.27897
-0.1866
-0.42114
-0.11731
0.14114
0.82524
0.73245
0.21304
-0.52158
-0.80715
-0.28519
-0.21407
-0.2142
-0.59521
-1.3334
-1.5952
-1.7136
-0.95148
-0.30899
0.40365
0.54545
0.49731
-0.18914
-1.0148
-2.002
-3.0316
-2.2742
-1.9176
-1.446
-1.2558
-1.5534
-1.6179
-1.7047
-1.8366
-1.3955
-1.1169
-0.74938
0.067864
0.85625
1.2344
1.4976
1.4024
1.4852
1.0596
0.76932
0.56905
0.3051
0.28209
-0.36731
-0.77451
-1.0497
-0.29864
-0.2549
0.35961
0.1264
-0.25177
-0.52243
-0.9575
-0.16588
0.33052
0.5557
1.21
0.9401
1.385
0.24363
0.10119
-0.7466
-0.96579
-0.96317
-1.0808
-0.59897
-0.25896
-0.019878
-0.15871
-0.59409
-0.29656
-0.13819
-0.039432
0.39388
0.82636
1.5925
2.0828
2.3176
2.1011
1.8654
1.5907
1.6502
1.5135
1.8489
1.3387
0.98542
0.31573
0
0.59381
0.91215
0.77487
0.5376
0.23949
0.060021
-0.12036
-0.74431
-1.2509
-1.3155
-0.97466
-1.1002
-1.7789
-2.3806
-2.6163
-2.1715
-1.3705
-0.50043
-0.29316
-0.10516
-0.48586
-0.50927
-1.1085
-0.89948
-0.64551
-0.73505
-0.4779
-0.72031
-0.74573
-1.3003
-1.5946
-1.313
-1.0734
-0.69656
0.067731
-0.431
-0.50139
-0.98452
-1.265
-0.99344
-1.2995
-1.1652
-1.4509
-1.0104
-0.68413
-0.56834
-1.1884
-1.7651
-1.819
-0.72035
-0.91525
-0.96623
-0.96888
-0.67995
0.12171
0.19516
-0.097774
-1.0285
-0.90749
-0.73684
-1.0082
-1.2308
-1.5767
-1.7255
-1.7262
-1.7512
-1.0606
-0.29592
0.1972
0.24636
-0.39387
-0.39349
-0.83522
-0.83413
-1.2738
-1.2962
-0.70797
0.51167
0.99689
1.2373
0.79871
0.14486
0.048162
0.1441
0.33529
0.33433
0.47621
0.59347
0.97029
1.3447
1.7167
1.43
0.95802
0.44253
-0.20894
-0.16198
-0.41519
-0.022993
0.25212
1.1424
2.0045
2.4754
1.0869
0.63221
0.20265
0.6063
1.1199
1.5416
1.694
1.8681
2.2636
1.8826
1.6802
0.57381
0.24239
0.22005
0.43955
0.72448
1.7108
1.6
1.6867
0.96348
0.28461
0.41596
0.28465
0.10952
-0.92046
-1.1624
-0.5927
-0.28569
-0.26406
-0.50686
-0.66223
-0.44231
-0.46538
-0.19989
0.40075
1.0491
1.5892
1.8183
2.0266
1.6266
1.3828
1.0237
0.86771
0.87107
1.1968
1.5021
2.0887
2.4008
2.2009
1.4583
1.7959
1.7807
1.9563
1.6782
1.036
0.79903
0.41369
0.7582
0.88496
0.7165
0.89397
0.64891
0.50168
0.30251
-0.40534
-0.91648
-1.3046
-1.465
-1.1619
-0.46688
-0.41684
0.15698
-0.18391
-0.18464
-0.39719
-0.21261
-0.93343
-1.1506
-1.2347
-0.67296
-0.37787
-0.054114
0.027117
0.1902
0.054436
-0.49065
-0.46396
-0.84686
-0.98414
-1.5315
-2.0241
-2.4067
-2.023
-1.4206
-0.73688
0.16354
0.16329
0.35315
0.9759
0.89245
1.1598
0.59165
0.18765
-0.69458
-1.3574
-1.7232
-0.95036
0.21025
0.47087
0.80698
0.25899
0.41219
1.4347
1.5795
1.8488
0.95663
1.326
1.1934
0.54346
-0.46628
-0.97512
-0.7022
-0.33668
-0.38213
-0.52177
-0.91849
-0.88865
-0.97527
-1.3834
-1.2363
-1.5912
-1.5349
-1.4121
-1.3132
-0.81788
-0.065861
0.54513
1.3429
1.5492
1.1758
1.1045
1.2454
1.0909
0.89671
0
-0.55658
-1.025
-1.2642
-0.77078
-0.58527
-0.20084
-0.43979
-0.97515
-1.4267
-1.3815
-1.1599
-1.2339
-0.91737
-0.097275
1.0668
1.1991
0.69444
-0.57731
-0.84486
-1.0732
-0.97561
-0.4966
0.057224
1.6195
1.8655
1.8261
1.3879
1.7296
1.9195
1.7297
1.8252
1.7881
1.9606
1.7146
1.6972
1.7375
1.8545
1.7808
1.8605
1.9023
1.7327
1.5434
1.2762
1.5505
1.5931
1.9284
1.4648
1.4884
1.2569
0.5515
0.53338
0.71333
0.63602
0.11963
-0.60001
-0.48153
-0.040255
0.32307
0.97231
1.1583
1.3046
0.79751
0.47178
0.10287
0.24764
-0.12418
-0.22833
-0.49956
-0.93923
-0.46039
-0.79723
-0.52577
-0.67456
-0.78169
-0.55045
-0.86974
-0.36129
0
0.17058
0.59791
0.064146
-0.17126
-0.10715
-0.30027
-0.30049
-0.62282
-0.47269
-0.19343
0.021495
0.42991
0.085969
-0.34378
-1.0953
-1.846
-1.1368
-1.1573
-0.94211
-1.2191
-1.7518
-1.1734
-0.66044
-0.10636
0.19114
0.1484
0.1693
0.1901
0.50593
1.4937
1.6585
1.3197
1.0242
1.1678
1.0195
1.4738
1.6567
1.3635
1.3602
0.86351
0
-0.71613
-1.5105
-1.6291
-2.0518
-2.5132
-2.8309
-2.4008
-2.174
-1.5868
-1.3429
-1.0801
-1.0579
-1.2551
-1.4316
-1.5679
-1.4661
-1.523
-0.98738
-0.55209
-0.3741
-0.43258
-0.68732
-0.1373
-0.058779
-0.58721
-1.6818
-2.6183
-2.3236
-2.0489
-1.5407
-1.3451
-1.2472
-1.3833
-0.89606
-0.54539
-0.3701
0.37014
-0.097425
0.17542
0.17548
0.13655
0.097589
-0.31248
-0.44951
-1.1344
-1.1354
-1.1953
-0.43152
-0.66762
-0.58976
-0.25587
-0.039416
0.15788
0.43477
0.89061
1.5064
1.4691
1.5709
1.6532
1.4765
0.97944
0.42053
-0.321
-0.88442
-1.2688
-0.92826
-0.24264
0.24314
0.56852
0.50868
0.14274
0.18393
-0.61446
-0.75954
-0.84357
-0.61866
-0.66143
-0.68369
-0.3115
0.33305
1.4188
1.1922
1.1112
-0.21017
-1.0745
-1.8374
-1.5456
-1.5282
-0.70221
-0.49066
-0.29943
-0.19299
-0.58046
-0.62509
-1.3615
-1.8852
-1.9772
-1.9172
-1.1578
-1.2486
-1.6694
-2.4671
-2.2973
-1.7943
-1.4218
-1.4704
-1.8322
-2.084
-1.8429
-1.6681
-1.5148
-1.7687
-1.5466
-0.43345
0.022882
0.068856
-0.46044
-0.92371
-0.92655
-0.62735
-1.0721
-0.5377
-0.46901
0.44693
0.47189
0.094666
0.26112
0.28572
-0.11941
-0.21558
-0.36036
-0.26503
-0.5316
-0.33926
-0.63182
0.24368
-0.024434
-0.073499
-0.5404
-1.1082
-1.4566
-0.89091
-0.49612
0.24862
1.5698
2.2973
2.6522
2.6323
2.4865
2.0129
1.5878
1.3126
1.264
1.4176
0.68434
-0.22838
-0.38102
-0.15255
0.50891
0.73843
0.40765
-0.10196
-0.10199
-0.48458
-0.58665
-0.63766
-0.71408
-0.15298
-0.22938
0.2038
-0.050919
0.33073
0.78802
0.76189
0.73572
0.53215
-0.20247
-1.1121
-1.2366
-1.1843
-0.67923
-0.22602
0.22561
1.0008
1.2984
1.2709
1.2184
0.62028
-0.049511
-0.51866
-1.2566
-0.44244
0.26972
1.0028
1.5126
1.679
2.1843
2.4448
1.1588
0.12039
0.07204
0.47898
1.5286
2.0485
1.5204
1.3031
0.42532
0.56559
0.18803
0.56262
0.67806
0.93285
1.1631
0.7193
0.43977
0.48487
0.71403
1.2408
0.87114
1.0064
1.2551
2.2542
2.5447
2.9701
2.6472
1.8967
1.2845
-0.089964
-0.51632
-0.53777
-0.2684
0.022327
-0.13373
-0.28927
-0.04443
0.3327
0.11073
-0.199
-0.35326
-0.52912
-0.85859
-1.0772
-1.6246
-1.2278
-0.89774
-0.15307
0.087359
0
0.91496
1.0661
1.2169
0.62941
-0.15174
-1.2557
-1.5785
-1.7062
-1.6609
-1.8096
-1.5922
-1.2678
-0.83695
-0.94301
-1.0916
-0.83358
-0.49091
-0.29839
0.085131
0.76504
1.4641
1.6313
1.3114
0.54907
0
-0.21047
-0.44122
-0.33557
0.37683
0.96121
1.1054
1.4571
1.2257
1.2647
0.80688
0.2271
-0.30902
-0.98671
-1.3332
-1.1665
-1.3476
-1.3241
-1.3007
-1.4192
-0.91019
-0.54479
-0.46295
-0.62244
-0.94136
-0.83912
-0.89681
-0.23855
-0.019829
0.19779
0.27621
0.43295
0.8441
0.82241
0.56644
0.077937
0.2138
0.31023
0.96713
1.4279
1.4246
0.80668
0.70903
0.24856
0.038156
-0.34267
-0.93086
-1.1375
-1.2866
-0.9253
-0.9801
-0.50797
0.22537
1.2374
1.6285
2.1679
2.0154
2.3107
2.0471
1.5799
1.5409
1.4464
1.7413
2.0913
2.034
1.94
1.8094
1.3101
0.99585
0.73733
0.75547
0.97629
0.82875
0.57084
0.55239
0.57082
0.81027
1.0499
0.68166
0.5713
0.23967
0.2029
0.055365
0.33239
0.79459
1.165
1.314
1.2966
1.3534
1.0021
0.50157
0.37193
0.26064
0.44733
0.89573
1.2705
1.6089
1.5173
1.4068
1.2209
0.92161
0.99824
0.8299
0.77442
0.96468
0.83347
0.79674
0.7029
0.24732
-0.26673
-0.87765
-1.2801
-1.4541
-1.2071
-0.90175
-0.61481
-0.59642
-0.5587
-0.28937
0.4636
0.34814
0.50351
0.5429
0.69886
0.46645
-0.2724
-0.58436
-0.60448
-0.078078
0.13677
0.1369
-0.1566
-0.70532
-1.2549
-2.1586
-2.2192
-2.26
-1.7109
-1.5349
-1.2798
-0.9653
-0.88695
-0.65073
-0.92719
-1.2038
-1.5399
-1.5403
-1.3037
-1.5214
-1.4624
-1.4626
-0.94887
-0.41518
0.25704
0.39546
0.63276
0.63276
0.92935
0.88977
0.43497
0.13839
-0.13838
0.059298
-0.019764
-0.69164
-1.7387
-2.3706
-2.548
-2.0342
-1.5402
-0.90817
-0.13818
0.19736
0.39467
0.82868
0.45373
0.57202
0.5325
1.0452
1.3408
0.84779
0.33514
0.43369
0.61107
1.2418
1.9317
1.4192
1.3009
0.39424
-0.6111
-0.92657
-1.0449
-0.80844
-0.51274
-0.47337
-0.078907
0.29596
0.078938
-0.21713
-0.4541
-0.6517
-0.019754
0.23711
0.098827
-0.43498
-1.1867
-1.7608
-2.0385
-2.5936
-2.5549
-1.9615
-1.5063
-0.91208
-0.97193
-0.53575
-0.17865
0.49643
0.53634
0.25833
0.39757
0.6562
0.97467
1.0148
0.83592
0.91577
1.2545
1.7726
1.8327
1.3349
1.0561
0.39857
-0.39859
-0.77727
-0.95662
-0.45835
-0.11956
0.079692
0.737
1.1152
1.6324
1.7712
1.2731
0.13918
-0.69553
-1.2115
-1.2504
-1.5271
-2.0411
-2.0394
-2.0573
-2.0947
-1.6187
-1.7154
-1.1225
-0.43269
-0.078562
0.58836
0.54829
0.21505
-1.132
-1.8314
-1.6724
-0.98985
-0.65857
-0.1353
-0.23144
-0.51957
-0.76793
-0.78523
-0.70685
-0.80029
-0.76016
-0.37904
-0.68035
-0.50879
-1.1461
-0.91781
-0.82159
-0.22335
-0.16697
-0.70264
-1.4742
-1.9466
-1.4822
-0.69286
-0.29067
-0.32579
-0.45077
-0.80829
-0.4652
-0.10693
-0.14201
-0.26519
-1.1093
-1.5957
-1.8859
-1.9997
-1.9566
-2
-1.6481
-1.1452
-0.62969
0.033889
0.32053
0.067182
-0.3177
-0.5327
-0.62977
-0.85796
-1.1662
-1.161
-0.61861
-0.43758
-0.62925
-1.1083
-1.7431
-1.5603
-1.0937
-1.1836
-0.83278
-1.2829
-0.98137
-0.82207
-0.41701
-0.2307
-0.79642
-0.9304
-1.5038
-1.3011
-1.2959
-1.5159
-1.7193
-2.1595
-2.181
-1.9807
-1.8556
-2.0104
-1.9886
-1.8506
-1.612
-1.1435
-0.86562
-0.67592
-0.48745
-0.55745
-0.14252
0.11369
0.3543
0.67844
0.40883
-0.21094
-0.58921
-1.1197
-0.74018
-0.32053
0.23644
0.97172
1.0115
1.494
1.533
1.379
0.89511
-0.30257
-1.2638
-1.6467
-1.7137
-1.3561
-1.2593
-0.94389
-0.56058
-0.5877
-0.68318
-0.80603
-1.1475
-1.3525
-1.7627
-1.4899
-0.91621
-0.27364
-0.027383
-0.095914
-0.054857
0.4393
0.19241
-0.27522
-0.71655
-0.552
-0.096755
0.083075
0.43
0.72269
1.3091
1.7306
1.9723
1.8929
1.6306
1.367
1.4696
1.4596
2.0892
2.4803
2.5309
2.1804
1.8998
1.5596
1.3042
0.6399
0.33572
0.11721
0.058828
-0.014765
-0.014823
-0.14883
-0.10461
-0.015008
0.39186
0.5752
0.98821
1.2217
1.5186
1.7566
1.935
1.7729
2.1093
2.1977
2.5866
2.7416
2.293
1.68
0.9968
0.7593
0.90909
0.78301
0.47537
0.016472
0
-0.316
0.066848
0.30226
0.79302
0.33906
-0.4088
-1.1295
-1.1519
-0.34544
0.39908
1.2549
1.3831
1.3892
1.095
-0.31926
-0.65903
-1.0016
-0.70037
-0.39666
-0.19911
-0.12719
-0.10943
-0.29287
-0.69805
-0.40554
-0.20345
0.25979
1.4147
1.4191
2.0038
1.5212
1.2806
0.71751
0.37859
0.03795
0.28528
0.05718
0.21009
-0.72718
-0.90104
-0.71054
0.019234
0.32746
0.44364
0.19312
-0.21267
-0.75476
-0.98786
-1.1049
-1.4354
-1.8243
-2.2133
-2.6024
-2.3309
-2.2728
-2.2727
-2.6025
-3.0096
-2.6591
-1.9207
-1.3573
-0.85257
-0.42596
0.07738
0.59912
1.0039
0.75208
0.2889
0.28852
0.057624
0.30687
0.076598
0.2103
-0.038171
0
0.89377
0.70226
0.81452
0.056711
-0.56592
-0.94117
-0.97666
-0.58092
-0.18696
0.16787
0.76291
0.96524
1.1295
0.70186
0.46058
0.29401
0.14662
-0.29248
-0.21878
-0.49094
0.19948
0.43405
1.1002
1.2052
1.8835
1.5564
0.96337
0.12454
-0.053227
0.3008
1.147
2.0061
2.5271
2.4328
2.1993
2.0019
1.8229
1.3852
1.1743
1.1368
0.97927
0.89107
0.88881
0.95477
1.4626
1.4421
1.4047
0.8273
0.45478
0.30248
-0.1006
-0.066912
0.25036
0.69949
1.0802
1.9403
1.8039
1.8332
0.77469
0.11516
0.18061
0.22944
0.67071
0.63686
0.30973
0.42312
0.081234
0.048662
-0.40488
-0.92172
-1.2756
-1.7413
-1.755
-1.415
-1.0919
-0.73773
-0.78487
-0.99192
-1.5181
-1.9155
-2.1526
-2.3893
-2.1005
-1.5898
-1.1595
-0.95213
-1.316
-0.85548
-0.49072
-0.36381
-0.2529
-0.12636
0.26834
0.47323
0.85129
0.94532
1.2912
1.92
1.337
1.415
0.92715
0.69111
0.61231
0.2354
0.1255
-0.047042
-0.3135
-0.2507
1.441
