-1.1195
-1.0259
-1.1362
-1.2639
-1.7633
-1.6622
-1.3811
-0.75863
-0.54272
-1.0108
-0.89714
-0.019842
0.83358
1.2088
0.93731
-0.24938
-0.7373
-1.2714
-0.64826
-0.57537
-0.18105
0.14711
0.9048
0.68063
1.1314
0.87445
0.74717
1.0383
0.9101
1.1528
1.4291
1.4287
1.7267
1.2279
1.1095
0.98082
1.1507
1.1727
1.3181
1.0957
0.94322
0.89067
0.57756
0.60443
0.49168
0.73881
0.8906
1.1409
1.1855
1.4107
1.5046
1.5514
1.3801
1.1842
0.89236
0.83618
0.95894
1.1861
1.1936
1.1384
0.96972
0.91783
0.85919
0.36719
0.24445
-0.35251
-0.41436
-1.0644
-1.4212
-1.6283
-1.3706
-1.3954
-1.4682
-1.1675
-1.0593
-0.13481
-0.19182
0.19858
-0.6167
-0.3094
-0.59979
-0.72257
-1.5323
-1.8609
-1.6398
-0.66624
-0.88935
-0.45086
-0.66988
-0.95853
-0.61942
-1.198
-0.66582
-0.71155
-0.064023
0.73105
1.1313
1.4749
0.40297
-0.015623
-1.0163
-1.1339
-0.90563
-1.1765
-0.92898
-1.2027
-1.4139
-1.4989
-1.2911
-1.0322
-0.68638
-0.49533
-0.40613
-0.7264
-0.81825
-1.277
-1.3151
-1.7774
-1.5997
-1.6986
-1.1984
-0.92211
-0.21796
0.079542
0.45576
0.98007
0.84719
0.82728
0.74956
-0.070953
-0.17216
-0.62838
-0.75425
-1.2529
-1.8186
-2.2114
-2.3611
-1.952
-1.6677
-1.1721
-0.66915
-0.40658
0.31219
0.34298
0.87136
0.84616
0.80335
0.77676
0.52842
-0.021512
-0.33648
-0.87504
-1.3962
-1.5519
-1.0231
-0.99189
-0.63437
-0.66375
0
0.53653
1.1077
1.2745
1.5498
1.4701
1.202
0.60508
0.093724
-0.20088
-0.55507
-0.82019
-1.1468
-1.1099
-1.3471
-1.5741
-1.6245
-1.2858
-1.0722
-1.0491
-1.0178
-0.99413
-0.64624
-0.60644
-0.61804
-0.62027
-0.91435
-0.88464
-1.1565
-0.95381
-0.9572
-0.96942
-1.1933
-1.3151
-1.3259
-1.3313
-1.3613
-1.2942
-1.2797
-1.2708
-1.3346
-1.0821
-1.1438
-1.0121
-1.2292
-1.1691
-1.2301
-0.89356
-0.71405
-0.22726
-0.5286
-0.17399
0.76536
1.092
1.2841
-0.23679
-0.71316
-0.89941
-0.72487
-1.3406
-0.71101
-0.7145
0.7833
-0.13597
-1.2866
-1.9191
-1.2034
-0.69565
-0.98262
-1.2272
-0.72998
-0.65262
-0.39413
0.26528
0.1429
0.60875
-0.10715
-0.41563
-0.3539
-1.286
-1.34
-1.7906
-1.8429
-1.5941
-1.6014
-0.72047
-0.18638
-0.44267
0.28798
-0.14973
1.4892
-0.095836
0.097857
-0.3957
-0.36266
-1.271
-0.66907
-1.079
-0.17741
-1.0979
-1.3593
-1.5082
-1.0171
-0.68916
0.041781
0.51057
1.6253
1.8768
1.5045
0.60013
0.057896
0.040826
0.29422
0.44502
0.99626
0.83299
0.77839
0.44232
0.78235
0.8611
1.5979
1.7734
2.0636
1.5718
1.4485
1.0718
1.1553
1.0553
0.9718
0.7548
0.72594
0.63174
0.6912
0.86855
1.233
0.95044
0.91206
0.62285
0.48565
0.59502
0.30221
0.95035
1.6074
1.896
1.2024
0.34484
0.054913
-0.56759
-0.23438
0.51354
1.0264
1.4063
1.1465
0.60212
1.4276
1.1325
1.2718
0.57975
-0.36817
-0.77912
-1.0263
-0.058871
0.55086
0.53586
-0.25801
-0.021445
0.29334
0.90974
1.0607
1.1705
1.918
1.7394
1.8474
1.6648
1.331
0.85674
0.084866
-0.48133
-0.72814
-0.87511
-0.81967
-0.52302
-0.28383
0.75316
0.87407
1.5447
1.137
1.3766
1.3181
1.4199
1.3858
1.7763
0.87266
1.0253
0.49945
0.15253
-0.51982
-0.60321
-0.25919
1.0895
0.84909
0.6991
0
0.15681
0.35037
1.2645
1.1786
2.2235
1.1777
1.2635
0.54472
1.4115
0.85909
0.32025
-1.1242
-1.4081
-1.2729
-0.53184
-0.058991
0.061892
0.58042
0.63254
0.81576
1.2678
1.2608
0.93579
1.0671
0.15448
-0.52557
-0.41029
-1.2223
-0.59078
-0.72353
-0.32643
-0.87848
-0.63091
-0.99719
-0.81366
-0.92744
-1.2146
-1.671
-1.9537
-1.758
-1.4321
-1.3525
-1.4782
-1.0647
-0.3993
0.026723
-0.11311
-0.14722
0.36079
0.36058
0.64619
0.056217
-0.026395
0.21965
-0.51335
-1.1563
-2.0258
-2.0802
-1.6011
-1.271
-0.97983
-1.0882
-1.0543
-1.0867
-0.5496
-0.94289
-0.89526
-0.96236
-0.94767
-1.014
-1.1277
-1.0491
-0.83632
-0.76807
-1.1005
-0.82058
-0.64283
-0.81641
-1.1333
-1.5082
-1.0756
-0.29608
0.22607
1.0965
0.44879
1.4958
-0.45676
-0.70255
-0.75743
-0.47306
0.1379
-0.07706
-0.45499
-1.5455
-1.7689
-1.355
-0.98754
-1.0027
-0.84557
-1.5064
-1.2525
-1.5675
-1.1815
-0.77898
-0.63597
-0.38046
-0.12639
0.3611
0.35385
1.0668
0.67387
0.93221
0.9752
1.0747
1.2017
0.93227
1.0032
1.2311
1.424
1.5047
1.3484
1.2365
1.1623
1.0504
0.99015
0.84869
0.87891
0.83462
0.86636
0.84655
0.92494
1.0201
1.0499
1.1274
1.1109
1.1748
1.1098
1.1533
1.0537
1.2208
1.2498
1.3876
1.2412
1.1319
1.0417
1.0146
1.0727
1.1064
1.1096
0.93409
0.95349
0.9224
1.1471
1.1583
1.2478
1.0092
0.86882
0.86765
0.86384
0.93025
1.0073
1.0956
1.3277
1.6413
1.6285
1.3864
1.1645
0.72176
0.69683
0.61756
0.29201
0.2791
0.17677
0.31855
0.89145
1.4781
1.9067
1.9667
1.8311
1.2893
0.99437
0.66999
0.4587
0.20677
-0.018106
-0.20876
0.71313
1.0072
1.8838
1.6847
1.1124
0.52287
0.34422
-0.37823
-0.50795
-1.2078
-0.94658
-0.82794
-0.16701
0.38064
0.55963
0.23228
-0.85701
-1.3586
-2.0848
-2.036
-1.8696
-1.7413
-1.6457
-0.92436
-0.62328
-0.14723
0.044587
-0.14874
-0.54518
-0.49084
-0.75562
-0.21496
-0.2817
-0.54663
-0.79395
-1.4304
-1.6345
-1.8003
-1.562
-1.5993
-1.8445
-1.7143
-1.7687
-1.1255
-0.76808
-0.45694
-0.47706
-0.41194
-0.22382
0.13745
-0.45137
-0.64081
-1.3416
-1.5716
-1.2786
-1.4293
-0.87364
-0.17369
1.1549
1.7047
0.87531
-0.032896
-0.69249
-0.52251
-0.095895
0.46421
-0.05934
-0.93087
-1.4917
-1.3513
-0.37485
-0.48152
-0.65372
-1.6777
-1.6907
-2.0609
-1.0402
-0.76878
0.094851
0.30373
0.11819
-0.20982
-0.59919
-0.72657
-0.75681
-0.91446
-1.1833
-1.4204
-1.6064
-1.6488
-1.5226
-1.4751
-1.3167
-0.9963
-1.1269
-0.76061
-1.1388
-0.96133
-1.0757
-1.0704
-0.9058
-0.74207
-0.90471
-0.75187
-0.63216
-0.92747
-0.93911
-0.87221
-1.1141
-0.46421
-0.66158
0.6732
0.78229
1.4684
0.91814
0.7823
0.60254
1.1636
1.351
1.4168
1.3344
0.86208
1.0659
0.57945
0.42396
0.32777
0.71398
0.88853
1.3818
1.4215
1.5804
1.6233
1.6158
0.8523
0.77582
0
-0.19125
-0.19873
-0.27028
-0.54595
-0.82483
-1.2659
-1.4383
-1.4535
-1.1023
-0.791
-0.64276
-0.87507
-0.98914
-1.0595
-0.8893
-0.93939
-0.88143
-1.0009
-1.1602
-1.2287
-1.3255
-1.3405
-1.3936
-1.3697
-1.3096
-1.2255
-1.1253
-0.97609
-0.88833
-0.7649
-0.82427
-0.75227
-0.95611
-0.94204
-1.048
-1.1676
-1.2013
-1.2636
-1.2805
-1.2616
-1.2542
-1.1397
-1.0891
-1.1063
-1.248
-1.3222
-1.1704
-1.0932
-0.74744
-0.87277
-0.79652
-0.78063
-0.77664
-1.2271
-1.1063
-1.4319
-0.90965
-0.47622
-0.79928
-1.2611
-1.3629
-0.95736
-0.35427
0.39987
0
0.78481
-0.36665
-0.30932
-1.5534
-0.8254
-1.1315
-0.86515
-0.9581
-1.5007
-1.6683
-2.1328
-1.381
-0.85242
-0.28202
-0.3855
-0.71103
-0.78676
-0.40245
0.22187
0.55501
1.5315
1.742
1.0701
0.74838
-0.247
-0.55569
-0.79432
-1.1404
-0.9338
-1.121
-0.16932
0.37094
0.58155
0.65937
0.7019
1.2754
1.3336
1.5661
1.6206
1.5172
1.4146
1.2089
1.0733
1.6107
0.95638
0.93178
0.20427
0.035335
-0.036501
-0.52496
-0.68949
-0.62295
0.19712
1.1749
0.88474
0.91472
1.1125
1.6136
2.5469
1.7994
1.1285
0.25577
-0.28743
0.24617
0.025186
1.1262
0.41264
0.10292
-0.33017
-0.27287
-0.71974
-0.8052
-1.3148
-1.0181
0.13758
0.92927
1.9714
2.3576
1.6266
1.0541
0.38231
0.21322
-0.16555
-0.47016
-0.51146
-0.17961
0.69119
1.1828
1.3173
1.2571
1.5254
1.2701
1.0809
0.66592
0.51544
0.72816
0.74565
1.0785
1.5991
1.5538
1.5462
0.95492
0.74405
0.66523
0.95818
1.0722
0.81382
0.74273
0.76892
0.94887
0.96419
0.54233
-0.17445
-1.0751
-1.5044
-1.4564
-1.5784
-0.95409
-1.1038
-0.99065
-1.2117
-1.0838
-0.58041
-0.24887
-0.39378
-0.46065
-1.0665
-0.70813
-1.1384
-0.66836
-1.1593
-1.3753
-1.9923
-1.706
-0.94078
0.298
0.1675
0.31422
0.78316
0.20456
-0.29218
-1.0444
-0.1432
0.056297
-0.44138
-1.107
-1.9825
-1.8141
-0.94238
-1.0795
-0.52115
-1.0576
-1.1966
-0.99457
-1.3723
-0.45284
-0.68135
-0.43752
-0.94123
-0.88704
-0.020709
-0.19654
0.49954
0.74359
1.2533
0.75815
1.4951
1.0368
1.5744
1.3904
1.2192
1.0793
0.84429
0.81044
0.88272
0.83991
0.75469
0.6319
0.73121
0.92573
0.96633
0.99963
0.91484
1.3422
1.6711
1.7189
1.8319
1.6297
1.4424
1.1651
0.72194
0.37355
0.3661
0.11321
0.47336
0.56975
0.99789
1.0047
1.2312
1.4038
1.2002
1.4849
1.2331
1.0777
1.0688
0.65344
0.48564
0.39141
0.44606
1.2682
1.366
2.0816
1.6392
1.1093
0.95977
-0.11563
-0.11843
0.11979
-0.19137
0.66048
0.20703
-0.35562
0.21332
-0.7749
-0.9735
-1.4334
-1.7146
-1.9983
-1.8224
-1.8132
-0.97984
-0.7943
-0.031564
0.5976
0.72176
0.95446
0.71618
0.26239
0.44158
0.22407
-0.058269
-1.1016
-1.4575
-1.9489
-1.3146
-1.3398
-1.1199
-1.1147
-0.66017
-0.19167
0.28309
0.35169
0.57794
0.82929
1.1024
1.5343
1.4832
1.887
1.7648
1.5637
1.2869
0.8775
0.43861
0.13491
-0.46607
-0.88059
-1.0495
-1.2134
-1.3245
-1.0855
-0.47723
0.44267
0.84261
0.66285
0.48167
-0.13442
-0.67322
-0.20558
0.54686
0.92166
1.7237
1.568
2.1339
1.837
1.5255
0.75907
0.44487
-0.060598
0.24655
0.49283
0.8082
1.5133
1.3067
1.2443
1.1295
0.54106
0.71301
0.32804
0.50307
0.56078
0.79761
1.236
1.7747
1.8749
1.3832
0.74728
-0.075578
-0.26279
-0.79206
-0.84689
-0.17375
0.29424
1.2713
1.32
0.97648
1.4703
1.0315
0.32397
-0.11625
-0.021528
0.13887
0.67528
0.50429
0.88599
0.9836
1.1537
1.7617
1.9701
2.0143
1.5513
1.1995
0.75994
0.38259
0.14111
-0.071989
-0.39351
-0.46779
-1.1068
-1.4492
-1.5203
-1.4219
-0.86145
-0.80785
-0.94811
-0.68616
-0.77753
0.43511
0.4739
1.3739
1.0892
1.2724
1.2201
0.87142
1.2748
1.1177
1.3434
0.64055
0.19345
0.13945
-0.55535
-0.68091
-1.6088
-1.4154
-1.795
-0.56054
-0.9266
-0.025586
-0.67475
-0.67858
-0.64992
-0.92271
-0.97525
-0.48296
-0.73909
-0.15334
-0.84588
-1.5078
-1.5527
-1.2125
-0.62868
-0.38222
-0.80038
-0.87189
-0.97457
-1.0231
-1.1049
-1.3912
-1.4534
-1.4048
-1.0627
-0.87566
-0.69755
-0.71762
-0.68222
-0.93129
-0.93621
-0.92469
-1.1398
-0.96508
-1.1592
-0.81786
-0.89549
-1.0666
-1.3076
-1.4926
-1.4822
-0.87892
-0.88809
-0.96983
-1.2544
-1.0432
-1.0115
-0.76641
-0.77333
-0.41229
-0.57464
-0.1999
-1.2838
-1.4056
-1.9223
-0.77056
-0.17827
0.38526
0.16525
-1.151
-1.4121
-1.7507
-0.88083
0.020717
0
-0.41699
-0.59785
-1.1749
-1.205
-1.0047
-0.60092
0.29003
0.85789
1.2579
1.6413
1.6228
1.8676
0.87296
0.78121
0.24942
-0.041364
-0.49448
-1.2596
-1.1193
-1.1975
-0.84111
-0.48697
0.28339
1.0915
1.2261
1.1877
0.4877
0.91295
1.1259
1.8566
1.8324
1.6088
1.1796
0.81306
0.35626
0.92008
0.20953
0.082149
-0.41333
-0.69726
-0.24906
0.17973
0.92223
1.6226
1.6785
1.7819
1.739
1.6723
1.3372
1.0426
0.95977
0.87052
0.7589
0.38016
-0.13787
-0.45129
-1.1965
-1.5207
-1.5416
-1.2698
-0.97686
-1.0044
-0.59071
0.10772
0.3378
0.46964
0.75763
1.2762
1.2938
1.3463
0.56953
0.48881
-0.31549
-0.58236
-1.1053
-1.4721
-1.7834
-1.7109
-2.0991
-1.3206
-1.2795
-0.62126
-0.52785
-0.55823
-0.080379
0.16537
0.33854
0.65994
0.95595
1.2768
1.6731
1.381
1.0335
0.85897
0.86216
0.77262
0.86201
0.97016
1.1083
1.1146
1.0446
1.0685
1.0298
0.99527
0.7843
1.0841
1.058
1.2952
1.2724
1.1674
1.1674
0.92804
0.48004
0.12538
-0.33501
-0.68258
-1.0234
-1.381
-1.4159
-1.2716
-1.4375
-1.65
-1.7066
-1.0791
-0.75955
-0.091019
-0.28667
-0.46087
-0.47309
-1.1035
-1.1417
-1.6799
-1.6348
-1.1957
-0.57884
-0.39959
1.0598
0.51258
0.26391
-0.67204
-1.8403
-1.0767
-0.26444
0.28237
0.78843
0.77233
1.3218
0.82322
0.40137
-0.68941
-1.2396
-1.6245
-1.1664
-0.95102
-0.58512
-0.79177
-0.93254
-1.0409
-1.0868
-0.89919
-0.75721
-0.89561
-1.088
-1.211
-1.2262
-1.2963
-1.2831
-1.4346
-1.3314
-1.0863
-0.79846
-0.356
-0.51986
-0.91711
-1.4686
-1.5427
-1.0907
-0.81533
-0.50639
-0.28688
-0.53539
-0.31503
-0.6672
-1.4299
-1.3722
-1.5384
-1.3421
-1.0094
-1.0825
-0.73317
-0.84225
-0.26586
-0.15587
0.10234
0.51899
0.93885
1.6511
1.6756
1.9167
1.4347
1.3334
1.2596
0.91257
0.6609
0.76972
0.61931
0.84634
0.57991
0.51953
0.67526
0.88837
0.91795
1.3311
1.4523
1.633
1.5602
1.5766
1.3999
1.6053
1.1795
0.7729
0.65104
0.34693
0.3239
-0.069748
-0.1768
-0.42682
0.26653
0.2473
1.1381
1.5953
1.7536
2.0855
1.8435
1.7816
1.0716
0.80623
-0.16066
-0.38301
-0.52269
-0.01911
-0.50791
-0.81647
-1.2133
-1.1039
-1.1106
-1.2771
-0.82193
-0.59263
-0.060843
-0.32169
-0.99629
-1.3038
-1.8812
-1.7698
-1.8533
-1.2065
-1.0054
-0.16872
-0.44313
0.1449
-0.4068
-0.12035
-0.26624
0.16046
1.0339
1.2743
1.5932
1.7499
1.5012
1.5274
1.4455
1.0966
1.0988
0.6989
0.60046
0.43738
0.38063
0.72036
0.85872
1.3525
1.5419
1.2195
0.81757
0.56519
0.54659
1.0992
1.0612
1.4568
1.8606
1.3152
1.0075
-0.3003
-0.54637
-0.85606
-0.15946
-0.21111
-0.67016
-0.96703
-1.2804
-1.5759
-1.5407
-1.1521
0.51982
0.9067
1.033
0.16528
0.13823
-0.081351
-0.23055
-0.54011
-1.2707
-1.5767
-1.7601
-1.6823
-1.3922
-1.2592
-1.4662
-1.2751
-0.87034
-0.74521
-0.48844
-0.81402
-1.0666
-1.0919
-1.1107
-0.77163
-0.39215
-0.16922
-0.31887
-0.3525
-0.58297
-0.83593
-1.2451
-1.6103
-1.9832
-1.8595
-1.2542
0.029747
0.69565
1.4575
1.1212
0.81359
0.45217
0.57445
0.97491
0.73177
0.38524
-0.36797
-0.81353
-1.4602
-1.1813
-1.4901
-1.0545
-1.3136
-1.2359
-1.2829
-1.3713
-0.82709
-1.2558
-1.2581
-1.043
-1.1191
-0.061978
-0.044022
-0.74456
-1.1926
-0.95514
-1.1003
-0.41042
-0.86091
-1.1821
-1.0161
-0.33624
-0.14752
0.68912
0.18332
0.51173
0.98572
1.5172
1.8046
1.7343
1.7533
1.8271
1.332
0.79455
0.5876
0.35906
0.12867
0.10606
0.35793
0.50324
1.226
1.1039
1.2506
1.1274
1.2136
1.0633
1.8087
1.7283
1.5362
1.2405
1.0942
1.0174
1.2251
0.61477
0.66869
0.37681
0.15054
0.42335
0.98598
0.79587
0.41893
0.19805
0.74568
1.8143
1.8158
1.6693
0.56789
0.52184
0.41763
1.0057
1.4315
1.4914
1.5443
1.0691
1.0367
0.95976
-0.11889
-0.60971
-0.99248
-1.0007
-0.39575
0.18569
0.46664
0.43645
0.11597
-0.752
-0.60361
-1.5511
-1.7598
-1.9653
-1.8352
-1.1833
-1.2428
-0.4135
-0.62938
-0.41559
-0.15036
-0.60469
-0.81028
-1.3218
-1.2061
-0.4249
-0.18671
0.77843
0.8929
1.3404
1.0493
0.36428
-1.1201
-1.3945
-1.6372
-1.2774
-1.0188
-1.1249
-0.7691
-0.72962
-0.13836
0.4072
1.183
1.4275
1.4004
0.84825
0.52528
-0.13128
0.29615
0.42641
1.5482
1.4224
1.2803
-0.77489
-1.2483
-1.4221
-0.19127
-0.27051
0.18568
-0.33489
-0.99126
-1.0632
0.08938
0.86055
1.1571
-0.091308
-0.84899
-1.5481
-1.4735
-1.2424
-0.8978
-0.55593
-0.7924
-0.93669
-1.6034
-1.4676
-1.152
-0.98938
-0.77794
-0.56672
0.27186
1.2634
1.6409
1.5754
1.1663
0.41156
0.13161
-0.40278
-0.70967
-1.0364
-0.79434
-1.1898
-1.0505
-1.1451
-1.3739
-1.0174
-1.1679
-0.76257
-0.4732
0.19321
0.89381
1.2762
1.3241
1.0176
0.90553
0.87302
0.88085
0.88442
1.2926
1.2877
1.3639
1.2462
0.96376
0.83859
0.68146
0.44667
0.52116
0.70951
0.87126
1.0738
1.0466
1.2388
1.253
1.2398
1.2249
1.1212
1.1859
1.192
1.3834
1.3398
1.3314
1.265
1.1737
1.1165
1.0663
0.93969
1.0751
0.89181
1.0381
0.95947
1.2096
1.4154
1.4037
0.91095
0.39157
0.053264
0.40369
0.46968
0.48824
1.592
1.2325
2.078
0.84272
0.5794
0.75407
0.38366
1.6144
0.038145
0.19593
-0.43753
0.079806
0.47497
0.5827
0.075507
-1.0546
-1.7379
-1.6828
-1.4951
0.029268
-0.027404
0.691
0.047723
-0.13337
0.24844
0.86814
1.3675
1.8649
1.8381
1.2799
1.0623
0.37568
0.12178
-0.37817
-0.46413
-0.67162
-0.77796
-0.89866
-0.89388
-1.085
-1.2115
-1.3357
-1.1681
-1.1405
-1.0865
-1.1973
-1.4194
-1.3915
-1.3985
-1.2569
-1.0835
-0.86693
-0.78572
-0.73791
-1.0729
-1.1864
-1.0704
-1.1074
-0.89088
-1.1258
-1.0422
-0.83671
-0.66152
-0.7953
-1.0997
-0.89044
-0.72975
-0.56303
-0.71464
-1.2311
-1.443
-1.6222
-1.6681
-1.5019
-1.4879
-1.1511
-0.68738
-0.55176
-0.21439
-0.44019
-0.40654
-0.53187
-0.80194
-0.7835
-0.96106
-1.072
-1.0467
-1.1913
-1.217
-1.3689
-1.4509
-1.3999
-1.3301
-1.2756
-1.1761
-1.1723
-1.158
-1.133
-1.1508
-1.0238
-0.87912
-0.99999
-0.95849
-0.91205
-0.8643
-0.84676
-1.0764
-1.0548
-0.99469
-1.1581
-1.2891
-1.5153
-1.377
-1.447
-1.1944
-0.94771
-0.51709
-0.5715
-0.57193
-0.78597
-0.59759
-0.51962
-1.156
-1.4528
-1.9467
-1.6024
-1.4665
-1.0376
-0.02643
0.28685
0.79997
0.48816
0.27109
-0.13879
0.41908
0.069125
0.6397
0.12933
-1.0736
-1.1815
-2.0157
-1.6715
-1.594
-0.64162
-0.49573
0.33185
0.32688
0.41918
0.72832
0.64523
1.2102
1.0217
1.6147
1.482
1.4595
1.0925
0.79606
0.62136
0.64524
0.42796
0.47083
0.47589
0.80255
0.98677
1.2473
1.1246
1.0909
1.0954
1.0696
1.2302
1.3597
1.425
1.481
1.361
1.3223
1.0462
1.1967
0.94142
1.0408
0.82965
0.92679
0.83979
0.87587
0.86629
0.91867
1.1071
1.1687
1.5213
1.3205
1.0622
1.0017
1.2008
1.2572
1.1505
1.077
0.95037
0.94931
0.52545
0.59868
0.7064
1.1033
1.1816
0.89918
0.65897
0.56999
0.31128
0.1007
-0.60903
-1.0285
-1.5058
-1.7288
-1.7344
-1.5991
-1.5349
-1.3356
-1.1799
-0.95959
-0.93955
-0.83008
-0.85276
-0.80423
-0.48435
-0.53117
-0.27598
-0.60834
-0.85332
-0.81486
-1.1528
-1.4938
-1.7485
-1.4302
-0.93886
0.10667
0.54915
0.98101
1.0405
1.262
1.2264
0.91183
0.49453
-0.43168
-1.0232
-1.7068
-1.7183
-1.6432
-0.86867
-0.13796
0.49716
0.93159
1.2296
0.98652
0.83599
0.17693
-0.50384
-0.76436
-1.5138
-1.2576
-1.3482
-0.82974
-0.47457
-0.23062
0.20602
0.30968
0.96575
1.103
1.4675
1.4277
1.6169
1.5083
1.5355
1.3555
1.3933
1.2622
1.0686
0.90279
0.6088
0.50438
0.59803
0.64522
0.89161
0.87903
0.97567
0.96206
1.1387
1.2193
1.2935
1.2778
1.2649
1.3562
1.2808
1.028
0.97385
0.80261
1.2404
1.4642
1.7008
1.5252
1.2797
1.0201
0.95691
0.7592
0.32284
0.44139
0.22858
-0.10114
0.44337
-0.43303
-0.45829
-1.1038
-1.4598
-1.8182
-1.3283
-1.0571
-0.96397
-0.97528
-1.0292
-0.67821
-0.32187
-0.98819
-1.026
-0.96759
-0.91901
-0.46342
-0.76518
-1.0463
-1.2187
-1.3432
-1.5661
-1.2929
-1.6427
-1.0965
-1.3435
-0.84703
-0.75849
-0.47686
-0.44443
-0.048994
-0.18429
-0.068563
-0.9099
-1.1238
-1.3634
-1.7982
-1.6286
-1.28
-1.1159
-0.8013
-0.93536
-1.103
-0.29822
-0.64455
0.024821
-1.5442
-1.4078
-1.3345
-0.58162
-0.50217
0.2225
0.13718
0.66971
0.90702
0.89543
0.68817
-0.24804
-0.81273
-1.5015
-1.7552
-1.877
-1.3758
-1.0881
-0.72526
-0.22506
-0.20499
0.60642
0.77022
0.67417
-0.061161
-1.0709
-1.7175
-1.616
-2.0095
-1.1955
-0.82617
-0.25013
-0.015653
0.29708
-0.015572
-0.20087
-0.88532
-1.6654
-1.9067
-1.6391
-1.2942
-0.67434
-0.58093
-0.36014
-0.20461
-0.40793
-0.45556
-0.76375
-1.0367
-1.5449
-1.5901
-1.5807
-1.1835
-0.9788
-0.93204
-0.87306
-1.0806
-1.0565
-1.0952
-0.91619
-0.86487
-0.90415
-1.1844
-1.2359
-1.3141
-1.1962
-1.0469
-0.99465
-1.0566
-1.1206
-1.4972
-1.1578
-0.9649
-0.69413
-0.52109
-0.60615
-0.52325
0.092457
0.47599
0.94353
0.93957
1.0881
1.0986
1.4013
1.401
1.5695
1.3635
0.91258
0.88852
0.74915
0.9711
1.0045
1.0151
1.0439
1.0226
0.89047
1.1379
1.1376
1.4632
1.3064
1.4904
0.95643
0.79906
0.87922
0.40046
0.28045
-0.090515
-1.0072
-0.93199
-1.3175
-0.92213
-0.92725
-0.92517
-0.56662
-0.99607
-1.0273
-1.2428
-1.3026
-1.2816
-1.2533
-1.3913
-0.95786
-0.81876
-0.70827
-0.63262
-0.80681
-0.71156
-0.9261
-0.87452
-1.162
-1.1561
-1.2564
-1.3919
-1.4584
-1.3229
-1.1725
-0.79763
-0.65855
-0.63172
-0.89322
-1.3728
-1.3592
-1.308
-0.68856
-0.27754
-0.22057
-0.24105
-0.69437
-0.26075
-1.0192
-1.239
-2.1942
-2.0958
-1.6253
-1.2008
-1.1608
-0.72733
-0.83531
0.057392
0.27181
-0.12535
-0.032005
-0.418
0
1.022
0.6556
1.1647
-0.29611
-1.0689
-1.8066
-2.0151
-1.4251
-0.93221
-0.68296
-0.6955
-1.3303
-1.0985
-1.529
-0.5719
0.092023
0.21839
0.28348
-0.27515
-1.1203
-1.7405
-1.6302
-0.43655
0.11646
-0.70034
-1.1285
-1.1332
-0.79675
-1.1501
-0.096841
-0.82158
-1.0483
-0.51065
-0.80516
-0.59747
-0.56523
-0.98636
0.42566
0.69428
1.2923
1.5464
0.29355
-0.099674
-1.1663
-1.5325
-1.5445
-1.5135
-0.49411
0.69037
0.73185
1.1475
0.53145
0.36324
0.76706
0.49292
0.85398
0.82797
0.92787
1.1144
0.86601
1.2925
1.2866
1.5243
1.5514
1.4347
1.1829
0.96375
0.86164
0.73901
0.83896
0.93293
1.058
1.4331
1.3705
1.5089
0.86961
0.113
0.44747
0.80654
1.7071
1.4335
0.59437
0.024278
-0.4839
-0.49401
-0.067008
0.41511
0.98438
0.9699
0.95452
0.51069
0.81181
0.76828
1.0403
1.048
1.3399
1.3319
1.3785
1.3844
1.4959
1.6076
1.5926
1.4706
1.1062
0.89547
0.85655
0.93641
1.089
0.96936
0.94237
0.35656
-0.068706
-0.6357
-0.64964
-0.49033
0.017954
0.87239
1.8921
2.1405
1.6362
1.2829
0.81062
0.56719
0.15824
-0.44523
-0.64996
-0.45865
0.059568
-0.01875
0.42219
0.70689
0.62907
1.3765
1.5463
2.1298
2.0461
1.5553
1.2128
0.79173
0.66157
0.70975
0.46672
0.34261
0.043544
-0.57938
-1.0668
-1.4481
-1.4064
-1.287
-1.1446
-1.2851
-1.1718
-1.3095
-0.99933
-1.0318
-0.99075
-0.73376
-1.1354
-0.30416
-0.25077
0.77116
0.72066
-0.17716
-0.98328
-1.6617
-1.7763
-0.76351
0.089562
1.0039
1.2004
0.46551
0.28773
0.50906
0.86448
1.4669
1.851
1.4767
1.1883
0.58289
0.40211
0.37667
-0.021851
-0.27827
-0.97834
-1.3258
-1.3658
-1.4449
-1.0713
-0.81204
-0.71485
-0.32702
-0.30576
0.29896
0.66809
0.92081
1.1004
1.13
1.0289
1.4673
1.8434
1.8712
1.9011
1.4773
1.1869
0.9249
0.52398
0.32262
0
-0.20082
-0.51205
0.10091
0.47419
1.6794
1.6227
1.9535
1.2549
1.1515
0.71806
-0.2311
-0.1496
-0.092012
0.49763
0.77994
1.3003
1.186
0.32542
0.11412
-1.0101
-0.75245
-1.4223
-1.269
-1.5793
-1.4369
-1.1345
-0.22964
0.2808
0.61906
0.24727
-0.31569
-0.41648
-0.79423
-1
-1.7124
-2.0881
-1.7138
-1.3951
-0.84828
-0.76792
-0.62806
-0.50088
-0.86398
-0.99635
-1.1366
-1.3035
-1.1286
-1.0445
-0.80147
-0.52532
-0.68783
-0.48781
-0.48884
-0.6092
-0.9
-1.4152
-1.7678
-1.7397
-1.7167
-1.6041
-1.3608
-0.92133
-0.59315
-0.047114
-0.42104
-0.73945
-1.477
-0.93971
-0.91573
-0.57723
-1.2718
-1.5614
-1.2957
0.36939
0.5581
0.77758
-0.13392
0.096498
1.0844
1.1488
-0.17202
1.0108
1.0977
0.86587
1.5501
-0.55292
-1.2028
-0.3489
-0.83302
1.5193
0.58602
0.2701
0
-0.78066
-0.90231
-0.29915
-0.29406
-0.26302
-1.2448
-1.2792
-1.3587
-1.3468
-1.1621
-1.3217
-1.2605
-1.0346
-0.75613
-1.0664
-1.1322
-1.5195
-1.21
-0.64941
0.083944
0.37731
0.69291
0.90529
1.3207
1.7006
1.8123
0.99586
0.50349
-0.16485
-0.11197
0.092051
0.34957
0.53482
0.92404
1.0175
1.1605
1.1779
1.3011
1.2756
1.3213
1.2293
1.2124
1.1848
1.3247
1.3984
1.1497
0.89219
0.90669
0.78041
1.0007
0.97041
1.2426
1.0353
1.0105
0.9752
0.58198
0.88388
0.43408
1.1912
0.79178
0.5578
0.28888
0.68484
1.0279
1.4246
1.4616
1.1324
1.5076
1.3681
1.6061
1.6752
1.415
1.185
0.45236
-0.06905
-0.28486
0.087575
0.59134
1.1401
0.65309
0.71619
0.72543
1.6433
0.6418
-0.49103
-1.5795
-0.85116
0.91542
0.47639
0.26282
-0.31705
-0.21234
0.59479
0.60585
0.12096
0.63928
1.0768
1.6742
1.4865
1.2253
1.2223
1.2831
1.4511
1.4061
1.0564
1.1064
1.2636
1.2324
1.1078
0.78597
0.33436
0.15284
-0.10098
-0.20924
-0.44778
-1.0333
-1.6632
-1.5162
-1.1195
-0.80852
-0.92108
-1.4336
-1.8381
-1.4819
-1.1216
-1.0346
-0.18198
-0.01601
0.3228
0.36628
0.24981
-0.091596
-0.59059
-0.95976
-1.241
-1.399
-1.4958
-1.7595
-1.599
-1.6191
-1.6525
-1.2792
-1.0143
-0.52059
-0.11468
0.24362
0.63055
1.0996
1.2843
1.4096
1.2139
1.5034
1.1334
0.93417
0.46126
0.1937
0.19801
0
-0.63328
-1.0712
-1.8034
-1.7284
-1.5807
-1.2483
-1.4639
-0.78468
-0.83303
-0.069321
-1.0437
-1.0984
-1.4369
-0.95918
-0.59485
-0.7757
-0.96754
-0.77604
-0.49083
-0.18215
-0.069833
-0.1832
0.22186
0.85942
1.6684
2.0681
1.7431
1.6307
1.3708
1.2798
1.0868
0.83797
0.94266
0.55667
0.85278
0.70249
0.63817
0.58358
0.76478
0.75157
0.77125
0.69311
1.0634
1.2585
1.0985
1.1313
1.1913
1.218
1.2879
1.1903
1.5966
1.2798
1.3298
0.86183
0.77002
0.62251
1.089
0.83582
1.1996
1.1814
0.46227
0.16768
-1.3162
-0.87647
-0.5488
-0.23891
-0.25512
-1.073
-1.4344
-1.3637
-0.9091
-0.99064
-0.61676
-0.53977
0.069606
1.0386
1.496
2.1272
2.1059
1.9282
1.2125
0.66246
0.19194
0.37484
0.64302
0.13046
0
0.051147
0.098858
-0.023552
0.64353
1.2029
1.7751
1.7391
1.7027
2.1702
1.8521
1.3809
0.77445
0.23216
0.41483
-0.012358
-0.31842
-1.0272
-0.72545
-1.1073
-0.92449
-0.90729
-1.2134
-1.2818
-1.5315
-1.3435
-1.141
-0.7719
-0.502
0.54869
1.2969
1.6812
1.1724
1.1711
0.19385
0.45864
0.90693
1.25
1.0064
0.32534
-0.48365
0.36848
0.62043
1.4974
0.78158
-0.65654
-2.0306
-1.0306
-0.96948
0.59653
0.66397
0
-1.1334
-1.2836
-1.441
-0.92198
-0.48687
-0.77774
-1.2538
-1.4096
-0.072552
0.79619
1.435
0.42401
0.38045
-0.5386
-0.13041
-0.53472
-1.1802
-1.6858
-1.7302
-1.0995
-0.8778
-0.47366
0.1933
0.65861
0.73625
0.67848
1.0052
1.0856
1.8085
1.7606
1.715
0.68078
0.3065
-0.021749
0.43
0.042244
-0.35026
-0.99733
-1.6674
-1.3351
-1.3186
-0.86858
-0.803
-0.7418
-0.27447
-0.16895
-0.11137
-0.60512
-1.4793
-2.0344
-2.1542
-1.8309
-1.47
-0.94168
-0.74135
-0.2243
-0.40964
-0.62276
-0.86231
-0.97265
-0.87858
-0.81423
-1.1586
-0.68582
-0.70152
-0.4365
-0.55725
-0.76999
-1.1256
-1.4164
-1.8818
-2.1184
-2.0086
-1.6097
-0.82711
-0.37767
-0.2109
0.017607
-0.30875
-0.73316
-1.1571
-1.0845
-0.88725
-0.78637
-0.92001
-1.2062
-1.146
-1.1892
-1.2755
-1.2874
-1.6459
-1.3606
-1.2289
-1.0226
-0.79059
-0.78781
-0.72551
-1.099
-1.1199
-0.9375
-0.65208
-0.5065
-0.73275
-0.94303
-0.98088
-0.76985
-0.68548
-1.2279
-1.4338
-1.9939
-1.7229
-1.7212
-1.4377
-1.1623
-0.80212
-0.1919
0.62267
0.41934
0.91028
0
-0.24706
0.7679
-0.053812
1.3242
0.69187
0.86076
1.1526
0.79017
1.1328
1.3592
1.8266
1.4805
1.071
0.90523
0.80016
1.2299
0.93288
0.74209
0.46515
0.85038
0.90913
1.1515
0.86615
0.88645
1.2702
0.88962
0.92593
0.81746
0.90765
1.2797
1.2852
1.5973
0.54463
0.97784
0.20377
0.71694
0.1543
-0.15103
-0.90404
-0.9389
-1.7783
-1.5463
-1.2344
-0.97784
-0.46357
-0.6643
-1.079
-1.0184
-0.93359
-0.70602
-0.81533
-0.9714
-1.2945
-1.2437
-1.1111
-0.65983
-0.64804
-0.59069
-0.78939
-1.2108
-1.3976
-1.7322
-1.5016
-1.7686
-0.94503
-0.5566
0.36545
0.35538
-0.24749
-0.32006
-0.13106
0.033184
1.3301
0.79172
-0.81082
-1.8035
-2.2082
-0.97623
-0.11372
0.16353
1.0175
1.0231
0.93066
1.3921
0.96065
1.1913
1.0813
-0.038421
0
-0.72948
-0.15485
-0.63508
-1.0448
-1.4929
-1.5746
-1.4461
-1.2175
-1.3854
-1.573
-1.6984
-1.0853
-0.38005
0.040124
0.2762
0.11261
0.78701
1.1579
1.295
1.2402
0.57006
0.58418
1.245
0.71494
1.5121
0.87734
0.9155
0.30566
0.48287
0.74751
1.012
1.3917
1.5993
0.81794
0.61822
0.098949
0.61069
0.61041
1.3346
1.3628
1.8014
0.97484
1.3788
0.70491
0.08958
-0.69655
-1.2637
-0.81919
0.10125
1.2653
1.1661
1.2862
0.67084
1.2468
1.2671
0.80027
-0.19136
-0.91718
-1.3161
-1.4805
-1.4066
-0.83554
0.15651
0.52565
0.64407
0.24889
-0.085661
0.32434
-0.57711
-0.93613
-1.5365
-1.6487
-1.2511
-1.5519
-1.4671
-2.1323
-1.6126
-1.252
-0.36012
-0.42387
-0.40464
-0.49985
-0.77772
-0.47275
-0.24538
-0.028044
-0.17147
0.46185
1.3018
1.9586
2.1964
1.1253
0.055311
-0.73204
-0.5037
-0.93049
-0.32647
-0.43734
0.046771
0.8726
1.3609
1.9263
0.80844
0.75255
0.89108
0.82167
0.37124
0.03798
-0.32737
-0.31484
-1.087
-1.315
-1.3478
-1.4806
-1.5275
-1.625
-1.8007
-1.4225
-1.2317
-0.6718
-0.5444
-0.97573
-0.86338
-0.98873
-0.64507
-0.29311
-0.84368
-1.4967
-1.4317
-1.4835
-0.51684
-0.37227
0.15581
0.23196
0.47595
0.55705
0.85078
1.0328
1.2704
1.5306
1.3603
1.3024
1.0324
1.1753
1.3352
1.5674
1.5373
1.5634
1.2887
1.0672
1.3021
1.116
1.1649
0.62872
0.35908
0.19614
-0.22316
0.16043
-0.076931
0.4823
1.7677
1.6747
1.2162
0.22687
0
1.1947
1.6172
-0.39342
-0.40194
-0.27228
0.68768
1.3804
0.59592
1.3131
1.196
-0.085769
-1.1084
-1.6317
-1.0177
0.033646
-0.12342
-0.084263
-0.45792
-0.80467
-0.39505
-0.13211
-0.086191
-0.63513
-1.1965
-2.0978
-2.1666
-2.2092
-1.9832
-1.3613
-0.99563
-0.30438
-0.26638
-0.44662
-0.50839
-0.84397
-0.85865
-0.60383
-0.3087
0.12969
0.17412
0.71463
0.90949
1.4108
1.4297
1.6556
1.5871
1.8146
2.218
2.1519
1.9803
1.4197
0.69985
-0.031056
-0.17224
-0.38005
-0.082986
0.044629
-0.56554
-0.43889
0.42006
0.1964
0.93485
0.27695
0.92404
1.2095
1.993
2.0021
1.997
1.6259
1.077
0.25907
-0.079857
-0.39737
-0.71758
-0.90207
-0.81814
-1.135
-1.2123
-1.1197
-1.0583
-0.55156
-0.22593
-0.15404
0.13761
-0.28043
-0.61094
-1.5899
-1.9825
-2.2475
-1.4725
-1.0048
-0.6409
0.20237
0.6668
1.147
0.42798
0.20087
0.4672
0.27344
0.15898
0.073147
-0.72028
-0.53347
-0.98207
-1.2422
-1.6685
-2.046
-2.2847
-2.2545
-2.1698
-1.6481
-1.1529
-0.82681
-0.54112
-0.55435
-0.45787
-0.33448
-0.6716
-0.077768
0.24606
0.65963
0.56537
0.17547
0.2191
0.34823
-1.0797
-1.5901
-2.2177
-2.0049
-1.9651
-1.6011
-0.83166
0.67988
0.45299
1.2391
-0.23906
-0.41581
0.37654
0.36885
0.30229
-0.81557
-0.51977
0.06021
2.1522
-0.061455
-0.54087
-0.46043
-0.70292
-0.59949
-1.4115
-0.73949
-0.5893
1.4161
0.2947
0.90026
0.26346
-0.4809
-0.92744
-1.4863
-1.3864
-1.3603
-0.88947
0.080751
1.0572
1.7344
1.4957
1.2618
0.90522
0.42424
0.62484
0.45994
0.66042
1.0657
1.3943
1.2003
1.0084
0.4592
0.099114
-0.48012
-1.2308
-0.9846
0.67855
0.65598
1.5562
0.82315
0.59003
1.2522
1.2792
1.1162
1.1288
1.0886
1.1169
0.97949
0.75056
0.56705
-0.087822
-1.0501
0.31147
1.2403
0.793
0.39375
-0.5604
-0.96257
2.3208
-0.31899
0.6479
-0.56642
0.4767
-0.076607
0
-0.80844
0
0.60707
0.78074
1.3205
1.0309
0.97971
0.89214
0.85563
0.79384
0.75409
0.7465
1.0517
1.0075
1.068
1.2476
1.201
1.2285
1.1439
0.96968
1.0485
1.0978
1.0837
1.0137
0.92158
0.93202
1.0731
1.2193
1.3291
1.4658
1.0659
0.93
0.46259
0.50783
0.75855
0.91439
1.3523
1.1246
1.1071
0.8957
0.82501
0.71789
1.1371
0.9845
1.2864
1.1596
1.0568
1.0158
1.053
0.78829
0.60401
0.59065
0.72901
1.3519
1.014
1.5015
1.4077
2.0727
1.0057
0.28989
-0.5871
-0.47594
0.28599
0.8133
0.88873
0.53178
-0.056341
-0.46911
0.65898
0.66073
1.8331
1.4877
0
0.61481
0.71464
0.39571
0.64657
1.2251
1.0606
0.82523
-0.029733
-0.95873
-0.217
0.3445
0.65764
1.8816
1.2715
1.8446
1.9535
1.2862
1.0324
0.30554
-0.67503
-0.77321
-0.41409
-0.11357
-0.85966
-0.36206
-0.51661
0.064484
0.20866
-0.19137
0.14999
0.41236
0.99388
1.6981
1.8902
2.0937
2.3408
2.1479
1.5553
0.6736
0.74449
-0.10335
0.19667
-0.57539
-0.36
0.4188
0.0743
0.70459
0.55704
0.30223
0.66583
0.88683
0.94178
1.1295
1.0973
1.2793
1.1212
1.1882
1.1871
1.264
1.2987
1.3091
1.1536
1.0576
1.0771
0.90623
0.93492
1.0279
1.0947
1.1107
1.1694
1.0145
1.1227
0.89333
1.0832
0.82934
1.174
1.0484
1.2455
1.2669
1.0594
0.90898
0.68642
0.56651
1.2235
1.4962
1.9372
1.1462
0.60095
0.53275
0.73943
1.222
0.98866
0.1285
0.02149
0.46765
0.68461
1.1203
-0.11459
-0.63304
-1.09
-1.6781
-1.4527
-1.6705
-1.4631
-1.365
-0.82048
-0.61106
-0.38043
-0.26216
-0.48237
-0.86963
-1.3508
-1.59
-1.6051
-1.1899
-0.98712
-0.64285
-0.62163
-0.4015
-0.70593
-0.7729
-1.1594
-1.1012
-1.2551
-1.3452
-1.2887
-1.2405
-1.2374
-0.85823
-1.2096
-1.0251
-1.3673
-1.5654
-1.3679
-1.046
-1.0017
-0.57083
-0.69298
-0.73353
-0.58685
-0.66311
-1.028
-0.76923
-0.92181
-0.60172
-0.75085
-0.83555
-1.0256
-1.1376
-1.4083
-1.3844
-1.8376
-1.4695
-1.479
-0.98897
-1.0457
-1.0472
-0.86011
-0.55895
-0.70644
-0.52675
-0.9091
-0.98494
-0.81508
-1.196
-0.77668
-1.1859
-1.3186
-1.2863
-0.88774
-0.96272
-1.0549
-1.108
-1.0724
-1.1232
-1.4115
-1.6144
-0.95315
-0.61559
0.15695
0.28384
0.41417
0.20074
-0.036945
1.1027
1.6264
1.7614
1.4164
1.2402
1.2398
1.3625
0.68298
0.77973
0.38628
0.72097
0.80034
1.0627
0.50571
1.4956
0.73686
0.65355
0
0.35365
0.69977
1.0671
1.3774
2.0537
1.9229
1.6575
0.12723
-0.49286
-0.27015
-0.13785
1.0112
-0.13974
-0.5195
-0.54355
0.2639
0.73011
1.2734
0.17277
-1.199
-2.24
-1.5573
-1.3592
-0.30625
-0.2919
0.3991
1.1315
1.1286
1.2537
1.2344
0.71037
0.84052
-0.46629
-0.047107
0.29166
1.0968
1.6352
1.4479
1.1707
1.1167
1.3226
1.0992
1.0379
0.46275
-0.16322
-0.30734
0.4016
0.71174
2.1451
1.8537
2.1624
0.80826
0.26669
-0.26101
0.36301
1.2135
1.2398
0.032002
-0.13013
0.26039
0.54506
0.74731
0.98597
0.36926
0.7515
1.0369
1.3115
1.3987
1.6321
1.9576
1.5369
1.3671
0.32822
0.21202
0.27177
-0.45306
-0.58303
-1.2564
-0.90899
-0.86749
-0.84345
-0.81435
-1.5358
-1.2917
-1.5665
-0.388
-0.51606
0.74453
-0.40347
-0.10242
-0.78733
-0.9055
-1.2461
-1.1758
-0.99461
-1.3221
-1.2743
-1.2623
-1.2691
-0.82968
-0.83981
-0.77129
-0.94774
-1.0966
-1.0363
-0.49623
-0.44301
-0.24748
-0.93895
-1.3463
-1.8091
-1.4861
-1.2005
-1.1508
-0.92767
-0.65006
-0.91557
-1.008
-1.0205
-0.75519
-0.31821
-0.15956
-0.535
-1.0403
-1.3169
-1.5695
-1.2108
-1.4784
-1.1066
-0.99928
-0.91839
-1.5661
-1.4355
-1.1563
-1.1011
-0.52712
-0.35603
-0.42911
0.084181
-0.75653
-0.26901
0.82125
1.1659
1.1054
0.76325
0.87584
1.2802
1.6401
1.1805
1.3877
0.78092
0.38524
0.81617
0.16171
-0.72205
-1.5142
-0.76548
-0.86505
-0.62387
-0.87433
-1.5214
-0.67239
-1.8748
-0.75806
-0.91741
0
0.33926
0.34459
0
-0.36775
-1.2063
-1.0973
-1.5986
-1.3435
-1.4574
-0.96811
-1.2094
-1.0755
-1.5574
-1.2311
-1.0414
-0.76239
-0.98909
-0.84344
-0.72672
-0.46774
-0.44617
-0.31308
-0.48495
-0.66428
-0.9199
-1.1756
-1.4209
-1.6736
-2.0625
-1.9266
-1.6331
-1.7067
-1.3117
-1.3871
-0.87581
-0.3421
-0.18647
-0.18174
-0.19492
-0.32156
-0.28866
-0.04974
-0.15236
-0.35893
-1.4613
-2.2895
-1.8071
-1.9733
-0.77392
-0.33156
0.60267
1.0661
1.1543
0.71687
0.12755
0.37445
0.16292
0.15961
-0.6852
-1.1361
-1.1023
-0.79121
-1.314
-1.6181
-1.6131
-1.618
-1.357
-1.0496
-1.1025
0.30099
0.24473
0.94372
-0.45165
-0.78311
-1.0538
0.33277
0.67552
0.91827
-0.13184
-0.79179
-1.1584
-1.4668
-1.6644
-1.0567
-1.3018
-0.32881
-0.92803
-0.14933
-0.12351
-1.1275
-1.4576
-1.8025
-1.3755
-0.44322
-0.48013
-0.26791
-0.28244
-0.75893
-0.48997
-0.73096
-0.22956
1.1325
1.2117
1.8417
1.0995
1.2647
1.0747
1.2411
1.0832
1.2709
0.93285
0.92316
0.73429
0.83847
0.88179
1.7783
1.1064
0.58757
0.17288
0.021241
0.2481
-0.39905
-0.45897
-0.16419
0.55557
1.8836
1.6235
2.1294
1.6161
1.0889
0.67873
0.08213
0.40945
1.0844
1.3637
1.4347
1.1229
0.60137
0.10877
-0.1125
-1.0129
-1.0948
-1.7366
-1.3053
-1.0314
-0.23614
0.48815
1.463
1.1351
0.71269
-0.14751
-0.50436
-0.090711
0.42033
1.0994
1.0323
1.428
1.2273
1.5161
1.3784
1.6474
1.6845
1.4845
1.1968
0.59603
0.30131
0.24151
0.39849
0.82798
0.41358
0.72424
0.72978
1.1501
1.015
1.1227
1.1176
1.2909
1.662
1.1955
1.6579
0.55618
0.43905
-0.61498
-0.75949
-0.99898
-0.74178
-0.83381
-0.29906
0.26914
0.60332
0.78414
0.9331
1.4428
1.3256
1.4282
1.3521
1.2114
1.4711
1.4387
1.2154
1.1532
0.69456
0.55812
0.90879
