-0.54078
-0.52779
-0.51479
-1.0035
-1.3738
-1.4668
-1.2558
-1.0712
-1.2965
-1.244
-1.3107
-1.0992
-1.3911
-1.5507
-1.7767
-2.1885
-2.2822
-2.137
-1.8988
-1.2619
-1.0498
-1.223
-1.9947
-2.4477
-2.8612
-2.809
-2.81
-2.7978
-2.6389
-2.4265
-2.2274
-1.9346
-1.7752
-1.9628
-1.6563
-1.4966
-1.1897
-0.96279
-0.89626
-0.86983
-0.65596
-0.61602
-0.58946
-0.88452
-0.8044
-0.89858
-0.89891
-0.53686
-0.51021
0.080589
0.18811
-0.2285
-0.12102
-0.68602
-0.34986
-0.51153
-0.92917
-1.5088
-1.4554
-1.2942
-1.0384
-1.1467
-1.4846
-1.4041
-1.2696
-0.95928
-0.86502
-0.85182
-1.028
-0.79832
-0.96104
-1.002
-0.75856
-0.25746
-0.14911
-0.20341
-0.16279
-0.40712
-0.40727
0.14939
-0.054342
-0.040772
-0.24472
-0.44882
-0.53062
-0.6397
-1.0484
-1.185
-1.6623
-2.0855
-2.0999
-2.1688
-1.7739
-1.7746
-1.4475
-1.5026
-1.3255
-1.4354
-1.2718
-1.327
-1.5191
-1.2048
-1.3011
-1.0823
-1.3294
-1.371
-1.5773
-1.8385
-2.5117
-3.158
-3.2416
-3.1603
-2.6391
-2.2276
-2.0496
-1.665
-1.4591
-1.7902
-1.9423
-2.0395
-1.8748
-1.3239
-0.81393
-0.81422
-0.86974
-0.84243
-0.5388
-0.26259
0.055302
0.027661
0.069177
-0.15224
-0.37383
-0.76177
-1.3163
-1.6494
-1.8718
-1.7477
-1.7899
-1.9571
-2.0412
-2.1114
-2.0565
-1.8488
-1.7799
-1.9196
-1.7673
-1.6705
-1.6014
-1.7413
-2.16
-2.3699
-2.5102
-2.8459
-2.6934
-2.6665
-2.4859
-2.1096
-1.6771
-0.96466
-0.16783
0.20986
0.39188
0.29401
0.53221
0.77058
1.0231
1.6404
1.8514
1.7258
1.6702
1.2496
0.98319
0.49177
0.29517
-0.16873
-0.19692
-0.21106
-0.21113
-0.098564
-0.25354
-0.084544
-0.36649
-0.74733
-1.2413
-1.792
-2.0044
-2.0475
-1.8222
-1.5826
-1.6115
-1.6544
-1.457
-1.5707
-1.5996
-1.6851
-1.5865
-1.4596
-1.3325
-1.574
-1.8867
-2.1428
-1.8738
-1.278
-0.72447
-0.28421
-0.58283
-0.7679
-1.0384
-1.3092
-1.9075
-2.5348
-2.5641
-2.2943
-2.181
-2.1818
-1.9971
-1.3842
-0.95643
-0.27132
0.15714
0.05716
-0.31449
-1.0582
-1.2302
-1.4024
-1.546
-2.1909
-2.2776
-2.1638
-1.7918
-1.8068
-1.707
-1.4493
-1.2488
-1.4647
-1.4795
-1.6381
-1.8543
-2.3294
-2.5029
-2.1008
-1.8856
-1.8575
-2.1894
-2.4207
-2.3351
-1.86
-1.3991
-1.3419
-1.1691
-1.1984
-1.4732
-1.7772
-2.2692
-2.3856
-2.0538
-1.577
-0.79602
-0.57912
-0.78208
-1.246
-1.7681
-2.0732
-2.0884
-2.2487
-2.1914
-1.9163
-1.5394
-1.0314
-1.0608
-1.2356
-1.5269
-1.702
-1.7026
-1.4702
-1.4853
-1.4566
-1.6903
-2.0115
-2.4788
-2.5963
-2.174
-1.7661
-1.2849
-0.93476
-1.1834
-1.0231
-1.0965
-0.95063
-0.89243
-0.71711
-0.29279
0.30754
0.77642
0.73272
0.7916
0.29328
0.13202
-0.073369
-0.11743
0.10278
0.1322
-0.19101
-0.69081
-1.0292
-0.83834
-0.64735
-0.66229
-0.82445
-0.72163
-0.86919
-0.92842
-1.3267
-1.6958
-2.0209
-2.0511
-1.417
-0.98931
-0.51697
0.029551
0.32516
0.41398
0.088739
-0.2811
-0.35519
-0.3405
-0.20733
-0.69625
-1.2448
-1.4972
-1.7201
-1.6316
-1.5728
-1.128
-0.8463
-1.0248
-0.98056
-1.293
-1.338
-1.6953
-2.2016
-2.7976
-3.4683
-3.5439
-3.3067
-3.1141
-3.0256
-2.9371
-2.8486
-2.4765
-1.9998
-1.5525
-1.105
-1.0307
-0.71724
-0.64273
-0.29904
-0.26922
-0.52365
-0.28436
-0.29942
-0.16473
-0.32957
-0.35964
-0.25482
0.074972
0.10499
0.31508
0.1801
0.16514
-0.24028
-0.34552
-0.76639
-0.69147
-0.48117
-0.31587
-0.52661
-0.67727
-1.0238
-1.2048
-1.5516
-1.6727
-1.6883
-1.6285
-1.6893
-1.7502
-1.8865
-2.4759
-2.8089
-2.8702
-2.8711
-2.358
-2.3436
-2.3443
-2.7838
-2.8301
-2.8612
-2.4532
-2.3479
-2.0304
-1.8037
-1.8346
-1.6834
-1.9267
-2.3522
-2.3377
-2.3992
-1.929
-1.7929
-1.4894
-1.6115
-1.7488
-1.6581
-1.4151
-0.79149
-0.47199
-0.53305
-0.94455
-1.341
-1.4177
-0.91489
-0.73213
-0.68658
-0.53416
-0.83964
-0.76354
-0.56518
0
0.33625
0.45866
0.27528
0.15298
0.16832
0.15307
0.2756
-0.10721
-0.19916
-0.10727
0.27592
0.62867
0.87426
0.70575
0.52179
0.19957
0.47603
0.62977
0.69141
0.56865
0.49195
0.43058
0.32303
0.36928
0.046173
0.076977
0.2618
0.15404
0.40062
0
-0.23126
0
0.2931
0.7098
0.89522
0.7874
0.94206
0.98867
1.2825
1.2365
1.4379
1.33
1.0829
0.86654
0.85131
0.46448
0.40266
0.27884
0.29442
0.217
0.18605
0.09305
-0.40333
-0.6362
-1.0865
-1.1023
-0.97838
-0.80777
-0.21754
-0.13988
-0.2332
-0.48208
-0.7311
-0.63794
-0.68481
-0.35806
-1.1368
-1.8224
-2.7266
-2.7274
-2.2916
-2.1363
-1.9497
-1.9502
-1.6074
-1.0927
-1.0774
-1.2651
-1.4373
-1.5939
-1.735
-1.9231
-1.736
-1.361
-1.5022
-1.6121
-2.0353
-2.4273
-2.8509
-2.6009
-2.1001
-1.5833
-1.4583
-1.8821
-2.2278
-2.4167
-2.0406
-1.8684
-1.3506
-0.92683
-0.78566
-0.89588
-0.78606
-0.45603
-0.56625
-0.9912
-1.1331
-0.94448
-0.80302
-0.80322
-1.0555
-0.88242
-0.88264
-0.72521
-0.74116
-1.041
-1.3726
-1.9095
-2.3836
-2.2263
-1.6583
-1.1848
-0.96387
-1.217
-1.4702
-1.5497
-1.6924
-1.4397
-1.6932
-1.7095
-1.4883
-1.2669
-1.2989
-1.4735
-2.187
-2.79
-2.9016
-2.712
-2.1575
-2.031
-2.3172
-2.2384
-1.9531
-1.4453
-1.3186
-1.2554
-1.6212
-1.5898
-1.1767
-1.0339
-0.81139
-0.7161
-0.73219
-0.84381
-1.274
-1.2743
-1.1312
-1.4661
-1.7056
-2.3596
-2.5037
-2.1853
-1.6433
-1.0852
-0.86195
-0.46301
-0.25551
-0.31946
-1.1184
-2.0775
-2.7013
-2.5261
-2.2708
-2.3833
-2.7518
-2.9125
-2.481
-2.1934
-1.9216
-1.4736
-1.538
-1.0095
-1.0739
-0.99396
-0.93004
-1.0104
-0.67378
-0.016046
0.38519
1.0113
1.0597
1.3169
1.4136
1.6067
1.1571
0.73942
-0.2894
-0.54677
-0.69165
-0.32177
0.54713
0.3541
0.27368
0.28984
0.41875
0.98267
0.88621
1.2732
1.1767
1.2737
0.80633
0.03226
-0.1936
-0.096821
0.27438
0.080718
-0.20991
-0.67832
-0.75923
-1.1149
-1.4868
-1.4871
-1.4227
-1.5039
-1.5689
-1.731
-2.3462
-2.7351
-2.8652
-2.7524
-2.1214
-2.219
-2.3167
-2.4954
-2.8525
-2.8206
-3.2103
-3.2758
-3.0818
-3.1311
-3.1642
-2.7591
-2.9544
-2.3705
-2.4684
-2.0304
-2.177
-2.1124
-2.4704
-2.5521
-2.6827
-2.1303
-1.838
-1.4153
-1.7085
-1.4973
-1.0906
-1.042
-1.4167
-2.1173
-2.134
-1.8411
-1.6133
-1.6136
-2.0215
-2.6904
-2.4463
-2.7404
-2.2678
-2.154
-2.3012
-2.3996
-2.0082
-1.6657
-1.225
-1.5192
-1.5359
-1.34
-0.63745
-0.16348
0.032702
-0.34343
-0.63792
-0.49079
-0.68723
-0.45824
-0.36011
0
0.47486
0.60596
0.75349
1.2779
0.99955
0.78667
0.52454
0.22952
0.47553
0.82002
1.017
0.78749
0.39381
-0.09847
-0.44319
-0.4761
-0.72248
-0.96895
-1.0841
-1.1007
-0.75584
-0.44372
-0.37804
-0.39455
-0.4275
-0.46046
-0.11513
-0.082252
-0.55941
-0.90507
-1.0533
-0.92183
-0.62563
-0.62573
0
0.4118
0.65898
0.69204
0.18128
-0.36261
-0.60995
-0.42868
-0.42875
-0.32986
-0.7423
-0.62693
-0.54452
-0.31356
-0.21458
-0.52827
-0.9081
-1.255
-1.4039
-1.7014
-1.586
-1.7515
-2.0492
-1.7851
-1.4382
-1.1077
-1.2567
-1.3065
-1.5218
-0.95951
-0.71147
-0.4799
-0.18206
-0.39727
-0.33111
-0.46362
-1.242
-1.2753
-1.7228
-2.2035
-2.4026
-2.7344
-2.7845
-2.9009
-2.9843
-3.0013
-2.9519
-2.6704
-1.6257
-0.56409
-0.033186
0.066381
-0.28216
-0.2822
-0.033204
0.16604
-0.13285
-0.69757
-0.91361
-0.9968
-1.1631
-1.3959
-1.4626
-1.3464
-1.3466
-1.2304
-1.3968
-1.1475
-1.5635
-1.9629
-2.2127
-2.4793
-2.3631
-2.1969
-2.4802
-2.2974
-2.2477
-2.0815
-2.0484
-1.9488
-1.6991
-1.4828
-1.6662
-1.8997
-2.2166
-2.2836
-2.2505
-1.884
-1.2506
-0.60034
-0.43363
-0.80065
-1.1677
-1.0845
-1.435
-1.9859
-2.8373
-3.1714
-2.8713
-2.5544
-2.8052
-2.6719
-2.739
-2.5389
-2.5392
-3.191
-3.4754
-3.3254
-3.1419
-2.6074
-2.3904
-1.7888
-1.6552
-1.9564
-1.8228
-1.9568
-2.325
-2.8773
-3.162
-2.9281
-2.4599
-2.0752
-1.3557
-1.1717
-0.80355
-0.75341
-1.2056
-1.3564
-1.591
-1.9261
-2.2781
-2.3118
-2.4963
-2.7312
-3.1336
-3.2009
-2.6146
-1.5756
-0.63702
0.067061
-0.23474
-0.87196
-1.1068
-1.1572
-1.0567
-1.0568
-1.3253
-1.5603
-1.594
-1.8794
-1.8628
-1.6448
-1.326
-1.3261
-1.7124
-1.914
-1.9142
-1.8975
-1.6794
-1.4612
-1.2765
-1.5286
-2.1839
-2.7889
-2.9068
-2.6213
-2.2687
-2.084
-2.2858
-2.1179
-1.8659
-1.4122
-1.345
-0.73982
-0.38676
0.033633
-0.050454
-0.5214
-1.312
-1.9682
-1.9515
-1.817
-0.80762
-0.45432
0.35339
0.25244
0.89201
1.0099
1.4813
1.2625
1.33
1.3637
0.79136
0.47148
-0.43783
-0.62311
-0.42105
-0.1179
-0.21897
-0.87595
-2.0721
-2.645
-2.9485
-3.2519
-2.932
-3.1849
-2.7301
-2.9494
-2.8484
-2.8992
-3.0173
-2.9501
-3.1357
-2.8155
-3.0686
-2.5798
-2.7149
-2.597
-2.6646
-2.5635
-2.0914
-1.3325
-0.70845
-0.74223
-0.48922
-0.30367
0.5905
0.55679
0.70867
-0.30373
-1.0462
-2.042
-2.1096
-1.654
-1.0464
-0.45573
-0.62455
-1.131
-1.3167
-1.0636
-0.62466
-0.42209
-0.5403
-0.28704
-0.4728
-0.43905
-1.0639
-1.6888
-1.7057
-1.5538
-0.77693
-0.28714
0.10135
-0.27027
-0.16892
-0.59126
-0.69264
-0.86161
-1.3685
-1.7571
-2.6696
-3.1428
-3.1767
-2.5009
-2.1292
-1.7913
-1.7913
-1.4872
-1.4534
-0.96336
-0.40564
0.32114
0.30424
0.16903
0.067614
0.033808
-0.11833
-0.016905
-0.084526
0.16906
0.2874
0.05072
0.067628
-0.18598
-0.13526
-0.13526
0.15218
0.37199
1.2344
1.7079
1.8094
2.08
1.7249
0.84554
0.1522
-0.45661
-0.33824
-0.32133
-0.2706
-0.94711
-1.167
-1.37
-1.3192
-1.2347
-0.79495
-0.74422
-0.21989
-0.50743
-0.76116
-1.184
-1.6069
-1.7761
-1.59
-0.84578
-0.13533
0.65972
1.3702
1.4209
1.3025
0.050749
-0.84582
-1.9285
-2.1653
-2.3514
-2.4698
-2.3176
-1.7255
-1.3533
-1.2518
-1.0658
-0.81201
-1.1673
-1.827
-1.9285
-1.7594
-1.1673
-0.86276
-1.5056
-1.5394
-1.3195
-1.5902
-1.8777
-2.5036
-2.436
-2.3175
-2.5374
-2.8757
-3.4001
-3.7553
-3.8737
-3.4846
-2.6726
-1.8438
-1.4209
-1.793
-2.7571
-3.4675
-3.7719
-3.3152
-3.146
-2.8753
-2.5709
-2.4186
-1.8943
-1.6067
-0.98093
-1.0486
-0.81178
-1.0485
-1.1669
-1.0147
-0.81172
-0.27057
-0.30438
-0.38893
-0.69329
-1.1667
-1.7078
-2.0797
-1.9106
-1.7077
-1.2173
-0.96369
-0.74389
-0.69315
-0.60861
-0.6424
-0.89596
-0.98046
-1.048
-1.2678
-0.98038
-0.87893
-0.7775
-1.0648
-1.1831
-1.1154
-0.91261
-0.74358
-0.64217
-0.96322
-0.96319
-1.0645
-0.35484
-0.37172
-0.67583
-0.79407
-1.2333
-0.8616
-0.32098
-0.15204
-0.084461
0.033783
-0.54051
-0.59116
-0.84448
-0.70934
-0.30399
0.25332
0.74303
0.91186
0.40526
0.40524
0.13507
-0.050651
-1.2156
-1.9921
-2.3296
-2.5996
-2.7008
-2.9876
-2.7174
-2.7342
-2.6665
-2.9871
-2.835
-2.3793
-1.8392
-1.6029
-2.0078
-2.3957
-2.2775
-2.2942
-2.0242
-2.0073
-2.4626
-3.0359
-3.4742
-3.8956
-3.8617
-4.165
-4.1311
-4.1814
-4.1138
-3.6583
-3.6918
-4.1468
-3.86
-3.4553
-2.5787
-2.292
-2.1571
-2.1569
-1.8366
-2.0219
-1.6679
-1.4994
-1.2634
-1.1286
-1.1285
-0.64003
-0.28631
0.16841
0.050519
0.35361
0.60615
0.50509
0.25253
0.033668
0.033666
0.43763
0.60591
1.0939
1.5819
1.1779
0.65622
0.11778
-0.016824
-0.016823
0
0.050461
0.42048
0.99226
1.4631
1.3789
1.362
1.076
0.94146
0.50432
0.11766
-0.08404
-0.20168
-0.050416
0.18485
0.40327
0.18482
0.2688
-0.050397
-0.47034
-0.58787
-0.73898
-0.25191
-0.2183
-0.41978
-0.20148
0.2854
0.80577
1.3093
0.92313
0.55383
0.10069
-0.45306
-1.0403
-1.4764
-1.2079
-0.97291
-0.33546
-0.40251
-0.30186
-0.48629
-0.40241
0.15089
0.58674
1.0393
1.5755
1.2067
0.48599
-0.41892
-1.4912
-1.8261
-2.4961
-2.8978
-3.6178
-4.2706
-4.8061
-5.0568
-5.3577
-5.5413
-5.4739
-4.7703
-4.5858
-4.418
-4.8526
-4.9191
-4.7011
-4.617
-4.7504
-5.0175
-5.3348
-4.7992
-4.9157
-4.5809
-3.9619
-3.7609
-3.5265
-3.6432
-3.5927
-3.2581
-3.0406
-2.6394
-2.6057
-2.6388
-2.6553
-3.1225
-3.0387
-2.8548
-2.0866
-1.4688
-1.1349
-0.91781
-0.96777
-1.5349
-1.6682
-1.4178
-0.95068
-0.68375
-0.61697
-0.50019
-0.2334
0.18336
-0.06667
-0.016666
-0.33328
-0.41655
-0.43316
-0.61636
-0.68291
-0.59956
-0.56619
-0.86584
-1.2487
-0.91558
-1.0153
-0.71565
-0.93191
-1.0816
-1.0482
-0.34934
0.16633
0.79831
0.74833
0.81475
0.7814
0.38234
0.29919
0.13296
0.26588
0.39878
0.46518
0.23256
0.54812
0.74734
1.0295
1.3283
1.1455
0.87977
0.44813
0.61403
0.56417
0.3816
0.26543
0.33174
0.29853
-0.38141
-1.2601
-1.8568
-1.9892
-2.4033
-2.519
-3.0489
-3.2142
-3.1641
-2.849
-2.3186
-2.0534
-2.02
-2.4998
-2.9133
-3.5584
-3.4587
-3.4913
-3.5901
-3.0768
-2.5306
-1.753
-0.94253
-0.67787
-0.29756
-0.5124
-0.72717
-1.1567
-1.6522
-1.7676
-1.371
-1.2882
-1.3376
-1.6346
-1.981
-2.0303
-2.2446
-2.4588
-2.1944
-1.7322
-1.2206
-0.95657
-1.0719
-1.352
-1.2364
-1.0714
-0.6098
-0.21422
-0.26362
-0.47774
-0.49415
-0.2141
-0.26347
-0.24697
-0.37863
-0.39503
-0.16457
0.09873
0.16453
0.34545
0.16448
0.21379
-0.016443
-0.24661
-0.065753
-0.14792
-0.3451
-0.50936
-0.27928
0.29567
0.64052
0.65684
0.34479
-0.082081
-0.78786
-1.1324
-1.3127
-1.2633
-0.853
-0.59045
-0.72155
-0.96738
-0.91805
-1.3277
-1.4914
-2.671
-3.3587
-3.2762
-3.2593
-2.8167
-3.111
-2.9632
-2.3571
-1.7512
-1.08
-1.3907
-1.3087
-1.6029
-1.897
-2.24
-2.3704
-1.8307
-1.2257
-0.45752
-0.21239
0.016335
0.31031
0
-0.81635
-1.4692
-2.2361
-2.7253
-2.8228
-2.496
-1.8921
-1.2068
-1.0273
-0.91298
-1.3692
-1.4994
-1.4177
-1.2219
-0.7982
-0.66777
-0.065138
0.34192
0.3907
0.26042
-0.16274
-0.53694
-0.3579
-0.048797
0.29273
0.14634
0.06503
-0.34135
-0.37379
-0.56872
-0.77983
-1.267
-1.3805
-1.0555
-0.89295
-0.7954
-0.81149
-1.2657
-1.4115
-1.8979
-1.8489
-1.3459
-1.1187
-0.66463
-0.72934
-0.6806
-0.55087
-0.19439
-0.74503
-1.3117
-1.6191
-1.7159
-1.7642
-1.9904
-2.168
-2.1029
-1.6821
-1.2452
-1.1803
-1.1962
-1.3091
-1.115
-0.7432
-0.8723
-1.4536
-1.7117
-2.4218
-2.389
-2.5339
-2.485
-2.4684
-2.0163
-1.9514
-1.4674
-1.322
-1.1767
-1.0959
-1.0474
-0.93439
-1.0792
-1.2561
-1.3203
-1.0303
-1.0623
-1.1748
-1.5446
-1.5443
-1.8657
-1.9779
-2.4117
-2.5398
-2.4911
-2.1532
-1.6709
-1.5099
-1.0278
-0.85102
-0.51373
-0.27287
-0.16048
-0.16045
-0.36897
-0.59345
-0.59333
-0.46496
-0.08015
-0.032054
-0.22434
-0.88116
-1.1853
-1.5214
-1.297
-1.1046
-1.1844
-1.8563
-2.464
-2.5755
-2.2551
-2.3826
-2.1903
-1.9661
-1.9817
-1.8695
-2.3164
-2.3479
-2.6509
-2.4748
-2.2668
-2.2982
-2.3138
-2.7281
-2.7595
-2.8387
-2.4555
-2.3593
-2.3589
-2.0557
-1.6729
-1.3858
-1.5607
-1.3375
-1.6079
-1.528
-2.0688
-1.8615
-1.8293
-1.7017
-1.7173
-1.24
-0.85832
-0.31783
-0.063554
0.079427
0.19059
0
0.22226
0.15873
0.063478
0.047599
-0.19036
-0.03172
-0.063428
0
0.15851
0.31695
0.41195
0.39603
0.53849
1.0293
1.0449
0.41154
-0.39563
-0.88603
-1.2655
-1.2336
-1.5338
-1.5967
-1.7387
-1.5487
-1.4378
-1.3269
-1.4846
-1.0895
-1.0261
-0.58399
-0.14202
0.66264
0.85179
0.48889
-0.047302
-0.69362
-0.96141
-1.3236
-1.4652
-1.4334
-1.0709
-1.2123
-1.3852
-1.4007
-1.1329
-0.73939
-0.73924
-0.58183
-0.22011
0.23578
0.4086
0.40852
0.58123
0.37693
0.23553
-0.18839
-0.21974
-0.37662
-0.40792
-0.34509
-0.25092
-0.17247
0.12541
-0.047018
-0.29772
-0.26633
-0.20362
0.18792
0.72019
1.0174
1.3615
1.0483
0.76651
0.28152
-0.23455
-0.76603
-1.2504
-1.5002
-1.6873
-1.4058
-0.92138
-0.54647
0.03122
0.031213
0.29646
0.4524
1.0294
1.4034
1.2472
0.9352
0.79475
0.8569
0.84114
0.43605
0.03114
-0.10897
0.14007
0.43568
0.077783
-0.34217
-0.94855
-1.4614
-1.601
-1.6006
-1.4449
-1.631
-1.6151
-1.2266
-1.1332
-1.3037
-2.1102
-3.025
-3.5517
-3.8456
-3.8912
-3.7819
-3.6571
-2.8662
-2.6642
-2.4468
-2.6785
-2.8482
-2.8011
-2.8624
-3.1093
-3.4334
-3.3553
-3.4164
-2.5347
-2.426
-2.3637
-2.6103
-2.7178
-2.4393
-1.8522
-1.2808
-0.648
-1.1106
-1.1104
-1.8194
-2.0039
-2.173
-2.2188
-2.0334
-1.9098
-1.8016
-1.4317
-1.4929
-1.4618
-2
-2.7993
-3.4138
-3.6436
-3.5967
-3.3193
-2.7501
-2.258
-1.9657
-2.1802
-2.456
-2.8391
-3.2067
-3.2367
-2.8832
-2.3
-1.8396
-1.5479
-1.8081
-1.4247
-1.4091
-1.1637
-1.5921
-1.9591
-2.2188
-2.2183
-2.4625
-2.7525
-2.6908
-2.2622
-1.6046
-1.207
-1.0387
-0.91628
-1.1298
-0.74795
-0.71726
-0.62556
-0.13729
-0.50327
-0.67088
-1.3262
-1.3411
-1.2037
-1.2187
-1.1879
-1.2333
-1.2787
-0.74576
-0.4717
-0.62372
-0.69963
-1.11
-0.98816
-1.0791
-0.74458
-0.66845
-0.12151
0.075926
0.30363
0.2125
0.51594
0.54617
0.15168
-0.43977
-0.78837
-0.92461
-0.62132
-0.60602
-0.86339
-0.68147
-0.92355
-0.65088
-0.66587
-0.65058
-0.71094
-0.18148
0.030239
0.16628
-0.045338
-0.3324
-0.86102
-1.0572
-1.223
-1.6605
-2.1279
-1.9917
-1.6895
-1.2518
-1.3118
-1.3416
-1.4468
-1.341
-1.3859
-1.2802
-1.6111
-1.8968
-2.2425
-2.2871
-2.0158
-1.895
-1.8795
-2.3451
-2.7203
-2.5694
-2.3886
-2.1177
-2.4025
-2.2818
-2.0412
-1.2004
-1.0951
-1.0649
-1.2296
-1.0194
-0.80934
-0.82414
-0.91384
-0.83874
-0.73373
-0.77847
-0.76332
-1.3467
-1.4063
-1.3461
-1.0467
-0.76244
-1.106
-1.046
-0.56769
-0.43314
0.52263
0.71659
1.7015
2.0443
2.4466
2.2522
2.192
2.5642
2.7872
3.0846
3.2477
3.8725
4.497
4.6746
4.6735
4.7469
4.6267
4.3579
3.6283
3.5382
3.4334
3.6852
3.4912
2.5101
1.5146
1.2767
0.86086
0.8013
0.32638
-0.28181
-0.45968
-0.69678
-0.80037
-0.652
-0.57777
-0.57764
-0.74039
-1.1992
-1.1101
-1.0062
-0.78408
-0.9318
-0.85765
-1.0349
-1.4485
-1.5368
-1.6694
-1.7576
-1.5209
-1.3877
-0.9446
-0.84109
-1.0474
-1.5782
-1.8874
-2.0492
-2.0192
-2.2545
-2.637
-2.7837
-2.8566
-2.429
-2.7523
-2.2072
-2.2067
-2.0738
-2.0733
-1.9552
-1.5138
-1.249
-0.99895
-1.1456
-0.92507
-0.51381
-0.68981
-1.0271
-1.7751
-1.8773
-2.0528
-2.6094
-2.5502
-2.3884
-2.0655
-1.904
-2.6942
-3.162
-3.3223
-3.1898
-2.5161
-2.5594
-2.4565
-2.3243
-2.6161
-2.4109
-2.498
-2.1031
-1.942
-2.1605
-2.4519
-2.6993
-2.5528
-2.4647
-2.2454
-2.0991
-1.2388
-0.62653
-0.32048
-0.029127
-0.30576
-0.29114
-1.0042
-1.8333
-2.1238
-2.1524
-2.0792
-2.0351
-1.4533
-1.1188
-0.6101
-0.5083
-1.0164
-1.3064
-1.2916
-1.6976
-1.5086
-2.1028
-2.2328
-2.4208
-2.2898
-1.6227
-1.2892
-0.94133
-1.4768
-2.0265
-2.7062
-2.7056
-2.2421
-1.5619
-1.3302
-1.4744
-1.4018
-1.4304
-1.1989
-0.83759
-0.6497
-0.47634
0
0.086566
-0.11539
-1.0816
-1.8166
-2.8396
-3.4442
-4.1782
-3.9755
-3.8738
-3.5705
-2.7061
-2.1874
-1.3812
-0.8918
-1.0785
-1.5527
-2.4723
-3.1615
-3.4194
-3.0738
-2.6567
-2.4407
-2.6411
-2.7983
-2.7116
-2.3524
-2.1367
-1.7204
-1.763
-1.6766
-1.8052
-1.6472
-0.98809
-0.71584
-0.78724
-1.5026
-2.1746
-2.3887
-2.2165
-2.2303
-2.3012
-2.5294
-2.1859
-1.6283
-1.6993
-1.2278
-1.2132
-0.58508
-0.214
-0.37085
-0.75579
-1.2546
-1.5536
-2.1803
-2.6642
-2.7633
-2.5063
-2.1925
-1.7223
-1.238
-0.75403
-0.12801
-0.35551
-0.31278
-0.78176
-0.73895
-0.80981
-1.321
-1.8035
-2.0728
-2.1859
-1.8022
-1.3904
-0.99289
-0.83667
-1.0491
-1.4741
-1.7005
-2.2952
-2.1955
-2.2941
-2.067
-1.925
-1.5991
-1.1884
-1.3579
-0.97576
-1.3431
-1.1873
-1.3142
-1.6389
-1.695
-2.0194
-1.9484
-2.1032
-2.4132
-2.8641
-3.2302
-2.9756
-2.4955
-1.2686
-0.60598
-0.23952
-0.23946
-0.028165
0.25343
0.45044
0.71772
0.57686
0.47826
0.54847
0.87172
1.1105
0.96969
0.73062
0.30904
-0.098307
-0.11232
-0.30882
0.014034
0.3648
0.32264
-0.056098
-0.659
-1.5981
-1.6538
-1.7234
-1.0646
-0.71426
-0.49007
-0.96591
-1.0497
-1.3713
-1.4409
-1.8601
-1.9436
-1.9292
-1.7051
-1.3554
-1.1735
-1.5503
-1.9549
-1.9963
-2.1354
-1.9675
-1.6043
-1.2553
-0.85061
-1.1711
-1.4496
-1.4214
-1.435
-1.0446
-0.51524
0.3759
1.2945
1.5029
0.91824
0.1391
-0.083438
-0.18074
-0.0278
-0.37522
-0.51407
-0.66675
-0.5555
-0.069421
0.23598
0.62451
0.34687
0.7352
0.85985
1.137
1.3031
0.59594
0.096992
-0.19394
-0.1108
-0.069233
-0.44299
-0.55361
-0.78872
-0.52569
-0.51174
-0.66374
-0.64976
-0.5114
0.51128
1.2572
1.8094
1.0081
0.06903
-0.81437
-1.2282
-1.1727
-1.0345
-1.0205
-0.90997
-0.703
-0.5099
-0.055112
0.2204
-0.082632
-0.49568
-0.9636
-0.9221
-0.97693
-0.70158
-0.52263
-0.1925
-0.096231
-0.41233
-0.7008
-0.9754
-1.1675
-1.2771
-1.7436
-1.8667
-1.5918
-1.1525
-0.78185
-0.75424
-0.86376
-0.82245
-0.80856
-0.49325
-0.46574
-0.82171
-1.4377
-1.5879
-1.9161
-2.0251
-2.1067
-2.1336
-1.9554
-1.8729
-1.7632
-1.6671
-1.5711
-1.243
-1.1471
-0.77821
-0.43679
-0.08188
-0.095506
-0.27281
-0.28639
-0.28633
-0.19084
-0.73595
-1.0356
-1.3895
-0.98062
-0.63998
-0.599
-0.77581
-1.1294
-1.0748
-1.197
-1.0607
-1.0333
-1.1554
-1.5492
-1.9565
-2.187
-2.2544
-2.0367
-1.5611
-1.2758
-1.4112
-1.7229
-2.1565
-2.5086
-2.6707
-2.1822
-1.8294
-1.8561
-2.0182
-2.1532
-1.9091
-1.9357
-1.9894
-1.8807
-2.0156
-1.623
-1.6226
-1.6493
-1.7976
-1.8648
-1.7293
-1.6479
-1.4719
-1.6201
-1.4578
-1.417
-1.3762
-1.3355
-1.6184
-1.5911
-1.766
-1.5904
-1.5227
-1.0778
-1.1583
-0.70025
-0.68663
-0.52496
-0.96894
-1.2109
-1.3721
-1.2507
-1.0353
-0.34952
-0.10752
-0.55093
-1.3166
-1.9744
-1.9472
-1.7185
-1.4497
-1.2749
-1.2478
-1.3012
-1.2741
-1.3275
-1.1529
-1.0588
-0.9514
-0.9512
-1.0715
-1.2588
-1.5531
-1.9276
-1.9807
-1.7929
-1.5116
-1.4846
-1.4709
-1.8583
-1.8044
-1.4299
-0.69473
-0.28051
-0.17361
-0.40055
-1.3883
-1.695
-1.9882
-1.6676
-1.3604
-1.4002
-1.5065
-1.8394
-2.2255
-2.5848
-2.7441
-2.3573
-2.0239
-1.4377
-1.5839
-1.4238
-1.0776
-0.91779
-1.0373
-1.1567
-1.9674
-2.2328
-2.1393
-1.8466
-1.7798
-1.3412
-1.2612
-0.62386
-0.49102
-0.87569
-1.0347
-1.2334
-0.92818
-0.45074
-0.39763
-0.60957
-0.92741
-1.0464
-1.5495
-1.6683
-2.1578
-2.197
-2.1436
-1.4685
-0.78038
-0.62153
-1.018
-1.8506
-2.1542
-2.4312
-2.2061
-2.417
-2.4165
-1.9011
-1.5575
-0.91058
-0.80484
-0.73872
-0.98916
-1.6878
-2.083
-1.9771
-1.3969
-0.97497
-0.59276
-0.36876
-0.42135
-0.76354
-1.0661
-1.2896
-1.3814
-1.6311
-1.7491
-1.8145
-1.7484
-1.4457
-1.0644
-0.81454
-0.73556
-0.74855
-0.709
-0.70886
-0.56435
-0.55111
-0.38045
0.32791
0.69503
1.062
1.088
1.232
1.5331
1.559
1.6503
1.5191
1.4009
1.7148
1.5836
1.2692
1.0727
0.91557
1.1115
0.64064
0.70587
0.62732
0.66639
0.50949
-0.013061
-0.14364
0.10445
0.091374
-0.052203
-0.32621
-0.48269
0.091301
0.24777
-0.091265
-0.4432
-0.87319
-1.2509
-1.3679
-1.4197
-1.5497
-1.6665
-1.2887
-1.3926
-1.2101
-1.1709
-0.76741
-0.44215
-0.55908
-1.2089
-1.5726
-1.7932
-1.7019
-1.5067
-1.3636
-1.0777
-0.64907
-0.72681
-0.93429
-1.2195
-1.3231
-1.4006
-1.4003
-1.3223
-0.97208
-0.47947
-0.22025
-0.23316
-0.45328
-0.91934
-1.0486
-0.88015
-0.65999
-0.47872
-0.49156
-0.68547
-0.84051
-0.81449
-0.68507
-0.59447
-0.38763
0.32296
0.72329
0.9685
0.83921
0.28398
-0.077435
-0.33549
-0.30962
-0.10319
0.27082
0.76072
0.88948
0.85064
0.57987
0.11595
-0.14169
-0.29621
0.25752
0.64369
0.78515
0.38607
-0.012866
-0.1415
-0.20578
-0.077154
-0.35998
-0.80981
-0.80966
-0.8866
-0.39825
-0.12844
0.26968
0.32099
0.26958
0.012835
-0.41063
-0.80828
-1.2186
-1.1671
-1.0515
-1.2564
-1.7048
-2.3836
-2.8701
-2.6774
-2.0109
-1.6775
-1.3187
-1.7409
-1.843
-1.881
-1.5352
-1.4326
-1.8032
-2.0842
-2.1222
-1.9428
-1.8147
-1.9165
-2.3505
-2.3373
-2.3497
-1.979
-2.0041
-2.9737
-3.5474
-3.5978
-3.4823
-2.9588
-2.7925
-2.8684
-2.8679
-2.9821
-2.4973
-2.1784
-1.7577
-1.5791
-1.1332
-0.90381
-0.9291
-1.158
-1.3613
-1.4756
-1.2591
-0.95368
-0.67381
-0.43218
-0.12709
0.22872
0.57169
0.83832
0.68577
0.4444
0.72361
0.81233
0.69797
0.2157
-0.19029
-0.40587
-0.4692
-0.34233
-0.53241
-0.62103
-0.86169
-1.3303
-1.5201
-1.4818
-1.089
-0.64568
-0.55696
-0.063279
0.24042
0.77173
0.65775
0.45528
0.10116
-0.16435
-0.4424
-0.72035
-1.213
-1.7055
-2.0083
-2.0458
-2.0834
-1.7295
-1.4137
-1.3377
-0.89584
-1.0471
-1.0847
-1.7403
-2.1939
-2.2943
-2.4074
-2.1801
-1.9151
-1.7258
-1.7633
-1.9771
-2.1404
-2.14
-2.4669
-2.4035
-2.3025
-2.1134
-1.6602
-1.3581
-1.2824
-0.77938
-0.4776
-0.51522
-0.52769
-0.6909
-0.52751
-0.43951
-0.46455
-0.51468
-0.36398
-0.22588
0
0.17562
0.050169
-0.08778
-0.13792
-0.25071
-0.25067
-0.13784
0.22552
0.4635
0.67634
0.3882
0.1252
-0.26288
-0.42555
-0.32536
-0.037535
0.20015
0.23764
-0.21259
-0.36259
-0.51254
-0.27498
-0.34991
0.024989
0.04997
0.21234
-0.2123
-0.54939
-1.1236
-1.5228
-1.3478
-1.3226
-1.2351
-1.3471
-1.5464
-1.6958
-1.8202
-1.9694
-1.6949
-1.57
-1.3455
-1.0214
-0.74726
-0.54789
-0.2241
-0.024896
0.012446
-0.32354
-0.7465
-0.87077
-1.1816
-1.256
-1.7034
-1.8274
-1.6904
-1.0936
-0.78277
-0.60872
-0.8943
-1.1425
-1.3037
-1.5394
-1.1419
-1.2038
-0.99267
-0.70716
-0.69464
-0.26045
-0.71921
-0.48352
-0.73136
-0.69406
-0.68155
-0.95402
-0.85476
-0.81746
-0.71825
-0.56955
-1.0027
-0.87881
-0.81678
-0.80427
-0.66806
-0.6061
-0.43286
-0.19785
-0.14836
-0.33375
-0.48201
-0.40779
-0.17297
-0.16059
-0.12351
-0.39517
-0.4198
-0.71602
-1.0245
-0.91324
-0.86374
-0.8636
-1.1102
-1.147
-1.3687
-1.2452
-1.2697
-1.2941
-0.94888
-0.73927
-0.87466
-1.3179
-1.798
-2.1917
-2.4253
-2.5111
-2.043
-1.5751
-1.218
-1.3531
-1.316
-1.697
-1.3525
-1.0941
-1.0448
-0.82339
-1.1182
-0.94598
-1.2038
-0.98253
-0.51574
-0.073666
0.17186
0.34367
-0.40497
-0.71165
-1.1532
-1.2389
-0.9198
-0.90739
-0.89499
-1.2626
-1.385
-1.4092
-1.3845
-1.6906
-2.021
-1.9717
-1.6163
-1.7385
-1.7015
-1.8481
-1.652
-1.3336
-1.1988
-1.2843
-1.7121
-1.7852
-1.6015
-1.7724
-1.7599
-1.7108
-1.6005
-1.5514
-1.5634
-1.2212
-0.79367
-0.47613
-0.62253
-0.95196
-1.025
-1.1225
-1.2443
-1.2807
-1.2073
-0.89011
-0.46327
-0.49977
-0.45094
-0.49962
-0.52391
-0.54819
-0.31668
-0.2801
-0.45053
-0.40176
-0.64515
-0.34078
-0.30422
-0.21901
-0.36496
-0.26759
-0.44998
-0.94845
-1.2158
-1.556
-1.264
-1.2638
-1.0449
-0.59528
-0.38869
-0.82585
-1.0686
-1.1656
-0.93473
-0.57046
-0.27912
-0.048535
0
-0.01213
-0.14554
-0.16977
-0.54561
-0.65464
-0.60605
-0.30298
-0.16964
0.30289
0.12114
0.58137
0.41175
0.32693
0.03632
-0.10894
-0.33888
-0.72607
-0.93165
-0.91941
-0.96766
-1.1005
-1.4873
-1.6201
-1.499
-1.4021
-1.2206
-0.89415
-0.68864
-0.62814
-0.44688
-0.57965
-0.65201
-0.98994
-1.2433
-1.3759
-1.4118
-1.2065
-1.2546
-0.96494
-0.9045
-0.71144
-0.81984
-0.7715
-0.94013
-1.1208
-1.1447
-1.3734
-1.4214
-1.3249
-0.9393
-0.45754
-0.48155
-0.325
-0.64991
-0.58965
-0.68582
-0.93835
-1.0465
-1.2989
-1.467
-1.0701
-0.68522
-0.56492
-0.55282
-0.80508
-0.84101
-0.73278
-0.42038
-0.55243
-0.42026
-0.46823
-0.46816
-0.46809
-0.58803
-0.63594
-0.70783
-0.73172
-0.79159
-0.69554
-0.88729
-0.76727
-0.53941
-0.58728
-0.71901
-0.76683
-0.91049
-0.69475
-0.50302
-0.49097
-0.22749
-0.047886
-0.02394
0.071809
-0.1077
-0.047859
-0.16748
-0.19138
-0.16744
0.39462
0.83694
0.81292
0.5857
0.17927
-0.023899
0.2748
0.21503
0.39417
0.011943
0.203
-0.13134
-0.45364
-1.0981
-1.277
-1.3603
-1.384
-1.3958
-1.2286
-1.2523
-0.93012
-0.76307
-0.90602
-0.98933
-1.2156
-1.1916
-1.1915
-1.2866
-1.3579
-1.2148
-0.75021
-0.54769
-0.64286
-0.90464
-1.0354
-0.73779
-0.70199
-0.65431
-0.91591
-1.1774
-1.3794
-1.6765
-1.379
-1.5572
-1.3549
-1.4498
-1.5803
-1.687
-1.4967
-1.449
-1.4725
-1.3299
-1.116
-0.67662
-0.83082
-0.91378
-1.3645
-1.4711
-1.8861
-1.874
-1.4231
-0.83003
-0.1067
-0.059272
-0.17779
-0.35553
-0.13035
-0.20142
-0.20139
-0.29612
-0.45004
-0.69865
-0.86432
-0.91156
-0.86409
-0.93498
-0.89935
-0.66259
-0.29576
-0.26023
-0.41395
-0.65041
-0.83951
-0.82758
-0.99296
-1.2174
-1.0872
-0.83895
-0.99243
-0.79147
-0.85043
-0.63773
-0.86201
-0.96815
-0.83817
-0.47214
-0.18883
0.118
0.15339
0.30673
0.21232
0.2005
-0.023585
-0.15328
-0.58948
-0.91947
-1.1315
-1.2963
-0.75413
-0.74225
-0.68325
-0.9423
-1.0364
-0.98915
-1.0243
-0.69458
-0.45907
-0.29424
0.011768
-0.31769
-0.60001
-0.96459
-0.85861
-0.74089
-0.57618
-0.28217
0.1058
0.29385
0.68165
0.5993
0.21149
-0.17622
-0.59907
-0.41107
-0.2701
-0.31703
-0.58702
-1.0448
-0.84509
-0.63373
-0.42243
-0.26985
-0.3754
-0.57476
-0.64505
-0.51598
0.15243
0.37516
0.23444
-0.011721
0.011719
-0.32809
-0.046865
-0.21086
-0.35139
-0.28108
-0.46841
-0.9484
-1.2293
-1.8963
-1.8259
-2.0948
-2.0711
-2.2229
-2.2344
-2.351
-2.187
-2.0932
-2.0111
-2.0926
-2.0456
-1.7882
-1.7646
-1.6592
-1.8927
-1.6939
-1.1564
-1.0978
-1.086
-1.5763
-1.541
-1.3891
-1.5523
-1.9839
-2.4621
-2.2634
-2.2631
-2.0179
-1.9593
-1.8075
-1.6324
-1.3757
-1.189
-1.2238
-1.0139
-1.0837
-1.0369
-1.2116
-1.3628
-1.386
-1.5721
-1.2226
-1.432
-1.3969
-1.3618
-1.1405
-1.1753
-1.0006
-0.80272
-0.84915
-1.0468
-1.0466
-0.97674
-0.75572
-0.6975
-0.7439
-0.62759
-0.68562
-0.95277
-1.3012
-1.7076
-1.87
-1.8814
-1.5676
-1.3468
-1.0797
-1.0911
-1.1258
-1.1837
-1.1836
-1.6591
-1.9953
-2.1342
-1.8904
-1.6699
-1.8204
-1.8318
-1.5417
-0.97361
-0.70694
-0.49828
-0.83422
-0.8457
-1.1236
-0.91499
-1.0423
-0.74108
-0.72941
-0.70617
-0.70608
-0.84488
-0.76377
-1.1224
-1.4346
-1.5154
-1.6309
-1.2953
-1.272
-1.5609
-1.8151
-1.8611
-1.5141
-1.2828
-1.2364
-1.2247
-1.2708
-0.88945
-0.63524
-0.57742
-0.93531
-0.88902
-0.33478
0.011543
0.1385
-0.39236
-0.75002
-1.0268
-1.2228
-1.4188
-1.3609
-1.4645
-1.0954
-0.9108
-0.85305
-0.58784
-0.28812
-0.51856
-0.44936
-0.51844
-0.61053
-0.50679
-0.36853
-0.35697
0.069084
-0.011513
-0.27627
-0.52945
-1.0588
-1.3118
-1.1621
-1.1389
-0.74769
-0.26454
-0.034501
0.022998
-0.14947
-0.14945
-0.19541
-0.24136
-0.31029
-0.64348
-0.70085
-0.87309
-1.0108
-0.97625
-0.95317
-0.7234
-0.48221
-0.55103
-0.75758
-0.94113
-1.3312
-1.4114
-1.4341
-1.5946
-1.4912
-1.7433
-1.6743
-1.8576
-1.5019
-1.1578
-0.89406
-0.75643
-0.97407
-1.226
-1.3176
-1.0539
-0.61853
-0.34359
-0.29774
-0.37786
-0.37782
-0.35488
-0.30905
-0.09156
-0.30898
-0.5149
-0.89239
-1.2698
-1.0638
-0.8349
-0.61752
-0.53741
-0.62881
-0.19434
-0.068582
-0.57145
-1.0285
-1.2912
-1.0854
-0.8682
-0.59396
-0.50253
-0.19414
-0.1256
-0.034251
-0.22832
-0.33102
-0.42229
-0.51353
-0.68463
-0.8671
-0.90122
-0.93534
-0.87821
-0.75266
-0.72977
-0.63847
-0.5016
-0.18238
-0.056987
-0.022792
-0.079764
-0.37599
-0.59239
-1.1391
-1.3554
-1.2299
-0.8768
-0.34157
-0.22769
-0.35287
-0.35283
-0.30727
-0.50068
-0.69405
-0.97838
-1.1034
-1.3762
-1.3079
-1.6034
-1.4554
-1.4097
-1.1367
-1.1594
-1.0569
-0.69318
-0.5113
-0.30675
-0.55663
-0.95411
-1.6241
-1.9305
-1.8621
-1.6689
-1.6801
-1.714
-1.8046
-1.6228
-1.5432
-1.3615
-1.0891
-0.79401
-0.52172
-0.1134
0.10205
0.39683
0.48747
0.61211
0.44203
0.15866
-0.29462
-0.69114
-0.88366
-0.66833
-0.50969
-0.44168
-0.33971
-0.66803
-0.60003
-0.76976
-0.80363
-0.98462
-1.3127
-1.3917
-1.4142
-1.4367
-1.4026
-1.3572
-1.3344
-1.1873
-0.98363
-1.0287
-0.91559
-1.0059
-0.89278
-0.83618
-0.58752
-0.57616
-0.42925
-0.53085
-0.44044
-0.31618
-0.36131
-0.58706
-0.82405
-0.71109
-0.82387
-0.67708
-0.58673
-0.64308
-0.73325
-0.67677
-0.94738
-0.87961
-1.1952
-1.5108
-1.7023
-2.0064
-1.7582
-1.9271
-1.6001
-1.1042
-0.48443
-0.20276
0.022527
-0.078834
-0.11261
-0.37157
-0.73179
-0.84428
-1.058
-0.83284
-0.38261
0.090017
0.33753
0.47248
0.15748
-0.011247
-0.22492
-0.25863
-0.14616
-0.033726
-0.29226
-0.28099
-0.2922
-0.089898
0.24719
0.033704
-0.17974
-0.33697
-0.29201
-0.31443
-0.1572
0.044909
0.2582
0.28062
0.15713
0.11222
-0.20198
-0.46002
-0.68434
-0.78522
-0.65054
-0.5271
-0.26913
-0.29153
-0.24665
-0.13452
-0.067253
0.067246
0.1681
0.089641
0.033612
0.21285
0.30244
0.41441
0.38077
0.19036
-0.12316
-0.60455
-0.86195
-1.1753
-1.0073
-0.94
-0.66017
-0.52584
-0.31323
0
0.54803
0.69336
0.87219
0.95036
0.872
0.73777
0.13412
-0.30175
-0.45816
-0.18995
0.089378
-0.011171
-0.39094
-0.89348
-1.3177
-1.7307
-2.0543
-1.8978
-1.6744
-1.1719
-0.81468
-0.54678
-0.43515
-0.26775
-0.30119
-0.25654
-0.33458
-0.368
-0.23416
-0.42367
-0.36788
-0.28982
-0.14489
-0.13373
-0.10029
-0.36768
-0.49019
-0.65723
-0.65716
-0.80187
-1.0022
-1.2025
-1.0911
-1.1912
-1.4025
-1.7029
-2.0811
-1.9584
-1.847
-1.6243
-1.5128
-1.3903
-1.0788
-1.0008
-1.0118
-0.91167
-0.96715
-0.73362
-0.88914
-0.78903
-0.86673
-1.0777
-1.2665
-1.3219
-1.455
-1.255
-0.84396
-0.78835
-0.59953
-0.89919
-1.6428
-1.8646
-1.9643
-1.7643
-1.6088
-1.5421
-1.309
-1.1092
-1.2643
-1.4416
-1.4969
-1.4524
-1.2194
-1.1639
-1.33
-1.2634
-1.2189
-1.108
-1.0746
-1.3847
-1.4731
-1.3733
-1.4728
-1.2734
-1.4282
-1.3838
-1.1733
-1.2175
-1.2395
-1.5381
-1.6596
-1.3497
-1.0951
-0.90698
-0.68569
-0.38704
-0.033172
0.28746
0.30954
0.18791
0.21
0.099462
-0.16575
-0.33147
-0.47505
-0.37558
-0.45286
-0.4749
-0.50798
-0.53001
-0.48579
-0.44158
-0.4305
-0.61808
-0.8277
-1.0373
-0.91579
-1.1253
-1.2134
-1.0037
-1.2463
-1.3895
-1.6099
-1.753
-1.2678
-0.87082
-0.74949
-0.67226
-0.70525
-0.89249
-1.3551
-1.6855
-1.7073
-1.3216
-1.2554
-1.1121
-1.2992
-1.5963
-1.6182
-1.3098
-1.1776
-1.0344
-1.2103
-1.0562
-1.2981
-1.221
-1.6388
-1.5286
-1.6934
-1.3524
-1.4292
-1.517
-1.9015
-1.9783
-1.8572
-1.3186
-1.1756
-1.0436
-1.1314
-1.1533
-0.99938
-1.0212
-1.0211
-0.95515
-1.2734
-1.5586
-1.8329
-1.9534
-1.7776
-1.7664
-1.4042
-1.1298
-0.80068
-0.40578
-0.26318
-0.23026
-0.44951
-0.81122
-1.118
-1.5454
-1.9288
-2.0381
-1.8517
-1.5338
-1.4241
-1.3801
-1.8071
-1.774
-1.6096
-1.708
-1.7406
-2.3753
-2.3094
-2.2435
-1.8493
-1.5865
-1.7942
-1.5753
-1.9032
-1.6952
-1.7169
-1.9136
-1.9024
-2.2849
-2.3283
-2.3609
-2.2951
-2.5571
-2.4803
-2.4801
-2.4361
-2.1628
-2.0752
-1.9002
-1.8236
-1.5395
-1.2118
-1.1244
-1.1024
-1.0368
-0.86211
-0.97113
-0.84011
-1.2873
-1.2981
-1.2761
-0.98153
-0.39257
-0.065421
0.33798
0.46875
0.43601
0.23978
-0.35963
-1.1986
-1.6343
-1.7649
-1.3181
-0.99118
-0.57722
-0.22869
-0.097998
0.04355
-0.021773
-0.2177
-0.57686
-1.1209
-1.1317
-1.0554
-0.69629
-0.63094
-0.41333
-0.36979
0.054375
-0.22835
-0.51101
-0.89146
-0.67396
-0.63041
-0.60861
-0.49988
-0.3803
-0.065188
0.14123
0.30415
0.23895
0.20634
-0.076013
0.18458
0.26056
1.0421
1.1723
1.107
0.71624
0.50999
0.34719
-0.043395
-0.52068
-0.84602
-0.7917
-0.93259
-1.0951
-1.0625
-1.1383
-1.0514
-0.99714
-0.76945
-0.58515
-0.4009
-0.39002
-0.38998
-0.22746
-0.075813
-0.064976
0.11911
0.45474
0.85525
0.87681
0.35718
-0.27056
-0.61682
-0.62757
-0.41113
-0.56254
-0.85453
-1.1681
-1.1463
-1.2976
-0.95148
-0.76759
-0.19458
-0.24861
-0.61604
-1.0374
-1.3831
-1.3397
-1.2208
-0.83176
-0.73447
-0.58319
-0.52914
-1.1985
-1.1552
-1.3278
-1.1226
-0.84186
-0.75544
-0.77694
-0.98186
-1.3162
-1.4779
-1.3914
-1.3266
-0.93821
-0.36662
-0.24798
0.12937
-0.086236
-0.075449
-0.36643
-0.73278
-1.0452
-1.1097
-1.1635
-1.0125
-1.4217
-1.5077
-1.4106
-0.97981
-0.81822
-0.83966
-0.99026
-1.1624
-1.3452
-1.4527
-1.3664
-1.6998
-1.7211
-2.0329
-2.2262
-1.9249
-1.957
-1.8062
-1.8813
-1.9886
-1.7089
-1.3971
-1.1713
-1.2464
-1.1925
-1.0098
-0.74115
-0.37591
-0.49399
-0.64427
-0.59052
-0.81591
-0.72995
-0.85867
-0.91224
-1.0302
-0.93351
-0.36478
-0.2682
-0.20381
-0.547
-0.71854
-1.008
-1.0615
-1.0185
-0.92192
-0.55738
-0.28938
-0.21433
-0.33218
-0.75001
-0.91063
-1.0712
-1.1354
-1.2959
-1.0388
-1.1243
-0.73875
-0.5888
-0.14986
-0.064219
0.20334
-0.34243
-0.60989
-1.0057
-0.94139
-0.42786
0.010695
0.39569
0.58812
0.18176
0.085527
-0.064139
-0.074821
-0.24581
-0.20304
-0.18165
-0.27779
-0.42732
-0.68365
-0.7797
-0.29903
0.042715
0.4271
0.1815
-0.16013
-0.13876
-0.36289
-0.43755
-0.52287
-0.32009
-0.096018
0.53338
0.58665
0.74657
0.2666
0.15995
0.14927
0.021322
-0.095938
-0.1812
-0.29841
-0.26641
-0.35163
-0.31963
-0.56461
-0.93737
-1.3953
-1.6614
-1.5654
-1.2245
-1.0008
-0.7984
-0.75574
-0.95788
-1.309
-1.5961
-1.6704
-1.8192
-1.819
-1.6593
-1.6059
-1.6696
-1.9459
-1.85
-1.4352
-1.2118
-0.8503
-0.60577
-0.34005
-0.42502
-0.031873
-0.010623
0.084977
0.2549
-0.074339
0.053094
-0.084941
-0.54144
-0.85985
-1.1039
-1.1568
-1.1567
-1.4219
-1.2308
-0.73201
-1.1032
