1.0524
1.0523
1.0522
1.0521
1.0521
1.052
1.0519
1.0518
1.0518
1.0517
1.0516
1.0515
1.0514
1.0513
1.0512
1.0511
1.051
1.0509
1.0508
1.0507
1.0506
1.0504
1.0503
1.0502
1.0501
1.05
1.0498
1.0497
1.0496
1.0494
1.0493
1.0491
1.049
1.0489
1.0487
1.0486
1.0484
1.0483
1.0481
1.0479
1.0478
1.0476
1.0474
1.0473
1.0471
1.0469
1.0467
1.0466
1.0464
1.0462
1.046
1.0458
1.0456
1.0454
1.0452
1.045
1.0448
1.0446
1.0444
1.0442
1.044
1.0438
1.0436
1.0434
1.0431
1.0429
1.0427
1.0425
1.0422
1.042
1.0418
1.0415
1.0413
1.0411
1.0408
1.0406
1.0403
1.0401
1.0398
1.0396
1.0393
1.039
1.0388
1.0385
1.0383
1.038
1.0377
1.0374
1.0372
1.0369
1.0366
1.0363
1.036
1.0358
1.0355
1.0352
1.0349
1.0346
1.0343
1.034
1.0337
1.0334
1.0331
1.0328
1.0325
1.0322
1.0318
1.0315
1.0312
1.0309
1.0306
1.0302
1.0299
1.0296
1.0293
1.0289
1.0286
1.0282
1.0279
1.0276
1.0272
1.0269
1.0265
1.0262
1.0258
1.0255
1.0251
1.0248
1.0244
1.024
1.0237
1.0233
1.023
1.0226
1.0222
1.0218
1.0215
1.0211
1.0207
1.0203
1.0199
1.0196
1.0192
1.0188
1.0184
1.018
1.0176
1.0172
1.0168
1.0164
1.016
1.0156
1.0152
1.0148
1.0144
1.014
1.0136
1.0132
1.0127
1.0123
1.0119
1.0115
1.0111
1.0106
1.0102
1.0098
1.0094
1.0089
1.0085
1.0081
1.0076
1.0072
1.0067
1.0063
1.0059
1.0054
1.005
1.0045
1.0041
1.0036
1.0032
1.0027
1.0023
1.0018
1.0013
1.0009
1.0004
0.99996
0.9995
0.99903
0.99856
0.99809
0.99762
0.99715
0.99667
0.9962
0.99572
0.99524
0.99476
0.99428
0.9938
0.99331
0.99283
0.99234
0.99185
0.99136
0.99087
0.99038
0.98988
0.98939
0.98889
0.98839
0.98789
0.98739
0.98689
0.98638
0.98588
0.98537
0.98487
0.98436
0.98385
0.98333
0.98282
0.98231
0.98179
0.98128
0.98076
0.98024
0.97972
0.9792
0.97867
0.97815
0.97763
0.9771
0.97657
0.97604
0.97551
0.97498
0.97445
0.97392
0.97338
0.97285
0.97231
0.97177
0.97124
0.9707
0.97016
0.96961
0.96907
0.96853
0.96798
0.96744
0.96689
0.96634
0.96579
0.96524
0.96469
0.96414
0.96359
0.96303
0.96248
0.96192
0.96136
0.96081
0.96025
0.95969
0.95913
0.95857
0.958
0.95744
0.95688
0.95631
0.95575
0.95518
0.95461
0.95404
0.95347
0.9529
0.95233
0.95176
0.95119
0.95062
0.95004
0.94947
0.94889
0.94832
0.94774
0.94716
0.94659
0.94601
0.94543
0.94485
0.94427
0.94368
0.9431
0.94252
0.94193
0.94135
0.94077
0.94018
0.93959
0.93901
0.93842
0.93783
0.93724
0.93665
0.93606
0.93547
0.93488
0.93429
0.9337
0.93311
0.93251
0.93192
0.93133
0.93073
0.93014
0.92954
0.92895
0.92835
0.92775
0.92716
0.92656
0.92596
0.92536
0.92476
0.92416
0.92356
0.92296
0.92236
0.92176
0.92116
0.92056
0.91996
0.91936
0.91875
0.91815
0.91755
0.91694
0.91634
0.91574
0.91513
0.91453
0.91392
0.91332
0.91271
0.91211
0.9115
0.91089
0.91029
0.90968
0.90907
0.90847
0.90786
0.90725
0.90665
0.90604
0.90543
0.90482
0.90421
0.90361
0.903
0.90239
0.90178
0.90117
0.90056
0.89995
0.89935
0.89874
0.89813
0.89752
0.89691
0.8963
0.89569
0.89508
0.89447
0.89386
0.89326
0.89265
0.89204
0.89143
0.89082
0.89021
0.8896
0.88899
0.88838
0.88778
0.88717
0.88656
0.88595
0.88534
0.88473
0.88413
0.88352
0.88291
0.8823
0.88169
0.88109
0.88048
0.87987
0.87927
0.87866
0.87805
0.87745
0.87684
0.87624
0.87563
0.87502
0.87442
0.87381
0.87321
0.87261
0.872
0.8714
0.87079
0.87019
0.86959
0.86899
0.86838
0.86778
0.86718
0.86658
0.86598
0.86538
0.86478
0.86418
0.86358
0.86298
0.86238
0.86178
0.86118
0.86059
0.85999
0.85939
0.8588
0.8582
0.85761
0.85701
0.85642
0.85582
0.85523
0.85464
0.85404
0.85345
0.85286
0.85227
0.85168
0.85109
0.8505
0.84991
0.84932
0.84873
0.84815
0.84756
0.84697
0.84639
0.8458
0.84522
0.84464
0.84405
0.84347
0.84289
0.84231
0.84173
0.84115
0.84057
0.83999
0.83941
0.83883
0.83825
0.83768
0.8371
0.83653
0.83595
0.83538
0.83481
0.83424
0.83366
0.83309
0.83252
0.83195
0.83139
0.83082
0.83025
0.82969
0.82912
0.82856
0.82799
0.82743
0.82687
0.82631
0.82574
0.82519
0.82463
0.82407
0.82351
0.82295
0.8224
0.82184
0.82129
0.82074
0.82018
0.81963
0.81908
0.81853
0.81798
0.81744
0.81689
0.81634
0.8158
0.81525
0.81471
0.81417
0.81363
0.81309
0.81255
0.81201
0.81147
0.81093
0.8104
0.80986
0.80933
0.8088
0.80827
0.80773
0.8072
0.80668
0.80615
0.80562
0.8051
0.80457
0.80405
0.80352
0.803
0.80248
0.80196
0.80144
0.80093
0.80041
0.7999
0.79938
0.79887
0.79836
0.79785
0.79734
0.79683
0.79632
0.79581
0.79531
0.7948
0.7943
0.7938
0.7933
0.7928
0.7923
0.7918
0.79131
0.79081
0.79032
0.78982
0.78933
0.78884
0.78835
0.78787
0.78738
0.78689
0.78641
0.78593
0.78544
0.78496
0.78448
0.78401
0.78353
0.78305
0.78258
0.7821
0.78163
0.78116
0.78069
0.78022
0.77976
0.77929
0.77883
0.77836
0.7779
0.77744
0.77698
0.77652
0.77607
0.77561
0.77516
0.77471
0.77426
0.77381
0.77336
0.77291
0.77246
0.77202
0.77158
0.77113
0.77069
0.77025
0.76982
0.76938
0.76894
0.76851
0.76808
0.76765
0.76722
0.76679
0.76636
0.76594
0.76551
0.76509
0.76467
0.76425
0.76383
0.76341
0.763
0.76258
0.76217
0.76176
0.76135
0.76094
0.76054
0.76013
0.75973
0.75932
0.75892
0.75852
0.75813
0.75773
0.75733
0.75694
0.75655
0.75616
0.75577
0.75538
0.75499
0.75461
0.75423
0.75385
0.75347
0.75309
0.75271
0.75233
0.75196
0.75159
0.75122
0.75085
0.75048
0.75011
0.74975
0.74938
0.74902
0.74866
0.7483
0.74795
0.74759
0.74724
0.74688
0.74653
0.74618
0.74584
0.74549
0.74515
0.7448
0.74446
0.74412
0.74378
0.74345
0.74311
0.74278
0.74245
0.74212
0.74179
0.74146
0.74114
0.74081
0.74049
0.74017
0.73985
0.73954
0.73922
0.73891
0.73859
0.73828
0.73797
0.73767
0.73736
0.73706
0.73675
0.73645
0.73616
0.73586
0.73556
0.73527
0.73498
0.73469
0.7344
0.73411
0.73382
0.73354
0.73326
0.73298
0.7327
0.73242
0.73214
0.73187
0.7316
0.73133
0.73106
0.73079
0.73053
0.73027
0.73
0.72974
0.72948
0.72923
0.72897
0.72872
0.72847
0.72822
0.72797
0.72772
0.72748
0.72723
0.72699
0.72675
0.72652
0.72628
0.72605
0.72581
0.72558
0.72535
0.72513
0.7249
0.72468
0.72445
0.72423
0.72402
0.7238
0.72358
0.72337
0.72316
0.72295
0.72274
0.72253
0.72233
0.72213
0.72193
0.72173
0.72153
0.72133
0.72114
0.72095
0.72076
0.72057
0.72038
0.7202
0.72002
0.71983
0.71966
0.71948
0.7193
0.71913
0.71896
0.71878
0.71862
0.71845
0.71828
0.71812
0.71796
0.7178
0.71764
0.71749
0.71733
0.71718
0.71703
0.71688
0.71673
0.71659
0.71644
0.7163
0.71616
0.71602
0.71589
0.71575
0.71562
0.71549
0.71536
0.71524
0.71511
0.71499
0.71487
0.71475
0.71463
0.71451
0.7144
0.71429
0.71417
0.71407
0.71396
0.71385
0.71375
0.71365
0.71355
0.71345
0.71336
0.71326
0.71317
0.71308
0.71299
0.7129
0.71282
0.71274
0.71266
0.71258
0.7125
0.71242
0.71235
0.71228
0.71221
0.71214
0.71207
0.71201
0.71195
0.71189
0.71183
0.71177
0.71172
0.71166
0.71161
0.71156
0.71151
0.71147
0.71142
0.71138
0.71134
0.7113
0.71127
0.71123
0.7112
0.71117
0.71114
0.71111
0.71108
0.71106
0.71104
0.71102
0.711
0.71098
0.71097
0.71096
0.71095
0.71094
0.71093
0.71093
0.71092
0.71092
0.71092
0.71092
0.71093
0.71094
0.71094
0.71095
0.71096
0.71098
0.71099
0.71101
0.71103
0.71105
0.71107
0.7111
0.71113
0.71115
0.71118
0.71122
0.71125
0.71129
0.71132
0.71136
0.71141
0.71145
0.7115
0.71154
0.71159
0.71164
0.71169
0.71175
0.7118
0.71186
0.71192
0.71198
0.71205
0.71211
0.71218
0.71225
0.71232
0.71239
0.71247
0.71254
0.71262
0.7127
0.71278
0.71287
0.71295
0.71304
0.71313
0.71322
0.71332
0.71341
0.71351
0.71361
0.71371
0.71381
0.71391
0.71402
0.71413
0.71424
0.71435
0.71446
0.71458
0.7147
0.71481
0.71494
0.71506
0.71518
0.71531
0.71544
0.71557
0.7157
0.71583
0.71597
0.7161
0.71624
0.71638
0.71653
0.71667
0.71682
0.71697
0.71712
0.71727
0.71742
0.71758
0.71773
0.71789
0.71805
0.71822
0.71838
0.71855
0.71871
0.71888
0.71906
0.71923
0.7194
0.71958
0.71976
0.71994
0.72012
0.72031
0.72049
0.72068
0.72087
0.72106
0.72125
0.72145
0.72165
0.72184
0.72204
0.72225
0.72245
0.72266
0.72286
0.72307
0.72328
0.7235
0.72371
0.72393
0.72414
0.72436
0.72459
0.72481
0.72503
0.72526
0.72549
0.72572
0.72595
0.72618
0.72642
0.72665
0.72689
0.72713
0.72738
0.72762
0.72787
0.72811
0.72836
0.72861
0.72887
0.72912
0.72938
0.72963
0.72989
0.73015
0.73042
0.73068
0.73095
0.73122
0.73149
0.73176
0.73203
0.7323
0.73258
0.73286
0.73314
0.73342
0.7337
0.73399
0.73427
0.73456
0.73485
0.73514
0.73544
0.73573
0.73603
0.73633
0.73663
0.73693
0.73723
0.73753
0.73784
0.73815
0.73846
0.73877
0.73908
0.7394
0.73971
0.74003
0.74035
0.74067
0.74099
0.74132
0.74164
0.74197
0.7423
0.74263
0.74296
0.7433
0.74363
0.74397
0.74431
0.74465
0.74499
0.74533
0.74568
0.74602
0.74637
0.74672
0.74707
0.74742
0.74778
0.74813
0.74849
0.74885
0.74921
0.74957
0.74993
0.7503
0.75067
0.75104
0.75141
0.75178
0.75215
0.75252
0.7529
0.75327
0.75365
0.75403
0.75441
0.75479
0.75518
0.75556
0.75595
0.75634
0.75673
0.75712
0.75752
0.75791
0.75831
0.7587
0.7591
0.7595
0.7599
0.76031
0.76071
0.76112
0.76152
0.76193
0.76234
0.76276
0.76317
0.76358
0.764
0.76442
0.76483
0.76525
0.76567
0.7661
0.76652
0.76695
0.76737
0.7678
0.76823
0.76866
0.76909
0.76953
0.76996
0.7704
0.77083
0.77127
0.77171
0.77215
0.7726
0.77304
0.77349
0.77393
0.77438
0.77483
0.77528
0.77573
0.77618
0.77664
0.77709
0.77755
0.77801
0.77846
0.77892
0.77939
0.77985
0.78031
0.78078
0.78124
0.78171
0.78218
0.78265
0.78312
0.78359
0.78406
0.78454
0.78501
0.78549
0.78597
0.78645
0.78693
0.78741
0.78789
0.78837
0.78886
0.78935
0.78983
0.79032
0.79081
0.7913
0.79179
0.79228
0.79278
0.79327
0.79377
0.79426
0.79476
0.79526
0.79576
0.79626
0.79676
0.79726
0.79777
0.79827
0.79878
0.79928
0.79979
0.8003
0.80081
0.80132
0.80183
0.80234
0.80286
0.80337
0.80388
0.8044
0.80492
0.80544
0.80595
0.80647
0.80699
0.80752
0.80804
0.80856
0.80909
0.80961
0.81014
0.81066
0.81119
0.81172
0.81225
0.81278
0.81331
0.81384
0.81437
0.81491
0.81544
0.81598
0.81651
0.81705
0.81758
0.81812
0.81866
0.8192
0.81974
0.82028
0.82082
0.82137
0.82191
0.82245
0.823
0.82354
0.82409
0.82463
0.82518
0.82573
0.82628
0.82682
0.82737
0.82792
0.82848
0.82903
0.82958
0.83013
0.83068
0.83124
0.83179
0.83235
0.8329
0.83346
0.83402
0.83457
0.83513
0.83569
0.83625
0.83681
0.83737
0.83793
0.83849
0.83905
0.83961
0.84017
0.84073
0.8413
0.84186
0.84242
0.84299
0.84355
0.84412
0.84468
0.84525
0.84581
0.84638
0.84695
0.84752
0.84808
0.84865
0.84922
0.84979
0.85036
0.85093
0.85149
0.85206
0.85263
0.85321
0.85378
0.85435
0.85492
0.85549
0.85606
0.85663
0.8572
0.85778
0.85835
0.85892
0.85949
0.86007
0.86064
0.86121
0.86179
0.86236
0.86294
0.86351
0.86408
0.86466
0.86523
0.86581
0.86638
0.86695
0.86753
0.8681
0.86868
0.86926
0.86983
0.8704
0.87098
0.87155
0.87213
0.8727
0.87328
0.87385
0.87442
0.875
0.87557
0.87615
0.87672
0.8773
0.87787
0.87845
0.87902
0.87959
0.88017
0.88074
0.88131
0.88189
0.88246
0.88303
0.88361
0.88418
0.88475
0.88533
0.8859
0.88647
0.88704
0.88761
0.88818
0.88875
0.88933
0.8899
0.89047
0.89104
0.89161
0.89217
0.89274
0.89331
0.89388
0.89445
0.89502
0.89558
0.89615
0.89672
0.89728
0.89785
0.89841
0.89898
0.89954
0.90011
0.90067
0.90124
0.9018
0.90236
0.90292
0.90348
0.90404
0.90461
0.90517
0.90572
0.90628
0.90684
0.9074
0.90796
0.90851
0.90907
0.90963
0.91018
0.91073
0.91129
0.91184
0.91239
0.91295
0.9135
0.91405
0.9146
0.91515
0.9157
0.91625
0.91679
0.91734
0.91789
0.91843
0.91898
0.91952
0.92006
0.9206
0.92115
0.92169
0.92223
0.92277
0.92331
0.92384
0.92438
0.92492
0.92545
0.92599
0.92652
0.92705
0.92758
0.92812
0.92865
0.92918
0.9297
0.93023
0.93076
0.93128
0.93181
0.93233
0.93286
0.93338
0.9339
0.93442
0.93494
0.93546
0.93597
0.93649
0.93701
0.93752
0.93803
0.93855
0.93906
0.93957
0.94008
0.94059
0.94109
0.9416
0.9421
0.94261
0.94311
0.94361
0.94411
0.94461
0.94511
0.94561
0.9461
0.9466
0.94709
0.94759
0.94808
0.94857
0.94906
0.94955
0.95003
0.95052
0.951
0.95149
0.95197
0.95245
0.95293
0.95341
0.95388
0.95436
0.95483
0.95531
0.95578
0.95625
0.95672
0.95719
0.95766
0.95812
0.95859
0.95905
0.95951
0.95997
0.96043
0.96089
0.96134
0.9618
0.96225
0.9627
0.96316
0.9636
0.96405
0.9645
0.96494
0.96539
0.96583
0.96627
0.96671
0.96715
0.96758
0.96802
0.96845
0.96888
0.96932
0.96974
0.97017
0.9706
0.97102
0.97145
0.97187
0.97229
0.97271
0.97313
0.97354
0.97396
0.97437
0.97478
0.97519
0.9756
0.97601
0.97641
0.97681
0.97722
0.97762
0.97802
0.97841
0.97881
0.9792
0.97959
0.97999
0.98037
0.98076
0.98115
0.98153
0.98192
0.9823
0.98268
0.98305
0.98343
0.98381
0.98418
0.98455
0.98492
0.98529
0.98565
0.98602
0.98638
0.98674
0.9871
0.98746
0.98782
0.98817
0.98852
0.98888
0.98923
0.98957
0.98992
0.99026
0.99061
0.99095
0.99129
0.99162
0.99196
0.99229
0.99263
0.99296
0.99329
0.99361
0.99394
0.99426
0.99458
0.9949
0.99522
0.99554
0.99585
0.99617
0.99648
0.99679
0.99709
0.9974
0.99771
0.99801
0.99831
0.99861
0.9989
0.9992
0.99949
0.99978
1.0001
1.0004
1.0006
1.0009
1.0012
1.0015
1.0018
1.0021
1.0023
1.0026
1.0029
1.0031
1.0034
1.0037
1.0039
1.0042
1.0045
1.0047
1.005
1.0052
1.0055
1.0057
1.006
1.0062
1.0065
1.0067
1.007
1.0072
1.0075
1.0077
1.0079
1.0082
1.0084
1.0086
1.0089
1.0091
1.0093
1.0095
1.0097
1.01
1.0102
1.0104
1.0106
1.0108
1.011
1.0112
1.0114
1.0116
1.0119
1.0121
1.0123
1.0124
1.0126
1.0128
1.013
1.0132
1.0134
1.0136
1.0138
1.014
1.0141
1.0143
1.0145
1.0147
1.0148
1.015
1.0152
1.0154
1.0155
1.0157
1.0158
1.016
1.0162
1.0163
1.0165
1.0166
1.0168
1.0169
1.0171
1.0172
1.0174
1.0175
1.0177
1.0178
1.0179
1.0181
1.0182
1.0183
1.0185
1.0186
1.0187
1.0188
1.019
1.0191
1.0192
1.0193
1.0194
1.0196
1.0197
1.0198
1.0199
1.02
1.0201
1.0202
1.0203
1.0204
1.0205
1.0206
1.0207
1.0208
1.0209
1.021
1.0211
1.0211
1.0212
1.0213
1.0214
1.0215
1.0215
1.0216
1.0217
1.0218
1.0218
1.0219
1.022
1.022
1.0221
1.0222
1.0222
1.0223
1.0224
1.0224
1.0225
1.0225
1.0226
1.0226
1.0227
1.0227
1.0228
1.0228
1.0228
1.0229
1.0229
1.023
1.023
1.023
1.0231
1.0231
1.0231
1.0232
1.0232
1.0232
1.0232
1.0232
1.0233
1.0233
1.0233
1.0233
1.0233
1.0233
1.0234
1.0234
1.0234
1.0234
1.0234
1.0234
1.0234
1.0234
1.0234
1.0234
1.0234
1.0234
1.0234
1.0234
1.0233
1.0233
1.0233
1.0233
1.0233
1.0233
1.0233
1.0232
1.0232
1.0232
1.0232
1.0231
1.0231
1.0231
1.0231
1.023
1.023
1.023
1.0229
1.0229
1.0228
1.0228
1.0228
1.0227
1.0227
1.0226
1.0226
1.0225
1.0225
1.0224
1.0224
1.0223
1.0223
1.0222
1.0222
1.0221
1.0221
1.022
1.0219
1.0219
1.0218
1.0217
1.0217
1.0216
1.0215
1.0215
1.0214
1.0213
1.0212
1.0212
1.0211
1.021
1.0209
1.0209
1.0208
1.0207
1.0206
1.0205
1.0204
1.0204
1.0203
1.0202
1.0201
1.02
1.0199
1.0198
1.0197
1.0196
1.0195
1.0194
1.0193
1.0192
1.0191
1.019
1.0189
1.0188
1.0187
1.0186
1.0185
1.0184
1.0183
1.0182
1.0181
1.0179
1.0178
1.0177
1.0176
1.0175
1.0174
1.0172
1.0171
1.017
1.0169
1.0168
1.0166
1.0165
1.0164
1.0163
1.0161
1.016
1.0159
1.0157
1.0156
1.0155
1.0153
1.0152
1.0151
1.0149
1.0148
1.0147
1.0145
1.0144
1.0142
1.0141
1.014
1.0138
1.0137
1.0135
1.0134
1.0132
1.0131
1.0129
1.0128
1.0127
1.0125
1.0124
1.0122
1.012
1.0119
1.0117
1.0116
1.0114
1.0113
1.0111
1.011
1.0108
1.0106
1.0105
1.0103
1.0102
1.01
1.0098
1.0097
1.0095
1.0093
1.0092
1.009
1.0088
1.0087
1.0085
1.0083
1.0082
1.008
1.0078
1.0076
1.0075
1.0073
1.0071
1.0069
1.0068
1.0066
1.0064
1.0062
1.0061
1.0059
1.0057
1.0055
1.0053
1.0052
1.005
1.0048
1.0046
1.0044
1.0042
1.0041
1.0039
1.0037
1.0035
1.0033
1.0031
1.0029
1.0028
1.0026
1.0024
1.0022
1.002
1.0018
1.0016
1.0014
1.0012
1.001
1.0008
1.0006
1.0004
1.0002
1
0.99985
0.99965
0.99945
0.99925
0.99905
0.99885
0.99865
0.99845
0.99825
0.99805
0.99784
0.99764
0.99744
0.99723
0.99703
0.99682
0.99662
0.99641
0.99621
0.996
0.99579
0.99558
0.99538
0.99517
0.99496
0.99475
0.99454
0.99433
0.99412
0.99391
0.99369
0.99348
0.99327
0.99306
0.99284
0.99263
0.99241
0.9922
0.99198
0.99177
0.99155
0.99133
0.99112
0.9909
0.99068
0.99046
0.99024
0.99003
0.98981
0.98959
0.98937
0.98914
0.98892
0.9887
0.98848
0.98826
0.98803
0.98781
0.98759
0.98736
0.98714
0.98691
0.98669
0.98646
0.98624
0.98601
0.98578
0.98556
0.98533
0.9851
0.98487
0.98465
0.98442
0.98419
0.98396
0.98373
0.9835
0.98326
0.98303
0.9828
0.98257
0.98234
0.9821
0.98187
0.98164
0.9814
0.98117
0.98093
0.9807
0.98046
0.98023
0.97999
0.97976
0.97952
0.97928
0.97904
0.97881
0.97857
0.97833
0.97809
0.97785
0.97761
0.97737
0.97713
0.97689
0.97665
0.97641
0.97616
0.97592
0.97568
0.97544
0.97519
0.97495
0.97471
0.97446
0.97422
0.97397
0.97373
0.97348
0.97323
0.97299
0.97274
0.97249
0.97225
0.972
0.97175
0.9715
0.97125
0.971
0.97075
0.9705
0.97025
0.97
0.96975
0.9695
0.96925
0.969
0.96874
0.96849
0.96824
0.96798
0.96773
0.96747
0.96722
0.96697
0.96671
0.96645
0.9662
0.96594
0.96568
0.96543
0.96517
0.96491
0.96465
0.96439
0.96413
0.96388
0.96362
0.96336
0.96309
0.96283
0.96257
0.96231
0.96205
0.96179
0.96152
0.96126
0.961
0.96073
0.96047
0.9602
0.95994
0.95967
0.95941
0.95914
0.95888
0.95861
0.95834
0.95807
0.95781
0.95754
0.95727
0.957
0.95673
0.95646
0.95619
0.95592
0.95565
0.95538
0.95511
0.95483
0.95456
0.95429
0.95401
0.95374
0.95347
0.95319
0.95292
0.95264
0.95237
0.95209
0.95181
0.95154
0.95126
0.95098
0.9507
0.95043
0.95015
0.94987
0.94959
0.94931
0.94903
0.94875
0.94847
0.94819
0.9479
0.94762
0.94734
0.94705
0.94677
0.94649
0.9462
0.94592
0.94563
0.94535
0.94506
0.94477
0.94449
0.9442
0.94391
0.94362
0.94333
0.94305
0.94276
0.94247
0.94218
0.94189
0.9416
0.9413
0.94101
0.94072
0.94043
0.94013
0.93984
0.93955
0.93925
0.93896
0.93866
0.93837
0.93807
0.93778
0.93748
0.93718
0.93689
0.93659
0.93629
0.93599
0.93569
0.93539
0.93509
0.93479
0.93449
0.93419
0.93389
0.93359
0.93328
0.93298
0.93268
0.93237
0.93207
0.93176
0.93146
0.93115
0.93085
0.93054
0.93024
0.92993
0.92962
0.92931
0.92901
0.9287
0.92839
0.92808
0.92777
0.92746
0.92715
0.92684
0.92653
0.92621
0.9259
0.92559
0.92528
0.92496
0.92465
0.92433
0.92402
0.92371
0.92339
0.92308
0.92276
0.92244
0.92212
0.9218
0.92149
0.92117
0.92085
0.92053
0.92021
0.91989
0.91957
0.91925
0.91893
0.91861
0.91829
0.91797
0.91764
0.91732
0.917
0.91667
0.91635
0.91603
0.9157
0.91538
0.91505
0.91472
0.9144
0.91407
0.91374
0.91342
0.91309
0.91276
0.91243
0.91211
0.91178
0.91145
0.91112
0.91079
0.91046
0.91013
0.9098
0.90946
0.90913
0.9088
0.90847
0.90814
0.9078
0.90747
0.90714
0.9068
0.90647
0.90613
0.9058
0.90546
0.90513
0.90479
0.90446
0.90412
0.90378
0.90345
0.90311
0.90277
0.90244
0.9021
0.90176
0.90142
0.90108
0.90074
0.9004
0.90006
0.89972
0.89938
0.89904
0.8987
0.89836
0.89802
0.89768
0.89734
0.897
0.89666
0.89631
0.89597
0.89563
0.89529
0.89494
0.8946
0.89426
0.89391
0.89357
0.89322
0.89288
0.89254
0.89219
0.89185
0.8915
0.89116
0.89081
0.89047
0.89012
0.88978
0.88943
0.88908
0.88874
0.88839
0.88805
0.8877
0.88735
0.88701
0.88666
0.88631
0.88597
0.88562
0.88527
0.88492
0.88458
0.88423
0.88388
0.88353
0.88319
0.88284
0.88249
0.88214
0.8818
0.88145
0.8811
0.88075
0.88041
0.88006
0.87971
0.87936
0.87901
0.87867
0.87832
0.87797
0.87762
0.87728
0.87693
0.87658
0.87623
0.87589
0.87554
0.87519
0.87484
0.8745
0.87415
0.8738
0.87345
0.87311
0.87276
0.87241
0.87207
0.87172
0.87137
0.87103
0.87068
0.87034
0.86999
0.86964
0.8693
0.86895
0.86861
0.86826
0.86792
0.86757
0.86723
0.86688
0.86654
0.8662
0.86585
0.86551
0.86517
0.86482
0.86448
0.86414
0.8638
0.86345
0.86311
0.86277
0.86243
0.86209
0.86175
0.86141
0.86107
0.86073
0.86039
0.86005
0.85971
0.85938
0.85904
0.8587
0.85836
0.85803
0.85769
0.85736
0.85702
0.85668
0.85635
0.85601
0.85568
0.85535
0.85501
0.85468
0.85435
0.85402
0.85369
0.85336
0.85303
0.8527
0.85237
0.85204
0.85171
0.85138
0.85105
0.85073
0.8504
0.85008
0.84975
0.84943
0.8491
0.84878
0.84846
0.84813
0.84781
0.84749
0.84717
0.84685
0.84653
0.84621
0.84589
0.84558
0.84526
0.84495
0.84463
0.84432
0.844
0.84369
0.84338
0.84306
0.84275
0.84244
0.84213
0.84182
0.84152
0.84121
0.8409
0.8406
0.84029
0.83999
0.83968
0.83938
0.83908
0.83878
0.83848
0.83818
0.83788
0.83758
0.83728
0.83699
0.83669
0.8364
0.8361
0.83581
0.83552
0.83523
0.83494
0.83465
0.83436
0.83407
0.83379
0.8335
0.83322
0.83294
0.83265
0.83237
0.83209
0.83181
0.83153
0.83126
0.83098
0.8307
0.83043
0.83016
0.82988
0.82961
0.82934
0.82907
0.82881
0.82854
0.82827
0.82801
0.82774
0.82748
0.82722
0.82696
0.8267
0.82644
0.82619
0.82593
0.82568
0.82542
0.82517
0.82492
0.82467
0.82442
0.82417
0.82393
0.82368
0.82344
0.8232
0.82296
0.82272
0.82248
0.82224
0.822
0.82177
0.82154
0.8213
0.82107
0.82084
0.82062
0.82039
0.82016
0.81994
0.81972
0.81949
0.81927
0.81905
0.81884
0.81862
0.81841
0.81819
0.81798
0.81777
0.81756
0.81735
0.81715
0.81694
0.81674
0.81654
0.81634
0.81614
0.81594
0.81574
0.81555
0.81536
0.81517
0.81498
0.81479
0.8146
0.81441
0.81423
0.81405
0.81387
0.81369
0.81351
0.81333
0.81316
0.81299
0.81281
0.81265
0.81248
0.81231
0.81215
0.81198
0.81182
0.81166
0.8115
0.81134
0.81119
0.81104
0.81088
0.81073
0.81059
0.81044
0.81029
0.81015
0.81001
0.80987
0.80973
0.80959
0.80946
0.80933
0.8092
0.80906
0.80893
0.80881
0.80868
0.80856
0.80844
0.80832
0.8082
0.80809
0.80797
0.80786
0.80775
0.80764
0.80754
0.80743
0.80733
0.80723
0.80713
0.80703
0.80693
0.80684
0.80675
0.80666
0.80657
0.80648
0.8064
0.80632
0.80624
0.80616
0.80608
0.806
0.80593
0.80586
0.80579
0.80572
0.80566
0.80559
0.80553
0.80547
0.80541
0.80536
0.8053
0.80525
0.8052
0.80515
0.80511
0.80506
0.80502
0.80498
0.80494
0.80491
0.80487
0.80484
0.80481
0.80478
0.80475
0.80473
0.80471
0.80469
0.80467
0.80465
0.80464
0.80462
0.80461
0.80461
0.8046
0.8046
0.80459
0.80459
0.8046
0.8046
0.80461
0.80461
0.80462
0.80464
0.80465
0.80467
0.80468
0.80471
0.80473
0.80475
0.80478
0.80481
0.80484
0.80487
0.80491
0.80494
0.80498
0.80503
0.80507
0.80511
0.80516
0.80521
0.80526
0.80532
0.80537
0.80543
0.80549
0.80556
0.80562
0.80569
0.80576
0.80583
0.8059
0.80597
0.80605
0.80613
0.80621
0.8063
0.80638
0.80647
0.80656
0.80665
0.80675
0.80684
0.80694
0.80704
0.80715
0.80725
0.80736
0.80747
0.80758
0.8077
0.80781
0.80793
0.80805
0.80817
0.8083
0.80842
0.80855
0.80868
0.80882
0.80895
0.80909
0.80923
0.80937
0.80952
0.80966
0.80981
0.80996
0.81011
0.81027
0.81042
0.81058
0.81074
0.81091
0.81107
0.81124
0.81141
0.81158
0.81176
0.81193
0.81211
0.81229
0.81248
0.81266
0.81285
0.81304
0.81323
0.81342
0.81362
0.81381
0.81401
0.81422
0.81442
0.81463
0.81484
0.81505
0.81526
0.81548
0.81569
0.81591
0.81613
0.81635
0.81658
0.81681
0.81704
0.81727
0.8175
0.81774
0.81798
0.81822
0.81846
0.8187
0.81895
0.8192
0.81945
0.8197
0.81995
0.82021
0.82047
0.82073
0.82099
0.82126
0.82153
0.8218
0.82207
0.82234
0.82262
0.82289
0.82317
0.82345
0.82374
0.82402
0.82431
0.8246
0.82489
0.82519
0.82548
0.82578
0.82608
0.82638
0.82668
0.82699
0.8273
0.82761
0.82792
0.82823
0.82855
0.82886
0.82918
0.8295
0.82983
0.83015
0.83048
0.83081
0.83114
0.83147
0.83181
0.83215
0.83248
0.83282
0.83317
0.83351
0.83386
0.83421
0.83456
0.83491
0.83526
0.83562
0.83598
0.83633
0.8367
0.83706
0.83742
0.83779
0.83816
0.83853
0.8389
0.83927
0.83965
0.84003
0.84041
0.84079
0.84117
0.84156
0.84194
0.84233
0.84272
0.84311
0.8435
0.8439
0.8443
0.84469
0.84509
0.8455
0.8459
0.8463
0.84671
0.84712
0.84753
0.84794
0.84835
0.84877
0.84918
0.8496
0.85002
0.85044
0.85087
0.85129
0.85172
0.85214
0.85257
0.853
0.85344
0.85387
0.85431
0.85474
0.85518
0.85562
0.85606
0.8565
0.85695
0.8574
0.85784
0.85829
0.85874
0.85919
0.85964
0.8601
0.86055
0.86101
0.86147
0.86193
0.86239
0.86285
0.86332
0.86378
0.86425
0.86471
0.86518
0.86565
0.86613
0.8666
0.86707
0.86755
0.86802
0.8685
0.86898
0.86946
0.86994
0.87042
0.87091
0.87139
0.87188
0.87237
0.87285
0.87334
0.87383
0.87433
0.87482
0.87531
0.87581
0.8763
0.8768
0.8773
0.8778
0.8783
0.8788
0.8793
0.8798
0.88031
0.88081
0.88132
0.88182
0.88233
0.88284
0.88335
0.88386
0.88437
0.88488
0.8854
0.88591
0.88643
0.88694
0.88746
0.88797
0.88849
0.88901
0.88953
0.89005
0.89057
0.89109
0.89161
0.89214
0.89266
0.89319
0.89371
0.89424
0.89476
0.89529
0.89582
0.89634
0.89687
0.8974
0.89793
0.89846
0.89899
0.89952
0.90006
0.90059
0.90112
0.90165
0.90219
0.90272
0.90326
0.90379
0.90433
0.90486
0.9054
0.90594
0.90647
0.90701
0.90755
0.90809
0.90862
0.90916
0.9097
0.91024
0.91078
0.91132
0.91186
0.9124
0.91294
0.91348
0.91402
0.91456
0.9151
0.91564
0.91618
0.91672
0.91726
0.91781
0.91835
0.91889
0.91943
0.91997
0.92051
0.92105
0.9216
0.92214
0.92268
0.92322
0.92376
0.9243
0.92484
0.92538
0.92592
0.92646
0.927
0.92755
0.92809
0.92863
0.92916
0.9297
0.93024
0.93078
0.93132
0.93186
0.9324
0.93293
0.93347
0.93401
0.93455
0.93508
0.93562
0.93615
0.93669
0.93722
0.93776
0.93829
0.93883
0.93936
0.93989
0.94042
0.94095
0.94149
0.94202
0.94255
0.94308
0.9436
0.94413
0.94466
0.94519
0.94571
0.94624
0.94676
0.94729
0.94781
0.94833
0.94886
0.94938
0.9499
0.95042
0.95094
0.95146
0.95197
0.95249
0.95301
0.95352
0.95404
0.95455
0.95506
0.95557
0.95608
0.95659
0.9571
0.95761
0.95812
0.95862
0.95913
0.95963
0.96014
0.96064
0.96114
0.96164
0.96214
0.96264
0.96313
0.96363
0.96412
0.96462
0.96511
0.9656
0.96609
0.96658
0.96707
0.96755
0.96804
0.96852
0.96901
0.96949
0.96997
0.97045
0.97092
0.9714
0.97188
0.97235
0.97282
0.97329
0.97376
0.97423
0.9747
0.97517
0.97563
0.97609
0.97655
0.97701
0.97747
0.97793
0.97839
0.97884
0.97929
0.97975
0.9802
0.98064
0.98109
0.98154
0.98198
0.98242
0.98286
0.9833
0.98374
0.98417
0.98461
0.98504
0.98547
0.9859
0.98633
0.98675
0.98718
0.9876
0.98802
0.98844
0.98886
0.98927
0.98969
0.9901
0.99051
0.99092
0.99133
0.99173
0.99214
0.99254
0.99294
0.99334
0.99373
0.99413
0.99452
0.99491
0.9953
0.99569
0.99607
0.99645
0.99684
0.99721
0.99759
0.99797
0.99834
0.99871
0.99908
0.99945
0.99982
1.0002
1.0005
1.0009
1.0013
1.0016
1.002
1.0023
1.0027
1.003
1.0034
1.0037
1.0041
1.0044
1.0047
1.0051
1.0054
1.0057
1.0061
1.0064
1.0067
1.007
1.0074
1.0077
1.008
1.0083
1.0086
1.0089
1.0092
1.0095
1.0098
1.0101
1.0104
1.0107
1.011
1.0113
1.0116
1.0119
1.0122
1.0125
1.0128
1.013
1.0133
1.0136
1.0139
1.0141
1.0144
1.0147
1.0149
1.0152
1.0155
1.0157
1.016
1.0162
1.0165
1.0167
1.017
1.0172
1.0175
1.0177
1.0179
1.0182
1.0184
1.0186
1.0189
1.0191
1.0193
1.0195
1.0197
1.02
1.0202
1.0204
1.0206
1.0208
1.021
1.0212
1.0214
1.0216
1.0218
1.022
1.0222
1.0224
1.0226
1.0227
1.0229
1.0231
1.0233
1.0235
1.0236
1.0238
1.024
1.0241
1.0243
1.0244
1.0246
1.0248
1.0249
1.0251
1.0252
1.0254
1.0255
1.0256
1.0258
1.0259
1.0261
1.0262
1.0263
1.0264
1.0266
1.0267
1.0268
1.0269
1.0271
1.0272
1.0273
1.0274
1.0275
1.0276
1.0277
1.0278
1.0279
1.028
1.0281
1.0282
1.0283
1.0283
1.0284
1.0285
1.0286
1.0287
1.0287
1.0288
1.0289
1.029
1.029
1.0291
1.0291
1.0292
1.0293
1.0293
1.0294
1.0294
1.0295
1.0295
1.0295
1.0296
1.0296
1.0297
1.0297
1.0297
1.0298
1.0298
1.0298
1.0298
1.0298
1.0299
1.0299
1.0299
1.0299
1.0299
1.0299
1.0299
1.0299
1.0299
1.0299
1.0299
1.0299
1.0299
1.0299
1.0299
1.0299
1.0299
1.0298
1.0298
1.0298
1.0298
1.0297
1.0297
1.0297
1.0297
1.0296
1.0296
1.0295
1.0295
1.0295
1.0294
1.0294
1.0293
1.0293
1.0292
1.0291
1.0291
1.029
1.029
1.0289
1.0288
1.0288
1.0287
1.0286
1.0286
1.0285
1.0284
1.0283
1.0282
1.0282
1.0281
1.028
1.0279
1.0278
1.0277
1.0276
1.0275
1.0274
1.0273
1.0272
1.0271
1.027
1.0269
1.0268
1.0267
1.0266
1.0264
1.0263
1.0262
1.0261
1.026
1.0258
1.0257
1.0256
1.0255
1.0253
1.0252
1.0251
1.0249
1.0248
1.0246
1.0245
1.0244
1.0242
1.0241
1.0239
1.0238
1.0236
1.0235
1.0233
1.0232
1.023
1.0228
1.0227
1.0225
1.0223
1.0222
1.022
1.0218
1.0217
1.0215
1.0213
1.0211
1.021
1.0208
1.0206
1.0204
1.0203
1.0201
1.0199
1.0197
1.0195
1.0193
1.0191
1.0189
1.0187
1.0185
1.0183
1.0181
1.0179
1.0177
1.0175
1.0173
1.0171
1.0169
1.0167
1.0165
1.0163
1.0161
1.0159
1.0156
1.0154
1.0152
1.015
1.0148
1.0146
1.0143
1.0141
1.0139
1.0137
1.0134
1.0132
1.013
1.0127
1.0125
1.0123
1.012
1.0118
1.0116
1.0113
1.0111
1.0108
1.0106
1.0104
1.0101
1.0099
1.0096
1.0094
1.0091
1.0089
1.0086
1.0084
1.0081
1.0079
1.0076
1.0074
1.0071
1.0069
1.0066
1.0063
1.0061
1.0058
1.0056
1.0053
1.005
1.0048
1.0045
1.0042
1.004
1.0037
1.0034
1.0032
1.0029
1.0026
1.0023
1.0021
1.0018
1.0015
1.0012
1.001
1.0007
1.0004
1.0001
0.99984
0.99956
0.99928
0.999
0.99872
0.99843
0.99815
0.99786
0.99757
0.99729
0.997
0.99671
0.99642
0.99613
0.99584
0.99555
0.99526
0.99496
0.99467
0.99438
0.99408
0.99379
0.99349
0.99319
0.9929
0.9926
0.9923
0.992
0.9917
0.9914
0.9911
0.9908
0.9905
0.99019
0.98989
0.98959
0.98928
0.98898
0.98867
0.98837
0.98806
0.98776
0.98745
0.98714
0.98683
0.98652
0.98621
0.98591
0.9856
0.98528
0.98497
0.98466
0.98435
0.98404
0.98373
0.98341
0.9831
0.98279
0.98247
0.98216
0.98184
0.98153
0.98121
0.98089
0.98058
0.98026
0.97994
0.97963
0.97931
0.97899
0.97867
0.97835
0.97803
0.97771
0.97739
0.97707
0.97675
0.97643
0.97611
0.97579
0.97547
0.97515
0.97483
0.9745
0.97418
0.97386
0.97354
0.97321
0.97289
0.97257
0.97224
0.97192
0.97159
0.97127
0.97094
0.97062
0.97029
0.96997
0.96964
0.96932
0.96899
0.96867
0.96834
0.96801
0.96769
0.96736
0.96703
0.96671
0.96638
0.96605
0.96573
0.9654
0.96507
0.96474
0.96442
0.96409
0.96376
0.96343
0.9631
0.96278
0.96245
0.96212
0.96179
0.96146
0.96113
0.96081
0.96048
0.96015
0.95982
0.95949
0.95916
0.95884
0.95851
0.95818
0.95785
0.95752
0.95719
0.95686
0.95653
0.9562
0.95587
0.95554
0.95521
0.95489
0.95456
0.95423
0.9539
0.95357
0.95324
0.95291
0.95258
0.95225
0.95193
0.9516
0.95127
0.95094
0.95061
0.95028
0.94995
0.94963
0.9493
0.94897
0.94864
0.94831
0.94798
0.94766
0.94733
0.947
0.94667
0.94635
0.94602
0.94569
0.94536
0.94504
0.94471
0.94438
0.94405
0.94373
0.9434
0.94307
0.94275
0.94242
0.94209
0.94177
0.94144
0.94112
0.94079
0.94047
0.94014
0.93981
0.93949
0.93916
0.93884
0.93851
0.93819
0.93787
0.93754
0.93722
0.93689
0.93657
0.93625
0.93592
0.9356
0.93527
0.93495
0.93463
0.93431
0.93398
0.93366
0.93334
0.93302
0.9327
0.93237
0.93205
0.93173
0.93141
0.93109
0.93077
0.93045
0.93013
0.92981
0.92949
0.92917
0.92885
0.92853
0.92821
0.92789
0.92757
0.92725
0.92694
0.92662
0.9263
0.92598
0.92566
0.92535
0.92503
0.92471
0.9244
0.92408
0.92376
0.92345
0.92313
0.92282
0.9225
0.92219
0.92187
0.92156
0.92124
0.92093
0.92062
0.9203
0.91999
0.91968
0.91936
0.91905
0.91874
0.91843
0.91812
0.9178
0.91749
0.91718
0.91687
0.91656
0.91625
0.91594
0.91563
0.91532
0.91501
0.9147
0.91439
0.91408
0.91378
0.91347
0.91316
0.91285
0.91255
0.91224
0.91193
0.91163
0.91132
0.91101
0.91071
0.9104
0.9101
0.90979
0.90949
0.90919
0.90888
0.90858
0.90827
0.90797
0.90767
0.90737
0.90706
0.90676
0.90646
0.90616
0.90586
0.90556
0.90526
0.90496
0.90466
0.90436
0.90406
0.90376
0.90346
0.90316
0.90286
0.90257
0.90227
0.90197
0.90168
0.90138
0.90108
0.90079
0.90049
0.90019
0.8999
0.8996
0.89931
0.89901
0.89872
0.89843
0.89813
0.89784
0.89755
0.89725
0.89696
0.89667
0.89638
0.89609
0.8958
0.89551
0.89522
0.89493
0.89464
0.89435
0.89406
0.89377
0.89348
0.89319
0.89291
0.89262
0.89233
0.89204
0.89176
0.89147
0.89119
0.8909
0.89062
0.89033
0.89005
0.88976
0.88948
0.88919
0.88891
0.88863
0.88835
0.88806
0.88778
0.8875
0.88722
0.88694
0.88666
0.88638
0.8861
0.88582
0.88554
0.88526
0.88498
0.8847
0.88443
0.88415
0.88387
0.88359
0.88332
0.88304
0.88277
0.88249
0.88222
0.88194
0.88167
0.88139
0.88112
0.88085
0.88057
0.8803
0.88003
0.87976
0.87948
0.87921
0.87894
0.87867
0.8784
0.87813
0.87786
0.87759
0.87733
0.87706
0.87679
0.87652
0.87626
0.87599
0.87572
0.87546
0.87519
0.87493
0.87466
0.8744
0.87413
0.87387
0.87361
0.87334
0.87308
0.87282
0.87256
0.87229
0.87203
0.87177
0.87151
0.87125
0.871
0.87074
0.87048
0.87022
0.86996
0.8697
0.86944
0.86919
0.86893
0.86868
0.86842
0.86817
0.86791
0.86766
0.8674
0.86715
0.8669
0.86664
0.86639
0.86614
0.86589
0.86564
0.86539
0.86514
0.86489
0.86464
0.86439
0.86414
0.86389
0.86364
0.8634
0.86315
0.8629
0.86266
0.86241
0.86217
0.86192
0.86168
0.86144
0.86119
0.86095
0.86071
0.86047
0.86023
0.85998
0.85974
0.8595
0.85926
0.85903
0.85879
0.85855
0.85831
0.85807
0.85784
0.8576
0.85736
0.85713
0.85689
0.85666
0.85643
0.85619
0.85596
0.85573
0.85549
0.85526
0.85503
0.8548
0.85457
0.85434
0.85411
0.85388
0.85366
0.85343
0.8532
0.85297
0.85275
0.85252
0.8523
0.85207
0.85185
0.85162
0.8514
0.85118
0.85096
0.85073
0.85051
0.85029
0.85007
0.84985
0.84963
0.84942
0.8492
0.84898
0.84876
0.84855
0.84833
0.84812
0.8479
0.84769
0.84747
0.84726
0.84705
0.84684
0.84662
0.84641
0.8462
0.84599
0.84578
0.84558
0.84537
0.84516
0.84495
0.84475
