0.65327
0.73311
0.78126
0.88452
0.79941
0.73246
0.83459
0.87374
0.85218
0.7597
0.77842
0.75402
0.58779
0.51176
0.49644
0.54013
0.50495
0.56679
0.66608
0.85728
1.036
1.2414
1.4292
1.4615
1.3912
1.141
0.83629
0.63374
0.58722
0.58892
0.56963
0.54183
0.57247
0.5685
0.56566
0.6258
0.76197
0.97019
1.1892
1.3577
1.4371
1.4218
1.3424
1.2278
1.0854
0.90494
0.68481
0.56963
0.5685
0.67176
0.9787
1.2788
1.6068
1.7537
1.7168
1.5682
1.175
0.83062
0.50438
0.30978
0.25475
0.20765
0.19744
0.2746
0.438
0.58268
0.6536
0.69729
0.73814
0.68651
0.57871
0.46637
0.38637
0.34893
0.33134
0.31942
0.28879
0.25191
0.21219
0.16397
0.1356
0.14298
0.19177
0.26723
0.35347
0.45389
0.54977
0.62296
0.66608
0.6814
0.68878
0.68424
0.65247
0.55148
0.52821
0.61445
0.79487
1.0224
1.2732
1.55
1.7208
1.7815
1.735
1.5897
1.3401
1.0848
0.9282
0.8465
0.758
0.67573
0.60481
0.63715
0.60821
0.49474
0.37276
0.26666
0.29333
0.29333
0.30524
0.35574
0.44708
0.57304
0.65644
0.71147
0.74098
0.73473
0.69218
0.61616
0.50041
0.43914
0.45105
0.53616
0.70977
0.97132
1.293
1.5648
1.7305
1.7883
1.7112
1.4763
1.2159
1.0712
1.1262
1.2788
1.4854
1.659
1.6902
1.5171
1.2283
0.91629
0.64679
0.51063
0.48736
0.50949
0.59006
0.64169
0.63601
0.54637
0.52368
0.57247
0.54524
0.5129
0.47375
0.46864
0.47091
0.52821
0.58098
0.61899
0.56793
0.66098
0.82778
0.93728
1.015
1.1319
1.3985
1.5779
1.5971
1.4971
1.2936
1.084
0.92517
0.76814
0.65166
0.58105
0.60412
0.58981
0.49295
0.47784
0.53938
0.66961
0.81561
0.98266
1.1543
1.2326
1.2428
1.21
1.1608
1.1019
1.034
0.94872
0.82865
0.67127
0.52575
0.44062
0.40963
0.4314
0.51687
0.66835
0.83005
0.9282
0.94125
0.82721
0.7648
0.78863
0.86636
0.97927
1.1461
1.402
1.5478
1.5614
1.4808
1.3532
1.1398
0.92423
0.8414
0.77558
0.62977
0.54864
0.6014
0.6536
0.57133
0.44424
0.44878
0.46637
0.50438
0.64282
0.90097
1.2822
1.655
1.9597
2.1373
2.1407
1.9489
1.5892
1.1954
0.85672
0.61616
0.54694
0.69899
1.0456
1.4649
1.8326
2.1078
2.2666
2.2819
2.1696
1.95
1.6992
1.4507
1.1739
0.8987
0.88792
0.93955
1.0054
0.99515
0.99118
1.0604
0.90324
0.74098
0.65247
0.75686
1.0054
1.3044
1.5807
1.7815
1.8394
1.7492
1.5716
1.314
1.0803
0.93047
0.91516
1.0082
1.1296
1.251
1.3446
1.381
1.2669
1.091
1.0485
1.1166
1.28
1.5132
1.8564
2.1832
2.2621
2.0845
1.6913
1.4332
1.322
1.3185
1.3435
1.3583
1.3554
1.2913
1.1342
0.92991
0.78523
0.77105
0.89927
0.89927
0.82665
0.70296
0.54921
0.40226
0.29843
0.24397
0.23602
0.27801
0.35914
0.45219
0.52878
0.58325
0.59857
0.56226
0.48396
0.48169
0.57531
0.758
1.0411
1.4076
1.7792
2.0221
2.0731
1.9398
1.6272
1.2317
0.92764
0.75005
0.7319
0.85445
1.0593
1.2232
1.2607
1.171
0.94806
0.7075
0.53275
0.43857
0.3512
0.30001
0.46064
0.61759
0.73432
0.79223
0.8281
0.82491
0.68215
0.54567
0.40763
0.36242
0.47506
0.73152
1.0629
1.397
1.7335
2.0343
2.2461
2.3536
2.3475
2.2671
2.1369
1.9418
1.6834
1.3635
1.02
0.72045
0.46942
0.27669
0.15084
0.087815
0.098721
0.11574
0.12482
0.12595
0.11971
0.12425
0.1339
0.17361
0.25928
0.38354
0.51914
0.63431
0.69899
0.72849
0.74495
0.79658
0.91572
1.1052
1.3571
1.6368
1.8927
2.0556
2.0754
1.9234
1.6175
1.4513
1.3464
1.3407
1.297
1.2283
1.2113
1.0882
0.9231
0.68481
0.54467
0.52141
0.52368
0.45559
0.34609
0.28425
0.28425
0.37957
0.54183
0.70353
0.86977
0.98778
1.0309
0.97303
0.85331
0.70296
0.52594
0.40623
0.36652
0.38637
0.438
0.50836
0.58835
0.60708
0.55828
0.47431
0.39205
0.31091
0.23829
0.22921
0.29446
0.41077
0.54353
0.70523
0.87601
0.98267
0.99799
0.91742
0.79034
0.64339
0.49758
0.34042
0.36368
0.60424
0.90721
1.2028
1.3662
1.4859
1.4281
1.1727
0.89643
0.69332
0.70239
0.84877
1.1302
1.3821
1.5109
1.4167
1.293
1.1466
0.93331
0.82324
0.82608
0.97359
1.0513
1.0576
1.0008
0.85899
0.66154
0.54921
0.52254
0.54637
0.59176
0.65644
0.74438
0.74495
0.67289
0.58438
0.51403
0.49417
0.52992
0.60594
0.69672
0.76821
0.81019
0.8153
0.79714
0.76367
0.7353
0.71431
0.70183
0.69048
0.67573
0.66268
0.66552
0.72339
0.83572
0.99856
1.1665
1.3072
1.3946
1.3378
1.1336
1.0241
1.0349
1.1393
1.2726
1.4371
1.6505
1.6238
1.3963
1.2387
1.2419
1.3407
1.4506
1.5424
1.5795
1.406
1.0738
0.73161
0.44939
0.29883
0.31075
0.48329
0.74219
1.068
1.2604
1.3213
1.2422
1.1072
0.87476
0.56565
0.40566
0.4064
0.575
0.77706
1.052
1.3496
1.6287
1.8798
2.0683
2.1702
2.1764
2.1015
1.9591
1.7543
1.5029
1.2113
0.90381
0.73757
0.72225
0.95771
1.2034
1.4717
1.6669
1.7095
1.6073
1.209
0.90664
0.63374
0.43403
0.35801
0.3512
0.41417
0.35347
0.43063
0.66779
0.91856
1.2136
1.5461
1.9217
2.1163
2.1282
1.9727
1.6471
1.2766
1.0491
0.90891
0.83232
0.80509
0.8675
0.97643
0.9492
0.8397
0.68935
0.5407
0.43346
0.33645
0.26609
0.23772
0.2451
0.2695
0.24283
0.1912
0.14241
0.11688
0.13333
0.19744
0.32056
0.50949
0.74381
0.99232
1.2039
1.3464
1.3912
1.293
1.0615
1.0649
1.0916
1.2079
1.2334
1.1869
1.234
1.1268
1.0746
0.96622
0.94579
0.99572
0.93842
0.81019
0.61616
0.38127
0.26042
0.26553
0.35574
0.35517
0.30808
0.35517
0.39602
0.42552
0.48623
0.59857
0.7614
0.88225
0.95657
0.99402
0.99969
0.99459
0.98608
0.97132
0.96905
0.97757
1.0031
1.0167
0.99742
0.9509
0.88225
0.817
0.73587
0.63998
0.50892
0.46183
0.50609
0.63147
0.85899
1.2153
1.6425
2
2.1963
2.2167
2.0431
1.6828
1.2652
0.97246
0.79941
0.7302
0.66892
0.60538
0.63431
0.56339
0.44822
0.30581
0.22978
0.26326
0.34779
0.518
0.82097
1.0644
1.2329
1.2936
1.2085
1.0593
0.77161
0.49701
0.34779
0.32324
0.34486
0.31753
0.24688
0.29727
0.35109
0.3578
0.30062
0.35885
0.53634
0.68952
0.82566
0.93164
0.99534
0.94971
1.0064
1.0156
0.92619
0.77267
0.84437
0.96371
0.91521
0.87191
0.90816
1.0387
1.0425
0.99961
0.94469
0.89713
0.87788
0.91452
1.0008
1.1398
1.3072
1.461
1.5625
1.5761
1.5075
1.3645
1.1767
0.97586
0.77218
0.56906
0.44027
0.4068
0.45276
0.56963
0.72622
0.8936
0.97303
0.93331
0.79998
0.60991
0.46807
0.42382
0.49871
0.67573
0.9282
1.2051
1.4439
1.6113
1.7061
1.7531
1.7747
1.76
1.6839
1.5818
1.4621
1.2675
1.0854
1.099
1.1864
1.2539
1.1932
1.1415
1.0315
0.81587
0.58722
0.35063
0.31432
0.45446
0.7092
0.91459
1.0695
1.2368
1.3049
1.2431
1.0905
0.91459
0.78523
0.73417
0.76991
0.84991
0.95544
1.0683
1.1778
1.2539
1.2635
1.179
0.98664
0.85445
0.81416
0.86466
1.0139
1.2488
1.5699
1.7883
1.8644
1.7968
1.6005
1.318
1.0076
0.72168
0.60594
0.56793
0.60594
0.63942
0.64339
0.63942
0.57644
0.56396
0.57077
0.61445
0.62353
0.63147
0.76764
0.74835
0.60367
0.55942
0.66949
0.76878
0.72736
0.86863
1.1676
1.4002
1.5194
1.5971
1.5602
1.3702
1.0615
0.74268
0.52368
0.4085
0.37105
0.39942
0.49134
0.60878
0.69672
0.76594
0.82438
0.87147
0.89076
0.87544
0.83402
0.79601
0.77729
0.78183
0.7875
0.77615
0.73303
0.62637
0.52368
0.44765
0.42836
0.4902
0.63204
0.84877
1.0332
1.1347
1.1716
1.1603
1.1234
1.0581
0.94239
0.758
0.86758
1.0217
1.1883
1.2326
1.1936
1.2277
0.96889
0.66745
0.34669
0.18352
0.19715
0.29606
0.41595
0.4454
0.51245
0.63481
0.739
0.77708
0.80471
0.89943
0.90746
0.77797
0.60877
0.48117
0.39604
0.35443
0.33702
0.32564
0.3615
0.4238
0.50554
0.60027
0.7353
0.90664
1.0218
1.0275
0.93047
0.74608
0.59062
0.47375
0.40339
0.38297
0.40907
0.47942
0.49928
0.49644
0.48226
0.47602
0.4868
0.5163
0.55999
0.59346
0.61048
0.62013
0.63998
0.68651
0.75062
0.82551
0.897
0.93331
0.9282
0.85275
0.71261
0.58155
0.54297
0.66325
0.85899
1.1489
1.4956
1.798
1.9716
1.8853
1.5966
1.3549
1.238
1.2125
1.2647
1.3668
1.4939
1.4286
1.1835
0.87601
0.54921
0.32113
0.26836
0.39772
0.63885
0.97132
1.1869
1.2567
1.2215
1.2193
1.1994
1.1132
1.1132
1.1869
1.2437
1.0978
0.90778
0.76594
0.70466
0.71544
0.78239
0.90154
0.99005
0.99061
0.91005
0.77899
0.60821
0.51573
0.52878
0.66041
0.8953
1.2147
1.6073
1.9234
2.0987
2.0896
1.9052
1.6017
1.2039
0.92991
0.74495
0.63261
0.53275
0.47602
0.55942
0.59006
0.6241
0.66268
0.73644
0.74608
0.72679
0.78977
0.78183
0.71034
0.61275
0.59857
0.53105
0.34098
0.17645
0.093047
0.11631
0.17475
0.25531
0.31148
0.36311
0.40283
0.42552
0.42268
0.379
0.34439
0.42042
0.57871
0.7909
1.0542
1.402
1.7798
2.0573
2.198
2.1815
2.0261
1.7696
1.4734
1.1654
0.83743
0.68708
0.6536
0.63318
0.56679
0.49928
0.48963
0.39942
0.33701
0.33247
0.33853
0.33488
0.43107
0.56139
0.60158
0.56811
0.5212
0.51734
0.43421
0.31733
0.22927
0.16638
0.20762
0.28887
0.39329
0.49897
0.61129
0.76161
0.88526
0.93629
0.8887
0.76072
0.77245
0.92009
1.1678
1.4974
1.9098
2.3805
2.6603
2.7322
2.6017
2.2972
1.8479
1.4048
1.1812
1.04
0.94579
0.85899
0.81246
0.77672
0.56509
0.34042
0.1651
0.074892
0.093047
0.14468
0.24056
0.27006
0.31262
0.50836
0.7648
0.99515
1.1631
1.3742
1.5404
1.5404
1.4229
1.2647
1.1013
0.9509
0.83289
0.74722
0.68821
0.64509
0.59516
0.51516
0.41644
0.32567
0.24113
0.15546
0.095317
0.07319
0.073757
0.065814
0.054467
0.050495
0.052765
0.054467
0.051063
0.036879
0.027801
0.027233
0.044254
0.079431
0.12709
0.18042
0.22184
0.2451
0.22808
0.2434
0.29446
0.39772
0.53899
0.70523
0.86182
0.94749
0.93842
0.84423
0.69218
0.50552
0.41361
0.41985
0.6536
1.0474
1.5903
2.0987
2.3869
2.4238
2.1492
1.7049
1.1903
0.85218
0.80395
0.96452
1.1603
1.1892
1.2896
1.4541
1.6147
1.8008
2.0675
2.4703
2.6592
2.5645
2.2263
1.7282
1.2669
0.9282
0.70864
0.56169
0.50155
0.49247
0.43744
0.34098
0.25134
0.20539
0.17872
0.17758
0.18156
0.20368
0.2207
0.25077
0.31432
0.42439
0.56736
0.69161
0.79714
0.87941
0.9492
1.0037
1.053
1.0933
1.1296
1.1654
1.1909
1.2028
1.1858
1.1387
1.0439
0.87998
0.72963
0.67005
0.69332
0.80225
0.98324
1.2624
1.5115
1.6198
1.5852
1.4025
1.1342
0.84764
0.62467
0.52992
0.56906
0.71714
0.90238
1.0315
1.0839
1.0382
0.89775
0.69601
0.50693
0.37374
0.27123
0.25782
0.43594
0.65229
0.8554
0.96353
1.025
0.99912
0.78241
0.65175
0.5837
0.57793
0.56619
0.52823
0.53376
0.4959
0.49195
0.58941
0.8054
1.1265
1.4815
1.786
1.9608
1.9716
1.8258
1.5438
1.1722
0.8448
0.59743
0.44538
0.38921
0.4085
0.46524
0.45673
0.40339
0.35233
0.33928
0.3841
0.4902
0.64225
0.80736
0.94579
1.0286
1.036
0.96735
0.83346
0.65247
0.518
0.43857
0.41588
0.47942
0.63942
0.81473
0.90664
0.87714
0.77558
0.61729
0.48226
0.47999
0.58325
0.75573
0.91856
1.0292
1.0059
0.84253
0.68991
0.58268
0.50438
0.40339
0.45559
0.67346
0.94409
1.2715
1.7384
2.2093
2.4062
2.2365
1.9858
1.7259
1.4281
1.2749
1.339
1.6419
1.8836
2.0079
2.0045
1.8905
1.7271
1.5744
1.4502
1.3452
1.2561
1.1795
1.0808
0.92764
0.71658
0.52368
0.39545
0.32623
0.30694
0.33645
0.41134
0.47942
0.51176
0.5129
0.49587
0.46864
0.43744
0.40623
0.3807
0.3512
0.31602
0.26269
0.21333
0.17248
0.12198
0.139
0.23546
0.41644
0.63318
0.8465
1.0366
1.1166
1.0712
0.90267
0.68764
0.5146
0.45389
0.5424
0.74665
1.0235
1.2766
1.4201
1.4286
1.259
1.0082
0.85445
0.81076
0.85899
0.93955
1.0303
1.0774
0.95147
0.76197
0.57984
0.43687
0.35914
0.30127
0.32056
0.4607
0.59346
0.69672
0.71658
0.70637
0.73984
0.68935
0.65303
0.66779
0.78409
0.96111
1.0241
0.96735
0.81587
0.67743
0.56169
0.47885
0.47894
0.56493
0.75733
0.88421
0.92131
0.81767
0.82054
0.89893
0.97721
1.07
1.1613
1.294
1.2166
1.0065
0.74166
0.48224
0.32158
0.30325
0.43607
0.64988
0.85921
1.0362
1.1391
1.1543
1.0828
0.94545
0.78229
0.61315
0.44927
0.32096
0.22122
0.15716
0.11517
0.088509
0.089643
0.085104
0.072055
0.045389
0.034042
0.043687
0.065814
0.10553
0.17021
0.2417
0.36141
0.5197
0.77899
1.0978
1.4394
1.7605
1.9143
1.908
1.6987
1.3373
0.92877
0.64055
0.55034
0.66892
0.94069
1.3203
1.7253
2.0363
2.2394
2.3075
2.2689
2.1321
1.9114
1.6539
1.4014
1.1915
1.0139
0.88225
0.8153
0.77785
0.75516
0.7041
0.61048
0.49814
0.41701
0.3563
0.31262
0.30127
0.34155
0.40566
0.42268
0.4051
0.35914
0.29219
0.2173
0.14808
0.094749
0.07092
0.098721
0.18723
0.34155
0.55488
0.79941
1.0156
1.162
1.1898
1.0967
0.89189
0.70239
0.60311
0.63431
0.84083
1.28
1.7685
2.2048
2.4374
2.4334
2.2002
1.7361
1.3679
1.0366
0.81587
0.74098
0.82438
1.0258
1.1966
1.356
1.5211
1.6448
1.6839
1.609
1.4042
1.103
0.82665
0.63545
0.52141
0.4919
0.54637
0.66098
0.72849
0.70183
0.6241
0.49985
0.35914
0.22468
0.12368
0.075459
0.062977
0.074324
0.0817
0.098154
0.16
0.25758
0.37616
0.50665
0.65927
0.80963
0.90381
0.93218
0.89643
0.79544
0.63998
0.55204
0.52538
0.58268
0.72452
0.96395
1.2811
1.5001
1.6261
1.6221
1.5166
1.3225
1.0525
0.75516
0.60424
0.55772
0.5719
0.55034
0.50098
0.57531
0.58759
0.58871
0.59745
0.67654
0.78119
0.74192
0.73755
0.73764
0.71724
0.6117
0.57144
0.6719
0.74435
0.7952
0.83859
0.95011
1.0172
0.97088
0.81112
0.67351
0.60655
0.58299
0.59573
0.65928
0.79489
0.8643
0.79002
0.73099
0.76595
0.89112
1.0678
1.3089
1.6629
1.9926
2.215
2.3443
2.4022
2.392
2.3092
2.19
2.0714
2.0113
2.0045
2.0408
2.093
2.1191
2.0941
1.9659
1.7418
1.4377
1.0876
0.91459
0.91913
1.1126
1.3129
1.5495
1.7946
1.8575
1.7889
1.5404
1.3265
1.1716
1.1245
1.1699
1.2363
1.3384
1.4161
1.4167
1.2907
1.0428
0.83572
0.68821
0.61559
0.61786
0.72849
0.9492
1.1455
1.3163
1.478
1.6034
1.6697
1.6573
1.5597
1.3793
1.1188
0.83119
0.58892
0.40169
0.26326
0.18326
0.16964
0.19971
0.22127
0.23999
0.26666
0.2973
0.32737
0.36084
0.38637
0.40283
0.40566
0.39942
0.38751
0.37673
0.36935
0.36368
0.35006
0.32907
0.30013
0.26099
0.219
0.19517
0.21446
0.27857
0.38694
0.52538
0.68424
0.83743
0.96792
1.0678
1.1205
1.1075
1.0264
0.84877
0.79998
0.85275
1.0366
1.2629
1.491
1.7458
1.7458
1.5086
1.2085
0.99232
0.85275
0.7353
0.63772
0.68481
0.73303
0.69048
0.58722
0.48566
0.44538
0.43063
0.46751
0.63034
0.94976
1.3004
1.6153
1.7753
1.7089
1.4615
1.0638
0.67119
0.35517
0.16794
0.11858
0.15602
0.24794
0.35347
0.4363
0.46524
0.43346
0.36538
0.29049
0.23886
0.20425
0.16
0.28084
0.53616
0.84367
1.1251
1.3787
1.6017
1.5949
1.3709
1.1606
1.0376
0.92416
0.78119
0.68314
0.76104
0.79742
0.74648
0.69816
0.73039
0.75876
0.66033
0.58347
0.43949
0.36002
0.38348
0.50219
0.66247
0.78339
1.0098
1.2296
1.3923
1.5118
1.6046
1.634
1.5907
1.4783
1.3447
1.2247
1.1413
1.1058
1.091
1.0717
1.0116
0.87884
0.72452
0.64396
0.67573
0.81587
1.0445
1.4366
1.7407
1.8575
1.7344
1.4547
1.1693
0.85275
0.71942
0.7336
0.86863
1.0247
1.0723
1.0088
0.88962
0.77729
0.73984
0.77445
0.87033
1.0048
1.095
1.1109
1.0371
0.92253
0.78296
0.61502
0.45616
0.36198
0.33361
0.35063
0.41758
0.53389
0.67119
0.78069
0.84877
0.88509
0.89757
0.89757
0.89133
0.87204
0.8465
0.8187
0.80849
0.82948
0.89416
1.0025
1.133
1.2595
1.3435
1.3696
1.3464
1.2862
1.2
1.074
0.88055
0.76083
0.76253
0.87998
1.1336
1.4995
1.9319
2.1974
2.2195
2.0329
1.6862
1.2715
0.83799
0.52708
0.3512
0.25021
0.25531
0.30808
0.39261
0.43063
0.4085
0.43914
0.48623
0.61389
0.85558
1.2669
1.676
1.9392
1.9523
1.7117
1.4388
1.1052
0.87941
0.79431
0.89076
1.1245
1.2839
1.3594
1.3588
1.3027
1.2142
1.1035
0.98664
0.87431
0.77105
0.6763
0.57587
0.4658
0.36538
0.30127
0.25588
0.25248
0.31659
0.48963
0.74324
0.95998
1.1024
1.0814
1.0071
0.92764
0.82268
0.76027
0.76991
0.90211
1.0156
1.0729
1.0995
1.1222
1.1563
1.1966
1.2368
1.2283
1.1671
1.0519
0.88055
0.69105
0.50892
0.35687
0.22921
0.15035
0.1339
0.15712
0.20249
0.23969
0.26435
0.24613
0.21773
0.16818
0.10753
0.078918
0.09713
0.15903
0.2202
0.29694
0.38611
0.44382
0.4563
0.42701
0.50165
0.67104
0.88928
1.1313
1.3533
1.5457
1.5487
1.3897
1.1329
0.81099
0.61872
0.52021
0.47035
0.38384
0.39148
0.48509
0.49814
0.46751
0.44538
0.45786
0.45332
0.5163
0.66098
0.81814
0.93104
1.0099
0.95657
0.84594
0.65417
0.44198
0.27063
0.17531
0.20085
0.20425
0.22297
0.27687
0.38013
0.51233
0.60935
0.63318
0.56566
0.56623
0.62069
0.71431
0.83856
1.0116
1.2261
1.3299
1.331
1.2442
1.099
0.93331
0.79374
0.68367
0.57928
0.4607
0.4119
0.47658
0.66835
0.83856
0.9804
1.0939
1.1364
1.0496
0.78977
0.5407
0.32283
0.25077
0.30184
0.38183
0.47148
0.47034
0.52538
0.55318
0.53843
0.55148
0.60197
0.69502
0.65701
0.65927
0.74665
0.90551
1.1319
1.3594
1.5637
1.5137
1.402
1.3481
1.3645
1.5296
1.8473
2.3194
2.6553
2.7432
2.5849
2.2297
1.748
1.2607
0.92423
0.75686
0.76594
0.82608
0.90721
0.92991
0.82154
0.67516
0.49531
0.37105
0.27744
0.24964
0.37957
0.55715
0.76537
0.9543
1.1109
1.1898
1.0689
0.91572
0.73587
0.58041
0.50438
0.54637
0.72452
0.89303
1.0383
1.1472
1.2113
1.2244
1.2005
1.1665
1.1563
1.1892
1.2595
1.3532
1.4298
1.453
1.3793
1.1875
0.98551
0.93955
1.082
1.3072
1.5795
1.8905
2.0726
2.0181
1.6851
1.2783
0.91629
0.59516
0.38354
0.23659
0.21957
0.24397
0.24056
0.24567
0.27404
0.33872
0.3912
0.42957
0.4664
0.51293
0.57003
0.62814
0.68726
0.7496
0.80327
0.84473
0.87851
0.93095
1.0313
1.1921
1.396
1.5903
1.7073
1.692
1.5258
1.2235
0.90531
0.63388
0.45448
0.38157
0.40213
0.50134
0.60103
0.66709
0.74229
0.83038
0.97617
1.1557
1.3191
1.4201
1.3651
1.2329
1.1937
1.1574
1.0922
1.0326
1.0093
0.97359
0.8153
0.63147
0.46013
0.34042
0.30978
0.36027
0.39999
0.42382
0.45502
0.47148
0.45162
0.4051
0.4068
0.46297
0.56055
0.70523
0.89416
1.0576
1.0672
0.9248
0.81019
0.72849
0.68821
0.72906
0.86239
1.0451
1.0343
0.90721
0.80565
0.63658
0.43176
0.35403
0.44538
0.59062
0.63488
0.66325
0.65984
0.60935
0.56906
0.55488
0.5424
0.52651
0.52481
0.48339
0.40793
0.32964
0.28935
0.30184
0.35517
0.38808
0.37162
0.31489
0.27687
0.25758
0.25418
0.27006
0.31205
0.37503
0.41588
0.45105
0.48793
0.52424
0.52708
0.45729
0.46921
0.54524
0.68991
0.89133
1.183
1.5364
1.7531
1.7866
1.6431
1.3798
1.0195
0.67913
0.42779
0.34893
0.44822
0.63204
0.82551
0.92877
0.96622
0.92877
0.80963
0.678
0.58211
0.56509
0.5702
0.59289
0.57757
0.53389
0.45559
0.38297
0.38297
0.51346
0.83459
1.2675
1.7497
2.1985
2.5236
2.6643
2.6036
2.4045
2.1287
1.8133
1.482
1.1256
0.83062
0.65133
0.59062
0.59573
0.59743
0.58325
0.58722
0.54297
0.44595
0.37219
0.35176
0.37446
0.34552
0.33361
0.33191
0.30297
0.24056
0.2712
0.39886
0.54013
0.7075
0.90438
1.1483
1.3061
1.3259
1.2165
0.97701
0.79308
0.67598
0.64197
0.70677
0.89256
1.1842
1.3394
1.3183
1.157
1.0676
0.96201
0.84316
0.7992
0.87731
1.0421
1.0799
1.0584
1.0041
0.938
0.87809
0.8249
0.75504
0.63254
0.59841
0.65469
0.75321
0.85604
0.97676
1.1356
1.1637
1.0343
0.80622
0.6224
0.49871
0.44311
0.45276
0.51914
0.61559
0.64169
0.62126
0.58722
0.57757
0.61105
0.70864
0.85331
1.0207
1.1784
1.2817
1.3027
1.2005
0.977
0.84537
0.82097
0.92083
1.1977
1.5256
1.9194
2.1089
2.0828
1.8627
1.4144
1.036
0.69161
0.46183
0.37162
0.42325
0.60197
0.7597
0.93671
1.1262
1.3089
1.4377
1.4859
1.4156
1.2278
0.98778
0.76651
0.57701
0.46013
0.4312
0.43857
0.438
0.46467
0.4902
0.48963
0.46864
0.47772
0.49474
0.41871
0.32169
0.2485
0.21106
0.19914
0.21163
0.25248
0.29503
0.33077
0.37049
0.41928
0.45446
0.45049
0.41077
0.34496
0.26326
0.17248
0.093615
0.074324
0.13503
0.26212
0.43687
0.63204
0.81587
0.94182
0.8987
0.77785
0.67005
0.47205
0.40737
0.5163
0.83572
1.1699
1.3617
1.5171
1.4559
1.2136
0.93104
0.66325
0.43857
0.2956
0.32056
0.4312
0.50495
0.55034
0.58268
0.58438
0.52765
0.45729
0.37957
0.31489
0.27687
0.28879
0.3024
0.33361
0.42495
0.59062
0.82154
1.0644
1.2709
1.3787
1.3645
1.2283
1.0105
0.7631
0.51403
0.3546
0.29276
0.33815
0.40793
0.55261
0.78296
1.0394
1.2641
1.3872
1.4263
1.3095
1.1188
0.95941
0.82665
0.72566
0.66154
0.61729
0.69218
0.72055
0.69621
0.60016
0.56723
0.71766
0.81706
0.85498
0.84619
0.8376
0.81571
0.77042
0.72555
0.70624
0.74542
0.8554
0.95768
0.95914
0.91357
0.87404
0.87673
0.92027
0.97817
1.0421
1.07
1.0524
0.96289
0.79792
0.61985
0.5575
0.6095
0.7801
1.0355
1.3656
1.7021
1.9012
1.9285
1.7861
1.5188
1.1898
0.85104
0.55488
0.32567
0.25361
0.34212
0.5685
0.88282
1.2272
1.6181
1.937
2.1248
2.1265
1.9841
1.748
1.4462
1.1001
0.76651
0.49928
0.30694
0.18099
0.089076
0.051063
0.085104
0.19971
0.35914
0.51743
0.64849
0.72168
0.71828
0.62864
0.48112
0.3285
0.2207
0.18042
0.21163
0.29673
0.41758
0.52765
0.58382
0.54864
0.53502
0.5441
0.5424
0.57304
0.67119
0.87884
1.0394
1.0882
1.0093
0.93274
0.93955
0.98891
1.0593
1.1483
1.2805
1.2959
1.12
0.87033
0.6519
0.51176
0.50495
0.65701
0.93728
1.2244
1.4377
1.5818
1.6317
1.5801
1.4785
1.3781
1.3168
1.28
1.2136
1.0893
0.92196
0.80509
0.66154
0.50892
0.3773
0.31942
0.31772
0.23035
0.17872
0.19744
0.29843
0.43971
0.55091
0.63998
0.62126
0.58041
0.55431
0.52538
0.49928
0.47772
0.4868
0.44141
0.3773
0.3285
0.3251
0.36935
0.4658
0.59176
0.69048
0.758
0.77218
0.73417
0.61332
0.55828
0.5719
0.66949
0.80509
0.94579
1.0995
1.1228
1.0264
0.80906
0.57701
0.41304
0.34723
0.3824
0.55318
0.74949
0.97246
1.095
1.1069
1.002
0.7892
0.62013
0.43857
0.33077
0.28538
0.31829
0.3824
0.44481
0.52765
0.63998
0.7892
0.95411
1.1023
1.1906
1.1943
1.1181
0.98547
0.81672
0.63095
0.44627
0.30458
0.21465
0.14171
0.13053
0.17674
0.26405
0.32217
0.30946
0.37683
0.44205
0.47885
0.46844
0.43664
0.45558
0.43448
0.36058
0.28799
0.25682
0.33462
0.45485
0.56026
0.62041
0.58382
0.59006
0.59687
0.59403
0.58835
0.63601
0.77331
0.84877
0.81416
0.67459
0.60084
0.57984
0.53502
0.45446
0.37389
0.43687
0.47318
0.47205
0.4641
0.44311
0.46751
0.47829
0.46183
0.46524
0.52708
0.69218
0.88282
0.98494
1.0037
0.92991
0.80338
0.65644
0.53332
0.47431
0.47375
0.48056
0.44765
0.46978
0.48169
0.43971
0.32794
0.34666
0.45105
0.45729
0.4102
0.34325
0.34155
0.28141
0.19517
0.12255
0.15035
0.29787
0.52311
0.74722
1.0014
1.2567
1.4105
1.415
1.2664
1.0377
0.79544
0.59289
0.44311
0.38013
0.41304
0.5129
0.60991
0.66495
0.66665
0.62637
0.55318
0.49417
0.47148
0.52935
0.66381
0.86636
1.0899
1.2698
1.3707
1.3594
1.2601
1.0893
0.88792
0.69615
0.52027
0.37332
0.25475
0.17021
0.12482
0.11347
0.15262
0.23319
0.3302
0.42779
0.50779
0.57531
0.58495
0.51063
0.45956
0.49474
0.59006
0.64849
0.66949
0.68083
0.62807
0.50438
0.36992
0.29049
0.26326
0.27857
0.30751
0.3024
0.24737
0.18099
0.12766
0.13673
0.22354
0.3807
0.57417
0.77956
0.99969
1.1915
1.3293
1.3481
1.2289
1.0763
1.011
0.96168
0.91799
0.98267
1.1949
1.4371
1.5665
1.6578
1.7276
1.7276
1.6465
1.4876
1.2675
0.97189
0.76821
0.65871
0.63998
0.65871
0.69338
0.70318
0.69978
0.70988
0.70498
0.73149
0.79162
0.90707
0.9027
0.77581
0.63028
0.50919
0.40396
0.36316
0.35999
0.40421
0.43569
0.4177
0.40015
0.37205
0.36846
0.3769
0.36823
0.33841
0.31721
0.33715
0.38449
0.43928
0.50903
0.5955
0.63455
0.60935
0.53559
0.47318
0.42666
0.40566
0.4051
0.38978
0.35517
0.31999
0.31375
0.30921
0.30524
0.28255
0.30865
0.33872
0.33701
0.30524
0.26382
0.25191
0.25077
0.2434
0.26042
0.34212
0.4919
0.69502
0.89643
1.0797
1.2357
1.3554
1.432
1.4774
1.4933
1.4825
1.4235
1.2919
1.0769
0.85218
0.6797
0.55318
0.459
0.4329
0.49417
0.56566
0.60935
0.64282
0.70069
0.76083
0.79714
0.77615
0.67459
0.62807
0.58155
0.50665
0.39886
0.32226
0.33361
0.30808
0.29843
0.30638
0.33531
0.34098
0.33418
0.30694
0.22411
0.15489
0.13333
0.15602
0.14808
0.12028
0.12085
0.10439
0.082835
0.090778
0.15716
0.3007
0.49361
0.73246
0.93842
1.1081
1.2488
1.3254
1.3435
1.3237
1.3237
1.3356
1.3197
1.259
1.1631
1.0332
0.87714
0.69899
0.5197
0.36481
0.24113
0.17929
0.1668
0.19063
0.24567
0.33304
0.45389
0.5736
0.68764
0.79147
0.87657
0.9282
0.93104
0.88395
0.79771
0.68367
0.55488
0.42893
0.33588
0.29616
0.32907
0.42666
0.57417
0.73587
0.88282
0.99118
1.0003
0.89416
0.77048
0.75856
0.8414
0.96168
1.1353
1.3634
1.6045
1.7163
1.7157
1.6516
1.5619
1.4706
1.3237
1.1432
0.94352
0.74098
0.55772
0.44368
0.41588
0.47261
0.5441
0.58155
0.59516
0.63115
0.63258
0.59801
0.58144
0.64695
0.74302
0.76377
0.75069
0.72157
0.69277
0.64483
0.58208
0.51082
0.41553
0.35177
0.3715
0.45953
0.57434
0.69514
0.83475
0.92889
0.91144
0.7692
0.63313
0.57281
0.58464
0.6569
0.7421
0.85299
0.89671
0.87267
0.82041
0.75175
0.70239
0.66268
0.61899
0.54637
0.49587
0.49644
0.56623
0.67686
0.82494
0.92196
0.90267
0.77558
0.62977
0.50892
0.40453
0.36538
0.37332
0.40793
0.40113
0.36538
0.36538
0.40113
0.4902
0.56679
0.55261
0.57871
0.6519
0.6763
0.63772
0.56793
0.55204
0.52935
0.48169
0.5129
0.60027
0.74835
0.93104
1.0621
1.1217
1.1268
1.0859
1.0218
0.92026
0.7909
0.66041
0.54807
0.52481
0.59516
0.73076
0.88735
0.99459
1.0144
0.90664
0.71431
0.52765
0.38013
0.30978
0.34439
0.51233
0.75005
1.0048
1.2005
1.3197
1.3299
1.2317
1.0496
0.75516
0.59573
0.57984
0.66892
0.7648
0.83459
0.92423
0.89303
0.75062
0.59233
0.46467
0.42268
0.44141
0.47885
0.518
0.50892
0.47885
0.42268
0.36992
0.35063
0.36368
0.40396
0.44651
0.47488
0.47488
0.41871
0.35063
0.34382
0.40339
0.49871
0.5963
0.69161
0.73133
0.65587
0.55318
0.43063
0.30694
0.20198
0.16567
0.18383
0.20312
0.23035
0.31262
0.45843
0.61218
0.74778
0.80622
0.79544
0.68708
0.5475
0.4329
0.37276
0.3563
0.34723
0.35971
0.42439
0.45559
0.44822
0.38694
0.4119
0.5946
0.81757
1.0995
1.3027
1.4502
1.4133
1.2664
1.0553
0.82381
0.71998
0.75686
0.94466
1.0888
1.1551
1.1347
1.0371
0.88172
0.7208
0.5801
0.47389
0.39396
0.32823
0.28932
0.2509
0.19532
0.17443
0.19432
0.24151
0.28032
0.29385
0.30339
0.27022
0.20863
0.16533
0.17247
0.24039
0.35417
0.4754
0.58866
0.67126
0.71405
0.71666
0.6989
0.67265
0.64572
0.60083
0.51007
0.42893
0.40396
0.42098
0.46127
0.53729
0.67005
0.80679
0.89643
0.94693
0.99118
1.0207
1.0224
0.98267
0.8709
0.71771
0.62467
0.55545
0.4919
0.41474
0.35857
0.36879
0.35857
0.36198
0.39659
0.46524
0.52765
0.52538
0.53729
0.54467
0.52708
0.4919
0.47431
0.46694
0.40453
0.30581
0.20141
0.16567
0.2156
0.30467
0.40056
0.39261
0.47148
0.63601
0.79998
0.95601
1.0939
1.3214
1.4462
1.4218
1.301
1.1359
0.92196
0.68991
0.49361
0.34836
0.29333
0.33815
0.47942
0.6814
0.88055
1.0417
1.1279
1.1194
1.0195
0.83459
0.65076
0.53502
0.49701
0.53559
0.64169
0.82665
0.99742
1.1387
1.2193
1.2771
1.28
1.2289
1.1591
1.061
0.98721
0.90211
0.82778
0.74778
0.64906
0.53332
0.44992
0.39035
0.34439
0.33815
0.35744
0.44765
0.53332
0.62523
0.72906
0.817
0.94296
1.0405
1.1625
1.162
1.0621
0.95374
0.91118
0.87317
0.82041
0.88282
1.053
1.2357
1.3078
1.314
1.2334
1.1018
0.94182
0.7631
0.5719
0.438
0.37957
0.35801
0.33418
0.30978
0.29389
0.28028
0.23999
0.18439
0.12766
0.1112
0.14808
0.19007
0.23035
0.28595
0.36765
0.45389
0.5441
0.63204
0.72112
0.79487
0.84594
0.85445
0.80282
0.70126
0.58438
0.45956
0.32056
0.30751
0.40793
0.604
0.82704
1.0789
1.3718
1.567
1.6576
1.633
1.5156
1.3232
1.0528
0.79752
0.57777
0.40124
0.27001
0.23728
0.30509
0.366
0.39157
0.37284
0.38793
0.44176
0.49828
0.48457
0.44713
0.56952
0.7584
0.90091
1.0196
1.1855
1.3638
1.3443
1.1512
0.94863
0.8153
0.75232
0.77218
0.86296
1.0133
1.0201
0.90721
0.80338
0.6519
0.4658
0.32283
0.36765
0.50382
0.58835
0.6519
0.70637
0.6797
0.6241
0.57077
0.52424
0.49531
0.49304
0.54183
0.55091
0.52424
0.49644
0.49361
0.51233
0.54807
0.57531
0.56793
0.58211
0.59119
0.62977
0.6553
0.66154
0.66608
0.61218
0.51573
0.38297
0.299
0.28028
0.32453
0.44141
0.63998
0.87431
1.0774
1.2238
1.3027
1.3123
1.255
1.1881
1.1449
1.1818
1.2567
1.2516
1.1478
1.0269
0.91118
0.69161
0.43914
0.29673
0.29787
0.33134
0.35063
0.42439
0.53105
0.65701
0.77161
0.87544
0.95544
0.98097
0.94806
0.8431
0.70693
0.54353
0.3841
0.26666
0.20198
0.19234
0.20482
0.23999
0.28084
0.33418
0.39942
0.4607
0.5163
0.54921
0.55545
0.53048
0.4641
0.36425
0.27744
0.22468
0.21219
0.22751
0.26723
0.32226
0.33872
0.29787
0.27233
0.2746
0.28482
0.3007
0.30411
0.30808
0.28028
0.25021
0.24056
0.2434
0.25815
0.26326
0.31999
0.41588
0.52084
0.62807
0.7092
0.74778
0.72055
0.70523
0.71034
0.72622
0.77331
0.87544
0.91572
0.84083
0.67005
0.49304
0.35971
0.28935
0.30184
0.33985
0.4102
0.4641
0.48226
0.44595
0.36652
0.29276
0.23943
0.20141
0.20255
0.27063
0.41385
0.58741
0.7551
0.90418
1.0123
1.0529
1.031
0.95155
0.8222
0.67117
0.50809
0.36438
0.24915
0.17332
0.14253
0.14719
0.19677
0.26056
0.32509
0.37096
0.41228
0.45413
0.53042
0.65656
0.82109
0.99807
1.1264
1.1738
1.0961
0.90063
0.70922
0.5424
0.45673
0.45219
0.5407
0.67232
0.75005
0.78863
0.7909
0.79544
0.7892
0.80622
0.82551
0.87374
0.90097
0.90721
0.82211
0.71431
0.70637
0.73303
0.79885
0.87771
1.0445
1.2113
1.2283
1.0893
0.94636
0.92707
0.98381
1.0632
1.1359
1.1943
1.1376
1.0797
1.0298
1.0133
1.0683
1.2289
1.4661
1.5387
1.4791
1.3441
1.1795
1.0371
0.9231
0.86636
0.86579
0.93218
1.0213
1.0791
1.1064
1.0905
1.0717
1.0207
0.94806
0.83629
0.68594
0.67913
0.73927
0.8187
0.89813
0.97643
1.0706
0.96792
0.77956
0.60254
0.45446
0.3773
0.34382
0.34042
0.36538
0.42212
0.38467
0.36198
0.50836
0.75573
0.96111
1.0417
1.1205
1.1109
0.89757
0.65814
0.4919
0.44368
0.50949
0.65417
0.83175
0.97416
1.0564
1.0496
0.96452
0.8153
0.64169
0.47261
0.32169
0.20595
0.13787
0.11858
0.139
0.17418
0.20652
0.24113
0.28425
0.34325
0.4102
0.46297
0.50155
0.4885
0.42042
0.42552
0.518
0.67913
0.8726
1.1035
1.3588
1.5205
1.5489
1.4723
1.3168
1.1234
0.91345
0.67119
0.53048
0.46921
0.4624
0.45559
0.44254
0.43233
0.39432
0.35233
0.3302
0.35403
0.4085
0.46637
0.42609
0.44538
0.54126
0.71147
0.92537
1.1682
1.4604
1.6402
1.6822
1.5943
1.4025
1.1396
0.86451
0.66344
0.54302
0.48741
0.5135
0.61118
0.75449
0.88055
0.99693
1.1238
1.2305
1.3157
1.3128
1.1988
0.98091
0.79814
0.65744
0.56635
0.58532
0.7277
0.97812
1.1467
1.2048
1.1422
0.97176
0.80989
0.63651
0.45986
0.31398
0.33457
0.51914
0.68424
0.78693
0.79147
0.82381
0.8136
0.68821
0.49928
0.35176
0.36027
0.41985
0.4607
0.50949
0.58495
0.66779
0.75175
0.84083
0.94409
1.04
1.0848
1.078
1.0201
0.93728
0.82778
0.71828
0.6292
0.5702
0.52197
0.46013
0.39318
0.33134
0.30297
0.30297
0.33418
0.38581
0.44992
0.53162
0.61899
0.69729
0.73814
0.71942
0.63488
0.53729
0.47545
0.43914
0.43744
0.49304
0.61786
0.7614
0.87204
0.96281
1.0315
1.0666
1.0474
0.94239
0.78296
0.68481
0.63091
0.58382
0.53502
0.52084
0.53275
0.55545
0.6502
0.86636
1.1614
1.4666
1.7044
1.7628
1.5807
1.3117
1.0814
0.89416
0.72168
0.55204
0.58211
0.6224
0.58609
0.52708
0.52992
0.58835
0.53162
0.54013
0.63772
0.75119
0.80452
0.79998
0.80452
0.73871
0.5441
0.33985
0.23602
0.22297
0.21106
0.15376
0.13787
0.12482
0.091345
0.059573
0.054467
0.061275
0.06014
0.082268
0.11801
0.19517
0.30127
0.42268
0.55261
0.66098
0.72963
0.76424
0.78296
0.79487
0.80112
0.77105
0.7092
0.62126
0.50836
0.36822
0.27063
0.25134
0.30354
0.39205
0.49701
0.60878
0.66892
0.71544
0.83232
1.0638
1.3832
1.6573
1.7775
1.6777
1.5347
1.2873
0.93445
0.63715
0.51857
0.61218
0.67516
0.7353
0.82154
0.91118
0.97757
0.96881
0.90758
0.80984
0.75099
0.76849
0.8281
0.92473
1.015
1.1046
1.1377
1.1078
1.0426
0.96894
0.89586
0.82156
0.72507
0.63003
0.53292
0.4865
0.47614
0.46354
0.42297
0.39632
0.42348
0.46782
0.57803
0.75911
1.0162
1.1965
1.2192
1.0983
1.0008
0.9004
0.79431
0.73133
0.758
0.84764
0.81814
0.73076
0.66665
0.65644
0.71431
0.80792
0.897
0.9509
0.92991
0.84083
0.69502
0.54183
0.41474
0.31035
0.23716
0.22921
0.25815
0.29446
0.34779
0.4346
0.53162
0.55431
0.4902
0.44992
0.4068
0.3251
0.23602
0.19914
0.20595
0.18553
0.18383
0.19744
0.19744
0.27347
0.44481
0.66552
0.86579
1.0752
1.2629
1.2947
1.1517
0.97303
0.86977
0.86636
0.99572
1.2703
1.6862
2.0635
2.2694
2.2598
2.0334
1.6289
1.2215
0.8675
0.56736
0.34382
0.33474
0.45276
0.51573
0.52197
0.54694
0.58779
0.50836
0.44141
0.48736
0.63204
0.83913
1.0275
1.1608
1.1404
1.032
0.91969
0.8153
0.79885
0.897
1.0842
1.2153
1.2187
1.1183
0.94296
0.71942
0.49304
0.32396
0.2451
0.26439
0.3824
0.60481
0.88792
1.158
1.3361
1.3639
1.2295
1.0161
0.78863
0.55545
0.34269
0.23546
0.28935
0.41588
0.58325
0.73133
0.80452
0.85501
0.99856
1.1404
1.2136
1.2601
1.3736
1.47
1.3906
1.2153
0.99572
0.76991
0.60651
0.518
0.48907
0.53843
0.68594
0.91856
1.0922
1.1404
1.0156
0.91232
0.79317
0.63601
0.50438
0.44935
0.52368
0.49758
0.39432
0.3234
0.27857
0.22241
0.17361
0.23205
0.39545
0.60481
0.79317
0.96881
1.0899
1.1013
1.0501
0.9373
0.84346
0.76978
0.7746
0.86057
1.0286
1.2352
1.3982
1.4863
1.4437
1.27
1.0282
0.81517
0.70609
0.72831
0.86041
1.059
1.2022
1.2217
1.1419
1.0103
0.90269
0.81871
0.7521
0.69246
0.61459
0.52195
0.39148
0.25702
0.16851
0.14468
0.17361
0.22184
0.26723
0.25702
0.31659
0.5129
0.86466
1.3203
1.8019
2.2978
2.6161
2.6848
2.5106
2.1634
1.7344
1.2698
0.89984
0.69786
0.64112
0.68197
0.75856
0.85728
0.88055
0.77842
0.60594
0.42836
0.31432
0.30524
0.4363
0.70012
0.99459
1.238
1.3305
1.2499
1.2634
1.1679
0.96695
