1.0126
1.0122
1.0119
1.0115
1.0112
1.0108
1.0104
1.01
1.0096
1.0092
1.0088
1.0084
1.008
1.0076
1.0072
1.0067
1.0063
1.0058
1.0054
1.0049
1.0045
1.004
1.0035
1.003
1.0025
1.0021
1.0016
1.0011
1.0005
1
0.99951
0.99899
0.99846
0.99792
0.99738
0.99684
0.99629
0.99573
0.99517
0.99461
0.99404
0.99347
0.99289
0.99231
0.99172
0.99113
0.99054
0.98994
0.98934
0.98873
0.98812
0.98751
0.98689
0.98627
0.98564
0.98501
0.98438
0.98375
0.98311
0.98247
0.98182
0.98118
0.98053
0.97987
0.97922
0.97856
0.9779
0.97724
0.97657
0.97591
0.97524
0.97457
0.97389
0.97322
0.97254
0.97187
0.97119
0.97051
0.96983
0.96914
0.96846
0.96777
0.96709
0.9664
0.96572
0.96503
0.96434
0.96365
0.96296
0.96227
0.96159
0.9609
0.96021
0.95952
0.95883
0.95814
0.95746
0.95677
0.95609
0.9554
0.95472
0.95403
0.95335
0.95267
0.95199
0.95132
0.95064
0.94997
0.94929
0.94862
0.94795
0.94729
0.94662
0.94596
0.9453
0.94464
0.94399
0.94334
0.94269
0.94204
0.9414
0.94075
0.94012
0.93948
0.93885
0.93822
0.9376
0.93698
0.93636
0.93574
0.93513
0.93453
0.93393
0.93333
0.93273
0.93214
0.93156
0.93098
0.9304
0.92983
0.92926
0.9287
0.92814
0.92759
0.92704
0.92649
0.92596
0.92542
0.92489
0.92437
0.92385
0.92334
0.92283
0.92233
0.92184
0.92135
0.92086
0.92038
0.91991
0.91945
0.91898
0.91853
0.91808
0.91764
0.9172
0.91677
0.91635
0.91593
0.91552
0.91511
0.91471
0.91432
0.91394
0.91356
0.91318
0.91282
0.91246
0.91211
0.91176
0.91142
0.91109
0.91077
0.91045
0.91014
0.90983
0.90954
0.90925
0.90896
0.90869
0.90842
0.90815
0.9079
0.90765
0.90741
0.90718
0.90695
0.90673
0.90652
0.90632
0.90612
0.90593
0.90575
0.90557
0.9054
0.90524
0.90509
0.90494
0.9048
0.90467
0.90454
0.90443
0.90432
0.90421
0.90412
0.90403
0.90395
0.90387
0.9038
0.90374
0.90369
0.90365
0.90361
0.90358
0.90355
0.90353
0.90352
0.90352
0.90352
0.90353
0.90355
0.90357
0.90361
0.90364
0.90369
0.90374
0.9038
0.90386
0.90393
0.90401
0.9041
0.90419
0.90428
0.90439
0.9045
0.90462
0.90474
0.90487
0.905
0.90514
0.90529
0.90545
0.90561
0.90577
0.90594
0.90612
0.9063
0.90649
0.90669
0.90689
0.90709
0.9073
0.90752
0.90774
0.90797
0.9082
0.90844
0.90868
0.90893
0.90918
0.90944
0.9097
0.90996
0.91024
0.91051
0.91079
0.91108
0.91136
0.91166
0.91196
0.91226
0.91256
0.91287
0.91319
0.9135
0.91382
0.91415
0.91448
0.91481
0.91514
0.91548
0.91582
0.91617
0.91651
0.91686
0.91722
0.91757
0.91793
0.91829
0.91865
0.91902
0.91939
0.91976
0.92013
0.92051
0.92088
0.92126
0.92164
0.92202
0.9224
0.92279
0.92317
0.92356
0.92395
0.92434
0.92473
0.92512
0.92551
0.92591
0.9263
0.92669
0.92709
0.92748
0.92787
0.92827
0.92866
0.92906
0.92945
0.92985
0.93024
0.93063
0.93103
0.93142
0.93181
0.9322
0.93259
0.93298
0.93336
0.93375
0.93413
0.93452
0.9349
0.93528
0.93565
0.93603
0.9364
0.93678
0.93715
0.93751
0.93788
0.93824
0.9386
0.93896
0.93932
0.93967
0.94002
0.94036
0.94071
0.94105
0.94138
0.94172
0.94205
0.94238
0.9427
0.94302
0.94333
0.94365
0.94396
0.94426
0.94456
0.94486
0.94515
0.94544
0.94572
0.946
0.94627
0.94654
0.94681
0.94707
0.94732
0.94757
0.94782
0.94806
0.94829
0.94852
0.94875
0.94897
0.94918
0.94939
0.94959
0.94979
0.94998
0.95017
0.95035
0.95052
0.95069
0.95086
0.95101
0.95116
0.95131
0.95145
0.95158
0.95171
0.95183
0.95194
0.95205
0.95215
0.95225
0.95233
0.95242
0.95249
0.95256
0.95262
0.95268
0.95273
0.95277
0.95281
0.95283
0.95286
0.95287
0.95288
0.95288
0.95288
0.95287
0.95285
0.95282
0.95279
0.95275
0.9527
0.95265
0.95259
0.95252
0.95245
0.95237
0.95228
0.95219
0.95208
0.95198
0.95186
0.95174
0.95161
0.95147
0.95133
0.95118
0.95102
0.95086
0.95069
0.95051
0.95033
0.95014
0.94994
0.94974
0.94953
0.94931
0.94909
0.94886
0.94862
0.94838
0.94813
0.94788
0.94761
0.94735
0.94707
0.94679
0.9465
0.94621
0.94591
0.94561
0.9453
0.94498
0.94466
0.94433
0.944
0.94366
0.94331
0.94296
0.94261
0.94225
0.94188
0.94151
0.94113
0.94075
0.94036
0.93997
0.93958
0.93918
0.93877
0.93836
0.93795
0.93753
0.9371
0.93668
0.93625
0.93581
0.93537
0.93493
0.93448
0.93403
0.93358
0.93312
0.93266
0.93219
0.93173
0.93125
0.93078
0.93031
0.92983
0.92935
0.92886
0.92838
0.92789
0.9274
0.9269
0.92641
0.92591
0.92542
0.92492
0.92442
0.92391
0.92341
0.9229
0.9224
0.92189
0.92139
0.92088
0.92037
0.91986
0.91935
0.91884
0.91834
0.91783
0.91732
0.91681
0.9163
0.9158
0.91529
0.91479
0.91428
0.91378
0.91328
0.91278
0.91228
0.91179
0.91129
0.9108
0.91031
0.90982
0.90934
0.90885
0.90837
0.9079
0.90742
0.90695
0.90648
0.90602
0.90556
0.9051
0.90465
0.9042
0.90375
0.90331
0.90287
0.90244
0.90201
0.90159
0.90117
0.90075
0.90035
0.89994
0.89955
0.89915
0.89877
0.89839
0.89801
0.89764
0.89728
0.89692
0.89657
0.89623
0.89589
0.89556
0.89524
0.89493
0.89462
0.89432
0.89402
0.89374
0.89346
0.89319
0.89293
0.89267
0.89243
0.89219
0.89196
0.89174
0.89153
0.89132
0.89113
0.89094
0.89077
0.8906
0.89044
0.8903
0.89016
0.89003
0.88991
0.8898
0.8897
0.88961
0.88953
0.88947
0.88941
0.88936
0.88932
0.8893
0.88928
0.88928
0.88929
0.8893
0.88933
0.88937
0.88942
0.88949
0.88956
0.88965
0.88975
0.88986
0.88998
0.89011
0.89026
0.89041
0.89058
0.89077
0.89096
0.89117
0.89138
0.89162
0.89186
0.89212
0.89238
0.89267
0.89296
0.89327
0.89359
0.89392
0.89427
0.89463
0.895
0.89538
0.89578
0.89619
0.89662
0.89705
0.8975
0.89797
0.89845
0.89894
0.89944
0.89996
0.90049
0.90103
0.90159
0.90216
0.90275
0.90335
0.90396
0.90458
0.90522
0.90587
0.90654
0.90722
0.90791
0.90861
0.90933
0.91007
0.91081
0.91157
0.91234
0.91313
0.91393
0.91474
0.91557
0.91641
0.91726
0.91812
0.919
0.91989
0.9208
0.92172
0.92265
0.92359
0.92454
0.92551
0.92649
0.92749
0.92849
0.92951
0.93054
0.93159
0.93264
0.93371
0.93479
0.93588
0.93699
0.9381
0.93923
0.94037
0.94152
0.94268
0.94386
0.94504
0.94624
0.94744
0.94866
0.94989
0.95113
0.95238
0.95364
0.95491
0.95619
0.95748
0.95878
0.96009
0.96141
0.96274
0.96408
0.96543
0.96679
0.96815
0.96953
0.97091
0.97231
0.97371
0.97511
0.97653
0.97796
0.97939
0.98083
0.98227
0.98373
0.98519
0.98665
0.98813
0.98961
0.99109
0.99259
0.99409
0.99559
0.9971
0.99861
1.0001
1.0017
1.0032
1.0047
1.0063
1.0078
1.0093
1.0109
1.0124
1.014
1.0156
1.0171
1.0187
1.0202
1.0218
1.0234
1.0249
1.0265
1.0281
1.0297
1.0312
1.0328
1.0344
1.036
1.0375
1.0391
1.0407
1.0422
1.0438
1.0454
1.047
1.0485
1.0501
1.0516
1.0532
1.0547
1.0563
1.0578
1.0594
1.0609
1.0625
1.064
1.0655
1.067
1.0685
1.07
1.0715
1.073
1.0745
1.076
1.0775
1.079
1.0804
1.0819
1.0833
1.0847
1.0862
1.0876
1.089
1.0904
1.0918
1.0932
1.0945
1.0959
1.0973
1.0986
1.0999
1.1012
1.1026
1.1038
1.1051
1.1064
1.1077
1.1089
1.1101
1.1113
1.1126
1.1137
1.1149
1.1161
1.1172
1.1184
1.1195
1.1206
1.1217
1.1228
1.1238
1.1249
1.1259
1.1269
1.1279
1.1289
1.1298
1.1308
1.1317
1.1326
1.1335
1.1344
1.1352
1.136
1.1369
1.1377
1.1384
1.1392
1.1399
1.1407
1.1414
1.142
1.1427
1.1434
1.144
1.1446
1.1452
1.1457
1.1463
1.1468
1.1473
1.1478
1.1482
1.1487
1.1491
1.1495
1.1498
1.1502
1.1505
1.1508
1.1511
1.1514
1.1516
1.1518
1.152
1.1522
1.1524
1.1525
1.1526
1.1527
1.1527
1.1528
1.1528
1.1528
1.1528
1.1527
1.1526
1.1525
1.1524
1.1523
1.1521
1.1519
1.1517
1.1514
1.1512
1.1509
1.1506
1.1503
1.1499
1.1495
1.1491
1.1487
1.1483
1.1478
1.1473
1.1468
1.1463
1.1457
1.1451
1.1445
1.1439
1.1433
1.1426
1.1419
1.1412
1.1405
1.1397
1.1389
1.1381
1.1373
1.1365
1.1356
1.1347
1.1338
1.1329
1.1319
1.131
1.13
1.129
1.1279
1.1269
1.1258
1.1247
1.1236
1.1225
1.1213
1.1201
1.1189
1.1177
1.1165
1.1153
1.114
1.1127
1.1114
1.1101
1.1087
1.1074
1.106
1.1046
1.1032
1.1018
1.1003
1.0989
1.0974
1.0959
1.0944
1.0929
1.0913
1.0898
1.0882
1.0866
1.085
1.0834
1.0818
1.0802
1.0785
1.0768
1.0752
1.0735
1.0718
1.07
1.0683
1.0666
1.0648
1.063
1.0612
1.0595
1.0577
1.0558
1.054
1.0522
1.0503
1.0485
1.0466
1.0447
1.0429
1.041
1.0391
1.0372
1.0353
1.0333
1.0314
1.0295
1.0275
1.0256
1.0236
1.0216
1.0197
1.0177
1.0157
1.0137
1.0117
1.0097
1.0077
1.0057
1.0037
1.0017
0.99969
0.99766
0.99564
0.99361
0.99158
0.98955
0.98752
0.98548
0.98344
0.9814
0.97936
0.97732
0.97528
0.97324
0.9712
0.96915
0.96711
0.96507
0.96303
0.96099
0.95895
0.95691
0.95487
0.95284
0.95081
0.94878
0.94675
0.94472
0.9427
0.94068
0.93867
0.93665
0.93464
0.93264
0.93064
0.92864
0.92665
0.92466
0.92268
0.92071
0.91873
0.91677
0.91481
0.91285
0.9109
0.90896
0.90703
0.9051
0.90317
0.90126
0.89935
0.89745
0.89556
0.89367
0.89179
0.88992
0.88806
0.88621
0.88436
0.88253
0.8807
0.87888
0.87707
0.87527
0.87348
0.87169
0.86992
0.86816
0.86641
0.86466
0.86293
0.86121
0.8595
0.8578
0.85611
0.85443
0.85276
0.8511
0.84945
0.84782
0.84619
0.84458
0.84298
0.84139
0.83981
0.83825
0.83669
0.83515
0.83362
0.83211
0.8306
0.82911
0.82763
0.82616
0.82471
0.82327
0.82184
0.82042
0.81902
0.81763
0.81625
0.81489
0.81354
0.8122
0.81088
0.80957
0.80827
0.80699
0.80572
0.80446
0.80322
0.80199
0.80078
0.79957
0.79839
0.79722
0.79606
0.79491
0.79378
0.79266
0.79156
0.79047
0.7894
0.78834
0.78729
0.78626
0.78525
0.78424
0.78326
0.78228
0.78132
0.78038
0.77945
0.77853
0.77763
0.77674
0.77587
0.77501
0.77417
0.77334
0.77253
0.77173
0.77094
0.77017
0.76941
0.76867
0.76794
0.76723
0.76653
0.76585
0.76518
0.76453
0.76389
0.76326
0.76265
0.76205
0.76147
0.7609
0.76035
0.75981
0.75928
0.75877
0.75828
0.7578
0.75733
0.75687
0.75644
0.75601
0.7556
0.7552
0.75482
0.75445
0.7541
0.75376
0.75343
0.75312
0.75282
0.75254
0.75227
0.75201
0.75177
0.75154
0.75132
0.75112
0.75093
0.75076
0.7506
0.75045
0.75031
0.75019
0.75009
0.74999
0.74991
0.74984
0.74979
0.74975
0.74972
0.7497
0.7497
0.74971
0.74974
0.74977
0.74982
0.74988
0.74996
0.75005
0.75014
0.75026
0.75038
0.75052
0.75067
0.75083
0.751
0.75119
0.75139
0.7516
0.75182
0.75205
0.7523
0.75255
0.75282
0.7531
0.75339
0.7537
0.75401
0.75434
0.75468
0.75503
0.75539
0.75576
0.75614
0.75653
0.75693
0.75735
0.75777
0.75821
0.75866
0.75911
0.75958
0.76006
0.76055
0.76105
0.76155
0.76207
0.7626
0.76314
0.76369
0.76424
0.76481
0.76539
0.76598
0.76657
0.76718
0.76779
0.76842
0.76905
0.76969
0.77034
0.771
0.77167
0.77235
0.77303
0.77373
0.77443
0.77514
0.77586
0.77659
0.77732
0.77807
0.77882
0.77958
0.78035
0.78112
0.7819
0.78269
0.78349
0.7843
0.78511
0.78593
0.78676
0.78759
0.78843
0.78928
0.79013
0.79099
0.79186
0.79273
0.79361
0.7945
0.79539
0.79629
0.7972
0.79811
0.79902
0.79995
0.80087
0.80181
0.80275
0.80369
0.80464
0.8056
0.80656
0.80752
0.80849
0.80947
0.81044
0.81143
0.81242
0.81341
0.81441
0.81541
0.81642
0.81743
0.81844
0.81946
0.82048
0.82151
0.82254
0.82357
0.82461
0.82565
0.82669
0.82774
0.82879
0.82984
0.8309
0.83195
0.83302
0.83408
0.83515
0.83621
0.83729
0.83836
0.83943
0.84051
0.84159
0.84267
0.84376
0.84484
0.84593
0.84702
0.84811
0.8492
0.85029
0.85138
0.85248
0.85357
0.85467
0.85577
0.85687
0.85796
0.85906
0.86016
0.86126
0.86236
0.86346
0.86456
0.86566
0.86676
0.86787
0.86896
0.87006
0.87116
0.87226
0.87336
0.87446
0.87555
0.87665
0.87774
0.87884
0.87993
0.88102
0.88211
0.8832
0.88428
0.88537
0.88645
0.88753
0.88861
0.88969
0.89077
0.89184
0.89291
0.89398
0.89505
0.89611
0.89717
0.89823
0.89929
0.90034
0.90139
0.90244
0.90348
0.90452
0.90556
0.90659
0.90762
0.90865
0.90968
0.9107
0.91171
0.91272
0.91373
0.91474
0.91574
0.91673
0.91773
0.91871
0.9197
0.92068
0.92165
0.92262
0.92359
0.92455
0.9255
0.92645
0.9274
0.92834
0.92927
0.9302
0.93113
0.93204
0.93296
0.93387
0.93477
0.93566
0.93655
0.93744
0.93832
0.93919
0.94006
0.94092
0.94177
0.94262
0.94346
0.9443
0.94512
0.94595
0.94676
0.94757
0.94837
0.94917
0.94995
0.95073
0.95151
0.95227
0.95303
0.95379
0.95453
0.95527
0.956
0.95672
0.95743
0.95814
0.95884
0.95953
0.96021
0.96089
0.96156
0.96222
0.96287
0.96351
0.96415
0.96478
0.96539
0.966
0.96661
0.9672
0.96778
0.96836
0.96893
0.96949
0.97004
0.97058
0.97111
0.97164
0.97215
0.97266
0.97316
0.97365
0.97412
0.97459
0.97506
0.97551
0.97595
0.97638
0.97681
0.97722
0.97763
0.97802
0.97841
0.97879
0.97916
0.97951
0.97986
0.9802
0.98053
0.98085
0.98116
0.98146
0.98175
0.98203
0.9823
0.98257
0.98282
0.98306
0.98329
0.98351
0.98373
0.98393
0.98412
0.98431
0.98448
0.98464
0.9848
0.98494
0.98507
0.9852
0.98531
0.98541
0.98551
0.98559
0.98567
0.98573
0.98579
0.98583
0.98587
0.98589
0.98591
0.98591
0.98591
0.98589
0.98587
0.98583
0.98579
0.98574
0.98568
0.9856
0.98552
0.98543
0.98533
0.98522
0.9851
0.98497
0.98483
0.98468
0.98452
0.98435
0.98417
0.98399
0.98379
0.98359
0.98337
0.98315
0.98292
0.98268
0.98242
0.98217
0.9819
0.98162
0.98133
0.98104
0.98074
0.98042
0.9801
0.97977
0.97944
0.97909
0.97874
0.97837
0.978
0.97762
0.97724
0.97684
0.97644
0.97603
0.97561
0.97518
0.97475
0.97431
0.97386
0.9734
0.97294
0.97246
0.97199
0.9715
0.97101
0.97051
0.97
0.96949
0.96897
0.96844
0.9679
0.96736
0.96682
0.96627
0.96571
0.96514
0.96457
0.96399
0.96341
0.96282
0.96223
0.96163
0.96102
0.96041
0.95979
0.95917
0.95854
0.95791
0.95728
0.95663
0.95599
0.95534
0.95468
0.95402
0.95336
0.95269
0.95202
0.95134
0.95066
0.94997
0.94928
0.94859
0.9479
0.9472
0.9465
0.94579
0.94508
0.94437
0.94365
0.94294
0.94222
0.94149
0.94077
0.94004
0.93931
0.93858
0.93784
0.9371
0.93637
0.93563
0.93488
0.93414
0.93339
0.93265
0.9319
0.93115
0.9304
0.92965
0.92889
0.92814
0.92738
0.92663
0.92587
0.92512
0.92436
0.9236
0.92284
0.92209
0.92133
0.92057
0.91982
0.91906
0.9183
0.91755
0.91679
0.91603
0.91528
0.91453
0.91377
0.91302
0.91227
0.91152
0.91077
0.91003
0.90928
0.90853
0.90779
0.90705
0.90631
0.90557
0.90484
0.9041
0.90337
0.90264
0.90191
0.90118
0.90046
0.89974
0.89902
0.8983
0.89759
0.89687
0.89616
0.89546
0.89475
0.89405
0.89335
0.89266
0.89197
0.89128
0.89059
0.88991
0.88923
0.88855
0.88788
0.88721
0.88654
0.88587
0.88521
0.88456
0.8839
0.88325
0.88261
0.88197
0.88133
0.88069
0.88006
0.87943
0.87881
0.87819
0.87757
0.87696
0.87635
0.87575
0.87515
0.87455
0.87396
0.87337
0.87278
0.8722
0.87163
0.87106
0.87049
0.86992
0.86936
0.86881
0.86826
0.86771
0.86717
0.86663
0.86609
0.86556
0.86503
0.86451
0.86399
0.86348
0.86297
0.86246
0.86196
0.86147
0.86097
0.86048
0.86
0.85952
0.85904
0.85857
0.8581
0.85764
0.85718
0.85672
0.85627
0.85582
0.85538
0.85494
0.8545
0.85407
0.85364
0.85322
0.8528
0.85238
0.85197
0.85156
0.85115
0.85075
0.85035
0.84996
0.84957
0.84918
0.8488
0.84842
0.84804
0.84767
0.8473
0.84694
0.84658
0.84622
0.84586
0.84551
0.84516
0.84482
0.84447
0.84413
0.8438
0.84347
0.84314
0.84281
0.84248
0.84216
0.84184
0.84153
0.84122
0.84091
0.8406
0.84029
0.83999
0.83969
0.8394
0.8391
0.83881
0.83852
0.83823
0.83795
0.83767
0.83739
0.83711
0.83683
0.83656
0.83628
0.83601
0.83575
0.83548
0.83522
0.83495
0.83469
0.83443
0.83418
0.83392
0.83367
0.83341
0.83316
0.83291
0.83267
0.83242
0.83217
0.83193
0.83169
0.83145
0.83121
0.83097
0.83073
0.83049
0.83026
0.83002
0.82979
0.82955
0.82932
0.82909
0.82886
0.82863
0.8284
0.82817
0.82795
0.82772
0.82749
0.82727
0.82704
0.82682
0.82659
0.82637
0.82615
0.82592
0.8257
0.82548
0.82526
0.82504
0.82482
0.8246
0.82438
0.82416
0.82394
0.82372
0.8235
0.82328
0.82306
0.82284
0.82262
0.8224
0.82218
0.82197
0.82175
0.82153
0.82131
0.82109
0.82088
0.82066
0.82044
0.82022
0.82001
0.81979
0.81957
0.81935
0.81914
0.81892
0.8187
0.81849
0.81827
0.81805
0.81784
0.81762
0.8174
0.81719
0.81697
0.81676
0.81654
0.81633
0.81611
0.8159
0.81568
0.81547
0.81525
0.81504
0.81483
0.81461
0.8144
0.81419
0.81398
0.81377
0.81356
0.81335
0.81314
0.81293
0.81272
0.81252
0.81231
0.81211
0.8119
0.8117
0.81149
0.81129
0.81109
0.81089
0.81069
0.8105
0.8103
0.8101
0.80991
0.80972
0.80953
0.80934
0.80915
0.80896
0.80878
0.80859
0.80841
0.80823
0.80805
0.80787
0.8077
0.80753
0.80736
0.80719
0.80702
0.80686
0.80669
0.80653
0.80638
0.80622
0.80607
0.80592
0.80577
0.80563
0.80548
0.80534
0.80521
0.80507
0.80494
0.80482
0.80469
0.80457
0.80445
0.80434
0.80423
0.80412
0.80401
0.80391
0.80382
0.80372
0.80363
0.80355
0.80346
0.80339
0.80331
0.80324
0.80318
0.80312
0.80306
0.80301
0.80296
0.80291
0.80287
0.80284
0.80281
0.80279
0.80276
0.80275
0.80274
0.80273
0.80273
0.80274
0.80275
0.80276
0.80279
0.80281
0.80284
0.80288
0.80292
0.80297
0.80303
0.80309
0.80315
0.80322
0.8033
0.80338
0.80347
0.80357
0.80367
0.80378
0.80389
0.80402
0.80414
0.80428
0.80442
0.80456
0.80472
0.80488
0.80504
0.80522
0.8054
0.80558
0.80578
0.80598
0.80618
0.8064
0.80662
0.80685
0.80708
0.80733
0.80758
0.80783
0.8081
0.80837
0.80865
0.80893
0.80923
0.80953
0.80984
0.81015
0.81048
0.81081
0.81114
0.81149
0.81184
0.8122
0.81257
0.81295
0.81333
0.81372
0.81412
0.81453
0.81494
0.81536
0.81579
0.81623
0.81667
0.81712
0.81758
0.81805
0.81852
0.81901
0.8195
0.81999
0.8205
0.82101
0.82153
0.82206
0.8226
0.82314
0.82369
0.82425
0.82481
0.82539
0.82597
0.82655
0.82715
0.82775
0.82836
0.82898
0.8296
0.83024
0.83088
0.83152
0.83218
0.83284
0.8335
0.83418
0.83486
0.83555
0.83624
0.83694
0.83765
0.83837
0.83909
0.83982
0.84055
0.8413
0.84204
0.8428
0.84356
0.84433
0.8451
0.84588
0.84667
0.84746
0.84825
0.84906
0.84987
0.85068
0.8515
0.85233
0.85316
0.854
0.85484
0.85569
0.85654
0.8574
0.85826
0.85913
0.86
0.86088
0.86176
0.86265
0.86354
0.86443
0.86533
0.86623
0.86714
0.86805
0.86897
0.86989
0.87081
0.87174
0.87267
0.8736
0.87454
0.87548
0.87642
0.87737
0.87832
0.87927
0.88023
0.88118
0.88214
0.8831
0.88407
0.88503
0.886
0.88697
0.88795
0.88892
0.88989
0.89087
0.89185
0.89283
0.89381
0.89479
0.89577
0.89675
0.89774
0.89872
0.89971
0.90069
0.90168
0.90266
0.90365
0.90463
0.90561
0.9066
0.90758
0.90857
0.90955
0.91053
0.91151
0.91249
0.91347
0.91444
0.91542
0.91639
0.91736
0.91833
0.9193
0.92027
0.92123
0.92219
0.92315
0.92411
0.92506
0.92601
0.92696
0.92791
0.92885
0.92979
0.93073
0.93166
0.93259
0.93352
0.93444
0.93536
0.93627
0.93718
0.93809
0.93899
0.93989
0.94078
0.94167
0.94256
0.94344
0.94431
0.94518
0.94605
0.94691
0.94776
0.94861
0.94946
0.95029
0.95113
0.95196
0.95278
0.9536
0.95441
0.95521
0.95601
0.9568
0.95759
0.95837
0.95915
0.95991
0.96068
0.96143
0.96218
0.96292
0.96366
0.96438
0.96511
0.96582
0.96653
0.96723
0.96792
0.96861
0.96929
0.96996
0.97063
0.97129
0.97194
0.97258
0.97322
0.97385
0.97447
0.97508
0.97569
0.97629
0.97688
0.97746
0.97804
0.9786
0.97916
0.97972
0.98026
0.9808
0.98133
0.98185
0.98236
0.98287
0.98336
0.98385
0.98433
0.98481
0.98527
0.98573
0.98618
0.98662
0.98706
0.98749
0.9879
0.98831
0.98872
0.98911
0.9895
0.98988
0.99025
0.99061
0.99097
0.99132
0.99166
0.99199
0.99231
0.99263
0.99294
0.99324
0.99353
0.99382
0.9941
0.99437
0.99463
0.99489
0.99513
0.99538
0.99561
0.99584
0.99605
0.99627
0.99647
0.99667
0.99686
0.99704
0.99722
0.99739
0.99755
0.9977
0.99785
0.99799
0.99813
0.99826
0.99838
0.99849
0.9986
0.9987
0.9988
0.99889
0.99897
0.99905
0.99912
0.99918
0.99924
0.99929
0.99934
0.99938
0.99942
0.99945
0.99947
0.99949
0.9995
0.99951
0.99951
0.99951
0.9995
0.99949
0.99947
0.99944
0.99942
0.99938
0.99935
0.9993
0.99926
0.9992
0.99915
0.99909
0.99902
0.99896
0.99888
0.99881
0.99872
0.99864
0.99855
0.99846
0.99836
0.99826
0.99816
0.99805
0.99795
0.99783
0.99772
0.9976
0.99747
0.99735
0.99722
0.99709
0.99696
0.99682
0.99668
0.99654
0.9964
0.99625
0.9961
0.99595
0.9958
0.99565
0.99549
0.99533
0.99517
0.99501
0.99485
0.99469
0.99452
0.99435
0.99418
0.99401
0.99384
0.99367
0.9935
0.99332
0.99315
0.99297
0.9928
0.99262
0.99244
0.99226
0.99208
0.9919
0.99173
0.99155
0.99137
0.99119
0.991
0.99082
0.99064
0.99046
0.99028
0.9901
0.98993
0.98975
0.98957
0.98939
0.98921
0.98903
0.98886
0.98868
0.98851
0.98833
0.98816
0.98799
0.98781
0.98764
0.98747
0.98731
0.98714
0.98697
0.98681
0.98664
0.98648
0.98632
0.98616
0.986
0.98584
0.98568
0.98553
0.98538
0.98523
0.98508
0.98493
0.98478
0.98464
0.98449
0.98435
0.98421
0.98407
0.98394
0.9838
0.98367
0.98354
0.98341
0.98328
0.98316
0.98303
0.98291
0.98279
0.98267
0.98256
0.98244
0.98233
0.98222
0.98211
0.982
0.9819
0.9818
0.9817
0.9816
0.9815
0.9814
0.98131
0.98122
0.98113
0.98104
0.98096
0.98087
0.98079
0.98071
0.98063
0.98055
0.98048
0.9804
0.98033
0.98026
0.98019
0.98012
0.98006
0.97999
0.97993
0.97987
0.97981
0.97975
0.97969
0.97963
0.97958
0.97953
0.97947
0.97942
0.97937
0.97932
0.97927
0.97922
0.97918
0.97913
0.97909
0.97904
0.979
0.97895
0.97891
0.97887
0.97882
0.97878
0.97874
0.9787
0.97866
0.97861
0.97857
0.97853
0.97849
0.97845
0.9784
0.97836
0.97832
0.97827
0.97823
0.97818
0.97814
0.97809
0.97804
0.97799
0.97794
0.97789
0.97784
0.97778
0.97773
0.97767
0.97761
0.97755
0.97749
0.97742
0.97736
0.97729
0.97722
0.97714
0.97707
0.97699
0.97691
0.97682
0.97674
0.97665
0.97655
0.97646
0.97636
0.97626
0.97615
0.97604
0.97593
0.97581
0.97569
0.97556
0.97543
0.9753
0.97516
0.97502
0.97487
0.97472
0.97457
0.9744
0.97424
0.97407
0.97389
0.97371
0.97352
0.97333
0.97313
0.97293
0.97272
0.9725
0.97228
0.97206
0.97182
0.97158
0.97133
0.97108
0.97082
0.97055
0.97028
0.97
0.96971
0.96942
0.96911
0.9688
0.96849
0.96816
0.96783
0.96749
0.96714
0.96678
0.96642
0.96605
0.96567
0.96528
0.96488
0.96447
0.96406
0.96363
0.9632
0.96276
0.96231
0.96185
0.96138
0.9609
0.96042
0.95992
0.95941
0.9589
0.95837
0.95784
0.95729
0.95674
0.95617
0.9556
0.95501
0.95442
0.95382
0.9532
0.95258
0.95194
0.95129
0.95064
0.94997
0.94929
0.94861
0.94791
0.9472
0.94648
0.94575
0.94501
0.94425
0.94349
0.94272
0.94193
0.94114
0.94033
0.93951
0.93869
0.93785
0.937
0.93614
0.93526
0.93438
0.93349
0.93258
0.93167
0.93074
0.9298
0.92885
0.92789
0.92692
0.92594
0.92495
0.92395
0.92293
0.92191
0.92087
0.91983
0.91877
0.9177
0.91662
0.91554
0.91444
0.91333
0.91221
0.91108
0.90994
0.90879
0.90762
0.90645
0.90527
0.90408
0.90288
0.90167
0.90045
0.89922
0.89798
0.89673
0.89547
0.8942
0.89293
0.89164
0.89034
0.88904
0.88773
0.88641
0.88508
0.88374
0.88239
0.88103
0.87967
0.8783
0.87692
0.87553
0.87414
0.87274
0.87133
0.86991
0.86849
0.86705
0.86562
0.86417
0.86272
0.86126
0.8598
0.85833
0.85685
0.85537
0.85389
0.85239
0.8509
0.84939
0.84788
0.84637
0.84485
0.84333
0.8418
0.84027
0.83874
0.8372
0.83566
0.83411
0.83256
0.83101
0.82946
0.8279
0.82634
0.82477
0.82321
0.82164
0.82007
0.8185
0.81693
0.81535
0.81378
0.8122
0.81063
0.80905
0.80747
0.80589
0.80432
0.80274
0.80116
0.79958
0.79801
0.79643
0.79486
0.79328
0.79171
0.79014
0.78858
0.78701
0.78545
0.78389
0.78233
0.78077
0.77922
0.77767
0.77612
0.77458
0.77304
0.77151
0.76998
0.76845
0.76693
0.76541
0.7639
0.76239
0.76089
0.7594
0.75791
0.75642
0.75494
0.75347
0.752
0.75054
0.74909
0.74765
0.74621
0.74477
0.74335
0.74193
0.74052
0.73912
0.73773
0.73635
0.73497
0.7336
0.73224
0.73089
0.72955
0.72822
0.7269
0.72558
0.72428
0.72299
0.72171
0.72043
0.71917
0.71792
0.71668
0.71544
0.71422
0.71301
0.71182
0.71063
0.70946
0.70829
0.70714
0.706
0.70487
0.70376
0.70265
0.70156
0.70048
0.69942
0.69836
0.69732
0.69629
0.69528
0.69428
0.69329
0.69232
0.69135
0.69041
0.68947
0.68855
0.68765
0.68675
0.68588
0.68501
0.68416
0.68333
0.68251
0.6817
0.68091
0.68013
0.67937
0.67863
0.67789
0.67718
0.67648
0.67579
0.67512
0.67446
0.67382
0.6732
0.67259
0.672
0.67142
0.67086
0.67031
0.66978
0.66927
0.66877
0.66829
0.66782
0.66737
0.66694
0.66652
0.66612
0.66573
0.66536
0.66501
0.66468
0.66436
0.66405
0.66377
0.6635
0.66324
0.66301
0.66279
0.66258
0.6624
0.66223
0.66207
0.66194
0.66182
0.66172
0.66163
0.66156
0.66151
0.66147
0.66145
0.66145
0.66147
0.6615
0.66154
0.66161
0.66169
0.66179
0.66191
0.66204
0.66219
0.66235
0.66253
0.66273
0.66295
0.66318
0.66343
0.66369
0.66398
0.66428
0.66459
0.66492
0.66527
0.66563
0.66602
0.66641
0.66683
0.66726
0.6677
0.66816
0.66864
0.66914
0.66965
0.67017
0.67071
0.67127
0.67185
0.67244
0.67304
0.67366
0.6743
0.67495
0.67562
0.6763
0.677
0.67771
0.67844
0.67918
0.67994
0.68072
0.6815
0.68231
0.68312
0.68396
0.6848
0.68566
0.68654
0.68743
0.68833
0.68925
0.69018
0.69112
0.69208
0.69305
0.69404
0.69504
0.69605
0.69707
0.69811
0.69916
0.70023
0.7013
0.70239
0.70349
0.70461
0.70573
0.70687
0.70802
0.70918
0.71035
0.71154
0.71273
0.71394
0.71516
0.71638
0.71762
0.71887
0.72013
0.7214
0.72269
0.72398
0.72528
0.72659
0.72791
0.72924
0.73057
0.73192
0.73328
0.73464
0.73601
0.7374
0.73879
0.74018
0.74159
0.743
0.74442
0.74585
0.74729
0.74873
0.75018
0.75163
0.75309
0.75456
0.75604
0.75752
0.759
0.76049
0.76199
0.76349
0.76499
0.76651
0.76802
0.76954
0.77106
0.77259
0.77412
0.77565
0.77719
0.77873
0.78028
0.78182
0.78337
0.78492
0.78647
0.78803
0.78958
0.79114
0.7927
0.79426
0.79582
0.79738
0.79894
0.80051
0.80207
0.80363
0.80519
0.80675
0.80831
0.80987
0.81143
0.81298
0.81453
0.81609
0.81764
0.81918
0.82073
0.82227
0.82381
0.82535
0.82688
0.82841
0.82994
0.83146
0.83297
0.83449
0.836
0.8375
0.839
0.84049
0.84198
0.84346
0.84494
0.84641
0.84788
0.84934
0.85079
0.85224
0.85368
0.85511
0.85653
0.85795
0.85936
0.86076
0.86216
0.86354
0.86492
0.86629
0.86765
0.869
0.87034
0.87168
0.873
0.87432
0.87562
0.87692
0.87821
0.87948
0.88075
0.882
0.88325
0.88448
0.88571
0.88692
0.88812
0.88931
0.89049
0.89166
0.89282
0.89396
0.89509
0.89621
0.89732
0.89842
0.89951
0.90058
0.90164
0.90268
0.90372
0.90474
0.90575
0.90675
0.90773
0.9087
0.90966
0.9106
0.91153
0.91245
0.91335
0.91424
0.91512
0.91598
0.91683
0.91766
0.91848
0.91929
0.92008
0.92086
0.92163
0.92238
0.92312
0.92384
0.92455
0.92524
0.92592
0.92659
0.92724
0.92787
0.9285
0.92911
0.9297
0.93028
0.93084
0.93139
0.93193
0.93245
0.93296
0.93345
0.93393
0.9344
0.93485
0.93529
0.93571
0.93611
0.93651
0.93689
0.93725
0.9376
0.93794
0.93826
0.93857
0.93887
0.93915
0.93942
0.93967
0.93991
0.94014
0.94035
0.94055
0.94073
0.9409
0.94106
0.94121
0.94134
0.94146
0.94156
0.94166
0.94174
0.9418
0.94186
0.9419
0.94193
0.94195
0.94195
0.94194
0.94192
0.94189
0.94185
0.94179
0.94172
0.94164
0.94155
0.94145
0.94133
0.94121
0.94107
0.94092
0.94076
0.94059
0.94041
0.94022
0.94002
0.93981
0.93959
0.93936
0.93911
0.93886
0.9386
0.93833
0.93805
0.93776
0.93746
0.93715
0.93683
0.93651
0.93617
0.93583
0.93547
0.93511
0.93474
0.93437
0.93398
0.93359
0.93319
0.93278
0.93236
0.93194
0.93151
0.93107
0.93063
0.93018
0.92972
0.92926
0.92879
0.92831
0.92783
0.92734
0.92684
0.92634
0.92584
0.92532
0.92481
0.92429
0.92376
0.92323
0.92269
0.92215
0.9216
0.92105
0.9205
0.91994
0.91937
0.91881
0.91824
0.91766
0.91709
0.9165
0.91592
0.91533
0.91474
0.91415
0.91355
0.91295
0.91235
0.91175
0.91114
0.91053
0.90992
0.90931
0.90869
0.90808
0.90746
0.90684
0.90622
0.9056
0.90497
0.90435
0.90372
0.90309
0.90247
0.90184
0.90121
0.90058
0.89995
0.89932
0.89869
0.89806
0.89743
0.8968
0.89617
0.89554
0.89491
0.89428
0.89365
0.89302
0.8924
0.89177
0.89114
0.89052
0.88989
0.88927
0.88865
0.88803
0.88741
0.88679
0.88617
0.88556
0.88494
0.88433
0.88372
0.88311
0.88251
0.8819
0.8813
0.8807
0.8801
0.8795
0.8789
0.87831
0.87772
0.87713
0.87655
0.87596
0.87538
0.8748
0.87423
0.87365
0.87308
0.87251
0.87195
0.87138
0.87082
0.87026
0.86971
0.86916
0.86861
0.86806
0.86752
0.86698
0.86644
0.86591
0.86537
0.86485
0.86432
0.8638
0.86328
0.86276
0.86225
0.86174
0.86123
0.86073
0.86023
0.85973
0.85924
0.85875
0.85826
0.85777
0.85729
0.85681
0.85634
0.85587
0.8554
0.85493
0.85447
0.85401
0.85356
0.85311
0.85266
0.85221
0.85177
0.85133
0.85089
0.85046
0.85003
0.8496
0.84918
0.84876
0.84834
0.84793
0.84752
0.84711
0.84671
0.8463
0.8459
0.84551
0.84512
0.84473
0.84434
0.84396
0.84358
0.8432
0.84282
0.84245
0.84208
0.84172
0.84135
0.84099
0.84063
0.84028
0.83992
0.83957
0.83923
0.83888
0.83854
0.8382
0.83787
0.83753
0.8372
0.83687
0.83654
0.83622
0.8359
0.83558
0.83526
0.83495
0.83463
0.83432
0.83401
0.83371
0.8334
0.8331
0.8328
0.83251
0.83221
0.83192
0.83163
0.83134
0.83105
0.83076
0.83048
0.8302
0.82992
0.82964
0.82936
0.82909
0.82882
0.82855
0.82828
0.82801
0.82774
0.82748
0.82721
0.82695
0.82669
0.82643
0.82618
0.82592
0.82567
0.82541
0.82516
0.82491
0.82466
0.82441
0.82417
0.82392
0.82368
0.82343
0.82319
0.82295
0.82271
0.82247
0.82223
0.822
0.82176
0.82153
0.82129
0.82106
0.82083
0.8206
0.82037
0.82014
0.81991
0.81968
0.81946
0.81923
0.81901
0.81878
0.81856
0.81833
0.81811
0.81789
0.81767
0.81745
0.81723
0.81701
0.81679
0.81658
0.81636
0.81614
0.81593
0.81571
0.8155
0.81528
0.81507
0.81486
0.81465
0.81443
0.81422
0.81401
0.8138
0.81359
0.81338
0.81317
0.81297
0.81276
0.81255
0.81235
0.81214
0.81194
0.81173
0.81153
0.81132
0.81112
0.81092
0.81071
0.81051
0.81031
0.81011
0.80991
0.80971
0.80951
0.80931
0.80912
0.80892
0.80872
0.80853
0.80833
0.80814
0.80794
0.80775
0.80755
0.80736
0.80717
0.80698
0.80679
0.8066
0.80641
0.80622
0.80603
0.80585
0.80566
0.80548
0.80529
0.80511
0.80493
0.80474
0.80456
0.80438
0.8042
0.80402
0.80385
0.80367
0.80349
0.80332
0.80314
0.80297
0.8028
0.80263
0.80246
0.80229
0.80212
0.80195
0.80179
0.80162
0.80146
0.8013
0.80114
0.80098
0.80082
0.80066
0.80051
0.80035
0.8002
0.80004
0.79989
0.79974
0.7996
0.79945
0.7993
0.79916
0.79902
0.79888
0.79874
0.7986
0.79846
0.79833
0.79819
0.79806
0.79793
0.7978
0.79768
0.79755
0.79743
0.79731
0.79719
0.79707
0.79695
0.79684
0.79672
0.79661
0.7965
0.7964
0.79629
0.79619
0.79608
0.79598
0.79589
0.79579
0.7957
0.7956
0.79551
0.79543
0.79534
0.79526
0.79517
0.79509
0.79502
0.79494
0.79487
0.7948
0.79473
0.79466
0.79459
0.79453
0.79447
0.79441
0.79436
0.7943
0.79425
0.7942
0.79415
0.79411
0.79407
0.79403
0.79399
0.79395
0.79392
0.79389
0.79386
0.79383
0.79381
0.79378
0.79377
0.79375
0.79373
0.79372
0.79371
0.7937
0.7937
0.79369
0.79369
0.7937
0.7937
0.79371
0.79372
0.79373
0.79374
0.79376
0.79377
0.7938
0.79382
0.79384
0.79387
0.7939
0.79394
0.79397
0.79401
0.79405
0.79409
0.79414
0.79418
0.79423
0.79428
0.79434
0.79439
0.79445
0.79451
0.79458
0.79464
0.79471
0.79478
0.79486
0.79493
0.79501
0.79509
0.79517
0.79525
0.79534
0.79543
0.79552
0.79561
0.79571
0.7958
0.7959
0.79601
0.79611
0.79622
0.79632
0.79644
0.79655
0.79666
0.79678
0.7969
0.79702
0.79714
0.79727
0.79739
0.79752
0.79765
0.79779
0.79792
0.79806
0.7982
0.79834
0.79848
0.79863
0.79877
0.79892
0.79907
0.79923
0.79938
0.79954
0.7997
0.79985
0.80002
0.80018
0.80034
0.80051
0.80068
0.80085
0.80102
0.8012
0.80137
0.80155
0.80173
0.80191
0.80209
0.80227
0.80246
0.80265
0.80284
0.80303
0.80322
0.80341
0.80361
0.8038
0.804
0.8042
0.8044
0.8046
0.80481
0.80501
0.80522
0.80543
0.80564
0.80585
0.80606
0.80628
0.80649
0.80671
0.80693
0.80715
0.80737
0.80759
0.80781
0.80804
0.80826
0.80849
0.80872
0.80895
0.80918
0.80942
0.80965
0.80989
0.81012
0.81036
0.8106
0.81084
0.81109
0.81133
0.81157
0.81182
0.81207
0.81232
0.81257
0.81282
0.81307
0.81333
0.81358
0.81384
0.8141
0.81436
0.81462
0.81488
0.81514
0.81541
0.81567
0.81594
0.81621
0.81648
0.81675
0.81702
0.8173
0.81757
0.81785
0.81813
0.81841
0.81869
0.81897
0.81926
0.81954
0.81983
0.82012
0.82041
0.8207
0.821
0.82129
0.82159
0.82189
0.82219
0.82249
0.82279
0.82309
0.8234
0.82371
0.82402
0.82433
0.82464
0.82496
0.82527
0.82559
0.82591
0.82623
0.82655
0.82688
0.82721
0.82754
0.82787
0.8282
0.82853
0.82887
0.82921
0.82955
0.82989
0.83024
0.83058
0.83093
0.83128
0.83164
0.83199
0.83235
0.83271
0.83307
0.83343
0.8338
0.83417
0.83454
0.83491
0.83529
0.83566
0.83604
0.83643
0.83681
0.8372
0.83759
0.83798
0.83837
0.83877
0.83917
0.83957
0.83998
0.84038
0.84079
0.84121
0.84162
0.84204
0.84246
0.84288
0.84331
0.84374
0.84417
0.8446
0.84504
0.84548
0.84592
0.84637
0.84682
0.84727
0.84772
0.84818
0.84864
0.8491
0.84957
0.85004
0.85051
0.85099
0.85147
0.85195
0.85243
0.85292
0.85341
0.8539
0.8544
0.8549
0.8554
0.85591
0.85642
0.85693
0.85745
0.85796
0.85849
0.85901
0.85954
0.86007
0.86061
0.86114
0.86168
0.86223
0.86278
0.86333
0.86388
0.86444
0.865
0.86556
0.86613
0.8667
0.86727
0.86785
0.86843
0.86901
0.8696
0.87018
0.87078
0.87137
0.87197
0.87257
0.87318
0.87378
0.8744
0.87501
0.87563
0.87625
0.87687
0.8775
0.87813
0.87876
0.87939
0.88003
0.88067
0.88132
0.88196
0.88261
0.88327
0.88392
0.88458
0.88524
0.8859
0.88657
0.88724
0.88791
0.88859
0.88927
0.88995
0.89063
0.89131
0.892
0.89269
0.89338
0.89408
0.89478
0.89548
0.89618
0.89688
0.89759
0.8983
0.89901
0.89972
0.90043
0.90115
0.90187
0.90259
0.90331
0.90404
0.90477
0.90549
0.90622
0.90696
0.90769
0.90842
0.90916
0.9099
0.91064
0.91138
0.91212
0.91286
0.91361
0.91436
0.9151
0.91585
0.9166
0.91735
0.9181
0.91885
0.91961
0.92036
0.92111
0.92187
0.92263
0.92338
0.92414
0.9249
0.92565
0.92641
0.92717
0.92793
0.92869
0.92944
0.9302
0.93096
0.93172
0.93248
0.93324
0.934
0.93475
0.93551
0.93627
0.93702
0.93778
0.93854
0.93929
0.94004
0.9408
0.94155
0.9423
0.94305
0.9438
0.94455
0.9453
0.94604
0.94679
0.94753
0.94827
0.94901
0.94975
0.95049
0.95123
0.95196
0.95269
0.95342
0.95415
0.95488
0.9556
0.95633
0.95705
0.95777
0.95848
0.9592
0.95991
0.96062
0.96133
0.96203
0.96273
0.96343
0.96413
0.96483
0.96552
0.96621
0.96689
0.96758
0.96826
0.96894
0.96961
0.97028
0.97095
0.97162
