0.86997
0.86944
0.8689
0.86837
0.86784
0.86731
0.86678
0.86624
0.86571
0.86517
0.86464
0.8641
0.86356
0.86303
0.86249
0.86195
0.86141
0.86087
0.86033
0.85979
0.85925
0.85871
0.85817
0.85763
0.85708
0.85654
0.856
0.85545
0.85491
0.85437
0.85382
0.85328
0.85273
0.85219
0.85164
0.85109
0.85055
0.85
0.84945
0.84891
0.84836
0.84781
0.84726
0.84671
0.84617
0.84562
0.84507
0.84452
0.84397
0.84342
0.84287
0.84232
0.84177
0.84122
0.84067
0.84013
0.83958
0.83903
0.83848
0.83793
0.83738
0.83683
0.83628
0.83573
0.83518
0.83463
0.83408
0.83353
0.83298
0.83243
0.83188
0.83133
0.83078
0.83023
0.82968
0.82914
0.82859
0.82804
0.82749
0.82694
0.8264
0.82585
0.8253
0.82475
0.82421
0.82366
0.82312
0.82257
0.82202
0.82148
0.82093
0.82039
0.81985
0.8193
0.81876
0.81822
0.81767
0.81713
0.81659
0.81605
0.81551
0.81497
0.81443
0.81389
0.81335
0.81281
0.81228
0.81174
0.8112
0.81067
0.81013
0.8096
0.80906
0.80853
0.808
0.80746
0.80693
0.8064
0.80587
0.80534
0.80481
0.80429
0.80376
0.80323
0.80271
0.80218
0.80166
0.80113
0.80061
0.80009
0.79957
0.79904
0.79853
0.79801
0.79749
0.79697
0.79646
0.79594
0.79543
0.79491
0.7944
0.79389
0.79338
0.79287
0.79236
0.79185
0.79134
0.79084
0.79033
0.78983
0.78933
0.78882
0.78832
0.78782
0.78732
0.78683
0.78633
0.78583
0.78534
0.78485
0.78435
0.78386
0.78337
0.78288
0.7824
0.78191
0.78143
0.78094
0.78046
0.77998
0.7795
0.77902
0.77854
0.77806
0.77759
0.77711
0.77664
0.77617
0.7757
0.77523
0.77476
0.77429
0.77383
0.77337
0.7729
0.77244
0.77198
0.77152
0.77107
0.77061
0.77016
0.7697
0.76925
0.7688
0.76835
0.76791
0.76746
0.76702
0.76657
0.76613
0.76569
0.76525
0.76482
0.76438
0.76395
0.76352
0.76308
0.76266
0.76223
0.7618
0.76138
0.76095
0.76053
0.76011
0.75969
0.75928
0.75886
0.75845
0.75803
0.75762
0.75721
0.75681
0.7564
0.756
0.75559
0.75519
0.75479
0.7544
0.754
0.75361
0.75321
0.75282
0.75243
0.75205
0.75166
0.75128
0.75089
0.75051
0.75013
0.74976
0.74938
0.74901
0.74863
0.74826
0.74789
0.74753
0.74716
0.7468
0.74644
0.74608
0.74572
0.74536
0.74501
0.74465
0.7443
0.74395
0.7436
0.74326
0.74291
0.74257
0.74223
0.74189
0.74155
0.74122
0.74089
0.74055
0.74022
0.7399
0.73957
0.73924
0.73892
0.7386
0.73828
0.73797
0.73765
0.73734
0.73702
0.73671
0.73641
0.7361
0.7358
0.73549
0.73519
0.73489
0.7346
0.7343
0.73401
0.73372
0.73343
0.73314
0.73285
0.73257
0.73229
0.732
0.73173
0.73145
0.73117
0.7309
0.73063
0.73036
0.73009
0.72983
0.72956
0.7293
0.72904
0.72878
0.72853
0.72827
0.72802
0.72777
0.72752
0.72727
0.72702
0.72678
0.72654
0.7263
0.72606
0.72582
0.72559
0.72536
0.72512
0.7249
0.72467
0.72444
0.72422
0.724
0.72378
0.72356
0.72334
0.72313
0.72291
0.7227
0.72249
0.72229
0.72208
0.72188
0.72167
0.72147
0.72127
0.72108
0.72088
0.72069
0.7205
0.72031
0.72012
0.71993
0.71975
0.71957
0.71939
0.71921
0.71903
0.71885
0.71868
0.71851
0.71833
0.71817
0.718
0.71783
0.71767
0.71751
0.71735
0.71719
0.71703
0.71687
0.71672
0.71657
0.71642
0.71627
0.71612
0.71598
0.71583
0.71569
0.71555
0.71541
0.71527
0.71514
0.715
0.71487
0.71474
0.71461
0.71448
0.71435
0.71423
0.71411
0.71399
0.71386
0.71375
0.71363
0.71351
0.7134
0.71329
0.71318
0.71307
0.71296
0.71285
0.71275
0.71264
0.71254
0.71244
0.71234
0.71224
0.71215
0.71205
0.71196
0.71187
0.71178
0.71169
0.7116
0.71151
0.71143
0.71134
0.71126
0.71118
0.7111
0.71102
0.71095
0.71087
0.7108
0.71072
0.71065
0.71058
0.71051
0.71044
0.71038
0.71031
0.71025
0.71018
0.71012
0.71006
0.71
0.70995
0.70989
0.70983
0.70978
0.70972
0.70967
0.70962
0.70957
0.70952
0.70948
0.70943
0.70938
0.70934
0.7093
0.70925
0.70921
0.70917
0.70913
0.7091
0.70906
0.70902
0.70899
0.70895
0.70892
0.70889
0.70886
0.70883
0.7088
0.70877
0.70874
0.70872
0.70869
0.70867
0.70864
0.70862
0.7086
0.70858
0.70856
0.70854
0.70852
0.7085
0.70849
0.70847
0.70845
0.70844
0.70843
0.70841
0.7084
0.70839
0.70838
0.70837
0.70836
0.70835
0.70834
0.70834
0.70833
0.70832
0.70832
0.70831
0.70831
0.70831
0.7083
0.7083
0.7083
0.7083
0.7083
0.7083
0.7083
0.7083
0.7083
0.7083
0.70831
0.70831
0.70831
0.70832
0.70832
0.70833
0.70833
0.70834
0.70834
0.70835
0.70836
0.70836
0.70837
0.70838
0.70839
0.7084
0.70841
0.70842
0.70843
0.70844
0.70845
0.70846
0.70847
0.70848
0.70849
0.7085
0.70851
0.70852
0.70854
0.70855
0.70856
0.70857
0.70859
0.7086
0.70861
0.70862
0.70864
0.70865
0.70866
0.70868
0.70869
0.7087
0.70872
0.70873
0.70874
0.70876
0.70877
0.70879
0.7088
0.70881
0.70883
0.70884
0.70885
0.70887
0.70888
0.70889
0.7089
0.70892
0.70893
0.70894
0.70895
0.70897
0.70898
0.70899
0.709
0.70901
0.70902
0.70904
0.70905
0.70906
0.70907
0.70908
0.70909
0.7091
0.7091
0.70911
0.70912
0.70913
0.70914
0.70914
0.70915
0.70916
0.70916
0.70917
0.70918
0.70918
0.70918
0.70919
0.70919
0.7092
0.7092
0.7092
0.7092
0.7092
0.7092
0.7092
0.7092
0.7092
0.7092
0.7092
0.7092
0.7092
0.70919
0.70919
0.70918
0.70918
0.70917
0.70916
0.70916
0.70915
0.70914
0.70913
0.70912
0.70911
0.7091
0.70909
0.70907
0.70906
0.70905
0.70903
0.70902
0.709
0.70898
0.70896
0.70895
0.70893
0.70891
0.70888
0.70886
0.70884
0.70882
0.70879
0.70877
0.70874
0.70871
0.70869
0.70866
0.70863
0.7086
0.70857
0.70853
0.7085
0.70847
0.70843
0.70839
0.70836
0.70832
0.70828
0.70824
0.7082
0.70816
0.70811
0.70807
0.70803
0.70798
0.70793
0.70789
0.70784
0.70779
0.70774
0.70768
0.70763
0.70758
0.70752
0.70746
0.70741
0.70735
0.70729
0.70723
0.70717
0.7071
0.70704
0.70697
0.70691
0.70684
0.70677
0.7067
0.70663
0.70656
0.70648
0.70641
0.70633
0.70626
0.70618
0.7061
0.70602
0.70594
0.70585
0.70577
0.70568
0.7056
0.70551
0.70542
0.70533
0.70524
0.70515
0.70505
0.70496
0.70486
0.70476
0.70466
0.70456
0.70446
0.70436
0.70425
0.70415
0.70404
0.70393
0.70382
0.70371
0.7036
0.70349
0.70337
0.70326
0.70314
0.70302
0.7029
0.70278
0.70266
0.70253
0.70241
0.70228
0.70215
0.70202
0.70189
0.70176
0.70163
0.70149
0.70136
0.70122
0.70108
0.70094
0.7008
0.70066
0.70051
0.70037
0.70022
0.70007
0.69992
0.69977
0.69962
0.69946
0.69931
0.69915
0.69899
0.69883
0.69867
0.69851
0.69835
0.69818
0.69802
0.69785
0.69768
0.69751
0.69734
0.69716
0.69699
0.69681
0.69663
0.69646
0.69628
0.69609
0.69591
0.69573
0.69554
0.69535
0.69517
0.69498
0.69478
0.69459
0.6944
0.6942
0.69401
0.69381
0.69361
0.69341
0.6932
0.693
0.6928
0.69259
0.69238
0.69217
0.69196
0.69175
0.69154
0.69132
0.69111
0.69089
0.69067
0.69045
0.69023
0.69001
0.68978
0.68956
0.68933
0.68911
0.68888
0.68865
0.68841
0.68818
0.68795
0.68771
0.68747
0.68724
0.687
0.68676
0.68651
0.68627
0.68603
0.68578
0.68553
0.68528
0.68503
0.68478
0.68453
0.68428
0.68402
0.68377
0.68351
0.68325
0.68299
0.68273
0.68247
0.68221
0.68194
0.68168
0.68141
0.68114
0.68087
0.6806
0.68033
0.68006
0.67978
0.67951
0.67923
0.67895
0.67868
0.6784
0.67812
0.67783
0.67755
0.67727
0.67698
0.6767
0.67641
0.67612
0.67583
0.67554
0.67525
0.67496
0.67466
0.67437
0.67407
0.67378
0.67348
0.67318
0.67288
0.67258
0.67228
0.67198
0.67167
0.67137
0.67106
0.67076
0.67045
0.67014
0.66983
0.66952
0.66921
0.6689
0.66859
0.66827
0.66796
0.66764
0.66733
0.66701
0.66669
0.66637
0.66605
0.66573
0.66541
0.66509
0.66477
0.66444
0.66412
0.66379
0.66347
0.66314
0.66282
0.66249
0.66216
0.66183
0.6615
0.66117
0.66084
0.66051
0.66017
0.65984
0.65951
0.65917
0.65884
0.6585
0.65816
0.65783
0.65749
0.65715
0.65681
0.65647
0.65613
0.65579
0.65545
0.65511
0.65477
0.65443
0.65409
0.65374
0.6534
0.65306
0.65271
0.65237
0.65202
0.65168
0.65133
0.65098
0.65064
0.65029
0.64994
0.64959
0.64925
0.6489
0.64855
0.6482
0.64785
0.6475
0.64715
0.6468
0.64645
0.6461
0.64575
0.6454
0.64505
0.6447
0.64435
0.644
0.64364
0.64329
0.64294
0.64259
0.64224
0.64188
0.64153
0.64118
0.64083
0.64048
0.64012
0.63977
0.63942
0.63907
0.63871
0.63836
0.63801
0.63766
0.6373
0.63695
0.6366
0.63625
0.6359
0.63555
0.63519
0.63484
0.63449
0.63414
0.63379
0.63344
0.63309
0.63274
0.63239
0.63204
0.63169
0.63134
0.63099
0.63064
0.63029
0.62995
0.6296
0.62925
0.62891
0.62856
0.62821
0.62787
0.62752
0.62718
0.62683
0.62649
0.62614
0.6258
0.62546
0.62512
0.62477
0.62443
0.62409
0.62375
0.62341
0.62307
0.62273
0.6224
0.62206
0.62172
0.62138
0.62105
0.62071
0.62038
0.62005
0.61971
0.61938
0.61905
0.61872
0.61839
0.61806
0.61773
0.6174
0.61707
0.61675
0.61642
0.6161
0.61577
0.61545
0.61513
0.61481
0.61448
0.61416
0.61385
0.61353
0.61321
0.61289
0.61258
0.61226
0.61195
0.61164
0.61133
0.61101
0.6107
0.6104
0.61009
0.60978
0.60948
0.60917
0.60887
0.60856
0.60826
0.60796
0.60766
0.60736
0.60707
0.60677
0.60648
0.60618
0.60589
0.6056
0.60531
0.60502
0.60473
0.60444
0.60416
0.60387
0.60359
0.60331
0.60303
0.60275
0.60247
0.60219
0.60192
0.60164
0.60137
0.6011
0.60083
0.60056
0.60029
0.60002
0.59976
0.5995
0.59923
0.59897
0.59871
0.59845
0.5982
0.59794
0.59769
0.59744
0.59719
0.59694
0.59669
0.59644
0.5962
0.59595
0.59571
0.59547
0.59523
0.59499
0.59476
0.59452
0.59429
0.59406
0.59383
0.5936
0.59337
0.59315
0.59292
0.5927
0.59248
0.59226
0.59205
0.59183
0.59162
0.5914
0.59119
0.59098
0.59078
0.59057
0.59037
0.59017
0.58996
0.58977
0.58957
0.58937
0.58918
0.58899
0.5888
0.58861
0.58842
0.58824
0.58805
0.58787
0.58769
0.58751
0.58734
0.58716
0.58699
0.58682
0.58665
0.58648
0.58632
0.58615
0.58599
0.58583
0.58567
0.58552
0.58536
0.58521
0.58506
0.58491
0.58476
0.58462
0.58447
0.58433
0.58419
0.58405
0.58392
0.58378
0.58365
0.58352
0.58339
0.58326
0.58314
0.58302
0.5829
0.58278
0.58266
0.58254
0.58243
0.58232
0.58221
0.5821
0.582
0.58189
0.58179
0.58169
0.58159
0.5815
0.5814
0.58131
0.58122
0.58113
0.58105
0.58096
0.58088
0.5808
0.58072
0.58065
0.58057
0.5805
0.58043
0.58036
0.58029
0.58023
0.58017
0.58011
0.58005
0.57999
0.57994
0.57988
0.57983
0.57978
0.57974
0.57969
0.57965
0.57961
0.57957
0.57953
0.5795
0.57946
0.57943
0.5794
0.57938
0.57935
0.57933
0.57931
0.57929
0.57927
0.57926
0.57924
0.57923
0.57922
0.57922
0.57921
0.57921
0.5792
0.57921
0.57921
0.57921
0.57922
0.57923
0.57924
0.57925
0.57926
0.57928
0.5793
0.57932
0.57934
0.57936
0.57939
0.57942
0.57945
0.57948
0.57951
0.57955
0.57958
0.57962
0.57966
0.57971
0.57975
0.5798
0.57985
0.5799
0.57995
0.58
0.58006
0.58012
0.58018
0.58024
0.5803
0.58037
0.58044
0.5805
0.58058
0.58065
0.58072
0.5808
0.58088
0.58096
0.58104
0.58112
0.58121
0.5813
0.58139
0.58148
0.58157
0.58167
0.58176
0.58186
0.58196
0.58206
0.58216
0.58227
0.58238
0.58249
0.5826
0.58271
0.58282
0.58294
0.58305
0.58317
0.58329
0.58342
0.58354
0.58367
0.58379
0.58392
0.58405
0.58418
0.58432
0.58445
0.58459
0.58473
0.58487
0.58501
0.58516
0.5853
0.58545
0.5856
0.58575
0.5859
0.58605
0.5862
0.58636
0.58652
0.58668
0.58684
0.587
0.58716
0.58733
0.5875
0.58766
0.58783
0.588
0.58818
0.58835
0.58853
0.5887
0.58888
0.58906
0.58924
0.58942
0.58961
0.58979
0.58998
0.59017
0.59036
0.59055
0.59074
0.59093
0.59113
0.59132
0.59152
0.59172
0.59192
0.59212
0.59232
0.59252
0.59273
0.59293
0.59314
0.59335
0.59356
0.59377
0.59398
0.59419
0.59441
0.59462
0.59484
0.59506
0.59528
0.5955
0.59572
0.59594
0.59616
0.59639
0.59661
0.59684
0.59707
0.59729
0.59752
0.59775
0.59799
0.59822
0.59845
0.59869
0.59892
0.59916
0.5994
0.59963
0.59987
0.60011
0.60035
0.6006
0.60084
0.60108
0.60133
0.60157
0.60182
0.60207
0.60231
0.60256
0.60281
0.60306
0.60331
0.60357
0.60382
0.60407
0.60433
0.60458
0.60484
0.60509
0.60535
0.60561
0.60587
0.60613
0.60639
0.60665
0.60691
0.60717
0.60743
0.6077
0.60796
0.60823
0.60849
0.60876
0.60902
0.60929
0.60956
0.60983
0.61009
0.61036
0.61063
0.6109
0.61117
0.61144
0.61172
0.61199
0.61226
0.61253
0.61281
0.61308
0.61336
0.61363
0.61391
0.61418
0.61446
0.61473
0.61501
0.61529
0.61556
0.61584
0.61612
0.6164
0.61668
0.61696
0.61724
0.61752
0.6178
0.61808
0.61836
0.61864
0.61892
0.6192
0.61948
0.61976
0.62005
0.62033
0.62061
0.62089
0.62118
0.62146
0.62174
0.62203
0.62231
0.6226
0.62288
0.62316
0.62345
0.62373
0.62402
0.6243
0.62459
0.62487
0.62516
0.62544
0.62573
0.62601
0.6263
0.62658
0.62687
0.62716
0.62744
0.62773
0.62801
0.6283
0.62858
0.62887
0.62916
0.62944
0.62973
0.63001
0.6303
0.63059
0.63087
0.63116
0.63144
0.63173
0.63202
0.6323
0.63259
0.63287
0.63316
0.63344
0.63373
0.63402
0.6343
0.63459
0.63487
0.63516
0.63544
0.63573
0.63601
0.6363
0.63658
0.63687
0.63715
0.63744
0.63772
0.63801
0.63829
0.63858
0.63886
0.63914
0.63943
0.63971
0.64
0.64028
0.64056
0.64085
0.64113
0.64141
0.6417
0.64198
0.64226
0.64254
0.64283
0.64311
0.64339
0.64367
0.64396
0.64424
0.64452
0.6448
0.64508
0.64536
0.64565
0.64593
0.64621
0.64649
0.64677
0.64705
0.64733
0.64761
0.64789
0.64817
0.64845
0.64873
0.64901
0.64929
0.64957
0.64985
0.65013
0.65041
0.65069
0.65097
0.65125
0.65153
0.65181
0.65209
0.65237
0.65264
0.65292
0.6532
0.65348
0.65376
0.65404
0.65432
0.65459
0.65487
0.65515
0.65543
0.65571
0.65599
0.65626
0.65654
0.65682
0.6571
0.65738
0.65766
0.65793
0.65821
0.65849
0.65877
0.65905
0.65933
0.6596
0.65988
0.66016
0.66044
0.66072
0.661
0.66128
0.66156
0.66184
0.66211
0.66239
0.66267
0.66295
0.66323
0.66351
0.66379
0.66407
0.66435
0.66463
0.66491
0.6652
0.66548
0.66576
0.66604
0.66632
0.6666
0.66689
0.66717
0.66745
0.66773
0.66802
0.6683
0.66858
0.66887
0.66915
0.66944
0.66972
0.67001
0.67029
0.67058
0.67087
0.67115
0.67144
0.67173
0.67202
0.67231
0.6726
0.67289
0.67318
0.67347
0.67376
0.67405
0.67434
0.67463
0.67492
0.67522
0.67551
0.67581
0.6761
0.6764
0.67669
0.67699
0.67729
0.67759
0.67788
0.67818
0.67848
0.67878
0.67909
0.67939
0.67969
0.67999
0.6803
0.6806
0.68091
0.68122
0.68152
0.68183
0.68214
0.68245
0.68276
0.68307
0.68338
0.6837
0.68401
0.68432
0.68464
0.68496
0.68527
0.68559
0.68591
0.68623
0.68655
0.68687
0.6872
0.68752
0.68785
0.68817
0.6885
0.68883
0.68916
0.68949
0.68982
0.69015
0.69049
0.69082
0.69116
0.6915
0.69183
0.69217
0.69252
0.69286
0.6932
0.69355
0.69389
0.69424
0.69459
0.69494
0.69529
0.69564
0.69599
0.69635
0.6967
0.69706
0.69742
0.69778
0.69814
0.69851
0.69887
0.69924
0.69961
0.69998
0.70035
0.70072
0.70109
0.70147
0.70184
0.70222
0.7026
0.70298
0.70337
0.70375
0.70414
0.70453
0.70492
0.70531
0.7057
0.70609
0.70649
0.70689
0.70729
0.70769
0.70809
0.7085
0.7089
0.70931
0.70972
0.71013
0.71055
0.71096
0.71138
0.7118
0.71222
0.71265
0.71307
0.7135
0.71393
0.71436
0.71479
0.71522
0.71566
0.7161
0.71654
0.71698
0.71743
0.71787
0.71832
0.71877
0.71923
0.71968
0.72014
0.7206
0.72106
0.72152
0.72198
0.72245
0.72292
0.72339
0.72387
0.72434
0.72482
0.7253
0.72578
0.72627
0.72675
0.72724
0.72773
0.72823
0.72872
0.72922
0.72972
0.73022
0.73073
0.73123
0.73174
0.73226
0.73277
0.73329
0.7338
0.73432
0.73485
0.73537
0.7359
0.73643
0.73696
0.7375
0.73804
0.73858
0.73912
0.73966
0.74021
0.74076
0.74131
0.74187
0.74242
0.74298
0.74354
0.74411
0.74468
0.74524
0.74582
0.74639
0.74697
0.74755
0.74813
0.74871
0.7493
0.74989
0.75048
0.75107
0.75167
0.75227
0.75287
0.75347
0.75408
0.75469
0.7553
0.75592
0.75653
0.75715
0.75777
0.7584
0.75903
0.75966
0.76029
0.76092
0.76156
0.7622
0.76284
0.76349
0.76414
0.76479
0.76544
0.7661
0.76675
0.76741
0.76808
0.76874
0.76941
0.77008
0.77076
0.77143
0.77211
0.77279
0.77348
0.77416
0.77485
0.77554
0.77624
0.77694
0.77764
0.77834
0.77904
0.77975
0.78046
0.78117
0.78189
0.7826
0.78332
0.78405
0.78477
0.7855
0.78623
0.78696
0.7877
0.78844
0.78918
0.78992
0.79066
0.79141
0.79216
0.79291
0.79367
0.79443
0.79519
0.79595
0.79672
0.79748
0.79825
0.79903
0.7998
0.80058
0.80136
0.80214
0.80293
0.80371
0.8045
0.8053
0.80609
0.80689
0.80769
0.80849
0.80929
0.8101
0.81091
0.81172
0.81253
0.81335
0.81416
0.81498
0.81581
0.81663
0.81746
0.81829
0.81912
0.81995
0.82079
0.82162
0.82246
0.82331
0.82415
0.825
0.82585
0.8267
0.82755
0.82841
0.82926
0.83012
0.83098
0.83185
0.83271
0.83358
0.83445
0.83532
0.83619
0.83707
0.83794
0.83882
0.8397
0.84059
0.84147
0.84236
0.84325
0.84414
0.84503
0.84592
0.84682
0.84772
0.84862
0.84952
0.85042
0.85132
0.85223
0.85314
0.85405
0.85496
0.85587
0.85678
0.8577
0.85862
0.85954
0.86046
0.86138
0.8623
0.86323
0.86415
0.86508
0.86601
0.86694
0.86787
0.8688
0.86974
0.87067
0.87161
0.87255
0.87349
0.87443
0.87537
0.87631
0.87726
0.8782
0.87915
0.88009
0.88104
0.88199
0.88294
0.88389
0.88485
0.8858
0.88675
0.88771
0.88866
0.88962
0.89058
0.89154
0.8925
0.89345
0.89442
0.89538
0.89634
0.8973
0.89826
0.89923
0.90019
0.90116
0.90212
0.90309
0.90405
0.90502
0.90599
0.90695
0.90792
0.90889
0.90986
0.91083
0.9118
0.91277
0.91373
0.9147
0.91567
0.91664
0.91761
0.91858
0.91955
0.92052
0.92149
0.92246
0.92343
0.9244
0.92537
0.92634
0.92731
0.92828
0.92925
0.93021
0.93118
0.93215
0.93312
0.93408
0.93505
0.93601
0.93698
0.93794
0.93891
0.93987
0.94084
0.9418
0.94276
0.94372
0.94468
0.94564
0.9466
0.94756
0.94851
0.94947
0.95042
0.95138
0.95233
0.95328
0.95423
0.95518
0.95613
0.95708
0.95803
0.95897
0.95992
0.96086
0.9618
0.96274
0.96368
0.96462
0.96555
0.96649
0.96742
0.96835
0.96928
0.97021
0.97113
0.97206
0.97298
0.9739
0.97482
0.97574
0.97666
0.97757
0.97848
0.97939
0.9803
0.98121
0.98211
0.98302
0.98392
0.98481
0.98571
0.9866
0.9875
0.98839
0.98927
0.99016
0.99104
0.99192
0.9928
0.99367
0.99454
0.99541
0.99628
0.99715
0.99801
0.99887
0.99973
1.0006
1.0014
1.0023
1.0031
1.004
1.0048
1.0056
1.0065
1.0073
1.0081
1.009
1.0098
1.0106
1.0114
1.0122
1.013
1.0139
1.0147
1.0155
1.0162
1.017
1.0178
1.0186
1.0194
1.0202
1.021
1.0217
1.0225
1.0233
1.024
1.0248
1.0255
1.0263
1.027
1.0278
1.0285
1.0292
1.03
1.0307
1.0314
1.0321
1.0329
1.0336
1.0343
1.035
1.0357
1.0364
1.0371
1.0377
1.0384
1.0391
1.0398
1.0404
1.0411
1.0418
1.0424
1.0431
1.0437
1.0444
1.045
1.0456
1.0462
1.0469
1.0475
1.0481
1.0487
1.0493
1.0499
1.0505
1.0511
1.0517
1.0522
1.0528
1.0534
1.054
1.0545
1.0551
1.0556
1.0562
1.0567
1.0572
1.0578
1.0583
1.0588
1.0593
1.0598
1.0603
1.0608
1.0613
1.0618
1.0623
1.0627
1.0632
1.0637
1.0641
1.0646
1.065
1.0654
1.0659
1.0663
1.0667
1.0671
1.0676
1.068
1.0684
1.0688
1.0691
1.0695
1.0699
1.0703
1.0706
1.071
1.0713
1.0717
1.072
1.0724
1.0727
1.073
1.0733
1.0736
1.0739
1.0742
1.0745
1.0748
1.0751
1.0753
1.0756
1.0759
1.0761
1.0764
1.0766
1.0768
1.0771
1.0773
1.0775
1.0777
1.0779
1.0781
1.0783
1.0785
1.0786
1.0788
1.079
1.0791
1.0793
1.0794
1.0795
1.0797
1.0798
1.0799
1.08
1.0801
1.0802
1.0803
1.0803
1.0804
1.0805
1.0805
1.0806
1.0806
1.0807
1.0807
1.0807
1.0807
1.0808
1.0808
1.0808
1.0807
1.0807
1.0807
1.0807
1.0806
1.0806
1.0805
1.0805
1.0804
1.0803
1.0802
1.0802
1.0801
1.08
1.0798
1.0797
1.0796
1.0795
1.0793
1.0792
1.079
1.0789
1.0787
1.0785
1.0783
1.0782
1.078
1.0778
1.0775
1.0773
1.0771
1.0769
1.0766
1.0764
1.0761
1.0759
1.0756
1.0753
1.075
1.0747
1.0744
1.0741
1.0738
1.0735
1.0732
1.0728
1.0725
1.0722
1.0718
1.0714
1.0711
1.0707
1.0703
1.0699
1.0695
1.0691
1.0687
1.0683
1.0678
1.0674
1.067
1.0665
1.0661
1.0656
1.0651
1.0646
1.0642
1.0637
1.0632
1.0627
1.0621
1.0616
1.0611
1.0606
1.06
1.0595
1.0589
1.0583
1.0578
1.0572
1.0566
1.056
1.0554
1.0548
1.0542
1.0536
1.053
1.0523
1.0517
1.051
1.0504
1.0497
1.0491
1.0484
1.0477
1.047
1.0463
1.0456
1.0449
1.0442
1.0435
1.0427
1.042
1.0413
1.0405
1.0398
1.039
1.0382
1.0375
1.0367
1.0359
1.0351
1.0343
1.0335
1.0327
1.0319
1.031
1.0302
1.0294
1.0285
1.0277
1.0268
1.026
1.0251
1.0242
1.0233
1.0224
1.0215
1.0206
1.0197
1.0188
1.0179
1.017
1.0161
1.0151
1.0142
1.0132
1.0123
1.0113
1.0104
1.0094
1.0084
1.0074
1.0064
1.0055
1.0045
1.0035
1.0024
1.0014
1.0004
0.99939
0.99836
0.99733
0.99629
0.99524
0.99419
0.99314
0.99208
0.99101
0.98994
0.98886
0.98778
0.9867
0.98561
0.98451
0.98341
0.98231
0.9812
0.98008
0.97896
0.97784
0.97671
0.97558
0.97444
0.9733
0.97216
0.97101
0.96985
0.9687
0.96753
0.96637
0.9652
0.96402
0.96284
0.96166
0.96047
0.95928
0.95809
0.95689
0.95569
0.95448
0.95327
0.95206
0.95084
0.94962
0.94839
0.94717
0.94594
0.9447
0.94346
0.94222
0.94098
0.93973
0.93848
0.93723
0.93597
0.93471
0.93345
0.93219
0.93092
0.92965
0.92837
0.9271
0.92582
0.92454
0.92325
0.92197
0.92068
0.91939
0.91809
0.9168
0.9155
0.9142
0.9129
0.91159
0.91028
0.90898
0.90767
0.90635
0.90504
0.90372
0.9024
0.90108
0.89976
0.89844
0.89712
0.89579
0.89446
0.89313
0.8918
0.89047
0.88914
0.88781
0.88647
0.88514
0.8838
0.88246
0.88112
0.87978
0.87844
0.8771
0.87576
0.87442
0.87307
0.87173
0.87038
0.86904
0.86769
0.86635
0.865
0.86366
0.86231
0.86096
0.85962
0.85827
0.85692
0.85558
0.85423
0.85289
0.85154
0.85019
0.84885
0.8475
0.84616
0.84481
0.84347
0.84213
0.84079
0.83944
0.8381
0.83676
0.83542
0.83409
0.83275
0.83141
0.83008
0.82874
0.82741
0.82608
0.82475
0.82342
0.82209
0.82076
0.81944
0.81811
0.81679
0.81547
0.81415
0.81283
0.81152
0.8102
0.80889
0.80758
0.80627
0.80496
0.80366
0.80236
0.80106
0.79976
0.79846
0.79717
0.79588
0.79459
0.7933
0.79202
0.79074
0.78946
0.78818
0.78691
0.78564
0.78437
0.7831
0.78184
0.78058
0.77932
0.77807
0.77682
0.77557
0.77432
0.77308
0.77184
0.77061
0.76937
0.76814
0.76692
0.7657
0.76448
0.76326
0.76205
0.76084
0.75963
0.75843
0.75723
0.75604
0.75485
0.75366
0.75248
0.7513
0.75013
0.74895
0.74779
0.74662
0.74546
0.74431
0.74316
0.74201
0.74087
0.73973
0.73859
0.73746
0.73634
0.73521
0.7341
0.73298
0.73188
0.73077
0.72967
0.72858
0.72749
0.7264
0.72532
0.72424
0.72317
0.72211
0.72104
0.71999
0.71893
0.71789
0.71684
0.71581
0.71477
0.71375
0.71272
0.7117
0.71069
0.70968
0.70868
0.70768
0.70669
0.7057
0.70472
0.70375
0.70277
0.70181
0.70085
0.69989
0.69894
0.698
0.69706
0.69612
0.6952
0.69427
0.69336
0.69244
0.69154
0.69064
0.68974
0.68885
0.68797
0.68709
0.68622
0.68535
0.68449
0.68364
0.68279
0.68194
0.68111
0.68027
0.67945
0.67863
0.67781
0.677
0.6762
0.6754
0.67461
0.67383
0.67305
0.67228
0.67151
0.67075
0.66999
0.66924
0.6685
0.66777
0.66703
0.66631
0.66559
0.66488
0.66417
0.66347
0.66278
0.66209
0.66141
0.66073
0.66006
0.6594
0.65874
0.65809
0.65745
0.65681
0.65618
0.65555
0.65493
0.65432
0.65371
0.65311
0.65252
0.65193
0.65135
0.65077
0.65021
0.64964
0.64909
0.64854
0.64799
0.64746
0.64692
0.6464
0.64588
0.64537
0.64486
0.64437
0.64387
0.64339
0.64291
0.64243
0.64197
0.6415
0.64105
0.6406
0.64016
0.63972
0.6393
0.63887
0.63846
0.63805
0.63764
0.63725
0.63686
0.63647
0.63609
0.63572
0.63536
0.635
0.63465
0.6343
0.63396
0.63363
0.6333
0.63298
0.63266
0.63236
0.63206
0.63176
0.63147
0.63119
0.63091
0.63064
0.63038
0.63012
0.62987
0.62963
0.62939
0.62915
0.62893
0.62871
0.6285
0.62829
0.62809
0.62789
0.6277
0.62752
0.62735
0.62718
0.62701
0.62685
0.6267
0.62656
0.62642
0.62629
0.62616
0.62604
0.62592
0.62582
0.62571
0.62562
0.62553
0.62544
0.62536
0.62529
0.62522
0.62516
0.62511
0.62506
0.62502
0.62498
0.62495
0.62493
0.62491
0.6249
0.62489
0.62489
0.62489
0.6249
0.62492
0.62494
0.62497
0.625
0.62504
0.62509
0.62514
0.6252
0.62526
0.62533
0.6254
0.62548
0.62557
0.62566
0.62575
0.62585
0.62596
0.62607
0.62619
0.62631
0.62644
0.62658
0.62672
0.62686
0.62701
0.62717
0.62733
0.6275
0.62767
0.62785
0.62803
0.62822
0.62841
0.62861
0.62881
0.62902
0.62923
0.62945
0.62967
0.6299
0.63014
0.63037
0.63062
0.63087
0.63112
0.63138
0.63164
0.63191
0.63218
0.63246
0.63274
0.63303
0.63332
0.63362
0.63392
0.63423
0.63454
0.63485
0.63517
0.6355
0.63583
0.63616
0.6365
0.63684
0.63719
0.63754
0.63789
0.63825
0.63862
0.63899
0.63936
0.63974
0.64012
0.6405
0.64089
0.64129
0.64168
0.64209
0.64249
0.6429
0.64331
0.64373
0.64415
0.64458
0.64501
0.64544
0.64588
0.64632
0.64676
0.64721
0.64766
0.64812
0.64858
0.64904
0.6495
0.64997
0.65045
0.65092
0.6514
0.65189
0.65237
0.65286
0.65335
0.65385
0.65435
0.65485
0.65536
0.65587
0.65638
0.65689
0.65741
0.65793
0.65845
0.65898
0.65951
0.66004
0.66058
0.66112
0.66166
0.6622
0.66275
0.66329
0.66384
0.6644
0.66495
0.66551
0.66607
0.66664
0.6672
0.66777
0.66834
0.66892
0.66949
0.67007
0.67065
0.67123
0.67181
0.6724
0.67298
0.67357
0.67417
0.67476
0.67535
0.67595
0.67655
0.67715
0.67775
0.67836
0.67896
0.67957
0.68018
0.68079
0.6814
0.68202
0.68263
0.68325
0.68387
0.68448
0.6851
0.68573
0.68635
0.68697
0.6876
0.68822
0.68885
0.68948
0.69011
0.69074
0.69137
0.692
0.69263
0.69327
0.6939
0.69454
0.69517
0.69581
0.69645
0.69709
0.69772
0.69836
0.699
0.69964
0.70028
0.70092
0.70156
0.7022
0.70284
0.70349
0.70413
0.70477
0.70541
0.70605
0.7067
0.70734
0.70798
0.70862
0.70926
0.70991
0.71055
0.71119
0.71183
0.71247
0.71311
0.71375
0.71439
0.71503
0.71567
0.71631
0.71695
0.71758
0.71822
0.71886
0.71949
0.72013
0.72076
0.72139
0.72203
0.72266
0.72329
0.72392
0.72455
0.72518
0.7258
0.72643
0.72705
0.72768
0.7283
0.72892
0.72954
0.73016
0.73078
0.7314
0.73201
0.73263
0.73324
0.73385
0.73446
0.73507
0.73568
0.73628
0.73688
0.73749
0.73809
0.73869
0.73928
0.73988
0.74047
0.74106
0.74166
0.74224
0.74283
0.74341
0.744
0.74458
0.74516
0.74573
0.74631
0.74688
0.74745
0.74802
0.74859
0.74915
0.74971
0.75027
0.75083
0.75139
0.75194
0.75249
0.75304
0.75359
0.75413
0.75467
0.75521
0.75575
0.75628
0.75681
0.75734
0.75787
0.7584
0.75892
0.75944
0.75995
0.76047
0.76098
0.76149
0.76199
0.76249
0.76299
0.76349
0.76399
0.76448
0.76497
0.76545
0.76594
0.76642
0.7669
0.76737
0.76784
0.76831
0.76878
0.76924
0.7697
0.77016
0.77061
0.77106
0.77151
0.77195
0.7724
0.77283
0.77327
0.7737
0.77413
0.77456
0.77498
0.7754
0.77581
0.77623
0.77664
0.77704
0.77745
0.77785
0.77824
0.77864
0.77903
0.77941
0.7798
0.78018
0.78056
0.78093
0.7813
0.78167
0.78203
0.78239
0.78275
0.7831
0.78345
0.7838
0.78414
0.78448
0.78481
0.78515
0.78548
0.7858
0.78612
0.78644
0.78676
0.78707
0.78738
0.78768
0.78798
0.78828
0.78857
0.78887
0.78915
0.78944
0.78972
0.78999
0.79027
0.79054
0.7908
0.79106
0.79132
0.79158
0.79183
0.79208
0.79232
0.79256
0.7928
0.79303
0.79327
0.79349
0.79372
0.79394
0.79415
0.79436
0.79457
0.79478
0.79498
0.79518
0.79537
0.79557
0.79575
0.79594
0.79612
0.7963
0.79647
0.79664
0.79681
0.79697
0.79713
0.79729
0.79744
0.79759
0.79773
0.79788
0.79802
0.79815
0.79828
0.79841
0.79854
0.79866
0.79878
0.79889
0.799
0.79911
0.79921
0.79931
0.79941
0.79951
0.7996
0.79968
0.79977
0.79985
0.79993
0.8
0.80007
0.80014
0.8002
0.80026
0.80032
0.80037
0.80043
0.80047
0.80052
0.80056
0.8006
0.80063
0.80066
0.80069
0.80072
0.80074
0.80076
0.80077
0.80079
0.80079
0.8008
0.8008
0.8008
0.8008
0.8008
0.80079
0.80077
0.80076
0.80074
0.80072
0.8007
0.80067
0.80064
0.80061
0.80057
0.80053
0.80049
0.80044
0.8004
0.80035
0.80029
0.80024
0.80018
0.80012
0.80005
0.79998
0.79991
0.79984
0.79977
0.79969
0.79961
0.79952
0.79944
0.79935
0.79926
0.79916
0.79907
0.79897
0.79887
0.79876
0.79866
0.79855
0.79843
0.79832
0.7982
0.79808
0.79796
0.79784
0.79771
0.79758
0.79745
0.79732
0.79718
0.79705
0.79691
0.79676
0.79662
0.79647
0.79632
0.79617
0.79602
0.79586
0.7957
0.79554
0.79538
0.79522
0.79505
0.79488
0.79471
0.79454
0.79436
0.79419
0.79401
0.79383
0.79365
0.79346
0.79328
0.79309
0.7929
0.79271
0.79252
0.79232
0.79212
0.79193
0.79173
0.79152
0.79132
0.79111
0.79091
0.7907
0.79049
0.79028
0.79006
0.78985
0.78963
0.78941
0.78919
0.78897
0.78875
0.78853
0.7883
0.78808
0.78785
0.78762
0.78739
0.78716
0.78692
0.78669
0.78645
0.78622
0.78598
0.78574
0.7855
0.78526
0.78501
0.78477
0.78452
0.78428
0.78403
0.78378
0.78353
0.78328
0.78303
0.78278
0.78253
0.78227
0.78202
0.78176
0.7815
0.78125
0.78099
0.78073
0.78047
0.78021
0.77995
0.77968
0.77942
0.77916
0.77889
0.77863
0.77836
0.7781
0.77783
0.77756
0.77729
0.77703
0.77676
0.77649
0.77622
0.77595
0.77568
0.7754
0.77513
0.77486
0.77459
0.77432
0.77404
0.77377
0.7735
0.77322
0.77295
0.77267
0.7724
0.77212
0.77185
0.77157
0.7713
0.77102
0.77075
0.77047
0.7702
0.76992
0.76965
0.76937
0.7691
0.76882
0.76855
0.76827
0.768
0.76772
0.76745
0.76717
0.7669
0.76662
0.76635
0.76607
0.7658
0.76553
0.76525
0.76498
0.76471
0.76444
0.76416
0.76389
0.76362
0.76335
0.76308
0.76281
0.76254
0.76227
0.762
0.76173
0.76147
0.7612
0.76093
0.76067
0.7604
0.76014
0.75987
0.75961
0.75935
0.75909
0.75883
0.75857
0.75831
0.75805
0.75779
0.75753
0.75727
0.75702
0.75676
0.75651
0.75626
0.756
0.75575
0.7555
0.75525
0.755
0.75476
0.75451
0.75426
0.75402
0.75377
0.75353
0.75329
0.75305
0.75281
0.75257
0.75233
0.7521
0.75186
0.75163
0.7514
0.75116
0.75093
0.75071
0.75048
0.75025
0.75003
0.7498
0.74958
0.74936
0.74914
0.74892
0.7487
0.74849
0.74827
0.74806
0.74785
0.74764
0.74743
0.74722
0.74701
0.74681
0.74661
0.7464
0.7462
0.74601
0.74581
0.74561
0.74542
0.74523
0.74504
0.74485
0.74466
0.74447
0.74429
0.74411
0.74393
0.74375
0.74357
0.7434
0.74322
0.74305
0.74288
0.74271
0.74254
0.74238
0.74221
0.74205
0.74189
0.74174
0.74158
0.74143
0.74127
0.74112
0.74097
0.74083
0.74068
0.74054
0.7404
0.74026
0.74012
0.73999
0.73986
0.73972
0.7396
0.73947
0.73934
0.73922
0.7391
0.73898
0.73886
0.73875
0.73864
0.73853
0.73842
0.73831
0.73821
0.7381
0.738
0.73791
0.73781
0.73772
0.73762
0.73754
0.73745
0.73736
0.73728
0.7372
0.73712
0.73705
0.73697
0.7369
0.73683
0.73676
0.7367
0.73664
0.73658
0.73652
0.73646
0.73641
0.73636
0.73631
0.73626
0.73622
0.73618
0.73614
0.7361
0.73606
0.73603
0.736
0.73597
0.73595
0.73592
0.7359
0.73589
0.73587
0.73586
0.73584
0.73584
0.73583
0.73583
0.73582
0.73582
0.73583
0.73583
0.73584
0.73585
0.73587
0.73588
0.7359
0.73592
0.73594
0.73597
0.736
0.73603
0.73606
0.73609
0.73613
0.73617
0.73621
0.73626
0.73631
0.73636
0.73641
0.73647
0.73652
0.73658
0.73665
0.73671
0.73678
0.73685
0.73692
0.737
0.73707
0.73715
0.73724
0.73732
0.73741
0.7375
0.73759
0.73769
0.73779
0.73789
0.73799
0.73809
0.7382
0.73831
0.73843
0.73854
0.73866
0.73878
0.7389
0.73903
0.73916
0.73929
0.73942
0.73956
0.73969
0.73983
0.73998
0.74012
0.74027
0.74042
0.74057
0.74073
0.74089
0.74105
0.74121
0.74138
0.74154
0.74171
0.74189
0.74206
0.74224
0.74242
0.7426
0.74279
0.74297
0.74316
0.74336
0.74355
0.74375
0.74395
0.74415
0.74436
0.74456
0.74477
0.74498
0.7452
0.74541
0.74563
0.74585
0.74608
0.7463
0.74653
0.74676
0.747
0.74723
0.74747
0.74771
0.74795
0.7482
0.74844
0.74869
0.74894
0.7492
0.74945
0.74971
0.74997
0.75024
0.7505
0.75077
0.75104
0.75131
0.75159
0.75186
0.75214
0.75242
0.75271
0.75299
0.75328
0.75357
0.75386
0.75415
0.75445
0.75475
0.75505
0.75535
0.75565
0.75596
0.75627
0.75658
0.75689
0.75721
0.75753
0.75784
0.75816
0.75849
0.75881
0.75914
0.75947
0.7598
0.76013
0.76047
0.7608
0.76114
0.76148
0.76183
0.76217
0.76252
0.76286
0.76321
0.76357
0.76392
0.76428
0.76463
0.76499
0.76535
0.76572
0.76608
0.76645
0.76681
0.76718
0.76755
0.76793
0.7683
0.76868
0.76906
0.76944
0.76982
0.7702
0.77059
0.77097
0.77136
0.77175
0.77214
0.77253
0.77293
0.77332
0.77372
0.77412
0.77452
0.77492
0.77532
0.77573
0.77613
0.77654
0.77695
0.77736
0.77777
0.77818
0.7786
0.77901
0.77943
0.77985
0.78027
0.78069
0.78111
0.78153
0.78196
0.78238
0.78281
0.78324
0.78366
0.78409
0.78453
0.78496
0.78539
0.78583
0.78626
0.7867
0.78714
0.78758
0.78802
0.78846
0.7889
0.78934
0.78978
0.79023
0.79067
0.79112
0.79157
0.79202
0.79247
0.79292
0.79337
0.79382
0.79427
0.79472
0.79518
0.79563
0.79609
0.79655
0.797
0.79746
0.79792
0.79838
0.79884
0.7993
0.79976
0.80022
0.80068
0.80115
0.80161
0.80207
0.80254
0.803
0.80347
0.80393
0.8044
0.80487
0.80533
0.8058
0.80627
0.80674
0.80721
0.80768
0.80815
0.80862
0.80909
0.80956
0.81003
0.8105
0.81097
0.81144
0.81192
0.81239
0.81286
0.81333
0.81381
0.81428
0.81475
0.81523
0.8157
0.81617
0.81665
0.81712
0.81759
0.81807
0.81854
0.81901
0.81949
0.81996
0.82044
0.82091
0.82138
0.82186
0.82233
0.8228
0.82328
0.82375
0.82422
0.8247
0.82517
0.82564
0.82612
0.82659
0.82706
0.82753
0.828
0.82848
0.82895
0.82942
0.82989
0.83036
0.83083
0.8313
0.83177
0.83224
0.83271
0.83317
0.83364
0.83411
0.83458
0.83504
0.83551
0.83598
0.83644
0.83691
0.83737
0.83784
0.8383
0.83876
0.83923
0.83969
0.84015
0.84061
0.84107
0.84153
0.84199
0.84245
0.84291
0.84336
0.84382
0.84428
0.84473
0.84519
0.84564
0.8461
0.84655
0.847
0.84745
0.84791
0.84836
0.84881
0.84925
0.8497
0.85015
0.8506
0.85104
0.85149
0.85193
0.85238
0.85282
0.85326
0.8537
0.85414
0.85458
0.85502
0.85546
0.8559
0.85633
0.85677
0.8572
0.85764
0.85807
0.8585
0.85893
0.85936
0.85979
0.86022
0.86065
0.86107
0.8615
0.86193
0.86235
0.86277
0.86319
0.86362
0.86404
0.86445
0.86487
0.86529
0.86571
0.86612
0.86654
0.86695
0.86736
0.86777
0.86818
0.86859
0.869
0.86941
0.86981
0.87022
0.87062
0.87103
0.87143
0.87183
0.87223
0.87263
0.87303
0.87343
0.87382
0.87422
0.87461
0.875
0.8754
0.87579
0.87618
0.87657
0.87695
0.87734
0.87773
0.87811
0.87849
0.87888
0.87926
0.87964
0.88002
0.8804
0.88077
0.88115
0.88153
0.8819
0.88227
0.88264
0.88302
0.88339
0.88375
0.88412
0.88449
0.88485
0.88522
0.88558
0.88594
0.88631
0.88667
0.88703
0.88738
0.88774
0.8881
0.88845
0.88881
0.88916
0.88951
0.88986
0.89021
0.89056
0.89091
0.89125
