1.0283
1.0285
1.0287
1.0289
1.0291
1.0293
1.0294
1.0296
1.0297
1.0298
1.0299
1.03
1.0301
1.0302
1.0302
1.0303
1.0303
1.0303
1.0303
1.0303
1.0302
1.0302
1.0301
1.03
1.0299
1.0298
1.0297
1.0296
1.0294
1.0292
1.029
1.0288
1.0286
1.0284
1.0281
1.0279
1.0276
1.0273
1.027
1.0267
1.0264
1.026
1.0256
1.0252
1.0248
1.0244
1.024
1.0236
1.0231
1.0226
1.0221
1.0216
1.0211
1.0206
1.02
1.0194
1.0189
1.0183
1.0176
1.017
1.0164
1.0157
1.015
1.0143
1.0136
1.0129
1.0122
1.0114
1.0107
1.0099
1.0091
1.0083
1.0075
1.0067
1.0058
1.0049
1.0041
1.0032
1.0023
1.0014
1.0004
0.99949
0.99853
0.99756
0.99658
0.99558
0.99458
0.99355
0.99252
0.99147
0.99041
0.98934
0.98826
0.98716
0.98606
0.98494
0.98381
0.98267
0.98152
0.98035
0.97918
0.97799
0.9768
0.97559
0.97437
0.97315
0.97191
0.97066
0.96941
0.96814
0.96687
0.96558
0.96429
0.96299
0.96168
0.96036
0.95903
0.9577
0.95636
0.95501
0.95365
0.95229
0.95092
0.94954
0.94815
0.94676
0.94536
0.94396
0.94255
0.94114
0.93972
0.93829
0.93686
0.93543
0.93399
0.93254
0.9311
0.92964
0.92819
0.92673
0.92527
0.9238
0.92233
0.92086
0.91939
0.91791
0.91643
0.91495
0.91347
0.91199
0.91051
0.90902
0.90754
0.90605
0.90457
0.90308
0.9016
0.90011
0.89863
0.89714
0.89566
0.89418
0.8927
0.89122
0.88975
0.88827
0.8868
0.88533
0.88387
0.88241
0.88095
0.87949
0.87804
0.87659
0.87515
0.87371
0.87227
0.87084
0.86942
0.868
0.86658
0.86517
0.86377
0.86237
0.86098
0.8596
0.85822
0.85685
0.85549
0.85413
0.85278
0.85144
0.8501
0.84878
0.84746
0.84615
0.84485
0.84356
0.84227
0.841
0.83974
0.83848
0.83724
0.836
0.83477
0.83356
0.83235
0.83116
0.82997
0.8288
0.82764
0.82649
0.82535
0.82422
0.82311
0.822
0.82091
0.81983
0.81876
0.8177
0.81666
0.81563
0.81461
0.81361
0.81261
0.81164
0.81067
0.80972
0.80878
0.80786
0.80694
0.80605
0.80517
0.8043
0.80344
0.8026
0.80178
0.80097
0.80017
0.79939
0.79863
0.79787
0.79714
0.79642
0.79571
0.79502
0.79435
0.79369
0.79305
0.79242
0.79181
0.79121
0.79063
0.79007
0.78952
0.78899
0.78847
0.78797
0.78749
0.78702
0.78657
0.78614
0.78572
0.78532
0.78494
0.78457
0.78422
0.78389
0.78357
0.78327
0.78299
0.78272
0.78247
0.78224
0.78202
0.78182
0.78164
0.78147
0.78132
0.78119
0.78108
0.78098
0.7809
0.78083
0.78079
0.78076
0.78074
0.78075
0.78077
0.78081
0.78086
0.78093
0.78102
0.78112
0.78124
0.78138
0.78154
0.78171
0.7819
0.7821
0.78232
0.78256
0.78281
0.78308
0.78337
0.78367
0.78399
0.78433
0.78468
0.78504
0.78543
0.78582
0.78624
0.78667
0.78712
0.78758
0.78805
0.78855
0.78905
0.78958
0.79011
0.79067
0.79123
0.79182
0.79241
0.79303
0.79365
0.7943
0.79495
0.79562
0.7963
0.797
0.79771
0.79844
0.79918
0.79993
0.8007
0.80148
0.80227
0.80307
0.80389
0.80472
0.80557
0.80642
0.80729
0.80817
0.80906
0.80997
0.81088
0.81181
0.81275
0.8137
0.81466
0.81564
0.81662
0.81762
0.81862
0.81964
0.82066
0.8217
0.82274
0.8238
0.82486
0.82594
0.82702
0.82811
0.82921
0.83032
0.83144
0.83257
0.8337
0.83484
0.83599
0.83715
0.83832
0.83949
0.84067
0.84186
0.84305
0.84425
0.84545
0.84666
0.84788
0.84911
0.85033
0.85157
0.85281
0.85405
0.8553
0.85655
0.85781
0.85907
0.86033
0.8616
0.86288
0.86415
0.86543
0.86671
0.868
0.86928
0.87057
0.87186
0.87315
0.87445
0.87574
0.87704
0.87834
0.87964
0.88094
0.88224
0.88354
0.88484
0.88614
0.88744
0.88874
0.89003
0.89133
0.89263
0.89392
0.89521
0.8965
0.89779
0.89908
0.90036
0.90164
0.90292
0.9042
0.90547
0.90674
0.908
0.90927
0.91052
0.91178
0.91303
0.91427
0.91551
0.91675
0.91798
0.9192
0.92042
0.92163
0.92284
0.92404
0.92524
0.92643
0.92761
0.92878
0.92995
0.93112
0.93227
0.93342
0.93456
0.93569
0.93681
0.93793
0.93904
0.94014
0.94123
0.94231
0.94338
0.94445
0.94551
0.94655
0.94759
0.94862
0.94964
0.95064
0.95164
0.95263
0.95361
0.95458
0.95554
0.95648
0.95742
0.95835
0.95926
0.96017
0.96106
0.96194
0.96281
0.96367
0.96452
0.96536
0.96618
0.967
0.9678
0.96859
0.96937
0.97013
0.97088
0.97163
0.97235
0.97307
0.97378
0.97447
0.97515
0.97581
0.97647
0.97711
0.97774
0.97835
0.97896
0.97955
0.98013
0.98069
0.98124
0.98178
0.98231
0.98282
0.98332
0.9838
0.98428
0.98474
0.98519
0.98562
0.98604
0.98645
0.98684
0.98722
0.98759
0.98795
0.98829
0.98862
0.98893
0.98924
0.98953
0.9898
0.99007
0.99032
0.99056
0.99078
0.99099
0.99119
0.99138
0.99155
0.99171
0.99186
0.992
0.99212
0.99223
0.99233
0.99242
0.99249
0.99255
0.9926
0.99264
0.99267
0.99268
0.99268
0.99267
0.99265
0.99261
0.99257
0.99251
0.99244
0.99236
0.99227
0.99217
0.99206
0.99194
0.9918
0.99166
0.9915
0.99133
0.99116
0.99097
0.99077
0.99057
0.99035
0.99012
0.98989
0.98964
0.98938
0.98912
0.98884
0.98856
0.98827
0.98797
0.98766
0.98734
0.98701
0.98667
0.98633
0.98598
0.98562
0.98525
0.98487
0.98449
0.9841
0.9837
0.9833
0.98288
0.98246
0.98204
0.98161
0.98117
0.98072
0.98027
0.97981
0.97935
0.97888
0.9784
0.97792
0.97744
0.97695
0.97645
0.97595
0.97544
0.97493
0.97442
0.9739
0.97337
0.97285
0.97232
0.97178
0.97124
0.9707
0.97015
0.9696
0.96905
0.9685
0.96794
0.96738
0.96682
0.96625
0.96569
0.96512
0.96455
0.96397
0.9634
0.96282
0.96225
0.96167
0.96109
0.96051
0.95993
0.95935
0.95876
0.95818
0.9576
0.95702
0.95643
0.95585
0.95527
0.95468
0.9541
0.95352
0.95294
0.95236
0.95179
0.95121
0.95063
0.95006
0.94949
0.94891
0.94835
0.94778
0.94721
0.94665
0.94609
0.94553
0.94497
0.94442
0.94387
0.94332
0.94278
0.94223
0.94169
0.94116
0.94062
0.9401
0.93957
0.93905
0.93853
0.93801
0.9375
0.937
0.93649
0.93599
0.9355
0.93501
0.93452
0.93404
0.93356
0.93309
0.93262
0.93216
0.9317
0.93125
0.9308
0.93036
0.92992
0.92949
0.92906
0.92864
0.92822
0.92781
0.92741
0.927
0.92661
0.92622
0.92584
0.92546
0.92509
0.92472
0.92436
0.92401
0.92366
0.92332
0.92299
0.92266
0.92233
0.92202
0.92171
0.9214
0.9211
0.92081
0.92053
0.92025
0.91997
0.91971
0.91945
0.9192
0.91895
0.91871
0.91848
0.91825
0.91803
0.91781
0.91761
0.91741
0.91721
0.91703
0.91685
0.91667
0.9165
0.91634
0.91619
0.91604
0.9159
0.91577
0.91564
0.91552
0.91541
0.9153
0.9152
0.9151
0.91502
0.91493
0.91486
0.91479
0.91473
0.91468
0.91463
0.91459
0.91455
0.91452
0.9145
0.91448
0.91447
0.91447
0.91447
0.91448
0.9145
0.91452
0.91455
0.91458
0.91462
0.91467
0.91472
0.91478
0.91484
0.91491
0.91499
0.91507
0.91516
0.91525
0.91535
0.91545
0.91556
0.91568
0.9158
0.91593
0.91606
0.9162
0.91634
0.91649
0.91665
0.91681
0.91697
0.91714
0.91732
0.9175
0.91768
0.91787
0.91807
0.91827
0.91847
0.91868
0.91889
0.91911
0.91933
0.91956
0.91979
0.92003
0.92027
0.92051
0.92076
0.92102
0.92127
0.92154
0.9218
0.92207
0.92234
0.92262
0.9229
0.92318
0.92347
0.92376
0.92406
0.92435
0.92466
0.92496
0.92527
0.92558
0.92589
0.92621
0.92653
0.92685
0.92718
0.92751
0.92784
0.92817
0.92851
0.92885
0.92919
0.92953
0.92988
0.93022
0.93058
0.93093
0.93128
0.93164
0.932
0.93236
0.93272
0.93308
0.93345
0.93382
0.93419
0.93456
0.93493
0.9353
0.93568
0.93605
0.93643
0.93681
0.93718
0.93756
0.93795
0.93833
0.93871
0.93909
0.93948
0.93986
0.94025
0.94063
0.94102
0.9414
0.94179
0.94218
0.94257
0.94295
0.94334
0.94373
0.94412
0.9445
0.94489
0.94528
0.94566
0.94605
0.94644
0.94682
0.94721
0.94759
0.94797
0.94836
0.94874
0.94912
0.9495
0.94988
0.95026
0.95064
0.95102
0.95139
0.95177
0.95214
0.95252
0.95289
0.95326
0.95363
0.95399
0.95436
0.95472
0.95509
0.95545
0.95581
0.95617
0.95652
0.95688
0.95723
0.95758
0.95793
0.95827
0.95862
0.95896
0.9593
0.95964
0.95998
0.96031
0.96064
0.96097
0.9613
0.96162
0.96195
0.96226
0.96258
0.9629
0.96321
0.96352
0.96382
0.96413
0.96443
0.96473
0.96502
0.96532
0.96561
0.96589
0.96618
0.96646
0.96674
0.96701
0.96729
0.96755
0.96782
0.96808
0.96834
0.9686
0.96885
0.9691
0.96935
0.96959
0.96983
0.97007
0.9703
0.97053
0.97076
0.97098
0.9712
0.97141
0.97162
0.97183
0.97204
0.97224
0.97243
0.97263
0.97282
0.973
0.97319
0.97336
0.97354
0.97371
0.97388
0.97404
0.9742
0.97435
0.9745
0.97465
0.9748
0.97494
0.97507
0.9752
0.97533
0.97545
0.97557
0.97569
0.9758
0.9759
0.97601
0.97611
0.9762
0.97629
0.97638
0.97646
0.97654
0.97661
0.97668
0.97674
0.9768
0.97686
0.97691
0.97696
0.97701
0.97704
0.97708
0.97711
0.97714
0.97716
0.97718
0.97719
0.9772
0.9772
0.9772
0.9772
0.97719
0.97718
0.97716
0.97714
0.97712
0.97709
0.97705
0.97701
0.97697
0.97692
0.97687
0.97681
0.97675
0.97669
0.97662
0.97654
0.97646
0.97638
0.9763
0.9762
0.97611
0.97601
0.9759
0.9758
0.97568
0.97556
0.97544
0.97532
0.97519
0.97505
0.97491
0.97477
0.97462
0.97447
0.97431
0.97415
0.97399
0.97382
0.97365
0.97347
0.97329
0.9731
0.97291
0.97272
0.97252
0.97232
0.97211
0.9719
0.97169
0.97147
0.97125
0.97102
0.97079
0.97056
0.97032
0.97008
0.96983
0.96958
0.96932
0.96907
0.9688
0.96854
0.96827
0.968
0.96772
0.96744
0.96715
0.96687
0.96657
0.96628
0.96598
0.96568
0.96537
0.96506
0.96475
0.96443
0.96411
0.96379
0.96346
0.96313
0.9628
0.96246
0.96212
0.96178
0.96143
0.96108
0.96073
0.96037
0.96002
0.95965
0.95929
0.95892
0.95855
0.95818
0.9578
0.95742
0.95704
0.95665
0.95627
0.95588
0.95548
0.95509
0.95469
0.95429
0.95388
0.95348
0.95307
0.95266
0.95225
0.95183
0.95142
0.951
0.95057
0.95015
0.94973
0.9493
0.94887
0.94844
0.948
0.94757
0.94713
0.94669
0.94625
0.94581
0.94536
0.94492
0.94447
0.94402
0.94357
0.94312
0.94267
0.94221
0.94176
0.9413
0.94084
0.94038
0.93992
0.93946
0.939
0.93854
0.93807
0.93761
0.93714
0.93668
0.93621
0.93574
0.93527
0.9348
0.93433
0.93387
0.9334
0.93292
0.93245
0.93198
0.93151
0.93104
0.93057
0.9301
0.92963
0.92915
0.92868
0.92821
0.92774
0.92727
0.9268
0.92633
0.92586
0.92539
0.92492
0.92445
0.92398
0.92352
0.92305
0.92258
0.92212
0.92165
0.92119
0.92073
0.92027
0.91981
0.91935
0.91889
0.91843
0.91798
0.91752
0.91707
0.91662
0.91617
0.91572
0.91527
0.91482
0.91438
0.91393
0.91349
0.91305
0.91261
0.91218
0.91174
0.91131
0.91088
0.91045
0.91002
0.9096
0.90918
0.90875
0.90834
0.90792
0.90751
0.90709
0.90668
0.90628
0.90587
0.90547
0.90507
0.90467
0.90427
0.90388
0.90349
0.9031
0.90272
0.90234
0.90196
0.90158
0.90121
0.90083
0.90047
0.9001
0.89974
0.89938
0.89902
0.89867
0.89832
0.89797
0.89762
0.89728
0.89694
0.89661
0.89627
0.89595
0.89562
0.8953
0.89498
0.89466
0.89435
0.89404
0.89373
0.89343
0.89313
0.89283
0.89254
0.89225
0.89196
0.89168
0.8914
0.89112
0.89085
0.89058
0.89031
0.89005
0.88979
0.88953
0.88928
0.88903
0.88879
0.88855
0.88831
0.88807
0.88784
0.88762
0.88739
0.88717
0.88696
0.88674
0.88653
0.88633
0.88612
0.88593
0.88573
0.88554
0.88535
0.88516
0.88498
0.88481
0.88463
0.88446
0.88429
0.88413
0.88397
0.88381
0.88366
0.88351
0.88336
0.88322
0.88308
0.88294
0.88281
0.88268
0.88256
0.88243
0.88231
0.8822
0.88208
0.88198
0.88187
0.88177
0.88167
0.88157
0.88148
0.88139
0.8813
0.88122
0.88114
0.88106
0.88098
0.88091
0.88084
0.88078
0.88072
0.88066
0.8806
0.88055
0.8805
0.88045
0.8804
0.88036
0.88032
0.88029
0.88025
0.88022
0.88019
0.88017
0.88014
0.88012
0.8801
0.88009
0.88007
0.88006
0.88006
0.88005
0.88004
0.88004
0.88004
0.88005
0.88005
0.88006
0.88007
0.88008
0.8801
0.88011
0.88013
0.88015
0.88017
0.88019
0.88022
0.88025
0.88028
0.88031
0.88034
0.88038
0.88041
0.88045
0.88049
0.88053
0.88057
0.88062
0.88066
0.88071
0.88076
0.88081
0.88086
0.88091
0.88096
0.88102
0.88107
0.88113
0.88119
0.88125
0.88131
0.88137
0.88143
0.88149
0.88156
0.88162
0.88169
0.88175
0.88182
0.88189
0.88195
0.88202
0.88209
0.88216
0.88223
0.8823
0.88238
0.88245
0.88252
0.88259
0.88267
0.88274
0.88281
0.88289
0.88296
0.88303
0.88311
0.88318
0.88326
0.88333
0.88341
0.88348
0.88356
0.88363
0.88371
0.88378
0.88385
0.88393
0.884
0.88407
0.88415
0.88422
0.88429
0.88436
0.88444
0.88451
0.88458
0.88465
0.88472
0.88479
0.88486
0.88493
0.88499
0.88506
0.88513
0.88519
0.88526
0.88532
0.88539
0.88545
0.88551
0.88558
0.88564
0.8857
0.88576
0.88582
0.88587
0.88593
0.88599
0.88604
0.8861
0.88615
0.8862
0.88625
0.8863
0.88635
0.8864
0.88645
0.88649
0.88654
0.88658
0.88663
0.88667
0.88671
0.88675
0.88679
0.88683
0.88686
0.8869
0.88693
0.88697
0.887
0.88703
0.88706
0.88709
0.88711
0.88714
0.88717
0.88719
0.88721
0.88723
0.88725
0.88727
0.88729
0.88731
0.88732
0.88734
0.88735
0.88736
0.88737
0.88738
0.88739
0.88739
0.8874
0.8874
0.8874
0.88741
0.88741
0.8874
0.8874
0.8874
0.88739
0.88739
0.88738
0.88737
0.88736
0.88735
0.88734
0.88733
0.88731
0.8873
0.88728
0.88726
0.88724
0.88722
0.8872
0.88717
0.88715
0.88712
0.8871
0.88707
0.88704
0.88701
0.88698
0.88694
0.88691
0.88688
0.88684
0.8868
0.88676
0.88672
0.88668
0.88664
0.8866
0.88655
0.88651
0.88646
0.88641
0.88637
0.88632
0.88627
0.88621
0.88616
0.88611
0.88605
0.886
0.88594
0.88588
0.88582
0.88576
0.8857
0.88564
0.88557
0.88551
0.88545
0.88538
0.88531
0.88524
0.88518
0.88511
0.88503
0.88496
0.88489
0.88482
0.88474
0.88467
0.88459
0.88451
0.88443
0.88435
0.88427
0.88419
0.88411
0.88403
0.88394
0.88386
0.88377
0.88369
0.8836
0.88351
0.88342
0.88333
0.88324
0.88315
0.88306
0.88297
0.88288
0.88278
0.88268
0.88259
0.88249
0.88239
0.8823
0.8822
0.8821
0.882
0.88189
0.88179
0.88169
0.88159
0.88148
0.88138
0.88127
0.88116
0.88106
0.88095
0.88084
0.88073
0.88062
0.88051
0.8804
0.88029
0.88017
0.88006
0.87995
0.87983
0.87971
0.8796
0.87948
0.87936
0.87924
0.87913
0.87901
0.87889
0.87876
0.87864
0.87852
0.8784
0.87827
0.87815
0.87803
0.8779
0.87777
0.87765
0.87752
0.87739
0.87726
0.87714
0.87701
0.87687
0.87674
0.87661
0.87648
0.87635
0.87621
0.87608
0.87595
0.87581
0.87568
0.87554
0.8754
0.87527
0.87513
0.87499
0.87485
0.87471
0.87457
0.87443
0.87429
0.87415
0.87401
0.87387
0.87372
0.87358
0.87344
0.87329
0.87315
0.873
0.87286
0.87271
0.87256
0.87242
0.87227
0.87212
0.87197
0.87182
0.87167
0.87152
0.87137
0.87122
0.87107
0.87092
0.87077
0.87062
0.87046
0.87031
0.87016
0.87
0.86985
0.8697
0.86954
0.86939
0.86923
0.86908
0.86892
0.86876
0.86861
0.86845
0.86829
0.86814
0.86798
0.86782
0.86766
0.8675
0.86734
0.86719
0.86703
0.86687
0.86671
0.86655
0.86639
0.86623
0.86607
0.86591
0.86575
0.86558
0.86542
0.86526
0.8651
0.86494
0.86478
0.86461
0.86445
0.86429
0.86413
0.86397
0.8638
0.86364
0.86348
0.86332
0.86315
0.86299
0.86283
0.86266
0.8625
0.86234
0.86217
0.86201
0.86185
0.86169
0.86152
0.86136
0.8612
0.86103
0.86087
0.86071
0.86054
0.86038
0.86022
0.86005
0.85989
0.85972
0.85956
0.8594
0.85923
0.85907
0.85891
0.85874
0.85858
0.85842
0.85826
0.85809
0.85793
0.85777
0.8576
0.85744
0.85728
0.85711
0.85695
0.85679
0.85662
0.85646
0.8563
0.85613
0.85597
0.85581
0.85564
0.85548
0.85532
0.85515
0.85499
0.85483
0.85466
0.8545
0.85434
0.85417
0.85401
0.85385
0.85368
0.85352
0.85335
0.85319
0.85303
0.85286
0.8527
0.85253
0.85237
0.8522
0.85204
0.85187
0.8517
0.85154
0.85137
0.85121
0.85104
0.85087
0.8507
0.85054
0.85037
0.8502
0.85003
0.84986
0.84969
0.84952
0.84935
0.84918
0.84901
0.84884
0.84866
0.84849
0.84832
0.84814
0.84797
0.84779
0.84762
0.84744
0.84726
0.84708
0.84691
0.84673
0.84655
0.84637
0.84618
0.846
0.84582
0.84563
0.84545
0.84526
0.84508
0.84489
0.8447
0.84451
0.84432
0.84413
0.84394
0.84374
0.84355
0.84335
0.84316
0.84296
0.84276
0.84256
0.84236
0.84215
0.84195
0.84174
0.84154
0.84133
0.84112
0.84091
0.8407
0.84049
0.84027
0.84005
0.83984
0.83962
0.8394
0.83918
0.83895
0.83873
0.8385
0.83827
0.83805
0.83781
0.83758
0.83735
0.83711
0.83688
0.83664
0.8364
0.83615
0.83591
0.83566
0.83542
0.83517
0.83492
0.83466
0.83441
0.83415
0.8339
0.83364
0.83338
0.83311
0.83285
0.83258
0.83232
0.83205
0.83177
0.8315
0.83123
0.83095
0.83067
0.83039
0.83011
0.82983
0.82954
0.82926
0.82897
0.82868
0.82839
0.82809
0.8278
0.8275
0.8272
0.8269
0.8266
0.8263
0.82599
0.82569
0.82538
0.82507
0.82476
0.82445
0.82414
0.82382
0.82351
0.82319
0.82287
0.82256
0.82224
0.82191
0.82159
0.82127
0.82094
0.82062
0.82029
0.81996
0.81964
0.81931
0.81898
0.81865
0.81831
0.81798
0.81765
0.81732
0.81698
0.81665
0.81632
0.81598
0.81565
0.81531
0.81498
0.81464
0.81431
0.81397
0.81364
0.8133
0.81297
0.81264
0.8123
0.81197
0.81164
0.81131
0.81097
0.81064
0.81031
0.80999
0.80966
0.80933
0.80901
0.80868
0.80836
0.80804
0.80772
0.8074
0.80709
0.80677
0.80646
0.80615
0.80584
0.80553
0.80523
0.80493
0.80463
0.80433
0.80403
0.80374
0.80345
0.80317
0.80288
0.8026
0.80232
0.80205
0.80178
0.80151
0.80125
0.80099
0.80073
0.80048
0.80023
0.79999
0.79975
0.79951
0.79928
0.79905
0.79883
0.79861
0.7984
0.79819
0.79799
0.79779
0.79759
0.79741
0.79722
0.79705
0.79688
0.79671
0.79655
0.79639
0.79625
0.7961
0.79597
0.79584
0.79571
0.7956
0.79549
0.79538
0.79529
0.7952
0.79511
0.79504
0.79497
0.79491
0.79485
0.79481
0.79477
0.79473
0.79471
0.79469
0.79469
0.79469
0.79469
0.79471
0.79473
0.79477
0.79481
0.79486
0.79491
0.79498
0.79506
0.79514
0.79523
0.79533
0.79545
0.79556
0.79569
0.79583
0.79598
0.79614
0.7963
0.79648
0.79666
0.79686
0.79706
0.79728
0.7975
0.79773
0.79798
0.79823
0.79849
0.79877
0.79905
0.79934
0.79965
0.79996
0.80028
0.80062
0.80096
0.80132
0.80168
0.80206
0.80244
0.80284
0.80324
0.80366
0.80408
0.80452
0.80497
0.80543
0.80589
0.80637
0.80686
0.80736
0.80787
0.80839
0.80892
0.80946
0.81001
0.81057
0.81114
0.81172
0.81231
0.81292
0.81353
0.81415
0.81478
0.81542
0.81607
0.81674
0.81741
0.81809
0.81878
0.81948
0.82019
0.82091
0.82164
0.82238
0.82313
0.82388
0.82465
0.82543
0.82621
0.827
0.82781
0.82862
0.82944
0.83027
0.8311
0.83195
0.8328
0.83366
0.83453
0.83541
0.83629
0.83719
0.83809
0.83899
0.83991
0.84083
0.84176
0.8427
0.84364
0.84459
0.84554
0.84651
0.84747
0.84845
0.84943
0.85041
0.8514
0.8524
0.8534
0.85441
0.85542
0.85644
0.85746
0.85848
0.85951
0.86054
0.86158
0.86262
0.86367
0.86471
0.86576
0.86682
0.86787
0.86893
0.86999
0.87105
0.87212
0.87318
0.87425
0.87532
0.87639
0.87746
0.87853
0.8796
0.88067
0.88174
0.88282
0.88389
0.88496
0.88603
0.88709
0.88816
0.88923
0.89029
0.89135
0.89241
0.89347
0.89452
0.89557
0.89662
0.89766
0.89871
0.89974
0.90078
0.9018
0.90283
0.90385
0.90486
0.90587
0.90687
0.90787
0.90886
0.90985
0.91083
0.9118
0.91277
0.91373
0.91468
0.91562
0.91656
0.91749
0.91841
0.91932
0.92022
0.92112
0.922
0.92288
0.92375
0.9246
0.92545
0.92629
0.92711
0.92793
0.92873
0.92953
0.93031
0.93108
0.93184
0.93259
0.93332
0.93405
0.93476
0.93546
0.93614
0.93682
0.93748
0.93812
0.93875
0.93937
0.93998
0.94057
0.94115
0.94171
0.94226
0.94279
0.94331
0.94381
0.9443
0.94478
0.94523
0.94568
0.9461
0.94651
0.94691
0.94729
0.94765
0.94799
0.94832
0.94864
0.94893
0.94921
0.94947
0.94972
0.94995
0.95016
0.95035
0.95053
0.95069
0.95083
0.95095
0.95106
0.95114
0.95121
0.95127
0.9513
0.95132
0.95131
0.95129
0.95125
0.9512
0.95112
0.95103
0.95092
0.95079
0.95064
0.95048
0.95029
0.95009
0.94987
0.94963
0.94937
0.9491
0.9488
0.94849
0.94816
0.94781
0.94744
0.94706
0.94666
0.94624
0.9458
0.94534
0.94486
0.94437
0.94386
0.94333
0.94279
0.94222
0.94164
0.94105
0.94043
0.9398
0.93915
0.93848
0.9378
0.9371
0.93638
0.93565
0.9349
0.93414
0.93336
0.93256
0.93174
0.93091
0.93007
0.92921
0.92833
0.92744
0.92654
0.92562
0.92468
0.92373
0.92277
0.92179
0.9208
0.91979
0.91877
0.91774
0.91669
0.91563
0.91456
0.91348
0.91238
0.91127
0.91015
0.90901
0.90787
0.90671
0.90554
0.90437
0.90318
0.90197
0.90076
0.89954
0.89831
0.89707
0.89582
0.89456
0.89329
0.89201
0.89073
0.88943
0.88813
0.88682
0.8855
0.88418
0.88285
0.88151
0.88016
0.87881
0.87745
0.87608
0.87471
0.87334
0.87196
0.87057
0.86918
0.86779
0.86639
0.86498
0.86358
0.86217
0.86075
0.85934
0.85792
0.8565
0.85507
0.85365
0.85222
0.85079
0.84936
0.84793
0.8465
0.84507
0.84363
0.8422
0.84077
0.83934
0.83791
0.83648
0.83505
0.83362
0.8322
0.83078
0.82936
0.82794
0.82652
0.82511
0.8237
0.8223
0.82089
0.8195
0.8181
0.81671
0.81533
0.81395
0.81257
0.8112
0.80984
0.80848
0.80713
0.80578
0.80444
0.8031
0.80178
0.80046
0.79914
0.79784
0.79654
0.79525
0.79397
0.79269
0.79143
0.79017
0.78892
0.78768
0.78645
0.78523
0.78402
0.78282
0.78163
0.78044
0.77927
0.77811
0.77696
0.77582
0.77469
0.77357
0.77246
0.77137
0.77028
0.76921
0.76815
0.7671
0.76606
0.76503
0.76402
0.76302
0.76203
0.76105
0.76009
0.75914
0.75821
0.75728
0.75637
0.75547
0.75459
0.75372
0.75286
0.75202
0.75119
0.75038
0.74958
0.74879
0.74802
0.74726
0.74652
0.74579
0.74508
0.74438
0.7437
0.74303
0.74237
0.74173
0.74111
0.7405
0.7399
0.73933
0.73876
0.73821
0.73768
0.73716
0.73666
0.73618
0.7357
0.73525
0.73481
0.73439
0.73398
0.73358
0.73321
0.73285
0.7325
0.73217
0.73186
0.73156
0.73128
0.73101
0.73076
0.73053
0.73031
0.73011
0.72992
0.72975
0.7296
0.72946
0.72933
0.72923
0.72914
0.72906
0.729
0.72896
0.72893
0.72892
0.72892
0.72894
0.72897
0.72902
0.72909
0.72917
0.72927
0.72938
0.72951
0.72965
0.72981
0.72999
0.73018
0.73038
0.7306
0.73084
0.73109
0.73135
0.73163
0.73193
0.73224
0.73256
0.7329
0.73325
0.73362
0.73401
0.7344
0.73481
0.73524
0.73568
0.73613
0.7366
0.73709
0.73758
0.73809
0.73862
0.73915
0.7397
0.74027
0.74085
0.74144
0.74204
0.74266
0.74329
0.74393
0.74459
0.74525
0.74594
0.74663
0.74734
0.74805
0.74878
0.74953
0.75028
0.75105
0.75182
0.75261
0.75341
0.75423
0.75505
0.75588
0.75673
0.75759
0.75845
0.75933
0.76022
0.76112
0.76203
0.76295
0.76388
0.76482
0.76577
0.76672
0.76769
0.76867
0.76966
0.77065
0.77166
0.77267
0.7737
0.77473
0.77577
0.77682
0.77787
0.77894
0.78001
0.78109
0.78218
0.78327
0.78437
0.78548
0.7866
0.78773
0.78886
0.78999
0.79114
0.79229
0.79344
0.79461
0.79578
0.79695
0.79813
0.79932
0.80051
0.8017
0.8029
0.80411
0.80532
0.80654
0.80776
0.80898
0.81021
0.81144
0.81268
0.81392
0.81516
0.81641
0.81766
0.81892
0.82017
0.82143
0.82269
0.82396
0.82523
0.8265
0.82777
0.82904
0.83032
0.8316
0.83288
0.83416
0.83544
0.83672
0.83801
0.83929
0.84058
0.84186
0.84315
0.84443
0.84572
0.84701
0.84829
0.84958
0.85087
0.85215
0.85344
0.85472
0.856
0.85729
0.85857
0.85984
0.86112
0.8624
0.86367
0.86494
0.86621
0.86748
0.86875
0.87001
0.87127
0.87253
0.87378
0.87503
0.87628
0.87753
0.87877
0.88001
0.88124
0.88247
0.8837
0.88492
0.88614
0.88736
0.88857
0.88977
0.89098
0.89217
0.89336
0.89455
0.89573
0.89691
0.89808
0.89925
0.90041
0.90156
0.90271
0.90385
0.90499
0.90612
0.90724
0.90836
0.90947
0.91058
0.91168
0.91277
0.91386
0.91494
0.91601
0.91707
0.91813
0.91918
0.92022
0.92126
0.92228
0.9233
0.92431
0.92532
0.92631
0.9273
0.92828
0.92925
0.93022
0.93117
0.93212
0.93306
0.93399
0.93491
0.93582
0.93672
0.93762
0.9385
0.93938
0.94024
0.9411
0.94195
0.94279
0.94362
0.94444
0.94525
0.94605
0.94684
0.94762
0.94839
0.94915
0.9499
0.95064
0.95137
0.95209
0.95281
0.95351
0.9542
0.95488
0.95554
0.9562
0.95685
0.95749
0.95812
0.95873
0.95934
0.95993
0.96051
0.96109
0.96165
0.9622
0.96274
0.96327
0.96379
0.96429
0.96479
0.96527
0.96575
0.96621
0.96666
0.9671
0.96752
0.96794
0.96835
0.96874
0.96912
0.96949
0.96985
0.9702
0.97053
0.97086
0.97117
0.97147
0.97176
0.97204
0.9723
0.97256
0.9728
0.97303
0.97325
0.97346
0.97365
0.97383
0.97401
0.97417
0.97431
0.97445
0.97458
0.97469
0.97479
0.97488
0.97496
0.97502
0.97508
0.97512
0.97515
0.97517
0.97517
0.97517
0.97515
0.97512
0.97508
0.97503
0.97497
0.97489
0.9748
0.97471
0.97459
0.97447
0.97434
0.97419
0.97404
0.97387
0.97369
0.9735
0.9733
0.97308
0.97286
0.97262
0.97237
0.97211
0.97184
0.97156
0.97127
0.97096
0.97065
0.97032
0.96998
0.96964
0.96928
0.96891
0.96853
0.96814
0.96773
0.96732
0.9669
0.96646
0.96602
0.96556
0.9651
0.96462
0.96413
0.96364
0.96313
0.96261
0.96209
0.96155
0.961
0.96045
0.95988
0.9593
0.95872
0.95812
0.95752
0.9569
0.95628
0.95564
0.955
0.95435
0.95369
0.95302
0.95234
0.95165
0.95095
0.95025
0.94953
0.94881
0.94808
0.94734
0.94659
0.94584
0.94507
0.9443
0.94352
0.94274
0.94194
0.94114
0.94033
0.93951
0.93868
0.93785
0.93701
0.93617
0.93531
0.93445
0.93358
0.93271
0.93183
0.93094
0.93005
0.92915
0.92824
0.92733
0.92642
0.92549
0.92456
0.92363
0.92269
0.92174
0.92079
0.91984
0.91888
0.91791
0.91694
0.91596
0.91498
0.914
0.91301
0.91202
0.91102
0.91002
0.90902
0.90801
0.90699
0.90598
0.90496
0.90394
0.90291
0.90188
0.90085
0.89982
0.89878
0.89774
0.8967
0.89566
0.89461
0.89356
0.89251
0.89146
0.89041
0.88935
0.8883
0.88724
0.88618
0.88512
0.88406
0.883
0.88193
0.88087
0.87981
0.87874
0.87768
0.87662
0.87555
0.87449
0.87343
0.87236
0.8713
0.87024
0.86918
0.86812
0.86706
0.866
0.86495
0.86389
0.86284
0.86179
0.86074
0.85969
0.85865
0.8576
0.85656
0.85552
0.85449
0.85345
0.85242
0.85139
0.85037
0.84935
0.84833
0.84731
0.8463
0.84529
0.84429
0.84329
0.84229
0.8413
0.84031
0.83932
0.83834
0.83737
0.83639
0.83543
0.83447
0.83351
0.83256
0.83161
0.83067
0.82973
0.8288
0.82787
0.82695
0.82604
0.82513
0.82422
0.82333
0.82243
0.82155
0.82067
0.8198
0.81893
0.81807
0.81722
0.81637
0.81553
0.8147
0.81387
0.81305
0.81224
0.81143
0.81063
0.80984
0.80906
0.80828
0.80751
0.80675
0.80599
0.80525
0.80451
0.80378
0.80305
0.80234
0.80163
0.80093
0.80024
0.79956
0.79888
0.79822
0.79756
0.79691
0.79626
0.79563
0.79501
0.79439
0.79378
0.79318
0.79259
0.79201
0.79144
0.79087
0.79032
0.78977
0.78923
0.7887
0.78818
0.78767
0.78717
0.78668
0.78619
0.78572
0.78525
0.78479
0.78434
0.7839
0.78347
0.78305
0.78264
0.78224
0.78185
0.78146
0.78109
0.78072
0.78036
0.78002
0.77968
0.77935
0.77903
0.77872
0.77842
0.77813
0.77784
0.77757
0.7773
0.77705
0.7768
0.77656
0.77633
0.77611
0.7759
0.7757
0.77551
0.77532
0.77515
0.77498
0.77483
0.77468
0.77454
0.77441
0.77429
0.77418
0.77407
0.77398
0.77389
0.77381
0.77374
0.77368
0.77363
0.77358
0.77355
0.77352
0.7735
0.77349
0.77349
0.77349
0.77351
0.77353
0.77356
0.7736
0.77364
0.7737
0.77376
0.77383
0.7739
0.77399
0.77408
0.77418
0.77428
0.7744
0.77452
0.77465
0.77478
0.77493
0.77508
0.77524
0.7754
0.77557
0.77575
0.77593
0.77612
0.77632
0.77652
0.77673
0.77695
0.77717
0.7774
0.77764
0.77788
0.77813
0.77838
0.77864
0.7789
0.77917
0.77945
0.77973
0.78002
0.78031
0.78061
0.78091
0.78122
0.78153
0.78185
0.78217
0.78249
0.78283
0.78316
0.7835
0.78385
0.7842
0.78455
0.78491
0.78527
0.78564
0.78601
0.78638
0.78676
0.78714
0.78752
0.78791
0.7883
0.7887
0.78909
0.78949
0.7899
0.7903
0.79071
0.79113
0.79154
0.79196
0.79238
0.7928
0.79323
0.79365
0.79408
0.79452
0.79495
0.79538
0.79582
0.79626
0.7967
0.79714
0.79759
0.79803
0.79848
0.79893
0.79938
0.79983
0.80028
0.80073
0.80119
0.80164
0.80209
0.80255
0.80301
0.80346
0.80392
0.80438
0.80483
0.80529
0.80575
0.80621
0.80667
0.80712
0.80758
0.80804
0.8085
0.80895
0.80941
0.80987
0.81032
0.81078
0.81123
0.81169
0.81214
0.81259
0.81304
0.81349
0.81394
0.81439
0.81484
0.81528
0.81573
0.81617
0.81662
0.81706
0.8175
0.81793
0.81837
0.81881
0.81924
0.81967
0.8201
0.82053
0.82095
0.82138
0.8218
0.82222
0.82264
0.82306
0.82347
0.82389
0.8243
0.82471
0.82511
0.82552
0.82592
0.82632
0.82672
0.82712
0.82751
0.8279
0.82829
0.82868
0.82906
0.82944
0.82982
0.8302
0.83057
0.83095
0.83131
0.83168
0.83205
0.83241
0.83277
0.83313
0.83348
0.83383
0.83418
0.83453
0.83488
0.83522
0.83556
0.83589
0.83623
0.83656
0.83689
0.83722
0.83754
0.83787
0.83818
0.8385
0.83882
0.83913
0.83944
0.83975
0.84005
0.84035
0.84065
0.84095
0.84125
0.84154
0.84183
0.84212
0.84241
0.84269
0.84297
0.84325
0.84353
0.8438
0.84408
0.84435
0.84462
0.84489
0.84515
0.84541
0.84567
0.84593
0.84619
0.84645
0.8467
0.84695
0.8472
0.84745
0.84769
0.84794
0.84818
0.84842
0.84866
0.8489
0.84914
0.84938
0.84961
0.84984
0.85007
0.8503
0.85053
0.85076
0.85099
0.85121
0.85144
0.85166
0.85188
0.85211
0.85233
0.85255
0.85277
0.85298
0.8532
0.85342
0.85363
0.85385
0.85407
0.85428
0.85449
0.85471
0.85492
0.85514
0.85535
0.85556
0.85577
0.85599
0.8562
0.85641
0.85662
0.85684
0.85705
0.85726
0.85747
0.85769
0.8579
0.85812
0.85833
0.85854
0.85876
0.85898
0.85919
0.85941
0.85963
0.85985
0.86006
0.86028
0.86051
0.86073
0.86095
0.86117
0.8614
0.86162
0.86185
0.86208
0.86231
0.86254
0.86277
0.863
0.86324
0.86347
0.86371
0.86395
0.86419
0.86443
0.86468
0.86492
0.86517
0.86542
0.86567
0.86592
0.86617
0.86643
0.86669
0.86694
0.86721
0.86747
0.86773
0.868
0.86827
0.86854
0.86882
0.86909
0.86937
0.86965
0.86993
0.87022
0.8705
0.87079
0.87108
0.87138
0.87167
0.87197
0.87227
0.87258
0.87288
0.87319
0.8735
0.87382
0.87413
0.87445
0.87477
0.87509
0.87542
0.87575
0.87608
0.87641
0.87675
0.87709
0.87743
0.87778
0.87812
0.87847
0.87882
0.87918
0.87954
0.8799
0.88026
0.88062
0.88099
0.88136
0.88174
0.88211
0.88249
0.88287
0.88326
0.88364
0.88403
0.88443
0.88482
0.88522
0.88562
0.88602
0.88643
0.88683
0.88724
0.88766
0.88807
0.88849
0.88891
0.88933
0.88976
0.89018
0.89062
0.89105
0.89148
0.89192
0.89236
0.8928
0.89324
0.89369
0.89414
0.89459
0.89504
0.8955
0.89596
0.89641
0.89688
0.89734
0.8978
0.89827
0.89874
0.89921
0.89969
0.90016
0.90064
0.90112
0.9016
0.90208
0.90256
0.90305
0.90353
0.90402
0.90451
0.905
0.90549
0.90599
0.90648
0.90698
0.90748
0.90797
0.90847
0.90898
0.90948
0.90998
0.91048
0.91099
0.91149
0.912
0.91251
0.91301
0.91352
0.91403
0.91454
0.91505
0.91556
0.91607
0.91658
0.91709
0.9176
0.91811
0.91863
0.91914
0.91965
0.92016
0.92067
0.92118
0.92169
0.9222
0.92271
0.92322
0.92373
0.92424
0.92475
0.92525
0.92576
0.92626
0.92677
0.92727
0.92777
0.92827
0.92877
0.92927
0.92977
0.93027
0.93076
0.93125
0.93174
0.93223
0.93272
0.93321
0.93369
0.93418
0.93466
0.93514
0.93561
0.93609
0.93656
0.93703
0.9375
0.93796
0.93843
0.93889
0.93935
0.9398
0.94025
0.9407
0.94115
0.94159
0.94203
0.94247
0.94291
0.94334
0.94377
0.94419
0.94461
0.94503
0.94544
0.94586
0.94626
0.94667
0.94707
0.94746
0.94785
0.94824
0.94862
0.949
0.94938
0.94975
0.95012
0.95048
0.95084
0.95119
0.95154
0.95189
0.95222
0.95256
0.95289
0.95322
0.95354
0.95385
0.95416
0.95447
0.95477
0.95506
0.95535
0.95564
0.95591
0.95619
0.95646
0.95672
0.95698
0.95723
0.95747
0.95771
0.95795
0.95817
0.9584
0.95861
0.95882
0.95902
0.95922
0.95941
0.9596
0.95978
0.95995
0.96012
0.96028
0.96043
0.96058
0.96072
0.96085
0.96098
0.9611
0.96121
0.96132
0.96142
0.96151
0.9616
0.96168
0.96175
0.96181
0.96187
0.96192
0.96197
0.962
0.96203
0.96206
0.96207
0.96208
0.96208
0.96207
0.96206
0.96204
0.96201
0.96197
0.96193
0.96188
0.96182
0.96175
0.96168
0.96159
0.9615
0.96141
0.9613
0.96119
0.96107
0.96094
0.9608
0.96066
0.96051
0.96035
0.96018
0.96001
0.95982
0.95963
0.95944
0.95923
0.95901
0.95879
0.95856
0.95832
0.95808
0.95782
0.95756
0.95729
0.95701
0.95673
0.95644
0.95613
0.95582
0.95551
0.95518
0.95485
0.95451
0.95416
0.9538
0.95344
0.95306
0.95268
0.95229
0.9519
0.95149
0.95108
0.95066
0.95023
0.9498
0.94935
0.9489
0.94844
0.94798
0.9475
0.94702
0.94653
0.94604
0.94553
0.94502
0.9445
0.94397
0.94344
0.94289
0.94234
0.94179
0.94122
0.94065
0.94007
0.93948
0.93889
0.93829
0.93768
0.93706
0.93644
0.93581
0.93517
0.93453
0.93388
0.93322
0.93256
0.93189
0.93121
0.93052
0.92983
0.92913
0.92843
0.92772
0.927
0.92627
0.92554
0.9248
0.92406
0.92331
0.92256
0.92179
0.92102
0.92025
0.91947
0.91868
0.91789
0.91709
0.91629
0.91548
0.91467
0.91384
0.91302
0.91219
0.91135
0.91051
0.90966
0.90881
0.90795
0.90709
0.90622
0.90535
0.90447
0.90359
0.9027
0.90181
0.90091
0.90001
0.8991
0.89819
0.89728
0.89636
0.89544
0.89451
0.89358
0.89265
0.89171
0.89077
0.88982
0.88887
0.88792
0.88696
0.886
0.88504
0.88407
0.8831
0.88213
0.88116
0.88018
0.8792
0.87821
0.87723
0.87624
0.87525
0.87425
0.87326
0.87226
0.87126
0.87025
0.86925
0.86824
0.86723
0.86622
0.86521
0.8642
0.86318
0.86216
0.86115
0.86013
0.85911
0.85809
0.85706
0.85604
0.85502
0.85399
0.85297
0.85194
0.85091
0.84989
0.84886
0.84783
0.84681
0.84578
0.84475
0.84373
0.8427
0.84167
0.84065
0.83962
0.8386
0.83757
0.83655
0.83553
0.8345
0.83348
0.83246
0.83145
0.83043
0.82941
0.8284
0.82739
0.82637
0.82537
0.82436
0.82335
0.82235
0.82135
0.82035
0.81935
0.81836
0.81736
0.81637
0.81539
0.8144
0.81342
0.81244
0.81146
0.81049
0.80952
0.80855
0.80759
0.80663
0.80567
0.80472
0.80377
0.80282
0.80188
0.80094
0.80001
0.79908
0.79815
0.79723
0.79631
0.79539
0.79448
0.79358
0.79268
0.79178
0.79089
0.79
0.78912
0.78824
0.78737
0.7865
0.78564
0.78478
0.78393
0.78308
0.78224
0.7814
0.78057
0.77975
0.77893
0.77812
0.77731
0.77651
0.77571
0.77492
0.77414
0.77336
0.77259
0.77183
0.77107
0.77031
0.76957
0.76883
0.7681
0.76737
0.76665
0.76594
0.76523
0.76454
0.76384
0.76316
0.76248
0.76181
0.76115
0.76049
0.75984
0.7592
0.75857
0.75794
0.75732
0.75671
0.75611
0.75551
0.75493
0.75434
0.75377
0.75321
0.75265
0.7521
0.75156
0.75103
0.75051
0.74999
0.74948
0.74898
0.74849
0.74801
0.74754
0.74707
0.74661
0.74616
0.74572
0.74529
0.74487
0.74446
0.74405
0.74366
0.74327
0.74289
0.74252
0.74216
0.74181
0.74147
0.74114
0.74081
0.7405
0.74019
0.73989
0.73961
0.73933
0.73906
0.7388
0.73855
0.73831
0.73808
0.73786
0.73765
0.73745
0.73726
0.73707
0.7369
0.73674
0.73658
0.73644
0.73631
0.73618
0.73607
0.73596
0.73587
0.73578
0.73571
0.73564
0.73559
0.73554
0.73551
0.73548
0.73547
0.73546
0.73547
0.73548
0.73551
0.73554
0.73559
0.73565
0.73571
0.73579
0.73587
0.73597
0.73608
0.73619
0.73632
0.73646
0.73661
0.73676
0.73693
0.73711
0.7373
0.7375
0.73771
0.73792
0.73815
0.73839
0.73864
0.7389
0.73918
0.73946
0.73975
0.74005
0.74036
0.74068
0.74101
0.74136
0.74171
0.74207
0.74245
0.74283
0.74322
0.74363
0.74404
