0.95812
0.95865
0.95918
0.95973
0.96029
0.96087
0.96146
0.96206
0.96267
0.9633
0.96394
0.96459
0.96526
0.96594
0.96663
0.96733
0.96805
0.96878
0.96952
0.97027
0.97103
0.97181
0.9726
0.9734
0.97421
0.97503
0.97586
0.9767
0.97756
0.97842
0.9793
0.98019
0.98108
0.98199
0.9829
0.98383
0.98476
0.9857
0.98665
0.98761
0.98858
0.98956
0.99054
0.99153
0.99253
0.99353
0.99454
0.99556
0.99658
0.99761
0.99864
0.99968
1.0007
1.0018
1.0028
1.0039
1.0049
1.006
1.007
1.0081
1.0092
1.0102
1.0113
1.0124
1.0134
1.0145
1.0156
1.0166
1.0177
1.0188
1.0198
1.0209
1.0219
1.023
1.024
1.025
1.0261
1.0271
1.0281
1.0291
1.0301
1.0311
1.0321
1.0331
1.0341
1.035
1.036
1.0369
1.0379
1.0388
1.0397
1.0406
1.0415
1.0424
1.0432
1.0441
1.0449
1.0457
1.0465
1.0473
1.0481
1.0488
1.0495
1.0502
1.0509
1.0516
1.0523
1.0529
1.0535
1.0541
1.0547
1.0553
1.0558
1.0563
1.0568
1.0573
1.0577
1.0582
1.0586
1.0589
1.0593
1.0596
1.0599
1.0602
1.0605
1.0607
1.0609
1.0611
1.0612
1.0613
1.0614
1.0615
1.0615
1.0616
1.0615
1.0615
1.0614
1.0613
1.0612
1.0611
1.0609
1.0607
1.0604
1.0601
1.0598
1.0595
1.0592
1.0588
1.0583
1.0579
1.0574
1.0569
1.0564
1.0558
1.0552
1.0546
1.0539
1.0533
1.0526
1.0518
1.0511
1.0503
1.0494
1.0486
1.0477
1.0468
1.0458
1.0449
1.0439
1.0429
1.0418
1.0407
1.0396
1.0385
1.0374
1.0362
1.035
1.0338
1.0325
1.0312
1.0299
1.0286
1.0272
1.0259
1.0245
1.023
1.0216
1.0201
1.0187
1.0171
1.0156
1.0141
1.0125
1.0109
1.0093
1.0077
1.006
1.0044
1.0027
1.001
0.9993
0.99757
0.99583
0.99407
0.9923
0.99051
0.98871
0.9869
0.98508
0.98324
0.98139
0.97953
0.97766
0.97578
0.97389
0.97199
0.97008
0.96817
0.96625
0.96431
0.96238
0.96043
0.95848
0.95653
0.95457
0.95261
0.95064
0.94867
0.9467
0.94472
0.94274
0.94077
0.93879
0.93681
0.93483
0.93285
0.93087
0.92889
0.92692
0.92495
0.92298
0.92101
0.91905
0.91709
0.91514
0.91319
0.91124
0.9093
0.90737
0.90545
0.90353
0.90162
0.89972
0.89782
0.89594
0.89406
0.89219
0.89033
0.88848
0.88664
0.88482
0.883
0.88119
0.8794
0.87762
0.87585
0.87409
0.87234
0.87061
0.86889
0.86719
0.8655
0.86382
0.86216
0.86051
0.85887
0.85726
0.85565
0.85406
0.85249
0.85093
0.84939
0.84787
0.84636
0.84487
0.84339
0.84193
0.84049
0.83907
0.83766
0.83627
0.8349
0.83354
0.83221
0.83089
0.82958
0.8283
0.82703
0.82578
0.82455
0.82334
0.82215
0.82097
0.81982
0.81868
0.81756
0.81645
0.81537
0.8143
0.81325
0.81222
0.81121
0.81022
0.80924
0.80829
0.80735
0.80643
0.80552
0.80464
0.80377
0.80292
0.80209
0.80127
0.80048
0.7997
0.79893
0.79819
0.79746
0.79675
0.79605
0.79537
0.79471
0.79406
0.79343
0.79282
0.79222
0.79163
0.79107
0.79051
0.78997
0.78945
0.78894
0.78845
0.78797
0.7875
0.78705
0.78661
0.78618
0.78577
0.78537
0.78498
0.7846
0.78424
0.78389
0.78355
0.78321
0.7829
0.78259
0.78229
0.782
0.78172
0.78145
0.78119
0.78094
0.7807
0.78046
0.78023
0.78001
0.7798
0.77959
0.77939
0.7792
0.77901
0.77883
0.77865
0.77848
0.77831
0.77815
0.77799
0.77783
0.77768
0.77753
0.77738
0.77723
0.77709
0.77694
0.7768
0.77666
0.77651
0.77637
0.77622
0.77608
0.77593
0.77578
0.77563
0.77548
0.77532
0.77516
0.775
0.77483
0.77466
0.77449
0.7743
0.77412
0.77392
0.77373
0.77352
0.77331
0.77309
0.77286
0.77262
0.77238
0.77213
0.77187
0.7716
0.77131
0.77102
0.77072
0.77041
0.77009
0.76976
0.76941
0.76906
0.76869
0.76831
0.76791
0.7675
0.76709
0.76665
0.76621
0.76574
0.76527
0.76478
0.76428
0.76376
0.76323
0.76268
0.76211
0.76153
0.76094
0.76033
0.7597
0.75906
0.7584
0.75772
0.75703
0.75632
0.7556
0.75486
0.7541
0.75333
0.75253
0.75173
0.7509
0.75006
0.7492
0.74832
0.74743
0.74652
0.74559
0.74465
0.74369
0.74271
0.74172
0.74071
0.73969
0.73864
0.73759
0.73651
0.73542
0.73432
0.7332
0.73206
0.73091
0.72975
0.72857
0.72738
0.72617
0.72495
0.72371
0.72246
0.7212
0.71993
0.71864
0.71734
0.71603
0.71471
0.71338
0.71204
0.71068
0.70932
0.70795
0.70657
0.70518
0.70378
0.70237
0.70096
0.69953
0.6981
0.69667
0.69523
0.69378
0.69233
0.69088
0.68942
0.68796
0.68649
0.68502
0.68355
0.68208
0.6806
0.67913
0.67766
0.67618
0.67471
0.67324
0.67177
0.6703
0.66884
0.66738
0.66592
0.66447
0.66302
0.66158
0.66014
0.65871
0.65729
0.65587
0.65446
0.65307
0.65168
0.65029
0.64892
0.64756
0.64621
0.64488
0.64355
0.64224
0.64094
0.63965
0.63837
0.63711
0.63587
0.63464
0.63343
0.63223
0.63105
0.62988
0.62874
0.62761
0.6265
0.6254
0.62433
0.62328
0.62224
0.62123
0.62023
0.61926
0.61831
0.61738
0.61647
0.61559
0.61472
0.61388
0.61307
0.61227
0.6115
0.61076
0.61004
0.60934
0.60867
0.60803
0.60741
0.60681
0.60624
0.6057
0.60519
0.6047
0.60424
0.6038
0.60339
0.60301
0.60266
0.60234
0.60204
0.60177
0.60153
0.60132
0.60114
0.60099
0.60086
0.60076
0.6007
0.60066
0.60065
0.60067
0.60072
0.60079
0.6009
0.60104
0.6012
0.6014
0.60162
0.60188
0.60216
0.60248
0.60282
0.60319
0.60359
0.60402
0.60448
0.60497
0.60549
0.60603
0.60661
0.60721
0.60785
0.60851
0.6092
0.60992
0.61066
0.61144
0.61224
0.61307
0.61393
0.61481
0.61573
0.61667
0.61763
0.61863
0.61965
0.62069
0.62176
0.62286
0.62398
0.62513
0.62631
0.6275
0.62873
0.62997
0.63124
0.63254
0.63386
0.6352
0.63656
0.63795
0.63936
0.64079
0.64224
0.64371
0.64521
0.64672
0.64826
0.64981
0.65139
0.65298
0.65459
0.65622
0.65787
0.65953
0.66122
0.66292
0.66463
0.66636
0.66811
0.66988
0.67165
0.67345
0.67525
0.67707
0.6789
0.68075
0.68261
0.68448
0.68636
0.68825
0.69015
0.69206
0.69399
0.69592
0.69786
0.69981
0.70176
0.70373
0.7057
0.70767
0.70966
0.71165
0.71364
0.71564
0.71765
0.71965
0.72166
0.72368
0.7257
0.72771
0.72974
0.73176
0.73378
0.7358
0.73783
0.73985
0.74187
0.74389
0.74591
0.74793
0.74995
0.75196
0.75397
0.75597
0.75798
0.75997
0.76196
0.76395
0.76593
0.76791
0.76988
0.77184
0.77379
0.77574
0.77768
0.77961
0.78154
0.78345
0.78536
0.78726
0.78914
0.79102
0.79288
0.79474
0.79658
0.79842
0.80024
0.80205
0.80385
0.80563
0.8074
0.80916
0.81091
0.81264
0.81436
0.81606
0.81775
0.81943
0.82109
0.82274
0.82437
0.82598
0.82758
0.82916
0.83073
0.83228
0.83382
0.83534
0.83684
0.83832
0.83979
0.84124
0.84267
0.84409
0.84548
0.84686
0.84822
0.84956
0.85089
0.85219
0.85348
0.85475
0.85599
0.85722
0.85843
0.85962
0.86079
0.86195
0.86308
0.86419
0.86528
0.86635
0.8674
0.86843
0.86944
0.87044
0.87141
0.87236
0.87328
0.87419
0.87508
0.87595
0.87679
0.87762
0.87842
0.8792
0.87996
0.8807
0.88142
0.88212
0.8828
0.88345
0.88409
0.8847
0.88529
0.88586
0.88641
0.88694
0.88744
0.88793
0.88839
0.88883
0.88925
0.88965
0.89003
0.89038
0.89071
0.89103
0.89132
0.89159
0.89184
0.89206
0.89227
0.89245
0.89261
0.89276
0.89288
0.89298
0.89305
0.89311
0.89315
0.89316
0.89316
0.89313
0.89309
0.89302
0.89293
0.89282
0.89269
0.89254
0.89237
0.89218
0.89197
0.89175
0.8915
0.89123
0.89094
0.89063
0.8903
0.88996
0.88959
0.88921
0.8888
0.88838
0.88794
0.88748
0.887
0.88651
0.88599
0.88546
0.88491
0.88435
0.88376
0.88316
0.88255
0.88191
0.88126
0.88059
0.87991
0.87921
0.87849
0.87776
0.87701
0.87625
0.87548
0.87468
0.87388
0.87306
0.87222
0.87137
0.87051
0.86963
0.86874
0.86784
0.86693
0.866
0.86506
0.86411
0.86314
0.86217
0.86118
0.86018
0.85917
0.85815
0.85712
0.85608
0.85503
0.85397
0.8529
0.85182
0.85073
0.84964
0.84853
0.84742
0.8463
0.84517
0.84404
0.84289
0.84175
0.84059
0.83943
0.83826
0.83709
0.83591
0.83472
0.83353
0.83234
0.83114
0.82994
0.82873
0.82752
0.8263
0.82509
0.82387
0.82264
0.82142
0.82019
0.81896
0.81773
0.8165
0.81526
0.81403
0.81279
0.81156
0.81032
0.80909
0.80785
0.80662
0.80538
0.80415
0.80291
0.80168
0.80045
0.79923
0.798
0.79678
0.79556
0.79434
0.79313
0.79191
0.79071
0.7895
0.7883
0.7871
0.78591
0.78472
0.78354
0.78236
0.78118
0.78001
0.77885
0.77769
0.77654
0.77539
0.77425
0.77312
0.77199
0.77087
0.76975
0.76864
0.76754
0.76645
0.76536
0.76428
0.76321
0.76215
0.76109
0.76004
0.759
0.75797
0.75695
0.75594
0.75493
0.75394
0.75295
0.75197
0.751
0.75005
0.7491
0.74816
0.74723
0.74631
0.7454
0.7445
0.74361
0.74273
0.74186
0.741
0.74016
0.73932
0.7385
0.73768
0.73688
0.73609
0.73531
0.73454
0.73378
0.73304
0.7323
0.73158
0.73087
0.73017
0.72949
0.72881
0.72815
0.7275
0.72686
0.72624
0.72563
0.72503
0.72444
0.72387
0.72331
0.72276
0.72223
0.72171
0.7212
0.7207
0.72022
0.71975
0.7193
0.71885
0.71843
0.71801
0.71761
0.71722
0.71685
0.71649
0.71614
0.71581
0.71549
0.71519
0.7149
0.71462
0.71436
0.71411
0.71388
0.71366
0.71346
0.71327
0.71309
0.71293
0.71278
0.71265
0.71253
0.71242
0.71233
0.71226
0.7122
0.71215
0.71212
0.7121
0.7121
0.71211
0.71214
0.71218
0.71223
0.71231
0.71239
0.71249
0.7126
0.71273
0.71287
0.71303
0.7132
0.71339
0.71359
0.7138
0.71403
0.71428
0.71453
0.71481
0.71509
0.71539
0.7157
0.71603
0.71637
0.71673
0.7171
0.71748
0.71788
0.71829
0.71871
0.71915
0.7196
0.72007
0.72054
0.72103
0.72153
0.72205
0.72258
0.72312
0.72367
0.72424
0.72482
0.72541
0.72601
0.72662
0.72725
0.72788
0.72853
0.72919
0.72986
0.73054
0.73123
0.73194
0.73265
0.73337
0.73411
0.73485
0.7356
0.73636
0.73714
0.73792
0.73871
0.7395
0.74031
0.74113
0.74195
0.74278
0.74362
0.74446
0.74532
0.74618
0.74704
0.74792
0.7488
0.74968
0.75057
0.75147
0.75237
0.75328
0.75419
0.75511
0.75603
0.75695
0.75788
0.75881
0.75974
0.76068
0.76162
0.76256
0.76351
0.76445
0.7654
0.76635
0.7673
0.76825
0.7692
0.77015
0.7711
0.77205
0.773
0.77395
0.7749
0.77584
0.77679
0.77773
0.77867
0.7796
0.78054
0.78147
0.78239
0.78332
0.78423
0.78515
0.78606
0.78696
0.78786
0.78876
0.78965
0.79053
0.7914
0.79227
0.79314
0.79399
0.79484
0.79568
0.79652
0.79734
0.79816
0.79897
0.79977
0.80056
0.80134
0.80211
0.80288
0.80363
0.80437
0.80511
0.80583
0.80654
0.80724
0.80793
0.80861
0.80928
0.80994
0.81058
0.81121
0.81184
0.81244
0.81304
0.81363
0.8142
0.81476
0.8153
0.81584
0.81636
0.81686
0.81736
0.81784
0.81831
0.81876
0.8192
0.81963
0.82004
0.82044
0.82082
0.82119
0.82155
0.82189
0.82222
0.82254
0.82284
0.82312
0.8234
0.82365
0.8239
0.82413
0.82434
0.82454
0.82473
0.8249
0.82506
0.8252
0.82533
0.82544
0.82554
0.82563
0.8257
0.82576
0.8258
0.82583
0.82585
0.82585
0.82584
0.82581
0.82577
0.82572
0.82565
0.82557
0.82548
0.82537
0.82525
0.82512
0.82497
0.82481
0.82464
0.82445
0.82425
0.82404
0.82381
0.82358
0.82333
0.82307
0.82279
0.82251
0.82221
0.8219
0.82157
0.82124
0.82089
0.82054
0.82017
0.81979
0.81939
0.81899
0.81858
0.81815
0.81772
0.81727
0.81681
0.81635
0.81587
0.81538
0.81488
0.81437
0.81385
0.81332
0.81278
0.81224
0.81168
0.81111
0.81053
0.80995
0.80935
0.80875
0.80813
0.80751
0.80688
0.80624
0.80559
0.80493
0.80426
0.80359
0.80291
0.80222
0.80152
0.80081
0.80009
0.79937
0.79864
0.7979
0.79716
0.7964
0.79564
0.79488
0.7941
0.79332
0.79253
0.79173
0.79093
0.79012
0.7893
0.78848
0.78765
0.78682
0.78597
0.78513
0.78427
0.78341
0.78254
0.78167
0.78079
0.77991
0.77902
0.77812
0.77722
0.77632
0.77541
0.77449
0.77357
0.77264
0.77171
0.77078
0.76984
0.7689
0.76795
0.76699
0.76604
0.76508
0.76411
0.76314
0.76217
0.76119
0.76021
0.75923
0.75825
0.75726
0.75627
0.75527
0.75427
0.75327
0.75227
0.75127
0.75026
0.74925
0.74825
0.74723
0.74622
0.74521
0.74419
0.74318
0.74216
0.74114
0.74013
0.73911
0.73809
0.73707
0.73606
0.73504
0.73402
0.73301
0.732
0.73098
0.72997
0.72896
0.72796
0.72695
0.72595
0.72495
0.72395
0.72296
0.72197
0.72098
0.72
0.71902
0.71804
0.71707
0.7161
0.71514
0.71418
0.71323
0.71229
0.71135
0.71041
0.70949
0.70857
0.70765
0.70675
0.70585
0.70496
0.70407
0.7032
0.70233
0.70147
0.70062
0.69978
0.69895
0.69813
0.69732
0.69652
0.69573
0.69495
0.69418
0.69342
0.69268
0.69194
0.69122
0.69051
0.68982
0.68913
0.68846
0.6878
0.68716
0.68653
0.68592
0.68531
0.68473
0.68416
0.6836
0.68306
0.68253
0.68202
0.68153
0.68105
0.68059
0.68015
0.67972
0.67931
0.67892
0.67855
0.67819
0.67786
0.67754
0.67724
0.67695
0.67669
0.67645
0.67623
0.67602
0.67584
0.67567
0.67553
0.6754
0.6753
0.67522
0.67516
0.67512
0.6751
0.6751
0.67512
0.67517
0.67523
0.67532
0.67543
0.67556
0.67572
0.6759
0.6761
0.67632
0.67656
0.67683
0.67712
0.67744
0.67777
0.67813
0.67852
0.67892
0.67935
0.6798
0.68028
0.68078
0.6813
0.68184
0.68241
0.68301
0.68362
0.68426
0.68492
0.68561
0.68631
0.68705
0.6878
0.68858
0.68938
0.6902
0.69105
0.69192
0.69281
0.69373
0.69466
0.69562
0.6966
0.69761
0.69863
0.69968
0.70075
0.70184
0.70295
0.70408
0.70523
0.70641
0.7076
0.70881
0.71005
0.7113
0.71258
0.71387
0.71518
0.71651
0.71786
0.71923
0.72061
0.72201
0.72343
0.72487
0.72632
0.72779
0.72928
0.73078
0.73229
0.73382
0.73537
0.73693
0.7385
0.74008
0.74168
0.74329
0.74492
0.74655
0.7482
0.74985
0.75152
0.7532
0.75488
0.75658
0.75828
0.75999
0.76171
0.76344
0.76517
0.76691
0.76865
0.7704
0.77215
0.7739
0.77566
0.77742
0.77919
0.78095
0.78272
0.78449
0.78626
0.78802
0.78979
0.79155
0.79331
0.79507
0.79683
0.79858
0.80033
0.80207
0.80381
0.80554
0.80726
0.80898
0.81068
0.81238
0.81407
0.81575
0.81742
0.81908
0.82073
0.82237
0.82399
0.82561
0.8272
0.82879
0.83036
0.83191
0.83345
0.83497
0.83648
0.83797
0.83944
0.84089
0.84232
0.84374
0.84513
0.84651
0.84787
0.8492
0.85051
0.8518
0.85307
0.85432
0.85554
0.85674
0.85792
0.85907
0.86019
0.8613
0.86237
0.86342
0.86445
0.86545
0.86642
0.86737
0.86829
0.86918
0.87004
0.87088
0.87169
0.87247
0.87322
0.87395
0.87464
0.87531
0.87595
0.87655
0.87713
0.87768
0.87821
0.8787
0.87916
0.87959
0.88
0.88037
0.88071
0.88103
0.88131
0.88157
0.8818
0.882
0.88216
0.8823
0.88241
0.8825
0.88255
0.88257
0.88257
0.88254
0.88248
0.88239
0.88228
0.88213
0.88196
0.88177
0.88154
0.88129
0.88102
0.88072
0.88039
0.88004
0.87967
0.87926
0.87884
0.87839
0.87792
0.87743
0.87691
0.87637
0.87581
0.87523
0.87463
0.874
0.87336
0.8727
0.87201
0.87131
0.87059
0.86986
0.8691
0.86833
0.86754
0.86674
0.86592
0.86509
0.86424
0.86338
0.86251
0.86162
0.86072
0.85981
0.85889
0.85795
0.85701
0.85606
0.85509
0.85412
0.85314
0.85216
0.85116
0.85016
0.84916
0.84815
0.84713
0.84611
0.84509
0.84406
0.84303
0.84199
0.84096
0.83992
0.83889
0.83785
0.83681
0.83578
0.83474
0.83371
0.83268
0.83165
0.83063
0.8296
0.82859
0.82757
0.82657
0.82557
0.82457
0.82358
0.8226
0.82162
0.82066
0.8197
0.81875
0.81781
0.81687
0.81595
0.81504
0.81414
0.81325
0.81237
0.8115
0.81065
0.80981
0.80898
0.80816
0.80736
0.80657
0.8058
0.80504
0.80429
0.80356
0.80285
0.80215
0.80147
0.8008
0.80015
0.79952
0.7989
0.79831
0.79772
0.79716
0.79662
0.79609
0.79558
0.79509
0.79462
0.79417
0.79374
0.79333
0.79293
0.79256
0.79221
0.79187
0.79156
0.79127
0.79099
0.79074
0.79051
0.7903
0.79011
0.78994
0.7898
0.78967
0.78957
0.78949
0.78942
0.78938
0.78937
0.78937
0.78939
0.78944
0.78951
0.7896
0.78971
0.78984
0.79
0.79018
0.79037
0.79059
0.79084
0.7911
0.79138
0.79169
0.79202
0.79237
0.79274
0.79313
0.79354
0.79398
0.79443
0.79491
0.7954
0.79592
0.79646
0.79702
0.7976
0.79819
0.79881
0.79945
0.80011
0.80079
0.80149
0.8022
0.80294
0.80369
0.80447
0.80526
0.80607
0.8069
0.80774
0.8086
0.80948
0.81038
0.8113
0.81223
0.81318
0.81414
0.81512
0.81612
0.81713
0.81815
0.81919
0.82025
0.82131
0.8224
0.82349
0.8246
0.82572
0.82686
0.828
0.82916
0.83033
0.83151
0.8327
0.83391
0.83512
0.83634
0.83757
0.83881
0.84005
0.84131
0.84257
0.84384
0.84512
0.8464
0.84769
0.84898
0.85028
0.85159
0.85289
0.8542
0.85552
0.85683
0.85815
0.85947
0.86079
0.86212
0.86344
0.86476
0.86608
0.8674
0.86872
0.87003
0.87135
0.87265
0.87396
0.87526
0.87655
0.87784
0.87913
0.88041
0.88167
0.88294
0.88419
0.88544
0.88667
0.8879
0.88911
0.89032
0.89151
0.89269
0.89386
0.89501
0.89615
0.89728
0.89839
0.89949
0.90057
0.90163
0.90268
0.90371
0.90472
0.90571
0.90669
0.90764
0.90857
0.90949
0.91038
0.91125
0.9121
0.91292
0.91373
0.9145
0.91526
0.91599
0.91669
0.91737
0.91803
0.91865
0.91925
0.91983
0.92037
0.92089
0.92138
0.92184
0.92227
0.92267
0.92304
0.92338
0.92369
0.92397
0.92422
0.92444
0.92462
0.92478
0.9249
0.92499
0.92504
0.92507
0.92506
0.92502
0.92494
0.92483
0.92469
0.92451
0.9243
0.92405
0.92377
0.92346
0.92311
0.92273
0.92231
0.92186
0.92138
0.92086
0.92031
0.91972
0.9191
0.91845
0.91776
0.91704
0.91628
0.9155
0.91467
0.91382
0.91294
0.91202
0.91107
0.91009
0.90907
0.90803
0.90695
0.90585
0.90471
0.90355
0.90235
0.90113
0.89988
0.8986
0.89729
0.89596
0.89459
0.89321
0.8918
0.89036
0.8889
0.88741
0.8859
0.88437
0.88282
0.88124
0.87964
0.87803
0.87639
0.87474
0.87306
0.87137
0.86966
0.86794
0.8662
0.86445
0.86268
0.8609
0.8591
0.85729
0.85548
0.85365
0.85181
0.84997
0.84811
0.84625
0.84438
0.84251
0.84063
0.83875
0.83686
0.83497
0.83308
0.83119
0.8293
0.8274
0.82551
0.82363
0.82174
0.81986
0.81798
0.81611
0.81425
0.81239
0.81054
0.8087
0.80687
0.80504
0.80323
0.80143
0.79964
0.79787
0.79611
0.79436
0.79263
0.79091
0.78921
0.78753
0.78587
0.78422
0.78259
0.78099
0.7794
0.77784
0.77629
0.77477
0.77328
0.7718
0.77036
0.76893
0.76753
0.76616
0.76481
0.7635
0.7622
0.76094
0.75971
0.7585
0.75733
0.75618
0.75507
0.75398
0.75293
0.75191
0.75092
0.74996
0.74904
0.74815
0.74729
0.74647
0.74568
0.74493
0.74421
0.74353
0.74288
0.74227
0.74169
0.74115
0.74065
0.74018
0.73975
0.73936
0.739
0.73868
0.7384
0.73816
0.73795
0.73779
0.73766
0.73756
0.73751
0.73749
0.73751
0.73757
0.73767
0.73781
0.73798
0.73819
0.73844
0.73873
0.73905
0.73941
0.73981
0.74025
0.74072
0.74123
0.74178
0.74236
0.74298
0.74364
0.74433
0.74506
0.74582
0.74662
0.74746
0.74832
0.74923
0.75016
0.75113
0.75214
0.75317
0.75424
0.75534
0.75647
0.75763
0.75882
0.76005
0.7613
0.76258
0.76389
0.76523
0.7666
0.76799
0.76941
0.77086
0.77233
0.77383
0.77535
0.77689
0.77846
0.78004
0.78165
0.78328
0.78493
0.7866
0.78829
0.79
0.79172
0.79346
0.79522
0.79699
0.79878
0.80057
0.80238
0.80421
0.80604
0.80788
0.80974
0.8116
0.81346
0.81534
0.81722
0.81911
0.82099
0.82289
0.82478
0.82668
0.82857
0.83047
0.83236
0.83426
0.83614
0.83803
0.83991
0.84178
0.84365
0.84551
0.84736
0.84919
0.85102
0.85284
0.85465
0.85644
0.85822
0.85998
0.86172
0.86345
0.86517
0.86686
0.86853
0.87018
0.87182
0.87342
0.87501
0.87657
0.87811
0.87962
0.88111
0.88257
0.884
0.8854
0.88678
0.88812
0.88943
0.89072
0.89196
0.89318
0.89437
0.89551
0.89663
0.89771
0.89875
0.89976
0.90073
0.90166
0.90256
0.90342
0.90424
0.90502
0.90575
0.90645
0.90711
0.90773
0.90831
0.90884
0.90934
0.90979
0.9102
0.91057
0.91089
0.91117
0.91141
0.91161
0.91176
0.91187
0.91194
0.91196
0.91194
0.91188
0.91177
0.91162
0.91143
0.91119
0.91091
0.91059
0.91023
0.90982
0.90937
0.90888
0.90835
0.90778
0.90716
0.90651
0.90581
0.90508
0.90431
0.90349
0.90264
0.90175
0.90082
0.89986
0.89886
0.89782
0.89674
0.89564
0.89449
0.89332
0.89211
0.89086
0.88959
0.88828
0.88695
0.88558
0.88418
0.88276
0.88131
0.87983
0.87832
0.87679
0.87523
0.87365
0.87205
0.87042
0.86878
0.86711
0.86542
0.86371
0.86199
0.86024
0.85848
0.85671
0.85492
0.85311
0.85129
0.84946
0.84762
0.84577
0.8439
0.84203
0.84015
0.83827
0.83638
0.83448
0.83257
0.83067
0.82876
0.82685
0.82494
0.82302
0.82111
0.8192
0.81729
0.81539
0.81349
0.81159
0.8097
0.80782
0.80594
0.80407
0.80221
0.80036
0.79852
0.7967
0.79488
0.79308
0.79129
0.78951
0.78775
0.786
0.78428
0.78256
0.78087
0.77919
0.77754
0.7759
0.77429
0.77269
0.77112
0.76957
0.76804
0.76654
0.76506
0.7636
0.76217
0.76077
0.75939
0.75804
0.75672
0.75543
0.75416
0.75292
0.75172
0.75054
0.74939
0.74827
0.74719
0.74614
0.74512
0.74413
0.74317
0.74225
0.74136
0.74051
0.73969
0.7389
0.73815
0.73744
0.73676
0.73612
0.73551
0.73494
0.7344
0.73391
0.73345
0.73303
0.73264
0.7323
0.73199
0.73172
0.73149
0.73129
0.73114
0.73102
0.73094
0.73091
0.73091
0.73095
0.73103
0.73115
0.73131
0.7315
0.73174
0.73202
0.73233
0.73269
0.73309
0.73352
0.73399
0.73451
0.73506
0.73565
0.73628
0.73695
0.73766
0.73841
0.7392
0.74002
0.74089
0.74179
0.74273
0.74371
0.74472
0.74577
0.74686
0.74799
0.74915
0.75035
0.75159
0.75286
0.75417
0.75551
0.75689
0.7583
0.75974
0.76122
0.76274
0.76428
0.76586
0.76747
0.76911
0.77078
0.77249
0.77422
0.77599
0.77778
0.7796
0.78145
0.78333
0.78523
0.78716
0.78912
0.7911
0.79311
0.79514
0.79719
0.79927
0.80136
0.80348
0.80562
0.80778
0.80996
0.81216
0.81438
0.81661
0.81886
0.82112
0.8234
0.82569
0.82799
0.83031
0.83264
0.83498
0.83733
0.83968
0.84205
0.84442
0.8468
0.84918
0.85157
0.85396
0.85635
0.85874
0.86114
0.86353
0.86592
0.86831
0.8707
0.87308
0.87546
0.87783
0.88019
0.88255
0.8849
0.88723
0.88956
0.89187
0.89417
0.89646
0.89873
0.90098
0.90322
0.90544
0.90765
0.90983
0.91199
0.91413
0.91625
0.91834
0.92041
0.92245
0.92447
0.92646
0.92843
0.93036
0.93227
0.93414
0.93598
0.93779
0.93957
0.94132
0.94303
0.9447
0.94634
0.94794
0.94951
0.95103
0.95252
0.95397
0.95538
0.95674
0.95807
0.95935
0.9606
0.9618
0.96295
0.96406
0.96513
0.96615
0.96713
0.96806
0.96895
0.96979
0.97058
0.97133
0.97203
0.97268
0.97328
0.97384
0.97435
0.97481
0.97522
0.97558
0.97589
0.97616
0.97638
0.97654
0.97666
0.97673
0.97676
0.97673
0.97666
0.97654
0.97637
0.97615
0.97588
0.97557
0.97521
0.9748
0.97435
0.97385
0.97331
0.97272
0.97208
0.97141
0.97068
0.96992
0.96911
0.96825
0.96736
0.96643
0.96545
0.96443
0.96338
0.96228
0.96115
0.95998
0.95877
0.95753
0.95625
0.95493
0.95358
0.9522
0.95078
0.94934
0.94786
0.94635
0.94481
0.94325
0.94165
0.94003
0.93839
0.93671
0.93502
0.9333
0.93155
0.92979
0.928
0.9262
0.92437
0.92253
0.92067
0.91879
0.9169
0.915
0.91308
0.91114
0.9092
0.90724
0.90528
0.9033
0.90132
0.89933
0.89733
0.89533
0.89332
0.89131
0.88929
0.88728
0.88526
0.88324
0.88123
0.87921
0.8772
0.87518
0.87318
0.87117
0.86918
0.86718
0.8652
0.86322
0.86125
0.85929
0.85735
0.85541
0.85348
0.85156
0.84966
0.84777
0.84589
0.84403
0.84219
0.84036
0.83854
0.83675
0.83497
0.83321
0.83147
0.82975
0.82805
0.82636
0.8247
0.82306
0.82145
0.81985
0.81828
0.81673
0.81521
0.81371
0.81223
0.81078
0.80935
0.80795
0.80658
0.80523
0.80391
0.80261
0.80134
0.8001
0.79889
0.79771
0.79655
0.79542
0.79432
0.79325
0.79221
0.7912
0.79022
0.78927
0.78834
0.78745
0.78659
0.78575
0.78495
0.78418
0.78344
0.78273
0.78205
0.7814
0.78078
0.78019
0.77963
0.7791
0.77861
0.77814
0.77771
0.7773
0.77693
0.77658
0.77627
0.77599
0.77574
0.77551
0.77532
0.77516
0.77503
0.77493
0.77485
0.77481
0.7748
0.77482
0.77486
0.77494
0.77504
0.77517
0.77533
0.77552
0.77574
0.77598
0.77626
0.77656
0.77689
0.77724
0.77762
0.77803
0.77847
0.77893
0.77942
0.77993
0.78047
0.78103
0.78162
0.78223
0.78287
0.78353
0.78421
0.78492
0.78565
0.78641
0.78718
0.78798
0.7888
0.78965
0.79051
0.79139
0.7923
0.79323
0.79417
0.79514
0.79612
0.79712
0.79815
0.79919
0.80024
0.80132
0.80241
0.80352
0.80465
0.80579
0.80695
0.80812
0.80931
0.81051
0.81173
0.81296
0.8142
0.81546
0.81673
0.81801
0.8193
0.82061
0.82192
0.82325
0.82459
0.82593
0.82729
0.82865
0.83003
0.83141
0.8328
0.8342
0.8356
0.83701
0.83843
0.83985
0.84128
0.84271
0.84415
0.84559
0.84704
0.84849
0.84994
0.85139
0.85285
0.85431
0.85576
0.85722
0.85868
0.86014
0.8616
0.86306
0.86452
0.86597
0.86743
0.86888
0.87033
0.87177
0.87321
0.87465
0.87608
0.87751
0.87893
0.88035
0.88175
0.88316
0.88455
0.88594
0.88732
0.88869
0.89006
0.89141
0.89276
0.89409
0.89542
0.89673
0.89803
0.89933
0.90061
0.90188
0.90313
0.90437
0.9056
0.90682
0.90802
0.90921
0.91038
0.91154
0.91268
0.91381
0.91492
0.91601
0.91709
0.91815
0.91919
0.92022
0.92123
0.92221
0.92318
0.92413
0.92507
0.92598
0.92687
0.92774
0.92859
0.92942
0.93023
0.93102
0.93179
0.93254
0.93326
0.93396
0.93464
0.9353
0.93593
0.93654
0.93713
0.93769
0.93823
0.93874
0.93924
0.9397
0.94015
0.94056
0.94096
0.94133
0.94167
0.94199
0.94228
0.94255
0.9428
0.94301
0.94321
0.94337
0.94351
0.94363
0.94372
0.94378
0.94382
0.94383
0.94382
0.94378
0.94371
0.94362
0.9435
0.94336
0.94319
0.943
0.94278
0.94253
0.94226
0.94196
0.94164
0.9413
0.94092
0.94053
0.94011
0.93966
0.93919
0.9387
0.93818
0.93764
0.93707
0.93648
0.93587
0.93523
0.93458
0.93389
0.93319
0.93247
0.93172
0.93095
0.93016
0.92935
0.92852
0.92767
0.9268
0.92591
0.925
0.92407
0.92312
0.92216
0.92117
0.92017
0.91915
0.91812
0.91707
0.916
0.91491
0.91382
0.9127
0.91158
0.91043
0.90928
0.90811
0.90693
0.90574
0.90453
0.90332
0.90209
0.90085
0.89961
0.89835
0.89708
0.89581
0.89453
0.89324
0.89194
0.89064
0.88933
0.88801
0.88669
0.88536
0.88403
0.8827
0.88136
0.88002
0.87867
0.87733
0.87598
0.87463
0.87329
0.87194
0.87059
0.86924
0.86789
0.86655
0.86521
0.86387
0.86253
0.86119
0.85986
0.85854
0.85722
0.8559
0.85459
0.85329
0.85199
0.8507
0.84941
0.84814
0.84687
0.84561
0.84436
0.84311
0.84188
0.84066
0.83944
0.83824
0.83705
0.83586
0.83469
0.83353
0.83239
0.83125
0.83013
0.82902
0.82793
0.82684
0.82577
0.82472
0.82367
0.82265
0.82163
0.82064
0.81965
0.81868
0.81773
0.81679
0.81587
0.81496
0.81407
0.81319
0.81233
0.81149
0.81066
0.80985
0.80906
0.80828
0.80752
0.80677
0.80604
0.80533
0.80464
0.80396
0.80329
0.80265
0.80202
0.80141
0.80081
0.80023
0.79967
0.79913
0.7986
0.79808
0.79758
0.7971
0.79664
0.79619
0.79575
0.79534
0.79493
0.79455
0.79417
0.79382
0.79347
0.79315
0.79283
0.79253
0.79225
0.79198
0.79172
0.79147
0.79124
0.79102
0.79082
0.79062
0.79044
0.79027
0.79011
0.78996
0.78983
0.7897
0.78958
0.78948
0.78938
0.7893
0.78922
0.78915
0.78909
0.78903
0.78899
0.78895
0.78892
0.78889
0.78888
0.78886
0.78886
0.78885
0.78886
0.78886
0.78887
0.78889
0.78891
0.78893
0.78895
0.78897
0.789
0.78903
0.78906
0.78908
0.78911
0.78914
0.78917
0.7892
0.78922
0.78925
0.78927
0.78928
0.7893
0.78931
0.78932
0.78932
0.78932
0.78932
0.78931
0.78929
0.78927
0.78924
0.78921
0.78917
0.78912
0.78906
0.78899
0.78892
0.78884
0.78875
0.78865
0.78854
0.78842
0.78829
0.78815
0.788
0.78784
0.78767
0.78749
0.7873
0.78709
0.78687
0.78664
0.7864
0.78615
0.78588
0.7856
0.7853
0.785
0.78468
0.78435
0.784
0.78364
0.78327
0.78288
0.78248
0.78206
0.78163
0.78119
0.78074
0.78026
0.77978
0.77928
0.77877
0.77824
0.7777
0.77715
0.77658
0.776
0.7754
0.77479
0.77417
0.77354
0.77289
0.77223
0.77155
0.77087
0.77017
0.76945
0.76873
0.76799
0.76725
0.76649
0.76572
0.76493
0.76414
0.76334
0.76252
0.7617
0.76087
0.76002
0.75917
0.75831
0.75744
0.75656
0.75568
0.75479
0.75389
0.75298
0.75207
0.75115
0.75022
0.74929
0.74835
0.74741
0.74647
0.74552
0.74457
0.74362
0.74266
0.7417
0.74074
0.73977
0.73881
0.73785
0.73688
0.73592
0.73496
0.734
0.73304
0.73208
0.73112
0.73017
0.72922
0.72828
0.72734
0.7264
0.72547
0.72455
0.72363
0.72271
0.72181
0.72091
0.72002
0.71914
0.71827
0.7174
0.71655
0.71571
0.71487
0.71405
0.71324
0.71244
0.71165
0.71088
0.71012
0.70937
0.70863
0.70791
0.70721
0.70652
0.70584
0.70518
0.70453
0.70391
0.7033
0.7027
0.70212
0.70157
0.70102
0.7005
0.7
0.69951
0.69905
0.6986
0.69818
0.69777
0.69738
0.69702
0.69668
0.69635
0.69605
0.69577
0.69552
0.69528
0.69507
0.69488
0.69471
0.69457
0.69445
0.69435
0.69428
0.69423
0.69421
0.6942
0.69423
0.69427
0.69435
0.69444
0.69456
0.69471
0.69488
0.69507
0.69529
0.69554
0.69581
0.69611
0.69643
0.69677
0.69715
0.69754
0.69796
0.69841
0.69888
0.69938
0.69991
0.70045
0.70103
0.70163
0.70225
0.7029
0.70357
0.70427
0.70499
0.70573
0.7065
0.7073
0.70812
0.70896
0.70983
0.71072
0.71163
0.71256
0.71352
0.7145
0.71551
0.71653
0.71758
0.71865
0.71974
0.72085
0.72199
0.72314
0.72431
0.72551
0.72672
0.72795
0.7292
0.73047
0.73176
0.73307
0.73439
0.73573
0.73709
0.73846
0.73985
0.74126
0.74268
0.74411
0.74556
0.74703
0.7485
0.74999
0.7515
0.75301
0.75454
0.75607
0.75762
0.75918
0.76074
0.76232
0.7639
0.76549
0.76709
0.7687
0.77031
0.77193
0.77356
0.77519
0.77682
0.77846
0.7801
0.78174
0.78338
0.78503
0.78668
0.78832
0.78997
0.79162
0.79327
0.79491
0.79655
0.79819
0.79982
0.80145
0.80308
0.8047
0.80632
0.80793
0.80953
0.81112
0.81271
0.81429
0.81586
0.81742
0.81897
0.82051
0.82204
0.82356
0.82507
0.82656
0.82804
0.82951
0.83096
0.8324
0.83383
0.83524
0.83663
0.83801
0.83937
0.84072
0.84204
0.84335
0.84465
0.84592
0.84718
0.84842
0.84963
0.85083
0.85201
0.85317
0.85431
0.85543
0.85653
0.8576
0.85866
0.85969
0.86071
0.8617
0.86267
0.86362
0.86454
0.86544
0.86632
0.86718
0.86802
0.86883
0.86962
0.87039
0.87114
0.87186
0.87257
0.87324
0.8739
0.87454
0.87515
0.87574
0.87631
0.87685
0.87738
0.87788
0.87836
0.87882
0.87926
0.87968
0.88008
0.88046
0.88081
0.88115
0.88147
0.88177
0.88205
0.88231
0.88256
0.88278
0.88299
0.88318
0.88335
0.88351
0.88365
0.88378
0.88389
0.88398
0.88406
0.88413
0.88418
0.88422
0.88425
0.88426
0.88427
0.88426
0.88424
0.88421
0.88417
0.88412
0.88406
0.88399
0.88392
0.88384
0.88375
0.88365
0.88355
0.88344
0.88333
0.88322
0.8831
0.88297
0.88285
0.88272
0.88259
0.88245
0.88232
0.88219
0.88206
0.88192
0.88179
0.88166
0.88154
0.88141
0.88129
0.88117
0.88106
0.88095
0.88084
0.88074
0.88065
0.88056
0.88048
0.88041
0.88035
0.88029
0.88024
0.8802
0.88017
0.88015
0.88013
0.88013
0.88014
0.88016
0.88019
0.88023
0.88029
0.88035
0.88043
0.88052
0.88063
0.88075
0.88088
0.88102
0.88118
0.88135
0.88154
0.88174
0.88196
0.88219
0.88243
0.88269
0.88297
0.88326
0.88357
0.88389
0.88423
0.88458
0.88495
0.88533
0.88573
0.88614
0.88657
0.88702
0.88748
0.88796
0.88845
0.88896
0.88948
0.89002
0.89057
0.89114
0.89172
0.89232
0.89293
0.89355
0.89419
0.89485
0.89551
0.89619
0.89688
0.89759
0.89831
0.89904
0.89978
0.90053
0.9013
0.90207
0.90286
0.90366
0.90447
0.90528
0.90611
0.90694
0.90778
0.90864
0.90949
0.91036
0.91123
0.91211
0.91299
0.91388
0.91478
0.91568
0.91658
0.91748
0.91839
0.9193
0.92022
0.92113
0.92205
0.92296
0.92388
0.92479
0.92571
0.92662
0.92753
0.92843
0.92934
0.93024
0.93113
0.93202
0.9329
0.93378
0.93465
0.93552
0.93637
0.93722
0.93806
0.93889
0.93971
0.94052
0.94131
0.9421
0.94287
0.94363
0.94438
0.94512
0.94584
0.94654
0.94723
0.94791
0.94857
0.94921
0.94984
0.95044
0.95103
0.95161
0.95216
0.95269
0.95321
0.9537
0.95418
0.95463
0.95506
0.95547
0.95586
0.95623
0.95658
0.9569
0.9572
0.95748
0.95773
0.95796
0.95817
0.95835
0.9585
0.95864
0.95875
0.95883
0.95889
0.95892
0.95893
0.95892
0.95888
0.95881
0.95872
0.9586
0.95846
0.95829
0.9581
0.95788
0.95764
0.95737
0.95707
0.95675
0.95641
0.95604
0.95565
0.95523
0.95479
0.95433
0.95384
0.95333
0.95279
0.95223
0.95165
0.95104
0.95042
0.94977
0.9491
0.94841
0.94769
0.94696
0.94621
0.94543
0.94464
0.94383
0.943
0.94215
0.94128
0.9404
0.9395
0.93858
0.93764
0.93669
0.93573
0.93475
0.93376
0.93275
0.93173
0.9307
0.92966
0.9286
0.92753
0.92646
0.92537
0.92427
0.92317
0.92205
0.92093
0.9198
0.91867
0.91753
0.91638
0.91523
0.91407
0.91291
0.91175
0.91059
0.90942
0.90825
0.90708
0.90591
0.90474
0.90357
0.9024
0.90123
0.90007
0.8989
0.89774
0.89659
0.89544
0.89429
0.89315
0.89202
0.89089
0.88977
0.88865
0.88755
0.88645
0.88536
0.88428
0.88321
0.88215
0.8811
0.88006
0.87903
0.87802
0.87701
0.87602
0.87505
0.87408
0.87313
0.8722
0.87127
0.87037
0.86948
0.8686
0.86774
0.8669
0.86607
0.86526
0.86446
0.86368
0.86293
0.86218
0.86146
0.86075
0.86007
0.8594
0.85875
0.85812
0.85751
0.85691
0.85634
0.85579
0.85526
0.85474
0.85425
0.85378
0.85333
0.85289
0.85248
0.85209
0.85172
0.85137
0.85104
0.85074
0.85045
0.85018
0.84994
0.84971
0.84951
0.84933
0.84917
0.84902
0.8489
0.8488
0.84873
0.84867
0.84863
0.84861
0.84861
0.84864
0.84868
0.84874
0.84883
0.84893
0.84905
0.84919
0.84935
0.84954
0.84973
0.84995
0.85019
0.85045
0.85072
0.85101
0.85132
0.85165
0.85199
0.85236
0.85274
0.85313
0.85355
0.85398
0.85442
0.85488
0.85536
0.85585
0.85636
0.85688
0.85742
0.85797
0.85853
0.85911
0.8597
0.86031
0.86093
0.86156
0.8622
0.86285
0.86352
0.8642
0.86488
0.86558
0.86629
0.86701
0.86774
0.86848
0.86922
0.86998
0.87074
0.87152
0.87229
0.87308
0.87387
0.87467
0.87548
0.87629
0.87711
0.87793
0.87876
0.87959
0.88043
0.88127
0.88211
0.88296
0.88381
0.88466
0.88551
0.88637
0.88722
0.88808
0.88894
0.8898
0.89065
0.89151
0.89237
0.89322
0.89408
0.89493
0.89578
0.89663
0.89747
0.89831
0.89915
0.89999
0.90082
0.90164
0.90246
0.90328
0.90409
0.90489
0.90569
0.90648
0.90727
0.90805
0.90882
0.90958
0.91034
0.91109
0.91183
0.91256
0.91328
0.91399
0.9147
0.91539
0.91607
0.91675
0.91741
0.91806
0.91871
0.91934
0.91996
0.92056
0.92116
0.92175
0.92232
0.92288
0.92343
0.92396
0.92448
0.92499
0.92549
0.92597
0.92644
0.9269
0.92734
0.92777
0.92818
0.92859
0.92897
0.92935
0.9297
0.93005
0.93038
0.93069
0.93099
0.93128
0.93155
0.93181
0.93205
0.93228
0.93249
0.93269
0.93288
0.93304
0.9332
0.93334
0.93346
0.93358
0.93367
0.93375
0.93382
0.93387
0.93391
0.93394
0.93395
0.93395
0.93393
0.9339
0.93386
0.9338
0.93373
0.93364
0.93355
0.93344
0.93332
0.93318
0.93303
0.93288
0.93271
0.93252
0.93233
0.93212
0.93191
0.93168
0.93144
0.9312
0.93094
0.93067
0.93039
0.93011
0.92981
0.92951
0.92919
0.92887
0.92855
0.92821
0.92787
0.92751
0.92716
0.92679
0.92642
0.92605
0.92567
0.92528
0.92489
0.92449
0.9241
0.92369
0.92329
0.92288
0.92246
0.92205
0.92163
0.92121
0.92079
0.92037
0.91995
0.91952
0.9191
0.91868
0.91826
0.91784
0.91742
0.917
0.91659
0.91617
0.91576
0.91536
0.91495
0.91455
0.91416
0.91377
0.91338
0.913
0.91262
0.91225
0.91189
0.91153
0.91118
0.91083
0.9105
0.91017
0.90985
0.90953
0.90923
0.90893
0.90865
0.90837
0.9081
0.90785
0.9076
0.90736
0.90714
0.90692
0.90672
0.90652
0.90634
0.90617
