1.1583
1.2565
1.3144
1.3636
1.3101
1.1362
0.88247
0.65926
0.52681
0.51009
0.57699
0.68643
0.78177
0.79812
0.74168
0.65228
0.58584
0.57534
0.6266
0.70927
0.75926
0.73297
0.63962
0.5442
0.50404
0.56281
0.74939
1.0098
1.278
1.4433
1.4867
1.3985
1.1857
0.92234
0.68146
0.56705
0.5577
0.62138
0.70683
0.76443
0.76827
0.69836
0.59752
0.50891
0.46704
0.48409
0.52131
0.53532
0.51666
0.50062
0.51653
0.60022
0.75247
1.0069
1.2983
1.5291
1.6234
1.5493
1.3496
1.077
0.82834
0.6699
0.6377
0.71341
0.83161
0.90558
0.87955
0.76367
0.61633
0.50008
0.4645
0.49779
0.57416
0.64103
0.64922
0.58539
0.50879
0.47276
0.51461
0.67005
0.91945
1.2004
1.4053
1.489
1.4312
1.2363
0.95621
0.70171
0.54736
0.50808
0.5577
0.64744
0.72486
0.73254
0.67561
0.5858
0.51589
0.49669
0.53538
0.59928
0.63315
0.6029
0.51456
0.44286
0.43827
0.54686
0.77206
1.0515
1.3222
1.471
1.4866
1.3513
1.1063
0.83219
0.62004
0.52592
0.50549
0.54226
0.61007
0.70162
0.77511
0.81447
0.8328
0.82863
0.80565
0.74919
0.64507
0.52787
0.44084
0.43101
0.51137
0.70316
0.9726
1.2107
1.3505
1.3292
1.1748
0.91504
0.63305
0.45602
0.41555
0.50467
0.669
0.82818
0.91716
0.89233
0.78051
0.65451
0.56103
0.53984
0.58001
0.63972
0.65942
0.60987
0.54352
0.50253
0.53646
0.68948
0.95498
1.2439
1.4302
1.4621
1.3381
1.0838
0.79288
0.58772
0.52668
0.58629
0.72352
0.87046
0.96704
0.98832
0.94533
0.88463
0.82614
0.78902
0.75283
0.68814
0.57781
0.47929
0.41885
0.42936
0.53994
0.76015
1.0358
1.2515
1.3471
1.3072
1.1404
0.88001
0.63658
0.49704
0.48269
0.55975
0.66857
0.75818
0.77417
0.70204
0.59446
0.50258
0.4724
0.51052
0.59147
0.65903
0.66438
0.58592
0.49217
0.44778
0.49914
0.67954
0.93888
1.2356
1.4479
1.5445
1.4984
1.3098
1.0458
0.77677
0.6133
0.52665
0.50353
0.51041
0.55168
0.6146
0.65839
0.69582
0.72531
0.75467
0.76215
0.71654
0.60824
0.48838
0.39982
0.37598
0.45701
0.65769
0.95181
1.2286
1.4203
1.4844
1.4021
1.1849
0.90055
0.67623
0.5512
0.52519
0.55235
0.60646
0.64652
0.63597
0.60803
0.59438
0.61648
0.66723
0.72395
0.73568
0.67386
0.55623
0.43549
0.36748
0.39729
0.56512
0.84406
1.16
1.4229
1.5829
1.6035
1.4705
1.227
0.92437
0.70097
0.56821
0.51116
0.50131
0.52485
0.59573
0.64678
0.68961
0.74514
0.81995
0.89685
0.93661
0.90286
0.78992
0.62189
0.4473
0.33919
0.34714
0.48105
0.71766
0.97831
1.1973
1.2935
1.2327
1.0378
0.79558
0.62147
0.54306
0.56349
0.63892
0.73434
0.81409
0.85071
0.8717
0.89691
0.9477
1.0117
1.0478
1.012
0.88733
0.69306
0.50577
0.38007
0.36162
0.47853
0.70523
0.99622
1.2399
1.3877
1.3977
1.2606
1.0255
0.75897
0.567
0.46377
0.43315
0.44552
0.49197
0.56221
0.62938
0.70013
0.78311
0.87611
0.94655
0.94929
0.8619
0.69224
0.49989
0.35605
0.31391
0.40663
0.62326
0.91621
1.1843
1.3546
1.3794
1.2521
1.0103
0.76522
0.60103
0.53345
0.53342
0.56472
0.61553
0.64643
0.6599
0.67369
0.71533
0.78413
0.84985
0.86654
0.80137
0.65648
0.48746
0.35316
0.29706
0.36991
0.56846
0.84825
1.1185
1.3116
1.3857
1.3046
1.0925
0.83024
0.6264
0.50707
0.46133
0.45785
0.48909
0.54324
0.58361
0.62781
0.6846
0.74585
0.78599
0.76193
0.66382
0.54918
0.4697
0.48974
0.61816
0.83713
1.0592
1.1806
1.1611
0.99474
0.79201
0.61495
0.54047
0.59287
0.74752
0.94031
1.0466
1.0322
0.92344
0.77099
0.63645
0.5606
0.55164
0.59713
0.64621
0.65615
0.58738
0.49954
0.47029
0.53769
0.69926
0.93917
1.2127
1.4013
1.4315
1.2811
1.0454
0.83183
0.68606
0.64971
0.69012
0.78352
0.85359
0.81551
0.70675
0.57299
0.49068
0.48934
0.54763
0.63564
0.70012
0.69826
0.60769
0.48007
0.3376
0.25406
0.288
0.48818
0.81076
1.149
1.4558
1.6661
1.718
1.5892
1.3301
1.0049
0.72804
0.53837
0.43232
0.36999
0.35267
0.39512
0.45491
0.51682
0.58734
0.66861
0.72955
0.72897
0.64903
0.52963
0.41666
0.34811
0.37957
0.5444
0.82301
1.1306
1.3765
1.529
1.5356
1.3953
1.136
0.83873
0.64522
0.55413
0.54504
0.56274
0.59618
0.63061
0.62477
0.61293
0.62404
0.67289
0.73754
0.76916
0.72919
0.60457
0.4612
0.34191
0.30558
0.39901
0.62574
0.9397
1.2231
1.4334
1.5066
1.4232
1.1974
0.91085
0.69878
0.58042
0.55624
0.60265
0.71606
0.86644
0.96735
1.0031
0.9882
0.92714
0.81145
0.6427
0.48192
0.36274
0.31682
0.37552
0.56836
0.85418
1.1271
1.3096
1.3733
1.305
1.1017
0.81301
0.60086
0.53415
0.59635
0.7211
0.84348
0.93356
0.91012
0.80326
0.66
0.55228
0.50577
0.52507
0.55941
0.55956
0.50442
0.45936
0.44852
0.50017
0.64715
0.88756
1.1697
1.339
1.3703
1.2466
1.0504
0.86038
0.73454
0.70901
0.77213
0.88919
0.97789
1.0077
0.99303
0.97197
0.96719
0.99471
1.0253
1.0041
0.90099
0.71386
0.53035
0.37615
0.2971
0.34554
0.5492
0.84676
1.1316
1.3369
1.4379
1.3988
1.2008
0.91038
0.67713
0.56995
0.57089
0.61164
0.66355
0.72946
0.72365
0.67207
0.60562
0.57637
0.59041
0.61712
0.61299
0.54933
0.44719
0.35058
0.30169
0.36026
0.55538
0.8558
1.1658
1.4086
1.5321
1.5098
1.335
1.0422
0.77234
0.60462
0.54906
0.54827
0.57309
0.61897
0.62847
0.60091
0.56559
0.56899
0.61043
0.66775
0.69212
0.65176
0.54811
0.43312
0.34051
0.31784
0.42398
0.6654
0.98983
1.2761
1.49
1.5711
1.501
1.2865
0.96765
0.70276
0.53508
0.47411
0.46856
0.4812
0.52587
0.54513
0.54514
0.55832
0.59682
0.6564
0.69761
0.67977
0.58225
0.47198
0.36308
0.30559
0.36259
0.55239
0.8613
1.1455
1.3772
1.5019
1.4786
1.3185
1.028
0.76859
0.6086
0.55749
0.56847
0.5931
0.64572
0.66478
0.6512
0.64222
0.67343
0.74924
0.83244
0.86774
0.82273
0.68911
0.51294
0.35325
0.27577
0.34055
0.54727
0.84875
1.1361
1.3575
1.4434
1.3717
1.1541
0.86026
0.64856
0.53226
0.50182
0.513
0.54412
0.59242
0.60254
0.60588
0.64212
0.715
0.80935
0.87552
0.86937
0.76736
0.59936
0.42749
0.30104
0.28728
0.41242
0.67404
0.96471
1.2225
1.3841
1.4024
1.2797
1.0252
0.75058
0.54869
0.44883
0.41969
0.42771
0.48496
0.58089
0.66734
0.73424
0.78931
0.83004
0.81945
0.73976
0.59087
0.44154
0.32386
0.28059
0.37195
0.59064
0.88775
1.1538
1.3294
1.3814
1.2701
1.0349
0.79119
0.6356
0.59502
0.64172
0.72481
0.82175
0.88739
0.90589
0.90655
0.90487
0.92152
0.93051
0.88836
0.77684
0.60448
0.44178
0.34609
0.35821
0.49763
0.7422
1.0207
1.2344
1.3352
1.2876
1.0972
0.85826
0.68976
0.62178
0.64475
0.73079
0.83677
0.88135
0.82264
0.70833
0.60097
0.55048
0.578
0.66258
0.75665
0.80005
0.75492
0.62304
0.45697
0.31849
0.27388
0.37925
0.61482
0.9279
1.2179
1.4263
1.4961
1.3978
1.1726
0.87869
0.67339
0.57727
0.5658
0.60376
0.66706
0.75448
0.78699
0.77402
0.72896
0.66403
0.56636
0.48382
0.44478
0.44694
0.52729
0.69704
0.94795
1.1636
1.2544
1.1992
1.0158
0.81745
0.6464
0.60487
0.70175
0.95224
1.2278
1.3797
1.3835
1.2131
0.9582
0.65003
0.38401
0.24307
0.24326
0.33854
0.43927
0.48917
0.48152
0.47678
0.46668
0.48515
0.58449
0.7955
1.0899
1.2824
1.3552
1.2742
1.0696
0.83647
0.6544
0.58182
0.62231
0.73662
0.86447
0.9183
0.88295
0.81123
0.72017
0.66624
0.64786
0.64759
0.62709
0.55276
0.44839
0.35177
0.30468
0.3512
0.52884
0.82407
1.148
1.4063
1.5469
1.5374
1.3653
1.0731
0.8031
0.66607
0.66408
0.7438
0.83429
0.90554
0.88256
0.74988
0.57712
0.44705
0.41705
0.4689
0.56889
0.658
0.67864
0.60708
0.49904
0.39089
0.33124
0.38505
0.56699
0.86846
1.167
1.4163
1.5653
1.5603
1.4206
1.1491
0.84871
0.63761
0.51851
0.47178
0.45642
0.49336
0.5579
0.57975
0.5856
0.586
0.58527
0.55553
0.491
0.41064
0.36539
0.38874
0.51373
0.72929
0.98043
1.1798
1.2416
1.1564
0.94018
0.71413
0.5567
0.54476
0.67482
0.91272
1.1407
1.2418
1.2045
1.0397
0.82313
0.60326
0.45985
0.3841
0.35765
0.33136
0.31455
0.32914
0.37958
0.46987
0.59816
0.75724
0.86609
0.84975
0.76626
0.74631
0.76273
0.83787
0.98349
1.2308
1.4618
1.525
1.4458
1.23
0.97447
0.71245
0.47517
0.27831
0.22868
0.30921
0.41974
0.48565
0.51103
0.51321
0.51879
0.52509
0.55446
0.65743
0.85947
1.1244
1.293
1.3465
1.2793
1.1138
0.85435
0.63529
0.51392
0.49974
0.55764
0.62711
0.72005
0.78395
0.80827
0.80428
0.78835
0.77739
0.74556
0.66173
0.53262
0.41181
0.30003
0.24143
0.28385
0.47157
0.76153
1.0467
1.2799
1.4126
1.4007
1.2341
0.94899
0.67342
0.54376
0.54209
0.65626
0.77387
0.86093
0.85845
0.73701
0.57871
0.43941
0.3986
0.45313
0.56756
0.67913
0.72703
0.67529
0.54688
0.41649
0.3392
0.37405
0.54467
0.84208
1.1698
1.4507
1.6154
1.6291
1.4862
1.2128
0.9024
0.67978
0.57295
0.53324
0.52808
0.53388
0.55804
0.53719
0.51228
0.53586
0.61763
0.73274
0.83264
0.86406
0.79539
0.65267
0.50219
0.37332
0.31579
0.39048
0.60948
0.91155
1.1851
1.3892
1.4712
1.4052
1.1994
0.88803
0.64925
0.51405
0.47293
0.47433
0.4914
0.54334
0.54576
0.53939
0.56114
0.6326
0.73988
0.84027
0.89253
0.84725
0.7029
0.55405
0.42457
0.34586
0.38244
0.56054
0.87173
1.1712
1.4176
1.57
1.5743
1.4318
1.144
0.85133
0.65247
0.56025
0.52571
0.51006
0.52917
0.53801
0.52477
0.52856
0.58161
0.6869
0.7972
0.87212
0.85382
0.72487
0.59257
0.46434
0.38644
0.39298
0.54177
0.83582
1.1349
1.3963
1.5646
1.6101
1.5106
1.2667
0.93572
0.68506
0.54883
0.50253
0.50744
0.56163
0.66128
0.69328
0.65067
0.55598
0.43645
0.35245
0.30976
0.32303
0.4154
0.59957
0.84925
1.0655
1.1871
1.1888
1.0524
0.86122
0.69268
0.5955
0.64564
0.81985
1.0896
1.2996
1.377
1.3277
1.1644
0.94291
0.70081
0.52442
0.41146
0.35125
0.29255
0.30088
0.38541
0.49818
0.63407
0.73962
0.79072
0.72357
0.64055
0.55417
0.48378
0.49442
0.65694
0.92379
1.1659
1.3309
1.3864
1.3065
1.081
0.83564
0.5594
0.31311
0.15245
0.087093
0.10047
0.12319
0.19672
0.33109
0.4881
0.62689
0.70384
0.69002
0.60141
0.50765
0.42337
0.37658
0.44096
0.60866
0.84531
1.0283
1.108
1.0826
0.94875
0.82287
0.68907
0.59287
0.54613
0.52424
0.50329
0.43296
0.31888
0.21738
0.20009
0.31865
0.5604
0.8282
1.0839
1.2359
1.2472
1.1111
0.87277
0.63231
0.47732
0.46398
0.59641
0.8078
1.0013
1.0758
1.0075
0.88191
0.71916
0.54725
0.38402
0.28976
0.33101
0.37936
0.3943
0.37983
0.36107
0.36014
0.35446
0.34766
0.37976
0.48434
0.70424
0.97919
1.2226
1.4056
1.5026
1.4931
1.3509
1.0929
0.80729
0.6094
0.49159
0.42829
0.41024
0.44857
0.50379
0.52797
0.53251
0.53004
0.50892
0.45543
0.39028
0.33572
0.29875
0.31159
0.41539
0.63395
0.91478
1.1493
1.3033
1.3346
1.2344
1.0128
0.76141
0.6081
0.55512
0.61022
0.69007
0.77171
0.80931
0.76548
0.67732
0.55161
0.43782
0.34315
0.30463
0.31889
0.37717
0.48417
0.64873
0.85111
1.0261
1.1282
1.1267
1.0067
0.82786
0.70251
0.63884
0.67415
0.81294
1.0471
1.2757
1.3727
1.3283
1.1464
0.88649
0.62336
0.43639
0.34071
0.30681
0.2788
0.30191
0.36373
0.43756
0.56826
0.78425
1.0671
1.2564
1.2944
1.1776
1.001
0.78742
0.60354
0.54733
0.64118
0.87021
1.0574
1.1522
1.132
0.99402
0.77706
0.54188
0.32525
0.20348
0.17194
0.1754
0.19035
0.24709
0.3442
0.44136
0.54355
0.69891
0.87101
0.95478
0.9204
0.81343
0.76125
0.71099
0.69321
0.7647
0.95973
1.2215
1.3639
1.4007
1.3159
1.0983
0.86744
0.63756
0.45659
0.32428
0.24651
0.30206
0.35833
0.396
0.41125
0.41083
0.43005
0.44795
0.50316
0.61864
0.83011
1.1555
1.4829
1.7085
1.7783
1.7007
1.483
1.1213
0.86398
0.70217
0.65244
0.63937
0.63723
0.65363
0.5715
0.45009
0.29466
0.20077
0.21596
0.33412
0.47776
0.60243
0.70482
0.7355
0.65551
0.54463
0.43735
0.38757
0.44755
0.66013
1.0015
1.3429
1.61
1.7557
1.7491
1.5746
1.2557
0.92466
0.70239
0.58512
0.52704
0.50156
0.51171
0.4991
0.44235
0.39453
0.41246
0.49621
0.62088
0.74155
0.81329
0.79752
0.68406
0.55631
0.44745
0.38351
0.39969
0.52704
0.79029
1.0865
1.3535
1.5451
1.6188
1.5612
1.3565
1.0441
0.75631
0.55338
0.42681
0.35196
0.31077
0.31555
0.3104
0.31157
0.36354
0.47231
0.62673
0.77833
0.88254
0.89057
0.78791
0.63467
0.48677
0.37805
0.34997
0.44715
0.68932
0.9998
1.2769
1.4835
1.5599
1.4918
1.2731
0.96491
0.72154
0.5748
0.51849
0.50897
0.53006
0.56504
0.55706
0.54225
0.57439
0.67161
0.81779
0.97115
1.0843
1.104
1.0089
0.81402
0.60898
0.44428
0.35917
0.40078
0.58888
0.89952
1.1975
1.4261
1.5279
1.484
1.2863
0.99611
0.76195
0.61881
0.55321
0.53145
0.54654
0.58902
0.61824
0.65735
0.73846
0.85167
0.97023
1.0513
1.0464
0.93364
0.73365
0.5317
0.38252
0.32146
0.38589
0.59117
0.90128
1.1916
1.3897
1.4459
1.3525
1.1178
0.85319
0.66947
0.60531
0.63821
0.69855
0.76067
0.75651
0.68236
0.58257
0.52959
0.56684
0.68138
0.83658
0.96902
1.0208
0.95687
0.7892
0.60963
0.45439
0.36705
0.40102
0.58688
0.91039
1.2344
1.5059
1.658
1.6541
1.492
1.1826
0.88301
0.67148
0.57003
0.53485
0.54073
0.60622
0.66107
0.68648
0.6878
0.68042
0.66074
0.60239
0.50713
0.44406
0.44482
0.52971
0.691
0.90529
1.1018
1.1664
1.0789
0.91062
0.73449
0.60277
0.59055
0.73357
1.0122
1.2964
1.4774
1.5217
1.4129
1.1743
0.8665
0.58494
0.4205
0.39419
0.46988
0.57622
0.6297
0.66292
0.74926
0.85351
0.94247
0.99653
1.036
0.99458
0.85283
0.66265
0.49263
0.42311
0.50889
0.72421
0.97781
1.1719
1.2709
1.2487
1.0812
0.88751
0.69406
0.55213
0.42744
0.37445
0.46965
0.57527
0.63526
0.66668
0.72828
0.75881
0.64834
0.54571
0.49135
0.49964
0.58658
0.77953
1.0762
1.3507
1.5294
1.6159
1.5746
1.3903
1.0964
0.81596
0.61968
0.46901
0.37913
0.34443
0.36627
0.36201
0.34998
0.38366
0.46863
0.59084
0.71649
0.80684
0.82855
0.75108
0.60926
0.485
0.37029
0.30348
0.35192
0.55349
0.87187
1.1854
1.4703
1.6623
1.7048
1.5757
1.276
0.94841
0.70301
0.55581
0.47365
0.43788
0.45534
0.46087
0.42936
0.41702
0.46447
0.57379
0.71719
0.8563
0.93906
0.9221
0.79782
0.64912
0.52362
0.45087
0.46728
0.62005
0.91514
1.2358
1.5043
1.6674
1.7004
1.5638
1.2579
0.95114
0.71532
0.55612
0.46967
0.45026
0.49292
0.48922
0.45519
0.4584
0.52213
0.64859
0.81521
0.97166
1.0748
1.0765
0.96261
0.75813
0.57245
0.4214
0.34278
0.39705
0.62064
0.97084
1.2907
1.5592
1.7055
1.6941
1.497
1.1525
0.86249
0.65761
0.55023
0.49906
0.49766
0.53978
0.52049
0.47053
0.454
0.50711
0.62298
0.77184
0.90103
0.97232
0.94139
0.80542
0.64019
0.48777
0.38551
0.37212
0.50049
0.78288
1.1096
1.3999
1.606
1.6865
1.6009
1.3304
1.0057
0.74928
0.57036
0.46947
0.44399
0.50101
0.58198
0.63399
0.68588
0.72077
0.73139
0.7082
0.62126
0.51964
0.46074
0.47846
0.59156
0.79219
1.0377
1.2232
1.2579
1.1357
0.93735
0.73141
0.58803
0.58188
0.71765
0.9712
1.1843
1.286
1.2566
1.0909
0.84062
0.56403
0.35372
0.27331
0.3099
0.42387
0.54158
0.58109
0.6503
0.77626
0.92131
1.0498
1.1477
1.2312
1.1841
0.98309
0.74352
0.54144
0.44576
0.50979
0.7158
1.0072
1.248
1.3802
1.3816
1.2338
0.99568
0.7399
0.5089
0.32825
0.28038
0.33677
0.42037
0.46841
0.493
0.50444
0.45229
0.40535
0.4251
0.52703
0.72522
0.98723
1.2392
1.3824
1.3858
1.252
1.0052
0.77311
0.65159
0.65962
0.78526
0.96257
1.1372
1.2107
1.1373
0.97737
0.7819
0.63895
0.57416
0.56959
0.59597
0.60757
0.5735
0.49752
0.47551
0.56342
0.77476
1.0696
1.3618
1.5838
1.6202
1.4713
1.1723
0.8452
0.64015
0.59395
0.7029
0.88706
1.0707
1.1835
1.1626
1.0397
0.86166
0.6898
0.57006
0.48443
0.4176
0.3719
0.39054
0.4648
0.60855
0.81728
1.0555
1.2441
1.2877
1.1837
0.96222
0.72674
0.5261
0.41666
0.45395
0.63276
0.91139
1.15
1.2967
1.3207
1.1933
0.95341
0.68768
0.45149
0.27689
0.23182
0.27826
0.34094
0.33421
0.39333
0.54278
0.73741
0.96904
1.2173
1.4306
1.4638
1.318
1.0564
0.75848
0.50845
0.38886
0.4386
0.63101
0.88529
1.0827
1.182
1.1574
1.0009
0.82121
0.62251
0.47059
0.37508
0.3265
0.3508
0.39352
0.46135
0.55008
0.64936
0.74448
0.76918
0.6891
0.6054
0.53415
0.51888
0.61172
0.83744
1.1832
1.4804
1.7029
1.7981
1.744
1.5364
1.1957
0.90783
0.69532
0.55198
0.46167
0.42092
0.42493
0.37692
0.30515
0.27096
0.2958
0.37423
0.48674
0.59053
0.65085
0.63681
0.54205
0.43134
0.33139
0.28121
0.3211
0.48584
0.77474
1.0858
1.371
1.5669
1.6345
1.5447
1.3017
1.0021
0.76673
0.64292
0.58789
0.57472
0.59862
0.60968
0.55303
0.45129
0.37783
0.38375
0.46506
0.60154
0.74363
0.847
0.87316
0.78869
0.64225
0.51894
0.42322
0.388
0.47282
0.70955
1.0471
1.3604
1.6292
1.8013
1.8257
1.6855
1.3811
1.0355
0.77394
0.60265
0.49411
0.43384
0.42947
0.43423
0.38966
0.34862
0.36807
0.45505
0.59183
0.73653
0.83697
0.85792
0.77376
0.63862
0.53549
0.4958
0.5534
0.72978
1.0232
1.3711
1.6307
1.7672
1.728
1.531
1.2332
0.95367
0.77352
0.67481
0.6739
0.73679
0.79996
0.76523
0.65065
0.52933
0.45181
0.45228
0.54091
0.68892
0.85227
0.98259
1.0432
0.9961
0.84004
0.65258
0.47349
0.33514
0.28173
0.37832
0.64835
0.98742
1.317
1.5812
1.7291
1.7081
1.4909
1.1442
0.8614
0.67416
0.5551
0.49253
0.49095
0.54793
0.55533
0.53996
0.54097
0.54454
0.53798
0.49382
0.44133
0.41907
0.4436
0.52162
0.66226
0.86884
1.1024
1.27
1.2992
1.1676
1.0361
0.94633
0.87419
0.87279
0.99124
1.2484
1.4456
1.5205
1.4829
1.3257
1.0795
0.78427
0.52362
0.36657
0.35131
0.45213
0.60168
0.72154
0.72908
0.78483
0.87296
0.96349
1.0317
1.0899
1.1693
1.0943
0.87786
0.64725
0.47913
0.42521
0.53163
0.75699
1.0579
1.2897
1.4019
1.386
1.215
1.0011
0.79064
0.60993
0.46496
0.37776
0.42309
0.46668
0.44775
0.40583
0.37546
0.35538
0.33616
0.37371
0.49978
0.7116
0.97406
1.2225
1.3455
1.3256
1.1585
0.90265
0.68067
0.56142
0.55007
0.65946
0.81954
0.9553
0.98116
0.87997
0.72861
0.54137
0.4025
0.33112
0.31488
0.33225
0.33613
0.30333
0.3104
0.38105
0.56813
0.8417
1.1539
1.4169
1.524
1.4623
1.2324
0.91291
0.62565
0.47277
0.49832
0.6606
0.92004
1.1698
1.3163
1.3256
1.1693
0.93197
0.68609
0.48413
0.32042
0.25312
0.32646
0.44994
0.52029
0.5209
0.54287
0.6529
0.80379
0.99848
1.192
1.3627
1.4292
1.3082
1.042
0.74153
0.50421
0.40802
0.496
0.69999
0.96946
1.1653
1.2652
1.2395
1.0752
0.83285
0.5862
0.39409
0.23863
0.18065
0.2383
0.36553
0.47894
0.56066
0.62294
0.60856
0.51872
0.42626
0.39864
0.49294
0.73308
1.0812
1.4193
1.674
1.774
1.7013
1.4532
1.1187
0.87964
0.75259
0.71892
0.72803
0.77313
0.8017
0.7372
0.6088
0.47948
0.39701
0.36389
0.37281
0.38516
0.36249
0.33013
0.32759
0.37982
0.50474
0.7378
1.0638
1.3934
1.5981
1.6235
1.4607
1.2011
0.93281
0.71091
0.63563
0.70085
0.90469
1.0939
1.1938
1.1984
1.091
0.93811
0.77638
0.66783
0.62206
0.6236
0.63985
0.61546
0.57472
0.59923
0.70874
0.89046
1.1236
1.3551
1.4952
1.4455
1.2281
0.93289
0.65834
0.48145
0.45973
0.58786
0.82751
1.0791
1.2505
1.3231
1.2627
1.0836
0.81748
0.56662
0.36961
0.21857
0.16853
0.25498
0.42653
0.59024
0.68561
0.68997
0.78943
0.95321
1.1589
1.3847
1.6178
1.8778
1.9171
1.7306
1.3926
1.0055
0.70933
0.54165
0.51612
0.60668
0.78061
0.94229
1.0186
0.98361
0.84227
0.65391
0.46346
0.31771
0.21517
0.16701
0.20566
0.29308
0.3884
0.47855
0.55184
0.58561
0.53222
0.45443
0.38633
0.34301
0.36856
0.51564
0.80395
1.1455
1.4616
1.7257
1.8762
1.867
1.6848
1.3531
1.0187
0.75949
0.57624
0.45581
0.38746
0.37022
0.33531
0.25699
0.19275
0.17449
0.20607
0.28464
0.38873
0.4762
0.51085
0.46867
0.4066
0.38303
0.4408
0.63391
0.95363
1.3552
1.7146
1.9413
2.0021
1.8718
1.5932
1.2161
0.9118
0.74577
0.71696
0.75532
0.81223
0.87495
0.84437
0.71806
0.52383
0.3577
0.26943
0.27329
0.3501
0.46639
0.5806
0.65587
0.65787
0.57666
0.44656
0.33191
0.28194
0.32235
0.496
0.79677
1.1601
1.4833
1.7015
1.7756
1.6757
1.4258
1.0971
0.85815
0.73593
0.70484
0.7228
0.7679
0.81259
0.75916
0.63593
0.50775
0.43565
0.44366
0.52782
0.66139
0.79635
0.88843
0.90159
0.81564
0.66013
0.51835
0.41204
0.36837
0.43357
0.63557
0.94877
1.2692
1.5557
1.7499
1.8057
1.6985
1.4429
1.0965
0.79893
0.58576
0.44122
0.3589
0.3338
0.36878
0.39344
0.42813
0.48803
0.56161
0.63051
0.65676
0.62464
0.55051
0.53296
0.62345
0.81515
1.0777
1.3247
1.4865
1.4575
1.2446
0.967
0.70017
0.541
0.55435
0.73883
1.0447
1.3237
1.5155
1.5883
1.5084
1.3064
1.0199
0.73457
0.52475
0.43055
0.46018
0.58505
0.74543
0.88399
0.95114
0.89228
0.83267
0.86337
0.99788
1.2106
1.4245
1.6309
1.6758
1.5169
1.2038
0.87495
0.65464
0.58097
0.64667
0.81347
1.027
1.1774
1.214
1.1188
0.92901
0.68217
0.45136
0.2693
0.16344
0.15029
0.21913
0.34598
0.49304
0.63392
0.72685
0.7304
0.63836
0.60219
0.6692
0.85444
1.1218
1.4018
1.6632
1.7439
1.6353
1.3613
1.0254
0.79862
0.69491
0.73424
0.84389
0.9895
1.0972
1.0737
0.95544
0.77557
0.6199
0.51547
0.48511
0.51213
0.55709
0.5868
0.56662
0.50676
0.41253
0.37926
0.4639
0.69155
1.0199
1.3673
1.6594
1.7919
1.7322
1.4928
1.1466
0.82845
0.6567
0.63138
0.72024
0.85007
0.987
1.0539
1.0102
0.89925
0.76953
0.68832
0.66691
0.69268
0.72919
0.72543
0.66608
0.62753
0.6726
0.83853
1.0975
1.4022
1.6704
1.7798
1.6791
1.3923
1.0127
0.68068
0.48869
0.47568
0.60846
0.8394
1.0828
1.2461
1.2945
1.2089
1.0224
0.76199
0.50816
0.3078
0.174
0.13536
0.17352
0.26746
0.37457
0.46211
0.51678
0.49917
0.49172
0.56809
0.7715
1.0854
1.4495
1.7966
2.0064
2.0193
1.8288
1.4878
1.1167
0.86059
0.74112
0.73405
0.79431
0.89264
0.96394
0.91941
0.79156
0.63052
0.49561
0.41609
0.40454
0.4519
0.52662
0.58196
0.58255
0.51776
0.42303
0.329
0.274
0.31193
0.48889
0.8141
1.204
1.5711
1.8492
1.9754
1.918
1.6895
1.3401
0.99774
0.76339
0.65467
0.63093
0.65812
0.71881
0.75375
0.72913
0.6716
0.63349
0.62935
0.65512
0.68566
0.67974
0.61535
0.55004
0.56204
0.68298
0.91197
1.2009
1.4739
1.6259
1.5803
1.3562
1.0248
0.71924
0.52831
0.50113
0.62538
0.86248
1.127
1.3148
1.3963
1.3378
1.1661
0.91632
0.65272
0.44503
0.33237
0.33462
0.42982
0.56934
0.71471
0.81232
0.82441
0.73546
0.57456
0.42667
0.32972
0.32786
0.4698
0.7612
1.1372
1.484
1.756
1.8975
1.8641
1.6497
1.2937
0.96922
0.74014
0.59403
0.51369
0.48694
0.51695
0.50656
0.45161
0.40792
0.40293
0.44393
0.51559
0.59033
0.63273
0.61015
0.53284
0.53032
0.65052
0.88613
1.1773
1.4554
1.6551
1.6527
1.4502
1.1025
0.76202
0.53823
0.50485
0.62911
0.872
1.1429
1.3314
1.401
1.3205
1.1362
0.87937
0.62044
0.41449
0.29082
0.26772
0.33136
0.45144
0.60178
0.73181
0.80501
0.78507
0.67192
0.53395
0.41671
0.35325
0.37113
0.52749
0.82077
1.1697
1.4939
1.7507
1.8986
1.8822
1.6963
1.3742
1.0273
0.76196
0.57839
0.46988
0.42474
0.43179
0.44497
0.40863
0.36675
0.3503
0.3831
0.46727
0.58353
0.69077
0.75625
0.75569
0.68001
0.55093
0.4951
0.56961
0.7801
1.0808
1.4092
1.6993
1.8228
1.753
1.5049
1.1477
0.86115
0.71614
0.7305
0.8346
0.97674
1.1307
1.1768
1.1125
0.95679
0.789
0.66858
0.61408
0.62865
0.68227
0.73254
0.7508
0.71176
0.61739
0.5147
0.48889
0.59952
0.83102
1.1336
1.4268
1.6193
1.6434
1.4763
1.1627
0.85747
0.68163
0.65808
0.76862
0.95065
1.1641
1.3028
1.3071
1.2097
1.038
0.84712
0.67802
0.55553
0.50772
0.52211
0.57629
0.65117
0.71357
0.75065
0.73283
0.63017
0.61376
0.74287
0.98606
1.2768
1.5618
1.8328
1.9346
1.8216
1.5448
1.1837
0.88323
0.71711
0.67692
0.7271
0.81988
0.91922
0.93401
0.8324
0.64231
0.43303
0.26192
0.1733
0.17899
0.26886
0.41815
0.58118
0.71442
0.76484
0.71481
0.58261
0.4579
0.37541
0.37161
0.46963
0.69161
1.0203
1.3531
1.6332
1.7989
1.8242
1.6911
1.4186
1.0903
0.82955
0.66787
0.59353
0.58709
0.62767
0.66514
0.63867
0.58246
0.53671
0.53089
0.57081
0.63965
0.69928
0.71103
0.66053
0.56089
0.51176
0.57081
0.7602
1.0428
1.3369
1.5673
1.6189
1.4803
1.1837
0.85148
0.60736
0.52873
0.61155
0.82159
1.0828
1.2946
1.399
1.3594
1.2104
0.98166
0.73305
0.51736
0.3674
0.30081
0.31342
0.3801
0.48427
0.58818
0.66003
0.67414
0.62357
0.54387
0.55419
0.70536
0.98355
1.3309
1.675
1.9468
2.0284
1.8961
1.5853
1.1968
0.90245
0.73482
0.69857
0.75483
0.87143
0.99457
1.0053
0.91839
0.75765
0.57993
0.43218
0.3481
0.34706
0.4259
0.56087
0.71124
0.83363
0.89049
0.85395
0.73005
0.57164
0.43559
0.36337
0.38703
0.54472
0.83601
1.1873
1.5206
1.768
1.8872
1.8409
1.6369
1.319
1.0044
0.78126
0.64895
0.59099
0.58518
0.61763
0.62562
0.58699
0.54153
0.52644
0.55726
0.62125
0.68301
0.70009
0.65454
0.55053
0.47515
0.48693
0.62922
0.89904
1.2252
1.5279
1.6774
1.6378
1.4165
1.0747
0.7485
0.54018
0.5026
0.60752
0.8085
1.0316
1.1881
1.231
1.1456
0.96394
0.72923
0.49899
0.32094
0.21714
0.18693
0.21993
0.29439
0.39065
0.47214
0.51691
0.51353
0.46223
0.38585
0.40364
0.56159
0.84798
1.1928
1.5384
1.8361
1.9656
1.8919
1.6323
1.2534
0.95422
0.78613
0.73562
0.77152
0.86945
1.0207
1.0606
0.99081
0.84646
0.6791
0.53375
0.44252
0.43144
0.49811
0.61194
0.73754
0.83821
0.88688
0.85737
0.74039
0.5839
0.45876
0.37556
0.36452
0.46723
0.71096
1.0418
1.3644
1.6503
1.8482
1.9106
1.814
1.5706
1.2382
0.91144
0.68715
0.55658
0.49379
0.48959
0.53192
0.58316
0.60058
0.61519
0.65882
0.72862
0.80537
0.84741
0.83286
0.74768
0.60742
0.55548
0.64405
0.86948
1.1554
1.4166
1.5955
1.5736
1.3546
1.0362
0.74716
0.58703
0.61747
0.80136
1.0899
1.3614
1.54
1.6073
1.5344
1.3674
1.1367
0.90801
0.71407
0.57842
0.52019
0.54122
0.62128
0.73584
0.85426
0.93958
0.96746
0.91264
0.78425
0.60509
0.42082
0.3056
0.29214
0.41841
0.66987
0.99664
1.3262
1.5791
1.7109
1.6817
1.4842
1.1612
0.89714
0.72081
0.61993
0.57641
0.58835
0.65341
0.65565
0.60151
0.53545
0.48972
0.48995
0.52866
0.5706
0.58562
0.55188
0.48274
0.46203
0.5052
0.60621
0.7661
0.98508
1.221
1.3281
1.2552
1.0778
0.94849
0.84246
0.78383
0.82833
1.0092
1.2533
1.4026
1.4701
1.4475
1.3365
1.1569
0.94132
0.72594
0.5427
0.41701
0.36331
0.38495
0.46283
0.57189
0.67747
0.74077
0.73783
0.65135
0.52465
0.41247
0.31775
0.29121
0.36457
0.58122
0.89172
1.2264
1.5615
1.838
2.0027
2.0028
1.8501
1.5782
1.2374
0.9038
0.66258
0.49816
0.40078
0.35177
0.34739
0.34407
0.28836
0.22931
0.20373
0.23202
0.29665
0.36866
0.41929
0.43228
0.39648
0.37712
0.4155
0.53848
0.76642
1.0612
1.3667
1.5368
1.5165
1.3049
1.087
0.87206
0.72656
0.7174
0.86334
1.1397
1.3318
1.4506
1.4636
1.3764
1.2166
1.0174
0.83411
0.69522
0.63577
0.65351
0.71598
0.78902
0.83903
0.84565
0.77671
0.6405
0.48541
0.35917
0.28083
0.2829
0.42094
0.70511
1.0726
1.4441
1.7658
1.9863
2.0524
1.9532
1.6964
1.3365
1.0013
0.77303
0.62991
0.54467
0.52268
0.56107
0.58693
0.55558
0.50803
0.48947
0.51971
0.57626
0.62478
0.64168
0.61249
0.51439
0.46478
0.52493
0.74109
1.0684
1.4335
1.7629
1.9007
1.8293
1.5566
1.1483
0.78584
0.57155
0.54631
0.6589
0.86111
1.1035
1.2642
1.3108
1.2295
1.0627
0.84845
0.6317
0.44565
0.3055
0.23793
0.24576
0.3083
0.41532
0.53258
0.64535
0.72964
0.72834
0.6534
0.7101
0.9235
1.2275
1.5334
1.8413
2.1085
2.1436
1.9343
1.55
1.15
0.87738
0.74288
0.71458
0.77283
0.89735
1.0156
1.0256
0.94774
0.81505
0.65001
0.49347
0.37161
0.31374
0.34151
0.42683
0.55044
0.67334
0.76019
0.77959
0.70492
0.55614
0.42551
0.33516
0.30701
0.36084
0.52887
0.83233
1.1715
1.501
1.7603
1.9024
1.8967
1.7181
1.394
1.0333
0.77164
0.60614
0.52864
0.51844
0.56258
0.60716
0.58313
0.54943
0.52972
0.54551
0.60475
0.68351
0.75345
0.77539
0.73588
0.63142
0.48678
0.39431
0.38627
0.51472
0.7711
1.1086
1.4457
1.6634
1.7331
1.627
1.3691
1.0182
0.73599
0.59283
0.58542
0.66556
0.78922
0.93421
1.0006
0.96638
0.8446
0.68339
0.5196
0.38708
0.31118
0.29802
0.34266
0.42098
0.52156
0.62328
0.67474
0.64254
0.60723
0.68852
0.91043
1.2124
1.5521
1.8894
2.1126
2.1227
1.9102
1.5417
1.1173
0.81914
0.66644
0.63763
0.71253
0.85775
1.0308
1.0896
1.0484
0.93194
0.76758
0.60321
0.45742
0.36724
0.33664
0.37009
0.45757
0.5692
0.67995
0.75135
0.76964
0.71156
0.57907
0.45772
0.36761
0.32397
0.34865
0.4795
0.74406
1.0534
1.3803
1.6816
1.9135
2.0237
1.9738
1.7819
1.4757
1.1103
0.81158
0.60507
0.47615
0.40984
0.38939
0.39301
0.37103
0.33967
0.2924
0.21299
0.20568
0.26608
0.32377
0.35252
0.37811
0.43767
0.44337
0.39594
0.33019
0.37242
0.54607
0.84564
1.2079
1.555
1.8296
1.8795
1.7228
1.383
1.0179
0.77096
0.66309
0.7151
0.85851
1.0578
1.2071
1.2319
1.1533
0.99672
0.81173
0.63228
0.49016
0.43079
0.46373
0.55831
0.67583
0.77796
0.83474
0.82052
0.71945
0.55241
0.4149
0.31359
0.27422
0.32402
0.50187
0.80857
1.1419
1.4714
1.7372
1.8868
1.8868
1.7275
1.4443
1.0798
0.80901
0.65055
0.57035
0.55891
0.5944
0.6521
0.59149
0.50541
0.41223
0.28569
0.22489
0.2537
0.35789
0.43899
0.51024
0.61015
0.66185
0.65623
0.60246
0.50153
0.50888
0.6548
0.89452
1.1627
1.3853
1.541
1.4864
1.2363
0.95903
0.74401
0.66695
0.74339
0.94736
1.2072
1.3918
1.469
1.436
1.3202
1.1501
0.96958
0.79836
0.66417
0.59001
0.57902
0.62437
0.70734
0.80196
0.88238
0.92201
0.89961
0.80384
0.64942
0.47961
0.35337
0.30155
0.36468
0.56217
0.87722
1.2405
1.5737
1.8284
1.9387
1.8856
1.6865
1.3849
1.034
0.76698
0.59524
0.49858
0.46145
0.47688
0.51208
0.45293
0.38362
0.30684
0.21586
0.1884
0.23629
0.34388
0.43313
0.51488
0.61824
0.65578
0.62594
0.52939
0.50099
0.59989
0.80989
1.0831
1.336
1.5398
1.55
1.3606
1.0675
0.78152
0.61369
0.5917
0.72871
0.95317
1.1645
1.3054
1.3369
1.2731
1.1285
0.94738
0.76461
0.59883
0.48365
0.43567
0.45914
0.54034
0.64519
0.74345
0.80621
0.81305
0.74543
0.61019
0.46475
0.35245
0.29953
0.33356
0.49131
0.78599
1.1418
1.5071
1.8222
2.0323
2.0968
1.9916
1.7545
1.4209
1.0513
0.7722
0.58113
0.4672
0.41456
0.39071
0.3956
0.39915
0.38881
0.3462
0.27383
0.28061
0.33371
0.36177
0.38149
0.43419
0.53261
0.57917
0.56872
0.5034
0.5411
0.70853
0.97581
1.2852
1.5618
1.7666
1.7348
1.489
1.1463
0.83663
0.66468
0.65654
0.80723
1.0427
1.2588
1.3867
1.3949
1.2978
1.1292
0.93447
0.7501
0.59909
0.51388
0.51426
0.58618
0.70251
0.82102
0.90955
0.94766
0.91055
0.79429
0.62006
0.45458
0.34338
0.31298
0.3975
0.62018
0.95563
1.3295
1.6642
1.9071
2.0118
1.9506
1.7467
1.428
1.0656
0.8022
0.63393
0.55257
0.53672
0.56547
0.593
0.54844
0.50103
0.43115
0.33055
0.26435
0.29558
0.36517
0.41734
0.47907
0.57012
0.65414
0.67574
0.63488
0.55271
0.57591
0.73232
0.98572
1.2838
1.5583
1.7615
1.7485
1.5259
1.1643
0.84876
0.66431
0.62339
0.72662
0.90659
1.1293
1.2534
1.2642
1.1897
1.0344
0.858
0.67389
0.51456
0.41118
0.36818
0.40313
0.48403
0.58598
0.67984
0.73752
0.7476
0.68359
0.55983
0.42704
0.32274
0.2779
0.3175
0.48328
0.78588
1.1412
1.5073
1.8168
2.0258
2.0872
1.9862
1.7556
1.4224
1.0568
0.79889
0.63863
0.55366
0.53338
0.5394
0.54135
0.49839
0.42828
0.32597
0.22919
0.22897
0.32084
0.41739
0.51158
0.62268
0.73846
0.79673
0.7908
0.70288
0.62819
0.69364
0.88441
1.1522
1.4147
1.6507
1.7357
1.599
1.2724
0.93868
0.71971
0.6392
0.73645
0.9352
1.1896
1.367
1.4209
1.3696
1.2301
1.0443
0.8582
0.67772
0.54563
0.47489
0.47439
0.53509
0.62986
0.73533
0.81432
0.85085
0.82102
0.72437
0.56961
0.41989
0.3153
0.28549
0.35961
0.57104
0.89719
1.2637
1.6062
1.8715
2.0118
1.9907
1.8192
1.5276
1.1623
0.87506
0.69274
0.59559
0.56839
0.58777
0.62131
0.5676
0.5033
0.41471
0.29826
0.21659
0.23998
0.33906
0.41866
0.50894
0.63179
0.75152
0.81897
0.82497
0.75518
0.66443
0.70079
0.8563
1.0852
1.3117
1.5026
1.5854
1.449
1.1676
0.88474
0.70445
0.67255
0.79748
1.0324
1.2848
1.4581
1.521
1.4763
1.3444
1.1582
0.95761
0.7651
0.61399
0.52764
0.52046
0.58131
0.68486
0.79174
0.87171
0.9026
0.86693
0.75853
0.5929
0.43526
0.32257
0.28656
0.34814
0.53614
0.84007
1.1892
1.5245
1.7901
1.943
1.9554
1.8213
1.5721
1.25
0.94341
0.72552
0.58634
0.5196
0.50161
0.5027
0.47983
0.43518
0.37522
0.30378
0.23959
0.24249
0.29819
0.36169
0.43602
0.52783
0.62511
0.67337
0.66599
0.61246
0.55981
0.5978
0.75859
1.0129
1.3029
1.5513
1.673
1.5969
1.3377
1.0193
0.76549
0.65032
0.6947
0.86195
1.0893
1.2808
1.3742
1.3555
1.2435
1.0717
0.88104
0.70147
0.55414
0.45992
0.42654
0.45358
0.53207
0.63972
0.74762
0.82526
0.84695
0.79867
0.68374
0.52714
0.38547
0.30087
0.29701
0.4016
0.63528
0.97273
1.3455
1.6807
1.9211
2.0221
1.9605
1.7585
1.4529
1.1062
0.83085
0.64726
0.55303
0.52652
0.5342
0.53953
0.49573
0.42277
0.33698
0.25191
0.21576
0.25139
0.32326
0.41676
0.52969
0.65757
0.75229
0.78588
0.75479
0.67181
0.58887
0.5951
0.73393
0.98821
1.2948
1.5807
1.7498
1.7208
1.4943
1.15
0.84442
0.65543
0.62113
0.71972
0.90301
1.1087
1.2398
1.269
1.2004
1.0581
0.87974
0.702
0.55799
0.47608
0.46708
0.52529
0.6259
0.73468
0.81436
0.83732
0.79016
0.67323
0.51425
0.38281
0.29933
0.28745
0.36476
0.56415
0.88428
1.2465
1.6071
1.8988
2.0738
2.0958
1.9573
1.6909
1.3387
1.0092
0.7722
0.63454
0.58367
0.59466
0.64094
0.63775
0.55645
0.45015
0.34123
0.24015
0.18934
0.20875
0.2837
0.38501
0.50866
0.6525
0.76478
0.81536
0.79806
0.71034
0.5739
0.46551
0.42132
0.47415
0.64867
0.94313
1.2948
1.5895
1.7543
1.7554
1.5968
1.2996
0.97398
0.71715
0.58351
0.56177
0.63193
0.76571
0.88997
0.94141
0.90856
0.81963
0.69298
0.57823
0.50648
0.49795
0.5514
0.64739
0.76291
0.86323
0.92154
0.89536
0.76753
0.67064
0.64629
0.70263
0.84825
1.0964
1.4136
1.6591
1.7661
1.7439
1.5923
1.313
1.0059
0.79978
0.7193
0.75029
0.86265
1.053
1.2488
1.3282
1.2981
1.1751
1.0061
0.82652
0.67722
0.58622
0.56862
0.62502
0.73214
0.85169
0.94919
1.0003
0.99193
0.91464
0.77671
0.60093
0.4426
0.34306
0.45537
0.45145
0.49725
0.63389
