0.67482
0.66861
0.66305
0.65818
0.65409
0.65083
0.64846
0.64705
0.64666
0.64735
0.6492
0.65225
0.65659
0.66226
0.66933
0.67786
0.6879
0.6995
0.71271
0.72756
0.74409
0.7623
0.78219
0.80375
0.82695
0.8517
0.87794
0.90555
0.93438
0.96425
0.99495
1.0262
1.0579
1.0895
1.1208
1.1514
1.1811
1.2092
1.2356
1.2598
1.2813
1.3
1.3153
1.327
1.3348
1.3386
1.338
1.3329
1.3234
1.3094
1.2909
1.2681
1.2412
1.2104
1.1762
1.1387
1.0986
1.0563
1.0124
0.96722
0.92148
0.87568
0.83035
0.78597
0.743
0.70182
0.66278
0.62616
0.59215
0.56093
0.53259
0.50718
0.48472
0.46519
0.44857
0.4348
0.42383
0.41563
0.41014
0.40733
0.4072
0.40974
0.41495
0.42288
0.43355
0.44702
0.46333
0.48251
0.50461
0.52963
0.55754
0.58829
0.62177
0.65781
0.69619
0.73661
0.77873
0.82212
0.86632
0.91082
0.95506
0.99848
1.0405
1.0806
1.1181
1.1527
1.1838
1.2111
1.2342
1.2528
1.2668
1.2761
1.2806
1.2805
1.2757
1.2666
1.2533
1.2362
1.2157
1.1922
1.166
1.1378
1.108
1.077
1.0454
1.0137
0.98216
0.95134
0.92158
0.89323
0.86658
0.8419
0.81939
0.79925
0.78162
0.76662
0.75432
0.7448
0.73811
0.73427
0.73331
0.73523
0.74002
0.74767
0.75815
0.77142
0.78742
0.80605
0.82721
0.85076
0.87653
0.90432
0.93387
0.96492
0.99713
1.0302
1.0636
1.0971
1.1302
1.1624
1.1934
1.2226
1.2496
1.2741
1.2957
1.314
1.3287
1.3396
1.3465
1.3493
1.3479
1.3423
1.3325
1.3188
1.3011
1.2798
1.2552
1.2276
1.1972
1.1646
1.1302
1.0943
1.0575
1.0201
0.98254
0.94528
0.90866
0.87303
0.83869
0.80591
0.7749
0.74585
0.71889
0.69412
0.67161
0.65141
0.6335
0.6179
0.60455
0.59342
0.58445
0.57756
0.57268
0.56972
0.56859
0.56917
0.57135
0.57502
0.58002
0.58621
0.59343
0.6015
0.61021
0.61937
0.62874
0.6381
0.64721
0.65581
0.66366
0.67052
0.67617
0.68037
0.68294
0.68372
0.68256
0.67938
0.67411
0.66675
0.65731
0.64588
0.63257
0.61753
0.60095
0.58306
0.5641
0.54432
0.52401
0.50342
0.48283
0.46249
0.44263
0.42346
0.40519
0.38796
0.37192
0.35718
0.34383
0.33193
0.32153
0.31268
0.30541
0.29973
0.29568
0.29328
0.29256
0.29357
0.29634
0.30093
0.30741
0.31586
0.32637
0.33901
0.3539
0.37112
0.39075
0.41288
0.43755
0.46478
0.49456
0.52683
0.56147
0.5983
0.63709
0.67753
0.71926
0.76187
0.80488
0.8478
0.8901
0.93125
0.97072
1.008
1.0426
1.0741
1.102
1.1261
1.1462
1.1619
1.1732
1.18
1.1823
1.1803
1.174
1.1636
1.1495
1.1319
1.1112
1.0876
1.0617
1.0338
1.0044
0.97374
0.94237
0.91061
0.87884
0.84737
0.8165
0.78649
0.75757
0.72991
0.70369
0.67901
0.65595
0.63459
0.61496
0.59707
0.58093
0.56651
0.55379
0.54274
0.53333
0.52551
0.51925
0.51451
0.51125
0.50944
0.50904
0.51004
0.51242
0.51615
0.52124
0.52766
0.53543
0.54454
0.555
0.56681
0.57999
0.59454
0.61048
0.62781
0.64652
0.66663
0.68811
0.71095
0.73512
0.76056
0.78722
0.81502
0.84385
0.87359
0.90411
0.93522
0.96674
0.99845
1.0301
1.0615
1.0922
1.1221
1.1508
1.178
1.2033
1.2265
1.2472
1.2651
1.28
1.2915
1.2994
1.3035
1.3037
1.2997
1.2916
1.2792
1.2626
1.2419
1.2172
1.1887
1.1565
1.1211
1.0828
1.0419
0.99895
0.95435
0.90861
0.86222
0.8157
0.76953
0.72416
0.68002
0.6375
0.59692
0.55853
0.52256
0.48915
0.45838
0.43031
0.40494
0.38222
0.3621
0.3445
0.32934
0.31652
0.30595
0.29755
0.29126
0.28702
0.28479
0.28455
0.28631
0.29007
0.29588
0.30379
0.31387
0.32618
0.34083
0.3579
0.37747
0.39962
0.4244
0.45184
0.48191
0.51456
0.54967
0.58706
0.62647
0.6676
0.71006
0.7534
0.79713
0.84071
0.88358
0.92517
0.96489
1.0022
1.0365
1.0675
1.0945
1.1173
1.1356
1.1492
1.1578
1.1615
1.1602
1.154
1.1432
1.1279
1.1084
1.0852
1.0586
1.0291
0.99719
0.96338
0.9282
0.89216
0.85576
0.81949
0.7838
0.74909
0.71571
0.68399
0.65418
0.6265
0.6011
0.57811
0.55762
0.53968
0.52432
0.51157
0.50142
0.49388
0.48895
0.48663
0.48692
0.48984
0.4954
0.50365
0.5146
0.52829
0.54474
0.56399
0.58604
0.61087
0.63845
0.6687
0.70152
0.73673
0.77414
0.81347
0.8544
0.89657
0.93956
0.98291
1.0261
1.0687
1.1101
1.1497
1.1872
1.2219
1.2533
1.2812
1.3049
1.3243
1.339
1.3488
1.3536
1.3533
1.3477
1.3371
1.3215
1.301
1.276
1.2467
1.2134
1.1767
1.1368
1.0944
1.0498
1.0037
0.95651
0.90877
0.86098
0.81362
0.76713
0.7219
0.67828
0.63656
0.59696
0.55968
0.52482
0.49246
0.46263
0.43532
0.41048
0.38805
0.36793
0.35004
0.33427
0.32051
0.30866
0.29862
0.2903
0.28363
0.27852
0.27492
0.27278
0.27207
0.27275
0.27482
0.27827
0.2831
0.28933
0.29697
0.30605
0.3166
0.32865
0.34222
0.35735
0.37407
0.39237
0.41228
0.43379
0.45687
0.48149
0.50758
0.53507
0.56386
0.59382
0.6248
0.65664
0.68916
0.72215
0.7554
0.78866
0.82172
0.85431
0.88621
0.91717
0.94694
0.97531
1.0021
1.027
1.0498
1.0705
1.0889
1.1047
1.1179
1.1284
1.1361
1.141
1.143
1.1422
1.1384
1.1318
1.1225
1.1104
1.0957
1.0786
1.0591
1.0374
1.0137
0.98824
0.96119
0.93278
0.90324
0.87283
0.84178
0.81036
0.77879
0.74734
0.71621
0.68565
0.65583
0.62696
0.5992
0.57268
0.54753
0.52385
0.50173
0.48122
0.46237
0.44521
0.42975
0.416
0.40396
0.39363
0.385
0.37807
0.37283
0.36928
0.36743
0.3673
0.36889
0.37224
0.37739
0.38438
0.39326
0.40409
0.41692
0.4318
0.44881
0.46799
0.48937
0.51299
0.53884
0.5669
0.59712
0.62941
0.66364
0.69965
0.73722
0.7761
0.81599
0.85656
0.89746
0.93828
0.97863
1.0181
1.0562
1.0926
1.1269
1.1587
1.1877
1.2135
1.2358
1.2545
1.2694
1.2803
1.2871
1.2899
1.2885
1.2832
1.2739
1.261
1.2445
1.2246
1.2018
1.1761
1.1481
1.118
1.0861
1.0529
1.0186
0.98364
0.94833
0.91299
0.87792
0.84339
0.80964
0.7769
0.74534
0.71512
0.68636
0.65915
0.63357
0.60965
0.58742
0.56687
0.54801
0.53079
0.51519
0.50117
0.48866
0.47763
0.46802
0.45977
0.45284
0.44717
0.44271
0.43942
0.43726
0.43621
0.43625
0.43731
0.43937
0.44237
0.44631
0.45115
0.45688
0.46346
0.4709
0.47918
0.48828
0.49821
0.50895
0.52051
0.53288
0.54605
0.56003
0.57482
0.59041
0.60678
0.62395
0.64187
0.66055
0.67994
0.70002
0.72074
0.74205
0.76389
0.78617
0.80882
0.83173
0.8548
0.87789
0.90087
0.92359
0.94589
0.96761
0.98858
1.0086
1.0275
1.0451
1.0612
1.0757
1.0884
1.099
1.1076
1.1139
1.1179
1.1195
1.1186
1.1152
1.1093
1.1009
1.0902
1.0771
1.0619
1.0447
1.0255
1.0048
0.98254
0.95911
0.93472
0.90963
0.88408
0.85833
0.83263
0.80723
0.78233
0.75816
0.73489
0.71268
0.6917
0.67204
0.65382
0.63711
0.62196
0.60842
0.59649
0.5862
0.57753
0.57046
0.56495
0.56098
0.55849
0.55742
0.5577
0.55926
0.56202
0.56588
0.57074
0.57649
0.58303
0.59022
0.59794
0.60605
0.61443
0.62294
0.63145
0.63983
0.64797
0.65576
0.6631
0.66993
0.67619
0.68185
0.68689
0.69132
0.69518
0.69852
0.70142
0.70397
0.7063
0.70852
0.71079
0.71324
0.71605
0.71938
0.72338
0.72823
0.7341
0.74108
0.74932
0.75897
0.77017
0.78307
0.79777
0.81439
0.83303
0.85376
0.87664
0.9017
0.92895
0.95836
0.98988
1.0234
1.0588
1.0959
1.1344
1.1742
1.2149
1.2563
1.2978
1.3392
1.38
1.4198
1.4581
1.4947
1.5289
1.5605
1.5889
1.614
1.6354
1.6527
1.6658
1.6745
1.6786
1.6781
1.6729
1.6631
1.6488
1.6301
1.6071
1.5801
1.5494
1.5153
1.4781
1.4382
1.396
1.3519
1.3062
1.2596
1.2122
1.1646
1.1171
1.0701
1.024
0.97892
0.93526
0.8932
0.85294
0.81464
0.77839
0.74429
0.71239
0.68269
0.65521
0.62991
0.60677
0.58572
0.5667
0.54966
0.53451
0.52118
0.50961
0.49972
0.49146
0.48475
0.47954
0.47579
0.47344
0.47245
0.4728
0.47445
0.47737
0.48155
0.48696
0.4936
0.50145
0.51051
0.52076
0.5322
0.54481
0.55859
0.57353
0.5896
0.60678
0.62505
0.64438
0.66471
0.68601
0.7082
0.73123
0.75499
0.77941
0.80437
0.82975
0.85542
0.88123
0.90702
0.93262
0.95786
0.98254
1.0065
1.0294
1.0512
1.0716
1.0904
1.1074
1.1223
1.1351
1.1454
1.1532
1.1583
1.1605
1.1598
1.156
1.1491
1.1391
1.126
1.1098
1.0907
1.0687
1.044
1.0167
0.98725
0.95573
0.92248
0.88781
0.85203
0.81548
0.7785
0.74144
0.7046
0.66831
0.63283
0.59844
0.56535
0.53374
0.50377
0.47555
0.44915
0.42461
0.40196
0.38117
0.36222
0.34505
0.32959
0.31579
0.30355
0.2928
0.28345
0.27541
0.26861
0.26298
0.25842
0.25488
0.25228
0.25055
0.24964
0.24948
0.25
0.25116
0.25289
0.25513
0.25782
0.26091
0.26434
0.26805
0.27198
0.27609
0.28032
0.28463
0.28898
0.29334
0.29767
0.30197
0.30621
0.31041
0.31457
0.31871
0.32287
0.32707
0.33138
0.33584
0.34053
0.34551
0.35087
0.3567
0.36307
0.3701
0.37788
0.38652
0.39612
0.40679
0.41865
0.43181
0.44638
0.46247
0.4802
0.49966
0.52094
0.54414
0.56931
0.59652
0.62579
0.65712
0.69049
0.72584
0.76308
0.80208
0.84267
0.88463
0.92774
0.97172
1.0162
1.061
1.1056
1.1498
1.1931
1.2351
1.2756
1.3141
1.3503
1.3839
1.4147
1.4422
1.4664
1.487
1.5038
1.5168
1.5258
1.5308
1.5317
1.5286
1.5215
1.5104
1.4955
1.4769
1.4548
1.4293
1.4006
1.369
1.3347
1.2979
1.259
1.2182
1.1759
1.1323
1.0877
1.0426
0.99711
0.95165
0.90651
0.86197
0.81831
0.77578
0.73463
0.69504
0.65721
0.62127
0.58736
0.55555
0.52592
0.4985
0.4733
0.45033
0.42955
0.41095
0.39449
0.3801
0.36776
0.35742
0.34903
0.34257
0.33802
0.33536
0.33459
0.33572
0.33879
0.34383
0.35088
0.36002
0.37131
0.38483
0.40064
0.41883
0.43944
0.46254
0.48813
0.5162
0.54669
0.5795
0.61447
0.65137
0.68992
0.72976
0.77047
0.8116
0.85261
0.89297
0.93209
0.9694
1.0043
1.0363
1.0647
1.0892
1.1094
1.1247
1.1351
1.1403
1.1401
1.1345
1.1237
1.1076
1.0867
1.0612
1.0314
0.99787
0.96108
0.92159
0.87999
0.83687
0.79283
0.74847
0.70434
0.66096
0.61876
0.57816
0.53947
0.50295
0.46876
0.43703
0.40781
0.3811
0.35685
0.33501
0.31545
0.29809
0.28278
0.2694
0.25783
0.24795
0.23964
0.2328
0.22734
0.22319
0.22026
0.21851
0.21788
0.21833
0.21985
0.22241
0.22599
0.23061
0.23626
0.24296
0.25072
0.25957
0.26954
0.28067
0.29298
0.30654
0.32137
0.33754
0.35509
0.37408
0.39455
0.41657
0.44019
0.46545
0.49239
0.52106
0.55147
0.58365
0.61759
0.65329
0.6907
0.72977
0.77042
0.81255
0.85602
0.90067
0.94632
0.99273
1.0397
1.0869
1.134
1.1808
1.2269
1.2718
1.3154
1.3572
1.3968
1.4338
1.4679
1.4988
1.526
1.5494
1.5685
1.5832
1.5932
1.5984
1.5985
1.5935
1.5834
1.5682
1.5478
1.5225
1.4923
1.4576
1.4184
1.3753
1.3286
1.2786
1.2259
1.1709
1.1143
1.0565
0.99811
0.9397
0.88181
0.82495
0.76961
0.71621
0.66512
0.61663
0.57099
0.52834
0.48878
0.45236
0.41904
0.38876
0.36142
0.33688
0.315
0.29563
0.27859
0.26373
0.25091
0.23997
0.23079
0.22325
0.21727
0.21275
0.20962
0.20784
0.20737
0.20819
0.21029
0.21368
0.21838
0.22441
0.23183
0.24067
0.251
0.26289
0.27639
0.29158
0.30853
0.32728
0.34789
0.37041
0.39483
0.42116
0.44936
0.47937
0.5111
0.54442
0.57915
0.6151
0.65204
0.6897
0.72778
0.76598
0.80396
0.84138
0.87789
0.91315
0.94682
0.97856
1.0081
1.0351
1.0592
1.0804
1.0983
1.1127
1.1236
1.1308
1.1343
1.134
1.1298
1.122
1.1104
1.0954
1.0769
1.0552
1.0306
1.0033
0.97357
0.94175
0.90819
0.87324
0.83726
0.80064
0.76374
0.72693
0.69054
0.6549
0.6203
0.58701
0.55525
0.52521
0.49704
0.47086
0.44674
0.42475
0.40491
0.38722
0.37168
0.35826
0.34695
0.33772
0.33056
0.32545
0.32239
0.32141
0.32252
0.32579
0.33129
0.3391
0.34933
0.36211
0.3776
0.39593
0.41729
0.44182
0.4697
0.50104
0.53597
0.57453
0.61674
0.66253
0.71175
0.76417
0.81947
0.87723
0.93696
0.99807
1.0599
1.1218
1.1831
1.243
1.3008
1.3557
1.4073
1.4547
1.4976
1.5353
1.5676
1.5941
1.6145
1.6287
1.6366
1.6383
1.6339
1.6234
1.6072
1.5856
1.5589
1.5276
1.4922
1.4532
1.4112
1.3667
1.3203
1.2726
1.2242
1.1757
1.1275
1.08
1.0339
0.98947
0.9472
0.90734
0.87016
0.83583
0.8045
0.77625
0.75113
0.72915
0.71031
0.69456
0.68185
0.67214
0.66535
0.66141
0.66026
0.66182
0.66602
0.67278
0.68202
0.69364
0.70755
0.72362
0.74174
0.76174
0.78345
0.80669
0.83123
0.85682
0.88322
0.91012
0.93723
0.96422
0.99079
1.0166
1.0413
1.0646
1.0862
1.1057
1.123
1.1379
1.15
1.1592
1.1655
1.1688
1.1689
1.166
1.16
1.1511
1.1394
1.1251
1.1084
1.0895
1.0687
1.0462
1.0224
0.99757
0.97203
0.94608
0.92003
0.89418
0.86879
0.84412
0.82041
0.79786
0.77667
0.75699
0.73897
0.7227
0.7083
0.69582
0.68533
0.67687
0.67046
0.66613
0.66387
0.66369
0.66558
0.6695
0.67544
0.68335
0.69318
0.70485
0.7183
0.73341
0.75008
0.76815
0.78749
0.80789
0.82916
0.85108
0.87341
0.89588
0.91822
0.94017
0.96142
0.9817
1.0007
1.0182
1.034
1.0477
1.0593
1.0685
1.0752
1.0793
1.0807
1.0795
1.0756
1.0691
1.0602
1.0488
1.0353
1.0198
1.0025
0.98376
0.96374
0.94274
0.92104
0.89886
0.87645
0.85412
0.83211
0.81065
0.78995
0.77022
0.75161
0.7343
0.71839
0.70401
0.69126
0.6802
0.6709
0.66341
0.65775
0.65397
0.65206
0.65205
0.65392
0.65766
0.66327
0.67069
0.67991
0.69085
0.70347
0.71767
0.73337
0.75044
0.76875
0.78816
0.80848
0.82953
0.85111
0.87298
0.89492
0.91668
0.93802
0.95867
0.9784
0.99697
1.0142
1.0297
1.0436
1.0555
1.0653
1.073
1.0785
1.0817
1.0827
1.0816
1.0784
1.0732
1.0662
1.0576
1.0475
1.0362
1.0239
1.0108
0.9972
0.98335
0.96949
0.95585
0.94265
0.93011
0.91843
0.90777
0.8983
0.89016
0.88346
0.87829
0.87472
0.87281
0.87258
0.87403
0.87715
0.88188
0.88816
0.8959
0.90498
0.91525
0.92654
0.93865
0.95137
0.96445
0.97762
0.99061
1.0031
1.0148
1.0255
1.0347
1.0423
1.048
1.0514
1.0524
1.0508
1.0464
1.0393
1.0292
1.0163
1.0005
0.98207
0.96111
0.93785
0.91255
0.88551
0.85708
0.82759
0.79744
0.76698
0.73658
0.7066
0.67737
0.64919
0.62233
0.59702
0.57347
0.55184
0.53225
0.51481
0.49958
0.48663
0.47599
0.46769
0.46175
0.45818
0.457
0.45824
0.46192
0.46805
0.47668
0.48782
0.5015
0.51774
0.53653
0.55786
0.58169
0.60794
0.63649
0.66719
0.69982
0.73414
0.76982
0.80651
0.8438
0.88125
0.91838
0.95472
0.98974
1.023
1.0539
1.0821
1.1071
1.1285
1.1461
1.1596
1.1687
1.1733
1.1734
1.1689
1.16
1.1467
1.1293
1.108
1.0831
1.055
1.024
0.99063
0.95528
0.91842
0.8805
0.84197
0.80326
0.76477
0.72688
0.68994
0.65422
0.62
0.58746
0.55676
0.52804
0.50136
0.47678
0.4543
0.43392
0.41561
0.39935
0.38507
0.37274
0.36229
0.35368
0.34688
0.34184
0.33855
0.33699
0.33717
0.33911
0.34282
0.34837
0.3558
0.36519
0.37664
0.39023
0.40608
0.42431
0.44505
0.46841
0.49452
0.52349
0.55541
0.59035
0.62834
0.66939
0.71343
0.76035
0.80999
0.86211
0.9164
0.97251
1.03
1.0884
1.1471
1.2057
1.2634
1.3197
1.374
1.4256
1.4739
1.5184
1.5585
1.5937
1.6237
1.6479
1.6661
1.6781
1.6836
1.6825
1.6749
1.6607
1.6401
1.6133
1.5806
1.5424
1.499
1.4511
1.3992
1.3439
1.2859
1.2258
1.1645
1.1025
1.0406
0.97951
0.91977
0.86197
0.80657
0.75398
0.7045
0.65837
0.61573
0.57664
0.54111
0.50908
0.48045
0.45511
0.4329
0.41367
0.39726
0.3835
0.37224
0.36336
0.35672
0.35221
0.34975
0.34925
0.35064
0.35388
0.3589
0.36569
0.37421
0.38443
0.39632
0.40985
0.42499
0.4417
0.45994
0.47963
0.50071
0.52311
0.54672
0.57145
0.59719
0.62381
0.6512
0.67924
0.70779
0.73675
0.76601
0.79545
0.82499
0.85456
0.88409
0.91352
0.94284
0.97202
1.0011
1.0299
1.0587
1.0874
1.116
1.1446
1.1732
1.2018
1.2305
1.2592
1.2881
1.317
1.346
1.3751
1.4042
1.4332
1.4621
1.4907
1.519
1.5467
1.5738
1.6
1.6252
1.6492
1.6718
1.6927
1.7117
1.7287
1.7434
1.7556
1.7652
1.7718
1.7755
1.7759
1.7731
1.7669
1.7573
1.7442
1.7276
1.7076
1.6843
1.6576
1.6278
1.5951
1.5595
1.5214
1.4811
1.4387
1.3946
1.349
1.3025
1.2551
1.2074
1.1595
1.1119
1.0649
1.0187
0.97357
0.9298
0.88759
0.8471
0.80849
0.77188
0.73735
0.70496
0.67475
0.64672
0.62086
0.59714
0.57552
0.55595
0.53837
0.5227
0.50889
0.49687
0.48656
0.4779
0.47083
0.46529
0.46123
0.4586
0.45736
0.45748
0.45891
0.46164
0.46565
0.47092
0.47743
0.48519
0.49418
0.50442
0.51591
0.52866
0.54268
0.55798
0.57458
0.59251
0.61178
0.63241
0.65442
0.67783
0.70265
0.72891
0.75659
0.78571
0.81626
0.8482
0.88152
0.91617
0.95207
0.98915
1.0273
1.0664
1.1063
1.1469
1.1879
1.2291
1.2703
1.3112
1.3515
1.391
1.4292
1.4658
1.5006
1.5331
1.563
1.59
1.6136
1.6336
1.6497
1.6615
1.6688
1.6713
1.669
1.6616
1.649
1.6312
1.6082
1.5801
1.547
1.5091
1.4666
1.42
1.3696
1.3159
1.2593
1.2004
1.1398
1.0782
1.0161
0.95429
0.89325
0.83361
0.7759
0.72058
0.66804
0.6186
0.57248
0.52983
0.49071
0.45513
0.42303
0.3943
0.36881
0.3464
0.3269
0.31013
0.29594
0.28415
0.27464
0.26728
0.26197
0.25864
0.25721
0.25768
0.26001
0.26422
0.27034
0.27841
0.2885
0.30068
0.31504
0.33166
0.35063
0.37203
0.39591
0.42234
0.4513
0.48279
0.51674
0.55301
0.59145
0.63182
0.67384
0.71718
0.76145
0.80625
0.85112
0.8956
0.93923
0.98154
1.0221
1.0604
1.0962
1.129
1.1586
1.1848
1.2072
1.2257
1.2404
1.251
1.2577
1.2604
1.2593
1.2546
1.2464
1.2349
1.2204
1.2033
1.1837
1.162
1.1386
1.1137
1.0877
1.061
1.0338
1.0065
0.97927
0.9525
0.92638
0.90115
0.877
0.8541
0.83261
0.81264
0.7943
0.77767
0.76281
0.74978
0.73861
0.72931
0.7219
0.71638
0.71274
0.71097
0.71105
0.71295
0.71665
0.72209
0.72925
0.73805
0.74845
0.76037
0.77372
0.78841
0.80434
0.82139
0.83941
0.85826
0.87779
0.89781
0.91814
0.93858
0.95893
0.97898
0.99851
1.0173
1.0352
1.0518
1.0672
1.0809
1.093
1.1031
1.1113
1.1172
1.1209
1.1223
1.1212
1.1178
1.1119
1.1036
1.093
1.0801
1.0649
1.0475
1.0282
1.0071
0.9843
0.96009
0.93464
0.90816
0.88088
0.85301
0.82476
0.79634
0.76795
0.73979
0.71202
0.6848
0.65829
0.6326
0.60784
0.58411
0.56148
0.54001
0.51975
0.50071
0.48294
0.46642
0.45117
0.43717
0.42443
0.41291
0.40261
0.3935
0.38557
0.37879
0.37316
0.36866
0.36528
0.363
0.36183
0.36176
0.36279
0.36493
0.36819
0.37257
0.37808
0.38474
0.39256
0.40155
0.4117
0.42303
0.43552
0.44916
0.46393
0.47978
0.49666
0.51449
0.53319
0.55264
0.57272
0.59326
0.6141
0.63505
0.65589
0.67639
0.69634
0.71549
0.73359
0.75042
0.76575
0.77936
0.79108
0.80074
0.80821
0.8134
0.81625
0.81675
0.81492
0.81084
0.8046
0.79637
0.78632
0.77467
0.76167
0.74757
0.73266
0.71722
0.70154
0.68592
0.67062
0.65592
0.64206
0.62928
0.6178
0.6078
0.59946
0.59294
0.58838
0.5859
0.58562
0.58764
0.59205
0.59894
0.60836
0.62037
0.63501
0.65229
0.67221
0.69472
0.71975
0.74715
0.77677
0.80836
0.84164
0.87627
0.91183
0.94787
0.98389
1.0194
1.0537
1.0863
1.1167
1.1442
1.1685
1.1891
1.2057
1.2179
1.2253
1.2279
1.2253
1.2177
1.2051
1.1876
1.1653
1.1388
1.1082
1.0741
1.037
0.99755
0.95623
0.9137
0.87058
0.82747
0.78495
0.74352
0.70368
0.66581
0.63025
0.59726
0.56706
0.53976
0.51547
0.49422
0.47603
0.46089
0.44877
0.43965
0.43351
0.43033
0.43012
0.43289
0.43867
0.44751
0.45946
0.4746
0.493
0.51472
0.5398
0.56827
0.6001
0.63521
0.67348
0.71469
0.75854
0.80467
0.85261
0.90182
0.95169
1.0016
1.0507
1.0985
1.1441
1.1868
1.226
1.261
1.2913
1.3163
1.3358
1.3493
1.3567
1.3578
1.3527
1.3415
1.3243
1.3015
1.2734
1.2406
1.2034
1.1627
1.1189
1.0729
1.0252
0.9766
0.92777
0.87934
0.83191
0.78601
0.7421
0.70056
0.6617
0.62575
0.59287
0.56314
0.53662
0.5133
0.49315
0.47611
0.46212
0.45111
0.44303
0.4378
0.43539
0.43576
0.43891
0.44484
0.45355
0.46507
0.47942
0.49665
0.51678
0.53981
0.56574
0.59454
0.62613
0.66041
0.6972
0.7363
0.77745
0.82031
0.86453
0.90968
0.95533
1.001
1.0462
1.0904
1.1331
1.1739
1.2123
1.248
1.2804
1.3094
1.3347
1.356
1.3731
1.3861
1.3948
1.3993
1.3996
1.3958
1.3881
1.3767
1.3618
1.3437
1.3227
1.2991
1.2732
1.2454
1.2161
1.1856
1.1541
1.1222
1.09
1.058
1.0263
0.99527
0.96515
0.93616
0.90847
0.88225
0.85766
0.83481
0.81379
0.7947
0.7776
0.76255
0.74957
0.7387
0.72997
0.7234
0.719
0.71679
0.71676
0.71895
0.72334
0.72996
0.73879
0.74985
0.76312
0.77859
0.79624
0.81602
0.83789
0.86177
0.88756
0.91515
0.9444
0.97513
1.0071
1.0402
1.0741
1.1085
1.143
1.1775
1.2115
1.2447
1.2767
1.3071
1.3356
1.3619
1.3855
1.4063
1.4238
1.4379
1.4483
1.4548
1.4574
1.4559
1.4503
1.4405
1.4268
1.4091
1.3877
1.3627
1.3345
1.3033
1.2695
1.2334
1.1955
1.1562
1.1158
1.0749
1.0338
0.99303
0.9529
0.9138
0.87606
0.83996
0.80577
0.77369
0.7439
0.71653
0.69166
0.66938
0.64972
0.63268
0.61828
0.60649
0.5973
0.59065
0.58653
0.58487
0.58564
0.58879
0.59426
0.60199
0.61191
0.62392
0.63793
0.65383
0.67146
0.69066
0.71123
0.73296
0.75559
0.77885
0.80243
0.82601
0.84926
0.87183
0.89337
0.91355
0.93203
0.94851
0.9627
0.97437
0.9833
0.98934
0.99239
0.99237
0.9893
0.98322
0.97423
0.96248
0.94816
0.93151
0.91279
0.8923
0.87035
0.84728
0.8234
0.79905
0.77455
0.7502
0.72628
0.70304
0.68073
0.65953
0.63961
0.62113
0.60418
0.58886
0.57524
0.56335
0.55322
0.54487
0.53829
0.53348
0.53042
0.52908
0.52943
0.53144
0.53506
0.54025
0.54696
0.55512
0.56466
0.57551
0.58759
0.60079
0.61501
0.63013
0.64602
0.66254
0.67955
0.6969
0.71441
0.73193
0.74928
0.76631
0.78284
0.79872
0.81378
0.82789
0.84092
0.85274
0.86325
0.87236
0.87999
0.88609
0.89062
0.89356
0.89489
0.89463
0.89282
0.88949
0.88469
0.87851
0.87103
0.86233
0.85253
0.84173
0.83007
0.81765
0.80462
0.7911
0.77723
0.76314
0.74897
0.73483
0.72086
0.70718
0.6939
0.68113
0.66897
0.65752
0.64687
0.63709
0.62827
0.62046
0.61375
0.60817
0.60379
0.60064
0.59879
0.59826
0.5991
0.60133
0.605
0.61012
0.61674
0.62486
0.63451
0.64571
0.65846
0.67277
0.68863
0.70602
0.72493
0.74532
0.76714
0.79033
0.81482
0.8405
0.86729
0.89505
0.92364
0.95293
0.98274
1.0129
1.0432
1.0735
1.1035
1.1331
1.162
1.1901
1.2171
1.2428
1.2671
1.2897
1.3105
1.3292
1.3459
1.3603
1.3723
1.3817
1.3887
1.3929
1.3945
1.3934
1.3895
1.383
1.3737
1.3618
1.3474
1.3305
1.3111
1.2896
1.2659
1.2403
1.2128
1.1837
1.1532
1.1215
1.0888
1.0552
1.0211
0.98651
0.95181
0.91714
0.88272
0.84874
0.81537
0.7828
0.75117
0.72062
0.69128
0.66325
0.63663
0.61148
0.58787
0.56584
0.54543
0.52665
0.50952
0.49405
0.48023
0.46806
0.45753
0.44865
0.4414
0.43579
0.43182
0.4295
0.42884
0.42986
0.4326
0.43708
0.44336
0.45148
0.46149
0.47345
0.48743
0.50349
0.52168
0.54207
0.56469
0.58957
0.61674
0.64618
0.67786
0.71172
0.74765
0.78552
0.82516
0.86635
0.90883
0.95233
0.9965
1.041
1.0855
1.1295
1.1727
1.2146
1.255
1.2932
1.3291
1.3623
1.3924
1.4192
1.4424
1.4619
1.4774
1.489
1.4965
1.4999
1.4992
1.4947
1.4862
1.4742
1.4586
1.4399
1.4182
1.3938
1.3672
1.3385
1.3082
1.2765
1.2439
1.2107
1.1772
1.1437
1.1105
1.0778
1.046
1.0152
0.98566
0.95745
0.93075
0.90563
0.88218
0.86045
0.84045
0.82219
0.80566
0.79083
0.77764
0.76605
0.75599
0.74738
0.74014
0.73419
0.72943
0.72577
0.72311
0.72135
0.72039
0.72014
0.72051
0.72139
0.7227
0.72436
0.72629
0.72842
0.7307
0.73307
0.7355
0.73795
0.7404
0.74285
0.74531
0.74779
0.75032
0.75292
0.75566
0.75857
0.76172
0.76517
0.76898
0.77323
0.77799
0.78331
0.78927
0.79592
0.80331
0.81149
0.8205
0.83035
0.84105
0.8526
0.86497
0.87814
0.89204
0.9066
0.92173
0.9373
0.9532
0.96926
0.98532
1.0012
1.0167
1.0316
1.0458
1.0589
1.0708
1.0813
1.0901
1.0971
1.1022
1.1052
1.1059
1.1043
1.1003
1.0939
1.0852
1.0743
1.0612
1.046
1.0289
1.01
0.9895
0.96769
0.94479
0.92103
0.89668
0.872
0.84726
0.82269
0.79855
0.77504
0.75237
0.73072
0.71025
0.69108
0.67334
0.6571
0.64245
0.62942
0.61805
0.60836
0.60034
0.594
0.58932
0.58627
0.58482
0.58493
0.58655
0.58964
0.59412
0.59994
0.60703
0.61531
0.62469
0.63509
0.64641
0.65855
0.6714
0.68486
0.69882
0.71317
0.72779
0.74258
0.75745
0.7723
0.78705
0.80163
0.81597
0.83004
0.8438
0.85724
0.87036
0.88316
0.8957
0.90799
0.92012
0.93213
0.94411
0.95614
0.9683
0.9807
0.99341
1.0065
1.0201
1.0343
1.0491
1.0646
1.0808
1.0977
1.1154
1.1338
1.1529
1.1726
1.1927
1.2133
1.2341
1.2549
1.2756
1.2959
1.3156
1.3344
1.352
1.3682
1.3826
1.395
1.405
1.4124
1.417
1.4184
1.4165
1.4112
1.4023
1.3898
1.3735
1.3537
1.3302
1.3034
1.2733
1.2403
1.2046
1.1665
1.1266
1.0851
1.0425
0.99926
0.95581
0.9126
0.87002
0.82847
0.7883
0.7498
0.71324
0.67882
0.64664
0.61675
0.58923
0.56411
0.54139
0.52105
0.50304
0.48732
0.47381
0.46244
0.45314
0.44583
0.44044
0.43689
0.43511
0.43503
0.4366
0.43974
0.44439
0.4505
0.45799
0.46681
0.47688
0.48813
0.50049
0.51388
0.52821
0.54338
0.55932
0.57591
0.59308
0.61071
0.62872
0.64701
0.66551
0.68412
0.70278
0.72143
0.74001
0.75848
0.77681
0.79496
0.81293
0.8307
0.84827
0.86564
0.88282
0.89981
0.91662
0.93324
0.94968
0.96592
0.98195
0.99774
1.0132
1.0284
1.0432
1.0576
1.0714
1.0845
1.0969
1.1084
1.119
1.1284
1.1365
1.1433
1.1485
1.1521
1.1539
1.1538
1.1517
1.1475
1.1412
1.1328
1.1222
1.1094
1.0945
1.0775
1.0586
1.0378
1.0154
0.99142
0.96615
0.93978
0.91253
0.88465
0.85637
0.82794
0.7996
0.77159
0.74413
0.71743
0.69167
0.66702
0.64365
0.62167
0.60121
0.58234
0.56514
0.54966
0.53596
0.52405
0.51397
0.50574
0.49936
0.49484
0.49221
0.49147
0.49263
0.49573
0.50076
0.50776
0.51676
0.52777
0.54082
0.55593
0.57312
0.59239
0.61373
0.63712
0.66251
0.68985
0.71905
0.74998
0.7825
0.81644
0.85157
0.88765
0.92442
0.96157
0.99877
1.0357
1.0719
1.1072
1.141
1.1731
1.203
1.2304
1.255
1.2764
1.2944
1.3087
1.319
1.3253
1.3274
1.3251
1.3185
1.3076
1.2924
1.273
1.2496
1.2224
1.1917
1.1577
1.1209
1.0816
1.0402
0.99713
0.95291
0.90797
0.86275
0.81772
0.77328
0.72983
0.68772
0.64725
0.60869
0.57224
0.53806
0.50625
0.47689
0.44999
0.42554
0.40351
0.38384
0.36647
0.3513
0.33825
0.32725
0.31822
0.31109
0.30578
0.30227
0.30051
0.30048
0.30218
0.30559
0.31076
0.31769
0.32644
0.33706
0.3496
0.36411
0.38068
0.39935
0.42018
0.44322
0.46849
0.49601
0.52577
0.55771
0.59178
0.62785
0.66579
0.70542
0.74651
0.78882
0.83206
0.87592
0.92008
0.96419
1.0079
1.0508
1.0927
1.133
1.1716
1.208
1.2421
1.2735
1.3019
1.3273
1.3494
1.3681
1.3833
1.3949
1.4029
1.4072
1.408
1.4053
1.3991
1.3897
1.3772
1.3618
1.3437
1.3231
1.3002
1.2754
1.2489
1.221
1.192
1.1621
1.1317
1.1009
1.0701
1.0395
1.0092
0.97965
0.95084
0.92298
0.8962
0.87063
0.84634
0.82341
0.80189
0.78181
0.76319
0.74602
0.73029
0.71598
0.70307
0.69151
0.68126
0.67227
0.66449
0.65788
0.65238
0.64794
0.64452
0.64207
0.64055
0.63992
0.64015
0.64122
0.6431
0.64577
0.64922
0.65345
0.65845
0.66424
0.67081
0.67819
0.68639
0.69542
0.70531
0.71607
0.72773
0.74029
0.75377
0.76817
0.78349
0.7997
0.81678
0.8347
0.85339
0.87278
0.89277
0.91326
0.93412
0.95518
0.97629
0.99725
1.0179
1.0379
1.0571
1.0753
1.0922
1.1075
1.1211
1.1327
1.1421
1.149
1.1534
1.1551
1.154
1.15
1.1431
1.1334
1.1208
1.1054
1.0875
1.0672
1.0447
1.0203
0.99417
0.96674
0.93828
0.90911
0.87957
0.84998
0.82065
0.79188
0.76394
0.73709
0.71154
0.68749
0.6651
0.64451
0.62582
0.60911
0.59446
0.58189
0.57144
0.56313
0.55697
0.55295
0.55107
0.55133
0.55371
0.55819
0.56477
0.57342
0.5841
0.59678
0.61141
0.62793
0.64624
0.66627
0.68788
0.71094
0.73529
0.76072
0.78705
0.81402
0.8414
0.86891
0.89628
0.92321
0.94942
0.97461
0.9985
1.0208
1.0413
1.0597
1.0759
1.0895
1.1006
1.1089
1.1143
1.1168
1.1163
1.1129
1.1065
1.0973
1.0854
1.0708
1.0537
1.0343
1.0129
0.98946
0.96441
0.93793
0.91029
0.88172
0.8525
0.82287
0.79309
0.76339
0.73401
0.70516
0.67704
0.64981
0.62365
0.59869
0.57504
0.55281
0.53208
0.51291
0.49535
0.47943
0.46519
0.45265
0.4418
0.43267
0.42527
0.41959
0.41567
0.41351
0.41313
0.41457
0.41787
0.42306
0.43019
0.43933
0.45053
0.46387
0.47939
0.49718
0.51727
0.53971
0.56454
0.59176
0.62135
0.65327
0.68741
0.72366
0.76183
0.80173
0.84308
0.88558
0.92888
0.97262
1.0164
1.0597
1.1022
1.1435
1.183
1.2204
1.2552
1.2871
1.3158
1.3409
1.3623
1.3797
1.3929
1.4018
1.4065
1.4069
1.403
1.395
1.383
1.3672
1.3478
1.3251
1.2995
1.2711
1.2404
1.2078
1.1735
1.138
1.1016
1.0648
1.0278
0.9909
0.95453
0.91891
0.8843
0.85093
0.81899
0.78863
0.76
0.73319
0.7083
0.68537
0.66444
0.64555
0.62869
0.61386
0.60107
0.59028
0.58149
0.57468
0.56983
0.56693
0.56596
0.56691
0.56978
0.57456
0.58125
0.58984
0.60032
0.6127
0.62695
0.64306
0.66099
0.6807
0.70213
0.7252
0.7498
0.77582
0.80311
0.83148
0.86075
0.89069
0.92103
0.95153
0.98187
1.0118
1.0409
1.0689
1.0955
1.1204
1.1433
1.1638
1.1817
1.1969
1.209
1.2179
1.2235
1.2258
1.2246
1.22
1.2121
1.201
1.1868
1.1697
1.15
1.128
1.1039
1.0781
1.0509
1.0227
0.99394
0.96486
0.93587
0.90731
0.8795
0.85273
0.82726
0.80335
0.7812
0.76098
0.74286
0.72695
0.71337
0.70218
0.69346
0.68726
0.68361
0.68255
0.6841
0.68826
0.69505
0.70445
0.71645
0.73102
0.74811
0.76766
0.78957
0.81373
0.83999
0.86816
0.89804
0.92938
0.96188
0.99523
1.0291
1.0631
1.0968
1.1299
1.1619
1.1924
1.221
1.2473
1.2711
1.2918
1.3092
1.3232
1.3334
1.3395
1.3414
1.3391
1.3327
1.3221
1.3074
1.2888
1.2666
1.241
1.2123
1.1808
1.1469
1.1109
1.0734
1.0347
0.99516
0.9553
0.91548
0.87606
0.83741
0.79984
0.76363
0.72902
0.69622
0.6654
0.63668
0.61017
0.58592
0.56398
0.54437
0.52708
0.51211
0.49943
0.48903
0.48089
0.47496
0.47125
0.46974
0.47042
0.47328
0.47835
0.48563
0.49513
0.50688
0.52089
0.53717
0.55572
0.57655
0.59962
0.62488
0.65227
0.68168
0.71299
0.74602
0.78058
0.81642
0.85328
0.89087
0.92886
0.9669
1.0047
1.0417
1.0778
1.1125
1.1455
1.1764
1.2051
1.2311
1.2543
1.2745
1.2916
1.3054
1.3158
1.3229
1.3266
1.327
1.3241
1.3181
1.3091
1.2973
1.2829
1.266
1.247
1.226
1.2033
1.1791
1.1538
1.1275
1.1006
1.0732
1.0456
1.0179
0.99055
0.96355
0.93713
0.91144
0.88662
0.8628
0.84008
0.81854
0.79826
0.77931
0.76171
0.74552
0.73074
0.71739
0.70548
0.69499
0.68592
0.67826
0.67197
0.66703
0.66341
0.66108
0.66
0.66012
0.6614
0.66379
0.66723
0.67167
0.67705
0.6833
0.69034
0.69811
0.70653
0.71552
0.725
0.73489
0.7451
0.75554
0.76611
0.77675
0.78735
0.79783
0.80811
0.81811
0.82776
0.83698
0.84573
0.85393
0.86155
0.86855
0.87489
0.88055
0.88551
0.88978
0.89334
0.89621
0.89839
0.89991
0.9008
0.90108
0.90078
0.89994
0.89859
0.89679
0.89455
0.89194
0.88897
0.8857
0.88216
0.87838
0.8744
0.87024
0.86594
0.86151
0.85698
0.85237
0.84771
0.84299
0.83825
0.83349
0.82873
0.82397
0.81924
0.81453
0.80987
0.80527
0.80073
0.79628
0.79193
0.78769
0.78359
0.77963
0.77586
0.77228
0.76891
0.76578
0.76291
0.76033
0.75805
0.75609
0.75448
0.75323
0.75235
0.75186
0.75175
0.75205
0.75275
0.75384
0.75531
0.75716
0.75937
0.7619
0.76474
0.76786
0.77121
0.77475
0.77844
0.78223
0.78607
0.78991
0.7937
0.79738
0.80089
0.8042
0.80724
0.80999
0.81239
0.81441
0.81604
0.81724
0.818
0.81832
0.81821
0.81767
0.81672
0.81539
0.81371
0.81172
0.80946
0.80699
0.80435
0.80159
0.79878
0.79596
0.7932
0.79055
0.78804
0.78574
0.78368
0.78189
0.78042
0.77928
0.7785
0.77808
0.77803
0.77836
0.77906
0.78011
0.7815
0.7832
0.7852
0.78745
0.78994
0.79261
0.79545
0.79841
0.80145
0.80455
0.80767
0.81079
0.81388
0.81692
0.8199
0.82282
0.82567
0.82845
0.83119
0.83389
0.83659
0.8393
0.84206
0.84491
0.84788
0.85103
0.85439
0.858
0.86191
0.86615
0.87077
0.8758
0.88126
0.88717
0.89355
0.90041
0.90774
0.91553
0.92377
0.93242
0.94145
0.9508
0.96043
0.97025
0.98019
0.99018
1.0001
1.0099
1.0195
1.0287
1.0374
1.0456
1.0531
1.0599
1.0658
1.0709
1.0749
1.0778
1.0796
1.0803
1.0798
1.0781
1.0751
1.0711
1.0658
1.0595
1.0521
1.0437
1.0345
1.0244
1.0135
1.0021
0.9901
0.97769
0.96496
0.95201
0.93896
0.92589
0.91292
0.90011
0.88757
0.87538
0.8636
0.8523
0.84155
0.83139
0.82187
0.81303
0.80492
0.79755
0.79094
0.78513
0.78012
0.77592
0.77255
0.76999
0.76826
0.76734
0.76723
0.76793
0.76941
0.77166
0.77466
0.77839
0.7828
0.78788
0.79358
0.79985
0.80664
0.81389
0.82155
0.82953
0.83775
0.84613
0.85456
0.86296
0.87119
0.87916
0.88672
0.89376
0.90015
0.90575
0.91042
0.91405
0.9165
0.91766
0.91741
0.91567
0.91234
0.90736
0.90069
0.8923
0.88219
0.87038
0.85693
0.84189
0.82538
0.80751
0.78843
0.7683
0.7473
0.72563
0.70349
0.6811
0.65867
0.6364
0.6145
0.59317
0.57258
0.55291
0.53429
0.51686
0.50074
0.48601
0.47277
0.46106
0.45096
0.44249
0.43569
0.43059
0.42721
0.42557
0.42568
0.42756
0.43122
0.43666
0.44389
0.4529
0.46368
0.47619
0.4904
0.50624
0.52362
0.54244
0.56253
0.58373
0.60582
0.62856
0.65168
0.67487
0.69781
0.72016
0.74157
0.76169
0.78019
0.79675
0.81107
0.82291
0.83206
0.83835
0.84168
0.84201
0.83935
0.83378
0.82541
0.81445
0.80111
0.78567
0.76844
0.74975
0.72994
0.70938
0.6884
0.66735
0.64655
0.6263
0.60687
0.5885
0.57141
0.55576
0.54171
0.52938
0.51887
0.51024
0.50356
0.49887
0.49621
0.49558
0.497
0.50047
0.506
0.51355
0.52311
0.53464
0.54808
0.56336
0.58037
0.599
0.6191
0.64048
0.66295
0.68627
0.71017
0.73439
0.75861
0.78254
0.80586
0.82826
0.84946
0.86919
0.88719
0.90325
0.91721
0.92893
0.93834
0.94541
0.95014
0.95261
0.95291
0.95121
0.94767
0.94251
0.93598
0.92832
0.91981
0.91072
0.90133
0.89191
0.88272
0.87401
0.86601
0.85894
0.85298
0.84832
0.84509
0.84344
0.84346
0.84524
0.84884
0.85431
0.86167
0.87091
0.88202
0.89494
0.90961
0.92593
0.9438
0.96307
0.98358
1.0051
1.0275
1.0506
1.074
1.0975
1.1209
1.1439
1.1663
1.1877
1.2079
1.2266
1.2438
1.259
1.2722
1.2833
1.292
1.2984
1.3023
1.3037
1.3027
1.2993
1.2935
1.2855
