0.87143
0.84108
0.89275
0.95301
0.99791
1.0162
0.98913
0.96102
0.93296
0.95048
1.0281
1.2044
1.3138
0.97742
0.45507
-0.22603
-1.0587
-1.3816
-1.3752
-1.4239
-1.1473
-0.81682
-0.61798
-0.05252
0.62761
1.0351
1.0915
1.0942
1.0969
1.0395
1.0268
1.0139
1.0984
1.1041
1.1067
1.0586
0.98459
0.95438
0.81361
0.82766
0.91016
1.0247
1.0552
0.97516
0.924
0.8924
0.91975
0.94627
0.99461
0.98878
0.9433
0.94246
0.981
1.1153
1.2443
1.2037
0.78989
0.23674
-0.41506
-1.0692
-1.4351
-1.5055
-1.2803
-1.0575
-0.82638
-0.54255
0.12034
0.93384
1.3396
1.278
1.1719
1.166
1.0708
0.93808
0.60185
0.55318
0.64735
0.75075
0.89769
1.1455
1.2806
0.83322
0.20175
-0.53505
-1.2432
-1.5007
-1.5443
-1.1315
-0.63925
-0.23074
-0.73049
-1.0462
-1.4764
-1.4512
-1.2845
-0.99706
-0.5089
0.26083
1.1355
1.7492
1.3001
0.43839
0.30932
-0.35455
-0.75935
-1.1704
-1.5213
-1.4635
-1.0582
-0.27251
0.83165
1.4651
1.0495
0.36427
-0.36141
-1.0639
-1.4027
-1.4827
-1.3006
-1.0983
-0.98291
-0.22885
0.5639
-0.4878
-1.0725
-0.72892
0.32106
0.94926
1.0907
0.99743
0.97184
1.0162
1.0693
1.1015
1.0086
0.87842
0.8261
0.88602
0.99042
1.0078
1.0064
0.98467
1.0229
1.1076
1.2412
0.98221
0.53243
-0.32095
-0.96042
-1.3663
-1.3668
-1.1634
-1.0508
-0.92626
-0.98447
-1.1695
-1.2834
-0.84402
-0.10239
0.73164
1.1517
1.1303
1.1127
1.1933
1.2963
1.3622
0.9603
0.34266
0.21042
0.60173
1.0115
1.3148
1.5438
1.2984
0.71481
0.0068145
-0.56798
-1.0536
-1.3675
-1.5031
-1.5526
-1.1569
-0.59819
0.0051461
-0.16032
-1.6996
-1.5407
-0.74646
0.17497
0.7621
1.1571
1.4222
1.3921
0.7853
0.10506
-0.77251
-1.4522
-1.645
-1.5181
-0.83766
-0.36692
0.75599
1.1672
0.80273
-0.32359
-1.03
-1.7936
-1.6201
-0.97122
-0.32841
0.38821
1.7412
1.6
0.81368
-0.47546
-1.5355
-1.5738
-0.52137
0.24756
0.8151
1.2366
1.6116
1.4168
0.86704
-0.08991
-1.2003
-1.9459
-1.1759
-0.25274
0.42736
1.0837
1.4021
1.3808
1.3944
1.001
0.598
0.3792
0.61702
0.93477
0.92173
1.0736
1.3944
1.3688
1.0817
0.35818
-0.83352
-0.74803
-1.3169
-1.3055
-1.7637
-0.95013
-0.10355
-0.21511
-0.91325
-1.0871
-1.2885
-1.5228
-1.1429
-0.53933
0.24123
1.0445
1.403
1.2915
0.86663
0.61915
0.61342
0.80673
0.98556
1.0594
1.1155
1.2229
1.333
1.1277
0.5858
-0.33482
-1.2852
-1.7841
-1.3457
-0.47675
0.49114
1.4348
1.4169
0.69374
-0.35111
-1.3212
-1.845
-1.3696
-0.79935
0.17747
0.66039
1.8713
1.6899
1.1388
-0.15552
-0.98078
-0.54289
0.36814
0.87993
0.98257
1.0013
1.1765
1.3648
1.345
1.0265
0.21517
-0.6174
-1.5236
-1.8163
-1.3856
-0.67467
-0.10929
0.78629
0.2348
-0.32879
-0.95362
-1.3337
-1.4795
-1.4052
-1.0238
-0.96687
-0.089216
1.1482
1.772
0.47932
-0.88594
-1.1991
-0.14734
0.72634
1.0027
0.94934
0.939
0.96692
0.98385
1.0119
1.0445
1.0871
1.1048
1.0723
1.0003
0.94068
0.97627
1.0634
1.147
1.2018
1.2568
1.0493
0.58469
-0.024246
-0.57147
-1.1409
-1.3283
-1.5229
-1.4042
-1.1494
-0.65574
0.13195
0.96963
1.3167
1.0999
0.87529
0.84441
0.93784
1.0379
1.062
1.0148
0.98177
0.98602
1.0035
1.0242
1.0399
1.046
1.0485
1.0512
1.0314
1.0173
0.98637
0.9828
0.98876
1.004
1.0112
1.006
1.02
1.0136
1.0186
1.0123
1.0062
0.99351
0.9785
0.971
0.9607
0.97032
0.97244
0.9993
1.051
1.1937
1.3878
1.1773
0.60585
-0.26606
-0.96207
-1.1381
-1.1106
-0.7981
-0.82958
-0.93048
-1.1784
-1.25
-1.1664
-0.99278
-1.0085
-1.0975
-1.0729
-1.0765
-1.1121
-1.2101
-1.1606
-0.81213
-0.26064
0.36703
0.7598
0.96488
1.0886
1.3739
1.4483
0.97522
-0.26113
-1.3792
-1.7824
-0.22808
0.24933
0.67291
0.86641
1.3055
1.607
1.2228
0.3525
-0.42988
-0.97628
-0.92189
-1.0625
-1.0473
-1.46
-1.3611
-1.096
-0.83251
-0.48377
-0.61321
-1.0846
-1.5066
-1.0857
-0.37074
0.32116
0.98427
1.1978
1.329
1.3937
1.3151
0.83984
0.37151
0.2389
0.66602
1.0204
1.1032
1.1449
1.2004
1.2898
1.1335
0.46867
-0.28504
-0.96938
-1.3916
-1.6198
-1.3256
-1.2094
-0.095285
0.35817
-0.08414
-0.84993
-1.3009
-1.5223
-1.487
-1.1505
-0.67441
-0.33049
1.0801
0.8812
0
-0.95544
-1.6862
-1.6728
-1.1801
-0.44902
0.53178
0.9052
1.6179
1.1333
0.60116
-0.14649
-0.9223
-1.5854
-1.6903
-1.2699
-0.47101
0.29328
1.6803
1.1506
0.55845
-0.20119
-1.02
-1.4237
-1.5713
-1.295
-1.1872
-0.13151
0.62163
1.7792
0.98711
-0.0036254
-1.2506
-1.861
-1.4813
-0.70389
0.03734
0.84904
1.2013
1.3712
1.4366
1.3152
0.68593
-0.18215
-1.4812
-1.3712
-0.4273
0.27334
0.9586
1.2023
1.4389
1.4176
1.0932
0.28601
-0.81407
-1.7628
-1.1261
-0.12912
0.59555
0.99412
1.3338
1.4226
1.2365
0.55894
-0.11514
-0.56084
-1.237
-1.4651
-1.6496
-1.2524
-0.59939
0.18307
1.5778
1.4169
0.16757
-1.1701
-2.0042
-0.92556
0.073132
0.792
1.1444
1.128
1.2229
1.2623
1.1453
0.65666
0.46558
0.63463
0.98318
1.1517
1.1185
0.94753
0.97988
1.2198
1.3286
1.0381
0.20027
-0.70407
-1.5184
-1.637
-1.1833
-0.65131
0.41585
1.2923
1.1401
0.21726
-0.86221
-1.6408
-1.6768
-1.011
-0.59441
0.44764
0.99171
1.6685
1.1971
0.37335
-0.73324
-1.6755
-1.6854
-0.95364
-0.17966
0.6992
1.3663
1.6206
1.3047
0.75687
-0.15213
-1.1257
-1.9766
-1.2819
-0.58477
0.17325
0.78416
1.0038
1.2086
1.124
1.2962
1.3611
1.0883
0.27518
-0.95029
-1.7309
-0.81709
-0.021954
0.99022
1.1613
1.2816
1.4456
1.1574
0.94242
0.96049
1.3004
0.58248
-0.28499
-0.17561
0.31114
1.013
1.5983
1.6231
1.1459
0.14513
-0.83931
-1.6707
-1.4685
-1.0721
-0.84043
-0.43381
0.4876
1.6163
1.792
1.393
0.0099767
-0.67474
-0.28709
0.42212
0.87315
0.98658
0.95205
0.98234
1.1255
1.4059
1.2638
0.70233
-0.17328
-1.1511
-1.7899
-1.6847
-1.1412
-0.21021
0.50824
0.45622
-0.6493
-1.6161
-1.6717
-1.0339
0.060529
0.8024
1.0834
1.0437
1.051
1.1337
1.1961
1.1193
0.95396
0.7925
0.7783
0.90579
0.98295
0.98518
0.94088
1.0535
1.3905
1.3857
0.85382
-0.018074
-0.97111
-1.71
-1.804
-1.3114
-0.75353
0.044531
0.57514
-0.20713
-1.0796
-1.9184
-1.6193
-0.82679
0.056858
0.75693
1.121
1.1133
1.1007
1.0912
1.092
1.1165
1.0453
0.88189
0.71653
0.72745
0.83251
0.94324
0.99884
1.045
1.1621
1.2552
1.0839
0.60722
-0.31457
-1.0934
-1.4089
-1.2444
-0.98083
-0.99731
-1.1494
-1.1471
-1.1403
-1.0202
-1.1224
-0.91057
-0.21107
0.61874
1.1594
1.1335
0.96143
0.81996
0.85731
0.96728
1.0985
1.1119
1.0701
1.0351
0.97989
0.94533
0.91548
0.94577
0.97576
0.99867
0.9959
0.98656
0.9998
0.99953
1.0112
1.0179
1.0245
1.036
1.0613
1.1227
1.159
1.1285
0.93285
0.72733
0.70904
1.113
1.4646
1.1311
0.34962
-0.15636
-0.71662
-1.1196
-1.2849
-1.3129
-1.1875
-1.053
-0.99775
-0.99927
-0.98636
-0.91954
-0.94953
-1.021
-1.24
-1.2107
-0.9949
-0.82739
-0.88801
-1.3294
-1.1763
-0.41137
0.28364
0.73401
0.88454
0.96582
1.0268
0.97031
0.91761
0.96014
1.199
1.463
1.4668
0.83084
0.17024
-0.47367
-0.58435
-0.71239
-0.84479
-1.0702
-1.1201
-1.2048
-1.1937
-1.2494
-1.2496
-1.0438
-0.62494
0.048793
0.70606
1.0285
1.0822
1.0408
0.97014
0.90182
0.90633
0.95946
0.99854
1.0102
1.0035
0.98323
0.96782
0.95002
0.98389
1.0504
1.2565
1.3078
0.98334
0.21804
-0.65651
-1.4079
-1.5864
-1.3573
-0.88438
-0.53129
-0.55541
-1.0625
-1.4486
-1.5759
-1.3085
-0.87336
-0.33732
0.23607
0.76047
1.116
1.3858
1.5335
1.0098
0.54317
0.44622
0.93469
1.3045
0.73474
0.72954
0.95309
1.3518
1.0583
0.94786
0.95199
1.3915
1.0261
0.77392
0.2985
0.51069
1.0463
1.4401
1.6249
1.1115
0.3725
-0.16376
-0.60353
-1.0776
-1.3764
-1.3926
-1.1957
-0.9369
-0.63814
-0.66886
-0.92086
-1.2464
-1.3356
-1.401
-1.1951
-0.79974
-0.094397
0.71755
1.5817
1.7819
1.3948
0.58036
-0.12822
0.1843
0.68735
0.85323
0.87156
0.99774
1.113
1.2693
1.4309
1.2595
1.0071
0.29151
-0.51744
-1.2706
-1.0394
-0.39659
0.44945
1.0319
1.644
1.1963
0.69181
-0.24943
-1.1097
-1.7938
-1.691
-1.0852
-0.28161
0.2062
1.7258
2.1612
1.1621
0.2956
-0.15288
0.52254
1.0526
1.0487
0.9298
0.93564
0.958
0.97609
0.95462
0.95133
0.94639
0.96313
0.96424
0.96923
1.0161
1.1013
1.2081
1.174
0.95566
0.6522
0.55463
0.84918
1.2807
1.5403
1.1268
0.44735
-0.38624
-0.9921
-1.3178
-1.3902
-1.2985
-1.1548
-1.0138
-0.84678
-0.80221
-0.58193
-0.3276
0.34231
0.36558
-0.67737
-1.4156
-1.1906
-0.42366
0.23978
0.70344
0.88901
0.88854
0.8939
0.9359
0.97788
1.0243
1.0358
1.0314
1.0268
1.0263
1.0866
1.1523
1.3454
1.0609
0.80697
-0.019855
-0.66243
-1.2422
-1.3468
-1.2085
-1.0934
-1.0301
-1.0685
-1.1072
-1.0841
-1.1888
-1.0265
-0.51143
0.36081
1.0669
1.3191
1.1274
0.90945
0.7228
0.63622
0.72057
0.81826
0.94929
1.0092
1.0305
1.0258
1.018
1.0221
1.0368
1.0798
1.1381
1.1807
1.1588
1.0107
0.76627
0.68334
0.76997
1.4546
1.4858
1.0117
0.13638
-0.6535
-1.1853
-1.2619
-1.2828
-1.2311
-1.1522
-1.0562
-0.99968
-1.0831
-1.1634
-1.1169
-0.69692
-0.16622
0.40112
0.47255
0.60569
0.94339
1.2049
1.6199
1.4568
0.91
0.087325
-0.43365
-0.8617
-1.2019
-1.5261
-1.187
-0.4407
0.4837
1.4423
1.7495
1.2665
0.34928
-0.68075
-1.9644
-1.8217
-0.88486
-0.048158
0.2439
0.75496
1.1327
1.3143
1.2003
0.94513
0.987
1.1502
1.1257
0.73258
-0.50696
-1.3712
-1.9846
-1.1396
0.11848
1.2313
2.2286
-0.23238
-0.82225
-0.77629
0.49126
1.1122
0.66057
0.60183
0.76259
1.044
1.2716
1.2752
1.1836
1.0414
0.86486
0.73244
0.6874
0.7211
0.79134
0.86054
0.92419
0.95248
0.98196
1.0002
1.0143
1.0099
0.98527
0.97106
0.96773
1.024
1.1799
1.4185
1.1479
0.70769
-0.092269
-0.79724
-1.1895
-1.2777
-1.1799
-1.0843
-1.0813
-1.0165
-1.0072
-1.1263
-1.3086
-1.3199
-0.88053
-0.086417
0.37074
0.59014
0.94961
1.4288
1.7919
1.138
0.27605
-0.70867
-0.99974
-0.44993
-0.67099
-1.0771
-1.3324
-1.3305
-1.1295
-0.76594
-0.56056
-0.69457
-0.95133
-1.3344
-1.542
-1.3557
-1.0279
-0.0058029
0.8047
1.2865
0.42663
-0.7905
-1.6666
-1.8759
-0.89847
0.055372
0.24508
0.83423
1.1377
1.4155
1.4827
1.1101
0.39048
-0.32757
-0.97015
-1.4195
-1.5852
-1.434
-1.0508
-0.40999
0.30448
0.17529
-1.3871
-1.4781
-0.79302
-0.069417
0.6906
0.98641
1.0547
1.0306
1.0749
1.0677
1.0463
1.0033
0.94294
0.93136
0.92009
0.93731
0.95153
0.98207
1.0069
1.0221
1.0343
1.0631
1.1855
1.3968
1.226
0.81781
0.063518
-0.7024
-1.2738
-1.4563
-1.3226
-1.0045
-0.73971
-0.77536
-0.88883
-1.1756
-1.3399
-1.4031
-1.2722
-0.78832
-0.24321
0.3902
0.71073
0.8207
0.89519
0.91478
0.98109
1.0434
1.081
1.0879
1.079
1.0443
1.0239
0.98228
0.96385
0.93683
0.9202
0.8721
0.86985
0.89495
0.92329
0.97088
0.99673
1.0194
1.0246
1.0197
1.0041
0.99504
0.99282
1.0054
1.0278
1.0375
1.0446
1.043
1.041
1.0378
1.0273
1.0375
1.0202
1.0212
0.99349
0.99399
0.99459
0.99752
1.012
0.98459
0.99746
0.96651
0.96937
0.98621
1.0468
1.1062
1.1412
1.1311
1.0777
1.0139
0.96887
0.93197
0.9398
0.97395
1.0208
1.033
0.9988
0.9791
0.93384
0.9006
0.84304
0.7565
0.71291
0.8293
1.3575
1.2839
0.64508
-0.020307
-0.95008
-1.4599
-1.5111
-1.2355
-0.93657
-0.79573
-0.84618
-1.0545
-1.0761
-0.97741
-0.90322
-0.94388
-0.95592
-0.92586
-0.95275
-0.97223
-1.138
-1.0936
-1.0895
-0.95544
-1.1973
-0.94832
-0.98887
-0.67161
-0.80967
-1.0966
-1.3595
-1.3255
-0.96234
-0.71376
-0.67188
-0.80777
-0.67379
-0.92636
-1.0576
-1.173
-1.2413
-1.154
-1.1759
-1.3229
-0.88251
-0.45439
-0.025521
-0.82803
-1.222
-1.4403
-1.3724
-1.2371
-1.0304
-0.70914
0.061019
0.66039
1.1306
1.1277
0.96766
0.84232
0.84145
0.89768
0.96248
0.98521
1.002
1.0213
1.0254
1.0581
1.0691
1.0793
1.1003
1.1158
1.0856
1.0853
1.0809
1.0546
0.95127
1.0388
0.80876
0.18638
-0.16616
-0.48507
-0.45894
-0.64138
-0.88578
-1.0766
-1.2034
-1.1978
-1.1768
-1.1219
-1.0554
-1.0141
-1.0867
-1.2075
-1.1054
-0.54264
0.23636
0.90817
1.1411
1.2644
1.3112
1.3224
0.94092
0.50531
-0.41282
-1.1343
-1.9882
-1.5228
-0.45163
0.66273
1.6078
0.26046
-0.12228
-0.44702
-0.91431
-1.0202
-1.1633
-1.2866
-1.3096
-1.4424
-0.91329
-0.44469
1.2299
0.70957
0.15713
-0.1183
0.013849
-0.55322
-0.95286
-1.3434
-1.574
-1.4041
-0.95415
-0.18908
0.81961
1.4323
1.3293
0.95122
0.59592
0.60984
0.75112
0.88582
0.97115
1.0589
1.0917
1.0651
1.0149
0.97897
0.98762
0.99784
0.9847
0.97961
0.9636
0.97712
0.99471
1.019
1.0127
1.0208
1.0213
1.0103
1.006
0.98954
1.0018
1.0172
1.033
1.008
0.96319
0.97915
1.0088
1.0938
1.1514
1.1278
1.0436
1.0627
1.114
0.88869
0.2422
-0.45625
-0.88949
-1.073
-1.2103
-1.3156
-1.2874
-1.137
-0.80576
-0.69889
-0.90443
-1.3259
-1.261
-1.2356
-0.98012
-0.76574
-0.5248
-0.41311
-0.64765
-0.94779
-1.2065
-1.3802
-1.3962
-1.2494
-0.88545
-0.23515
-0.30688
-0.55027
-0.90384
-1.3189
-1.6305
-1.3937
-0.89926
-0.17789
1.0028
1.3752
1.2779
0.88978
-0.19692
-1.2326
-1.6067
-0.77017
0.18261
0.73493
0.93604
1.3328
1.4551
1.2373
0.14195
-0.54156
-1.3624
-1.6882
-1.4626
-1.0069
-0.085496
0.85584
1.8063
0.89235
-0.031747
-0.79268
-1.4685
-1.5413
-1.4508
-1.0737
-0.34699
0.34113
1.0703
1.1989
1.2894
1.3635
0.99018
0.24924
-0.52071
-1.576
-1.8263
-1.2563
-0.20949
0.44741
1.3852
1.3384
1.4141
1.3057
0.82802
-0.259
-1.3437
-0.82583
0.036351
0.61875
0.91293
0.97098
1.0044
1.0094
1.0058
1.0131
1.0064
1.0076
1.0014
1.0019
1.0093
1.0207
1.0384
1.0304
1.0114
0.99359
0.99973
1.0307
1.0784
1.2051
1.252
1.0648
0.51325
-0.33471
-1.0912
-1.5758
-1.2549
-0.92563
-0.66274
-0.83451
-1.0663
-1.1902
-1.1823
-1.11
-1.146
-1.2
-1.1454
-0.88432
-0.30637
0.36884
0.90811
1.1461
1.1268
1.0436
0.93834
0.89432
0.9074
0.94202
0.97074
0.97711
1.1356
1.3732
1.2278
0.64936
-0.26037
-1.2874
-1.9573
-1.335
-0.44269
0.78241
1.2569
0.42432
-0.42739
-1.1492
-1.4001
-1.3689
-1.2936
-1.1327
-0.76236
-0.093479
0.66599
1.0985
1.0847
1.0526
0.986
0.95867
0.91594
0.90981
0.92466
0.96255
1.0109
1.0247
1.047
1.0332
1.0392
1.0992
1.299
1.2987
0.76371
0.042856
-0.68984
-0.94704
-0.98266
-1.044
-1.1754
-1.2909
-1.2541
-1.0562
-0.87331
-0.82696
-1.0528
-1.2418
-1.3101
-0.55095
0.20614
0.91887
1.188
1.1064
1.0799
1.061
1.052
1.0383
1.0244
0.97177
0.91811
0.87733
0.93151
0.96738
0.97262
0.95702
0.97956
0.9783
0.9465
0.9772
1.1457
1.3748
1.0535
0.40845
-0.65154
-1.4858
-1.4724
-1.0797
-0.69688
-0.54165
-0.65166
-0.66046
-0.86144
-1.2475
-1.5166
-1.6067
-1.0949
-0.47543
0.37355
0.9686
1.0521
0.96721
0.92166
0.93233
1.0359
1.0779
1.0924
1.023
0.94258
0.894
0.86759
0.91288
0.95146
0.97702
0.98192
1.0092
1.0314
1.123
1.3654
1.3054
0.87641
0.094073
-0.8484
-1.7849
-1.7077
-1.222
-0.44653
0.59263
0.29342
-0.33957
-1.1579
-1.4694
-1.5536
-1.3404
-0.93395
-0.61065
-0.094769
0.36211
0.68982
0.74383
0.74688
0.8729
1.0015
1.1856
1.4507
1.3955
1.125
-0.01809
-0.8824
-0.5374
0.12088
0.8037
1.2144
1.3372
1.4464
1.2778
0.78501
0.17726
-1.0703
-1.8758
-1.5869
-1.1798
-0.022858
-0.30847
-0.45709
-0.60193
-1.0325
-1.1974
-1.3347
-1.2589
-1.1371
-1.2435
-0.82613
-0.53528
0.88148
1.2492
0.3843
0.25242
0.60169
0.95814
1.0646
1.0461
1.0097
0.98447
0.94513
0.88236
0.86647
0.89451
0.95501
1.0343
1.1341
1.2336
1.2111
0.99028
0.68024
0.5497
0.93508
1.4037
1.646
1.028
0.13732
-0.76145
-1.3739
-1.1231
-1.2024
-1.0408
-1.161
-1.0625
-0.82841
-0.88782
-1.008
-1.2081
-1.3178
-1.2914
-1.1138
-0.6054
0.20977
0.59867
0.66733
0.75324
0.9056
0.99125
1.018
1.0075
1.0092
1.0175
1.1044
1.2221
1.3271
1.1863
0.6485
0.25941
0.33022
0.94907
1.5751
1.5976
0.99012
-0.025122
-0.90731
-1.5941
-1.3777
-1.1129
-0.88908
-1.0191
-1.1721
-0.99637
-0.70304
-0.72007
-1.1446
-1.5974
-1.4026
-0.81699
-0.029955
0.7343
0.9828
0.94324
0.95275
0.91886
0.92792
0.96695
0.99281
0.98151
0.97339
0.9918
1.024
1.0641
1.0759
1.0626
1.053
1.1214
1.253
1.0233
0.56005
-0.28553
-1.1744
-1.8433
-1.5591
-0.56868
0.33163
1.6198
1.6416
0.79857
0.015089
-1.0129
-1.8303
-1.7945
-1.1395
-0.36679
0.51458
1.3769
1.4786
1.3384
0.99973
0.31224
-0.46922
-1.111
-1.419
-1.5708
-1.2744
-0.49325
0.31787
0.87332
0.70105
0.56899
0.70597
0.92203
1.1212
1.2396
1.2984
1.3216
1.1151
0.76453
0.23353
0.36204
0.9917
1.7447
1.6683
0.94624
-0.41618
-1.3927
-0.26
0.42427
-0.085866
-0.5697
-1.1867
-1.3441
-1.3583
-1.2528
-1.1224
-0.94872
-0.82029
-0.89526
-0.90617
-0.51691
0.24615
1.0499
1.1209
0.93133
0.79753
0.78007
0.82783
0.89436
0.96666
0.9943
0.99126
0.99228
0.98512
0.9951
0.99159
0.99315
0.99843
1.0251
1.0952
1.3193
1.1842
0.68444
-0.026388
-0.97952
-1.7555
-1.8248
-1.0452
-0.22244
0.90835
1.0955
0.30082
-0.41842
-1.1898
-1.6644
-1.6376
-1.1849
-0.41891
0.30749
1.4061
1.6554
0.92231
0.16766
-0.70349
-1.39
-1.5407
-1.4225
-1.0794
-0.49114
0.16309
0.65941
0.86245
0.90543
0.96175
1.0465
1.1986
1.3791
1.4093
1.0808
0.19757
-0.64536
-0.20057
0.53758
1.0301
1.3225
1.4674
1.2462
0.59173
-0.18053
-1.0655
-1.47
-1.3833
-1.1464
-1.2012
-1.0192
-1.0348
-0.42767
0.14619
0.15805
0.58045
0.97276
1.2664
1.3705
1.3049
1.1751
1.001
0.64081
0.39513
0.46786
0.72458
0.84084
0.93785
0.97513
0.99169
0.98934
0.98124
0.98927
0.99004
0.99986
0.98489
0.98624
0.98804
1.0038
1.0144
1.0196
1.0253
1.0215
1.0209
1.0156
1.0215
1.0259
1.0252
1.0215
1.0387
1.1958
1.4305
1.2664
0.65827
-0.42306
-1.3243
-1.1075
-0.59184
-0.51913
-0.66893
-0.83172
-1.0749
-1.2076
-1.2873
-1.2058
-1.0776
-1.0117
-1.049
-1.1868
-1.1475
-0.57627
0.31985
1.0757
1.1328
0.92685
0.99182
1.0785
1.2253
1.1781
1.0702
0.42319
-0.17095
-0.58693
-0.97073
-1.1864
-1.5127
-1.3601
-0.60538
-0.37651
-0.50202
-0.83852
-1.1344
-1.3307
-1.2913
-1.2468
-0.80837
-0.96914
-1.2356
-1.0842
-0.67167
0.46836
1.5624
1.5892
0.92131
-0.44905
-0.73283
-0.089124
0.51271
0.83474
0.93039
1.0473
1.162
1.3374
1.396
1.1455
0.54108
-0.55173
-1.1605
-0.42684
0.41948
1.2834
1.6631
1.4873
0.85146
0.22909
-0.47868
-1.1681
-1.4936
-1.6351
-1.2036
-0.16031
0.68229
1.5823
1.2264
0.33537
-0.41119
-1.1398
-1.5935
-1.5317
-1.1796
-0.52173
0.43638
1.1009
1.8729
1.1305
0.42278
-0.65855
-1.7231
-1.3477
-0.5826
0.24807
1.041
1.4562
1.5333
1.2481
0.8894
0.3727
-0.70626
-1.4972
-1.0093
-0.26139
0.60085
1.0836
1.3608
1.4717
1.3047
0.89079
0.29724
-0.57021
-1.5684
-1.6671
-1.0541
-0.0087381
0.88787
1.5476
1.5723
1.1471
0.60257
-0.088212
-0.82548
-1.5701
-1.5334
-1.101
-0.21227
0.80678
1.4953
1.5561
1.216
0.62261
-0.097893
-0.96257
-1.6416
-1.622
-1.2287
-0.54022
0.43995
1.3385
1.9086
0.70525
0.013244
-0.88372
-1.4721
-1.4858
-1.1594
-0.49187
0.47318
1.0935
1.4446
1.4934
1.2514
0.92377
0.27493
-0.66079
-1.4617
-1.1963
-0.47165
0.60338
1.208
1.4764
1.4594
1.1091
0.51761
-0.60372
-1.4582
-1.2329
-0.37211
0.18663
0.65849
1.1335
1.3102
1.4909
1.2868
0.77112
0.096878
-0.63149
-1.2323
-1.6071
-1.5568
-0.94929
-0.10174
0.92265
1.8748
1.2459
0.60144
-0.12662
-0.92088
-1.5149
-1.6673
-1.421
-0.59543
0.23236
1.0764
1.9705
1.3493
0.63374
-0.28189
-1.4985
-1.6584
-1.0045
-0.3124
0.286
0.91657
1.1511
1.4136
1.4926
1.2006
0.68747
-0.02955
-0.90491
-1.4738
-1.5767
-1.2689
-0.55618
0.30095
1.4423
1.8539
1.2644
0.53039
-0.075687
-0.68022
-1.2322
-1.5713
-1.22
-0.52519
0.37582
1.3534
1.7859
1.3017
0.76314
0.13951
-0.54022
-1.2396
-1.5176
-1.5656
-1.108
-0.17304
0.61996
1.6595
1.6521
0.76562
-0.039279
-0.8202
-1.4194
-1.5019
-1.4162
-1.196
-0.33602
0.43737
1.4658
1.7296
1.2658
0.74898
0.21619
0.27983
0.64186
0.95136
1.1027
1.0559
1.0082
0.97675
1.0109
1.0557
1.0846
1.0916
1.0525
1.0131
0.95174
0.93755
0.92776
0.91854
0.94868
1.0062
1.076
1.0485
0.95656
0.82017
0.71857
0.72112
0.87059
1.1877
1.5495
1.4935
0.88992
0.091641
-0.62387
-1.1647
-1.2852
-1.3661
-1.2048
-0.89355
-0.80634
-0.82002
-1.0014
-1.1733
-1.1456
-1.133
-1.124
-1.1801
-1.2121
-1.0079
-0.484
0.32612
0.96096
1.0343
0.88296
0.78242
0.77767
0.7976
0.8664
0.9438
0.97533
0.9853
0.9815
1.0068
1.0143
0.99774
0.95054
0.95373
1.0727
1.3253
1.4484
1.0694
0.35968
-0.83896
-1.8891
-1.3616
-0.61066
0.52737
0.55062
-0.1643
-0.73886
-0.94077
-1.2031
-1.2016
-1.334
-1.3407
-1.2181
-0.96416
-0.45642
0.23902
0.83197
1.182
1.3396
1.3947
1.3254
1.1342
0.65144
0.13184
-0.79767
-1.1236
-0.14978
0.85246
1.3297
1.0367
0.83134
1.2644
1.6108
1.4115
0.67894
-0.23511
-0.20359
0.69424
1.1106
1.5245
1.1024
0.29792
-0.22482
-0.64849
-1.1103
-1.3942
-1.5944
-1.3633
-0.73479
0.10457
0.98824
1.4632
0.76829
0.044507
-0.77038
-1.4036
-1.6012
-1.4283
-1.1293
-0.73109
-0.31231
0.70045
0.65544
0.22545
-0.51688
-1.6449
-1.5562
-0.90906
-0.069074
0.60199
0.99726
1.0903
1.1542
1.3161
1.3914
1.312
0.59757
-0.2743
-1.2682
-0.4655
0.30377
0.67113
0.9648
1.1596
1.4785
1.3542
0.82129
0.13159
-0.8082
-1.396
-1.6674
-1.4132
-1.0618
-0.29385
0.57476
0.79235
-0.1526
-0.98107
-1.7798
-1.6427
-0.8849
-0.16264
0.51302
1.1985
1.6097
1.5257
0.96679
0.22421
-0.60583
-1.5302
-1.6163
-1.0208
-0.19008
0.75971
1.1616
1.316
1.3521
1.2987
0.95329
0.19565
-0.71755
-1.5992
-1.6625
-1.1345
-0.2501
0.54912
1.2316
1.4466
1.6082
1.2951
0.77243
0.072888
-0.64432
-0.32661
0.23061
0.57539
0.74466
0.90388
0.99131
1.1789
1.3713
1.5083
1.1526
0.66916
0.085718
0.15131
0.62419
0.84443
1.1066
1.2719
1.3327
1.3381
0.97606
0.40321
-0.21833
-0.80605
-1.2742
-1.36
-1.3662
-1.2206
-0.88159
-0.66711
-0.55154
-0.62543
-0.96242
-1.2899
-1.4906
-1.451
-1.1628
-0.73535
-0.10449
0.81265
1.3137
1.275
0.34591
-0.11183
-0.74314
-1.211
-1.6022
-1.2365
-0.54277
0.26315
0.88131
1.229
1.498
1.4966
1.141
0.41025
-1.0964
-1.0855
-0.50012
0.924
0.79864
0.55249
0.74881
1.0914
1.2337
1.2372
1.1643
1.0143
0.8893
0.811
0.85866
0.92996
0.93665
0.91315
0.88967
0.9238
0.95868
0.99882
1.0085
1.0136
0.9988
0.98817
0.96946
0.96921
0.98442
0.99881
1.0106
1.0124
1.0379
1.1293
1.3185
1.4026
1.1347
0.30883
-0.36368
-0.11962
0.75293
1.4383
1.6993
1.0476
0.231
-0.59668
-1.2189
-1.3665
-1.3298
-1.1326
-0.92563
-0.8671
-0.87064
-0.86283
-0.90151
-1.006
-1.2109
-1.4367
-1.339
-0.91367
-0.13898
0.72332
1.1576
1.4994
1.2914
0.66829
-0.044593
-0.89369
-1.5423
-1.6295
-1.1389
-0.49226
0.53437
1.2849
1.7728
1.3325
0.61472
-0.13075
-0.75239
-1.2891
-1.3985
-1.5109
-1.2126
-0.52463
0.40725
0.65793
1.7918
1.4799
0.53707
-0.21006
-0.82841
-0.96762
-1.1259
-1.3148
-1.4433
-1.4139
-0.98738
-0.34531
0.081319
-0.026517
-0.41297
-0.82221
-1.1215
-1.2924
-1.282
-1.0555
-0.90366
-0.9245
-1.2094
-1.2761
-0.77586
-0.072674
0.56319
0.97015
1.1009
1.0747
1.1002
1.3433
1.3435
0.96323
-0.030835
-1.2772
-2.1318
-1.1446
-0.3517
0.51146
1.0116
1.3774
1.4115
0.89833
0.25013
-0.38074
-0.98974
-1.2383
-1.3644
-1.3095
-1.1628
-0.84424
-0.78753
-0.37599
-0.37448
-0.86456
-1.1853
-1.5035
-1.5376
-1.2183
-0.86407
0.032466
1.1515
1.743
0.79572
-0.47841
-1.646
-0.84165
-0.02731
0.50565
0.75931
0.88106
0.90568
0.92192
0.95625
1.0015
1.0861
1.1453
1.2006
1.1315
0.95925
0.70774
0.63473
0.77729
1.1195
1.3206
1.3578
1.2735
0.92015
0.45808
-0.18154
-0.94808
-1.4303
-1.5933
-1.4015
-1.0305
-0.44226
0.37627
0.69501
0.1237
-0.63655
-1.2052
-1.6127
-1.4827
-0.98596
-0.45702
0.59684
1.6065
1.4411
0.70151
-0.11085
-0.88417
-1.5982
-1.608
-1.3081
-0.25602
0.50641
1.3184
1.5192
1.3926
1.2275
0.73424
0.26152
0.33644
0.75117
1.0304
1.105
1.0783
1.0228
0.98198
0.97087
1.0066
1.0143
0.99382
0.87777
0.87269
0.90047
0.97257
1.011
1.01
0.9985
1.0163
1.118
1.2879
1.4237
1.1048
0.58766
-0.4756
-1.5536
-1.0497
-0.35378
0.50949
1.1812
1.6338
1.1594
0.44497
-0.31283
-1.0159
-1.4423
-1.5911
-1.3487
-0.75933
-0.11167
0.51283
1.0405
1.2393
1.2857
1.3419
1.2134
0.96261
0.20923
-1.0113
-1.3058
-0.6495
0.43206
1.0989
1.3667
1.3929
1.3253
0.99968
0.39215
-0.39878
-1.5614
-1.7385
-1.1218
-0.17765
0.63771
1.4583
1.4711
1.3451
1.3411
0.56906
0.14862
-0.58376
-1.5041
-0.90902
-0.47133
0.42296
1.2096
1.334
1.4938
1.0518
0.25147
-0.46946
-1.0732
-1.4879
-1.5654
-1.357
-0.93219
0.031173
0.4495
0.58314
-0.094662
-0.76088
-1.3093
-1.3994
-1.4167
-1.2369
-0.95056
-0.56076
0.40901
1.2034
1.4598
1.1407
0.60208
0.4842
0.66287
0.91209
1.0492
1.0649
1.0528
1.0484
1.0437
1.0443
1.0415
1.0393
1.0354
1.0304
1.0191
1.0025
1.0061
1.0631
1.2071
1.3836
1.3104
0.83671
0.23266
0.16066
0.64266
1.2131
1.5903
1.561
0.96647
0.2756
-0.47644
-0.98733
-1.3271
-1.4334
-1.3895
-1.2215
-0.74445
0.061838
1.0002
0.75762
-0.1469
-1.0716
-1.848
-1.5621
-0.908
-0.099355
0.65695
1.3275
1.5544
1.2453
0.59631
-0.25585
-1.1698
-1.7364
-1.6235
-0.88169
-0.2892
0.72463
1.6301
1.6044
0.86177
-0.031252
-0.63085
-0.8933
-0.94454
-1.0831
-1.2595
-1.4422
-1.3203
-0.84553
-0.48127
0.70735
1.2751
0.79495
0.025601
-0.71957
-1.2768
-1.4386
-1.4548
-1.3575
-0.93436
-0.15157
0.8654
0.95942
-0.032784
-0.64697
-1.2022
-1.5793
-1.5147
-1.0067
-0.20385
0.53743
0.88948
1.0389
1.1245
1.1912
1.2049
1.0407
0.63799
0.57092
0.66801
0.85663
0.99945
1.0533
1.0819
1.1138
1.1907
1.3203
1.3983
0.91049
0.19242
-0.78339
-0.62711
0.36646
0.5924
0.87111
1.0585
1.296
1.5251
1.2952
0.80835
-0.042
-0.96645
-1.7088
-1.5652
-0.89361
-0.372
0.85305
1.2533
1.3756
1.0306
0.24682
-0.66299
-1.4068
-1.6314
-1.2602
-0.60099
0.33061
1.1087
1.586
1.4859
1.2267
0.7767
0.1033
-1.1885
-1.8701
-1.2131
-0.46864
0.13957
0.50338
0.77467
1.0539
1.27
1.3837
1.4031
1.1662
0.81655
0.35104
0.21738
0.69272
0.87329
0.89925
0.8711
0.84771
1.0475
1.1724
1.2583
1.2547
0.93704
0.79365
0.73685
0.84973
0.86427
0.79905
0.72279
0.81025
0.94496
1.2247
1.4021
1.4727
1.0808
0.75817
-0.10114
-0.95379
-1.6803
-1.7671
-1.1668
-0.63124
0.38867
1.1964
1.2326
0.65353
-0.21864
-1.0523
-1.6102
-1.5519
-1.1053
-0.54577
0.20148
0.86996
1.2347
1.2114
1.1048
0.99749
0.9956
1.0424
1.104
1.2909
1.2319
0.77826
-0.02625
-1.1061
-1.7537
-1.2786
-0.38735
0.8086
1.6892
1.0365
0.18272
-0.41059
-0.65211
-0.89466
-1.1065
-1.2448
-1.3225
-1.2396
-1.1398
-0.8211
-0.52709
-0.391
-0.5952
-0.9084
-1.1645
-1.3144
-1.3323
-1.257
-1.2222
-0.77905
-0.32191
-0.057649
-0.35145
-0.67607
-0.97811
-1.2528
-1.3322
-1.3436
-1.1299
-0.94544
-0.73364
-0.73174
-0.83107
-0.96535
-0.97067
-1.2338
-1.3915
-1.3544
-1.0025
-0.35329
0.37644
0.90666
1.022
0.96316
0.96108
0.96239
0.9723
0.95274
0.94957
0.94832
0.96193
0.97517
0.99005
0.99162
0.99398
0.99517
0.99201
0.99243
0.99827
1.001
0.99945
1.0072
1.0105
0.99617
0.99836
1.0196
1.0641
1.0817
1.0592
1.007
0.96331
0.94055
0.94944
0.96674
0.99059
1.0076
1.008
1.03
1.0894
1.2162
1.3595
1.1847
0.80386
-0.39642
-1.132
-0.41857
0.55938
1.7406
0.99112
0.13143
-0.7208
-1.5725
-1.6623
-1.3862
-0.93607
-0.2383
0.46346
0.87191
0.94219
0.93844
0.96711
1.0006
1.0353
1.0156
0.97174
0.93691
0.92004
0.94161
0.96032
1.0071
1.0468
1.2142
1.3873
1.3149
0.44627
-0.36561
-1.34
-1.7762
-1.2523
-0.67665
0.075263
1.0535
1.814
1.3778
0.6677
-0.12795
-0.82228
-1.2535
-1.3498
-1.3259
-1.2701
-1.1923
-0.68163
0.10612
1.3031
1.508
0.80986
-0.065664
-1.013
-1.8817
-1.7555
-1.2303
-0.039658
0.57123
1.8554
1.289
0.54666
-0.16629
-0.69604
-1.2686
-1.5867
-1.492
-1.158
-0.23957
0.55771
1.6583
1.6144
0.68807
-0.2684
-1.3472
-1.9141
-1.3209
-0.66354
0.17387
0.97892
1.7524
1.2788
0.50693
-0.37008
-1.1011
-1.6559
-1.4599
-1.083
-0.25235
0.48992
1.1084
1.4997
1.4558
1.0956
0.50903
-0.35037
-1.4866
-1.6984
-1.0817
-0.19137
0.9412
1.3114
1.2637
1.2942
0.90866
0.36634
-0.4366
-1.2769
-1.7621
-1.4845
-1.043
-0.01695
0.5907
1.3178
1.3173
1.2053
1.2452
1.0036
0.66406
0.51049
0.58455
0.73631
0.84912
0.95398
1.0151
1.1377
1.3152
1.4231
1.3408
0.67144
-0.17291
-0.47855
0.19748
0.87187
1.2945
1.4717
1.4271
1.1531
0.64882
-0.066991
-1.101
-1.7978
-1.3473
-0.64676
0.26054
0.90993
1.2776
1.2598
1.2744
1.3558
1.2104
0.51044
-0.41115
-1.2683
-0.48547
0.12133
0.59274
0.88129
0.98518
1.0891
1.236
1.3494
1.4271
0.84328
0.29843
-0.37087
-1.193
-1.6841
-1.5891
-1.0779
-0.12307
0.95108
1.1678
0.71573
-0.085234
-0.89665
-1.4619
-1.6537
-1.3118
-0.91131
-0.33512
0.55157
1.4586
1.7506
1.3621
0.63612
-0.41939
-1.4888
-1.5213
-0.88422
-0.66733
-0.59618
-0.67394
-0.94007
-0.9758
-0.77616
-0.46679
-0.55233
-1.0017
-1.4735
-1.331
-0.81017
0.30481
1.6369
1.733
0.84801
-0.022419
-0.48575
-0.73823
-1.0121
-1.2634
-1.4408
-1.5066
-1.1502
-0.71646
0.16424
1.1021
0.80611
0.027625
-0.66693
-1.222
-1.6128
-1.5242
-1.2288
-0.26888
0.61308
1.7719
1.7549
0.99271
0.051142
-1.074
-1.9227
-1.4009
-0.82672
0.0083526
0.70483
1.0398
1.2016
1.2424
1.2878
1.2483
1.0323
0.58144
0.47969
0.65831
0.90243
1.0234
1.0461
1.0511
1.0649
1.0408
1.0511
1.0955
1.2488
1.378
1.3681
0.43522
-0.042505
0.10537
0.58116
0.99537
1.1973
1.2677
1.3822
1.238
0.86431
0.082937
-0.78719
-1.5044
-1.7816
-1.2093
-0.78551
0.11303
1.2992
1.5506
0.7405
0.01269
-0.73212
-1.224
-1.4463
-1.4796
-1.0583
-0.67065
0.40738
1.4004
1.7625
1.0995
0.22672
-0.59061
-1.08
-1.416
-1.4617
-1.1304
-0.61945
0.36073
1.0911
1.3426
1.3873
1.2451
0.92876
0.57168
0.52713
0.74012
0.95418
1.0179
1.0239
1.0254
1.0296
1.0336
1.0227
1.0156
1.0059
1.0088
1.0159
1.0163
1.0283
1.0371
1.0458
1.0343
1.021
1.0124
1.0126
1.0207
1.0142
1.0062
0.98459
0.96692
0.97426
0.99282
1.0015
1.0024
1.0019
1.007
1.0626
1.187
1.3316
1.4053
1.0251
0.052963
-1.167
-0.2772
-0.1883
-0.41531
-0.68536
-0.66249
-0.78716
-1.0037
-1.1388
-1.1946
-1.1622
-1.1367
-1.1191
-1.0592
-1.0241
-1.085
-1.1614
-1.0517
-0.80136
-0.26245
0.33473
0.80444
1.0327
1.2561
1.4628
1.2239
0.45567
-0.58058
-0.95333
-0.45939
0.43992
1.248
1.7536
1.4268
0.66071
-0.051174
-0.66245
-1.1623
-1.4286
-1.5878
-1.3475
-0.98803
-0.12389
0.2895
0.27348
-0.32221
-0.87001
-1.254
-1.5518
-1.5513
-1.2655
-0.49563
0.1613
1.5098
1.4832
0.46452
-0.38098
-1.2942
-1.8245
-1.4872
-0.96167
0.034409
0.7249
1.2852
1.3116
1.2712
1.194
0.98181
0.56234
0.54845
0.70858
0.88652
0.96019
0.99197
1.0346
1.0675
1.091
1.0888
1.0916
1.0972
1.1151
1.0826
1.0634
0.84898
0.91334
1.0819
1.3172
1.1116
0.40261
-0.70556
-1.0827
-0.64905
0.4233
1.236
1.8646
1.3912
0.62131
-0.11752
-0.702
-0.99557
-1.0443
-1.1736
-1.1937
-1.3573
-1.2654
-1.068
-0.43238
0.56336
1.7818
1.7618
0.77497
0.037821
0.17544
0.65935
0.97151
1.0657
1.0373
1.0257
1.0142
1.0738
1.1366
1.1085
0.92731
0.68992
0.61867
0.69374
0.91143
1.0726
1.2183
1.4128
1.3462
0.89697
0.032671
-0.87819
-1.7374
-1.6174
-1.1608
-0.45111
0.70251
1.5143
0.8044
0.19279
-0.7505
-1.3281
-1.7177
-1.4721
-0.75926
-0.060856
0.72311
1.7443
1.5544
1.0065
0.15882
-0.67779
-1.6144
-1.6898
-1.3449
-0.27389
0.48705
1.3849
1.7065
1.3261
1.1609
0.57434
-0.26651
-0.031404
0.47709
0.86127
1.0322
1.129
1.1579
1.1219
1.0849
1.0221
1.0078
1.0042
1.0031
1.004
1.0288
1.0557
0.9957
1.0047
1.0148
1.0658
1.0579
1.0355
1.0331
0.9831
1.0054
0.98131
0.9646
0.92604
0.88856
0.91328
1.0485
1.4053
1.2387
0.67009
0
-0.81738
-1.5869
-1.3686
-0.55249
0.29491
1.3159
1.6031
1.0357
0.26623
-0.50417
-1.1011
-1.4258
-1.4521
-1.3303
-1.1504
-0.95571
-0.29913
0
-0.079115
-0.79184
-1.4306
-1.5778
-1.1425
-0.46938
0.65873
1.3028
1.5887
1.3358
0.85688
0.22219
-0.67232
-1.6508
-1.2165
-0.39796
0.30829
0.89733
1.1656
1.2636
1.4037
1.3928
1.0457
0.35705
-0.76935
-1.6212
-0.97757
-0.048299
0.70847
1.0514
1.281
1.4713
1.2609
0.73675
-0.33898
-0.83599
-1.1133
-1.1355
-1.165
-1.3922
-1.202
-0.95539
-0.59099
-0.46041
-0.68729
-1.0017
-1.1797
-1.3894
-1.4075
-1.1457
-0.95015
-0.60125
-0.29986
0.82923
1.2934
1.0452
-0.31877
-1.3428
-1.3545
-0.46368
0.45489
1.1324
1.304
1.3979
1.2399
1.0484
0.60307
-0.43931
-1.4509
-1.3404
-0.34757
0.70412
1.556
1.3447
0.70041
0.51703
0.86463
1.7191
1.6826
1.1653
0.13187
-1.0989
-1.3416
-0.26842
0.50319
0.63491
1.1793
1.4511
1.3872
0.68355
-0.52033
-1.1584
-1.4293
-1.1474
-0.92644
-0.36429
0.40074
0.97526
1.4007
1.514
1.2216
0.7526
-0.1822
-1.0606
-1.696
-1.6354
-1.0899
-0.37187
0.4383
1.0518
1.528
1.2202
0.58781
-0.36583
-1.1359
-1.6545
-1.399
-0.94506
-0.12721
0.87739
1.4746
1.3823
1.2383
0.88097
0.27883
-0.64739
-1.4998
-1.6415
-1.0595
-0.30491
0.58138
0.92204
1.2108
1.2928
1.3194
1.0794
0.48085
-0.37907
-1.0892
-1.4394
-1.5684
-1.3216
-1.001
-0.30008
0.55988
1.1321
0.73371
-0.039617
-0.44521
-1.2424
-1.6299
-1.6233
-1.168
-0.26384
0.56931
1.4192
1.4645
1.3089
0.86127
-0.069134
-1.0617
-1.5324
-0.54909
0.23662
1.0542
1.2489
1.0305
0.84466
0.7995
0.84338
1.1876
1.5209
1.4411
0.97676
-0.030706
-0.94558
-1.6248
-1.6163
-1.2929
-0.83924
-0.013135
0.65943
1.4555
1.6255
1.4889
0.87274
0.11801
-0.69895
-1.5451
-1.0093
-0.38101
0.15092
0.50584
0.82854
1.0393
1.06
1.1017
1.18
1.2921
1.239
0.80963
0.058311
-0.60834
-1.22
-1.6112
-1.5009
-1.1092
-0.20613
0.65628
1.661
1.3207
0.50146
-0.3105
-1.1064
-1.4231
-1.3291
-1.2975
-1.1564
-1.0199
-0.6846
-0.16851
-0.22639
-0.79246
-1.2232
-1.3253
-1.1724
-1.0871
-1.1922
-1.1023
-0.61362
-0.019296
0.6819
1.0229
1.1504
1.2575
1.323
1.0743
0.58223
-0.46901
-1.4345
-1.7577
-1.2243
-0.20273
0.59779
0.93272
1.0646
1.0724
1.1896
1.3315
1.3398
1.1688
0.72195
-0.12779
-0.99211
-0.84053
-0.099626
0.61712
0.95508
1.0679
1.3023
1.3954
1.0943
0.39178
-0.40272
-1.218
-1.6782
-1.5087
-1.0604
-0.20757
0.44311
1.614
1.4718
0.88392
0.028125
-0.72988
-1.3305
-1.4476
-1.3797
-1.2465
-0.99867
-0.63302
-0.12072
1.2437
1.5787
0.84683
-0.22653
-0.95537
-1.3542
-1.4902
-1.1375
-0.56719
-0.03329
0.60142
0.96762
1.1762
1.2801
1.3584
1.3061
1.0404
0.21383
-0.94768
-1.9402
-1.1681
-0.10496
0.69394
1.3015
1.2732
1.1377
1.2221
0.95764
0.2709
-0.5321
-1.4856
-1.7247
-1.3719
-0.5435
0.19958
0.80393
1.193
1.1587
1.413
1.4087
1.1387
0.6119
0.11961
0.24711
0.5527
0.88055
1.0361
1.0966
1.1591
1.2361
1.3054
1.3225
1.0608
0.43914
-0.32131
-0.060277
0.47986
0.99166
1.1972
1.1955
1.2047
1.2752
1.347
1.0966
0.33858
0.70241
