-0.35999
-0.33723
-0.2908
-0.25205
-0.14209
-0.063291
0.047574
0.095363
0.15133
0.20756
0.34407
0.4812
0.60291
0.53181
0.21807
-0.42908
-1.3877
-1.627
-0.61974
1.7084
3.6464
3.9428
2.7997
1.2877
0.50478
0.091251
-0.21622
-0.61693
-0.96113
-1.3406
-1.6631
-1.8778
-1.874
-1.7349
-1.4423
-1.1482
-1.0573
-1.0086
-0.86547
-0.85044
-0.88699
-1.269
-1.6962
-1.7698
-1.4523
-1.0723
-0.74281
-0.68328
-0.66735
-0.63373
-0.60877
-0.49523
-0.40774
-0.33761
-0.24043
-0.12495
-0.01789
0.07172
0.1797
0.28814
0.37899
0.47927
0.52558
0.51759
0.49135
0.46498
0.41108
0.43934
0.50437
0.67988
0.8376
0.9682
1.0161
0.7495
0.1761
-0.77056
-1.1995
-0.61467
1.2219
3.1106
3.9008
3.4284
2.3918
1.5403
0.83691
0.17888
-0.43357
-0.94357
-1.3602
-1.5506
-1.7224
-1.6103
-1.4599
-1.1764
-1.0064
-0.90254
-0.9031
-0.75141
-0.61856
-0.62835
-0.89527
-1.2481
-1.5724
-1.5918
-1.3061
-0.96295
-0.77229
-0.696
-0.67687
-0.56239
-0.42885
-0.32394
-0.23811
-0.20946
-0.16178
-0.066582
-0.019013
0.085504
0.28482
0.37947
0.49292
0.57773
0.6529
0.67117
0.70824
0.67917
0.65954
0.66815
0.7049
0.86353
1.0311
1.1793
1.2991
1.0358
0.48446
-0.38134
-1.0121
-0.66736
0.8512
2.5858
3.475
3.1002
2.0657
1.1361
0.34744
-0.32845
-0.87396
-1.2081
-1.4047
-1.4467
-1.4072
-1.3409
-1.185
-1.0836
-0.88439
-0.71285
-0.50661
-0.36346
-0.28293
-0.59964
-1.0466
-1.6489
-2.0468
-1.9103
-1.618
-1.1884
-0.71795
-0.44853
-0.29243
-0.33448
-0.41904
-0.45193
-0.3741
-0.38149
-0.36347
-0.2697
-0.15967
-0.025137
0.083543
0.1666
0.29069
0.46374
0.60275
0.71625
0.8455
0.91671
0.95486
0.96838
1.0143
1.0033
1.065
1.0861
1.1072
1.0961
1.125
1.1617
1.1347
1.1633
1.1523
1.1414
1.0914
1.0572
1.0546
0.99739
0.97162
0.946
0.9128
0.83349
0.74687
0.63763
0.59022
0.61954
0.58769
0.556
0.45606
0.50826
0.59813
0.64991
0.66381
0.45179
0.067653
-0.71293
-1.2138
-0.43389
1.6657
3.5356
4.149
3.0723
1.5083
0.36363
-0.41511
-0.97004
-1.302
-1.5003
-1.6246
-1.7561
-1.8138
-1.96
-2.0619
-2.2448
-2.2732
-2.2871
-2.2349
-2.0579
-1.793
-1.4989
-1.2638
-1.0875
-0.95531
-0.81583
-0.87485
-1.0884
-1.4493
-1.6561
-1.5759
-1.3927
-1.1871
-1.0847
-1.0118
-0.90916
-0.78425
-0.65174
-0.57089
-0.46764
-0.39389
-0.35719
-0.58868
-0.90293
-1.3153
-1.5569
-1.5069
-1.2316
-0.9253
-0.64059
-0.37752
-0.21182
-0.12886
-0.15951
-0.19029
-0.35851
-0.60393
-0.90412
-0.99838
-0.94686
-0.8334
-0.71942
-0.65144
-0.58313
-0.44434
-0.28138
-0.19593
-0.094304
-0.0078805
0.071125
0.095104
0.16691
0.19929
0.30381
0.40896
0.55497
0.70995
0.80115
0.94974
1.0016
1.021
0.95052
0.89599
0.7999
0.71973
0.71375
0.81597
0.9272
1.0308
0.89119
0.62418
0.050774
-0.53486
-0.35773
0.89723
2.8033
4.2228
4.2364
3.3325
2.2317
1.3067
0.41072
-0.28928
-0.78263
-1.0232
-1.1237
-1.1094
-1.0949
-1.0178
-0.95818
-0.83525
-0.77462
-0.59617
-0.51633
-0.45418
-0.66491
-1.1781
-1.7765
-2.1024
-2.0066
-1.5594
-0.83251
-0.1669
0.20447
0.23289
-0.0093363
-0.17778
-0.24379
-0.50738
-0.95088
-1.3112
-1.4837
-1.3823
-1.2045
-1.083
-1.0562
-0.98161
-0.87807
-0.67859
-0.52637
-0.34497
-0.12472
0.038418
0.20191
0.076992
-0.32751
-0.94478
-1.5244
-1.5737
-1.4104
-1.0632
-0.58018
-0.13543
0.16449
0.23228
0.11616
-0.0096805
0.029042
0.087118
-0.067749
-0.46446
-0.9093
-1.1024
-1.0342
-0.90811
-0.83034
-0.73331
-0.58815
-0.34683
-0.16364
-0.057703
-0.0096076
0.07678
0.17256
0.25854
0.36341
0.45845
0.49598
0.60005
0.69426
0.84513
0.91964
0.97493
0.94493
0.88669
0.91335
0.98687
1.1257
1.2827
1.4111
1.4922
1.4333
1.0959
0.63949
-0.073985
-0.42449
0.11049
1.6078
3.1074
3.704
3.2118
2.2212
1.3441
0.67955
0
-0.58615
-0.87263
-0.98721
-1.0386
-1.0718
-1.0781
-1.0222
-0.869
-0.71653
-0.48537
-0.34335
-0.25471
-0.52573
-1.0228
-1.657
-2.0361
-1.9446
-1.4465
-0.68272
0.0086229
0.34416
0.27473
-0.0085671
-0.17098
-0.22182
-0.17028
-0.15295
-0.11025
-0.050788
0.025347
0.10964
0.18521
0.32777
0.44468
0.59474
0.68581
0.75993
0.8589
0.92431
0.98961
1.0631
1.1199
1.1351
1.1505
1.1493
1.1647
1.2132
1.2781
1.3019
1.3175
1.3166
1.2748
1.2167
1.1833
1.1993
1.2237
1.2727
1.2726
1.2808
1.2151
1.1168
1.0513
0.96941
0.8547
0.81396
0.74034
0.63378
0.56831
0.58522
0.65994
0.7431
0.74383
0.63706
0.24848
-0.48098
-1.3452
-1.3969
0.10825
2.4601
4.1429
4.1999
3.0339
1.7296
0.79071
0.12642
-0.39693
-0.80398
-1.1704
-1.462
-1.6783
-1.8531
-2.123
-2.1969
-2.409
-2.5101
-2.6033
-2.6625
-2.6873
-2.6513
-2.5103
-2.1931
-1.7597
-1.5092
-1.5227
-1.9005
-2.2896
-2.5741
-2.4032
-1.9703
-1.4714
-1.105
-1.0179
-0.98496
-0.94264
-0.89086
-0.8295
-0.72147
-0.64052
-0.55899
-0.47687
-0.30969
-0.23548
-0.14181
-0.028466
0.076192
0.18163
0.21109
0.16372
-0.261
-0.85386
-1.5096
-1.8182
-1.619
-0.8765
0.3262
0.94253
1.2149
0.74958
0.28087
0.020135
-0.18187
-0.33462
-0.53933
-0.66378
-0.75834
-0.78155
-0.72233
-0.6109
-0.54024
-0.39611
-0.26146
-0.1469
-0.042105
-0.042239
-0.021186
-0.042502
-0.010658
0.074828
0.18226
0.34407
0.52835
0.68119
0.83484
0.91317
0.87195
0.85232
0.84349
0.8126
0.80352
0.8826
0.99515
1.1414
1.3215
1.3242
1.416
1.3964
1.3989
1.2893
1.2129
1.1811
1.1267
1.0832
0.94917
0.85994
0.73642
0.58986
0.57918
0.5798
0.59177
0.67206
0.58143
0.54767
0.55948
0.5827
0.56018
0.54903
0.53783
0.5037
0.37789
0.30926
0.24058
0.13749
0.17187
0.11458
0.080198
0.057276
0.057264
0.045799
0.045784
0.045767
-0.011437
-0.045723
-0.13709
-0.13701
-0.15974
-0.26223
-0.25064
-0.28458
-0.28433
-0.23862
-0.21568
-0.19278
-0.24921
-0.30551
-0.36167
-0.4064
-0.50737
-0.50673
-0.57354
-0.584
-0.4374
-0.14559
0.044733
0.2345
0.10035
-0.60118
-1.6118
-1.5315
0.79778
3.5399
5.1023
4.2448
2.1904
0.4725
-0.49362
-1.1498
-1.6944
-2.0952
-2.4836
-2.8054
-3.0609
-3.2397
-3.3637
-3.4548
-3.384
-3.2596
-2.996
-2.712
-2.3754
-2.0721
-1.9298
-2.0754
-2.3905
-2.6514
-2.5833
-2.2617
-1.8675
-1.622
-1.388
-1.1547
-0.98509
-0.84745
-0.72073
-0.67785
-0.9683
-1.4554
-1.9098
-2.052
-1.7902
-1.4775
-1.1658
-0.97872
-0.72014
-0.47257
-0.2257
-0.10246
0.071624
0.15328
-0.030618
-0.56063
-1.1912
-1.6474
-1.676
-1.3393
-1.0135
-0.56694
-0.20227
0.10103
0.23215
0.030251
-0.14104
-0.46301
-0.88499
-1.2862
-1.3956
-1.2541
-0.96239
-0.75133
-0.57061
-0.38016
-0.23995
-0.0099917
0.039944
0.15969
0.29925
0.52842
0.69758
0.91641
1.0753
1.1545
1.164
1.1636
1.1533
1.2325
1.3414
1.4802
1.6089
1.7079
1.6877
1.4492
0.87332
0.10915
-0.53576
-0.3869
0.62494
2.0433
2.8763
2.8365
2.2612
1.7058
1.2893
0.91243
0.3868
-0.099182
-0.59512
-0.94232
-1.1309
-1.25
-1.1806
-0.95252
-0.63507
-0.33741
-0.0099249
0.10919
-0.009927
-0.39712
-0.87377
-1.0725
-0.95342
-0.66548
-0.53642
-0.49674
-0.45705
-0.27823
-0.04969
0.11927
0.22862
0.35787
0.41755
0.44741
0.50711
0.50714
0.68617
0.83539
0.99455
1.104
1.1538
1.1936
1.1637
1.1239
1.1836
1.293
1.5018
1.7404
1.8895
1.6606
1.0838
0.17896
-0.46722
-0.079518
1.4311
3.309
4.451
4.3707
3.5257
2.5817
1.777
1.0223
0.35721
-0.16864
-0.54544
-0.8328
-0.98121
-1.189
-1.1489
-1.0297
-0.8215
-0.59363
-0.34615
-0.10875
-0.069173
-0.28645
-0.77011
-1.3323
-1.5092
-1.2028
-0.76864
-0.27578
0.13782
0.33453
0.43268
0.26536
0.13752
0
0.068679
0.039222
0.029399
0.078348
0.10766
0.19563
0.30303
0.37122
0.48813
0.58537
0.72148
0.81843
0.86656
0.86598
0.87511
0.97168
1.0584
1.1741
1.2315
1.2113
0.81341
0.10644
-0.70591
-0.88903
-0.067597
1.766
3.3752
3.98
3.3899
2.4252
1.6157
1.0572
0.67232
0.23996
-0.13429
-0.44095
-0.64185
-0.72761
-0.78456
-0.7554
-0.71672
-0.63989
-0.4868
-0.26711
-0.12395
-0.019058
0.11429
0.21894
0.26639
0.26626
0.36118
0.48451
0.67421
0.92069
0.9962
0.80611
0.25596
-0.53067
-1.1746
-0.86173
0.73838
2.8769
4.2383
4.1426
3.0068
1.7677
0.99235
0.52914
0.20784
-0.1039
-0.42498
-0.75542
-1.0952
-1.2745
-1.3405
-1.2837
-1.1987
-1.0477
-0.87779
-0.72678
-0.57578
-0.42477
-0.32096
-0.18882
-0.075534
0.066101
0.18888
0.32115
0.48181
0.60474
0.64267
0.65227
0.63351
0.70934
0.77575
0.90845
0.97499
0.86167
0.46413
-0.19898
-1.0806
-1.6025
-1.0529
0.98689
3.2277
4.5301
4
2.4999
1.1221
0.36152
-0.19988
-0.5523
-0.77168
-0.93408
-1.0394
-1.1926
-1.2409
-1.2797
-1.2899
-1.2523
-1.2434
-1.1674
-1.0723
-0.88123
-0.71875
-0.50816
-0.27819
-0.086376
0.057611
0.23055
0.34599
0.39422
0.47135
0.5293
0.61617
0.64532
0.69375
0.80969
0.8582
0.95497
0.93599
0.91699
0.90761
0.96582
1.0337
0.86968
0.37694
-0.38668
-1.3826
-1.6923
-0.4739
2.4664
4.9139
5.4558
3.9081
1.8379
0.48364
-0.04836
-0.48354
-0.77355
-0.90875
-0.98587
-1.1789
-1.3717
-1.5741
-1.7376
-1.9009
-2.1412
-2.2558
-2.322
-2.2436
-2.069
-1.9042
-1.7298
-1.4788
-1.1802
-0.84365
-0.63217
-0.65071
-0.90817
-1.337
-1.7075
-1.7056
-1.5037
-1.1881
-0.7784
-0.60671
-0.50172
-0.52935
-0.60406
-0.60311
-0.59273
-0.43206
-0.38443
-0.51478
-0.99965
-1.6412
-2.0661
-1.9691
-1.5201
-0.84169
-0.43378
-0.16576
-0.036751
-0.10083
-0.073156
-0.1642
-0.10009
-0.11799
-0.14484
-0.39725
-0.84636
-1.2301
-1.4684
-1.4552
-1.2907
-1.0029
-0.73441
-0.5028
-0.28139
-0.15778
-0.078635
-0.017417
0.060757
0.11245
0.034483
-0.2835
-0.70198
-1.0236
-1.1305
-0.97391
-0.7172
-0.47916
-0.24286
-0.025029
0.10804
0.14902
0.098956
0.06571
0.040906
0.11408
0.25158
0.3233
0.41051
0.52105
0.65459
0.7552
0.8391
0.91438
0.9262
0.97696
1.0195
1.0461
1.0878
1.0678
1.0784
1.0433
1.0614
1.1021
1.1574
1.2047
1.244
1.2757
1.2405
1.2718
1.3174
1.3116
1.2623
1.2423
1.2225
1.1956
1.1619
1.1142
1.0599
0.999
0.95965
0.92064
0.88891
0.8851
0.88822
0.95987
0.90803
0.78865
0.50778
0.0067424
-0.66475
-1.0298
-0.37297
1.466
3.3629
4.2117
3.7625
2.6379
1.6977
0.95251
0.33567
-0.15435
-0.5062
-0.83633
-1.1069
-1.2994
-1.4465
-1.4667
-1.4303
-1.338
-1.2027
-1.0186
-0.81106
-0.59867
-0.4553
-0.35577
-0.26298
-0.17074
-0.060803
0.084884
0.16325
0.27739
0.34883
0.40192
0.38296
0.35217
0.35728
0.32675
0.37343
0.41401
0.46033
0.48294
0.49372
0.52209
0.53282
0.56108
0.57761
0.58246
0.54081
0.51675
0.44642
0.36473
0.31221
0.30026
0.30566
0.30531
0.31649
0.34491
0.41351
0.45905
0.51601
0.52708
0.4523
0.33759
-0.0057187
-0.62875
-1.2398
-1.1709
0.13704
1.9695
3.1735
2.9735
1.8833
0.78189
0.16553
-0.35394
-0.78797
-1.1252
-1.3598
-1.5375
-1.6755
-1.6992
-1.7116
-1.6325
-1.5419
-1.4111
-1.3376
-1.2641
-1.1559
-1.0995
-1.164
-1.4594
-1.871
-2.1912
-2.2285
-1.9705
-1.5146
-0.99367
-0.64591
-0.48949
-0.51356
-0.55525
-0.59709
-0.68598
-0.89265
-1.1177
-1.3317
-1.4108
-1.4014
-1.2618
-1.1454
-1.0167
-0.89953
-0.7998
-0.70568
-0.58723
-0.58841
-0.72196
-0.99474
-1.2505
-1.3197
-1.2073
-1.0153
-0.73721
-0.519
-0.30596
-0.18398
-0.19668
-0.23407
-0.24694
-0.25987
-0.27905
-0.25482
-0.20556
-0.16232
-0.10638
-0.012543
0.10057
0.2205
0.33466
0.43668
0.47573
0.50859
0.56708
0.5939
0.67204
0.72486
0.82934
0.90205
0.94924
0.98368
0.97934
0.95546
0.95752
0.97262
0.98123
0.98985
0.99191
0.97422
0.91685
0.89888
0.90069
0.92902
0.9242
0.96597
0.99452
1.0298
1.0921
1.1545
1.1902
1.1452
1.0527
0.84501
0.4537
-0.15601
-0.89005
-0.98677
0.18404
2.2187
3.7947
4.0127
3.0723
1.8955
1.0179
0.34434
-0.23447
-0.66982
-0.98873
-1.1907
-1.4001
-1.5128
-1.598
-1.6346
-1.6224
-1.5754
-1.4165
-1.2712
-1.0837
-0.98674
-1.0437
-1.3601
-1.8594
-2.1909
-2.2278
-1.913
-1.3232
-0.69725
-0.36648
-0.24682
-0.33165
-0.40244
-0.44505
-0.47355
-0.48792
-0.5306
-0.5096
-0.50981
-0.45333
-0.41098
-0.31188
-0.25526
-0.17731
-0.14189
-0.014192
0.12066
0.26976
0.3905
0.50418
0.53266
0.56113
0.59669
0.64646
0.71754
0.79572
0.85968
0.82416
0.83125
0.83123
0.86672
0.85957
0.8453
0.83813
0.85226
0.83086
0.85917
0.84487
0.86605
0.88722
0.92966
0.99338
1.0287
1.0782
1.0496
0.85797
0.57423
0.028352
-0.737
-1.3462
-0.97048
0.82156
2.9244
4.007
3.5108
2.1372
0.9764
0.31833
-0.21925
-0.6647
-0.96151
-1.2017
-1.3993
-1.6323
-1.7521
-1.8507
-1.8081
-1.6878
-1.5816
-1.4049
-1.2706
-1.0375
-1.0022
-1.1291
-1.5171
-2.0038
-2.3
-2.1729
-1.7213
-1.1146
-0.60666
-0.40208
-0.4162
-0.54318
-0.60669
-0.62083
-0.64909
-0.64208
-0.59274
-0.48694
-0.4023
-0.34589
-0.30358
-0.28244
-0.17656
-0.035318
0.13424
0.26147
0.43824
0.55147
0.6577
0.65081
0.67931
0.6866
0.69391
0.7579
0.7936
0.82225
0.86512
0.89385
0.92971
0.93012
0.91633
0.85991
0.82477
0.81096
0.86831
0.90438
0.94049
0.94101
0.93442
0.89214
0.88553
0.91465
0.97242
0.90865
1.0309
1.1033
1.1184
1.0402
0.5097
-0.26581
-1.1646
-1.295
0.093596
2.3633
3.9514
4.0194
2.8454
1.6406
0.84628
0.1665
-0.4202
-0.91359
-1.2409
-1.6051
-1.8463
-1.9497
-1.9513
-1.851
-1.7651
-1.5695
-1.4247
-1.2431
-1.2589
-1.4358
-1.7963
-2.018
-2.1446
-2.0216
-1.7658
-1.4065
-1.0982
-0.96639
-0.94509
-0.90897
-0.77662
-0.59963
-0.46679
-0.42269
-0.36368
-0.28228
-0.22304
-0.14138
-0.10426
-0.022361
0.074597
0.17171
0.28393
0.32903
0.38916
0.44939
0.5172
0.52511
0.54052
0.6386
0.70674
0.79755
0.81318
0.82883
0.76909
0.76962
0.72484
0.7631
0.76359
0.77165
0.80998
0.8029
0.85643
0.90243
0.8726
0.83512
0.73682
0.69161
0.63873
0.66187
0.7383
0.7691
0.78468
0.76977
0.80821
0.69412
0.54177
0.12213
-0.5727
-1.2833
-1.0774
0.75667
3.0275
4.3971
4.054
2.6395
1.3774
0.52811
-0.18372
-0.84218
-1.3017
-1.5699
-1.7539
-1.8689
-1.892
-1.8231
-1.7389
-1.5704
-1.4172
-1.2869
-1.2485
-1.1642
-1.3173
-1.5775
-1.9908
-2.2355
-2.2428
-1.9516
-1.4539
-0.95631
-0.65015
-0.55058
-0.51222
-0.50444
-0.46609
-0.47359
-0.69489
-0.99237
-1.3354
-1.518
-1.5861
-1.4711
-1.1962
-0.93677
-0.70037
-0.55548
-0.47916
-0.48654
-0.57748
-0.78984
-1.0855
-1.3277
-1.3725
-1.2277
-1.068
-0.84783
-0.64307
-0.37049
-0.31737
-0.31717
-0.3849
-0.38466
-0.27135
-0.15818
-0.03011
0.075224
0.22552
0.36058
0.48044
0.60764
0.70466
0.80153
0.85335
0.97241
1.0539
1.1129
1.1419
1.141
1.1178
1.0946
1.0789
1.0781
1.0995
1.1506
1.2239
1.2674
1.2812
1.3024
1.3014
1.2634
1.2107
1.2024
1.1645
1.1268
1.1111
1.0661
1.0359
0.99834
1.0049
0.98938
1.0398
1.1195
1.2063
1.2638
1.3138
1.32
1.2024
0.94655
0.48016
-0.27623
-1.075
-1.0523
0.39159
2.6012
4.1267
4.2174
3.1009
1.7984
0.80825
-0.0072108
-0.67727
-1.1303
-1.4531
-1.6316
-1.738
-1.8084
-1.807
-1.7912
-1.6967
-1.5094
-1.3152
-1.0928
-0.89923
-0.74877
-0.93345
-1.3386
-1.864
-2.1895
-2.1665
-1.7248
-1.156
-0.61655
-0.35407
-0.29718
-0.35352
-0.39563
-0.35297
-0.40208
-0.54979
-0.817
-1.0627
-1.2306
-1.2367
-1.0602
-0.84192
-0.61693
-0.5464
-0.51098
-0.54556
-0.59406
-0.62851
-0.78154
-0.99709
-1.2193
-1.281
-1.2243
-1.0148
-0.70844
-0.49274
-0.39527
-0.36724
-0.34618
-0.34591
-0.27651
-0.21412
-0.17254
-0.15861
-0.075798
0.027541
0.075676
0.16498
0.22666
0.32256
0.38402
0.45907
0.53401
0.60882
0.6835
0.75806
0.80521
0.83863
0.85156
0.89169
0.87055
0.78148
0.78083
0.86837
1.0303
1.131
1.191
1.1156
1.162
1.1272
1.1195
1.0782
1.084
1.0562
1.0284
0.99393
0.9998
0.96543
0.97132
0.93703
0.93624
0.93545
0.96137
0.97391
1.0064
1.0455
1.1179
1.1435
1.1293
1.0421
0.92186
0.63617
0.072835
-0.741
-1.3089
-0.93139
0.77885
2.5524
3.4137
3.0226
1.9806
1.0323
0.26282
-0.41364
-0.91853
-1.2588
-1.4676
-1.5844
-1.6815
-1.7131
-1.6989
-1.5998
-1.4422
-1.2913
-1.1341
-1.0097
-0.97657
-1.1517
-1.4893
-1.872
-2.027
-1.8766
-1.5058
-1.1613
-0.86898
-0.73249
-0.65445
-0.58944
-0.53096
-0.49843
-0.55652
-0.65987
-0.91194
-1.1704
-1.3124
-1.254
-0.9888
-0.64619
-0.34245
-0.23259
-0.2778
-0.38116
-0.491
-0.62023
-0.68489
-0.8465
-1.0211
-1.1699
-1.2154
-1.0282
-0.78911
-0.59524
-0.45952
-0.40789
-0.42748
-0.4147
-0.36952
-0.3243
-0.27255
-0.20129
-0.12994
-0.065012
0
0.11067
0.22151
0.34557
0.45027
0.54863
0.6145
0.68706
0.77943
0.81956
0.86638
0.86076
0.86832
0.843
0.83743
0.85829
0.83957
0.82746
0.85511
0.83641
0.81769
0.83223
0.86685
0.90828
0.92982
0.91126
0.87253
0.81354
0.78804
0.77597
0.78417
0.80597
0.8211
0.82272
0.78349
0.76461
0.73883
0.71983
0.6939
0.66788
0.62796
0.58788
0.63776
0.70178
0.80094
0.87268
0.96578
0.90501
0.73144
0.28203
-0.48775
-1.3749
-1.4709
-0.14249
2.0073
3.5026
3.5624
2.4703
1.2494
0.31142
-0.45029
-1.0852
-1.4463
-1.6702
-1.8146
-1.9231
-1.9288
-1.853
-1.7544
-1.6105
-1.4135
-1.4703
-1.7155
-2.0981
-2.4376
-2.5742
-2.5135
-2.1928
-1.8317
-1.4376
-1.203
-1.083
-1.063
-1.0197
-0.92913
-0.76754
-0.62065
-0.52801
-0.4585
-0.41234
-0.34203
-0.23936
-0.16006
-0.024083
0.11273
0.20191
0.30783
0.39001
0.48083
0.5313
0.63125
0.71532
0.79987
0.77738
0.69668
0.45746
-0.033364
-0.76115
-1.5769
-1.7074
-0.76745
0.94709
2.4334
2.8988
2.429
1.6577
0.88233
0.12882
-0.47348
-0.89747
-1.1851
-1.2919
-1.3731
-1.4197
-1.4927
-1.4959
-1.429
-1.309
-1.1444
-0.9526
-0.72468
-0.53126
-0.38144
-0.22217
-0.10683
-0.026753
-0.22331
-0.59942
-1.2007
-1.6602
-1.7704
-1.4669
-0.72994
-0.15339
0.099378
-0.01809
-0.17205
-0.1813
-0.25408
-0.42689
-0.72728
-1.0737
-1.3841
-1.4489
-1.3405
-1.0402
-0.73951
-0.5298
-0.49349
-0.56682
-0.58531
-0.62207
-0.65881
-0.65892
-0.59493
-0.4119
-0.21968
-0.009153
0.14643
0.31112
0.46658
0.64024
0.77718
0.87743
0.99582
1.0867
1.15
1.1584
1.2033
1.2024
1.2197
1.2552
1.2995
1.362
1.4151
1.4862
1.5209
1.5645
1.6531
1.6511
1.6221
1.548
1.4921
1.4093
1.3625
1.3427
1.305
1.2495
1.1762
1.1566
1.1103
1.1262
1.1154
1.0958
1.0321
0.98627
0.9493
0.85103
0.79687
0.71668
0.62805
0.56587
0.55604
0.54624
0.62299
0.7512
0.92194
1.0747
1.141
1.2584
1.2556
1.1165
0.63776
-0.24604
-1.456
-2.0945
-0.97739
1.5972
3.8074
4.4175
3.2051
1.5488
0.29073
-0.53034
-1.2482
-1.7317
-1.999
-2.0679
-2.0383
-2.0659
-2.0282
-2.1694
-2.3099
-2.5628
-2.7742
-2.912
-2.9529
-2.8494
-2.5948
-2.2697
-1.9621
-1.6561
-1.4227
-1.1905
-0.96732
-0.75309
-0.83727
-1.0693
-1.4637
-1.8096
-1.7586
-1.5146
-1.2642
-1.0381
-0.88211
-0.68864
-0.52666
-0.44161
-0.38736
-0.2955
-0.24943
-0.21866
-0.33096
-0.57029
-0.87584
-1.0903
-1.0952
-0.97366
-0.68959
-0.5918
-0.53876
-0.58905
-0.59503
-0.54968
-0.42411
-0.37207
-0.26932
-0.12346
-0.21739
-0.41211
-0.79353
-1.0293
-0.94804
-0.71664
-0.46481
-0.30682
-0.16376
-0.16341
-0.12762
-0.077823
-0.04236
0.0070453
0.070308
0.13331
0.23807
0.3424
0.48119
0.5707
0.63903
0.70016
0.82333
0.9115
0.99933
1.0387
1.0642
1.069
1.0465
1.0787
1.0495
1.0816
1.1543
1.159
1.1434
1.0806
1.045
1.0162
1.0481
1.0664
1.0981
1.0829
1.0878
1.086
1.051
1.0293
1.0675
1.1187
1.1104
1.0691
1.0015
0.94082
0.89342
0.88554
0.85805
0.81756
0.76415
0.68481
0.65129
0.60486
0.61054
0.59026
0.57653
0.61459
0.65257
0.64529
0.64449
0.62439
0.59149
0.52015
0.47465
0.46129
0.40958
0.41552
0.49808
0.61238
0.73919
0.87212
0.96664
0.88947
0.66647
0.1078
-0.7983
-1.4939
-0.95504
0.82786
2.6205
3.3693
2.6291
1.3546
0.41553
-0.25166
-0.76079
-1.1499
-1.3816
-1.5063
-1.6875
-1.812
-1.9553
-2.0672
-2.1227
-2.1219
-1.996
-1.8515
-1.6446
-1.4879
-1.3188
-1.1936
-1.0809
-1.1557
-1.3118
-1.5116
-1.5491
-1.4741
-1.3555
-1.2495
-1.1621
-1.1248
-1.0563
-0.9628
-0.85051
-0.73192
-0.60703
-0.51336
-0.42591
-0.40731
-0.54546
-0.81552
-1.1236
-1.3065
-1.2383
-1.019
-0.74914
-0.58595
-0.5171
-0.50495
-0.44226
-0.36682
-0.33555
-0.34227
-0.46958
-0.64804
-0.80152
-0.80257
-0.6761
-0.51737
-0.35821
-0.3139
-0.31439
-0.32133
-0.28324
-0.20634
-0.14857
-0.090599
-0.038901
0.03248
0.12367
0.23479
0.32678
0.37988
0.46605
0.53946
0.63302
0.72044
0.78844
0.81695
0.83233
0.87454
0.9237
0.93961
0.9893
1.0258
1.0829
1.0589
1.0416
0.99699
1.0069
0.99634
1.0271
1.0443
1.0477
1.0582
1.0549
1.0094
1.006
1.0025
0.99909
0.96722
0.95657
0.96021
0.9711
1.0038
1.0295
0.98996
0.91359
0.85864
0.86959
0.87326
0.96617
0.97034
0.96708
0.90357
0.87735
0.83572
0.79373
0.78205
0.74716
0.71197
0.76976
0.96874
1.154
1.2227
1.2366
1.0754
0.64842
-0.177
-0.72772
-0.073141
1.6418
3.2266
3.7714
2.9034
1.7344
0.78795
0.016853
-0.66923
-1.2945
-1.8151
-2.3155
-2.6394
-2.7929
-2.7905
-2.7177
-2.644
-2.5873
-2.512
-2.3011
-1.9883
-1.6811
-1.471
-1.4515
-1.7551
-2.1641
-2.6989
-2.8451
-2.7379
-2.4205
-2.0329
-1.7848
-1.6208
-1.5228
-1.414
-1.3235
-1.232
-1.0602
-0.94624
-0.88111
-0.83538
-0.76889
-0.67116
-0.52127
-0.31846
-0.10325
0.010376
0.15641
0.28292
0.42117
0.53957
0.6378
0.66215
0.68667
0.72215
0.86616
0.87002
0.72092
0.18649
-0.79322
-1.7148
-1.6663
-0.3346
1.3213
2.608
2.7195
2.1633
1.3414
0.50195
-0.2633
-0.83851
-1.2331
-1.4336
-1.5193
-1.6053
-1.505
-1.3572
-1.267
-1.1057
-0.94342
-0.65018
-0.40287
-0.19001
-0.13091
-0.54854
-1.2067
-1.9629
-2.3379
-2.1135
-1.4311
-0.90319
-0.67522
-0.73634
-0.76126
-0.59263
-0.53258
-0.44815
-0.53324
-0.64259
-0.71557
-0.60654
-0.36396
-0.16984
-0.01213
-0.16977
-0.65459
-1.2843
-1.671
-1.6335
-1.2452
-0.7005
-0.48258
-0.4579
-0.54154
-0.46866
-0.35995
-0.23957
-0.26305
-0.57285
-1.0362
-1.3549
-1.2689
-0.84001
-0.38947
-0.035316
-0.011741
-0.093667
-0.29187
-0.41904
-0.47578
-0.45113
-0.38048
-0.27578
-0.13741
0.045641
0.34106
0.54365
0.68824
0.77544
0.8283
0.80262
0.89917
0.96167
1.0125
1.0848
1.1781
1.2813
1.297
1.3446
1.3596
1.417
1.4737
1.5402
1.6269
1.6605
1.7662
1.7364
1.7273
1.7285
1.7091
1.6898
1.6404
1.5614
1.5131
1.4651
1.4373
1.4391
1.4116
1.4036
1.4342
1.4452
1.418
1.372
1.3548
1.319
1.3207
1.2854
1.2321
1.1519
1.0544
1.0302
0.90752
0.83085
0.79057
0.7419
0.7289
0.68111
0.65121
0.56984
0.54088
0.5464
0.55185
0.49814
0.43662
0.40918
0.37374
0.38824
0.40259
0.41679
0.37395
0.33155
0.28156
0.26411
0.27072
0.27728
0.26013
0.25884
0.22636
0.22526
0.15461
0.15388
0.16082
0.16008
0.20489
0.36261
0.58665
0.72639
0.74565
0.38611
-0.53979
-1.2888
-0.63814
1.1325
2.6783
3.0162
2.0371
0.89969
0.13627
-0.60036
-1.2892
-1.8103
-2.1866
-2.3842
-2.5316
-2.531
-2.4677
-2.4189
-2.3427
-2.4127
-2.4203
-2.4419
-2.319
-2.1488
-2.0069
-1.9206
-1.8757
-1.7766
-1.6373
-1.458
-1.3336
-1.2233
-1.1808
-1.2936
-1.46
-1.6999
-1.7985
-1.7495
-1.5936
-1.4315
-1.2832
-1.1819
-1.0943
-0.99358
-0.89305
-0.81267
-0.80568
-0.76548
-0.68543
-0.62544
-0.50563
-0.37257
-0.19295
-0.039927
0.1065
0.25301
0.33303
0.45314
0.55339
0.62045
0.63423
0.60131
0.59513
0.61576
0.68336
0.74445
0.71173
0.49074
0.020193
-0.64706
-1.0057
-0.58134
0.47392
1.6207
2.065
1.9053
1.3634
0.77862
0.28742
-0.144
-0.45351
-0.60598
-0.69013
-0.76778
-0.78343
-0.7436
-0.55732
-0.37713
-0.19605
-0.098282
-0.16189
-0.43054
-0.84224
-1.1569
-1.2884
-1.128
-0.84494
-0.57458
-0.41786
-0.3469
-0.36976
-0.42914
-0.51082
-0.52717
-0.55833
-0.51601
-0.39945
-0.23754
-0.052146
0.059809
0.16507
0.24099
0.27212
0.35659
0.4341
0.55044
0.61395
0.7088
0.78893
0.83088
0.86538
0.86104
0.84095
0.86017
0.91918
0.9946
1.0067
1.0431
1.0797
1.0357
1.0564
1.061
1.1311
1.2019
1.2402
1.2041
1.1677
1.1477
1.1613
1.158
1.0952
1.0746
1.0794
1.1617
1.2448
1.3199
1.352
1.3932
1.5316
1.6536
1.6878
1.5705
1.4433
0.92756
0.15379
-0.8452
-0.84907
0.5503
2.5245
3.8133
3.6169
2.6527
1.6326
0.78232
-0.047341
-0.82746
-1.3471
-1.7466
-2.0437
-2.2949
-2.4121
-2.4032
-2.2568
-2.1485
-2.1975
-2.3064
-2.4162
-2.3765
-2.2759
-2.1035
-2.0717
-1.9886
-1.9661
-1.8611
-1.7758
-1.7311
-1.5299
-1.3479
-1.07
-0.8214
-0.50742
-0.18039
0.12781
0.21382
0.03219
-0.45228
-1.1455
-1.8003
-2.1656
-2.1293
-1.5886
-1.0662
-0.71679
-0.63057
-0.63253
-0.60106
-0.53588
-0.63821
-0.75232
-1.0472
-1.2081
-1.2
-1.0328
-0.6827
-0.38781
-0.37729
-0.46983
-0.57423
-0.55244
-0.44979
-0.41601
-0.35891
-0.30157
-0.3021
-0.22113
-0.06994
0.15176
0.42086
0.72577
1.0314
1.2673
1.4565
1.4109
0.97675
0.21199
-0.62464
-1.0496
-0.89672
-0.23608
0.54317
0.90944
1.0631
0.93325
0.7324
0.49608
0.24798
0.02361
-0.2714
-0.70765
-1.0373
-1.2721
-1.177
-0.82316
-0.49342
-0.28165
-0.12894
-0.093657
0.011691
0.011675
0.069941
0.15129
0.24398
0.34791
0.40513
0.27725
-0.17292
-0.63269
-1.1592
-1.3169
-1.268
-0.91157
-0.45461
-0.06801
0.16956
0.090175
0.011239
-0.067233
-0.055856
-0.15591
-0.23311
-0.1549
0.099241
0.28571
0.42707
0.60013
0.71754
0.87736
1.0251
1.118
1.1243
1.0879
1.0092
0.96278
0.95882
1.1332
1.3061
1.519
1.6885
1.8359
1.8894
1.8197
1.6793
1.5096
1.422
1.3753
1.4289
1.5118
1.6235
1.7341
1.7848
1.8153
1.8261
1.769
1.6451
1.5223
1.3339
1.2231
1.1417
1.1268
1.14
1.1716
1.2307
1.372
1.4478
1.4681
1.4792
1.49
1.4289
1.3684
1.3262
1.249
1.1725
1.1318
1.0479
0.96471
0.87369
0.77491
0.67705
0.5801
0.55198
0.52411
0.47127
0.38538
0.367
0.30726
0.32247
0.39518
0.45088
0.53062
0.56906
0.63149
0.6128
0.60232
0.51994
0.47011
0.38893
0.3242
0.34662
0.28256
0.31282
0.29613
0.2718
0.22443
0.28538
0.51507
0.64368
0.79442
0.76912
0.48589
-0.2725
-0.87554
-0.46664
0.86317
2.2607
2.7177
2.0481
1.2035
0.4521
-0.22183
-0.84109
-1.3031
-1.6383
-1.899
-2.1661
-2.352
-2.501
-2.5695
-2.5072
-2.4816
-2.3548
-2.2936
-2.0377
-1.8692
-1.7301
-1.6922
-1.7696
-1.8686
-1.9603
-1.966
-1.9718
-1.9419
-1.8835
-1.6965
-1.5527
-1.3591
-1.1513
-1.0081
-0.89363
-0.92219
-1.0724
-1.3656
-1.609
-1.781
-1.7887
-1.7178
-1.6542
-1.526
-1.4481
-1.3414
-1.1916
-0.98419
-0.76212
-0.53972
-0.36015
-0.24515
-0.14436
-0.050584
0.043409
0.10141
0.23936
0.32684
0.38548
0.41518
0.39392
0.46028
0.5342
0.68901
0.80031
0.83112
0.82523
0.76768
0.68777
0.59275
0.59391
0.55789
0.76026
0.91867
1.0927
0.99754
0.57876
-0.052729
-0.76249
-0.85499
0.0455
1.5581
2.8416
3.1231
2.6789
1.941
1.2458
0.63213
0.054093
-0.44929
-0.71441
-0.84071
-0.84279
-0.81358
-0.77639
-0.77833
-0.9379
-1.1062
-1.2753
-1.3579
-1.425
-1.4126
-1.2881
-1.163
-1.0453
-0.91084
-0.84037
-0.69664
-0.53595
-0.40701
-0.29376
-0.17178
-0.073797
-0.032877
0.024716
-0.0082582
0.024833
0
0.049895
0.17503
0.35921
0.4856
0.49506
0.69796
0.72475
0.86142
0.93093
0.85654
0.90927
0.92813
0.87878
0.76936
0.67662
0.71222
0.72213
0.81817
0.84551
0.84698
0.8311
0.84116
0.95544
1.1135
1.2634
1.3177
1.2671
1.1552
0.99028
0.91263
0.75565
0.69502
0.68705
0.6614
0.75043
0.94567
1.1236
1.169
1.1435
0.96709
0.58608
-0.22218
-1.0584
-0.87223
0.45422
2.0943
2.9159
2.9531
2.2851
1.6074
0.75936
-0.11618
-0.73304
-1.0998
-1.4578
-1.8964
-2.1739
-2.3173
-2.2637
-2.1742
-2.0846
-2.0486
-2.0483
-2.03
-1.8954
-1.7787
-1.4654
-1.2416
-1.1071
-0.96386
-1.0972
-1.3284
-1.6128
-1.7989
-1.6909
-1.4763
-1.342
-1.2344
-1.1802
-1.0462
-1.0099
-0.99125
-1.1141
-1.1572
-1.1208
-1.0667
-0.95109
-0.8269
-0.64145
-0.52661
-0.38573
-0.2189
-0.069961
0.052405
0.23552
0.40073
0.5829
0.7385
0.81558
0.8491
0.83925
0.85533
0.87134
0.86145
0.86878
0.87607
0.84902
0.74497
0.71818
0.70853
0.70743
0.75739
0.78168
0.8059
0.78768
0.79489
0.82739
0.8345
0.83317
0.82344
0.7634
0.77056
0.80278
0.82655
0.81691
0.77401
0.76448
0.70521
0.68755
0.58723
0.51201
0.42877
0.31286
0.24663
0.13134
0.049181
0.040925
0.02452
-0.032647
0.032602
0.056976
0.15444
0.15424
0.17836
0.18623
0.24261
0.32309
0.43566
0.45934
0.52322
0.55481
0.56226
0.52156
0.4489
0.43246
0.33605
0.25581
0.19969
0.1277
0.039875
0.023908
0.015928
0
0.071586
0.071547
0.1748
0.41298
0.62716
0.76977
0.80919
0.74552
0.39647
-0.26955
-0.35671
0.46765
1.7358
2.3938
1.9818
1.1099
0.31718
-0.23794
-0.74577
-1.1587
-1.5165
-1.8587
-2.1219
-2.2504
-2.2836
-2.3249
-2.3266
-2.3285
-2.1628
-1.997
-1.815
-1.7208
-1.7066
-1.7246
-1.8069
-1.7931
-1.7471
-1.7494
-1.7196
-1.617
-1.498
-1.4598
-1.4622
-1.3995
-1.1819
-0.96351
-0.83439
-0.75401
-0.78011
-0.95445
-1.2862
-1.6855
-1.6891
-1.3277
-0.8067
-0.55848
-0.55142
-0.63648
-0.68839
-0.69851
-0.6412
-0.5498
-0.55122
-0.51867
-0.52858
-0.47017
-0.30859
-0.12894
0.043101
0.11238
0.19073
0.33041
0.40987
0.56853
0.68428
0.82715
0.85616
0.95618
0.99467
1.0512
1.126
1.1923
1.2411
1.2811
1.3033
1.244
1.1387
1.0327
1.0544
1.159
1.2181
1.1295
0.74307
0.018637
-0.8414
-1.0786
-0.16937
1.5576
3.4851
4.0284
3.6219
2.553
1.6498
0.91413
0.27992
-0.26143
-0.72844
-1.1496
-1.544
-1.7643
-2.0153
-2.1692
-2.2744
-2.2512
-2.1284
-1.895
-1.6803
-1.5545
-1.3274
-0.9982
-0.6571
-0.43581
-0.2845
-0.15279
-0.071475
0.010235
0.11285
0.13367
0.16488
0.1136
0.031046
-0.1037
-0.18703
-0.062464
0.19817
0.48065
0.7327
0.88071
0.89264
0.95713
0.94802
1.0337
1.1196
1.1951
1.2601
1.2721
1.2629
1.2854
1.3291
1.3409
1.3633
1.2577
1.0985
0.91775
0.80077
0.73702
0.74798
0.82301
0.75905
0.58808
0.44912
0.45981
0.63086
0.83391
1.0154
1.0579
1.0682
1.0785
1.0673
1.0774
1.0127
1.1399
1.0539
0.98918
0.9033
0.69011
0.62578
0.52976
0.508
0.46511
0.36952
0.35849
0.43172
0.54677
0.66147
0.62902
0.52336
0.37621
0.30256
0.38536
0.40548
0.41513
0.39365
0.31019
0.22704
0.19569
0.17474
0.15387
0.21498
0.21453
0.22427
0.081376
-0.0203
-0.13166
-0.17178
-0.12099
-0.050296
0.040145
0.070091
0.029969
-0.099664
-0.15909
-0.28767
-0.2672
-0.20733
-0.039397
0.29477
0.53913
0.61607
0.68289
0.54502
-0.15535
-1.0074
-0.66678
0.91587
2.5584
3.0707
2.1541
0.92651
0.11436
-0.62755
-1.2049
-1.7134
-2.1157
-2.5164
-2.9248
-3.2189
-3.3152
-3.2243
-3.0312
-2.8111
-2.6012
-2.5127
-2.4802
-2.5033
-2.4803
-2.4115
-2.297
-2.1555
-2.1062
-1.9748
-1.7982
-1.595
-1.5562
-1.4722
-1.4157
-1.5044
-1.5568
-1.7447
-1.8509
-1.8849
-1.8558
-1.6828
-1.4654
-1.2395
-1.023
-0.8966
-0.77943
-0.66247
-0.5636
-0.52748
-0.5093
-0.51796
-0.46416
-0.42827
-0.34784
-0.32098
-0.22284
-0.05347
0.11583
0.26727
0.40088
0.45432
0.58796
0.73947
0.91778
1.0873
1.2034
1.2394
1.3022
1.2938
1.2765
1.2056
1.1795
1.1175
1.0108
0.97568
0.95843
1.0039
0.99573
0.79902
0.32347
-0.3957
-0.93615
-0.51357
1.0011
2.8258
3.8319
3.637
2.69
1.8045
1.1076
0.53627
0.10011
-0.27336
-0.60215
-0.91354
-1.1709
-1.4014
-1.6694
-1.9288
-2.0327
-2.054
-1.9555
-1.8013
-1.6189
-1.4082
-1.1783
-0.9571
-0.81894
-0.5965
-0.38271
-0.14958
0.018726
0.16879
0.26297
0.36683
0.45218
0.51892
0.50082
0.49212
0.51182
0.5126
0.53239
0.55224
0.53399
0.49659
0.42081
0.42143
0.44123
0.51871
0.59641
0.69359
0.68492
0.66655
0.71583
0.77491
0.97964
1.1072
1.2739
1.3632
1.3064
1.2788
1.1826
1.0861
0.96006
0.85327
0.70695
0.64875
0.61993
0.63043
0.62121
0.63171
0.76076
0.81093
0.82158
0.77277
0.6247
0.52599
0.49662
0.50695
0.58691
0.65703
0.71726
0.74765
0.74814
0.73862
0.65916
0.5596
0.50991
0.42014
0.38031
0.31039
0.31052
0.32067
0.35086
0.37104
0.45141
0.51175
0.49181
0.50197
0.39162
0.24104
0.12054
0.030139
-0.020095
0
0.030148
0.1206
0.070349
0.070349
0.060298
0.13064
0.3115
0.61291
0.69321
0.70317
0.57249
0.3113
-0.43173
-0.93354
-0.23082
1.2843
2.618
2.8379
1.995
1.0723
0.35065
-0.30046
-0.83096
-1.291
-1.6507
-1.95
-2.2791
-2.5279
-2.7365
-2.885
-2.9934
-2.982
-2.8709
-2.72
-2.4797
-2.2494
-2.1388
-2.0283
-1.8781
-1.7778
-1.7668
-1.9642
-2.201
-2.2691
-2.3272
-2.1674
-1.899
-1.5321
-1.2052
-1.1254
-1.2036
-1.469
-1.6553
-1.9102
-2.2238
-2.3894
-2.3485
-2.1897
-2.0312
-1.8533
-1.7442
-1.5961
-1.4873
-1.32
-1.1334
-0.94704
-0.72195
-0.55568
-0.41888
-0.30175
-0.1459
0.068032
0.21365
0.44637
0.57206
0.72661
0.79378
0.87051
0.87945
0.91734
0.91657
0.87723
0.85722
0.8661
0.93265
0.93183
0.9022
0.86304
0.89099
0.96675
1.0997
1.2898
1.279
1.4018
1.4576
1.5037
1.5022
1.3773
1.2715
1.1944
1.1268
1.1446
1.1434
1.1044
1.0466
0.97015
0.84677
0.71426
0.65713
0.60012
0.56196
0.52389
0.41114
0.31733
0.28898
0.40967
0.49286
0.57584
0.63077
0.63924
0.63842
0.62836
0.59986
0.53455
0.51544
0.52394
0.49569
0.50418
0.47603
0.50279
0.43819
0.32818
0.20937
0.11817
0.018154
-0.027192
0.036202
0.10845
0.19853
0.24328
0.34189
0.35934
0.41261
0.43885
0.37558
0.33929
0.31203
0.24923
0.17775
0.11536
0.044299
-0.079613
-0.11482
0.052909
0.33456
0.39557
0.44761
0.35051
0.14873
-0.41056
-1.0728
-0.71405
0.51296
1.9098
2.3228
1.7308
0.76036
0.051763
-0.59437
-1.2557
-1.6918
-2.0237
-2.3033
-2.4281
-2.4929
-2.4978
-2.5623
-2.6522
-2.6994
-2.6787
-2.5565
-2.3248
-2.1782
-2.1332
-1.9873
-1.8586
-1.7639
-1.7198
-1.8938
-1.925
-1.8727
-1.7286
-1.6183
-1.4999
-1.3569
-1.0894
-0.91391
-0.89646
-0.88737
-0.98604
-1.0597
-1.2575
-1.4632
-1.5943
-1.585
-1.4602
-1.2532
-1.1207
-1.0048
-1.0043
-1.152
-0.95418
-0.77296
-0.40281
-0.26299
-0.23829
-0.21361
-0.13965
-0.057501
0.016429
0.082147
0.12323
0.20542
0.24655
0.22195
0.23846
0.31257
0.38676
0.4281
0.48598
0.5357
0.55253
0.60241
0.70195
0.76035
0.83543
0.96036
1.0027
1.0618
1.038
1.0059
0.9821
0.92497
0.95119
0.96081
0.95379
0.95517
0.93143
0.89086
0.87546
0.85162
0.8193
0.79537
0.86464
0.83229
0.85092
0.79293
0.76037
0.71915
0.64347
0.69647
0.86177
0.94148
1.0043
1.0327
1.0526
1.0116
1.0404
0.96418
0.93155
0.87234
0.82168
0.81507
0.65742
0.75727
0.69689
0.64514
0.56615
0.56782
0.51528
0.54405
0.66395
0.91232
0.99753
1.019
1.0499
0.96084
0.65807
0.083687
-0.17725
0.30886
1.5118
2.4967
2.5995
1.9443
0.97063
0.10503
-0.63229
-1.2881
-1.8518
-2.2839
-2.6218
-2.7281
-2.8057
-2.776
-2.6672
-2.5478
-2.4177
-2.3462
-2.1047
-1.9515
-1.9078
-2.0047
-2.1831
-2.3018
-2.3601
-2.2452
-2.1397
-2.0129
-1.8853
-1.7257
-1.5134
-1.3412
-1.1471
-1.0772
-1.0279
-1.0729
-1.1076
-1.079
-1.0289
-0.79766
-0.58649
-0.3528
-0.21436
-0.064468
0.053853
0.17274
0.28135
0.31451
0.36954
0.35943
0.43657
0.40463
0.48211
0.54887
0.59383
0.58383
0.55169
0.5415
0.53124
0.59848
0.69916
0.76671
0.80099
0.81301
0.90302
0.91503
0.92698
0.89416
0.86122
0.79459
0.795
0.76173
0.68355
0.57164
0.52689
0.47087
0.5045
0.57171
0.54919
0.41458
0.20161
0.033586
0.011189
0.033546
0.20113
0.32378
0.53542
0.76889
0.99068
1.0117
0.89942
0.75404
0.69758
0.72967
0.66226
0.6501
0.56094
0.46107
0.42729
0.34988
0.27275
0.21772
0.14119
0.097511
0.064846
0.04312
-0.053758
-0.13939
-0.23523
-0.23456
-0.22323
-0.15897
-0.10565
-0.052658
0.010498
0.052314
0.10427
0
-0.02071
-0.072225
-0.1028
-0.12291
-0.14285
-0.091482
-0.17213
-0.25214
-0.34154
-0.34016
-0.23913
-0.049612
0.14821
0.23614
0.36249
0.39994
0.067985
-0.41579
0.019253
1.2267
2.6045
3.0675
2.5052
1.6185
0.7306
-0.027969
-0.82588
-1.5239
-2.0407
-2.3238
-2.4858
-2.5374
-2.4802
-2.4953
-2.4744
-2.4892
-2.5392
-2.5006
-2.287
-1.901
-1.5187
-1.261
-1.1088
-0.99228
-1.0897
0.90657
