-0.38506
-0.55834
-0.722
-0.84716
-0.85679
-0.77978
-0.64501
-0.50061
-0.26956
0.13478
0.64502
1.0975
1.4248
1.5211
1.55
1.4152
1.1457
0.65467
0.07702
-0.40435
-0.76057
-1.0205
-1.0013
-0.9435
-0.89536
-0.89536
-1.0398
-1.2131
-1.3671
-1.3767
-1.2227
-0.95312
-0.66429
-0.3851
-0.24068
-0.19255
-0.16366
-0.23105
-0.35621
-0.51024
-0.64502
-0.70277
-0.65463
-0.52948
-0.42358
-0.46209
-0.45246
-0.35619
-0.10589
0.19253
0.49095
0.65459
0.68346
0.60645
0.42355
0.086633
-0.37541
-0.83744
-1.2128
-1.3861
-1.3957
-1.3379
-1.3668
-1.463
-1.5015
-1.5111
-1.4726
-1.3282
-1.126
-0.85655
-0.67368
-0.62555
-0.83726
-1.2318
-1.5205
-1.7418
-1.5686
-1.4915
-1.5011
-1.7321
-2.0881
-2.1073
-1.9244
-1.6549
-1.3855
-1.1161
-0.96212
-0.82741
-0.7408
-0.6542
-0.63495
-0.49063
-0.29822
-0.086578
0.067337
0.202
0.25971
0.29818
0.30779
0.27893
0.18274
-0.019236
-0.27891
-0.58666
-0.95209
-1.1733
-1.3559
-1.2694
-1.2309
-1.0962
-0.86539
-0.67307
-0.27883
0.019229
0.1346
0.086527
-0.038455
-0.2884
-0.58641
-0.85555
-0.85552
-1.0285
-1.0958
-0.99
-0.72085
-0.41327
-0.14416
0.038442
0.15376
0.24985
0.34594
0.53811
0.663
0.76867
0.80708
0.7494
0.50919
-0.038428
-0.60522
-1.172
-1.4889
-1.5081
-1.6713
-2.0074
-2.3531
-2.6315
-2.5546
-2.3336
-2.0838
-1.8917
-1.9108
-2.0548
-2.1891
-2.3042
-2.2177
-1.9584
-1.5072
-1.0559
-0.67193
-0.30715
-0.086383
0.0095977
0.019195
-0.067178
-0.15354
-0.18232
-0.10555
0.067166
0.20149
0.29742
0.18228
-0.019187
-0.29738
-0.43166
-0.28776
-0.16306
-0.076729
-0.22058
-0.38361
-0.48908
-0.46987
-0.32602
-0.20135
-0.095878
-0.13422
-0.20132
-0.23966
-0.18213
-0.12461
0
0.27795
0.50795
0.66126
0.64206
0.56536
0.49826
0.43116
0.45988
0.5365
0.69933
0.91004
1.1016
1.1877
1.0536
0.72787
0.4118
0.43093
0.60327
0.72771
0.5266
0.11489
-0.12446
-0.2106
-0.12444
-0.019144
0.10528
0.18184
0.24882
0.33494
0.36362
0.43058
0.5358
0.62188
0.56444
0.37308
0.066959
-0.28695
-0.63125
-0.91813
-1.0615
-0.92758
-0.51635
-0.06693
0.32507
0.53538
0.66918
0.60222
0.25808
-0.17204
-0.50654
-0.66897
-0.68804
-0.56377
-0.44908
-0.47771
-0.54456
-0.69737
-0.85016
-1.022
-1.1175
-1.2129
-1.2128
-1.1268
-1.0121
-0.9357
-0.85926
-0.78282
-0.65867
-0.63954
-0.64904
-0.66808
-0.78256
-1.0592
-1.2214
-1.2404
-0.87775
-0.42931
-0.20987
-0.22893
-0.55321
-0.62947
-0.78202
-0.71521
-0.65794
-0.61976
-0.61971
-0.6864
-0.68636
-0.63865
-0.61954
-0.60043
-0.60039
-0.67658
-0.72417
-0.7527
-0.76218
-0.73354
-0.74301
-0.54293
-0.28573
0.057142
0.35235
0.46659
0.36182
0.11425
-0.36177
-0.94242
-1.4278
-1.8941
-2.2175
-2.4267
-2.4931
-2.4834
-2.4167
-2.2547
-2.0358
-1.7312
-1.4553
-1.1128
-0.88443
-0.70369
-0.46592
-0.23769
-0.028521
0.047532
0.08555
0.038019
-0.0095041
-0.10454
-0.30408
-0.40858
-0.23753
0.28501
0.88346
1.2633
1.1303
0.76928
0.25641
-0.12344
-0.40829
-0.63611
-0.731
-0.73094
-0.66444
-0.61693
-0.55993
-0.44601
-0.33211
-0.29413
-0.30359
-0.31306
-0.36046
-0.26558
-0.085358
0.1707
0.40775
0.58787
0.72056
0.85323
1.1091
1.2133
1.071
0.71078
0.30324
-0.075804
-0.44531
-0.59686
-0.66312
-0.56834
-0.38833
-0.17994
0.02841
0.19885
0.28405
0.31243
0.27454
0.22718
0.2177
0.16089
0.1041
0.047314
0.028386
0
-0.075682
-0.094595
-0.17026
-0.3594
-0.75656
-0.69976
-0.17965
0.7091
1.6261
1.7583
1.3706
0.62379
-0.23626
-0.87882
-1.3512
-1.5778
-1.6438
-1.6059
-1.5207
-1.4167
-1.3127
-1.2087
-1.1047
-1.0197
-0.88742
-0.70798
-0.5569
-0.60404
-0.67005
-0.62281
-0.5567
-0.52835
-0.60377
-0.57542
-0.47161
-0.22635
-0.0094306
0.066008
-0.10372
-0.50912
-0.9333
-1.3386
-1.5269
-1.5551
-1.6115
-1.6302
-1.6866
-1.7241
-1.7805
-1.7426
-1.7048
-1.5916
-1.4502
-1.2806
-1.1299
-1.045
-0.94138
-0.81893
-0.64002
-0.44233
-0.3576
-0.50812
-0.63039
-0.32928
0.43272
1.4391
2.0504
2.2007
1.7773
1.1095
0.43249
-0.0094011
-0.41361
-0.56396
-0.6767
-0.74242
-0.86451
-1.1275
-1.3811
-1.6534
-1.8317
-1.8316
-1.653
-1.3147
-0.9484
-0.65725
-0.25349
0.15959
0.58197
0.95736
1.3514
1.8111
2.2051
2.2706
1.9514
1.379
0.64721
-0.0093791
-0.46891
-0.64704
-0.7595
-0.84381
-0.94686
-1.1155
-1.331
-1.4902
-1.5369
-1.5649
-1.4336
-1.1992
-0.88996
-0.61824
-0.42149
-0.34652
-0.4776
-0.62738
-0.85203
-1.0486
-1.1046
-0.61779
0.29015
1.3664
2.0307
1.9931
1.4034
0.5239
-0.23386
-0.8699
-1.2439
-1.4215
-1.5242
-1.6176
-1.7951
-1.9819
-2.1874
-2.2713
-2.3085
-2.2616
-2.1679
-2.0182
-1.8686
-1.7283
-1.4759
-1.0555
-0.61641
-0.11206
0.35484
0.88702
1.3257
1.6057
1.6335
1.4001
0.84929
0.24263
-0.25194
-0.49451
-0.56911
-0.69033
-0.74624
-0.93271
-1.1005
-1.2589
-1.3614
-1.3893
-1.3052
-1.1187
-0.86689
-0.59652
-0.28891
0
0.27954
0.4845
0.55899
0.42852
0.47506
0.7917
1.4994
2.3561
2.8959
2.9795
2.4765
1.6198
0.67021
-0.18615
-0.95861
-1.4052
-1.6563
-1.8237
-1.9073
-2.0001
-2.1395
-2.13
-2.074
-1.9436
-1.7854
-1.5993
-1.3481
-1.0133
-0.62282
-0.20449
0.037177
0.13011
0.22302
0.3438
0.44597
0.40878
0.21366
-0.17649
-0.7802
-1.3931
-1.8016
-2.0521
-1.9777
-1.8383
-1.6246
-1.3646
-1.0489
-0.76105
-0.55682
-0.47326
-0.4825
-0.45463
-0.37109
-0.2783
-0.13914
-0.046376
-0.0092744
-0.0092736
-0.12982
-0.37089
-0.48211
-0.26885
0.20394
1.0938
1.7888
2.1686
2.048
1.5011
0.76904
-0.027794
-0.77818
-1.3154
-1.4635
-1.4819
-1.3892
-1.4724
-1.676
-1.8425
-1.9442
-2.0367
-2.0735
-2.0178
-1.8418
-1.4252
-0.74033
-0.037014
0.55516
0.99921
1.4247
1.7761
2.0165
1.9701
1.6555
0.98027
0.13871
-0.61951
-1.2482
-1.6456
-1.9136
-2.0336
-2.0242
-1.9317
-1.7097
-1.4786
-1.2197
-1.0441
-0.85923
-0.6744
-0.39722
-0.12008
0.1016
0.27707
0.40635
0.47096
0.36012
0.092332
-0.24005
-0.22157
0.1477
0.74768
1.1907
1.0798
0.57218
-0.27684
-1.0427
-1.6424
-1.9006
-1.9005
-1.6513
-1.1992
-0.81169
-0.53494
-0.41501
-0.30432
-0.2582
-0.30428
-0.2766
-0.32268
-0.35032
-0.41483
-0.35027
-0.23043
-0.10138
-0.082944
-0.22117
-0.36859
-0.52521
-0.59889
-0.81997
-1.2068
-1.7134
-2.1831
-2.4685
-2.4776
-2.3577
-2.1641
-1.9062
-1.639
-1.3719
-1.0956
-0.89302
-0.69044
-0.57994
-0.46944
-0.36817
-0.2577
-0.23928
-0.21166
-0.16564
-0.13802
-0.12882
-0.16561
-0.3036
-0.35878
-0.064393
0.58871
1.4809
2.0694
2.2901
2.0508
1.3702
0.50576
-0.29424
-0.83671
-1.0022
-0.87339
-0.66191
-0.55156
-0.49638
-0.50554
-0.49633
-0.46873
-0.35842
-0.24813
-0.091894
0.045945
0.14702
0.25727
0.44101
0.76254
1.0473
1.2493
1.3411
1.534
1.6441
1.6073
1.1756
0.34898
-0.50508
-1.1938
-1.4508
-1.414
-1.2854
-1.065
-0.91809
-0.8446
-0.78949
-0.7252
-0.69763
-0.59663
-0.49564
-0.51398
-0.5782
-0.67913
-0.7984
-1.0645
-1.3948
-1.5416
-1.3763
-0.89918
-0.43122
0
0.3211
0.48622
0.38529
-0.045866
-0.72466
-1.3667
-1.8436
-2.1554
-2.192
-2.1094
-1.9351
-1.7791
-1.5773
-1.3663
-1.1279
-0.88943
-0.65101
-0.35758
-0.0091686
0.4034
0.65093
0.70591
0.61422
0.45836
0.39418
0.34833
0.30249
0.16499
-0.14665
-0.48578
-0.87071
-1.219
-1.4572
-1.5397
-1.448
-1.2738
-1.0264
-0.72393
-0.44901
-0.20159
0.10079
0.29321
0.42148
0.43064
0.4856
0.54972
0.5772
0.63216
0.57717
0.5222
0.45806
0.32063
-0.0091608
-0.46719
-0.88856
-1.2366
-1.4015
-1.4564
-1.4381
-1.4564
-1.4747
-1.5296
-1.6029
-1.667
-1.6486
-1.5845
-1.5387
-1.4562
-1.3097
-1.0532
-0.70519
-0.24727
0.19232
0.29306
0.174
-0.22895
-0.74178
-1.1722
-1.4469
-1.456
-1.3004
-1.0989
-0.98899
-0.9432
-1.0073
-1.0256
-1.0531
-1.0897
-1.0347
-0.93402
-0.75087
-0.51279
-0.23808
0.018314
0.29302
0.61351
0.83328
0.97063
0.97979
1.0256
1.0988
1.1996
1.2179
0.97979
0.29302
-0.67762
-1.3644
-1.5292
-1.2454
-0.8974
-0.95235
-1.1721
-1.4377
-1.3095
-1.0256
-0.6685
-0.41209
-0.29304
-0.32052
-0.30221
-0.21063
-0.018316
0.2839
0.49454
0.66856
0.62277
0.58615
0.54036
0.41214
0.25645
0.10075
0.21982
0.43049
0.55873
0.13739
-0.42135
-0.87935
-1.1084
-1.2275
-1.7405
-2.2718
-2.6933
-2.8216
-2.6109
-2.1712
-1.8231
-1.5392
-1.3468
-1.246
-1.1361
-1.0629
-0.89795
-0.72387
-0.53147
-0.38486
-0.28407
-0.34823
-0.44904
-0.5407
-0.68735
-0.76069
-0.8157
-0.80656
-0.45829
-0.073328
0.29332
0.4675
0.49501
0.41252
0.33003
-0.08251
-0.49508
-0.62345
-0.6143
-0.31175
-0.0091694
0.28426
0.44016
0.44935
0.42185
0.30264
0.21094
0.10089
0
-0.091725
-0.21098
-0.30272
-0.41281
-0.51374
-0.63303
-0.72481
-0.87164
-1.0185
-1.2021
-1.2388
-0.90851
-0.26614
0.073422
0.091781
-0.27536
-0.73432
-0.9363
-1.2209
-1.4505
-1.6066
-1.6802
-1.2946
-0.8264
-0.43159
-0.22958
-0.26633
-0.349
-0.44087
-0.47763
-0.44091
-0.39501
-0.32154
-0.21131
-0.091878
0.14701
0.45025
0.80867
0.97413
1.0385
1.0754
1.0938
1.0571
0.84573
0.46886
-0.1471
-0.79073
-1.2138
-1.4069
-1.1311
-0.5886
-0.027593
0.34953
0.36795
0.12879
-0.1564
-0.38643
-0.54288
-0.58892
-0.61657
-0.5522
-0.50622
-0.46943
-0.56152
-0.69965
-0.85622
-0.93914
-0.63535
0.07367
0.93936
1.5565
1.6764
1.3449
0.7554
0.027639
-0.62653
-1.2716
-1.6403
-1.7142
-1.4931
-1.1061
-0.69137
-0.50704
-0.51631
-0.70998
-0.93135
-1.1159
-1.199
-1.0146
-0.70106
-0.28599
0.27678
0.74739
1.1166
1.2459
1.2829
1.2738
1.1816
0.84935
0.34162
-0.36935
-1.1636
-1.884
-2.3922
-2.6049
-2.4758
-2.1527
-1.9127
-1.7373
-1.7929
-1.9317
-2.0151
-2.043
-1.8491
-1.6644
-1.4611
-1.2208
-0.78619
-0.29601
0.064758
0.39784
0.63847
0.92541
1.1106
1.0089
0.41657
-0.21294
-0.87962
-1.2409
-1.3243
-1.2689
-1.0931
-0.97275
-0.78755
-0.58378
-0.31509
-0.037074
0.19466
0.30593
0.31524
0.25036
0.19475
0.16695
0.14842
0.13916
0.13917
0.055676
0.037122
-0.037127
-0.092828
-0.20425
-0.27855
-0.46431
-0.69655
-0.66877
-0.50164
-0.11149
0.1115
0.26021
0.18589
0.046478
-0.083671
-0.12087
0.037197
0.27901
0.5581
0.66051
0.59547
0.41874
0.16752
-0.074463
-0.28858
-0.32586
-0.22348
-0.055878
0.13971
0.32604
0.45653
0.52182
0.55917
0.51264
0.44746
0.29835
0.1492
0.1772
0.36377
0.77429
0.91435
0.79318
0.40131
-0.11201
-0.59748
-0.92436
-1.0646
-1.1675
-1.2237
-1.2893
-1.3829
-1.4672
-1.4861
-1.4677
-1.3277
-1.1502
-0.97267
-0.88863
-0.93555
-0.84213
-0.70188
-0.31824
0.19659
0.74903
1.2923
1.6016
1.6487
1.3585
0.87145
0.21556
-0.50617
-1.1906
-1.7722
-2.0069
-1.8478
-1.4916
-1.0884
-0.76952
-0.67579
-0.64775
-0.6103
-0.53528
-0.40387
-0.16909
0.15033
0.41348
0.61093
0.64864
0.62055
0.67708
0.81828
1.2323
1.4584
1.6374
1.553
1.365
0.94156
0.26368
-0.46153
-1.1116
-1.5264
-1.6587
-1.659
-1.6593
-1.669
-1.7259
-1.8394
-1.8492
-1.7646
-1.5762
-1.3122
-0.95362
-0.67994
-0.51005
-0.49126
-0.56694
-0.64266
-0.77512
-0.75636
-0.55793
-0.1135
0.45408
1.0692
1.2681
1.0696
0.54912
-0.29355
-1.0229
-1.6673
-2.0277
-2.066
-2.0285
-1.8677
-1.8302
-1.8116
-1.8784
-1.8882
-1.8602
-1.7371
-1.5001
-1.263
-1.0068
-0.88355
-0.7507
-0.71284
-0.65595
-0.59904
-0.46602
-0.13318
0.36156
0.89457
1.285
1.2377
0.98086
0.51435
-0.028581
-0.60986
-1.1437
-1.5063
-1.621
-1.4306
-1.1925
-1.0114
-0.83986
-0.70641
-0.61108
-0.50617
-0.41076
-0.21976
-0.0095568
0.18162
0.32508
0.36341
0.25827
0.24876
0.34452
0.56476
0.88085
1.1205
1.2357
1.3222
1.3033
1.1119
0.67116
0
-0.78659
-1.4584
-1.9386
-2.0447
-1.9395
-1.7767
-1.537
-1.4125
-1.3167
-1.2594
-1.1635
-1.0099
-0.83698
-0.5485
-0.22138
0.0096276
0.12519
0.15412
0.12525
0.14456
0.40486
0.88707
1.4177
1.6496
1.6597
1.3899
1.062
0.68563
0.14489
-0.49275
-1.0244
-1.3437
-1.3827
-1.2283
-1.0835
-0.98703
-0.90017
-0.77455
-0.48422
-0.17436
0.087205
0.27138
0.37809
0.48486
0.56259
0.56274
0.54348
0.48538
0.49522
0.6799
0.9424
1.2148
1.3803
1.1279
0.61274
-0.097287
-0.76878
-1.5477
-2.2492
-2.7952
-3.059
-2.9527
-2.7391
-2.4863
-2.3602
-2.2829
-2.1469
-2.0206
-1.7868
-1.5725
-1.3091
-1.075
-0.90909
-0.70401
-0.57707
-0.50875
-0.34252
0.078314
0.76378
1.5672
1.9106
1.9699
1.6862
1.3239
0.84359
0.15699
-0.64779
-1.3843
-1.9543
-2.1317
-1.8376
-1.4548
-1.0619
-0.86552
-0.81659
-0.83652
-0.76786
-0.64008
-0.44326
-0.17736
0.039425
0.23662
0.40435
0.55246
0.79934
1.0859
1.6392
2.341
2.9543
3.3901
3.4406
3.1054
2.4732
1.3261
0.17818
-0.97041
-1.9018
-2.4573
-2.7157
-2.8257
-2.7968
-2.7283
-2.5902
-2.3825
-2.1251
-1.8973
-1.6594
-1.4811
-1.3224
-1.1737
-1.0348
-0.81614
-0.47789
0.13943
0.96637
1.8636
2.5322
2.9618
3.0925
2.834
2.0963
0.97859
-0.21976
-1.309
-2.0591
-2.5097
-2.7506
-2.8316
-2.7925
-2.5932
-2.3136
-1.9337
-1.5334
-1.1329
-0.78228
-0.4916
-0.23083
-0.020079
0.15064
0.32148
0.40199
0.31165
0.32182
0.72434
1.3586
2.0336
2.286
2.1357
1.552
0.72585
-0.2622
-1.2005
-1.9578
-2.2715
-2.3935
-2.364
-2.2537
-2.1837
-2.0631
-1.8919
-1.599
-1.2048
-0.78996
-0.3242
0.08108
0.51707
0.88238
1.1363
1.2687
1.2793
1.2188
1.0669
0.91479
0.82361
1.1291
1.7298
2.1478
2.006
1.2937
0.18343
-0.73399
-1.5399
-2.3566
-2.8576
-3.2262
-3.2171
-3.0651
-2.9538
-2.9242
-2.9151
-2.8548
-2.6921
-2.4064
-2.0693
-1.6499
-1.2097
-0.82044
-0.44116
-0.12316
0.32855
0.69844
0.97613
1.0896
0.97688
0.67894
0.24698
-0.24708
-0.70032
-0.92725
-1.1647
-1.3817
-1.6091
-1.6717
-1.3833
-1.0017
-0.55787
-0.1757
0.010339
0.10343
0.13451
0.18632
0.21746
0.3833
0.58036
0.74647
0.76751
0.71594
0.60205
0.47767
0.4467
0.35335
0.22873
-0.10401
-0.47863
-0.74947
-0.80184
-0.823
-0.89628
-0.98006
-1.0117
-0.98085
-1.1796
-1.7127
-2.194
-2.477
-2.3212
-1.8724
-1.4023
-1.1097
-1.0368
-1.0687
-1.1006
-1.164
-1.1959
-1.123
-1.0394
-0.91382
-0.86166
-0.78843
-0.77824
-0.76805
-0.73679
-0.71604
-0.66367
-0.66395
-1.0227
-1.6455
-2.3426
-2.597
-2.3974
-1.8807
-1.4693
-1.3641
-1.5657
-1.831
-2.0012
-1.8537
-1.5578
-1.1768
-0.91216
-0.79583
-0.71125
-0.70093
-0.67999
-0.58462
-0.44663
-0.21277
-0.053216
0.095831
0.12783
0.1492
0.053309
0.010666
-0.096041
-0.21352
-0.32042
-0.39535
-0.40622
-0.1925
-0.010699
-0.032112
-0.032127
-0.053568
0.085747
-0.064339
-0.48276
-0.90155
-1.1811
-1.1065
-0.76304
-0.44083
-0.31195
-0.39818
-0.65675
-0.94787
-1.2285
-1.4123
-1.4669
-1.4136
-1.2523
-0.91804
-0.49705
0.032431
0.54076
1.0604
1.3964
1.5379
1.3435
0.84552
0.24943
-0.27125
-0.75984
-1.2815
-1.771
-2.0762
-2.1641
-2.0454
-1.8831
-1.6444
-1.5253
-1.4606
-1.4504
-1.4074
-1.2771
-1.0047
-0.55721
0.021861
0.82019
1.6193
2.2111
2.6502
2.9144
3.1021
3.0268
2.6662
1.8661
0.96644
0.0879
-0.58261
-1.0118
-1.3644
-1.5522
-1.608
-1.6198
-1.5544
-1.4448
-1.3021
-1.1482
-0.86153
-0.56358
-0.15478
0.23228
0.67505
0.91896
0.93048
0.73144
0.46569
0.18858
-0.088789
-0.36643
-0.61101
-0.88918
-1.2455
-1.7467
-2.2707
-2.6171
-2.6963
-2.497
-2.1413
-1.4506
-0.69215
-0.011169
0.42464
0.71553
0.91722
1.1079
1.2428
1.3219
1.2216
1.1325
0.94238
0.68469
0.31444
-0.10112
-0.53957
-1.0459
-1.4515
-1.7787
-1.9486
-2.0623
-2.0746
-2.0079
-1.7155
-1.1292
-0.39541
0.28258
0.88208
1.3012
1.449
1.3818
1.1671
0.90698
0.48775
0.011349
-0.51095
-1.0224
-1.5799
-2.1151
-2.4917
-2.6978
-2.6764
-2.4385
-2.0977
-1.6311
-1.0499
-0.49098
-0.045696
0.44576
0.93773
1.3615
1.6026
1.592
1.4553
1.2038
0.92915
0.65418
0.25262
-0.17233
-0.67819
-1.1616
-1.703
-2.1759
-2.4419
-2.4201
-2.3176
-2.2265
-2.17
-2.1827
-1.9411
-1.6185
-1.1451
-0.62492
-0.13894
0.20852
0.39408
0.49866
0.45251
0.2554
-0.034845
-0.33701
-0.70926
-1.1982
-1.6295
-1.9565
-1.9458
-1.7836
-1.3997
-0.93361
-0.59549
-0.30374
-0.22208
-0.38593
-0.45634
-0.52683
-0.48025
-0.52739
-0.5863
-0.6922
-0.71604
-0.69293
-0.56404
-0.45853
-0.3529
-0.31778
-0.37683
-0.56555
-0.8252
-0.99077
-1.0149
-0.86195
-0.38986
0.02364
0.44941
0.84014
1.1366
1.3386
1.3511
0.97239
0.47459
-0.23742
-0.76016
-1.2241
-1.5933
-1.7964
-1.8093
-1.7984
-1.7517
-1.6692
-1.4315
-1.0623
-0.58516
-0.14338
0.21519
0.43061
0.57446
0.67057
0.77877
0.91105
1.1874
1.4161
1.4289
1.2134
0.78132
0.45702
0.26474
0.3612
0.57824
0.71114
0.55475
0.084465
-0.48292
-1.0147
-1.1603
-1.0642
-0.70178
-0.20581
0.20592
0.47266
0.60631
0.71584
0.78908
0.88668
0.97224
0.94846
0.90032
0.77908
0.74297
0.60933
0.35361
-0.0488
-0.54931
-1.087
-1.6253
-1.9808
-2.2388
-2.2278
-2.1923
-2.4141
-2.9182
-3.4473
-3.6824
-3.2669
-2.4454
-1.5492
-0.94726
-1.0216
-1.2193
-1.491
-1.5535
-1.357
-1.0739
-0.85217
-0.90207
-1.1128
-1.2
-1.1883
-1.0899
-0.96655
-0.99189
-1.1289
-1.2661
-1.4779
-1.5657
-1.4671
-1.1943
-0.90866
-0.7099
-0.47353
-0.54861
-0.67367
-1.1359
-1.786
-2.2493
-2.0881
-1.2135
0.062587
0.96439
1.1654
0.95294
0.60219
0.40169
0.56519
0.75401
0.9179
0.91842
0.80564
0.5416
0.18904
-0.088267
-0.41635
-0.65643
-0.80838
-0.82147
-0.73342
-0.63261
-0.51904
-0.31667
-0.038021
0.50724
1.1927
1.8154
2.2356
2.3894
2.2763
1.9086
1.3368
0.70062
-0.26766
-1.2243
-2.2075
-2.8854
-3.2575
-3.2849
-3.1845
-3.0327
-2.9064
-2.8184
-2.7046
-2.5779
-2.3997
-1.9902
-1.4389
-0.65558
0.36013
1.4542
2.4079
3.105
3.4161
3.5471
3.4587
3.1766
2.5324
1.603
0.43979
-0.75066
-1.9036
-2.7469
-3.1633
-3.1911
-3.0371
-2.7661
-2.5858
-2.4312
-2.2375
-1.8873
-1.4847
-1.0425
-0.50849
0.026091
0.74403
1.515
2.4306
3.1119
3.6501
3.9663
4.3353
4.4164
4.1042
3.1357
1.9166
0.48599
-0.61769
-1.4465
-1.8157
-1.8431
-1.6597
-1.5816
-1.5165
-1.4778
-1.3202
-1.2549
-1.1763
-1.2299
-1.2835
-1.324
-1.3512
-1.3122
-1.2732
-1.0616
-0.69042
-0.38526
-0.13292
0.1064
0.27946
0.30624
0.25313
-0.06665
-0.50683
-1.0676
-1.7092
-2.2045
-2.6869
-2.8356
-2.7034
-2.4371
-2.0499
-1.6221
-1.3682
-1.1676
-1.0877
-1.0077
-0.94106
-0.83398
-0.83445
-0.91572
-0.94318
-0.88979
-0.80935
-0.78282
-0.66172
-0.37834
0.01352
0.50051
1.0151
1.3272
1.4092
1.2202
0.88175
0.36647
-0.19013
-0.96477
-1.6859
-2.3398
-2.7359
-2.5876
-2.2893
-1.8679
-1.5279
-1.2967
-1.1882
-1.0795
-0.94339
-0.76608
-0.50644
-0.17804
0.13703
0.32906
0.42527
0.46668
0.39828
0.35727
0.21998
-0.013757
-0.41293
-1.1155
-1.9016
-2.8953
-3.9454
-4.969
-5.7727
-6.0937
-5.6271
-4.4958
-3.3357
-2.5066
-2.1893
-2.1628
-2.2056
-1.9986
-1.6248
-1.195
-0.76464
-0.45903
-0.27836
-0.15318
0.0418
0.23699
0.34871
0.33495
0.39099
0.41915
0.44734
0.41961
0.36386
0.29405
0.07005
-0.15419
-0.47686
-0.75779
-0.89861
-1.2222
-1.6024
-1.7298
-1.4916
-0.91514
-0.7466
-0.73291
-1.0859
-1.2417
-0.98823
-0.43788
0.18373
0.80601
1.2733
1.5996
1.7138
1.7147
1.6306
1.518
1.391
1.1788
0.85257
0.38387
0.014225
-0.19926
-0.31328
-0.38469
-0.55597
-0.87005
-1.4271
-2.0989
-3.0715
-4.0737
-5.0198
-5.1656
-4.61
-3.3376
-2.0638
-1.2906
-0.80345
-0.47371
-0.028725
0.15807
0.11502
-0.12947
-0.403
-0.67683
-0.89331
-0.95144
-0.95195
-0.837
-0.90963
-1.0112
-1.0696
-0.99784
-0.73792
-0.57907
-0.40556
-0.31882
-0.24649
-0.043521
0.14515
0.42114
0.37777
0.014537
-0.78542
-1.7899
-2.5625
-2.695
-1.9531
-1.2249
-0.78787
-0.93425
-1.1684
-1.0667
-0.80411
-0.33644
-0.073176
-0.014643
-0.21975
-0.35179
-0.57195
-0.58691
-0.51381
-0.36719
-0.19104
0.058811
0.20594
0.17661
-0.014725
-0.32412
-0.78123
-1.2535
-1.5788
-1.2696
-0.4431
0.42854
0.91665
1.0502
0.87318
0.78477
0.34073
-0.22233
-0.68214
-0.97922
-0.93517
-0.95049
-0.87667
-1.0704
-1.3981
-1.6518
-1.7866
-1.7726
-1.6244
-1.3568
-1.089
-1.0895
-1.0303
-0.97107
-0.82208
-0.37385
0.26931
1.1676
2.0367
2.667
2.9681
2.9246
2.7459
2.402
1.8624
1.1721
0.25558
-0.6919
-1.7607
-2.4691
-2.6963
-2.6071
-2.1862
-1.7649
-1.3733
-1.1173
-0.87615
-0.63476
-0.27217
0.15128
0.40864
0.49968
0.37872
0.2425
0.16679
0.18204
0.12142
0.015184
-0.21268
-0.59274
-0.95795
-1.3539
-1.522
-1.4465
-1.2949
-1.0669
-1.0521
-0.68646
-0.38154
-0.2443
-0.85544
-1.8951
-2.7368
-3.1664
-2.6781
-1.8373
-1.0569
-0.59765
-0.45994
-0.69021
-0.9207
-1.09
-1.0905
-1.0141
-0.83011
-0.55365
-0.40004
-0.35404
-0.308
-0.27732
-0.26203
-0.20046
-0.12342
-0.1852
-0.5713
-1.3594
-2.3954
-3.3859
-4.037
-3.853
-3.1736
-2.0753
-1.1466
-0.49603
-0.12406
0.17065
0.57427
0.79189
0.93204
0.80811
0.45087
-0.046661
-0.40457
-0.62267
-0.63851
-0.4674
-0.24938
-0.10915
-0.093597
-0.18727
-0.29664
-0.31238
-0.29688
-0.32827
-0.35968
-0.71966
-1.0956
-1.5188
-1.8013
-1.6297
-0.89357
-0.20388
0.37654
0.76909
0.94212
1.1467
0.37715
-0.59739
-1.7143
-2.3915
-2.5498
-2.4406
-2.2683
-2.1431
-2.1124
-2.1448
-2.193
-2.1149
-1.8631
-1.5321
-1.1851
-0.91684
-0.74324
-0.52205
-0.14243
0.37996
0.96611
1.3943
1.6959
1.649
1.269
0.58711
-0.34923
-1.3815
-2.3034
-3.0353
-3.0841
-2.4809
-1.6705
-1.0027
-0.92342
-0.92376
-0.68511
-0.25502
0.27105
0.71776
0.97331
1.0215
1.0698
1.1181
1.2144
1.2788
1.3432
1.2797
1.0561
0.8964
0.72058
0.56064
0.32048
-0.064118
-0.52916
-1.2672
-2.0218
-2.6967
-3.4202
-4.2084
-5.0454
-5.9955
-6.4799
-6.1604
-4.9235
-3.3478
-1.8838
-0.62814
0.27389
0.83807
1.0479
0.8225
0.41945
0.08069
0.032286
0
0.080768
0.11311
-0.016164
-0.16169
-0.43671
-0.50157
-0.66357
-0.77711
-0.85833
-0.9072
-0.90748
-1.0212
-1.1675
-1.6382
-2.0444
-2.3209
-2.4028
-2.4035
-2.2743
-1.95
-1.853
-1.9024
-2.1469
-2.2452
-2.1319
-1.8232
-1.3841
-1.0262
-0.76578
-0.50523
-0.22824
0.13046
0.66879
1.1258
1.4363
1.502
1.3228
1.0454
0.66993
0.35957
0
-0.29436
-0.55617
-0.93265
-1.8658
-3.2415
-4.6016
-5.2089
-4.817
-3.8678
-2.8032
-2.1809
-1.837
-1.5914
-1.4277
-1.0998
-0.91946
-0.68977
-0.4764
-0.27934
-0.049307
0.21372
0.37821
0.4441
0.42776
0.18102
-0.13168
-0.49393
-0.70814
-0.80715
-0.90621
-1.0053
-1.2198
-1.4675
-1.7976
-2.062
-2.211
-2.195
-1.8489
-1.5521
-1.3377
-1.3876
-1.8175
-2.5781
-3.4052
-4.2492
-4.829
-4.5819
-3.4413
-1.8534
-0.62898
0.033111
0.38086
0.81157
1.3253
1.8061
2.2705
2.4202
2.2383
1.791
1.3104
0.89587
0.79649
0.68047
0.5146
0.36527
0.31553
0.39864
0.21597
-0.11631
-0.7645
-1.5459
-2.311
-3.4089
-4.3908
-4.8242
-4.3425
-3.1119
-1.9141
-0.64924
0.1998
0.83265
1.0826
1.1328
0.88308
0.46661
0.016668
-0.31674
-0.50019
-0.71706
-0.7839
-0.95084
-1.0511
-1.0012
-0.93461
-0.90138
-1.0852
-1.3191
-1.6032
-1.8373
-1.9712
-2.0216
-1.9718
-1.6545
-1.2871
-0.61855
0.13376
0.65217
1.0035
0.81962
0.5688
0.45175
0.48528
0.51882
0.5691
0.48548
0.36834
0.41862
0.50241
0.56947
0.67005
0.82092
0.98857
0.87139
0.68714
0.36875
0.10058
-0.016765
0
0.033539
-0.16771
-0.11741
-0.21807
-0.38586
-1.0738
-1.9465
-2.9033
-3.34
-3.0885
-2.3166
-1.4103
-1.0242
-0.78922
-0.85647
-0.73899
-0.60468
-0.41995
-0.26879
-0.15121
-0.18483
-0.33608
-0.75625
-1.0588
-1.0757
-0.8741
-0.52114
-0.30262
-0.42034
-0.70622
-1.0426
-0.99221
-0.87455
-0.62232
-0.50462
-0.7738
-1.329
-2.3722
-3.4323
-4.055
-4.0048
-3.0963
-1.767
-0.60587
0.33661
0.74058
0.72379
0.65649
0.65652
0.75756
0.94279
1.1112
1.2123
1.1618
1.0945
1.0103
1.0609
1.0273
0.94308
0.84207
0.62315
0.64001
0.53897
0.48846
0.45478
0.48848
0.58956
0.47166
0.23583
-0.65698
-1.7014
-2.6449
-2.847
-2.5102
-1.9542
-1.5668
-1.4489
-1.4657
-1.6005
-1.4489
-1.213
-0.90977
-0.69075
-0.50543
-0.3538
-0.23587
-0.06739
-0.084237
-0.16847
-0.35379
-0.5728
-0.84234
-1.0445
-1.0108
-0.99392
-0.96021
-0.97704
-0.94333
-1.0275
-1.078
-1.0106
-0.90955
-0.90953
-1.1116
-1.3642
-1.7179
-1.9536
-1.8525
-1.3809
-0.5557
0.48832
1.7512
3.0139
4.0071
4.3773
4.1583
3.3501
2.323
1.0268
-0.35347
-1.0772
-1.582
-1.8344
-2.1709
-2.4568
-2.6081
-2.6584
-2.5068
-2.4226
-2.3719
-2.4222
-2.4725
-2.4892
-2.5563
-2.5729
-2.4719
-1.9
-0.72295
0.92464
2.2694
2.7399
2.5548
1.9663
1.3612
0.60492
-0.33604
-1.1928
-1.9991
-2.3852
-2.4354
-2.284
-2.3006
-2.4347
-2.9046
-3.3576
-3.693
-3.6926
-3.6754
-3.373
-2.886
-2.3656
-1.7615
-1.2245
-0.68765
-0.35217
0.050305
0.35209
0.65381
0.85489
0.75422
0.2011
-0.72053
-1.2398
-1.3569
-0.78726
-0.25122
-0.10048
-0.30139
-0.90404
-1.3559
-1.59
-1.6568
-1.7737
-1.7734
-1.6561
-1.3882
-0.88633
-0.4849
-0.16718
0.1003
0.31756
0.4512
0.31746
0.21718
0
-0.11691
-0.26717
-0.384
-0.7345
-1.2351
-1.9024
-2.6362
-3.52
-4.5035
-5.2365
-5.5691
-5.2681
-4.4338
-3.6498
-3.0993
-2.7822
-2.4486
-2.1151
-1.7484
-1.5483
-1.4315
-1.4312
-1.381
-1.1978
-1.0811
-0.98115
-0.98097
-0.96416
-0.88087
-0.781
-0.64794
-0.53154
-0.4484
-0.43171
-0.44822
-0.86307
-1.4769
-2.1402
-2.8364
-3.151
-2.6031
-1.5748
-0.39777
0.66281
1.3585
1.971
2.2687
2.3013
2.0691
1.5721
1.1085
0.72783
0.56229
0.59523
0.7604
0.87592
0.84267
0.82596
0.72668
0.74302
0.92444
1.2708
1.6665
1.8806
1.9296
1.8797
1.7638
1.5162
1.1369
0.36239
-0.74108
-2.091
-3.3744
-4.3444
-4.8534
-4.589
-3.8314
-2.6797
-1.5614
-0.70655
-0.032854
0.39415
0.68958
0.47601
0.1641
-0.18046
-0.21322
-0.18037
-0.049178
0.098329
0.21299
0.31121
0.44212
0.55659
0.70374
0.80171
0.89963
0.96479
0.89913
0.63739
0.19606
-0.42468
-1.1757
-2.1059
-3.1008
-4.0462
-4.7138
-4.5983
-3.9775
-2.803
-1.4825
-0.40717
0.34192
0.83013
0.91125
0.6995
0.29273
-0.13006
-0.32505
-0.27621
-0.064971
0.19485
0.25973
0.43815
0.48668
0.56762
0.59987
0.69693
0.79392
0.79367
0.79342
0.77698
0.69582
0.55001
0.29109
-0.048499
-0.43635
-0.79164
-1.0498
-1.3239
-1.7108
-2.2911
-3.113
-3.8375
-3.9813
-3.416
-2.3356
-0.90173
0.37023
1.4643
2.1877
2.203
1.8165
0.99631
0.064256
-0.64234
-1.6213
-2.3429
-2.7592
-2.8705
-2.8855
-2.8364
-2.7233
-2.6102
-2.3852
-2.1123
-1.8076
-1.695
-1.5985
-1.55
-1.5015
-1.5808
-1.5962
-1.5318
-1.4196
-1.0683
-0.79692
-0.65324
-0.78041
-1.2418
-1.7506
-2.3227
-2.6399
-2.3528
-1.9705
-1.3502
-1.0163
-0.96825
-0.98375
-0.91993
-0.79274
-0.6181
-0.52281
-0.55428
-0.77569
-1.171
-1.5185
-1.7393
-1.7702
-1.6116
-1.3898
-1.3419
-1.3729
-1.2935
-1.2142
-0.96149
-0.69326
-0.31499
-0.015743
0.26753
0.47192
0.59752
0.50297
-0.062846
-0.87948
-2.0879
-2.9188
-3.3097
-3.1515
-2.0845
-0.95565
0.42282
1.4401
2.128
2.4399
2.5327
2.3441
2.1088
1.7332
1.3735
1.0609
0.82651
0.67028
0.45186
0.20247
-0.015568
-0.2023
-0.37331
-0.45089
-0.62165
-0.8544
-1.1025
-1.2727
-1.3497
-1.3647
-1.2091
-0.82118
0.015487
1.0217
2.058
2.7531
3.1075
3.1679
2.8267
2.0226
0.87966
-0.20053
-1.2643
-2.0498
-2.4956
-2.8332
-2.7396
-2.6769
-2.445
-2.1518
-1.7668
-1.2899
-0.85956
-0.36822
0.12268
0.56715
0.88863
1.0567
0.97966
0.70381
0.35174
-0.045858
-0.27502
-0.35125
-0.32056
-0.15258
-0.030501
-0.27438
-0.99035
-1.8884
-2.679
-2.7691
-2.2507
-1.4136
-0.77485
-0.45558
-0.40982
-0.37929
-0.12131
0.22735
0.59084
0.8934
1.0141
0.96818
0.65019
0.37783
0.045318
-0.22648
-0.40747
-0.60336
-0.85937
-1.1905
-1.5665
-1.9571
-2.3323
-2.647
-2.7059
-2.6144
-2.3878
-1.9363
-1.6503
-1.5146
-1.4688
-1.2584
-0.80856
-0.32925
-0.23933
-0.32892
-0.70234
-0.89616
-0.86585
-0.76097
-0.52197
-0.34284
-0.11919
-0.17869
-0.37209
-0.56529
-0.77316
-0.84707
-0.78723
-0.65321
-0.57869
-0.54873
-0.41505
-0.31113
-0.1777
-0.088802
-0.10355
-0.16264
-0.10344
0.04431
0.014762
-0.33936
-1.1355
-2.0635
-2.637
-2.5031
-1.8984
-1.1767
-0.69096
-0.55835
-0.67555
-0.98344
-1.0709
-1.0997
-0.98189
-0.96673
-0.9223
-0.87792
-0.83358
-0.7016
-0.64279
-0.58404
-0.64211
-0.62718
-0.55396
-0.5391
-0.40775
-0.42209
-0.37822
-0.45071
-0.52313
-0.63904
-0.8274
-0.98655
-1.2035
-1.3478
-1.434
-1.4187
-1.389
-1.4172
-1.4309
-1.4735
-1.6604
-1.7749
-1.7739
-1.6721
-1.4839
-1.4831
-1.7701
-2.0424
-1.9982
-1.408
-0.34463
0.96157
2.3381
3.3976
3.8686
3.6517
3.1774
2.3889
1.5012
0.42866
-0.45699
-1.2703
-1.7118
-1.7822
-2.0092
-2.1077
-2.2062
-2.205
-2.2891
-2.3731
-2.5138
-2.4982
-2.3124
-1.985
-1.6154
-1.2746
-0.89174
-0.33952
0.39589
1.2576
1.5676
1.4821
0.94518
0.50757
0.21137
-0.169
-0.63339
-0.92845
-1.0263
-0.95551
-0.81453
-0.72986
-0.61722
-0.70099
-0.75664
-0.91026
-1.1057
-1.0911
-0.95065
-0.72655
-0.57253
-0.48847
-0.4324
-0.39033
-0.26472
-0.069623
0.13917
0.4868
0.91744
1.0975
0.69424
-0.097138
-0.77666
-0.98412
-0.84503
-0.63687
-0.51197
-0.40104
-0.096748
0.055253
-0.082831
-0.41392
-0.88251
-1.2817
-1.5426
-1.4729
-1.2657
-1.0175
-0.81075
-0.71415
-0.78236
-0.90537
-0.9871
-1.0139
-1.1777
-1.2317
-1.2447
-1.2303
-1.0793
-0.92848
-0.81877
-0.88648
-1.1722
-1.7573
-2.6276
-3.6465
-4.1747
-4.3082
-3.8303
-3
-2.0757
-1.1118
-0.28457
0.2844
0.71735
0.82515
1.0004
0.99982
0.94522
0.79622
0.62042
0.55266
0.4715
0.51161
0.45749
0.34964
0.22848
0.10745
0.026848
-0.040248
-0.13408
-0.2412
-0.45534
-0.57553
-0.49493
-0.28074
-0.013361
0.066764
0
-0.34676
-0.94637
-1.6518
-2.5961
-3.4993
-4.0292
-3.9072
-2.9884
-1.7389
-0.50411
0.29168
0.63601
0.7813
0.76761
0.63488
0.4891
0.29064
0.11883
-0.079172
-0.18462
-0.30313
-0.44784
-0.60554
-0.82883
-0.93352
-0.98553
-0.87988
-0.85311
-0.70831
-0.51126
-0.39304
-0.35352
-0.48417
-0.60158
-0.81034
-1.0972
-1.3446
-1.2786
-0.75625
0.026062
0.83349
1.3276
1.639
1.612
1.5331
1.1816
0.7786
0.31125
-0.32403
-1.0233
-1.67
-2.1865
-2.4697
-2.5974
-2.6475
-2.6588
-2.554
-2.5396
-2.4221
-2.2919
-2.0203
-1.6847
-1.4138
-1.1946
-0.97565
-0.69281
-0.52571
-0.30755
-0.20491
0
0.24304
0.48578
0.71546
0.66396
0.33178
-0.089272
-0.17844
0.15285
0.84019
1.3613
1.3986
1.1182
0.63498
0.30461
0.241
0.41833
0.53211
0.50646
0.43024
0.3541
0.31597
0.27789
0.29034
0.36587
0.39087
0.40323
0.25187
0.012586
-0.18868
-0.31427
-0.3769
-0.50223
-0.58977
-0.75244
-0.92745
-0.93942
-0.9639
-1.3637
-2.1005
-2.999
-3.7714
-4.0687
-3.8542
-3.0541
-1.9559
-0.84665
0.03733
0.80833
1.2304
1.4408
1.3283
0.90565
0.40916
-0.1363
-0.56966
-0.92823
-1.1132
-1.1125
-1.013
-0.83959
-0.64165
-0.41929
-0.16022
0.13549
0.32006
0.33217
0.20902
-0.012288
-0.19649
-0.42957
-0.63783
-0.9194
-1.3354
-1.7754
-2.1904
-2.6293
-3.0189
-3.1759
-3.0031
-2.3181
-1.2559
-0.12186
0.86468
1.4971
2.0071
2.3219
2.4299
2.3678
2.1965
2.0375
1.8666
1.6959
1.5254
1.3188
1.1366
0.96678
0.66427
0.25348
-0.26539
-0.84393
-1.4941
-2.0471
-2.5032
-2.9828
-3.4138
-3.8443
-4.0701
-4.1637
-4.0293
-3.4516
-2.5872
-1.3168
0.14356
1.4467
2.2943
2.8542
3.0077
2.9582
2.6465
2.2041
1.7385
1.2257
0.7017
0.071318
-0.45141
-0.87855
-1.1153
-1.3044
-1.5999
-1.824
-2.0242
-2.1058
-2.1164
-2.0325
-1.9132
-1.8766
-1.8048
-1.6622
-1.3903
-1.0244
-0.61195
-0.31756
-0.34088
-0.43466
-0.68096
-0.79791
-0.57463
0.070321
1.1245
2.2242
3.3227
3.9054
3.9148
3.2468
2.2411
1.1666
0.13991
-0.68748
-1.4324
-1.8738
-2.0588
-1.953
-1.7311
-1.4747
-1.2765
-1.2758
-1.4258
-1.6335
-1.7136
-1.7241
-1.6075
-1.4563
-1.2591
-1.0621
-0.89997
-0.64576
-0.43794
-0.26492
-0.1036
-0.02301
-0.011498
-0.045967
-0.17228
-0.30992
-0.48182
-0.66499
-0.82503
-0.92763
-0.96144
-0.88081
-0.93747
-1.2911
-1.7929
-2.3511
-2.4068
-2.2002
-1.9597
-2.0041
-2.0485
-2.036
-1.9439
-1.8178
-1.5102
-1.2483
-0.88466
-0.75947
-0.75904
-0.82654
-0.88266
-0.87085
-0.85905
-0.77949
-0.7113
-0.56421
-0.51878
-0.50722
-0.57452
-0.7093
-0.79892
-0.88844
-0.85422
-0.84251
-0.88695
-1.0099
-1.2
-1.1657
-1.1314
-0.7949
-0.43639
0.03355
0.41355
0.59205
0.49124
0.31243
0.26765
0.27865
0.42331
0.56781
0.71215
0.74511
0.82251
0.81094
0.68836
0.46605
0.15526
-0.099758
-0.36558
-0.50931
-0.63075
-0.71888
-0.7627
-0.76228
-0.76186
-0.82766
-0.88235
-0.92596
-1.0136
-1.1011
-1.1555
-1.2099
-1.3192
-1.3844
-1.4605
-1.5036
-1.5796
-1.6116
-1.545
-1.336
-0.75522
-0.18597
0.492
1.0272
1.3761
1.4518
1.2328
0.65422
-0.087183
-1.1437
-2.0357
-2.5568
-2.773
-2.7715
-2.7157
-2.6056
-2.4523
-2.1799
-1.821
-1.43
-1.007
-0.61685
-0.31367
-0.097293
0.075632
0.20518
0.29141
0.38834
0.49595
0.59267
0.60312
0.62433
0.55945
0.33334
-0.032242
-0.61227
-1.3098
-1.8563
-2.0377
-1.6614
-0.98561
-0.12849
0.67422
1.2301
1.5181
1.6348
1.698
1.7825
1.8243
1.8553
1.7478
1.4806
1.203
0.96828
0.71254
0.52084
0.32934
0.21237
0.15919
0.12729
0.053009
-0.074174
-0.24359
-0.41283
-0.45493
-0.4547
-0.31707
-0.22183
-0.11614
-0.084421
0.021094
0.042167
0.25287
0.54761
1.1999
1.8936
2.4079
2.6379
2.4685
2.1837
1.7734
1.2376
0.49269
-0.36671
-1.1205
-1.7061
-2.1237
-2.4468
-2.6859
-2.883
-2.9129
-2.7862
-2.5345
-2.1892
-1.8234
-1.4372
-1.0617
-0.70746
-0.42634
-0.25984
-0.12466
0
0.093401
0.010373
-0.16588
-0.44558
-0.74572
-1.1077
-1.4279
-1.7064
-1.9433
-2.0457
-2.2305
-2.3739
-2.6616
-2.7634
-2.6178
-2.2354
-1.6371
-1.1526
-0.8846
-0.86361
-1.1715
-1.4688
-1.7966
-1.7854
-1.6512
-1.3634
-1.0553
-0.70664
-0.46063
-0.30694
-0.21475
-0.2862
-0.45974
-0.78628
-1.0002
-1.1018
-1.0299
-0.92746
-0.7844
-0.74329
-0.76329
-0.76293
-0.82357
-0.85367
-0.89389
-0.79194
-0.5683
-0.12172
0.45624
1.0032
1.4687
1.7515
1.5786
1.0519
0.39429
-0.17179
-0.70703
-1.1105
-1.4834
-1.6642
-1.7844
-1.7836
-1.6015
-1.3792
-1.1069
-0.90522
-0.83443
-0.83404
-0.79348
-0.65256
-0.37129
-0.11033
0.080204
0.1904
0.21034
0.18021
0.13009
0.10002
0.069985
0.069953
0.07991
0.13978
0.32933
0.56858
0.85747
1.0464
1.1057
0.98575
0.43791
-0.33823
-1.3921
-2.2562
-2.4836
-2.0953
-1.3797
-0.7937
-0.49584
-0.34693
-0.21797
-0.019807
0.31677
0.71241
1.1868
1.4532
1.4822
1.2346
0.87867
0.5921
0.3551
0.21691
0.11826
0.039404
-0.08862
-0.23622
-0.40336
-0.59986
-0.8355
-0.95304
-0.95262
-0.89331
-0.80461
-0.68656
-0.62744
-0.63697
-0.77383
-1.077
-1.5463
-2.1815
-2.5717
-2.7465
-2.4132
-1.6895
-0.9664
-0.50739
-0.35112
-0.38997
-0.31184
-0.25326
-0.077894
0.077861
0.1362
0.077795
-0.11664
-0.34006
-0.47589
-0.37861
-0.2426
-0.1067
0.019391
0.067842
0.048438
-0.0096836
-0.029039
-0.10643
-0.16442
-0.18368
-0.18361
-0.23183
-0.2607
-0.24129
-0.30872
-0.47253
-0.72297
-1.137
-1.4544
-1.6367
-1.5398
-1.4526
-1.2116
-1.0285
-0.80708
-0.56665
-0.35521
-0.11516
-0.0095925
0.15342
0.23004
0.33533
0.38308
0.44994
0.60287
0.75568
0.88924
0.97491
1.1083
1.2511
1.3747
1.4505
1.3927
1.211
0.93408
0.5526
0.2
-0.15232
-0.40921
-0.6754
-0.89384
-1.0171
-1.1212
-1.2537
-1.3292
-1.3476
-1.3281
-1.394
-1.4693
-1.7246
-2.0081
-1.8653
-1.2872
-0.22707
1.0214
1.9664
2.2775
1.8799
1.0387
0.094395
-0.71713
-1.3017
-1.6877
-1.8568
-1.922
-1.8365
-1.6664
-1.5528
-1.5334
-1.4294
-1.3819
-1.2216
-1.1178
-1.0235
-0.98557
-0.89137
-0.72221
-0.44067
-0.07498
0.32791
0.75861
1.0766
1.3009
1.3846
1.2438
1.047
0.7476
0.41103
0.0093381
-0.40139
-0.69052
-1.0634
-1.2215
-1.0253
-0.56839
0.046573
0.55867
0.8284
0.93976
0.93012
0.82751
0.75286
0.68755
0.66873
0.70563
0.74251
0.73297
0.70489
0.69537
0.75073
0.88018
1.0003
1.0555
1.0273
0.8697
0.68442
0.45304
0.28652
0.12935
0.018472
-0.083096
-0.25843
-0.50746
-0.94078
-1.4568
-2.037
-2.3772
-2.4685
-2.0349
-1.3807
-0.60729
0.055189
0.58849
0.87324
1.0108
1.1115
1.0744
0.96386
0.7433
0.51372
0.21092
-0.018335
-0.22911
-0.45806
-0.58613
-0.6958
-0.70472
-0.79598
-0.92376
-1.088
-1.3345
-1.5533
-1.7629
-1.881
-1.9078
-1.8342
-1.6876
-1.5412
-1.4951
-1.4126
-1.3119
-1.2204
-1.2291
-1.4108
-1.6833
-2.0011
-2.0096
-1.6453
-1.045
-0.39063
0.072652
0.29052
0.29043
0.29033
0.16326
0.054404
-0.027193
-0.090616
-0.11776
-0.1449
-1.367
