-1.0139
0.30438
1.6179
2.5856
2.6166
1.8109
0.66299
-0.31193
-0.86056
-1.0744
-1.3803
-1.5876
-1.67
-1.6504
-1.5091
-1.2362
-0.87447
-0.37144
0.059156
0.322
0.44344
0.50568
0.53502
0.57088
0.60994
0.64239
0.68131
0.70705
0.7131
0.67988
0.65321
0.64286
0.64228
0.6547
0.68659
0.72813
0.77603
0.79785
0.81633
0.84444
0.89828
0.94549
0.99252
0.99111
0.91575
0.77319
0.55416
0.32621
0.057471
-0.21037
-0.076366
0.20646
0.86554
1.0696
0.33481
-1.0277
-1.9601
-1.8619
-1.1562
-0.44088
-0.27769
-0.084061
-0.083876
-0.10539
-0.13916
-0.36408
-0.58486
-0.85065
-0.9497
-0.73042
-0.32925
0.49874
1.3893
2.112
2.2303
1.77
1.3301
1.0242
1.1708
1.2153
1.0249
0.89774
0.22161
-0.49801
-1.2402
-1.5357
-1.3298
-0.75782
0.32264
1.5826
2.8299
3.537
2.7798
1.247
-0.5489
-2.0441
-2.6242
-2.3051
-1.51
-0.36659
0.62715
1.0658
0.94828
0.70305
0.5565
0.67439
0.88301
0.9194
0.88127
0.79664
0.70424
0.5877
0.46357
0.38357
0.35553
0.36283
0.36201
0.36389
0.35502
0.32742
0.3053
0.28864
0.26672
0.2236
0.178
0.10872
0.06088
0.034349
0.03429
-0.0237
-0.092017
-0.16275
-0.17823
-0.034024
0.23784
0.34193
0.18248
-0.73683
-1.7554
-2.6394
-2.6885
-1.8356
-0.5025
1.0456
1.6188
1.5091
1.0071
0.24518
-0.35596
-0.78892
-1.0746
-0.95833
-0.47902
0.40423
1.5265
2.4967
3.2326
3.1271
2.5429
1.8688
1.0581
0.37337
-0.59754
-1.2753
-1.8737
-2.1014
-1.994
-1.4401
-0.70494
0.28679
0.45243
0.21213
-0.1398
-0.53369
-0.85042
-1.178
-1.566
-1.5699
-1.2253
-0.74473
-0.27367
0.15132
0.45179
0.6483
0.73008
0.75703
0.70275
0.441
0.073578
-0.25254
-0.57146
-0.57998
-0.38267
-0.19022
-0.047607
0.15621
0.37637
0.65006
0.62949
0.49189
0.11445
-0.49023
-1.1734
-1.5884
-1.6273
-1.3774
-0.85131
0.38048
1.7459
2.6894
2.5359
0.95708
-0.83406
-2.4636
-2.786
-1.8739
-0.50454
0.78023
1.8018
2.2029
2.104
1.71
1.3481
1.1591
1.0187
0.92697
0.88393
0.89507
0.95775
0.95531
0.88498
0.6924
0.43182
0.19558
0.054336
0.024455
0.078809
0.19297
0.27725
0.29902
0.19301
0.038061
-0.016313
0.010876
0.16586
0.30182
0.39156
0.45683
0.27193
-0.04623
-0.67987
-1.3924
-2.222
-2.69
-2.3638
-1.2323
0.46524
1.9809
2.4901
2.0986
0.87934
-0.74339
-2.0292
-2.4956
-2.0004
-0.86694
0.41454
1.5306
2.0936
2.0755
1.593
1.1373
0.5307
-0.21077
-1.0628
-1.5049
-1.3498
-0.95824
-0.28855
0.36859
1.1839
1.6895
1.6389
1.0717
0.44799
0.027687
-0.022178
0.0027758
0.080608
0.15587
0.31499
0.50808
0.69619
0.8373
0.92561
0.96086
0.97094
0.96417
0.99694
1.0355
1.0601
1.0678
1.0271
0.94073
0.79119
0.58097
0.3814
0.20976
0.083498
-0.0028851
-0.08095
-0.10719
-0.14225
-0.18036
-0.2711
-0.35054
-0.18441
0.093863
0.62605
0.81582
0.43087
-0.42582
-1.6948
-2.6124
-2.5669
-1.6033
-0.041799
1.4058
2.3102
1.888
1.1726
0.081318
-0.83259
-1.4774
-1.9215
-1.8212
-1.1956
-0.10027
1.0101
1.8033
2.1134
1.7555
1.3508
1.1104
0.85116
0.18385
-0.70529
-1.4115
-1.5567
-1.0598
-0.2766
0.66102
1.5931
2.1195
2.2552
1.4831
0.88307
0.15384
-0.52605
-1.0796
-1.5128
-1.3064
-1.1768
-0.8507
-0.46042
0.15032
0.64686
0.84552
0.701
0.4955
0.26281
0.033585
-0.14031
-0.18892
-0.16133
-0.17636
-0.2612
-0.33977
-0.35149
-0.31777
-0.25995
-0.18415
-0.093464
0.054199
0.2526
0.49252
0.67481
0.75179
0.67003
0.5138
0.32219
0.13407
-0.020828
-0.11292
-0.14839
-0.17784
-0.23091
-0.094618
0.17129
0.54572
0.66886
0.1089
-1.0937
-2.4408
-3.1895
-2.738
-1.4175
0.052673
1.3684
1.6829
1.2554
0.58059
-0.1866
-0.66731
-1.1038
-1.3507
-1.2803
-0.8668
-0.095957
0.92442
1.7525
2.3189
2.0745
1.7461
1.3974
1.011
0.58982
-0.23828
-0.82831
-1.3459
-1.1834
-0.83766
-0.47716
-0.032017
0.24168
0.69913
0.73443
0.75813
0.74394
0.10217
-1.1303
-2.3672
-3.3014
-2.929
-1.7099
-0.2168
0.95866
1.5871
1.2711
0.67855
0.2087
-0.26177
-0.66809
-1.1426
-1.4851
-1.371
-0.99122
-0.55491
-0.10927
0.325
0.61777
0.75405
0.72771
0.66876
0.56831
0.46186
0.3435
0.25766
0.20733
0.17476
0.16883
0.21028
0.23986
0.2783
0.30191
0.33731
0.36676
0.39615
0.42253
0.44886
0.46922
0.48952
0.51269
0.55346
0.62353
0.71692
0.84529
0.97918
1.0775
1.0879
0.93745
0.67074
0.33488
0.075594
-0.014514
0.095634
0.46288
1.0887
2.1389
3.1419
4.1208
3.8547
2.291
0.062793
-1.4697
-1.7564
-1.1259
-0.4386
-0.16093
-0.12676
-0.31759
-0.6141
-0.70779
-0.90431
-1.008
-1.0918
-1.261
-1.33
-1.3103
-1.1201
-0.76331
-0.39721
-0.12846
0.054538
0.13604
0.29048
0.35486
0.59467
0.61769
0.63525
0.45936
0.1126
-0.32377
-0.6864
-0.81845
-0.75048
-0.59246
-0.42969
-0.23835
0.037021
0.31687
0.32172
0.31077
-0.10785
-1.0905
-2.0816
-2.7693
-2.5521
-1.3641
0.14914
1.4068
2.1405
1.5989
0.87232
-0.065279
-0.81721
-1.4412
-1.6632
-1.2352
-0.256
0.86497
1.8563
2.1215
2.0313
1.7657
1.5863
1.496
1.2795
1.0048
0.73214
0.61973
0.44896
0.46287
0.3603
0.26803
0.20205
-0.10921
-0.52308
-0.90122
-1.2676
-1.2623
-1.0795
-0.69345
-0.63563
-0.59382
-0.63883
-1.2347
-1.9731
-2.6362
-2.8222
-2.4223
-1.6886
-0.67909
0.41145
1.3245
1.6837
1.3494
0.833
0.36134
0.13876
0.14204
0.19949
0.49174
0.77152
0.76535
0.97273
0.51253
-0.095861
-0.86839
-1.6136
-1.9647
-1.9091
-1.0209
0.059193
1.3715
2.1854
1.4961
0.16472
-1.4597
-2.6655
-2.7936
-2.0713
-0.8623
0.38051
1.236
1.4011
1.0794
0.6731
0.48362
0.58962
0.83214
0.78731
0.69876
0.61603
0.53296
0.5401
0.5472
0.49479
0.45785
0.44589
0.42129
0.38085
0.36235
0.33431
0.29357
0.26853
0.23078
0.20878
0.20572
0.18365
0.21539
0.30417
0.47219
0.71312
1.0143
1.2963
1.5085
1.5684
1.3811
0.96586
0.41469
-0.10125
-0.45226
-0.27816
0.24324
1.0323
1.7667
1.7055
0.92294
-0.56654
-1.6196
-1.5459
-0.81934
-0.23209
-0.11907
-0.61357
-0.94137
-1.0717
-0.97702
-0.87317
-0.80068
-0.72522
-0.57528
-0.32621
-0.1521
0.009304
0.17353
0.42728
0.68374
0.87801
0.48195
-0.2223
-1.0738
-1.8596
-2.13
-1.8579
-0.98561
0.70204
2.512
3.7058
3.6101
2.3975
0.4032
-1.4653
-2.4293
-2.3469
-1.4081
-0.14797
0.8914
1.2469
0.71352
-0.034006
-0.37442
-0.17966
0.15816
0.32291
0.26427
0.29578
0.42095
0.61527
0.78214
0.89325
0.98915
1.054
1.1162
1.166
1.1813
1.1333
1.012
0.83268
0.65893
0.50034
0.38273
0.29996
0.25555
0.25308
0.27664
0.31015
0.36683
0.44689
0.56047
0.7046
0.84643
0.9826
1.0663
1.1137
1.0605
0.9359
0.75959
0.56498
0.44067
0.72003
0.92232
1.4957
1.8307
1.0962
-0.22006
-1.8546
-2.4386
-1.7906
-0.57777
0.18143
0.19636
0.057324
-0.082691
-0.036076
-0.065158
-0.28329
-0.5903
-0.69821
-0.47672
-0.32001
-0.047961
0.2109
-0.18182
-0.76275
-1.5296
-2.0234
-2.0284
-1.7138
-1.3221
-0.45676
0.26479
1.1029
2.0807
1.9854
1.1619
-0.351
-1.6161
-2.2684
-1.8842
-0.93537
0.59088
2.2501
3.2737
3.1139
2.2768
1.3503
0.64255
0.41556
0.050018
-0.1231
-0.41917
-0.65347
-0.99889
-1.2286
-1.3965
-1.1614
-0.68163
-0.19509
0.15283
0.43883
0.60208
0.58598
0.64586
0.49688
0.48845
0.46867
0.38102
0.24473
0.007515
-0.22498
-0.32552
-0.30613
-0.24956
-0.22297
-0.21503
-0.2293
-0.25457
-0.26497
-0.29367
-0.28194
-0.252
-0.21127
-0.16349
-0.12682
-0.12287
-0.14057
-0.16176
-0.15416
-0.12515
-0.060626
0.024898
0.12061
0.20168
0.2435
0.18304
0.080753
-0.042026
-0.1083
-0.10803
-0.031287
0.12485
0.39097
0.85952
1.5119
2.3677
3.254
3.3497
1.8097
-0.7258
-2.5234
-2.6373
-1.3348
-0.3314
-0.22279
-0.81552
-2.0489
-3.3724
-4.1318
-3.7506
-2.5281
-0.92836
0.26013
0.66616
0.59217
0.3622
0.28878
0.44764
0.46708
0.30778
0.1521
0.042949
0.11554
0.31667
0.46149
0.41177
0.43127
0.20729
-0.019731
-0.2235
-0.30882
-0.19703
-0.082062
-0.029531
0.02296
0.03279
0.042613
0.065539
0.14087
0.23254
0.39619
0.52703
0.64145
0.73291
0.82433
0.91242
0.96451
0.98714
0.92479
0.78732
0.58134
0.39179
0.28722
0.32626
0.49573
0.80523
1.3197
1.635
1.5723
0.7353
-0.77714
-2.4502
-3.1434
-2.5343
-1.1186
0.21058
0.83511
0.53035
0.16799
-0.142
-0.22243
-0.31876
-0.47594
-0.52992
-0.45863
-0.25941
-0.095934
0.098975
0.25181
0.41685
0.51457
0.58019
0.62654
0.58107
0.74374
0.88365
1.0103
0.54157
-0.33729
-1.3677
-2.3432
-2.7463
-2.6122
-1.9238
-0.58413
0.94114
2.2436
1.8925
0.51345
-1.2236
-2.7776
-3.0184
-2.0066
-0.57396
0.93547
1.7309
1.5857
1.017
0.37891
0.076092
0.069979
0.014525
-0.023152
-0.054777
0.083286
0.32041
0.56424
0.78627
0.91323
0.98002
0.99015
0.96943
0.93494
0.88408
0.84464
0.8165
0.78857
0.74995
0.69533
0.63573
0.55504
0.48574
0.43302
0.39936
0.37922
0.35396
0.3289
0.29093
0.24804
0.18988
0.12956
0.028397
0.010288
0.21269
0.41364
0.61824
0.4462
-0.17432
-1.0172
-1.9422
-2.6085
-2.737
-1.9331
-0.65143
0.8593
2.0457
1.7255
0.40136
-1.1811
-2.2413
-2.058
-1.0747
0.15693
1.1704
1.5975
1.3013
0.7197
0.39364
0.059513
-0.31594
-0.88664
-1.2729
-1.2635
-0.86749
-0.19296
0.63194
1.2923
1.7095
1.4007
0.97841
0.48972
0.25619
0.21866
0.18124
0.13694
0.211
0.39612
0.65036
0.89727
1.1092
1.2238
1.2346
1.1254
0.93122
0.74184
0.61256
0.57319
0.5914
0.64875
0.73829
0.88301
1.0691
1.3104
1.216
0.89877
-0.096544
-1.3861
-2.4438
-2.9498
-2.6421
-1.7755
-0.75221
0.092034
0.41426
0.1059
-0.3316
-1.0043
-1.5623
-2.0769
-2.3752
-2.3461
-2.0516
-1.5146
-0.84769
-0.15713
0.52017
0.73551
0.50445
0.24309
-0.28026
-0.66971
-0.97376
-1.1691
-1.0142
-0.69426
-0.35543
0.01627
0.40927
0.71192
0.84728
0.82907
0.74093
0.56413
0.31019
0.032667
-0.060695
0.046711
0.25469
0.4465
0.57767
0.66216
0.66479
0.62058
0.53417
0.48517
0.50882
0.49261
0.42241
0.33807
0.30062
0.29134
0.41133
0.53847
0.74097
0.84949
0.56497
-0.058873
-0.98472
-1.7863
-2.308
-2.1414
-1.3282
0.22657
1.5771
2.3831
2.528
1.4465
0.023644
-1.4073
-2.1555
-2.0309
-1.2266
-0.09712
1.1019
1.7163
1.4751
1.0534
0.2777
-0.21133
-0.70075
-0.99573
-1.0675
-0.86579
-0.52352
0.080945
0.91225
1.7253
2.2578
2.2447
1.9475
1.6524
1.4574
1.3698
1.0405
0.52654
0.038317
-0.22285
-0.25896
-0.12717
0.028812
0.074483
0.3318
0.45717
0.4551
0.23134
-0.27976
-0.87617
-1.3866
-1.661
-1.5778
-1.3419
-0.76128
-0.13347
0.47127
1.194
1.1076
0.74327
-0.10247
-1.0722
-1.6531
-1.7285
-1.0345
0.012273
1.0175
1.5923
1.5231
1.1156
0.744
0.57679
0.47108
0.45694
0.29103
0.39617
0.40185
0.30255
0.23798
0.20831
0.27912
0.46108
0.68166
0.91076
1.0927
1.2196
1.2554
1.1894
1.0285
0.80525
0.581
0.38144
0.31782
0.40155
0.58447
0.71109
0.77838
0.77537
0.87746
1.0223
1.0043
0.98883
0.67547
-0.16541
-1.1348
-2.151
-2.6055
-2.1439
-1.0282
0.667
2.0081
2.5638
2.4135
1.0718
-0.45748
-2.015
-2.9167
-2.8495
-1.9258
-0.55685
0.9734
1.6355
1.4132
0.88756
-0.25668
-1.1989
-1.9831
-2.3913
-2.2458
-1.6104
-0.88392
0.094993
0.69453
0.95183
0.53198
-0.018107
-0.36363
-0.34989
-0.20467
-0.11655
-0.049269
0.049463
0.22965
0.43304
0.61293
0.77216
0.91047
1.0054
1.0693
1.0985
1.0639
0.96801
0.85858
0.74515
0.66328
0.61656
0.58251
0.55473
0.53655
0.51166
0.48329
0.43825
0.38305
0.32758
0.30499
0.31549
0.36589
0.44971
0.54372
0.64122
0.70876
0.75291
0.77358
0.77405
0.78782
0.8082
0.79492
0.71443
0.51647
0.78119
1.002
1.6412
1.9747
1.3343
0.11692
-1.5082
-2.5826
-2.3293
-1.3455
0.023216
0.70844
0.45264
-0.1055
-0.59543
-0.65312
-0.39942
-0.17634
0.013028
0.27282
0.57647
0.73945
0.69858
0.2086
-0.25912
-0.53888
-0.45764
-0.16153
0
0.053473
0.018807
-0.02811
-0.10581
-0.24188
-0.37078
-0.5634
-0.69019
-0.62352
-0.1675
0.27007
0.43239
-0.25912
-1.6514
-3.0191
-3.7722
-3.4743
-2.3639
-0.64959
0.95366
1.8164
1.6149
0.78762
-0.11345
-0.88773
-1.1921
-1.2238
-1.0366
-0.64929
-0.20068
0.31186
0.70251
1.0035
1.0303
1.0317
1.0048
1.0065
0.99696
0.8801
0.68154
0.69531
0.73744
0.70623
0.74293
0.27405
-0.325
-1.0716
-1.6693
-1.8038
-1.61
-0.68392
0.67348
2.3252
3.5835
3.7188
2.842
1.2018
-0.58654
-1.7324
-1.9394
-1.3102
-0.40995
0.43168
0.65848
0.29368
-0.13264
-0.4734
-0.42774
-0.28334
-0.32946
-0.42414
-0.46531
-0.36728
-0.14943
0.091928
0.32025
0.49515
0.56922
0.55966
0.46202
0.32861
0.15249
0.0095822
-0.070656
-0.096883
-0.035722
0.055515
0.19375
0.32364
0.45166
0.54438
0.62804
0.66871
0.69621
0.73762
0.79317
0.88034
0.99613
1.0363
0.88388
0.7333
0.72991
0.89731
1.0448
0.6938
0.02889
-1.1354
-2.255
-3.318
-3.2138
-2.2012
-0.27755
1.207
1.1253
0.29529
-0.76103
-1.3721
-1.3003
-0.85003
0.034075
0.84594
1.691
1.8877
1.3452
0.75916
0.34745
0.35149
0.73384
0.70339
0.9327
1.0012
0.77919
0.38549
-0.072449
-0.55986
-0.70359
-0.69106
-0.63294
-0.48413
-0.40755
-0.24844
-0.10512
-0.27327
-0.21645
-0.65466
-1.353
-2.2418
-2.6601
-2.8364
-2.3757
-1.9222
-1.0852
-0.29886
0.31536
0.37801
0
-0.20122
-0.35819
-0.32833
-0.1598
-0.048365
0.16832
0.4372
0.63164
0.75288
0.80214
0.81073
0.81583
0.84389
0.88793
0.91512
0.94192
0.9587
1.0104
1.1219
1.254
1.3751
1.3824
1.2221
0.89106
0.50571
0.21633
0.11813
0.21682
0.47307
0.78594
1.0835
1.3571
1.6922
2.1927
2.6357
2.6103
1.6166
-0.10551
-1.9863
-2.9733
-2.7651
-1.7369
-0.62639
0.091457
-0.082776
-0.50276
-0.97118
-1.2587
-1.3079
-1.3299
-1.2467
-0.98993
-0.63085
-0.32764
-0.079641
0.13494
0.1688
0.33919
0.47186
0.2823
0.05213
-0.25734
-0.47704
-0.52755
-0.45919
-0.39376
-0.15407
0.10249
0.40907
0.52051
0.3998
-0.0050834
-0.52264
-1.1903
-1.823
-2.2365
-2.17
-1.5074
-0.11308
1.463
2.5537
2.2651
1.2599
-0.089885
-1.1372
-1.4424
-1.08
-0.28588
0.74503
1.6474
2.0201
1.6815
1.1604
0.73668
0.67184
0.73052
0.57211
0.3154
0.051706
-0.093494
-0.12785
-0.076161
0.081017
0.25024
0.31872
0.26216
0.2473
0.30342
0.35702
0.43256
0.058616
-0.47841
-1.2222
-1.9066
-2.3075
-2.1967
-1.5894
-0.42817
0.88267
1.8593
2.0576
1.5079
0.74029
-0.22564
-0.84643
-1.2171
-1.2967
-0.99584
-0.37062
0.52795
1.5375
2.1764
2.2318
1.6145
0.82294
0.17669
-0.12103
-0.16462
-0.062953
0.1671
0.55958
0.94507
1.1733
1.266
1.3443
1.3524
1.2925
0.79748
0.087598
-0.75985
-1.509
-1.9497
-1.7809
-1.2547
-0.15673
0.74059
1.4023
1.0675
0.30302
-0.62188
-1.1471
-1.2087
-1.1367
-0.96991
-0.66545
-0.32224
-0.062596
0.08032
0.18118
0.24725
0.34154
0.39578
0.48599
0.57933
0.68864
0.81412
0.88378
0.8971
1.0014
1.1976
1.2751
1.0018
0.46331
-0.3911
-1.1726
-1.8299
-2.0112
-1.6167
-0.38835
1.17
2.5351
3.5024
2.8017
1.4278
-0.41809
-1.7273
-2.1404
-1.6281
-0.48789
0.81034
1.7649
1.859
1.2845
0.33779
-0.37129
-0.82185
-1.0746
-1.265
-1.327
-1.2114
-0.94855
-0.65324
-0.36121
-0.17234
-0.057702
0.012201
0.1256
0.28611
0.46648
0.6452
0.77548
0.89109
1.0012
1.1184
1.2584
1.3676
1.3978
1.2938
1.1056
0.84545
0.58679
0.33949
0.12644
-0.042254
-0.12055
-0.15349
-0.15381
-0.098375
-0.049279
0.013163
0.23072
0.25744
0.11566
-0.30767
-1.1126
-2.0944
-2.8882
-2.9294
-2.0741
-0.72023
0.4713
1.0586
0.71325
0.1459
-0.40429
-0.63577
-0.5988
-0.57172
-0.46211
-0.25052
0.049372
0.36147
0.60031
0.7236
0.77443
0.75648
0.69622
0.62967
0.55365
0.48117
0.44446
0.43359
0.47398
0.53645
0.6526
0.77751
0.92687
1.0279
1.0905
1.1181
1.133
1.0886
0.936
0.71031
0.67082
0.92899
1.4327
1.5613
0.91879
-0.31117
-1.7517
-2.408
-2.2437
-1.5032
-0.6821
-0.07387
0.10893
-0.11734
-0.81842
-1.7097
-2.4147
-2.7621
-2.4875
-1.6461
-0.43234
0.72489
1.5248
1.4548
1.0998
0.62576
0.19673
-0.12891
-0.60087
-0.95044
-0.95908
-0.63778
-0.25449
0.14902
0.56446
0.91217
1.1351
1.1684
1.2045
1.2514
1.2438
1.1956
1.107
1.054
0.97145
0.81353
0.56966
0.29938
0.010779
-0.22618
-0.44935
-0.52437
-0.47842
-0.33852
-0.021487
0.20409
0.24166
0.22554
0.22825
-0.064458
-0.49163
-0.99168
-1.5245
-1.9746
-2.1131
-1.9746
-1.1997
-0.0080951
1.1965
1.9873
2.1357
1.4039
0.42875
-0.52173
-0.99052
-1.0738
-0.89257
-0.55501
-0.14789
0.16736
0.32708
0.31118
0.31178
0.35941
0.43495
0.51083
0.54532
0.57999
0.65956
0.78434
0.96027
1.1258
1.295
1.4284
1.4858
1.3418
1.2085
1.226
1.0115
0.747
-0.17862
-1.2769
-2.1177
-2.1759
-1.4683
-0.40319
0.032232
0.25273
0.13558
-0.48479
-1.2304
-2.2244
-2.941
-3.0726
-2.3768
-1.1439
0.34121
1.3872
1.6833
1.2161
0.5687
0.14109
0.049232
-0.040129
-0.095999
-0.024854
0.19947
0.46903
0.66506
0.8246
0.9252
0.97576
0.92495
0.93758
0.9215
0.95025
0.94054
1.0213
1.0052
1.0672
1.0349
0.92043
0.7625
0.58041
0.39046
0.27226
0.2432
0.36103
0.49308
0.64622
0.58764
0.45071
0.13601
-0.23201
-0.73608
-1.5527
-2.2853
-2.4107
-1.7213
-0.42135
1.146
1.9071
1.5759
0.49411
-0.62324
-1.24
-1.0944
-0.50785
0.3014
0.94675
1.2098
0.93837
0.51248
0.20783
0.16093
0.32654
0.43059
0.47252
0.49616
0.53478
0.57733
0.59396
0.57694
0.52222
0.45964
0.41179
0.39776
0.433
0.44175
0.43526
0.4287
0.39523
0.37696
0.37014
0.40965
0.5384
0.78804
1.1087
1.4424
1.6446
1.6596
1.4511
1.0962
0.69278
0.42586
0.27253
0.71211
1.4027
2.4842
3.1157
2.4315
0.54193
-1.7475
-3.2316
-3.4432
-2.5021
-1.4747
-0.84638
-0.61829
-0.82373
-1.0496
-1.2636
-1.3973
-1.3941
-1.1893
-0.8914
-0.57704
-0.2745
0.056534
0.23832
0.52524
0.44451
0.43649
0.37186
0.028295
-0.23445
-0.45675
-0.48501
-0.35159
-0.21415
-0.13735
-0.12117
-0.16555
-0.14532
-0.19369
0.076641
0.14919
0.18943
-0.044314
-0.25368
-0.51917
-0.57923
-0.57891
-0.54241
-0.46579
-0.36919
-0.26067
-0.088167
0.20024
0.52426
0.92779
1.2148
1.3896
1.3486
1.0246
0.52582
-0.019901
-0.49709
-0.90988
-1.1076
-0.88445
-0.17435
1.247
2.2701
2.9988
2.2183
0.23264
-1.9143
-3.317
-3.2977
-2.1201
-0.55295
0.68549
1.2676
0.8128
0.02732
-0.56129
-0.79802
-0.87471
-0.98998
-1.0312
-0.92523
-0.75378
-0.26246
-0.1079
0.030781
0.16902
-0.19941
-0.61635
-1.0318
-1.1749
-0.91379
-0.52442
-0.17826
0.13248
0.37773
0.68223
0.60177
0.37527
-0.044929
-0.38847
-0.8347
-1.1337
-1.3237
-1.2833
-1.0549
-0.75777
-0.38151
-0.010974
0.18967
0.38912
0.30819
0.24218
0.18737
0.15086
0.078763
0.028546
0.08535
0.33314
0.78052
1.1402
1.2974
1.1984
0.9851
0.6589
0.37656
0.25811
0.40108
1.0005
2.0576
2.947
3.6233
2.9668
1.0172
-1.1763
-2.7176
-2.921
-1.9643
-0.41938
0.58071
1.0915
0.76336
0.28342
-0.29182
-0.89406
-1.3639
-1.624
-1.3554
-0.76269
0.068756
0.8807
1.2829
0.63569
-0.19974
-1.1139
-1.536
-1.718
-1.6929
-1.4634
-1.0047
-0.71103
-0.38689
-0.24015
-0.12406
0.0029431
0.11144
0.30099
0.59117
0.88812
1.1079
1.263
1.374
1.4816
1.5573
1.5528
1.4889
1.3404
1.1193
0.85434
0.59353
0.4238
0.37808
0.38849
0.43517
0.39819
0.33914
0.35248
0.27714
0.31552
0.33172
0.4501
0.43311
-0.011025
-0.75469
-1.6929
-2.3855
-2.3984
-1.6362
-0.17323
1.4739
2.5936
2.8007
2.2542
1.1787
-0.12401
-1.1832
-1.9325
-1.9208
-1.1068
0.13854
1.3596
2.0177
1.8151
1.3722
0.89981
0.36963
-0.20486
-0.70883
-1.0686
-0.85368
-0.37978
0.039788
0.45032
0.59459
0.4301
0.028765
-0.30879
-0.41986
0.12203
0.45196
0.45653
0.29667
-0.35972
-1.1159
-1.9435
-2.4436
-2.3698
-1.8772
-0.92749
0.24576
1.222
1.6497
1.2174
0.67631
0.25128
0.18387
0.25359
0.29881
0.36024
0.50481
0.67307
0.80125
0.90166
0.96743
1.0306
1.0779
1.1159
1.1509
1.1895
1.2018
1.1874
1.1796
1.2357
1.35
1.5062
1.6022
1.5579
1.4475
1.2354
0.98293
0.71768
0.39732
0.21187
0.28014
0.59824
1.2407
1.472
1.3697
-0.032568
-1.7182
-3.4385
-3.993
-3.2803
-1.8653
-0.52161
0.19302
0.11173
-0.24288
-0.7647
-0.97013
-0.92027
-0.87382
-0.73217
-0.61248
-0.49589
-0.44365
-0.39111
-0.3152
-0.22348
-0.10041
0.05419
0.24438
0.41593
0.51415
0.54637
0.57868
0.61889
0.71022
0.84897
1.0039
1.1868
1.3702
1.4828
1.5046
1.2291
1.0281
0.79489
0.64459
0.5258
0.1595
-0.011975
-0.40353
-0.7918
-1.4569
-2.2753
-2.6781
-1.8456
-0.43364
0.75137
0.82023
-0.060351
-0.94206
-1.4381
-1.4833
-1.4236
-1.3034
-1.1627
-1.0543
-0.67491
-0.65097
-0.46115
-0.42089
-0.63567
-0.73721
-0.78615
-0.64054
-0.34473
-0.032458
0.11771
0.17054
0.18279
0.18285
0.2317
0.29684
0.43117
0.58187
0.72452
0.81024
0.83899
0.81072
0.76204
0.71332
0.64418
0.58724
0.53025
0.48548
0.43252
0.37953
0.35509
0.24899
0.39189
0.74707
1.1349
1.2614
0.94297
0.53471
-0.32242
-1.1956
-2.5295
-3.7851
-4.0205
-2.6128
-0.37487
1.959
2.3937
1.302
-0.72786
-2.6739
-3.5328
-2.7632
-1.2325
0.56304
1.6106
1.4836
0.72688
-0.10487
-0.45926
-0.47878
-0.47813
-0.49349
-0.2644
-0.21199
-0.12379
-0.19533
-0.20294
-0.13901
-0.087208
0.023736
0.19739
0.38211
0.50703
0.55685
0.52424
0.441
0.33479
0.24074
0.18589
0.17767
0.21184
0.26886
0.31022
0.35131
0.37311
0.38336
0.37461
0.34704
0.31961
0.27361
0.23536
0.19735
0.14102
0.096163
0.058976
0.044081
0.025625
0.021888
0.010906
-0.0072451
-0.025268
-0.025179
-0.014337
0.035716
0.13524
0.21632
0.30743
0.34155
0.39648
0.45802
0.57836
0.7534
0.97567
1.2274
1.4706
1.6197
1.6142
1.3911
0.99665
0.48993
0.1044
0.10407
1.2682
2.4317
3.6878
2.9339
0.97833
-1.1204
-2.5267
-2.6111
-2.0516
-1.7657
-1.6081
-1.7398
-2.0293
-2.1432
-2.0509
-1.7027
-1.2858
-0.92216
-0.63347
-0.4859
-0.58936
-0.78405
-0.99998
-1.0073
-0.90462
-0.55168
-0.28466
0.1717
0.25237
0.1928
-0.021727
-0.13631
-0.17317
0.0061736
0.25267
0.41525
0.51893
0.58242
0.62734
0.62935
0.80216
0.85262
1.0002
1.035
0.97276
0.83809
0.62531
0.42526
0.27403
0.21948
0.21614
0.29672
0.33815
0.33165
0.23865
0.14594
0.16058
0.38003
0.50095
0.73986
0.91004
0.84662
0.65086
-0.0088207
-0.68101
-1.4711
-2.0392
-2.2606
-1.7232
-0.45409
0.94441
2.019
2.0185
1.4021
0.057719
-1.3396
-2.4072
-2.7504
-2.2269
-1.0872
0.29703
1.36
1.5569
1.3099
0.92474
0.60885
0.50606
0.37257
0.44241
0.55424
0.6601
0.73761
0.74769
0.68506
0.59751
0.49629
0.37588
0.19742
0.024993
-0.12204
-0.19669
-0.14666
0.035935
0.27614
0.66211
0.92062
1.0658
0.99622
0.84154
0.5277
0.46699
0.35146
0.27173
-0.016464
-0.63097
-1.1356
-1.8076
-2.0134
-1.8025
-1.2047
0.11529
1.3429
2.5307
3.0739
2.4378
1.2557
-0.32523
-1.6554
-2.2511
-1.792
-0.64244
1.0316
2.3051
2.4786
2.0732
1.0189
0.26571
-0.42879
-0.78074
-0.96539
-0.54445
-0.26863
0.082204
0.35239
0.35046
0.23999
0.048704
0
0.028816
0.089598
0.011596
-0.049439
-0.017505
0.12293
0.3289
0.45081
0.50852
0.56366
0.63409
0.70204
0.75849
0.79429
0.82431
0.83637
0.84243
0.83937
0.83935
0.84239
0.83
0.83919
0.86084
0.93876
1.0422
1.1652
1.2985
1.3979
1.4312
1.3468
1.1148
0.80118
0.47902
0.22574
0.10351
0.029199
0.074835
0.44701
0.90955
1.5254
1.697
1.5132
0.76997
-0.49681
-2.0115
-2.9602
-2.6827
-1.3922
0.0033445
0.91786
0.77834
0.0033596
-0.75687
-1.2562
-1.2002
-0.83685
-0.37486
-0.15207
-0.087915
-0.18944
-0.33502
-0.21324
0.074473
0.42314
0.65325
0.61926
0.48712
0.64245
0.99693
1.0875
0.68169
-0.087667
-0.88258
-1.5816
-1.9059
-1.9841
-1.9447
-1.6708
-1.3541
-0.72773
-0.31662
-0.33939
-0.65767
-1.1571
-1.5952
-1.9687
-2.1462
-2.0333
-1.4283
-0.73071
0.41854
1.2725
1.68
1.4457
0.80066
0.16495
-0.15813
-0.17066
-0.093169
0.012822
0.1887
0.37017
0.49671
0.55597
0.54841
0.50609
0.45765
0.38738
0.34884
0.31989
0.2848
0.27797
0.24624
0.22398
0.21113
0.19833
0.19178
0.19761
0.23116
0.24922
0.27644
0.30052
0.31228
0.43102
0.63181
0.89605
1.1535
1.389
1.463
1.3611
1.0779
0.71671
0.41987
0.19613
0.13564
0.30111
1.0649
1.9656
2.8586
3.0662
1.8766
0.023964
-1.7391
-2.6352
-2.3734
-1.3831
-0.37617
0.30135
0.39959
-0.0089414
-0.68218
-1.2118
-1.6607
-1.7551
-1.6116
-1.4564
-1.3162
-1.2741
-1.1371
-0.93483
-0.6675
-0.66726
-0.63442
-0.79423
-0.95986
-1.0128
-0.84672
-0.52976
-0.22189
0.026618
0.23652
0.37239
0.60862
0.73836
0.90343
1.0389
1.1388
1.2387
1.2736
1.2584
1.1901
1.1396
1.0038
0.79446
0.52355
0.27932
0.094049
0.073447
0.19089
0.27008
0.36095
0.33735
0.18475
0.1114
-0.038096
-0.10546
-0.21379
-0.63242
-1.1591
-1.791
-2.1563
-2.1647
-1.5589
-0.52932
0.63454
1.5439
1.693
1.3421
0.84511
0.42114
0.25448
0.2048
0.2429
0.3835
0.51544
0.6065
0.63906
0.65117
0.63398
0.59038
0.5497
0.54135
0.58604
0.69866
0.82339
0.94551
1.0503
1.1228
1.1333
1.0846
0.98513
0.85565
0.68695
0.44288
0.23388
0.057089
0.2138
0.5825
1.1617
1.7712
1.9125
1.4817
0.070313
-1.6678
-3.0625
-3.3062
-2.5492
-1.3408
-0.14012
0.35618
0.16616
-0.38385
-1.1368
-1.5086
-1.5843
-1.4881
-1.3048
-1.0814
-0.76586
-0.31148
0.101
0.36969
0.63736
0.4982
0.41418
0.0066555
-0.45788
-0.87611
-1.089
-0.96506
-0.67
-0.36209
-0.037739
0.286
0.50181
0.53525
0.4433
0.28744
0.095042
-0.021208
-0.031943
0.13898
0.4329
0.79733
1.1213
1.433
1.6707
1.7969
1.7373
1.5192
1.1707
0.76073
0.40743
0.16344
0.20113
0.51531
0.90213
1.1931
1.6092
1.6124
1.6758
1.051
-0.1363
-1.4142
-2.7291
-3.2144
-2.8063
-1.4763
-0.060908
1.0586
1.2986
0.81109
0.19796
-0.58221
-0.89748
-1.1856
-1.2679
-1.1716
-0.80276
-0.35162
0.018873
0.033908
0.36847
0.32639
0.29194
0.22027
-0.34628
-0.75745
-1.1254
-1.2326
-1.1477
-0.94219
-0.78545
-0.4186
-0.22846
0.28899
0.59728
0.73819
0.67446
0.54722
0.41041
0.32406
0.16832
-0.020944
-0.10424
-0.051878
0.19965
0.45566
0.68535
0.73636
0.60111
0.58141
0.43144
0.5991
0.74526
0.85375
0.83325
0.82274
0.4939
0.152
-0.23176
-0.85227
-1.5851
-2.2351
-2.2157
-1.2776
0.11906
1.7159
2.6066
2.5711
2.2588
0.79193
-0.77665
-2.1567
-2.9744
-2.6402
-1.3864
0.40852
1.9641
2.737
2.4341
1.4331
0.50595
-0.21541
-0.50919
-0.61364
-0.42474
-0.087682
0.19541
0.44244
0.66242
0.80917
1.0105
0.91647
0.81124
0.62854
0.51548
0.5667
0.72995
0.93605
1.1821
1.3762
1.4414
1.3032
1.3199
1.288
1.1017
0.85266
0.30328
-0.1402
-0.63814
-0.82429
-0.68995
-0.42957
-0.23778
0.10031
0.34124
0.38733
0.29856
0
-0.26733
-0.56093
-0.8924
-1.2734
-1.6319
-1.7486
-1.7097
-1.5088
-1.0443
-0.17951
0.61144
1.7866
2.3948
1.9988
0.58734
-1.1436
-2.5163
-2.3579
-1.4963
-0.37362
0.111
0.04969
-0.3071
-0.49458
-0.5095
-0.47754
-0.50121
-0.44865
-0.28748
-0.085099
0.12622
0.32296
0.51976
0.68136
0.80771
0.88704
0.92226
0.94274
0.94849
0.9395
0.92165
0.8979
0.86825
0.8591
0.8675
0.89049
0.91048
0.92163
0.90348
0.86778
0.81165
0.76141
0.71705
0.69894
0.71866
0.78483
0.86826
0.9544
0.88094
0.79603
0.77201
0.77113
0.81062
0.46101
0.13238
-0.60361
-1.1139
-1.8493
-2.477
-2.431
-1.6595
-0.19684
1.3248
1.9463
1.6909
0.40871
-0.93544
-1.8799
-1.7418
-0.77948
0.59519
1.7581
2.0937
1.6613
0.95465
0.44595
0.26056
0.21271
0.18173
0.27373
0.46601
0.59103
0.61278
0.5232
0.47271
0.40287
0.32205
0.16091
-0.099807
-0.34356
-0.47348
-0.48428
-0.38445
-0.23221
-0.10776
-0.08562
0.14909
0.63753
0.83597
0.92399
0.50186
-0.18747
-0.88479
-1.4992
-1.849
-1.8433
-1.474
-0.8899
0.079898
1.0442
1.6615
1.5762
0.92595
-0.041342
-0.88761
-1.3289
-1.3291
-0.93223
-0.14621
0.74505
1.7555
2.2475
1.914
1.1162
0.39798
0.096765
0.19913
0.36245
0.50652
0.7587
1.0305
1.1916
1.17
0.95689
0.69647
0.42195
0.26106
0.15281
0.11397
0.14739
0.22814
0.35628
0.54023
0.68813
0.77206
0.79472
0.76719
0.76754
0.75114
0.77104
0.74904
1.0346
1.3372
1.4834
1.3553
0.94133
0.050453
-0.98153
-2.0482
-2.4844
-2.0813
-0.87399
0.49206
1.5642
2.0043
1.445
0.63415
-0.39483
-1.2022
-1.6464
-1.8651
-1.8382
-1.6839
-1.5606
-1.0885
-0.60144
-0.22432
-0.21031
-0.51489
-0.97098
-1.1344
-1.09
-0.81693
-0.52045
-0.23476
0.014332
0.22673
0.37647
0.52949
0.68584
0.81959
0.91908
0.97839
1.0118
1.028
1.0356
1.0549
1.0889
1.164
1.2571
1.3505
1.4121
1.4327
1.3943
1.2849
1.0948
0.8267
0.52756
0.26889
0.086849
0.033023
0.048154
0.096552
0.17848
0.36396
0.53826
0.63729
0.70019
0.51203
0.25827
-0.24358
-1.0204
-1.7459
-2.317
-2.748
-2.2869
-1.2614
-0.43429
0.14835
0.0094978
-0.56841
-0.95551
-1.0542
-0.78183
0.0064277
0.50286
0.95376
0.87552
0.78704
0.76325
0.90614
1.099
1.2305
1.3032
1.3234
1.2905
1.2175
1.0173
0.80257
0.57665
0.49407
0.43126
0.26681
-0.060933
-0.45803
-0.67325
-0.56223
-0.46778
-0.31475
-0.30164
-0.39834
-0.20296
-0.2343
-0.25883
-0.4493
-1.1179
-1.8021
-2.6959
-2.8344
-2.507
-1.3469
0.31
1.6592
2.7136
2.6452
2.004
1.121
0.255
-0.17817
-0.24804
0
0.4226
0.8275
1.1797
1.493
1.6839
1.714
1.5873
1.325
0.96932
0.6212
0.34315
0.18001
0.15556
0.20019
0.34116
0.57796
0.8757
1.0454
1.0913
0.93884
0.76651
0.65943
0.5087
0.33833
0.080999
-0.33664
-0.7051
-0.92757
-1.2322
-1.7682
-2.0686
-2.1354
-1.6899
-0.92793
-0.16401
0.16022
0.1597
-0.15593
-0.27845
-0.313
-0.17365
0.035251
0.26186
0.33413
0.32343
0.21484
0.01574
-0.27915
-0.575
-0.80327
-0.97089
-1.0909
-1.1884
-1.0735
-0.79448
-0.48707
-0.11221
-0.039276
0.15651
0.31185
0.29574
0.2232
0.13046
-0.082707
-0.21189
-0.42221
-0.62222
-1.1439
-1.6269
-2.2799
-2.4128
-2.1203
-1.4095
-0.30201
1.0563
2.1479
2.7161
2.4176
1.5467
0.37986
-0.68495
-1.4156
-1.7379
-1.4044
-0.59976
0.60629
1.7236
2.3464
2.0246
1.4033
0.81769
0.52941
0.61711
0.63724
0.76196
0.86747
0.80964
0.62941
0.33543
0.12225
0.026533
0.052984
0.16402
0.25627
0.28234
0.27938
0.208
0.121
0.034169
-0.068289
-0.16275
-0.25974
-0.39077
-0.49554
-0.51643
-0.37748
-0.070782
0.3094
0.8629
1.3959
1.457
1.2872
0.49162
-0.74729
-1.9728
-2.9085
-3.0625
-2.4533
-1.0934
0.56482
1.7213
2.3497
1.5704
0.41411
-1.0094
-2.0797
-2.663
-2.4189
-1.3356
0.005422
1.2506
1.7232
1.3346
0.65018
0.011009
-0.23748
-0.37961
-0.53387
-0.63626
-0.59659
-0.43859
-0.30199
-0.13317
0.079656
0.27423
0.37289
0.48393
0.60173
0.86004
1.0915
1.2019
1.1661
1.0827
0.98366
0.95539
0.96886
1.0006
1.0144
1.0253
1.0241
1.0352
1.0463
1.0327
0.96291
0.83916
0.667
0.48052
0.30493
0.14681
0.0064131
-0.048324
-0.025893
-0.061779
-0.065328
0.019687
0.062621
0.14235
0.21611
0.066781
-0.13748
-0.52525
-1.0717
-1.619
-2.2488
-2.9141
-3.2545
-3.3007
-3.1533
-2.5048
-1.542
-0.47141
0.37478
0.44967
0.042277
-0.55463
-0.89966
-0.89127
-0.61221
-0.1427
0.29673
0.61974
0.7896
0.87009
0.91473
0.95939
0.98961
0.98361
0.95937
0.9422
0.943
0.98361
1.0278
0.9919
1.0286
1.0288
0.90524
0.8143
0.50521
0.34881
0.19612
0.22505
0.27205
0.27545
0.12311
0.043406
-0.021678
-0.025259
-0.44322
-0.89591
-1.6129
-2.2808
-2.8673
-3.2656
-3.063
-1.7792
-0.34086
1.1442
1.8519
1.8192
1.5017
0.96464
0.48279
0.2861
0.27486
0.3851
0.46701
0.52427
0.40921
0.31883
0.28025
0.068139
-0.020377
-0.14557
-0.19233
-0.26906
-0.17432
-0.36752
-0.28971
-0.30534
-0.44655
-1.0516
-1.6132
-2.2725
-2.2387
-1.7856
-0.9692
-0.041998
1.1784
2.1052
2.7283
2.7129
2.2242
1.498
0.75765
0.19195
-0.047052
0.03127
0.30237
0.63085
0.92017
1.1892
1.3305
1.3788
1.3564
1.3373
1.364
1.4332
1.4868
1.4678
1.3284
1.0516
0.73128
0.44845
0.30422
0.32135
0.46311
0.74938
0.95757
1.2475
1.2949
1.0602
0.72693
0.15798
-0.52852
-1.3378
-2.1705
-2.6547
-2.6213
-2.2408
-1.5927
-0.94378
-0.58792
-0.54105
-0.83922
-1.3404
-1.6742
-1.8983
-1.8733
-1.597
-1.1843
-0.70703
-0.26773
0.082523
0.35539
0.55112
0.72669
0.87083
0.98929
1.085
1.1494
1.1884
1.1963
1.1505
1.0172
0.79935
0.53366
0.27945
0.11288
0.050786
0.039493
0.11282
0.23126
0.37789
0.44275
0.38917
0.26228
0.14103
0.1749
0.29343
0.44588
0.53632
0.40659
0.13275
-0.15258
-0.70949
-1.2754
-1.8419
-2.1712
-2.1922
-1.7939
-1.0464
0.0085133
1.0025
1.7478
1.8715
1.6083
1.1852
0.75
0.43958
0.19144
0.054345
0.02577
0.13473
0.39317
0.7643
1.1508
1.3683
1.3412
1.0109
0.59295
0.2607
0.075425
0.023243
-0.03492
-0.13699
-0.29195
-0.25443
0.15234
0.28175
0.21464
-0.32992
-1.3694
-2.3538
-3.2
-3.3579
-2.74
-1.279
0.63638
1.9253
2.1636
1.7625
0.80789
-0.096689
-0.7935
-1.1688
-1.1077
-0.73827
-0.082574
0.53655
1.1742
1.6703
1.8816
1.8773
1.5717
1.034
0.37161
-0.078282
-0.16641
-0.015743
0.15786
0.17413
0.15875
0.2579
0.29694
0.24976
-0.035323
-0.35746
-0.88491
-1.4186
-1.9002
-2.0718
-2.0157
-1.5596
-1.0942
-0.2834
0.25117
0.65293
0.98386
1.2167
1.2669
1.1264
0.81021
0.47199
0.23328
0.061024
-0.010199
0.010227
0.088877
0.20909
0.354
0.4928
0.61159
0.68249
0.72943
0.69649
0.62496
0.49004
0.43162
0.4538
0.55719
0.71055
0.86818
1.0336
1.2141
1.3204
1.2591
0.98946
0.56411
0.10803
-0.31036
-0.51718
-0.50378
-0.16344
0.48041
1.0138
1.564
1.7648
1.8087
1.36
0.25412
-1.1844
-2.7392
-3.559
-3.1277
-2.0219
-0.78936
0.01492
-0.048572
-0.6924
-1.2597
-1.5434
-1.4068
-1.0888
-0.86794
-0.69924
-0.59056
-0.51945
-0.40633
-0.20538
0.038092
0.26705
0.40499
0.52422
0.61313
0.73301
0.86091
1.02
1.1718
1.3433
1.4921
1.622
1.6554
1.5529
1.3218
0.9772
0.6277
0.33967
0.15639
0.10962
0.1333
0.18845
0.26341
0.4252
0.49281
0.71852
0.75905
0.87094
0.80078
0.55973
0.075528
-0.59709
-1.1958
-1.9079
-2.1303
-2.1412
-2.108
-1.874
-1.2778
-0.53514
0.22159
0.63337
0.55341
0.40043
0.17415
-0.03244
-0.25579
-0.48783
-0.60648
-0.6439
-0.5794
-0.34724
-0.01636
0.27435
0.52883
0.6936
0.85872
1.0571
1.2518
1.4757
1.6794
1.8793
2.0466
2.1437
2.0795
1.7746
1.3238
0.83069
0.37828
0.091525
-0.033308
0.058332
0.45866
1.0848
1.5406
1.738
1.5467
1.2088
0.68631
-0.079551
-0.95504
-1.7768
-2.3392
-2.5078
-2.4876
-1.9596
-1.2718
-0.85641
-0.59203
-0.60471
-0.56278
-0.46201
-0.28981
0.067202
0.41159
0.55435
0.4493
0.2519
0.11753
0.15947
0.26012
0.38167
0.45701
0.4778
0.42733
0.35176
0.28881
0.31376
0.45156
0.66859
0.90621
1.0892
1.2386
1.3002
1.2659
1.1235
0.85647
0.54003
0.21582
-0.041466
-0.19057
-0.19452
-0.070287
0.10739
0.33832
0.35032
0.33346
0.25083
0.22179
0.20921
0.045069
-0.30281
-0.92769
-1.6489
-2.5189
-2.8737
-3.2192
-3.1578
-2.8209
-2.1247
-1.0911
0.024209
0.71307
0.70793
0.4297
0.19646
0.10007
0.09191
0.039893
0.079648
0.26238
0.46034
0.59023
0.70382
0.79329
0.88635
1.0184
1.1655
1.3238
1.4736
1.5916
1.674
1.6434
1.4578
1.122
0.72193
0.31203
-0.0038438
-0.14574
-0.057401
0.18708
0.72376
1.0299
1.2474
1.2898
1.1169
0.74529
0.19901
-0.5768
-1.4458
-1.9639
-2.2933
-2.3281
-1.8339
-1.2943
-0.72818
-0.25674
-0.19751
-0.2845
-0.59651
-0.78342
-0.81735
-0.69599
-0.52137
-0.26171
0.039319
0.32074
0.52585
0.63761
0.71335
0.78507
0.84229
0.89913
0.99046
1.0881
1.1782
1.2504
1.2532
1.1805
1.0638
0.89321
0.67958
0.43687
0.19239
0.037003
0.010058
0.13699
0.35296
0.49113
0.57873
0.46469
0.42697
0.49423
0.56754
0.68909
0.63164
0.36153
-0.1544
-0.55777
-1.1788
-1.6999
-2.1191
-2.3742
-2.4007
-2.0439
-1.3454
-0.49889
0.23927
0.69988
0.7654
0.61209
0.32801
0.064159
-0.063945
-0.036419
0.087723
0.22613
0.33358
0.43436
0.50164
0.50303
0.44507
0.33424
0.31257
0.40275
0.59791
0.85035
1.1305
1.3857
1.5816
1.658
1.5727
1.3415
1.0313
0.72857
0.46734
0.3496
0.35723
0.52037
0.88022
1.1539
1.3197
1.3896
1.2216
0.9623
0.3006
-0.59997
-1.4553
-2.0335
-2.3389
-1.9874
-1.351
2.4996
