-1.5231
-2.3769
-2.7355
-2.5045
-1.8345
-1.0643
-0.46972
-0.036856
0.22681
0.35259
0.42592
0.55719
0.73274
0.9119
0.97496
0.93953
0.81931
0.70697
0.62558
0.63087
0.66496
0.73164
0.78861
0.83206
0.86393
0.87852
0.81084
0.49487
0.25008
0.032425
0.070508
0.21895
0.41087
0.62524
0.71959
0.68287
0.14971
-0.67021
-1.4451
-2.0767
-2.3748
-2.3385
-1.9839
-1.1857
-0.32716
0.36815
0.80124
0.98037
0.86327
0.67157
0.56809
0.69445
0.96786
1.25
1.2654
1.1991
1.0177
0.62331
-0.22238
-1.0181
-1.6347
-1.5665
-1.157
-0.56961
-0.14547
0.012877
-0.15068
-0.47544
-0.88386
-1.2292
-1.464
-1.3637
-0.90578
-0.2554
0.34444
0.85204
0.85118
1.003
0.98926
0.76887
0.38043
0.034387
-0.179
-0.11922
0.22017
0.64728
1.0718
1.3246
1.3665
1.0815
0.5295
-0.32819
-1.3815
-2.4206
-3.1198
-3.1423
-2.5361
-1.6169
-0.69369
-0.053458
0.26175
0.30427
0.22049
0.10661
0.055047
0.16858
0.36533
0.57603
0.71031
0.78072
0.79267
0.80287
0.74413
0.56887
0.38319
0.30712
0.38638
0.61197
0.81624
0.92873
0.96894
0.82599
0.58454
0.23059
-0.10383
-0.31141
-0.53827
-0.86532
-1.333
-1.5684
-1.3819
-0.81222
-0.276
0.093172
0.26721
0.19866
-0.042196
-0.20573
-0.058032
0.4186
0.89715
1.1912
1.2143
1.0632
0.82406
0.55307
0.1621
-0.12515
-0.19396
0.05645
0.56122
0.91286
1.0988
1.2337
1.1814
0.90602
0.035413
-1.4865
-2.9928
-3.3072
-3.0788
-1.8338
-0.63129
0.19933
0.63946
0.84326
0.71197
0.33399
-0.14481
-0.45274
-0.47827
-0.12014
0.39311
0.84637
1.1675
1.3003
1.2856
1.1337
0.86396
0.5049
0.054359
-0.25763
-0.30521
-0.010915
0.27871
0.61839
0.72704
0.91102
1.0791
1.1155
0.68355
-0.44351
-1.9113
-3.0829
-3.3688
-2.8428
-1.7734
-0.62059
0.22892
0.85199
1.0178
0.82312
0.476
0.21589
0.16926
0.42203
0.72291
1.0778
1.2636
1.283
1.1505
0.8097
0.50011
0.27731
0.28935
0.53759
0.75026
0.98497
0.96183
0.89602
0.6787
0.31478
-0.089563
-0.59505
-1.0362
-1.4967
-1.9376
-2.3704
-2.3419
-1.9201
-1.2412
-0.62288
-0.25246
-0.065738
-0.10181
-0.22006
-0.11227
0.23908
0.78318
1.2186
1.4335
1.4548
1.3909
1.28
1.1909
1.1178
1.0424
0.95023
0.88849
0.81206
0.71464
0.44501
0.10786
-0.19954
-0.28328
-0.23378
-0.14224
-0.1572
-0.20794
-0.31572
-0.28895
-0.076085
0.11648
0.17401
-0.48057
-1.6705
-2.419
-2.7126
-2.1221
-1.2779
-0.42825
0.31912
1.0024
1.407
1.4574
1.1277
0.11755
-0.62595
-1.0947
-0.86032
-0.14036
0.55366
1.0873
1.345
1.3165
0.90057
-0.34356
-1.8873
-3.3584
-3.745
-3.0215
-1.7189
-0.57091
0.32067
0.89167
1.0483
0.76153
0.14216
-0.40904
-0.58619
-0.33319
0.19067
0.63421
0.85135
0.91409
0.83316
0.71315
0.52184
0.18334
-0.3465
-0.69618
-0.79137
-0.45836
0.013837
0.53795
1.0332
1.569
1.7677
1.5099
0.72208
-0.7763
-2.3267
-3.6705
-3.8957
-3.085
-1.3665
0.10755
1.2286
1.7403
1.6246
0.96903
-0.23717
-1.2127
-1.7335
-1.4476
-0.50411
0.33239
1.0238
1.2512
1.1859
0.86282
0.23891
-0.37871
-0.74603
-0.78439
-0.40072
0.047449
0.44151
0.66025
0.66533
0.5563
0.29256
-0.1166
-0.31187
-0.3906
-0.5099
-0.86051
-1.6216
-2.042
-1.9951
-0.98356
0.085972
0.99856
1.2785
0.94899
0.023911
-1.0739
-1.8446
-1.9696
-1.6206
-1.0033
-0.50534
-0.093427
0.093449
0.16777
0.10548
0.023977
-0.076743
-0.16071
-0.2999
-0.34076
-0.27842
-0.12003
0.14166
0.44428
0.67976
0.85766
0.88665
0.93728
0.90621
0.79338
0.416
-1.0919
-2.3238
-3.0532
-2.3896
-0.98445
0.30816
1.1053
1.3777
0.63598
-1.2771
-2.9572
-3.9174
-3.4048
-2.1056
-0.94815
0.24615
1.1949
1.6178
1.4492
0.82391
-0.067674
-0.60686
-0.63851
-0.11614
0.7237
1.3753
1.6278
1.6769
1.3892
0.9144
0.12376
-0.73318
-1.4865
-2.0511
-2.1324
-1.8465
-1.0394
0.063326
1.0479
1.5071
1.1444
0.15627
-1.124
-2.071
-2.4347
-2.1206
-1.3552
-0.49295
0.27981
0.81309
1.0768
1.0802
0.97038
0.80856
0.73036
0.64956
0.61311
0.63353
0.73327
0.99939
1.2785
1.4986
1.5924
1.4472
1.0898
0.43444
-0.047497
-0.75339
-1.1253
-1.3551
-1.4322
-1.2027
-0.83646
-0.40367
-0.16422
-0.25048
-0.38007
-0.43646
-0.51082
-0.64904
-0.70868
-0.48001
0.040917
0.64036
1.1751
1.4237
1.4931
1.3512
1.1701
0.99105
0.74914
0.20255
-0.39543
-0.92784
-1.0131
-0.5075
0.18084
1.0162
1.4523
1.7345
1.5557
0.85479
-0.11137
-1.6367
-3.059
-3.8362
-3.6276
-2.5555
-0.99587
0.2394
1.2211
1.7261
1.8975
1.8012
1.6718
1.5665
1.4988
1.4556
1.3902
1.3245
1.2475
1.2061
1.2004
1.228
1.2862
1.3809
1.4788
1.5408
1.4937
1.3313
1.1174
0.91394
0.78872
0.71111
0.67574
0.60321
0.51612
0.45436
0.41523
0.40177
0.40837
0.44381
0.4996
0.52668
0.51907
0.47655
0.46878
0.53974
0.65775
0.70885
0.67208
0.53518
0.3889
0.29813
0.27503
0.33183
0.43335
0.56794
0.63448
0.64155
0.57391
0.49104
0.38089
0.27337
0.15646
0.078353
0.030182
-0.012091
0.015136
0.066694
0.1275
0.15808
0.16742
0.17373
0.23194
0.37888
0.56594
0.71972
0.61627
0.22099
-0.18742
0.25833
0.21548
-0.48064
-1.9273
-3.3701
-3.6135
-2.7724
-1.565
0.037137
1.0776
1.7319
1.8413
1.5909
1.2254
0.67345
0.3508
0.052789
-0.13045
-0.16153
-0.11805
-0.23302
-0.45362
-0.70836
-0.845
-0.64298
-0.22671
-0.065204
0.1521
0.18308
0.19542
0.096119
-0.3688
-0.83633
-1.0588
-0.99932
-0.63073
-0.18538
0.074094
0.43804
0.413
0.14781
-0.32918
-0.97426
-1.3324
-1.4046
-1.4367
-1.3493
-1.1307
-0.92479
-0.75594
-0.91929
-1.5472
-2.6711
-3.334
-3.1806
-2.1997
-1.261
-0.21082
0.13229
-0.06303
-0.84192
-2.0517
-2.7106
-2.7473
-1.6387
-0.45413
0.65764
0.82482
0.74643
0.14132
-0.47007
-0.9909
-1.0092
-0.52831
0.39608
1.0577
1.3481
1.102
0.8224
0.52106
0.22975
0.040109
0.13718
0.57874
1.2797
1.373
1.2705
0.62374
0.2055
-0.29482
-0.48169
-0.55026
-0.40395
-0.088912
0.22446
0.16582
-0.06615
-0.71744
-1.2501
-1.5802
-1.7149
-1.9305
-2.4864
-2.9636
-3.1765
-2.5008
-1.7779
-1.0055
-0.30134
0.085097
0.32353
0.050245
-0.40611
-0.83887
-0.868
-0.30334
0.34422
1.1676
1.5974
1.9369
1.8
0.96691
-0.45647
-2.1916
-3.1751
-3.1206
-2.0087
-0.40469
1.0443
1.7709
1.4751
0.32524
-1.29
-2.4038
-2.6332
-2.0197
-0.943
0.066476
0.68511
0.85476
0.6791
0.3338
0.063186
-0.087264
-0.079789
0.12782
0.52203
1.0391
1.4099
1.7837
1.8032
1.8344
1.6143
1.225
0.70777
0.17888
-0.16672
-0.25536
-0.056097
0.2332
0.55377
0.59432
0.56753
0.17335
-0.23524
-0.66969
-1.0701
-1.3887
-1.6968
-2.0493
-2.0884
-1.9524
-1.2884
-0.5999
-0.022594
0.19393
-0.049515
-0.93676
-1.7938
-2.0412
-1.4812
-0.48169
0.68564
1.3644
1.6971
1.4794
0.82466
-0.10815
-1.1613
-1.9999
-2.0846
-1.5616
-0.71609
0.20772
0.48906
0.46001
-0.041363
-0.95001
-1.7628
-2.2005
-1.9226
-1.0163
0.17492
1.087
1.6199
1.5878
1.2485
0.8049
0.39449
0.25271
0.33586
0.66887
1.1698
1.6762
2.0985
2.3881
2.3136
2.2413
1.8127
1.0413
0.20342
-0.48273
-0.63044
-0.20082
0.55555
1.1399
1.5884
1.7075
1.5442
1.1053
0.4103
-0.72549
-1.9042
-2.6552
-2.6434
-1.5677
-0.451
0.47178
0.95575
1.2403
1.2231
0.98406
0.5463
0.083701
-0.12134
0.02719
0.52695
1.0851
1.597
1.9417
1.9373
1.7971
1.4083
1.0029
0.83576
0.85248
1.0489
1.2245
1.3354
1.3209
1.3649
1.2982
1.2608
1.1167
0.76347
0.52096
0.2888
0.32865
0.45648
0.57393
0.57413
0.58692
0.68151
0.77409
0.76603
0.50602
0.10923
-0.76712
-1.7495
-2.4384
-2.4482
-1.7546
-0.75873
0.19824
0.97071
1.3895
1.4728
1.0848
0.24335
-0.85552
-1.4453
-1.2365
-0.40753
0.70527
1.3373
1.6895
1.7038
1.4751
1.1116
0.21996
-1.1756
-2.4199
-2.8377
-2.4503
-0.95924
0.23415
1.2343
1.5843
1.1831
0.20279
-1.1036
-1.8702
-2.0368
-1.4064
-0.44041
0.40401
0.96337
1.2781
1.3494
1.2877
1.1823
1.0634
0.91138
0.84893
0.83685
0.88852
0.93153
0.89969
0.84127
0.77828
0.7417
0.76266
0.8725
1.0249
1.1354
1.1571
1.0716
0.95017
0.85078
0.81164
0.82179
0.87245
0.91651
0.97423
1.0005
1.0223
0.99214
0.71005
0.20447
-0.38225
-0.9639
-1.5131
-2.4616
-3.1909
-3.5947
-3.3614
-2.7617
-2.1372
-1.4785
-0.78311
-0.19666
0.21086
0.48271
0.70658
0.92182
1.0538
1.1138
1.1085
1.061
0.92892
0.73065
0.50353
0.32049
0.22894
0.19146
0.20596
0.2371
0.28257
0.35435
0.42871
0.48184
0.55901
0.63641
0.74997
0.79188
0.69453
0.48617
0.22898
0.036208
-0.033843
0.0048418
0.087279
0.20152
0.28204
0.25079
0.036575
-0.49079
-1.3008
-2.1327
-2.3662
-2.0969
-2.1071
-2.5113
-3.0768
-3.1303
-2.5288
-1.7005
-1.0063
-0.36233
0.13667
0.55982
0.9691
1.322
1.536
1.4503
1.2568
0.73194
0.21834
-0.26382
-0.70938
-0.96961
-1.2228
-1.1409
-0.63428
0.40477
1.3093
1.6505
1.0812
-0.025406
-1.2742
-2.3651
-2.872
-2.9692
-2.3083
-1.3137
-0.1714
0.57357
0.89958
0.71056
0.048781
-0.86854
-1.2782
-1.2046
-0.42762
0.45374
1.0836
1.6757
1.863
1.8333
1.2214
-0.10875
-1.5547
-2.515
-2.4206
-1.42
-0.12469
0.82652
1.4433
1.4909
0.72112
-0.82306
-2.2437
-2.7896
-2.2692
-0.74889
0.28976
1.2352
1.7216
1.5601
1.0352
0.14121
-0.65916
-0.99162
-0.74586
0.075912
0.864
1.4403
1.3331
0.95088
0.25674
-0.28821
-0.83326
-0.72326
-0.39309
0.40882
1.0535
1.3732
1.1163
0.3852
-0.50046
-1.4645
-2.2502
-2.3573
-2.2208
-1.8093
-1.4738
-1.1228
-0.76929
-0.30607
0.010461
0.16732
-0.20125
-0.54083
-0.7783
-0.6788
-0.27663
0.10174
0.67534
0.8705
0.90655
0.85403
0.50226
0.17427
-0.13778
-0.4157
-0.52451
-0.52938
-0.53423
-0.4043
0.00259
0.43741
0.71126
0.36184
-0.35383
-1.2517
-2.1559
-2.3191
-2.1087
-1.4201
-0.50381
0.077049
0.33873
0.19742
-0.19212
-0.47602
-0.64434
-0.62075
-0.52573
-0.25752
0.21142
0.75322
1.2634
1.379
1.2837
0.83886
0.34937
-0.053109
-0.26779
-0.16656
0.22435
0.59678
1.1067
1.4321
1.6513
1.7497
1.4648
0.82533
-0.034973
-0.92322
-1.9788
-2.1881
-2.5187
-2.2226
-1.6619
-1.2536
-0.74728
-0.56348
-0.69609
-1.0084
-1.1475
-0.98866
-0.53303
0.066239
0.63462
1.0743
1.3761
1.4965
1.4727
1.3028
1.2063
1.2219
1.3659
1.5217
1.5997
1.634
1.6996
1.6758
1.5558
1.3061
0.70872
0.32634
0.059916
0.14841
0.45666
0.70209
1.0161
1.3437
1.4754
1.1504
0.24691
-0.86081
-1.9707
-2.4488
-2.5713
-1.9004
-0.98096
0.0070664
0.80705
1.2222
1.3195
1.161
0.77317
0.47981
0.26888
0.25226
0.38501
0.50818
0.73591
0.83059
0.92743
0.88708
0.64265
0.13676
-0.26169
-0.45582
-0.27048
0.092393
0.57928
1.0262
1.3779
1.6369
1.73
1.1884
-0.22281
-1.3037
-2.1125
-1.6961
-0.78793
0.0091558
0.87838
1.3213
1.1126
0.38586
-0.81462
-1.7993
-2.0764
-1.6926
-0.83333
-0.050066
0.48904
0.8253
0.95219
0.9018
0.83104
0.74673
0.70333
0.71895
0.80939
0.94511
1.0468
1.0329
0.89898
0.7267
0.59751
0.5476
0.55879
0.61297
0.67845
0.78914
0.90885
0.94943
0.8431
0.57633
0.28024
0.092654
0.0067793
0.038415
0.11525
0.25083
0.26892
0.11752
-0.36387
-0.67808
-0.94262
-1.1643
-1.6144
-2.2681
-2.8543
-2.9928
-2.7965
-2.5007
-2.0825
-1.5917
-1.0304
-0.36471
0.18354
0.55533
0.78224
0.87322
0.90983
0.92151
0.9264
0.89723
0.83624
0.76612
0.70732
0.65758
0.60325
0.5671
0.57877
0.62466
0.66376
0.65271
0.56629
0.47065
0.39777
0.33396
0.32271
0.371
0.46977
0.56867
0.61493
0.38803
-0.19759
-0.51731
-0.61431
-0.29471
-0.01152
-0.45193
-0.91608
-1.5957
-2.1308
-2.484
-2.8702
-2.7891
-2.184
-1.1973
-0.18346
0.57642
0.95611
0.98954
0.8366
0.68807
0.63734
0.65428
0.7344
0.68359
0.52255
0.16888
-0.69729
-1.5463
-2.2748
-2.1993
-1.5816
-0.4365
0.53615
0.7495
0.36212
-0.40515
-1.1029
-1.5433
-1.6662
-1.3397
-0.65509
0.18363
0.89767
1.2476
1.3472
1.2265
0.95213
0.47302
-0.125
-0.54392
-0.53492
-0.045836
0.39853
0.91409
1.1694
1.406
1.5606
1.6427
1.3942
0.97934
0.47565
0.23446
0.095371
-0.15426
-0.77718
-0.81745
-0.84801
-0.54638
-0.57913
-1.1277
-1.7049
-2.1995
-2.3114
-2.0218
-1.1178
-0.22386
0.38606
0.85298
0.82416
0.61521
0.39818
0.2959
0.452
0.67389
0.78561
0.8699
0.90392
0.88494
0.64563
0.10395
-0.70327
-1.411
-1.6243
-0.88721
0.4289
1.3754
1.92
1.8868
0.9293
-0.18252
-1.5214
-2.5108
-2.5426
-1.905
-0.38567
0.44063
0.91101
0.92264
0.67926
0.38309
-0.10699
-0.71074
-0.9498
-0.80958
-0.2466
0.45183
0.85486
1.2247
1.3107
1.4681
1.3854
1.1039
0.69445
0.3795
0.35606
0.54804
0.89764
0.97072
1.2309
1.2457
1.5495
1.6237
1.4243
1.0178
0.040325
-1.168
-2.0368
-2.1657
-1.5254
-0.1054
0.93334
1.8117
1.8975
1.202
-0.086905
-1.0003
-1.393
-1.16
-0.68136
-0.15548
0.49685
1.0628
1.3288
1.2532
0.94469
0.60557
0.54566
0.71064
1.079
1.4148
1.5668
1.5429
1.4309
1.2169
0.99433
0.73299
0.11578
-0.48262
-1.0539
-1.2143
-0.92754
-0.60749
-0.38115
0.19614
0.92286
1.3486
1.0033
0.016584
-1.1997
-2.2889
-3.2868
-3.4166
-3.0073
-1.9153
-0.73783
0.085652
0.60221
0.64626
0.26782
-0.049684
-0.24282
-0.14619
0.19852
0.44648
0.68869
0.74067
0.8421
0.77286
0.60198
0.087905
-0.35962
-0.66661
-0.6442
-0.41635
-0.21622
0.032816
0.22951
0.67973
0.83456
0.81195
0.39468
-0.39699
-1.3907
-2.0241
-1.8402
-1.2507
-0.15412
0.27815
0.67967
0.74345
0.33626
-0.41909
-1.3011
-1.8539
-1.9288
-1.592
-1.0882
-0.54594
-0.039885
0.20973
0.40023
0.25139
0.060762
-0.36395
-0.75826
-1.0644
-1.1072
-0.79354
-0.23005
0.32878
0.95327
1.4844
1.9798
2.1391
1.6387
0.70424
-0.36301
-1.1459
-1.7283
-2.1777
-2.7963
-2.9638
-2.8101
-2.185
-1.2687
-0.57868
-0.15634
0.012581
-0.065278
-0.3833
-0.56744
-0.59862
-0.35091
0.042215
0.43855
0.74412
0.88798
0.8663
0.77349
0.6713
0.64289
0.62436
0.62538
0.60211
0.46994
-0.16918
-0.51604
-0.63276
-0.18484
0.40716
0.67148
0.61036
0.77313
1.3909
1.9467
1.8738
0.63184
-1.0492
-2.5843
-3.2086
-3.0076
-2.2292
-1.2239
-0.21592
0.40542
0.76288
0.76818
0.64916
0.44336
0.080234
-0.835
-1.4155
-1.6746
-1.1301
-0.10212
0.80854
1.6749
2.1906
2.281
1.9238
1.236
0.51723
-0.042466
-0.44397
-0.77278
-1.1805
-1.4891
-1.5464
-1.1546
-0.34006
0.42548
0.95305
1.1867
0.78772
-0.20375
-1.7479
-3.1019
-3.9307
-3.6725
-2.8126
-1.5684
-0.36448
0.58718
1.1751
1.353
1.2478
0.93584
0.40709
-0.19364
-0.76729
-0.9898
-0.89229
-0.34715
0.027832
0.56041
0.61122
0.59363
0.46514
0.18975
-0.13848
-0.43645
-0.56594
-0.39336
0.014875
0.51184
0.97219
1.2369
1.4484
1.3588
1.2438
1.0273
0.46373
-0.34505
-1.6127
-2.2619
-2.5237
-1.7534
-0.63446
0.74859
1.846
2.3217
2.2181
1.5331
0.35527
-1.2584
-2.2083
-2.3969
-1.5214
-0.5418
0.1249
0.35363
0.28808
0.19282
0.086909
-0.0042411
-0.16972
-0.31837
-0.4438
-0.46103
-0.36987
-0.12123
0.2341
0.73253
1.1656
1.3987
1.3784
1.0655
0.68164
0.19887
-0.081323
-0.1178
0.21221
0.76162
1.166
1.4056
1.5036
1.7311
1.8901
1.7193
0.99329
-0.18373
-1.5167
-2.5969
-3.0072
-2.878
-2.1054
-1.205
-0.42245
0.14388
0.35574
0.27311
0.085309
-0.096358
-0.12278
-0.0043902
0.19559
0.40486
0.61903
0.76976
0.83915
0.85786
0.82349
0.72919
0.52593
0.38438
0.38263
0.61029
0.9924
1.3799
1.6231
1.6049
1.5128
1.1758
0.5482
-0.55113
-1.527
-2.1919
-1.9959
-1.354
-0.30554
0.20167
0.21552
-0.27029
-0.87777
-1.1861
-1.306
-1.182
-0.68765
0.025158
0.84947
1.3822
1.5512
1.3645
0.91756
0.40056
-0.14749
-0.68744
-0.98602
-1.054
-0.76816
-0.23854
0.30136
0.8121
1.0311
1.3877
1.7286
1.737
1.2887
0.34984
-0.62788
-1.2941
-1.3792
-1.1112
-0.69763
-0.44276
-0.77124
-1.0837
-1.3074
-1.6111
-2.1901
-3.0306
-3.2486
-2.683
-1.3586
0.014134
0.87668
1.266
1.3656
1.2599
1.0361
0.59727
0.08737
-0.20313
-0.21026
0.096877
0.51519
0.80124
0.88643
0.85103
0.74233
0.58631
0.409
0.12293
0.01182
0.059093
0.30961
0.62623
0.85295
0.95908
0.97067
1.0106
0.92767
0.8212
0.47651
-0.091967
-0.64352
-1.0603
-1.1093
-0.86396
-0.51059
0.14816
0.89786
1.2474
1.0142
0.22289
-0.81361
-1.6823
-2.3719
-2.3538
-1.6693
-0.52798
0.58125
1.4391
1.7618
1.7766
1.4493
1.0226
0.45511
-0.37349
-1.1611
-1.5002
-1.3044
-0.24952
0.67622
1.3786
1.8077
1.6562
1.1902
0.42456
-0.45615
-1.3943
-2.2295
-2.9507
-3.0177
-2.6039
-1.6199
-0.60213
0.236
0.73651
0.73778
0.40455
-0.020313
-0.38315
-0.62344
-0.77764
-0.70472
-0.41237
0.10294
0.73967
1.2072
1.4215
1.346
1.2263
0.94273
0.62902
0.055288
-0.4041
-0.61736
-0.35664
0.19124
0.67819
0.98833
1.0525
1.1579
1.5095
1.86
1.805
1.2463
0.24065
-1.0001
-1.9279
-2.8206
-2.8098
-2.6248
-1.7852
-0.99741
-0.31055
0.16039
0.26478
-0.08955
-0.78773
-1.4839
-1.7661
-1.435
-0.64346
0.25152
0.93711
1.4627
1.7132
1.6499
1.3034
0.76088
0.26585
-0.062716
-0.12318
0.091744
0.44148
0.76746
0.94515
1.0332
0.90349
0.64163
0.1964
-0.29323
-0.71164
-1.123
-1.3214
-1.3447
-1.1543
-0.6956
-0.15169
0.33996
0.95755
1.3389
1.5175
1.4325
0.71976
-0.41154
-1.7487
-2.3964
-2.4577
-1.7308
-0.86889
-0.11564
0.53733
0.74778
0.7008
0.45954
-0.0060704
-0.72207
-1.209
-1.2591
-0.52933
0.28882
1.153
1.4757
1.3846
1.007
0.38135
-0.22596
-0.70609
-1.0349
-1.1721
-1.0814
-0.91399
-0.58518
-0.25227
0.12717
0.49668
0.63616
0.74949
0.77803
0.70757
0.5582
0.089029
-0.81582
-1.9525
-2.6082
-2.5834
-1.4427
-0.16041
0.90216
1.3543
1.1396
0.23829
-1.2333
-2.2565
-2.7631
-2.3835
-1.5244
-0.64318
0.038961
0.50089
0.67205
0.69343
0.65101
0.50743
0.41308
0.41776
0.5488
0.77768
0.96155
1.0233
0.98521
0.89701
0.86288
0.82031
0.79229
0.70331
0.41849
0.17695
-0.018992
0.073987
0.42142
0.78284
1.1414
1.2265
1.4593
1.6737
1.6576
1.0944
-0.42143
-1.7171
-2.9123
-2.6305
-1.7277
-0.43445
0.31782
0.80932
0.90506
0.62658
-0.03513
-0.82295
-1.4974
-1.578
-1.0942
-0.26418
0.51619
0.98788
1.1265
1.1761
1.1495
1.0509
0.8661
0.53351
0.25151
0.15216
0.26632
0.51789
0.79348
1.0153
1.121
1.2824
1.3061
1.3553
1.122
0.58316
-0.0978
-0.61845
-0.78121
-0.40788
-0.1715
-0.011772
0.096741
0.052022
-0.078199
-0.4037
-1.2446
-2.4466
-3.4003
-3.7712
-3.1118
-1.9304
-0.70815
0.20031
0.83419
0.93751
0.74751
0.44738
0.058458
-0.60269
-1.1488
-1.4862
-1.1134
-0.14002
0.71842
1.5968
2.1224
2.301
1.9801
1.2814
0.32513
-0.31811
-0.61463
-0.52071
-0.38414
-0.21726
-0.085001
0.14015
0.37327
0.70714
0.89353
1.0501
0.9931
0.54851
-0.35503
-1.5975
-2.0826
-2.2427
-1.2948
-0.37122
0.85644
1.8247
2.379
2.3771
2.0008
1.4294
0.10374
-1.2272
-2.247
-2.1862
-1.1867
-0.2201
0.16188
0.085979
-0.098594
-0.21987
-0.23999
-0.22979
-0.22967
-0.25982
-0.37563
-0.61726
-0.79307
-0.80506
-0.47512
0.12308
0.61483
0.95775
1.0495
1.0659
1.0748
1.0411
0.88531
0.28146
-0.30848
-0.80498
-0.70962
-0.17592
0.49238
1.055
1.2286
1.2562
0.88043
0.12522
-0.71088
-1.7326
-2.4308
-2.6899
-2.3127
-1.5746
-0.73007
0.0072628
0.52917
0.83925
0.96998
0.94884
0.90857
0.85888
0.84039
0.80291
0.72514
0.61447
0.51846
0.49371
0.51857
0.57152
0.63128
0.66734
0.67519
0.63172
0.56284
0.48035
0.4098
0.3465
0.29269
0.25753
0.26382
0.27695
0.29001
0.28479
0.27504
0.28802
0.35071
0.46955
0.61262
0.73032
0.84973
0.9261
1.0222
1.1402
1.2065
0.95994
0.050877
-1.161
-2.2971
-3.0942
-3.6182
-4.0219
-4.0156
-3.5692
-2.642
-1.7946
-1.1889
-0.7651
-0.47239
-0.31431
-0.2385
-0.15012
0.079201
0.37177
0.56518
0.58759
0.31453
-0.072134
-0.44266
-0.71681
-0.77265
-0.64496
-0.31356
0.3362
1.1624
2.0176
2.3265
1.9828
1.0725
-0.12087
-1.4757
-2.3616
-2.9028
-2.5408
-2.018
-1.2232
-0.68853
-0.29953
-0.15891
-0.23507
-0.50067
-0.76586
-0.84143
-0.63732
-0.14793
0.46817
0.94814
1.1528
1.1543
1.0883
1.0182
0.95237
0.89274
0.81476
0.7655
0.74085
0.7674
0.81445
0.84107
0.84317
0.83918
0.82908
0.81697
0.79875
0.81128
0.82797
0.8529
0.8861
0.91527
0.95683
0.99437
1.0279
1.0492
1.0684
1.1187
1.1567
1.2155
1.2579
1.319
1.3907
1.3818
1.2298
0.77649
0.3783
0.11654
-0.34172
-1.2622
-2.2248
-2.8575
-3.0877
-3.0146
-3.2312
-3.1077
-2.7184
-2.0811
-1.52
-1.1795
-1.0181
-0.87114
-0.63214
-0.21535
0.26915
0.65484
0.84045
0.79693
0.46272
-0.15095
-0.93989
-1.6519
-2.1086
-1.7347
-0.94104
0.12661
0.82907
0.98648
0.84801
0.50198
0.024272
-0.73196
-1.3763
-1.857
-1.8077
-1.254
-0.35558
0.38105
0.84248
0.82415
0.50557
0.08144
-0.22221
-0.25909
0.013668
0.37904
0.78045
1.0002
1.0945
1.1109
0.96565
0.72476
0.33885
0.023263
-0.13057
-0.11452
0.049191
0.28408
0.59063
1.0094
1.4655
1.7625
1.7997
1.6157
1.2305
0.8747
0.52451
0.29762
-0.0048104
-0.32056
-0.35745
-0.27105
0.04365
0.28672
0.25806
-0.095132
-0.81138
-1.9637
-2.9338
-3.6321
-3.4244
-2.5525
-1.3661
-0.34148
0.54529
0.90117
0.82799
0.40342
-0.33419
-1.4361
-2.5361
-3.2209
-3.017
-1.7829
-0.28159
1.0623
1.7162
1.9452
1.7174
1.211
0.3796
-0.39768
-0.82393
-0.82461
-0.485
-0.20329
0.055942
0.19846
0.54736
0.71576
0.69317
0.33143
-0.038256
-0.10715
0.058694
0.26545
0.47228
0.55147
0.75066
1.0264
1.177
1.3275
1.3732
1.304
1.1327
0.67839
-0.32887
-1.5162
-2.1115
-2.2784
-1.5112
-0.4424
0.51323
1.3938
1.517
0.70969
-0.94455
-2.3224
-3.149
-2.8478
-1.962
-1.1864
-0.47045
-0.072866
0.33123
0.49366
0.50047
0.33233
0.019959
-0.34626
-0.63172
-0.6282
-0.43627
0.32416
1.0226
1.6273
1.7965
1.5598
1.4195
1.2111
0.79845
-0.13158
-1.0164
-1.5044
-1.5471
-0.74407
0.10847
0.90666
1.5956
1.836
1.717
1.2531
0.37313
-0.75154
-2.0835
-2.5335
-2.5907
-2.0114
-1.4327
-0.70747
-0.083835
0.33678
0.38916
0.16172
-0.034561
-0.2068
-0.31394
-0.2171
0
0.35227
0.69806
0.88598
1.0413
1.0159
0.93686
0.73532
0.41009
0.20669
0.18838
0.40222
0.87051
1.2417
1.4924
1.5363
1.532
1.3713
1.1052
0.6224
0.18965
-0.12895
-0.37294
-0.91484
-1.5135
-2.4342
-2.9937
-3.1041
-2.9525
-2.2969
-1.6259
-0.98763
-0.43202
-0.13323
-0.099671
-0.34383
-0.52893
-0.68015
-0.52636
-0.18871
0.17393
0.48792
0.66399
0.68076
0.64476
0.62108
0.65808
0.72515
0.75176
0.76624
0.75267
0.74117
0.77959
0.84176
0.89181
0.82671
0.59368
0.17384
-0.090712
-0.11221
0.29088
0.64363
0.94826
1.3537
1.7404
2.0403
1.7024
0.3482
-1.3657
-2.6427
-3.1802
-2.6849
-2.2875
-1.6669
-1.0883
-0.5629
-0.17334
-0.09814
-0.45185
-0.903
-1.15
-0.89407
-0.26652
0.33727
0.79103
1.1774
1.3797
1.4748
1.2487
0.83544
0.4893
0.31532
0.38789
0.62669
0.94956
1.1865
1.3662
1.4046
1.2806
0.95589
0.51441
-0.019129
-0.30809
-0.21633
-0.09385
-0.18588
-0.73435
-1.2854
-1.6529
-1.6099
-1.7015
-1.799
-1.8005
-1.7867
-1.5202
-1.2667
-0.97035
-0.60566
-0.2034
0.24823
0.65238
0.92145
0.97127
0.86534
0.66939
0.43776
0.33465
0.3567
0.5221
0.75289
0.94308
1.0057
1.0528
0.97736
0.81651
0.47249
-0.15313
-0.71722
-0.96401
-0.71184
-0.31051
0.43554
1.2227
1.9726
2.3621
1.9298
0.97295
-0.1564
-1.3372
-2.2925
-2.7653
-2.6401
-1.8966
-1.1951
-0.37725
0.25205
0.77644
0.87569
0.63639
0.016675
-0.64551
-1.2437
-1.4165
-1.0264
-0.2361
0.61696
1.3913
1.9591
2.1657
1.9383
1.2973
0.62551
0.27483
0.28837
0.6212
1.0074
1.2611
1.2118
0.95557
0.56286
0.16837
-0.067936
-0.17132
-0.20472
-0.11251
0.04201
0.26812
0.49078
0.63649
0.66016
0.64369
0.54874
0.49378
0.47681
0.46652
0.42456
0.2195
-0.088427
-0.23627
-0.079669
0.35122
0.98938
1.2133
1.2201
1.1971
1.1877
1.2982
1.0279
0.1851
-1.0962
-2.2564
-3.1389
-3.4397
-3.5266
-2.9667
-2.1804
-1.1995
-0.37069
-0.054036
-0.44228
-1.3333
-1.9601
-2.0286
-1.2366
-0.10889
0.69675
1.2456
1.5034
1.5311
1.5112
1.2315
0.76772
0.3484
0.1839
0.38482
0.8635
1.35
1.5258
1.6682
1.427
1.1854
0.86191
0.42275
0.048061
-0.15145
-0.057718
-0.060143
0.079411
-0.23588
-0.97503
-1.659
-2.3408
-2.3964
-2.1292
-1.7968
-1.5921
-1.6498
-1.8085
-1.9455
-1.6443
-1.1048
-0.36095
0.27665
0.70464
0.97846
1.0213
0.93203
0.81155
0.76795
0.78674
0.81027
0.84094
0.88351
0.926
0.92297
0.76222
0.39873
-0.10497
-0.41478
-0.34298
0.088049
1.1602
2.1758
2.8073
2.6244
1.6768
0.51339
-0.90515
-2.3938
-3.4098
-3.7451
-3.002
-2.042
-1.0491
-0.36334
0.0046823
0.091188
-0.18914
-0.78123
-1.388
-1.7838
-1.5468
-0.83261
-0.069479
0.67761
1.0299
1.1968
1.0384
0.65752
0.16528
-0.073345
0.06179
0.58495
1.2091
1.6651
1.7784
1.637
1.4689
1.2674
1.1343
0.87073
0.58554
0.44967
0.63971
0.99942
1.3937
1.6102
1.4515
0.95487
0.14221
-0.72981
-1.6188
-2.3522
-2.7499
-2.8113
-2.4678
-1.908
-1.2034
-0.61707
-0.13325
0.29222
0.55731
0.60635
0.38185
0.056315
-0.23353
-0.41662
-0.42023
-0.23881
0.075173
0.47602
0.87554
1.1562
1.1692
0.76899
0.20842
-0.29089
-0.010599
0.59895
1.0882
1.1203
0.60034
0.17456
-0.1029
-0.41515
-0.76623
-1.0703
-1.1167
-0.93162
-0.53276
0.06442
0.59763
1.15
1.523
1.682
1.6364
1.2385
0.61738
-0.16236
-1.014
-1.3714
-1.343
-0.97125
-0.098026
0.49565
1.0105
1.1456
0.80692
0.07918
-0.85175
-2.0278
-2.5963
-2.5632
-1.6276
-0.59108
0.072553
0.3
0.29771
0.2492
0.18272
0.066203
-0.078173
-0.2163
-0.36422
-0.59189
-0.91715
-1.226
-1.3688
-1.2203
-0.68945
-0.12944
0.40401
0.77374
1.0178
1.1465
1.0823
0.76621
0.095237
-0.60887
-1.1459
-1.3139
-0.9648
-0.42779
0.37817
1.2352
1.8147
1.9311
1.6162
1.1136
0.44102
-0.20961
-0.85817
-1.4039
-1.3979
-1.2951
-0.94716
-0.59127
-0.46476
-0.39361
-0.52028
-0.77956
-1.0034
-1.0214
-0.85337
-0.47731
-0.12283
0.13675
0.35686
0.56129
0.74804
0.77815
0.64546
0.25434
-0.063618
-0.20488
-0.0079612
0.44012
0.98044
1.3261
1.4726
1.6773
1.8644
2.0478
1.7492
1.1677
0.4771
0.072227
-0.050201
-0.10049
-0.3963
-0.8457
-1.3645
-1.8097
-2.1023
-2.1874
-2.1613
-1.9813
-1.6245
-1.2954
-1.0732
-1.0419
-1.0635
-0.89748
-0.53914
0.042938
0.42582
0.53499
0.29554
-0.0061651
-0.11523
0.10096
0.50341
0.90694
1.2599
1.4895
1.6658
1.6453
1.4874
1.3062
1.0097
0.72706
0.44356
0.32687
0.4029
0.69561
0.77662
0.83891
0.77051
0.9091
1.0333
0.66588
-0.25486
-1.3486
-2.1538
-2.3919
-2.2182
-1.7315
-1.4212
-1.5265
-1.574
-1.3934
-0.83042
-0.30892
-0.16227
-0.21453
-0.35376
-0.53255
-0.6444
-0.53855
-0.25986
0.18371
0.55636
0.77438
0.92715
0.97035
0.95858
0.94015
0.94154
0.94293
0.96869
1.0012
1.0338
1.0464
1.0233
0.9578
0.87866
0.81719
0.70174
0.73188
0.80256
0.92969
0.98727
0.92989
0.83617
0.74673
0.71142
0.76449
0.879
1.1097
1.3524
1.6048
1.5336
0.97103
0.48263
0.01145
-0.091697
-0.42685
-0.79257
-1.228
-1.5147
-1.8297
-2.2051
-2.3342
-2.1516
-1.6678
-1.1738
-0.9107
-0.91148
-1.0028
-0.95714
-0.65333
-0.076786
0.54024
0.92515
1.0261
0.78412
0.55346
0.0023368
-0.59861
-1.0061
-1.1238
-0.36076
0.4805
1.2992
1.551
1.432
1.212
0.86944
0.3926
-0.10584
-0.43058
-0.459
-0.22134
0.15782
0.42179
0.67885
0.73801
0.53539
-0.0023592
-0.73155
-1.3336
-1.5889
-0.88555
-0.30941
-0.096857
-0.4442
-0.86728
-0.98322
-0.53186
-0.28842
-0.47051
-0.79451
-1.4354
-1.717
-1.6603
-1.1992
-0.47781
0.059137
0.47311
0.62689
0.62454
0.53701
0.51809
0.55594
0.59378
0.6056
0.41634
-0.082794
-0.65997
-1.0337
-0.75927
0.43521
1.4617
1.7809
1.1612
0.17737
-0.52736
-0.86077
-1.1942
-1.5772
-1.868
-1.8987
-1.3453
-0.61946
0.13477
0.69747
0.96936
1.0639
0.89843
0.35701
-0.43268
-1.2626
-1.9673
-1.9934
-1.6317
-0.88447
0.056762
0.68593
1.0929
1.1024
0.58914
-0.88263
-2.2838
-3.1623
-3.0231
-1.5509
-0.42155
0.49269
0.86951
0.74411
0.47408
0.19205
-0.049805
-0.16132
-0.14476
-0.045103
0.016623
-0.049885
-0.25665
-0.48259
-0.59457
-0.44017
-0.169
0.14289
0.36215
0.47913
0.49607
0.51065
0.52765
0.48972
0.41113
0.15785
-0.25129
-0.5915
-0.62305
-0.15347
0.51352
1.107
1.5067
1.7123
1.8869
1.8811
1.7187
1.4137
0.9779
0.50508
0.084656
-0.15494
-0.012115
0.29832
0.78169
1.3535
1.7172
1.77
1.3283
0.21469
-1.4385
-2.7137
-4.2486
-4.3316
-3.8091
-2.2615
-0.37856
0.7629
1.2048
0.72273
0.20003
-0.36593
-0.66589
-0.90957
-1.0819
-0.82732
-0.27611
0.36363
0.72567
0.83894
0.685
0.45558
0.1955
0.040154
-0.055283
0.055354
0.32752
0.77445
1.3034
1.7452
1.8791
1.7954
1.3204
0.98649
0.84013
0.99672
1.506
1.7456
1.8042
1.3197
0.76204
0.15928
-0.23409
-0.43786
-0.34042
-0.08263
0.093075
0.23816
0.34212
0.37109
0.088338
-0.48904
-1.396
-2.3884
-2.8951
-2.9324
-2.1508
-1.2154
-0.062936
0.85843
1.4901
1.347
0.55567
-0.18981
-1.2904
-2.3482
-2.8131
-2.6993
-1.4145
-0.25716
0.54662
0.74361
0.62195
0.44689
0.26887
0.095907
-0.021328
-0.045353
-0.010678
0.013357
-0.048113
-0.26745
-0.66364
-0.99331
-1.1224
-0.81738
-0.32977
0.14216
0.60371
0.93942
1.2538
1.3536
0.959
0.0080605
-1.1878
-2.0587
-2.7578
-2.2527
-1.3898
-0.11559
1.0618
1.7445
2.0077
1.9107
1.4616
0.65277
-0.1504
-0.90212
-1.4923
-1.4167
-1.3249
-0.75601
-0.13934
0.25712
0.36138
0.045481
-0.70854
-1.4963
-1.8665
-1.673
-0.95722
-0.17318
0.47651
0.90167
1.3154
1.3302
1.2811
1.0467
0.77031
0.29616
-0.46489
-0.78099
-0.90131
-0.39221
0.089389
0.50678
0.49039
0.42951
0.20401
-0.0078356
-0.22691
-0.55996
-0.92584
-1.2828
-1.6724
-1.8692
-1.8068
-1.422
-0.99195
-0.3524
0.18489
0.75627
1.103
0.74344
-0.038254
-0.95465
-1.5933
-2.3209
-1.6305
-0.60904
0.5978
1.4929
1.5931
1.5098
1.4743
1.2316
0.84022
0.59718
0.55377
0.71623
0.88544
0.91819
0.85474
0.73745
0.70404
0.74665
0.81351
0.86301
0.82229
0.7186
0.6953
0.77603
0.99394
1.2133
1.3165
1.261
1.1507
1.0122
0.98862
1.0365
1.1055
1.0416
0.80556
0.39605
0.19056
0.36154
0.81999
1.5314
1.8643
2.0933
2.2378
2.4304
2.5806
2.3168
1.201
-0.306
-1.6717
-2.3605
-2.4612
-2.6232
-2.6137
-2.5041
-2.0681
-1.738
-1.7733
-2.1065
-2.3687
-2.2565
-1.5563
-0.53582
0.30662
0.93618
1.1688
1.3206
1.2606
0.89678
0.164
-0.70146
-1.0981
-1.0744
0.0044056
1.2472
1.8868
2.0881
1.6011
1.1571
0.8279
0.53012
0.23531
0.063105
0.017387
0.078147
0.19947
0.35084
0.49755
0.57048
0.45546
0.41402
0.29296
0.38521
0.48159
0.50906
0.4528
0.29588
-0.042845
-0.37244
-0.59885
-0.51503
-0.019219
0.49507
1.1792
1.6323
1.9017
1.8835
1.4549
0.53357
-1.0857
-3.266
-3.9647
-3.9544
-3.8614
-2.109
0.55086
1.923
2.0684
1.2656
0.17772
-1.0237
-1.607
-1.7757
-1.5175
-0.94664
-0.37605
0.0021122
0.20063
0.2724
0.32092
0.39478
0.49396
0.57202
0.60786
0.6015
0.5234
0.4643
0.33978
0.23004
0.2005
0.44111
0.68386
1.7266
2.3009
2.6199
2.1324
0.89315
-0.06335
-0.82153
-1.0899
-1.0942
-0.96338
-0.88321
-0.7502
-0.57911
-0.3361
0.03594
0.31082
0.48428
0.52243
0.42308
0.18618
-0.086758
-0.33227
-0.38312
-0.20111
0.042345
0.46163
0.75607
0.9235
0.89819
0.45339
-0.47039
-1.7822
-2.5622
-3.3742
-3.3448
-2.8342
-1.6599
-0.20777
0.78023
1.0813
0.68062
0.12722
-0.63186
-1.1407
-1.3591
-1.2594
-0.81412
-0.16748
0.32645
0.54898
0.55104
0.36026
0.042377
-0.40888
-0.88753
-1.1817
-1.1392
-0.55676
0.21165
0.83369
1.2544
1.3852
1.3235
1.0335
0.3296
-0.77725
-1.6321
-2.0958
-1.7532
-0.88148
-0.04005
0.65948
1.0572
1.1788
1.1508
0.85794
0.34888
-0.20585
-0.79983
-1.3994
-1.3629
-1.2489
-0.56961
0.0041856
0.47475
0.78374
0.74351
0.33183
-0.38581
-1.1003
-1.3848
-1.2505
-0.72977
-0.11634
0.42346
0.88977
1.059
1.1719
1.0385
1.0107
0.84671
0.62105
0.22882
0.012357
0.053499
0.3207
0.79894
0.94798
0.97167
1.0834
1.2194
1.302
0.91075
0.10812
-0.8091
-1.5616
-2.1052
-2.3023
-2.2025
-1.8617
-1.2966
-0.59504
0.097054
0.6282
0.90606
0.89509
0.64447
0.32192
0.032161
-0.11848
-0.046141
0.12226
0.39846
0.75215
1.0312
1.2319
1.153
0.68958
-0.27877
-1.4005
-2.2759
-2.7763
-2.2164
-1.6138
-0.82405
-0.36616
-0.21161
-0.39719
-0.8925
-1.8961
-2.6932
-3.0439
-2.6302
-1.6132
-0.65273
0.20237
0.79129
1.0616
1.0433
0.85062
0.6758
0.6539
0.72401
0.82731
0.93639
1.0239
1.0996
1.1441
1.1632
1.1549
1.1194
1.0664
0.97843
0.85541
0.69936
0.57261
0.6134
0.76711
0.97335
1.127
1.1503
1.1385
1.0626
1.0217
1.049
1.0334
0.98486
0.74747
0.28034
-0.048677
-0.31938
-0.20062
-0.10326
0.023385
0.31578
0.61031
0.86214
0.49952
-0.55827
-1.822
-2.6413
-2.7031
-2.0885
-1.1543
-0.39347
0.12731
0.41156
0.45691
0.37479
0.086396
-0.23972
-0.54859
-0.68673
-0.60651
-0.26999
0.12031
0.50927
0.80405
1.0994
1.5199
1.8065
1.713
1.1788
0.41515
-0.15907
-0.33835
-0.25103
0.0039887
0.25355
0.33376
0.42015
0.62291
0.82411
0.77686
0.41399
-0.34204
-1.2831
-2.1095
-2.5198
-2.5067
-2.1535
-1.842
-1.4304
-1.0015
-0.46984
0.14052
0.418
0.23683
-0.7584
-2.0141
-2.904
-2.758
-1.5184
0.0082294
0.97439
1.3284
1.2165
0.91614
0.62121
0.31101
-0.06851
-0.38249
-0.57447
-0.41682
0.079297
0.82533
1.5984
1.9125
1.9275
1.6443
1.2742
0.95578
0.58176
0.21104
0.012678
-0.0021155
0.21816
0.54497
0.86831
1.0691
1.2023
1.2079
1.2455
1.2404
1.1777
1.0249
0.75181
0.36879
0.057951
-0.098831
0.045163
0.35951
0.62273
0.68802
0.8851
1.035
1.3214
1.4502
1.1698
0.30353
-0.7833
-1.9717
-2.5904
-2.5466
-2.3221
-1.8032
-1.2247
-0.80466
-0.37967
-0.11135
-0.36483
-1.1628
-1.7474
-1.9889
-1.6309
-0.90452
-0.20158
0.46251
0.86397
0.95422
0.84483
0.619
0.43035
0.30089
0.18673
0.19775
0.30987
0.55391
0.8024
0.96299
0.99826
0.91697
0.88842
0.7323
0.64434
0.47499
0.18471
-0.11214
-0.34737
-0.23741
0.11429
0.54061
0.74045
0.90285
1.0015
1.0363
0.98776
0.77022
0.32905
-0.14473
-0.53487
-0.78885
-0.75568
-0.59772
-0.63247
-0.58842
-0.59907
-0.78452
-1.0702
-1.4495
-2.0138
-2.5228
-2.918
-2.6984
-1.998
-1.0441
-0.0826
0.47789
0.83573
0.81779
0.62645
0.29025
-0.20346
-0.69859
-0.95522
-0.80763
-0.3064
0.31262
0.7906
1.0461
1.1097
0.98415
0.83946
0.66927
0.49294
0.24411
-0.10269
-0.45742
-0.65347
-0.48432
-0.042632
0.51537
0.80212
1.0352
1.1234
1.29
1.4986
1.5226
1.263
0.87079
0.44976
0.11391
0.063224
0.069479
0.071516
-0.10087
-0.35899
-0.80747
-1.2991
-1.8693
-2.2084
-2.4089
-2.3941
-2.3605
-2.0375
-1.5235
-0.85878
-0.08933
0.35283
0.57853
0.35218
-0.17179
-0.95536
-1.6239
-1.9279
-1.92
-1.5413
-0.98406
-0.33939
0.44186
1.1581
1.588
1.8183
1.8681
1.7274
1.3661
0.76627
-0.032669
-0.63043
-0.74616
-0.45836
0.17914
0.64687
0.73992
0.66221
0.5968
0.5538
0.52505
0.39505
0.19841
0.084981
0.12942
0.36579
0.69076
0.93462
1.0047
0.95579
0.84444
0.7292
0.60602
0.44273
0.46666
0.88465
1.7263
2.4568
2.8515
2.4931
1.7437
0.88658
0.018046
-0.90604
-1.7254
-2.0634
-1.8626
-1.0392
-0.4604
-0.058037
0.022009
-0.14203
-0.65003
-1.7158
-2.8852
-3.5726
-3.3543
-2.4505
-1.1652
-0.17187
0.48759
0.6794
0.51354
-0.091916
-0.72933
-1.093
-1.173
-0.87129
-0.63352
-0.36975
-0.085949
0.11794
0.2619
0.38791
0.67994
0.96406
1.0863
1.0424
0.84652
0.63052
0.46048
0.2323
-0.11417
-0.37867
-0.47497
-0.19044
0.29075
0.83843
1.0393
0.95937
0.87336
0.67884
0.56656
0.41804
0.088463
-0.38214
-1.0624
-1.7149
-2.3237
-2.522
-2.4203
-2.0221
-1.3069
-0.73849
-0.34316
-0.2484
-0.29093
-0.42446
-0.58844
-0.83147
-0.88042
-0.74313
-0.32008
0.152
0.49475
0.69986
0.80775
0.8467
0.8349
0.70928
0.44528
0.0061025
-0.35411
-0.44792
0.042776
1.078
1.7941
2.0274
1.461
0.66755
0.022465
-0.55574
-1.2366
-1.7668
-1.9864
-1.9135
-1.5662
-1.2924
-0.95478
-0.39968
0.11072
0.4656
0.47602
0.21756
-0.3593
-0.96734
-1.6785
-2.0407
-2.0145
-1.7272
-1.1456
-0.41556
0.22429
0.45486
0.19763
-0.61565
-0.57458
