1.1391
1.1569
1.1871
1.2529
1.2541
0.67023
-0.30667
-0.87894
-0.95168
-0.88751
-0.87835
-0.94951
-1.0524
-1.081
-0.91612
-0.71361
-0.85701
-1.2523
-1.4799
-1.2655
-0.022917
0.87192
0.91512
0.95737
1.06
1.0999
1.1518
1.2332
1.3263
1.1078
0.23365
-0.66394
-0.94797
-0.99473
-0.99478
-1.034
-0.99948
-0.95905
-0.75953
-0.68714
-0.84972
-1.2203
-1.5152
-1.1277
0.040512
0.97989
1.0708
1.0352
1.0582
1.1253
1.1757
1.2429
1.3169
1.0311
0.073843
-0.75211
-0.93577
-0.95331
-0.94194
-1.0145
-1.0181
-1.0349
-0.87465
-0.6853
-0.76075
-1.0398
-1.3404
-1.4134
-0.62219
0.48334
0.98364
1.0098
1.0183
1.0757
1.1054
1.1407
1.1896
1.2719
1.2662
0.76574
-0.22339
-0.82451
-0.98524
-0.99431
-1.0306
-0.95984
-0.75749
-0.60831
-0.74615
-1.0942
-1.3935
-1.3316
-0.57953
0.59354
1.0087
0.98372
1.0083
1.0751
1.137
1.2119
1.3114
1.2395
0.55656
-0.42415
-0.96007
-1.0358
-1.008
-0.97519
-0.86797
-0.7368
-0.70385
-0.83194
-1.1274
-1.3744
-1.3253
-0.51459
0.61727
0.99517
1.0067
1.0042
1.0616
1.1277
1.2218
1.2911
1.2736
0.67972
-0.32713
-0.84706
-1.0018
-1.0128
-1.0162
-0.93208
-0.796
-0.68061
-0.73649
-0.99052
-1.2712
-1.4825
-1.0241
0.13521
0.93889
1.0062
1.0148
1.0836
1.1478
1.2161
1.3012
1.2012
0.56645
-0.40731
-0.91686
-0.96548
-0.95254
-0.96217
-1.0073
-0.9677
-0.87816
-0.73416
-0.75638
-0.96084
-1.2843
-1.4668
-0.98296
0.17323
0.96561
1.0721
1.1048
1.1182
1.1227
1.0714
1.0045
1.4553
1.2708
0.66705
-0.31755
-0.79617
-0.90426
-0.92994
-0.96815
-1.0105
-1.0024
-0.87198
-0.72548
-0.81501
-1.0446
-1.3346
-1.4515
-0.79164
0.3452
1.0077
1.0643
1.0718
1.1098
1.1507
1.1886
1.2422
1.2914
0.89064
0.0085064
-0.71901
-0.87481
-0.93549
-0.99062
-0.9379
-0.88787
-0.84678
-0.9526
-0.9883
-0.95089
-1.1544
-1.3281
-1.2596
-0.49748
0.60818
0.99537
0.97473
1.0334
1.0969
1.1451
1.1975
1.2687
1.2651
0.71728
-0.24935
-0.85811
-1.0117
-1.0172
-0.90089
-0.71931
-0.68319
-0.843
-1.1394
-1.3814
-1.3334
-0.63044
0.50886
0.95156
0.97881
1.0254
1.0811
1.1315
1.1909
1.2762
1.2907
0.79773
-0.23712
-0.8465
-0.95386
-0.94184
-0.90045
-0.81525
-0.74905
-0.84289
-0.9538
-1.1042
-1.2895
-1.3927
-0.88788
0.18395
0.89438
1.015
1.0305
1.0685
1.1153
1.1771
1.2542
1.3397
1.0074
0.095573
-0.78666
-1.0389
-1.0844
-0.97301
-0.73742
-0.61164
-0.66464
-0.85144
-1.1173
-1.2616
-1.4831
-0.94978
0.11076
0.84326
0.9846
1.0284
1.0792
1.1173
1.1589
1.2227
1.306
1.1198
0.35
-0.62763
-0.96698
-1.0414
-1.0191
-0.89414
-0.83064
-0.79494
-0.81753
-0.8152
-0.79811
-0.9633
-1.2973
-1.4293
-0.98166
0.17504
0.98559
1.0006
1.0546
1.104
1.1202
1.1347
1.1792
1.2479
1.2849
0.95876
-0.065918
-0.84845
-1.0335
-1.0332
-0.79577
-0.55812
-0.58133
-0.70655
-0.84203
-1.089
-1.3
-1.4069
-0.91472
0.22714
0.91303
0.98416
1.0405
1.1042
1.1231
1.1505
1.1967
1.2396
1.2548
0.92675
0
-0.81303
-0.98497
-0.90848
-0.82368
-0.79248
-0.81712
-0.86875
-0.84092
-0.78687
-0.97112
-1.2572
-1.4616
-1.0149
0.15454
0.95405
1.0062
1.0362
1.0952
1.1223
1.1421
1.1947
1.2622
1.2222
0.67435
-0.3776
-0.88638
-0.88373
-0.89038
-0.88996
-0.9048
-0.85867
-0.76094
-0.7553
-0.86367
-1.1227
-1.3572
-1.462
-0.79471
0.32829
0.95779
1.0498
1.0821
1.1268
1.1495
1.1678
1.2005
1.2442
1.2277
0.71928
-0.26087
-0.86395
-0.97013
-0.96932
-0.91895
-0.90578
-0.88023
-0.88266
-0.93663
-0.89766
-0.90922
-1.1448
-1.3727
-1.2592
-0.39548
0.67598
1.0024
1.0051
1.0508
1.0983
1.1316
1.173
1.2515
1.3062
0.88888
-0.12858
-0.86098
-0.95406
-0.98202
-0.98121
-1.0051
-0.96599
-0.81968
-0.66407
-0.69371
-0.97056
-1.2702
-1.4549
-0.99401
0.17953
0.8829
0.97579
1.0212
1.0935
1.1447
1.1942
1.2478
1.2899
0.87439
-0.15811
-0.85737
-0.97072
-0.9742
-0.96737
-0.95037
-0.94734
-0.92052
-0.91855
-0.96749
-1.0351
-0.97741
-0.9172
-1.1949
-1.4444
-1.1279
0
0.9494
1.0561
1.0469
1.0758
1.1115
1.155
1.223
1.304
1.1012
0.30586
-0.69264
-0.95063
-0.98995
-0.9645
-0.95893
-0.92336
-0.93763
-0.83205
-0.67649
-0.76686
-1.0359
-1.3829
-1.3188
-0.54796
0.61103
1.0063
1.051
1.0579
1.0906
1.1306
1.1675
1.2339
1.3254
0.99196
0
-0.847
-0.95081
-0.95291
-0.93315
-0.90375
-0.90332
-0.90017
-0.90311
-0.89471
-0.9938
-1.1395
-1.2809
-1.3369
-0.6218
0.44411
0.94358
1.0895
1.0857
1.1032
1.1976
1.3237
1.1995
0.45952
-0.53213
-0.93049
-1.0187
-1.0042
-0.97178
-0.95336
-0.9537
-0.92358
-0.9145
-0.91622
-0.92991
-1.0052
-0.96525
-1.0524
-1.4225
-1.1462
-0.50066
0.59964
1.0142
1.0073
1.04
1.0977
1.1287
1.1885
1.2553
1.2842
0.79446
-0.28778
-0.91257
-0.99448
-0.97061
-0.94966
-0.96945
-0.93061
-0.80047
-0.7378
-0.78199
-1.0101
-1.2765
-1.4522
-1.0879
0.10883
0.8561
1.0306
1.0656
1.0866
1.1383
1.1771
1.2226
1.278
1.1843
0.52834
-0.36002
-0.89082
-1.0014
-0.97395
-0.9404
-0.93426
-0.93443
-0.87229
-0.79156
-0.8098
-0.97056
-1.2684
-1.4559
-1.128
0.027064
0.89075
1.0129
1.0318
1.0685
1.1106
1.1702
1.2361
1.293
1.0899
0.283
-0.64242
-0.96026
-1.0015
-1.0005
-1.0008
-0.97766
-0.94196
-0.94354
-0.86777
-0.73392
-0.76231
-0.951
-1.2319
-1.5093
-1.1231
-0.076981
0.81961
0.99862
1.0412
1.0714
1.1024
1.1448
1.1948
1.2871
1.225
0.52201
-0.43587
-0.96228
-0.99352
-1.0205
-1.0457
-1.0096
-0.89143
-0.76308
-0.7044
-0.77692
-0.96235
-1.2047
-1.4261
-1.2175
-0.24698
0.69894
0.9631
1.0183
1.0609
1.1044
1.1507
1.2064
1.2562
1.226
0.77858
-0.3045
-0.85743
-1.0005
-1.0386
-0.98623
-0.99055
-0.969
-0.91811
-0.92765
-0.8476
-0.74996
-0.70082
-0.83517
-1.1323
-1.3194
-1.4102
-0.67224
0.41961
0.93603
1.0197
1.0709
1.0948
1.1129
1.1696
1.2491
1.3188
0.98719
-0.065416
-0.81901
-1.0102
-1.0381
-1.0162
-1.063
-1.0822
-1.0373
-0.90681
-0.52865
-0.51845
-0.75907
-1.1671
-1.3831
-1.3785
-0.54135
0.52846
0.93777
1.0023
1.0767
1.1007
1.1243
1.1904
1.2632
1.2734
0.71757
-0.29432
-0.91111
-0.96922
-1.0103
-1.101
-1.1594
-1.0253
-0.70977
-0.54148
-0.60386
-0.7948
-1.0665
-1.2858
-1.4618
-0.90152
0.19745
0.92935
1.0256
1.0506
1.0777
1.1111
1.157
1.2164
1.3018
1.162
0.49712
-0.44496
-0.88019
-0.99301
-1.0255
-0.97095
-0.92377
-0.87917
-0.88059
-0.87244
-0.79673
-0.7342
-0.88451
-1.1431
-1.337
-1.4657
-0.62671
0.41698
1.0154
1.0891
1.1003
1.1095
1.15
1.2051
1.2594
1.2907
0.82122
-0.095819
-0.8029
-0.91436
-0.95256
-0.95708
-0.96946
-0.99609
-1.0034
-0.9958
-0.90914
-0.80127
-0.71233
-0.74729
-0.92571
-1.2338
-1.4113
-1.2389
-0.25359
0.72222
0.96705
1.0171
1.0547
1.0794
1.1042
1.1671
1.2488
1.342
1.0441
0.0062829
-0.80986
-0.9802
-0.98534
-1.0246
-1.0602
-0.99636
-0.80483
-0.73897
-0.72222
-0.86165
-1.1339
-1.3167
-1.3655
-0.63213
0.4219
0.90732
0.99832
1.0365
1.0724
1.1137
1.1695
1.256
1.3262
0.96868
-0.090881
-0.86274
-0.99248
-0.95043
-0.91311
-0.89797
-0.91837
-0.93234
-0.92734
-0.95183
-1.0528
-1.1783
-1.3443
-1.2412
-0.34714
0.58611
0.99073
1.0682
1.0644
1.0874
1.1439
1.2498
1.3599
1.0761
0.032601
-0.77502
-0.88883
-0.9335
-0.96713
-0.99137
-1.0103
-0.98887
-0.99321
-0.95373
-0.97182
-0.98695
-0.99432
-0.89374
-0.91635
-1.1261
-1.3602
-1.2957
-0.24942
0.70193
1.0452
1.063
1.0524
1.08
1.1259
1.2061
1.2957
1.2166
0.5034
-0.43347
-0.85396
-0.93396
-0.93297
-0.91925
-0.93149
-0.9556
-1.008
-1.0686
-1.0092
-0.90382
-1.0073
-1.2286
-1.422
-1.087
0.11621
0.80809
0.92987
1.0078
1.0616
1.1152
1.1662
1.2394
1.3334
1.0783
0.12285
-0.63047
-0.82352
-0.85058
-0.90015
-0.96925
-1.0635
-1.0596
-0.96929
-0.97009
-1.2236
-1.3627
-1.1857
-0.081428
0.78669
0.91287
1.0115
1.0719
1.095
1.151
1.2228
1.2948
1.1916
0.33496
-0.5251
-0.86465
-0.91112
-0.89862
-0.88161
-0.90064
-0.92687
-0.95291
-0.96236
-1.0736
-1.3244
-1.2741
-0.79561
0.36178
0.92584
1.0264
1.0749
1.1201
1.1634
1.2119
1.2509
1.263
0.85755
-0.09198
-0.81017
-0.9396
-0.9713
-0.97709
-1.0236
-1.1236
-1.0549
-0.71135
-0.52848
-0.63839
-0.86726
-1.1178
-1.4324
-1.2665
-0.58349
0.53203
0.99881
1.0675
1.0816
1.1055
1.1338
1.1987
1.3005
1.2162
0.47476
-0.4876
-0.98016
-1.039
-1.0615
-1.0411
-0.95426
-0.85435
-0.8238
-0.8722
-0.95126
-0.93171
-0.95508
-0.96471
-1.1043
-1.3528
-1.2585
-0.44569
0.56973
1.008
1.0722
1.0529
1.0951
1.1467
1.2312
1.3212
1.1116
0.23369
-0.64941
-0.91872
-0.97196
-0.98739
-1.0149
-1.0439
-1.0816
-1.0638
-1.0764
-1.1244
-1.1734
-1.1337
-0.79914
-0.44682
-0.35693
-0.56885
-0.98315
-1.2793
-1.493
-1.1034
0.071001
0.86467
0.98099
1.0754
1.1126
1.1142
1.1329
1.2013
1.3057
1.1415
0.39095
-0.56567
-0.90554
-0.97071
-0.98776
-1.0034
-1.0162
-1.0375
-1.0545
-1.097
-1.1208
-1.1367
-1.233
-1.2136
-0.3527
-0.17818
-0.43292
-0.7712
-1.1988
-1.3858
-1.3383
-0.43552
0.64212
0.99144
1.0387
1.0739
1.0925
1.1006
1.1189
1.1669
1.2352
1.3135
0.97084
-0.046663
-0.88488
-1.1081
-1.1236
-0.96394
-0.70612
-0.67821
-0.7756
-0.87099
-0.92532
-1.0076
-1.1447
-1.2692
-1.3708
-0.54738
0.407
0.91654
1.0656
1.0857
1.1006
1.1133
1.128
1.1481
1.1983
1.3016
1.0418
0.13435
-0.65626
-0.87504
-0.9308
-0.93449
-0.95741
-1.0077
-1.0449
-1.0614
-1.0061
-0.97849
-0.91872
-0.8247
-0.7362
-0.83162
-1.053
-1.2073
-1.5331
-0.98862
0.054131
0.86423
1.0707
1.0642
1.0705
1.1042
1.1699
1.2584
1.3404
1.0181
0.020954
-0.74519
-0.9339
-0.97651
-1.0028
-0.99996
-0.98932
-0.99503
-0.96166
-0.96702
-0.89744
-0.89555
-0.9196
-0.91989
-1.0622
-1.3361
-1.36
-0.9742
0.23449
0.90601
1.0412
1.0912
1.1179
1.1401
1.165
1.1883
1.2395
1.2731
0.96294
-0.0090896
-0.80762
-0.9475
-0.97467
-0.99
-1.0164
-1.0538
-1.0523
-0.96121
-0.80637
-0.68732
-0.78036
-0.87372
-1.0722
-1.3153
-1.2646
-0.63863
0.43277
0.92813
1.0877
1.1214
1.1443
1.155
1.1905
1.2901
1.0955
0.37306
-0.58188
-0.90915
-1.0337
-1.0643
-1.0271
-0.99474
-0.97111
-1.0071
-1.0214
-1.0035
-0.95759
-0.88291
-0.87004
-0.85665
-0.92896
-1.076
-1.1296
-1.3023
-1.2949
-0.46784
0.42115
0.96417
1.092
1.0985
1.1044
1.1312
1.1633
1.2285
1.325
0.80187
-0.18999
-0.91747
-0.98441
-1.0267
-0.99606
-1.0003
-1.0013
-1.0239
-1.0428
-1.0129
-1.0041
-0.98668
-1.0279
-1.2343
-1.3673
-0.97097
0.40438
0.89521
0.040385
-0.56593
-1.1801
-1.2653
-1.5268
-0.73857
0.30475
0.80663
0.97175
1.0443
1.0683
1.0869
1.108
1.1498
1.184
1.2345
1.3019
0.89926
0.014556
-0.83747
-0.93138
-0.98739
-1.026
-1.0875
-1.1931
-1.3325
-0.92965
0
1.5501
0.89102
0
-0.74461
-1.261
-1.4331
-1.3322
-0.30977
0.6521
0.94207
1.0175
1.0745
1.08
1.0969
1.1417
1.182
1.2413
1.3073
0.9428
0
-0.88705
-1.0995
-1.209
-1.1554
-0.94657
-0.59552
-0.63296
-0.74739
-0.76869
-0.82489
-0.96406
-1.1567
-1.3514
-1.3367
-0.44094
0.53496
0.96004
1.0376
1.0596
1.1217
1.1752
1.245
1.3149
0.95163
-0.12535
-0.83534
-0.98246
-0.99548
-1.0263
-1.0433
-1.0336
-0.99907
-1.0069
-0.95173
-0.90959
-0.85697
-0.85022
-0.87936
-0.86368
-0.82269
-0.97376
-1.2437
-1.4531
-1.3013
-0.18752
0.76442
1.0276
1.0666
1.107
1.1334
1.159
1.1887
1.2364
1.2857
1.0335
0.11042
-0.74191
-0.94385
-1.002
-1.0179
-0.97119
-0.95208
-0.90327
-0.93381
-1.0215
-1.0155
-0.91206
-0.76375
-0.68327
-0.86959
-1.2217
-1.3637
-1.323
-0.27862
0.69102
0.97504
1.0298
1.0684
1.0975
1.1064
1.1712
1.2295
1.3132
1.0773
0.16307
-0.69922
-0.95919
-0.99286
-1.0074
-0.97435
-0.99796
-1.0617
-1.3203
-1.336
-0.86156
0.76231
0.70187
-0.057422
-0.55436
-0.97012
-1.1857
-1.4953
-1.1804
-0.29886
0.70408
0.94571
1.0139
1.0562
1.0937
1.122
1.1782
1.2355
1.3039
1.0297
0.099554
-0.83895
-0.98229
-1.0072
-1.0154
-1.0128
-1.0668
-1.2174
-1.5167
-1.1606
0.17968
-0.026131
-0.41357
-0.70269
-1.0351
-1.225
-1.4781
-1.1526
-0.15582
0.78071
0.97403
1.0359
1.0684
1.1004
1.1285
1.1568
1.1954
1.2538
1.1987
0.62734
-0.32812
-0.86025
-0.95041
-1.0573
-1.1683
-1.1948
-0.90422
-0.52944
-0.62714
-0.727
-0.80718
-0.88929
-1.0115
-1.1974
-1.4457
-1.1533
-0.2184
0.70552
0.96862
1.0168
1.0621
1.1036
1.1478
1.1878
1.256
1.2662
0.87157
-0.17053
-0.89966
-0.96074
-0.97308
-0.88194
-0.87916
-0.90923
-0.963
-1.0017
-1.0292
-1.0108
-0.91479
-0.81376
-0.73079
-0.8345
-1.0935
-1.2163
-1.5259
-0.99016
0.051268
0.83606
1.0003
1.0325
1.0656
1.1013
1.1597
1.2266
1.303
1.1437
0.32317
-0.61002
-0.90284
-0.9418
-0.96573
-0.98762
-1.0031
-1.0344
-1.0722
-1.0615
-0.89951
-0.75932
-0.60432
-0.69985
-1.0007
-1.1985
-1.488
-1.2346
-0.11416
0.71981
1.0173
1.0827
1.1215
1.149
1.1762
1.2063
1.2503
1.2605
0.89069
-0.087308
-0.78895
-0.92319
-0.98708
-1.0156
-1.0345
-0.99109
-1.0332
-1.0168
-1.021
-1.0246
-0.9503
-0.6955
-0.51021
-0.62573
-0.84235
-1.1888
-1.3935
-1.2692
-0.38379
0.64382
0.95878
1.0467
1.0947
1.1174
1.1353
1.1896
1.2757
1.2148
0.61884
-0.39907
-0.86513
-0.96516
-0.98474
-1.0069
-1.0101
-1.0518
-1.0675
-1.1861
-1.2466
-0.97656
-0.47054
-0.50805
-0.65295
-0.83946
-1.1002
-1.3162
-1.3133
-0.78437
0.40831
0.91621
1.033
1.0611
1.0773
1.1075
1.1404
1.2098
1.2989
1.1394
0.35349
-0.64759
-0.99383
-1.0285
-1.027
-1.0045
-0.98587
-1.0044
-1.0056
-1.0272
-1.0323
-1.0975
-1.1906
-1.2499
-0.9519
-0.32803
-0.41603
-0.63709
-0.97098
-1.3248
-1.3822
-0.87178
0.32016
0.96636
1.0256
1.034
1.0636
1.1132
1.1664
1.2568
1.3026
1.0754
0.12531
-0.69777
-0.98547
-0.99479
-0.99129
-0.98653
-0.97559
-1.0283
-1.0487
-1.0658
-1.0137
-0.91549
-0.86556
-0.87297
-0.99082
-1.0387
-1.0568
-0.95881
-0.83804
-0.902
-1.1289
-1.2809
-1.3581
-0.48488
0.52533
0.95369
1.0828
1.0521
1.0585
1.1192
1.2103
1.3219
1.1569
0.47657
-0.50927
-0.87445
-0.9432
-0.94714
-1.0285
-1.0057
-1.029
-1.0552
-1.0438
-1.0597
-1.1112
-1.1252
-1.0137
-0.76628
-0.67596
-0.66282
-0.78937
-0.93137
-1.1071
-1.3341
-1.3043
-0.84822
0.32405
0.8507
1.0024
1.0555
1.0885
1.1323
1.1499
1.2057
1.293
1.1328
0.4427
-0.53535
-0.9316
-0.90834
-0.96386
-0.94569
-1.0133
-1.0938
-1.1075
-1.0514
-0.83356
-0.72511
-0.74507
-0.81658
-0.88521
-1.0226
-1.1836
-1.3651
-1.2749
-0.3488
0.56385
0.96265
1.0506
1.095
1.1312
1.1552
1.18
1.2084
1.259
1.0594
0.34951
-0.56328
-0.90706
-0.96833
-1.0041
-1.0361
-1.0379
-1.0575
-0.95088
-0.92914
-0.90552
-0.95289
-1.0394
-1.0124
-0.79224
-0.64464
-0.76567
-1.0443
-1.2753
-1.4997
-0.83997
0.19269
0.91255
1.0221
1.0411
1.079
1.1057
1.1579
1.2326
1.3004
1.0953
0.33529
-0.69566
-0.93552
-1.0204
-1.0149
-1.0469
-1.0293
-1.0404
-1.0854
-0.99013
-1.0448
-0.94062
-1.0072
-0.94877
-0.91971
-0.99849
-1.3597
-1.5559
-0.56187
0.26347
-0.13225
-0.61909
-1.05
-1.2811
-1.5133
-0.98576
0.088478
0.86835
0.98218
1.0416
1.0676
1.0929
1.1173
1.1484
1.1915
1.2269
1.2845
0.89848
0.13099
-0.82242
-0.86354
-0.94495
-0.8961
-0.96168
-1.0719
-1.1767
-1.4323
-1.2215
-0.29334
-0.2148
-0.45064
-0.65614
-0.97907
-1.199
-1.4437
-1.2245
-0.19953
0.76754
1.0287
1.0502
1.0629
1.0824
1.1174
1.1588
1.2211
1.2966
1.1437
0.34344
-0.75946
-1.1652
-1.2479
-1.0024
-0.93833
-0.91499
-0.84418
-0.73397
-0.78293
-0.7243
-0.71088
-0.7343
-0.87563
-1.0587
-1.2308
-1.4275
-1.1522
-0.22233
0.70806
1.0161
1.0534
1.0949
1.1194
1.184
1.2361
1.3009
1.0149
-0.053759
-0.85513
-0.98598
-0.99555
-1.0121
-1.0301
-1.0699
-1.1206
-0.98779
-0.98443
-0.94421
-1.1687
-1.1334
-0.84132
-0.43623
-0.46149
-0.59414
-0.85526
-1.1319
-1.2767
-1.4564
-0.88251
0.20745
0.86445
1.0291
1.0642
1.0874
1.109
1.1515
1.1917
1.2453
1.2386
0.97991
0.2512
-0.67127
-0.94847
-1.0304
-1.0631
-1.0397
-0.96236
-0.85134
-0.7164
-0.7737
-0.75972
-0.82614
-0.81718
-0.82868
-0.93527
-0.9987
-1.1637
-1.3905
-1.2636
-0.78603
0.43363
0.95505
1.0752
1.1029
1.1209
1.1396
1.1824
1.2308
1.2868
1.0965
0.50655
-0.58949
-0.96435
-1.0443
-0.96691
-0.9409
-0.89068
-0.89427
-0.95942
-0.9805
-1.025
-1.0035
-0.96139
-0.95746
-0.92856
-0.90475
-0.78517
-0.73687
-0.83144
-1.0301
-1.3018
-1.3934
-1.1105
0.082492
0.82086
1.0006
1.0648
1.0958
1.1035
1.1458
1.1711
1.2325
1.2842
0.92325
-0.1011
-0.77869
-0.92356
-0.92745
-0.93826
-0.97317
-1.0497
-1.0863
-1.0647
-1.0178
-0.89835
-0.90563
-0.86131
-0.77825
-0.72146
-0.83228
-1.0169
-1.3333
-1.3258
-0.99014
0.23045
0.85338
1.0046
1.0551
1.0751
1.1015
1.1296
1.1738
1.2003
1.2829
1.0967
0.2746
-0.6715
-0.9482
-0.99992
-0.99229
-0.96134
-0.95299
-1.0435
-0.99066
-0.92689
-0.69552
-0.65427
-0.78319
-0.93378
-1.2047
-1.3539
-1.2465
-0.43746
0.59985
0.95302
1.0497
1.079
1.0898
1.1242
1.1777
1.242
1.3344
0.93298
-0.061298
-0.91758
-0.9978
-1.068
-0.99059
-0.86464
-0.84458
-0.79148
-0.80944
-0.86564
-0.92844
-0.9938
-1.0046
-1.1598
-1.2359
-1.3142
-0.83017
0.28574
0.85069
0.99334
1.0717
1.0868
1.1163
1.1436
1.1647
1.14
1.1506
1.0718
0.94242
1.2932
1.1671
0.42494
-0.34671
-0.61276
-0.72716
-0.78816
-0.84227
-0.92586
-1.0095
-1.0205
-1.0438
-1.1945
-1.3172
-1.1685
-0.32425
0.66908
0.92554
1.059
1.1116
1.1441
1.1481
1.2167
1.2255
1.2421
0.50865
-0.35534
-1.0704
-1.164
-1.1459
-1.0749
-0.91133
-0.79077
-0.77024
-0.76068
-0.70923
-0.74618
-0.82394
-0.92002
-0.97297
-1.1718
-1.3294
-1.259
-0.61678
0.50587
0.94544
1.0675
1.1215
1.1255
1.1617
1.1879
1.2195
1.2772
1.1261
0.39203
-0.62111
-0.86139
-1.0799
-1.1287
-1.3602
-0.98831
-0.20406
0.85294
1.3238
1.0576
0.13524
-0.45178
-0.71584
-0.86963
-1.0121
-1.1944
-1.279
-1.3737
-0.72797
0.30886
0.89883
1.0551
1.0762
1.0779
1.0984
1.1365
1.2023
1.2875
1.2462
0.56334
-0.51508
-1.0386
-1.0453
-1.3136
-1.417
-1.1508
-0.2883
0.71774
-0.16656
-0.54627
-0.70637
-0.75222
-0.78175
-0.89103
-1.096
-1.2248
-1.4641
-1.1035
-0.075969
0.7567
1.0115
1.0435
1.0652
1.0967
1.1337
1.1536
1.1943
1.2224
1.2664
0.84018
-0.13573
-0.90864
-0.93288
-0.92818
-0.86963
-0.8544
-0.97648
-0.98303
-1.0117
-1.0518
-0.98155
-1.0417
-1.0504
-0.88793
-0.65226
-0.59423
-0.72703
-0.9595
-1.2347
-1.389
-1.286
-0.19852
0.68557
0.98681
1.0675
1.0925
1.0985
1.112
1.1387
1.2112
1.3113
1.1626
0.28885
-0.59246
-0.89248
-0.96061
-1.0073
-1.0402
-1.0185
-1.0051
-1.0236
-0.96053
-0.91994
-0.79378
-0.72861
-0.7266
-0.85421
-0.97961
-1.251
-1.362
-1.1975
-0.18916
0.74811
1.0015
1.0748
1.1115
1.1302
1.1639
1.2122
1.259
1.1194
0.46643
-0.56086
-0.86922
-1.0717
-0.98351
-1.0312
-0.99794
-0.98897
-1.0459
-0.9714
-0.89998
-0.77966
-0.71222
-0.80217
-0.88628
-0.97093
-1.1932
-1.3065
-1.2203
-0.4908
0.58406
0.9177
1.0542
1.0927
1.1075
1.1406
1.1506
1.2048
1.2248
1.1844
0.81186
-0.24848
-0.8116
-0.90124
-1.0341
-0.97248
-0.88457
-1.0147
-0.95402
-0.97234
-0.87943
-0.66949
-0.71679
-0.86233
-1.0032
-1.2709
-1.3563
-1.2085
-0.28788
0.6856
0.96247
1.0723
1.1462
1.2085
1.276
1.2806
1.1356
0.58117
-0.26309
-1.0579
-0.87507
-0.87901
-0.83627
-0.8359
-0.90208
-0.94341
-1.0375
-0.99104
-0.91169
-0.7881
-0.63843
-0.59755
-0.72742
-0.86218
-1.1136
-1.3041
-1.3608
-0.90823
0.2548
0.90677
1.0344
1.0806
1.0861
1.1025
1.1211
1.1393
1.1759
1.1658
1.2146
1.1092
0.44986
-0.42426
-0.94774
-1.0187
-0.98829
-0.98748
-1.0968
-1.1323
-1.0239
-0.67731
-0.57255
-0.59664
-0.72015
-0.88159
-1.1698
-1.304
-1.3849
-0.74817
0.34633
0.88674
1.0105
1.0523
1.0677
1.1065
1.1406
1.1335
1.1559
1.1838
1.1709
1.1856
0.88521
0.50134
-0.31522
-0.8077
-0.98577
-1.1529
-1.1479
-1.3549
-0.85636
-0.65293
-0.36801
-0.51724
-0.68959
-0.82447
-1.0322
-1.2197
-1.4214
-1.2462
-0.14048
0.70437
0.99161
1.0537
1.0811
1.0911
1.1226
1.1708
1.2122
1.2866
1.2
0.33124
-0.43999
-1.0603
-0.92546
-1.0549
-0.87389
-0.88454
-0.9703
-1.1521
-1.3045
-1.5461
-0.96976
-0.023958
0.21678
-0.35954
-0.60865
-0.76791
-0.9364
-1.1771
-1.2629
-1.4698
-0.76927
0.2349
0.86479
1.0255
1.0587
1.0899
1.1294
1.1648
1.164
1.2056
1.1871
1.2124
0.52603
-0.30662
-0.94734
-1.0052
-0.93175
-1.1753
-0.93168
-0.9452
-0.98956
-1.0112
-0.72541
-0.64532
-0.73296
-0.80112
-0.86923
-0.82491
-0.89109
-1.0392
-1.2158
-1.3952
-1.2096
-0.12913
0.72235
0.99651
1.0656
1.0875
1.1009
1.1311
1.1541
1.1436
1.1554
1.1433
1.2591
1.0661
0.25843
-0.74378
-0.86447
-0.8346
-0.85042
-0.8778
-0.90013
-0.98644
-1.0119
-1.0312
-1.1079
-0.90546
-0.62703
-0.5903
-0.70999
-0.97599
-1.2342
-1.4177
-1.2989
-0.30177
0.64789
0.99653
1.1031
1.1082
1.1358
1.1564
1.1832
1.1736
1.2001
1.1315
1.0869
0.62887
-0.31952
-0.68406
-0.92878
-0.94417
-0.95527
-0.99193
-1.0741
-1.101
-1.1152
-1.0168
-0.74167
-0.54278
-0.63766
-0.82909
-1.0535
-1.304
-1.3889
-0.95974
0.19979
0.8998
1.0215
1.0675
1.0857
1.1254
1.1664
1.1791
1.2255
1.2069
1.0715
0.22399
-0.72728
-0.79087
-0.85031
-0.85817
-0.93323
-1.013
-1.0071
-1.1034
-1.0671
-1.1662
-1.1033
-0.95885
-0.55686
-0.38203
-0.57685
-0.82935
-1.1297
-1.3184
-1.399
-0.69684
0.36145
0.9191
1.0536
1.0865
1.1065
1.1074
1.1495
1.1814
1.2507
1.2764
0.7788
-0.20161
-0.90436
-0.88252
-0.90292
-0.91222
-0.93832
-0.89968
-0.93512
-1.0145
-1.0704
-1.1719
-1.1793
-1.0334
-0.58695
-0.44445
-0.533
-0.80529
-1.0997
-1.2488
-1.5153
-0.95527
0.076521
0.86517
1.0312
1.0684
1.0888
1.1134
1.1603
1.1881
1.2701
1.2437
0.64624
-0.29799
-0.86136
-0.93409
-0.85511
-0.95705
-0.92544
-1.0346
-1.026
-1.1484
-1.1978
-1.2543
-1.1717
-0.3956
-0.29556
-0.44848
-0.75161
-1.0215
-1.2509
-1.4259
-1.1873
-0.10083
0.7849
1.0255
1.0861
1.1236
1.1295
1.1668
1.2109
1.2913
1.1045
0.35995
-0.59087
-0.89569
-0.9832
-1.0118
-1.0008
-0.95988
-1.0869
-1.0647
-1.0829
-1.0095
-0.79086
-0.86527
-0.88264
-0.7402
-0.68098
-0.66384
-0.82433
-1.0393
-1.2411
-1.4555
-1.1518
-0.053857
0.80197
1.0109
1.0515
1.0675
1.0929
1.1401
1.1924
1.292
1.214
0.79698
-0.29389
-0.87439
-0.93596
-0.87585
-0.99538
-0.97498
-1.0146
-1.0283
-1.2146
-1.2179
-1.1404
-0.6976
-0.29989
-0.54446
-0.67566
-0.84917
-1.1098
-1.2893
-1.5341
-1.035
0.054777
0.8669
1.0639
1.1116
1.1535
1.1613
1.2045
1.2748
1.229
1.07
0.38674
-0.15672
-0.68484
-0.79314
-0.90361
-0.93241
-0.98682
-1.113
-1.1486
-1.3691
-1.3189
-0.79105
-0.099792
-0.31796
-0.47739
-0.67378
-0.99985
-1.1606
-1.4183
-1.2784
-0.45387
0.52434
0.96518
1.0501
1.0737
1.1157
1.1676
1.2813
1.3174
0.99787
-0.034669
-0.92779
-1.0604
-1.0825
-1.0316
-0.98772
-0.89556
-0.93537
-0.94068
-0.99881
-0.99265
-1.0329
-1.1122
-1.1046
-1.0434
-0.77831
-0.57811
-0.53666
-0.79715
-1.0286
-1.2654
-1.4777
-1.1243
-0.031409
0.82428
1.0195
1.0667
1.0818
1.0804
1.1528
1.1998
1.2339
1.3107
0.94244
-0.091258
-0.6945
-0.98793
-0.91609
-0.86778
-0.97328
-0.99854
-1.0951
-1.1313
-1.0586
-0.99734
-0.85557
-0.77946
-0.75573
-0.66315
-0.77069
-0.92337
-1.1087
-1.2962
-1.3713
-0.92216
0.18191
0.8412
1.0138
1.0664
1.0979
1.1099
1.1893
1.2085
1.3387
1.0975
0.4565
-0.4696
-0.8471
-1.1396
-1.0505
-0.86252
-0.79643
-0.78584
-0.88901
-0.96364
-0.99151
-0.96058
-1.0229
-0.83366
-0.75784
-0.69589
-0.84731
-0.9911
-1.2249
-1.4
-1.2062
-0.19727
0.70106
0.99054
1.0729
1.1066
1.0784
1.1322
1.1591
1.2432
1.2841
1.0562
0.2819
-0.64341
-0.86922
-0.92272
-1.0181
-0.98203
-0.98647
-0.92304
-0.95112
-1.0136
-1.0416
-1.0147
-0.96222
-0.81238
-0.74126
-0.82893
-0.96485
-1.2448
-1.3929
-1.1903
-0.12638
0.73842
0.97516
1.0738
1.0939
1.1175
1.1759
1.2236
1.2809
1.1138
0.3911
-0.51862
-0.89517
-0.93144
-0.97336
-0.99715
-1.0576
-1.1002
-1.0984
-0.99602
-0.97775
-1.0219
-0.84929
-0.66713
-0.49921
-0.71188
-0.87175
-1.1228
-1.3679
-1.3159
-0.87972
0.33633
0.90475
1.0716
1.1001
1.1403
1.1635
1.2452
1.2992
1.142
0.40005
-0.81261
-1.2661
-0.98882
-0.9325
-0.76909
-0.81271
-0.97494
-0.99441
-0.93439
-1.0663
-0.96697
-0.99538
-0.78232
-0.69028
-0.7295
-0.84515
-0.99518
-1.261
-1.3526
-1.2122
-0.1911
0.7329
0.97893
1.0803
1.081
1.0935
1.1221
1.1772
1.235
1.3148
1.0337
0.0093005
-0.74298
-1.0365
-1.1183
-1.059
-1.0559
-0.97998
-0.88673
-0.95398
-0.82229
-0.89769
-0.73671
-0.77862
-0.86938
-0.94871
-1.1333
-1.2504
-1.3026
-0.90073
0.27975
0.8554
1.0378
1.0697
1.0793
1.1188
1.1574
1.2262
1.2675
1.2025
0.39021
-0.54846
-1.0637
-0.95648
-0.96673
-0.93579
-0.9628
-0.98376
-0.96007
-0.88759
-0.78197
-0.73268
-0.83107
-0.92031
-0.99207
-1.2207
-1.281
-1.2592
-0.44902
0.5379
0.94539
1.0459
1.0852
1.1059
1.1155
1.2161
1.2704
1.2334
0.666
-0.42449
-0.95475
-1.0638
-1.1232
-1.2273
-1.0329
-0.88242
-0.86672
-1.0699
-0.75678
-0.67816
-0.61148
-0.69749
-0.8605
-0.97824
-1.2083
-1.3137
-1.2765
-0.48055
0.51749
0.94956
1.0442
1.087
1.1071
1.138
1.1752
1.2574
1.3027
0.74676
-0.24009
-0.93247
-0.99552
-1.0876
-1.0917
-1.0794
-1.0092
-1.0618
-1.0135
-0.96179
-0.85029
-0.67271
-0.68896
-0.67631
-0.88189
-0.98155
-1.0876
-1.2828
-1.3373
-1.0394
-0.16825
0.74145
0.92056
1.0212
1.0887
1.1138
1.1562
1.2315
1.2242
1.2484
0.94147
-0.058382
-0.66456
-0.88688
-0.84204
-1.1006
-0.94447
-1.2334
-1.2222
-1.0899
-1.1304
-0.41247
0.44039
1.0515
1.4378
0.39995
-0.22453
-0.59781
-0.88087
-1.0985
-1.3136
-1.4891
-1.0979
-0.061352
0.83796
1.0838
1.184
1.1457
1.1474
1.1288
1.0645
1.0766
1.1019
1.0963
1.2433
1.665
0.10099
-0.40584
-1.7049
-0.89427
-0.76761
-0.7772
-1.1541
-1.4106
-1.5999
-0.20709
-0.22518
-0.42089
-0.57215
-0.78493
-0.67593
-0.73787
-0.8805
-1.0683
-1.2878
-1.427
-0.96118
0.13087
0.85563
1.0221
1.0827
1.0982
1.1414
1.1348
1.1472
1.1943
1.2272
1.1294
0.9356
-0.27913
-0.82469
-0.72296
-0.76967
-0.80865
-1.0015
-0.98318
-1.0734
-0.99845
-1.063
-1.1035
-1.0224
-1.0303
-0.96909
-0.7425
-0.54736
-0.50365
-0.8117
-1.0615
-1.2806
-1.452
-0.83672
0.24761
0.89783
1.0355
1.0753
1.0835
1.1186
1.1593
1.2366
1.1875
1.3177
0.75709
0.044868
-1.2895
-0.8091
-0.83725
-0.88958
-0.90584
-0.91551
-1.0289
-0.8817
-0.94707
-0.98273
-0.98457
-1.0109
-0.89476
-0.70821
-0.72729
-0.84322
-0.98246
-1.2471
-1.35
-1.2407
-0.22328
0.64828
0.94747
1.0535
1.0816
1.1102
1.1461
1.1584
1.2227
1.2903
1.1048
0.67306
-0.034152
-1.0199
-0.56526
-0.80349
-0.79383
-0.90285
-0.90993
-0.98409
-1.0274
-0.98211
-0.92425
-0.81761
-0.84485
-0.89014
-0.94625
-0.99727
-1.2614
-1.3907
-1.0901
-0.015506
0.80416
0.99079
1.0708
1.1096
1.131
1.178
1.241
1.2561
1.0962
0.29901
-0.73102
-1.0078
-1.0757
-0.92351
-0.97759
-0.88447
-0.98725
-1.0298
-0.94638
-1.0026
-0.96112
-0.89692
-0.9299
-0.81868
-0.7598
-0.82704
-0.91882
-1.058
-1.2804
-1.378
-1.1427
-0.014471
0.77841
0.99277
1.0903
1.1022
1.1104
1.1382
1.1526
1.2229
1.3361
0.84849
0.17287
-0.78121
-0.96171
-1.0169
-1.0635
-0.96123
-0.93988
-0.85671
-1.1253
-0.89773
-0.74774
-0.69956
-0.77104
-0.78916
-0.76501
-0.8445
-0.93479
-1.0602
-1.2925
-1.3487
-1.0323
0.13119
0.8468
1.0612
1.1032
1.1472
1.1745
1.1769
1.2319
1.218
1.091
0.10199
-0.70267
-1.4211
-1.4997
-0.54415
-0.34762
-0.61371
-0.73368
-0.97652
-1.0133
-1.0168
-0.99374
-1.0604
-1.0644
-1.0095
-0.93569
-0.72818
-0.64588
-0.75443
-0.94086
-1.1646
-1.3612
-1.2581
-0.40814
0.57269
0.97416
1.0788
1.1299
1.1455
1.1853
1.2752
1.2715
0.61973
-0.35948
-1.0767
-1.1913
-1.199
-1.071
-1.0396
-0.78895
-0.93481
-1.0109
-0.71612
-0.953
-1.07
-0.93842
-1.0374
-0.8619
-0.9017
-0.6826
-0.62674
-0.84349
-0.964
-1.1819
-1.2992
-1.3144
-0.66492
0.3664
0.91201
1.0748
1.1142
1.1413
1.1696
1.1879
1.1885
1.103
1.0476
0.61939
1.3423
1.5302
0.30448
-0.31486
-0.97796
-1.0379
-1.2195
-1.117
-0.77187
-0.76052
-0.71023
-0.92798
-0.86455
-0.86356
-0.7949
-0.8646
-0.94722
-1.0217
-1.1651
-1.2614
-1.2459
-0.6185
0.49729
0.88986
1.0261
1.0878
1.1137
1.1419
1.1989
1.2115
1.2459
1.0858
0.70524
-0.25521
-2.129
-1.0376
-0.70515
-0.378
-0.33282
-0.66127
-0.78486
-0.83809
-0.94027
-1.0027
-1.0608
-0.94213
-0.88915
-0.87269
-0.87158
-0.92439
-0.97769
-1.1972
-1.3034
-1.1822
-0.37983
0.62707
0.92763
1.07
1.1333
1.1519
1.1835
1.1908
1.1569
1.2445
0.67897
-0.45735
-1.1285
-1.0949
-1.0173
-0.72189
-1.0089
-0.97771
-0.8566
-1.0572
-0.88507
-0.94584
-0.88383
-0.85059
-0.78131
-0.86135
-0.92276
-0.96276
-1.0731
-1.2942
-1.3494
-1.023
0.17963
0.88478
1.0689
1.1438
1.1569
1.1701
1.1523
1.0731
1.064
1.0109
1.1615
1.1756
1.0029
0.99512
0.80842
-0.29311
-0.59759
-0.78354
-0.87413
-0.86777
-0.98462
-1.0189
-0.91261
-0.87899
-0.80939
-0.85712
-0.92267
-0.98665
-1.0655
-1.3242
-1.2746
-1.0254
0.16679
0.81786
1.0136
1.0475
1.0659
1.077
1.1258
1.1992
1.3208
1.209
0.57905
-0.45444
-1.0877
-1.0862
-1.1093
-1.0594
-1.0513
-1.0476
-1.0563
-1.1089
-0.95593
-0.98183
-0.65635
-0.71657
-0.65544
-0.76241
-0.82101
-0.91312
-0.9983
-1.0417
-1.3074
-1.3553
-0.93284
0.10708
0.94227
0.98802
1.0464
1.0741
1.1043
1.1623
1.1369
1.1492
1.0831
1.1527
1.2412
1.3568
0.70883
-0.041952
-0.42374
-0.55323
-0.77307
-1.0201
-1.0302
-0.95055
-0.78113
-0.85575
-0.87845
-0.88019
-0.94446
-1.0075
-1.049
-1.0181
-1.2257
-1.3681
-1.0013
-0.18105
0.79164
0.89425
1.0126
1.0559
1.096
1.134
1.1967
1.1869
1.1421
1.0727
1.14
1.1742
0.45033
-0.56624
-0.86847
-0.70743
-0.95695
-1.0084
-0.93775
-0.9771
-0.86195
-0.89154
-0.84796
-0.81762
-0.90793
-0.96362
-1.0314
-1.0597
-1.1465
-1.3656
-1.092
-0.40651
0.67405
0.93986
1.0601
1.0671
1.0906
1.119
1.137
1.1647
1.0788
1.141
1.2322
1.0556
0.33959
-0.70093
-1.0461
-1.1714
-1.0878
-1.105
-0.95744
-1.0312
-1.1348
-0.97223
-0.755
-0.7706
-0.69684
-0.71085
-0.69882
-0.84962
-0.92984
-1.0193
-1.2687
-1.2922
-1.2476
-0.2702
0.68857
0.99346
1.0805
1.0573
1.0819
1.1639
1.1395
1.1979
1.1154
1.2485
1.1496
0.15817
-0.76735
-0.85233
-0.98366
-0.98441
-0.93655
-1.1705
-1.3364
-0.87802
-0.36459
-0.40565
-0.4729
-0.73123
-0.74974
-0.7963
-0.84014
-0.94838
-1.0035
-1.1265
-1.2912
-1.3321
-0.85416
0.30945
0.88771
1.0766
1.1086
1.1249
1.1657
1.1512
1.2216
1.049
1.223
1.1847
0.78642
-0.16201
-1.1361
-0.9993
-0.72927
-0.94036
-0.85581
-1.1893
-1.1738
-1.2202
-0.922
-0.77379
-0.65646
-0.77131
-0.64519
-0.7035
-0.70017
-0.80963
-0.93917
-1.0421
-1.2736
-1.3923
-1.1246
-0.073517
0.7938
1.0222
1.0872
1.1095
1.1585
1.2129
1.2166
1.2052
0.86408
0.53472
0.67706
0.8962
1.2964
1.3821
1.2096
0.92827
0.15851
-0.53878
-0.70112
-1.0782
-0.97681
-0.91604
-0.95728
-0.89104
-0.85733
-0.76083
-0.76056
-0.87952
-0.98463
-1.0723
-1.3123
-1.3002
-0.99424
0.1573
0.87012
1.0204
1.0672
1.0674
1.0847
1.0873
1.1643
1.0896
1.1579
1.0592
0.94427
1.2305
1.3048
1.1883
0.23936
-0.52663
-0.85826
-0.89887
-0.98542
-1.0087
-0.98503
-0.9905
-0.91328
-0.83387
-0.76063
-0.87494
-0.97067
-1.0719
-1.1376
-1.382
-1.118
-0.44501
0.58828
0.92868
1.022
1.0995
1.1146
1.0967
1.092
1.0749
1.17
1.3392
1.1199
0.2618
-0.80678
-1.0294
-1.1134
-1.1408
-1.0453
-0.96108
-0.99983
-0.98521
-0.96134
-0.89235
-0.81076
-0.70681
-0.73544
-0.87376
-0.98816
-1.1337
-1.2988
-1.3465
-0.90593
0.097895
0.83947
0.9779
1.0297
1.0766
1.1034
1.1782
1.247
1.3494
1.0201
-0.030744
-0.80971
-1.0463
-1.1001
-1.2585
-1.5367
-1.04
0
1.3539
1.1539
0.21395
1.3441
-0.52905
-0.58146
-0.96755
-0.90466
-0.89294
-0.74829
-0.69279
-0.81262
-0.97658
-1.248
-1.3764
-1.2717
-0.33846
0.628
1.0038
1.0832
1.1187
1.1632
1.1306
1.2439
1.0882
1.1503
0.99595
0.83957
1.009
1.3956
0.83198
-0.020247
-0.75276
-0.98421
-1.1142
-1.2207
-1.1051
-1.0531
-0.73553
-0.71544
-0.66254
-0.61606
-0.61164
-0.7411
-0.88763
-0.99986
-1.099
-1.3033
-1.3161
-0.9085
0.17648
0.90298
1.0157
1.0469
1.0744
1.1003
1.1351
1.1486
1.1273
1.1878
1.2793
1.1353
0.51378
-1.0077
-0.69548
-0.85219
-0.84459
-0.99508
-0.88717
-0.97777
-1.0603
-1.0238
-0.79252
-0.69047
-0.70449
-0.85108
-0.95009
-0.92221
-0.82812
-0.81242
-0.89501
-1.0606
-1.2722
-1.4257
-0.98727
0.11019
0.88345
1.0316
1.0736
1.0791
1.1257
1.107
1.1775
1.1437
1.1419
1.1647
1.1744
0.46422
-0.37248
-0.90212
-0.97432
-0.97885
-1.0844
-1.1026
-1.1111
-0.97417
-0.94444
-0.83064
-0.95125
-0.93411
-0.78691
-0.7933
-0.87696
-0.93855
-0.99517
-1.2169
-1.2941
-1.2772
-0.35479
0.62434
1.0069
1.1116
1.0724
1.1008
1.1163
1.0893
1.1998
1.0609
1.0897
1.0751
0.8104
0.98522
0.97834
1.2282
1.4593
0.64811
-0.22368
-0.88241
-1.0182
-1.1238
-1.0294
-0.85475
-0.83327
-0.8254
-0.86081
-0.82882
-0.88219
-0.95464
-1.0025
-1.2356
-1.3153
-1.1858
-0.32045
0.67835
1.0042
1.0528
1.0681
1.056
1.1003
1.1362
1.1617
1.2887
1.1976
0.66128
-0.38424
-0.93805
-1.0567
-1.0731
-1.0535
-1.0234
-1.0131
-1.0389
-1.0045
-1.0779
-1.1291
-1.1612
-0.96232
-0.67225
-0.60896
-0.65981
-0.74916
-0.86654
-0.99316
-1.2965
-1.3874
-1.1567
-0.051834
0.80511
0.9857
1.0832
1.0887
1.1327
1.2326
1.2372
1.286
0.64751
-0.77851
-0.61211
-0.85248
-0.85356
-1.0705
-0.99037
-0.87657
-0.80303
-1.3053
-1.1294
-0.92328
-0.76696
-0.4493
-1.6319
-1.0229
-0.79161
0.22379
-0.10554
-0.4428
-0.60104
-0.68136
-0.81904
-0.93846
-1.0644
-1.2698
-1.3457
-1.2241
-0.18884
0.70473
0.99856
1.081
1.1089
1.125
1.1908
1.1551
1.2695
1.367
0.44855
-0.25976
-0.83441
-0.85778
-0.7215
-0.81008
-0.90753
-0.86711
-1.1053
-0.99433
-1.2045
-1.107
-1.1044
-1.0819
-0.77952
-0.61606
-0.69336
-0.74025
-0.75129
-0.80774
-0.89142
-1.0267
-1.2361
-1.3728
-1.2489
-0.15202
0.68743
1.0046
1.0975
1.115
1.1931
1.1855
1.1763
1.0745
0.94944
1.0386
1.3693
1.1906
1.1077
-0.24605
0.84375
1.2337
1.266
0.74883
0.424
-0.77144
-0.64191
-1.0005
-0.97062
-0.95902
-0.8633
-0.82007
-0.88683
-0.87705
-0.83869
-0.87259
-0.90208
-1.0205
-1.2426
-1.3027
-1.2891
-0.25988
0.6186
0.94868
1.0337
1.0432
1.0743
1.0753
1.143
1.118
1.1503
1.2782
1.22
0.50179
-0.40236
-0.83405
-0.95539
-1.008
-1.0673
-1.105
-1.1029
-1.0069
-0.94412
-1.0501
-1.1369
-1.2661
-1.4153
-0.78419
0.73759
0.60961
-0.036618
-0.52966
-0.8123
-1.0047
-1.2295
-1.4158
-1.2164
-0.16196
0.76753
1.0476
1.0888
1.0833
1.1309
1.1816
1.27
1.2471
0.76501
-0.31303
-0.95795
-1.0958
-1.2454
-1.3414
-1.391
-0.21589
0.72573
1.596
1.6457
0.57047
0.33015
0.61444
0.76274
1.009
1.0518
1.3552
1.046
-0.15101
-0.53502
-0.79838
-0.77446
-0.86757
-0.93755
-1.055
-1.3011
-1.3196
-1.1682
0.091358
0.85099
1.0576
1.1326
1.0998
1.0863
1.1463
1.1157
1.1675
1.1331
1.1017
0.93843
0.67523
0.81439
1.0884
1.3035
1.2281
0.081286
-0.50087
-0.75972
-0.75159
-0.76308
-0.81196
-0.88703
-1.0256
-1.1596
-1.1919
-1.2266
-1.0123
-0.55806
-0.42916
-0.68702
-0.80233
-1.1791
-1.1891
-1.4892
-0.86528
0.13449
0.86254
1.0712
1.0602
1.0416
1.1104
1.2494
1.4007
1.2758
0.27321
-0.45076
-0.95809
-1.14
-1.1294
-1.1016
-1.0958
-1.0402
-0.98518
-1.0236
-0.99893
-0.95108
-1.0768
-1.0704
-1.4774
-1.2656
-0.38176
1.0105
1.0113
0.12715
-0.39155
-0.59909
-0.77441
-0.99537
-1.2992
-1.3626
-1.2165
-0.2192
0.80658
1.4951
1.6798
0.026884
