-0.42994
-0.52608
-0.53668
-0.40915
-0.14263
0.12686
0.26546
0.1915
-0.060288
-0.51105
-1.0097
-1.3942
-1.4468
-1.067
-0.42251
0.41991
1.3147
2.1488
2.8287
3.0831
2.9625
2.5922
2.0499
1.4416
0.7226
-0.005095
-0.67092
-1.1254
-1.3524
-1.4133
-1.3153
-1.1555
-0.96435
-0.80535
-0.64399
-0.41191
-0.13202
0.15532
0.27691
0.2172
-0.011379
-0.27827
-0.61905
-0.95081
-0.97319
-0.67565
0.020903
0.7912
1.2938
1.3972
1.2007
0.89916
0.52838
0.26878
0.24818
0.51137
1.0812
1.665
2.1121
2.4236
2.5273
2.305
1.7771
1.7806
1.0441
0.33768
-0.25676
-0.70253
-0.97292
-1.1586
-1.2887
-1.4542
-1.551
-1.6441
-1.5711
-1.3164
-0.94554
-0.5529
-0.24856
-0.051555
0.14472
0.33697
0.55396
0.67406
0.69153
0.54354
0.22191
-0.14542
-0.51069
-0.46205
-0.23503
0.31867
0.82847
1.3413
1.8384
2.2521
2.4324
2.4094
2.2001
1.8246
1.3756
0.9022
0.50713
0.15652
-0.12608
-0.42517
-0.7079
-0.93877
-1.1361
-1.2468
-1.2507
-1.1809
-1.0583
-0.92451
-0.82361
-0.77321
-0.8057
-0.90636
-0.85971
-0.78664
-0.63371
-0.62587
-0.71927
-0.715
-0.54664
-0.22171
0.12925
0.4706
0.71469
1.116
1.3255
1.3991
1.4643
1.6016
1.9616
2.3441
2.4822
2.432
2.2826
2.0549
1.6992
1.2041
0.57416
0.013036
-0.39281
-0.57522
-0.64344
-0.68876
-0.74076
-0.73282
-0.59766
-0.3914
-0.21441
-0.12408
-0.22815
-0.31538
-0.35882
-0.29481
-0.2074
-0.26708
-0.58611
-1.1057
-1.681
-1.8592
-1.5723
-0.75798
0.14304
0.74048
0.9228
0.85663
0.85774
0.90282
1.0977
1.2867
1.6216
1.9765
2.238
2.2837
2.1209
1.7838
1.3085
0.83338
0.39362
0.023364
-0.27882
-0.54896
-0.75329
-0.89299
-0.9976
-1.0279
-1.0302
-1.0301
-1.036
-1.0678
-1.1364
-1.1606
-1.0761
-0.79041
-0.2889
0.30331
0.84128
1.1592
1.273
1.1753
0.96064
0.63006
0.26199
-0.11293
-0.14279
0.058686
0.54393
1.1412
1.7579
2.2738
2.589
2.5743
2.2105
1.6345
0.89963
0.19358
-0.30355
-0.63084
-0.85579
-1.0762
-1.2917
-1.3878
-1.3246
-1.1386
-0.98004
-0.94496
-1.027
-1.1406
-1.1052
-0.88859
-0.5347
-0.23118
-0.051495
0.012009
0.080864
0.22859
0.41604
0.58994
0.67841
0.5611
0.23362
0.14531
0.1848
0.64785
1.349
2.02
2.6155
2.9631
2.9595
2.6774
2.1386
1.4666
0.92589
0.58728
0.41561
0.18332
-0.16975
-0.45553
-0.63537
-0.75756
-0.81837
-0.93369
-0.98386
-0.79275
-0.53651
-0.19993
0.028964
0.028765
-0.204
-0.71682
-1.2619
-1.5192
-1.2814
-0.59616
0.21776
0.80561
0.98938
0.88187
0.56988
0.36017
0.19485
0.36394
0.79959
1.6001
2.2879
2.66
2.6403
2.3611
1.9259
1.4137
0.87395
0.47043
0.092885
-0.31297
-0.74243
-1.1449
-1.4267
-1.5776
-1.6057
-1.4986
-1.2563
-0.97816
-0.72438
-0.55185
-0.43828
-0.39988
-0.44132
-0.54878
-0.71429
-0.81461
-0.66666
-0.3225
0.19995
0.66286
0.96325
1.0638
1.0203
0.80448
0.57197
0.40898
0.45638
0.61026
0.8906
1.1253
1.3974
1.6543
1.8806
2.0754
2.1915
2.2209
2.0826
1.8683
1.5206
1.1582
0.76709
0.41083
0.10376
-0.11301
-0.28462
-0.41363
-0.52715
-0.65015
-0.73718
-0.70865
-0.43716
0.045659
0.64775
1.1929
1.5267
1.6804
1.6434
1.4792
1.2426
1.0065
0.85458
0.85477
1.0033
1.1555
1.2737
1.3251
1.4196
1.5966
1.7859
1.9221
1.9627
1.8912
1.689
1.4231
1.1031
0.79633
0.5245
0.28837
0.12112
-0.013039
-0.067674
-0.12716
-0.15847
-0.1701
-0.13521
-0.15785
-0.30319
-0.65702
-1.1354
-1.4403
-1.447
-1.1586
-0.7341
-0.25914
0.28857
0.73962
1.0283
1.2468
1.2464
1.3607
1.4567
1.5996
1.7715
1.9407
2.0871
2.1973
2.2132
2.0456
1.6682
1.1418
0.58051
0.098177
-0.23416
-0.43914
-0.59947
-0.71971
-0.85566
-0.99178
-1.1059
-1.1556
-1.1253
-1.0438
-0.95342
-0.86749
-0.8107
-0.77867
-0.77155
-0.7669
-0.80558
-0.9746
-1.1383
-1.2418
-1.1392
-0.86909
-0.58722
-0.29065
0.02123
0.34674
0.60045
0.78112
0.94315
1.1231
1.3735
1.6044
1.8304
2.0262
2.1186
2.0364
1.6674
1.172
0.74538
0.39003
0.064039
-0.2795
-0.58701
-0.72039
-0.72501
-0.69079
-0.7586
-1.0284
-1.4681
-2.012
-2.3264
-2.2867
-1.9079
-1.4141
-1.022
-0.80443
-0.64358
-0.44731
-0.15869
0.14931
0.33654
0.443
0.38725
0.15983
-0.22212
-0.77656
-1.2614
-1.5619
-1.3146
-0.63306
0.20875
1.005
1.5761
1.8793
1.8891
1.5517
1.0634
0.5688
0.19927
-0.094968
-0.33884
-0.54032
-0.71342
-0.86532
-1.012
-1.1744
-1.296
-1.3499
-1.3451
-1.2734
-1.1792
-1.1071
-1.1093
-1.1513
-1.2133
-1.1897
-0.92487
-0.51953
0.051888
0.53333
0.83649
0.88272
0.69981
0.52233
0.55286
0.62138
0.79109
0.90942
1.0778
1.224
1.3416
1.4236
1.5719
1.7521
1.9197
1.9011
1.6673
1.1795
0.52301
-0.14625
-0.70791
-1.076
-1.3217
-1.5709
-1.9139
-2.2755
-2.5131
-2.3834
-1.8291
-0.99461
-0.23546
0.1842
0.26778
0.16926
0.033233
-0.081409
-0.16959
-0.24706
-0.42087
-0.60079
-0.73432
-0.78814
-0.631
-0.45657
-0.39133
-0.47983
-0.75129
-1.0308
-1.2803
-1.3081
-0.98202
-0.26587
0.66539
1.5173
2.0499
2.2006
2.1455
1.7895
1.0697
0.16144
-0.52018
-0.87603
-0.80839
-0.70668
-0.5799
-0.30758
0.033786
0.37111
0.48063
0.38093
0.10765
-0.17043
-0.42181
-0.3447
0
0.59564
1.1962
1.732
2.0917
2.4028
2.5306
2.484
2.281
1.9648
1.5943
1.1883
0.77528
0.39397
0.08048
-0.2326
-0.54948
-0.86072
-1.1152
-1.2704
-1.345
-1.4074
-1.4608
-1.4038
-1.2874
-1.1797
-1.1999
-1.3446
-1.4501
-1.4342
-1.2697
-1.1678
-0.99207
-0.79272
-0.43723
-0.052461
0.11355
-0.016284
-0.33471
-0.54363
-0.42922
-0.028578
0.46013
0.88416
1.182
1.3945
1.4708
1.3391
1.0874
0.82053
0.59336
0.46523
0.39933
0.40052
0.32248
0.20087
0.0034643
-0.27576
-0.60207
-0.91676
-1.1298
-1.2083
-1.2092
-1.158
-1.1116
-1.0759
-1.0504
-1.0778
-1.2182
-1.5009
-1.8958
-2.0807
-1.8693
-1.2952
-0.5214
0.089273
0.62319
1.0913
1.5245
1.8862
2.1065
2.1591
1.9913
1.7541
1.4798
1.2957
1.1428
1.0285
0.90621
0.79904
0.71742
0.64839
0.56806
0.36571
0.11394
-0.27926
-0.66065
-0.9799
-1.1478
-1.154
-1.094
-1.021
-0.91988
-0.74814
-0.50971
-0.29969
-0.12832
-0.070886
-0.10255
-0.1691
-0.20498
-0.20311
-0.31915
-0.67347
-1.3363
-2.0157
-2.422
-2.3284
-1.8074
-1.1484
-0.47962
0.17143
0.63224
0.89682
0.86741
0.80261
0.80445
1.0796
1.5475
2.1447
2.6241
2.765
2.5208
1.9315
1.2923
0.67885
0.26914
-0.026096
-0.20983
-0.38471
-0.5454
-0.726
-0.89003
-1.0243
-1.1049
-1.1795
-1.205
-1.2523
-1.2169
-1.0917
-0.88038
-0.64184
-0.40758
-0.22465
-0.06603
0.015849
0.0052874
-0.10062
-0.42203
-0.80409
-1.1814
-1.2862
-1.1311
-0.87996
-0.76557
-0.77947
-0.77459
-0.54321
0.098894
0.9214
1.8469
2.6288
3.1279
3.314
3.0654
2.4826
1.8525
1.2636
0.78693
0.35014
-0.035399
-0.4391
-0.74928
-1.0488
-1.2966
-1.4941
-1.4827
-1.3567
-1.0895
-0.7831
-0.59143
-0.436
-0.39181
-0.39657
-0.41877
-0.41228
-0.36277
-0.27027
-0.15279
-0.14191
-0.24071
-0.63536
-1.1538
-1.5592
-1.5698
-1.1456
-0.41101
0.20955
0.60805
0.69288
0.57068
0.44316
0.5174
0.57094
0.75935
0.90325
1.1211
1.3472
1.5685
1.7404
1.9699
2.1221
2.1145
1.8842
1.483
1.0384
0.55295
0.079985
-0.29482
-0.64877
-0.94696
-1.1765
-1.3663
-1.3759
-1.3175
-1.1932
-1.0447
-0.72116
-0.26226
0.32856
0.99673
1.5828
2.0225
2.2878
2.226
1.8536
1.2522
0.56085
-0.076617
-0.58113
-0.95643
-1.214
-1.3093
-1.2729
-1.1324
-0.93977
-0.75984
-0.64736
-0.65417
-0.77014
-0.88261
-0.78286
-0.50473
-0.13826
0.067245
0.087097
-0.055448
-0.23367
-0.32465
-0.38773
-0.35179
-0.25268
-0.20503
-0.25198
-0.47964
-0.78517
-0.8782
-0.58345
0.035206
0.75438
1.4846
2.1251
2.8056
3.2769
3.3357
3.0159
2.4999
1.9984
1.5701
1.0402
0.31906
-0.50908
-1.2335
-1.6588
-1.776
-1.6693
-1.4747
-1.2191
-0.95961
-0.76816
-0.62488
-0.518
-0.40923
-0.30731
-0.17704
-0.04461
0
-0.018102
-0.10474
-0.17859
-0.14723
-0.041566
0.10189
0.23194
0.3852
0.56573
0.81437
1.1527
1.4543
1.7094
1.8949
2.0474
2.1227
1.9916
1.6622
1.2672
0.983
0.87535
0.79044
0.70369
0.59236
0.40914
0.19632
-0.08325
-0.36059
-0.56605
-0.60978
-0.54581
-0.43322
-0.4072
-0.5046
-0.71684
-1.0098
-1.361
-1.672
-1.8117
-1.6305
-1.1342
-0.41233
0.23042
0.81186
1.1402
1.2641
1.1997
1.0816
0.98831
1.0111
1.0482
1.0883
1.1403
1.2065
1.3765
1.5759
1.7784
1.8711
1.8408
1.674
1.4656
1.1697
0.83875
0.44189
-0.038747
-0.50467
-0.94024
-1.2384
-1.3797
-1.3369
-1.2221
-1.0958
-0.98904
-0.88279
-0.75469
-0.61663
-0.4709
-0.37075
-0.30461
-0.37657
-0.58183
-0.86011
-0.99137
-0.7956
-0.33718
0.15455
0.5505
0.73105
0.75342
0.62499
0.59526
0.65348
0.94624
1.3303
1.7828
2.2334
2.5524
2.6126
2.4494
2.0694
1.5981
1.0992
0.65504
0.30507
-0.040057
-0.33811
-0.6123
-0.83381
-1.0112
-1.109
-1.1435
-1.1087
-1.0484
-0.9846
-0.95965
-0.88599
-0.73577
-0.5468
-0.3306
-0.15239
-0.035191
-0.032896
-0.16488
-0.44663
-0.87325
-1.202
-1.2715
-1.0241
-0.58172
0.039275
0.61939
1.1862
1.7253
2.1597
2.5694
2.8855
2.9557
2.8885
2.5849
2.0899
1.527
1.0215
0.5906
0.2056
-0.16683
-0.46819
-0.65206
-0.78451
-0.92593
-1.1524
-1.357
-1.4445
-1.3653
-1.1252
-0.83746
-0.62862
-0.4439
-0.36122
-0.31128
-0.32112
-0.30713
-0.2562
-0.14572
-0.016462
0.10789
0.029186
-0.15425
-0.56313
-0.99458
-1.2478
-1.2268
-0.7926
-0.2129
0.31678
0.60214
0.59746
0.3877
0.35772
0.42882
0.785
1.227
1.6262
1.9635
2.1432
2.225
2.2636
2.1842
2.0637
1.9751
1.8738
1.7331
1.3426
0.83773
0.16964
-0.4594
-1.0782
-1.5475
-1.8064
-1.8564
-1.754
-1.4947
-1.1984
-0.96404
-0.77604
-0.70543
-0.74057
-0.81358
-0.82338
-0.73422
-0.55594
-0.54508
-0.62599
-0.80958
-0.72141
-0.40393
0.073791
0.57949
0.94543
1.1598
1.2021
1.1112
0.97754
0.73791
0.57574
0.33513
0.068693
-0.19291
-0.23386
-0.10987
0.20007
0.32489
0.22429
-0.19839
-0.78312
-1.5036
-2.0188
-2.0082
-1.3312
-0.12044
1.2301
2.2692
2.8554
2.8694
2.4367
1.7171
1.0173
0.55571
0.36156
0.41895
0.51507
0.48303
0.35898
0.14449
-0.093481
-0.25534
-0.22452
-0.042924
0.22799
0.3731
0.29257
-0.097594
-0.58665
-0.85787
-0.94485
-0.79319
-0.56144
-0.33181
0.042572
0.61435
1.4345
2.4061
3.2825
3.8034
3.8103
3.3904
2.7504
2.067
1.4336
0.90496
0.4344
0.079253
-0.15363
-0.3142
-0.4717
-0.63628
-0.76257
-0.83839
-0.87612
-0.93216
-0.96308
-0.95695
-0.86816
-0.71733
-0.52614
-0.3134
-0.11366
-0.0037966
0.053188
0.015185
0.011363
0.03396
0.067565
0.082027
-0.085059
-0.43957
-0.95298
-1.4642
-1.7522
-1.6018
-1.0631
-0.18896
0.57399
1.0075
1.0952
0.94649
0.90448
0.92727
1.0382
1.256
1.4488
1.6999
1.9539
2.1021
2.2037
2.1766
2.0657
1.8178
1.5165
1.2208
0.98981
0.81097
0.65303
0.34904
-0.097199
-0.60077
-1.0205
-1.2329
-1.2705
-1.2081
-1.0788
-0.91067
-0.73189
-0.53157
-0.34599
-0.20017
-0.14615
-0.20262
-0.36888
-0.76251
-1.2809
-1.7017
-1.8766
-1.5334
-0.90198
-0.12551
0.62233
1.1838
1.5083
1.622
1.6104
1.4886
1.2843
0.97845
0.77445
0.68637
0.76228
0.95385
1.1928
1.4334
1.5872
1.5937
1.3991
1.0757
0.64661
0.21116
-0.3366
-0.85361
-1.3289
-1.3648
-1.0998
-0.47532
0.14388
0.65341
0.93202
1.1488
1.3129
1.4332
1.3201
1.0395
0.65821
0.47368
0.34172
0.18718
-0.029018
-0.21874
-0.36531
-0.45629
-0.63605
-0.86111
-0.97705
-0.94282
-0.67401
-0.34193
0.040059
0.4526
0.94001
1.321
1.647
1.9159
2.0381
2.0798
2.2052
2.2666
2.4235
2.3271
2.0122
1.5311
0.94118
0.37026
-0.10559
-0.46492
-0.71831
-0.88418
-0.94712
-1.0079
-1.0901
-1.2348
-1.3626
-1.4394
-1.4377
-1.4263
-1.353
-1.2071
-1.0349
-0.84928
-0.70854
-0.57386
-0.51796
-0.46988
-0.47061
-0.47059
-0.46982
-0.45027
-0.41224
-0.39623
-0.371
-0.31939
-0.27266
-0.19241
-0.24048
-0.39921
-0.70022
-1.0757
-1.4656
-1.6115
-1.3726
-0.74718
0.018434
0.64078
0.86756
0.84188
0.6215
0.45931
0.54849
0.6091
0.76532
0.84477
0.983
1.1661
1.3595
1.524
1.7952
2.1633
2.493
2.6746
2.5401
2.1704
1.6834
1.1393
0.53718
-0.13095
-0.83911
-1.391
-1.7342
-1.8042
-1.6571
-1.3929
-1.094
-0.83609
-0.68408
-0.55473
-0.42219
-0.302
-0.33629
-0.34703
-0.28755
-0.14167
0.22663
0.77072
1.2494
1.6485
1.7324
1.5084
1.114
0.50785
-0.011967
-0.35494
-0.35589
-0.14612
-0.012893
-0.045647
0.11836
0.37671
0.80102
0.97144
0.85466
0.72351
0.66984
0.72316
0.68511
0.43288
0.34519
0.41143
0.82744
1.5223
2.2173
2.7234
2.859
2.6515
2.3027
1.7773
1.2028
0.59539
0.12177
-0.28015
-0.51126
-0.70875
-0.76697
-0.66653
-0.40945
-0.031059
0.22052
0.30315
0.18961
0.050572
0.027529
0.062162
0.18345
0.17819
-0.023293
-0.47382
-0.86091
-0.95878
-0.32903
0.67637
1.8299
2.7192
3.2476
3.4525
3.4064
3.1731
2.7722
2.2752
1.6232
1.0171
0.48109
0.05561
-0.24353
-0.54853
-0.83678
-1.2039
-1.4522
-1.6366
-1.4881
-1.085
-0.63497
-0.20064
0
0.16326
0.31195
0.39515
0.44676
0.47231
0.43753
0.30567
0.096753
-0.14975
-0.37805
-0.54203
-0.75405
-0.92459
-1.0377
-1.1095
-1.0788
-1.0088
-1.0573
-1.141
-1.2598
-1.3067
-0.97891
-0.40193
0.32181
0.99721
1.3027
1.1781
0.89872
0.68976
0.68854
0.87406
1.16
1.3718
1.469
1.1835
0.52258
-0.23435
-0.90365
-1.2551
-1.2857
-1.1631
-0.91856
-0.42333
0.3529
1.1816
1.9131
2.2974
2.3576
2.1626
1.7708
1.3566
0.93544
0.5375
0.16761
-0.1301
-0.40878
-0.64532
-0.89729
-1.0199
-1.0918
-1.1166
-1.0628
-1.0067
-0.94268
-0.93996
-0.95763
-0.9955
-1.0276
-1.0739
-1.1572
-1.2743
-1.3796
-1.5609
-1.5657
-1.3388
-0.9467
-0.39344
0.014014
0.35219
0.54631
0.59477
0.47941
0.2984
0.12397
0.05219
0.18352
0.37695
0.70291
0.93766
1.1146
1.2965
1.5295
1.8245
2.0278
1.9811
1.7036
1.2892
0.80733
0.2921
-0.23314
-0.75043
-1.1761
-1.4771
-1.6332
-1.7201
-1.7255
-1.7153
-1.624
-1.515
-1.408
-1.3113
-1.2103
-1.0751
-0.9102
-0.74478
-0.53857
-0.39583
-0.341
-0.48949
-0.91427
-1.4227
-1.6749
-1.4779
-0.80333
-0.069245
0.55033
0.89034
1.0476
1.0189
0.81303
0.47308
0.15652
-0.056312
-0.24935
-0.44438
-0.73233
-0.96419
-1.1808
-0.93628
-0.41048
0.56699
1.544
2.1974
2.5667
2.5414
2.2443
1.6592
0.95223
0.23054
-0.26108
-0.53871
-0.67558
-0.7496
-0.69651
-0.61335
-0.43982
-0.27327
-0.26043
-0.21484
-0.18983
-0.11673
-0.032135
0.050986
0.12963
0.17265
0.046781
-0.23875
-0.7589
-1.2686
-1.5457
-1.3034
-0.52398
0.61159
1.7579
2.7046
3.2922
3.5541
3.5473
3.245
2.7148
1.9533
1.1891
0.53351
-0.012546
-0.41946
-0.72957
-0.93172
-1.0464
-1.1658
-1.2182
-1.1861
-1.1041
-0.91852
-0.82697
-0.72755
-0.70403
-0.66319
-0.615
-0.52213
-0.42505
-0.33067
-0.25279
-0.18821
-0.17476
-0.17494
-0.16478
-0.17517
-0.18897
-0.23712
-0.29215
-0.32657
-0.3507
-0.33019
-0.38543
-0.51664
-0.74484
-1.05
-1.1248
-0.98896
-0.60921
-0.19221
0.28436
0.74822
1.2677
1.92
2.6016
3.4017
3.999
4.2518
4.0633
3.6647
3.0204
2.2674
1.4902
0.88693
0.50967
0.29015
0.11383
-0.10724
-0.39733
-0.66232
-0.82369
-0.84321
-0.7176
-0.56317
-0.41261
-0.29604
-0.2255
-0.14746
-0.061844
0.06782
0.15293
0.19161
0.19844
0.19959
0.23828
0.21161
0.26583
0.3735
0.56589
0.78175
0.81216
0.68267
0.010369
-0.80194
-1.4718
-1.5187
-0.94223
-0.18439
0.45272
0.81147
0.9317
0.69344
0.074992
-0.38502
-0.40989
0.26058
1.3823
2.4891
3.2037
3.4746
3.2934
2.9002
2.4953
2.0084
1.5084
0.98684
0.42963
-0.059789
-0.4893
-0.81937
-1.0587
-1.2202
-1.263
-1.2204
-1.0718
-0.84531
-0.61317
-0.38974
-0.20167
-0.090527
-0.030142
-0.070351
-0.18371
-0.36345
-0.47398
-0.5301
-0.51313
-0.55339
-0.71496
-0.86983
-0.94889
-0.75815
-0.2925
0.44356
1.2859
2.132
2.8527
3.2383
3.2354
2.8748
2.2827
1.5538
0.87432
0.32017
-0.0067291
-0.14747
-0.20971
-0.20655
-0.1995
-0.25113
-0.41338
-0.69938
-1.037
-1.2974
-1.4683
-1.4801
-1.3836
-1.2457
-1.0949
-0.93541
-0.8531
-0.76847
-0.77676
-0.73211
-0.72529
-0.77837
-0.84791
-0.88153
-0.77533
-0.59119
-0.37789
-0.19636
-0.03815
0.029436
0.14588
0.32198
0.59644
0.95754
1.2859
1.4085
1.2508
0.67705
-0.16328
-0.93312
-1.2464
-1.0331
-0.35678
0.39141
0.91018
1.2082
1.3383
1.5541
1.5946
1.572
1.5638
1.7133
2.0396
2.4684
2.5612
2.4453
2.0892
1.6718
1.3811
1.0994
0.82592
0.5254
0.16583
-0.25692
-0.63429
-0.8409
-0.77452
-0.54301
-0.2394
-0.0032106
0.15833
0.26681
0.33765
0.39978
0.42306
0.32589
0.23046
0.12651
0.069002
-0.066143
-0.39339
-0.76539
-1.1544
-1.3948
-1.5769
-1.7135
-1.7592
-1.5744
-1.0014
-0.17664
0.6951
1.4041
1.8668
2.2589
2.4946
2.6528
2.5368
2.2381
1.8954
1.5672
1.3269
1.0943
0.78203
0.47892
0.21194
0.011298
-0.12359
-0.18983
-0.2699
-0.27527
-0.32045
-0.36471
-0.46168
-0.54954
-0.66701
-0.74008
-0.74937
-0.71389
-0.60829
-0.57791
-0.61692
-0.71957
-0.83225
-0.86283
-0.79256
-0.68383
-0.55341
-0.44725
-0.38227
-0.4301
-0.5663
-0.88752
-1.2039
-1.4099
-1.2313
-0.83638
-0.20487
0.43764
1.1524
1.7471
2.1948
2.3505
2.3799
2.2986
2.1919
1.9773
1.6733
1.358
1.1527
1.0386
0.99527
0.99242
1.0698
1.163
1.2474
1.1709
0.90683
0.44523
-0.022748
-0.42189
-0.68786
-0.81093
-0.88691
-0.94097
-0.98579
-0.98659
-0.98238
-0.93775
-0.86509
-0.80495
-0.76603
-0.79418
-0.88872
-1.0605
-1.3034
-1.4276
-1.3153
-0.93716
-0.3485
0.19473
0.61243
0.89373
0.98282
0.93154
0.74537
0.51912
0.29506
0.08025
-0.24271
-0.4314
-0.28054
0.21697
0.842
1.4042
1.7894
2.0928
2.2916
2.3204
2.2308
2.0434
1.8006
1.5204
1.1605
0.72834
0.11417
-0.38488
-0.76131
-0.91934
-0.98054
-1.0479
-1.0898
-1.0712
-1.014
-0.90487
-0.79993
-0.69925
-0.66762
-0.69702
-0.70895
-0.68707
-0.70828
-0.8865
-1.1625
-1.314
-1.1616
-0.6913
-0.17908
0.25519
0.50238
0.55545
0.45929
0.33502
0.37899
0.6125
0.86144
1.0506
1.125
1.2905
1.5722
1.8397
2.0472
2.1588
2.1185
1.9785
1.6581
1.2038
0.63222
0.086578
-0.36592
-0.61287
-0.69449
-0.7552
-0.81022
-0.85489
-0.87989
-0.89524
-0.87982
-0.85545
-0.78248
-0.70596
-0.63516
-0.60914
-0.67092
-0.84697
-1.0861
-1.3289
-1.4553
-1.3599
-1.0504
-0.60408
-0.16968
0.14034
0.45777
0.77866
1.14
1.4652
1.6812
1.7251
1.6133
1.4594
1.3654
1.3416
1.5008
1.6632
1.8002
1.8213
1.5613
1.1257
0.6239
0.078526
-0.37917
-0.75687
-1.0624
-1.288
-1.3849
-1.4026
-1.3462
-1.2658
-1.1379
-0.99779
-0.80733
-0.62936
-0.46153
-0.32853
-0.23789
-0.16351
-0.16844
-0.26166
-0.47766
-0.8005
-1.1288
-1.2494
-1.0283
-0.46135
0.31062
0.96732
1.3939
1.4166
1.1936
0.76719
0.43729
0.25312
0.2464
0.3969
0.63929
0.8124
1.1308
1.4504
1.8349
2.1819
2.367
2.409
2.2898
1.9694
1.4943
0.99845
0.55095
0.18987
-0.03195
-0.19345
-0.36195
-0.51847
-0.72524
-0.9503
-1.181
-1.3416
-1.4337
-1.3724
-1.2204
-1.0001
-0.76547
-0.63572
-0.61739
-0.697
-0.81875
-0.86004
-0.71763
-0.41921
0.02803
0.51125
0.93047
1.2812
1.3981
1.252
0.85784
0.36784
-0.027653
-0.14107
-0.15223
0.094202
0.44666
0.94199
1.4894
2.0308
2.4434
2.7293
2.7779
2.6157
2.2211
1.652
1.0007
0.35221
-0.1821
-0.56991
-0.80736
-0.91651
-0.99687
-1.0626
-1.142
-1.2151
-1.2219
-1.1457
-0.99259
-0.8087
-0.65093
-0.54733
-0.53652
-0.6507
-0.91278
-1.1551
-1.2546
-1.1352
-0.83358
-0.52775
-0.22608
0.076571
0.29353
0.36679
0.3021
0.22298
0.39694
0.60635
0.88825
1.0594
1.1593
1.2978
1.4083
1.4378
1.4386
1.3992
1.3897
1.4123
1.3686
1.2471
0.97594
0.59565
0.16759
-0.23739
-0.58166
-0.85836
-1.0796
-1.2331
-1.3597
-1.5554
-1.8564
-1.9459
-1.7057
-0.96376
-0.0025684
0.87218
1.6092
2.1303
2.423
2.5196
2.3821
2.1041
1.6939
1.2202
0.77658
0.38804
0.042077
-0.21042
-0.33414
-0.30757
-0.24509
-0.22913
-0.32381
-0.54676
-0.73151
-0.85243
-0.81415
-0.72924
-0.66302
-0.64098
-0.68589
-0.72739
-0.80154
-0.85414
-0.914
-0.95898
-1.0036
-1.0588
-1.1135
-1.1192
-1.1202
-1.1429
-1.0155
-0.69737
-0.11168
0.55342
1.0037
1.2328
1.2171
0.92996
0.57213
0.16679
0.046883
0.035861
0.24599
0.5386
0.91908
1.3401
1.5957
1.6613
1.6813
1.6976
1.8255
2.0123
2.1267
1.9973
1.6186
1.1297
0.61067
0.14616
-0.34252
-0.81354
-1.2483
-1.5457
-1.6665
-1.5845
-1.4121
-1.2476
-1.1157
-1.0599
-1.0234
-0.97797
-0.96097
-0.90701
-0.8627
-0.92719
-0.93601
-0.85204
-0.56998
-0.15487
0.13629
0.17346
-0.043365
-0.41196
-0.71851
-0.81741
-0.53542
0.012372
0.67984
1.2408
1.5347
1.498
1.2675
0.78659
0.17086
-0.43777
-0.79022
-0.8891
-0.42282
0.36681
1.3725
2.2501
2.7114
2.7236
2.4087
1.9435
1.437
0.99747
0.59875
0.24009
-0.087498
-0.37926
-0.60385
-0.7684
-0.8825
-0.958
-1.0271
-1.0643
-1.1011
-1.0267
-0.87607
-0.67588
-0.51086
-0.40464
-0.36574
-0.3493
-0.39843
-0.50272
-0.67374
-0.90406
-1.0433
-1.0805
-0.95384
-0.76827
-0.54474
-0.14845
0.43708
1.227
2.0778
2.7586
3.1726
3.2046
2.9161
2.4393
1.8671
1.2366
0.72028
0.34455
0.12146
-0.018707
-0.17048
-0.38101
-0.63047
-0.791
-0.86748
-0.8303
-0.77435
-0.79697
-0.81697
-0.84028
-0.82051
-0.75277
-0.6384
-0.524
-0.42929
-0.32883
-0.2924
-0.2852
-0.36568
-0.53605
-0.78786
-1.1432
-1.429
-1.4436
-1.0982
-0.42403
0.31901
0.94869
1.3526
1.5145
1.3727
1.034
0.63436
0.31689
0.2098
0.38343
0.85045
1.5311
2.1203
2.4109
2.5244
2.5182
2.3758
2.1018
1.6554
1.3084
1.0253
0.78499
0.40747
-0.21385
-0.65478
-0.82663
-0.66116
-0.27207
-0.10337
-0.093107
-0.21405
-0.39419
-0.4469
-0.46874
-0.51868
-0.57256
-0.68299
-0.72406
-0.82912
-0.91396
-0.98547
-0.92915
-0.65702
-0.23449
0.3299
0.88169
1.3694
1.7885
1.912
1.8841
1.7325
1.5941
1.4503
1.1687
0.63779
-0.041901
-0.75263
-1.3405
-1.6234
-1.4451
-0.67705
0.40789
1.5002
2.1252
2.1715
1.8793
1.4347
1.0415
0.67358
0.37644
0.23576
0.27138
0.32477
0.31122
0.18152
-0.11872
-0.4632
-0.91709
-1.0995
-1.0668
-0.69987
-0.11813
0.4737
0.96596
1.2901
1.4327
1.5781
1.6069
1.5108
1.2049
0.80264
0.3309
-0.017866
-0.25653
-0.42069
-0.57631
-0.74972
-0.88662
-0.95129
-1.0072
-1.0268
-1.1165
-1.2422
-1.3622
-1.3805
-1.221
-0.92282
-0.5627
-0.24158
0.15385
0.58328
1.0008
1.3712
1.6419
1.8013
1.9266
1.9668
1.8867
1.7298
1.5373
1.4204
1.4413
1.5442
1.6048
1.5215
1.318
0.89593
0.35004
-0.24614
-0.79859
-1.1089
-1.2371
-1.2013
-1.0831
-0.89991
-0.82551
-0.82981
-0.88838
-0.93106
-0.93172
-0.85084
-0.71365
-0.45763
-0.16716
0.09528
0.19424
0.082444
-0.26418
-0.7405
-1.0653
-1.0823
-0.73165
-0.20525
0.25484
0.43666
0.35041
0.31708
0.34315
0.55038
0.77348
1.0222
1.2897
1.6022
1.9889
2.3578
2.709
2.8215
2.6379
2.2442
1.6836
1.0796
0.50349
0.019337
-0.32829
-0.59793
-0.92165
-1.3412
-1.802
-1.8941
-1.5796
-0.94204
-0.33975
0.041691
0.22469
0.32459
0.32831
0.30314
0.3006
0.43427
0.55587
0.59692
0.46824
0.16441
0.095804
0.33203
0.86464
1.5681
2.105
2.4114
2.4829
2.3078
1.9917
1.4504
0.84057
0.17807
-0.60704
-1.3406
-1.8131
-1.8773
-1.5704
-1.0964
-0.57586
-0.17582
0.16194
0.38501
0.47452
0.4863
0.38653
0.28506
0.16579
-0.052926
-0.27452
-0.43277
-0.41856
-0.32902
-0.37651
-0.6636
-1.041
-1.2131
-1.0974
-0.61129
0.09352
0.94454
1.7196
2.2345
2.276
1.9339
1.4475
1.068
0.9305
1.093
1.3343
1.5153
1.4563
1.2347
0.86892
0.49303
0.11972
-0.22623
-0.6188
-0.98802
-1.3382
-1.6087
-1.7237
-1.7857
-1.7269
-1.5369
-1.0898
-0.55481
0.039486
0.51934
0.77622
0.86719
0.8485
0.87257
0.86551
0.75065
0.51004
0.19482
-0.22828
-0.8298
-1.3054
-1.4611
-1.0394
-0.063251
0.85883
1.5281
1.7907
1.5983
1.205
0.73353
0.32862
0.060303
-0.13383
-0.29711
-0.38152
-0.40254
-0.54593
-0.74765
-0.86855
-0.79764
-0.3392
0.30343
0.99547
1.6007
2.0959
2.3239
2.2675
1.9255
1.3214
0.65004
0.026962
-0.51959
-0.91829
-1.2053
-1.3664
-1.4304
-1.4227
-1.3873
-1.3699
-1.3643
-1.3817
-1.3249
-1.0876
-0.62251
-0.027327
0.53949
0.99212
1.229
1.2545
1.1371
0.95539
0.70112
0.44154
0.2278
0.19283
0.37552
0.71727
1.0581
1.2832
1.3751
1.3437
1.3675
1.4222
1.4549
1.3927
1.2627
1.0893
0.8978
0.64832
0.39167
0.008533
-0.32199
-0.59638
-0.78547
-0.88017
-0.95733
-0.99968
-0.97295
-0.96284
-1.029
-1.2416
-1.5144
-1.6493
-1.4852
-0.98431
-0.34111
0.27569
0.68757
0.84886
0.79143
0.70503
0.72076
0.90481
1.1431
1.2681
1.3419
1.4039
1.5176
1.6592
1.7684
1.7699
1.6423
1.3986
1.0778
0.753
0.42649
0.070141
-0.29703
-0.58982
-0.73683
-0.80483
-0.8361
-0.92347
-0.99012
-1.0987
-1.1226
-1.1137
-1.0591
-0.99223
-0.94797
-0.94355
-0.96344
-1.0162
-1.1256
-1.1506
-1.0613
-0.79257
-0.37252
0.11051
0.53557
0.87033
0.98003
0.94443
0.76504
0.62448
0.59945
0.72348
0.88768
1.1166
1.4858
1.919
2.3212
2.5121
2.4053
2.0966
1.6225
1.0736
0.53053
0.013588
-0.41574
-0.80914
-1.0817
-1.2484
-1.2574
-1.1811
-1.095
-1.0131
-0.97507
-0.90159
-0.81817
-0.72226
-0.63272
-0.57827
-0.58819
-0.65855
-0.78782
-0.96956
-1.0822
-1.0138
-0.68513
-0.13922
0.44979
0.87906
1.1259
1.1543
1.0657
0.82487
0.53018
0.32059
0.21293
0.37027
0.66233
1.1457
1.6772
2.077
2.2823
2.2249
1.9904
1.5671
1.0504
0.55568
0.22584
0.034995
-0.11857
-0.27778
-0.57207
-0.85302
-1.0799
-1.2527
-1.3955
-1.4759
-1.4185
-1.1857
-0.91279
-0.81507
-0.94317
-1.2963
-1.6324
-1.6355
-1.2695
-0.59775
0.039962
0.59841
1.0752
1.4522
1.7827
1.972
2.0049
1.8931
1.6793
1.4035
1.1027
0.85524
0.66871
0.55307
0.45346
0.32842
0.18841
0.03864
-0.12085
-0.29263
-0.42543
-0.51693
-0.57757
-0.64838
-0.7115
-0.7772
-0.83025
-0.85544
-0.779
-0.65185
-0.47639
-0.35184
-0.30118
-0.33228
-0.46346
-0.65946
-0.87974
-1.1789
-1.5373
-1.8831
-2.1226
-2.069
-1.6709
-0.89394
0.21274
1.4577
2.5566
3.2015
3.5013
3.4218
3.1398
2.6563
1.9972
1.3846
0.86208
0.44612
0.14802
-0.01756
-0.05903
0.0089293
0.084041
0.11803
0.045771
-0.098434
-0.25113
-0.36867
-0.40606
-0.39949
-0.40546
-0.44032
-0.45931
-0.45234
-0.4255
-0.3686
-0.30765
-0.33575
-0.41745
-0.6138
-0.84533
-1.1292
-1.3879
-1.529
-1.5308
-1.3028
-0.88051
-0.37266
0.1627
0.58695
0.66211
0.39864
0.007019
-0.44739
-0.40319
0.2202
1.3448
2.6054
3.4681
3.7213
3.5812
3.2062
2.7243
2.2705
1.8561
1.3692
0.91373
0.32687
-0.22958
-0.651
-0.9074
-0.97584
-0.90749
-0.77086
-0.6721
-0.54396
-0.46645
-0.37987
-0.31664
-0.25677
-0.2045
-0.22561
-0.22202
-0.23063
-0.14017
-0.02062
0.057716
-0.061774
-0.46044
-0.92685
-1.3246
-1.3155
-0.84746
-0.117
0.62982
1.1641
1.3503
1.2148
0.81534
0.36375
-0.053718
-0.12551
-0.27892
-0.21285
0.011097
0.56786
1.4912
2.2455
2.8071
3.0157
2.826
2.3427
1.6906
1.0035
0.40307
-0.11983
-0.60374
-0.95831
-1.1643
-1.1774
-1.133
-1.099
-1.2325
-1.3737
-1.4729
-1.3001
-0.97677
-0.55098
-0.11503
0.36135
0.81202
1.1095
1.1611
0.94638
0.55979
0.13506
-0.24877
-0.49025
-0.4977
-0.23229
0.30135
0.96606
1.571
1.9988
2.1523
2.0268
1.7236
1.3002
0.85428
0.41426
0
-0.31099
-0.51872
-0.71248
-0.875
-1.0988
-1.3783
-1.7111
-1.8011
-1.6937
-1.2479
-0.67479
-0.064392
0.46043
0.8316
0.96278
0.83484
0.54973
0.079943
-0.32922
-0.57037
-0.55634
-0.20555
0.28334
0.91957
1.5987
2.2008
2.6177
2.6604
2.4033
1.8914
1.2926
0.72676
0.21521
-0.21207
-0.48645
-0.65592
-0.71477
-0.79426
-0.92995
-1.1513
-1.378
-1.5567
-1.4749
-1.1956
-0.7224
-0.16494
0.42076
1.0025
1.4541
1.6676
1.62
1.3116
0.83916
0.39032
0.038167
-0.17627
-0.36167
-0.52691
-0.48046
-0.26865
0.15675
0.60457
0.95939
1.2536
1.4659
1.6288
1.6757
1.5817
1.2001
0.70071
0.17353
-0.31473
-0.71772
-1.0715
-1.2889
-1.4088
-1.4361
-1.4668
-1.5949
-1.8247
-1.9392
-1.8828
-1.5963
-1.1606
-0.76988
-0.41833
-0.11942
0.077678
0.21742
0.26023
0.29014
0.30051
0.26831
0.25888
0.41998
0.81452
1.3641
1.858
2.0953
2.1283
2.0423
1.8572
1.626
1.3356
1.0063
0.77251
0.65038
0.58399
0.51448
0.35094
0.094025
-0.22319
-0.5195
-0.72095
-0.84426
-1.0309
-1.4177
-1.6208
-1.6768
-1.3619
-0.84973
-0.33397
0.14457
0.49534
0.68495
0.68029
0.48888
0.11187
-0.35667
-0.76467
-0.90244
-0.79299
-0.37588
0.25536
1.0354
1.6571
2.1271
2.3696
2.4862
2.5293
2.3464
1.9415
1.3974
0.78148
0.20652
-0.26388
-0.60883
-0.88924
-1.208
-1.387
-1.4329
-1.1149
-0.55798
0.005989
0.44836
0.70116
0.7714
0.70169
0.5165
0.2875
0.044399
-0.16557
-0.43421
-0.73207
-1.1538
-1.4459
-1.3875
-0.95727
-0.071001
0.86836
1.6101
2.1182
2.302
2.2364
1.9485
1.489
1.0618
0.78945
0.64371
0.51481
0.26756
-0.10487
-0.52331
-0.90552
-1.1425
-1.3094
-1.38
-1.3643
-1.2
-0.93668
-0.64086
-0.41569
-0.33041
-0.29466
-0.20467
-0.046229
0.21147
0.42599
0.29951
0.016458
-0.38476
-0.59927
-0.22886
0.68421
1.9415
3.0549
3.5707
3.5965
3.2292
2.6686
1.8703
1.1011
0.38866
0.094303
0.095042
0.19138
0.27857
0.29511
0.27059
0.2456
0.18951
0.056327
-0.14317
-0.36206
-0.59936
-0.79335
-0.86363
-0.8671
-0.78055
-0.68977
-0.67748
-0.76991
-0.93952
-1.0292
-0.8308
-0.47016
-0.10234
0
-0.13342
-0.37226
-0.58607
-0.72683
-0.8102
-0.88249
-0.94039
-0.96189
-0.98255
-0.94008
-0.8341
-0.67844
-0.44048
-0.092948
0.42061
0.99662
1.5178
1.971
2.3338
2.5687
2.5861
2.396
2.143
1.8744
1.7026
1.607
1.5168
1.3838
1.1725
0.80293
0.39454
-0.047381
-0.45556
-0.75998
-0.99681
-1.1516
-1.2393
-1.2299
-1.1794
-1.15
-1.2258
-1.3839
-1.3171
-1.0498
-0.62795
-0.13478
0.27091
0.62814
0.84602
0.86294
0.71028
0.39802
0.085717
-0.11484
-0.076919
0.15774
0.48487
0.80473
0.95085
1.0486
0.97618
0.87346
0.89167
1.1337
1.5211
1.8889
2.0252
1.9262
1.6812
1.3039
0.85088
0.31624
-0.1908
-0.54524
-0.72467
-0.68412
-0.58488
-0.47626
-0.47553
-0.62772
-0.90301
-1.2233
-1.4492
-1.3902
-0.99796
-0.43107
0.23355
0.79254
1.2106
1.4355
1.5185
1.5637
1.6367
1.758
1.9351
2.109
2.1412
2.0013
1.6539
1.1659
0.66919
0.22652
-0.10732
-0.37979
-0.65485
-0.9327
-1.1835
-1.3341
-1.4575
-1.4089
-1.2645
-0.98506
-0.75908
-0.64136
-0.52076
-0.37671
-0.20046
-0.025259
0.072085
0.085342
-0.01287
-0.23698
-0.54039
-0.84928
-1.115
-1.2931
-1.2226
-0.78755
-0.060407
0.84676
1.6214
2.0166
2.1011
1.9438
1.7416
1.4714
1.2007
0.79619
0.36635
-0.043882
-0.28462
-0.45053
-0.51259
-0.55059
-0.55759
-0.48512
-0.40644
-0.47114
-0.51307
-0.55865
-0.44954
-0.40405
-0.43249
-0.57111
-0.68086
-0.56794
-0.20929
0.61144
1.587
2.5664
3.2908
3.6215
3.5923
3.2278
2.5945
1.9137
1.2574
0.69363
0.20859
-0.25319
-0.61533
-0.87769
-1.0964
-1.194
-1.2496
-1.0783
-0.73832
-0.2925
0.18205
0.46676
0.44871
0.28978
0.18712
0.13295
0.01549
-0.18224
-0.34078
-0.31625
-0.16929
-0.084815
-0.090139
-0.2753
-0.50128
-0.88197
-1.2461
-1.4216
-1.2587
-0.96576
-0.70846
-0.62432
-0.46439
-0.12837
0.38279
1.1081
1.8312
2.4751
2.9311
3.0246
2.7741
2.2868
1.5865
1.0352
0.59387
0.32612
0.13805
-0.085531
-0.32188
-0.5913
-0.81821
-0.85211
-0.74135
-0.50486
-0.44111
-0.54682
-0.88246
-1.1507
-1.2405
-1.0246
-0.64198
-0.2303
-0.021151
0.033181
0.20198
0.65749
1.4046
2.2377
2.8561
3.0545
2.8738
2.3785
1.7078
0.98815
0.28987
-0.25725
-0.57963
-0.76868
-0.78512
-0.79853
-0.78224
-0.84235
-0.84592
-0.7303
-0.50988
-0.317
-0.24619
-0.32778
-0.52212
-0.76704
-0.96723
-1.1571
-1.297
-1.436
-1.3788
-1.1398
-0.55805
0.16197
0.77507
1.2216
1.4301
1.4247
1.3087
1.0337
0.74556
0.5286
0.40463
0.29257
0.1075
-0.25179
-0.75175
-1.1287
-1.1471
-0.64815
0.27508
1.282
2.0706
2.432
2.4113
2.1263
1.661
1.1416
0.70061
0.38935
0.17084
-0.044162
-0.39467
-0.78448
-1.1823
-1.4439
-1.5837
-1.5735
-1.5073
-1.4749
-1.4095
-1.3103
-0.94332
-0.41351
0.13923
0.65564
0.96372
1.1057
1.1718
1.0889
1.0107
1.03
1.067
1.0553
0.75819
0.24845
-0.33858
-0.58128
-0.47185
0.011248
0.6502
1.169
1.5634
1.8181
1.8718
1.749
1.4526
0.9789
0.44619
-0.12384
-0.663
-1.0237
-1.2606
-1.3751
-1.3174
-1.2294
-1.1967
-1.3583
-1.4713
-1.3442
-0.84641
-0.061166
0.60458
1.0698
1.2343
1.1927
1.0372
0.76504
0.54748
0.30838
0.11824
-0.14448
-0.47333
-0.59414
-0.48226
-0.047756
0.50466
0.98274
1.3881
1.7043
1.938
2.058
2.0068
1.7935
1.4449
1.0776
0.71212
0.48343
0.26072
0.0095751
-0.33344
-0.83528
-1.3327
-1.7302
-1.9464
-1.9979
-1.9302
-1.7522
-1.5129
-1.2533
-1.0743
-0.82936
-0.33872
0.34721
1.0992
1.4818
1.6025
1.464
1.1961
0.95135
0.80333
0.78665
0.85673
0.90218
0.90453
0.87168
0.85415
0.789
0.67068
0.57734
0.64245
0.87099
1.0723
1.1958
1.0429
0.78468
0.44041
0.056946
-0.25772
-0.55535
-0.80091
-0.97541
-1.0313
-1.0077
-0.94692
-0.86117
-0.81211
-0.80575
-0.8511
-0.91538
-1.0588
-1.1847
-1.4125
-1.527
-1.4816
-1.0863
-0.435
0.25684
0.79011
0.9768
0.85126
0.50463
0.086064
-0.12995
-0.16481
0.13804
0.71617
1.3807
1.9908
2.3005
2.5276
2.6989
2.7775
2.7031
2.3127
1.812
1.283
0.82573
0.41892
0.02692
-0.32314
-0.69975
-0.98314
-1.1852
-1.2391
-1.1871
-1.0922
-1.0368
-0.96933
-0.87111
-0.72603
-0.59936
-0.52624
-0.47257
-0.4902
-0.62588
-0.81973
-0.87062
-0.65296
-0.20689
0.2957
0.67511
0.91123
0.94968
0.89715
0.81175
0.75949
0.68123
0.64316
0.586
0.56336
0.26696
-0.022903
-0.29872
-0.39863
-0.4994
-0.46753
-0.35304
-0.0456
0.51366
1.1304
1.7461
2.2815
2.666
2.8852
2.8269
2.3876
1.6219
0.67204
-0.26353
-1.0982
-1.4422
-1.4523
-0.99606
-0.44788
0.082662
0.47796
0.74613
0.92241
1.0238
0.96077
0.76875
0.48665
0.20877
-0.00603
-0.24677
-0.49646
-0.78644
-1.1455
-1.3816
-1.3137
-0.76041
0.12426
1.0673
1.7436
2.1298
2.1468
1.9706
1.4908
0.80758
0.069642
-0.6665
-1.2494
-1.6151
-1.6495
-1.3942
-1.0156
-0.94317
-0.95599
-1.1776
-1.0675
-0.69435
-0.31345
0.24789
0.80935
1.3681
1.7734
1.8839
1.6933
1.321
0.9312
0.55799
0.25773
0.13043
0.12056
0.22122
0.27568
0.10368
-0.093675
-0.41482
-0.78231
-0.89298
-0.89906
-0.49254
0.1328
0.83094
1.3991
1.71
1.6802
1.3807
0.94283
0.45079
0.078652
-0.20913
-0.46024
-0.72137
-1.0614
-1.3744
-1.6403
-1.8761
-1.9123
-1.7193
-1.2785
-0.67085
-0.12703
0.21372
0.36878
0.39563
0.38575
0.44738
0.5529
0.86505
1.3205
1.8767
2.373
2.6621
2.7359
2.5602
2.16
1.6745
1.1555
0.72744
0.36859
0.054325
-0.28779
-0.58778
-0.88736
-1.1162
-1.2357
-1.1968
-1.0013
-0.77152
-0.61366
-0.59569
-0.6398
-0.78488
-0.97343
-1.238
-1.285
-1.0901
-0.54162
0.12711
0.74417
1.157
1.3319
1.2653
1.0706
0.77609
0.48048
0.22952
0.069936
-0.021087
-0.10946
-0.17376
-0.14242
0.010722
0.2511
0.56879
0.89596
1.3089
1.736
2.0388
2.2197
2.3366
2.3775
2.282
1.973
1.4653
0.7053
0.038191
-0.63498
-1.292
-1.8551
-2.271
-2.2092
-1.7037
-1.0012
-0.28383
0.27032
0.5593
0.59538
0.52468
0.47837
0.61994
0.84879
1.1
1.197
1.1256
0.99677
0.96257
0.94098
0.90871
0.72372
0.56483
0.63743
0.95699
1.3896
1.6388
1.6335
1.3054
0.81033
0.3022
-0.20277
-0.70257
-1.1277
-1.2964
-1.1295
-0.79703
-0.42231
-0.13853
-0.082567
-0.18262
-0.3589
-0.50931
-0.59656
-0.6239
-0.57963
-0.50036
-0.40944
-0.40641
-0.38277
-0.40119
-0.48362
-0.71786
-1.1946
-1.675
-1.7597
-1.3701
-0.46532
0.56111
1.5536
2.331
2.8826
3.1141
3.0827
2.8056
2.3617
1.8038
1.3308
1.0273
0.85727
0.78115
0.70055
0.62865
0.53763
0.41911
0.30022
0.1143
-0.052656
-0.25724
-0.51368
-0.72113
-0.87615
-1.0712
-1.2015
-1.376
-1.53
-1.4932
-1.2302
-0.75666
-0.24542
0.073357
0.134
-0.0050282
-0.24411
-0.52371
-0.81225
-1.0301
-1.1486
-1.0927
-0.87762
-0.72921
-0.58042
-0.56598
-0.56077
-0.70575
-1.0001
-1.0588
-0.81477
-0.14677
0.64535
1.2005
1.428
1.4392
1.4692
1.492
1.6253
1.6955
1.5994
1.3795
1.1442
0.18185
