-1.0404
-1.102
-1.0824
-1.0422
-0.97184
-1.0078
-1.0951
-1.2025
-1.2457
-1.191
-0.96336
-0.41104
0.27913
0.80873
0.98653
1.002
0.96967
0.98325
1.0027
1.0464
1.091
1.1065
1.1107
1.0431
0.98573
0.91949
0.93757
1.0135
1.2459
1.6473
1.084
0.29416
-1.075
-1.106
0.79479
0.94761
-0.044072
-0.761
-1.0879
-1.1721
-1.2369
-1.3245
-1.2228
-1.1108
-0.78372
-0.19956
0.3127
0.56846
0.69003
0.82624
0.91653
1.0459
1.2189
1.4089
1.3755
1.0171
0.23454
-0.58992
-1.1488
-1.179
-1.1168
-1.0404
-1.0332
-1.0555
-1.0822
-1.055
-0.97433
-0.90834
-0.92517
-0.97984
-1.0232
-1.0587
-1.1042
-1.1125
-1.1844
-1.1853
-0.73739
-0.22991
-0.50909
-0.68052
-0.97135
-1.0519
-1.0849
-1.0958
-1.0616
-1.039
-1.0944
-1.1785
-1.2551
-1.2032
-0.84765
-0.20182
0.35234
0.7652
1.0271
1.209
1.3159
1.3213
1.2613
0.98511
0.44482
-0.45845
-1.2495
-1.5924
-1.2583
-0.63708
0.097703
0.79852
1.43
1.3339
0.7267
-0.070888
-0.80592
-1.3645
-1.2726
-1.3002
-1.2014
-0.84132
-0.71033
-0.87494
-0.94468
-0.97725
-1.061
-1.1513
-1.2549
-1.297
-1.1931
-0.76678
-0.082362
0.49604
0.83101
0.89591
0.9496
1.1
1.297
1.4321
1.2513
0.66034
-0.097524
-0.74185
-1.0461
-1.1843
-1.2779
-1.352
-1.3634
-1.0614
-0.38409
0.041895
-0.43178
-1.3476
-1.5842
-1.5626
-1.005
-0.68194
-0.91327
-1.3291
-1.0791
0.043815
1.5005
1.0705
-0.077962
0.1668
0.60687
1.3014
1.5098
1.5787
1.1889
0.52461
-0.063814
-0.92528
-1.3838
-1.5019
-1.1314
-0.77401
-0.049528
0.61865
1.3135
1.5523
1.112
0.3811
-0.32469
-1.1916
-1.82
-1.4279
-0.74096
0.26476
0.86775
1.0769
1.1201
1.1305
1.1124
1.042
1.0321
1.0252
0.98576
1.0025
1.0183
1.0485
1.0794
1.1167
1.2227
1.1382
0.79689
-0.019439
-0.96885
-1.6339
-1.5398
-0.924
-0.71321
-0.88085
-1.3783
-1.5707
-1.1654
-0.57124
-0.074933
0.47765
0.91162
1.0686
1.085
1.0351
1.005
1.0067
0.99942
0.91522
0.82813
0.77728
0.77205
1.0219
1.2639
1.4171
1.3468
0.98009
0.67745
0.77668
0.9589
0.58636
-0.1619
-0.83798
-1.2687
-1.2944
-1.294
-1.2261
-1.1367
-1.0986
-0.70239
-0.26444
0.36236
1.2095
0.98432
0.78862
0.68374
0.86129
0.92309
0.87398
0.85342
0.84152
0.85899
0.83955
0.88175
0.94249
1.0901
1.2483
1.4359
1.3324
0.8835
0.022769
-0.93828
-1.5392
-1.3165
-1.0691
-0.87302
-0.81705
-0.81759
-0.76043
-0.81118
-0.86528
-0.94136
-0.98456
-1.0729
-1.1864
-1.2849
-1.3984
-1.1803
-0.391
0.47909
0.61144
-0.17784
-0.75175
-0.96428
-1.0448
-1.0795
-1.1925
-1.25
-1.2003
-1.1836
-1.1113
-0.90374
-0.3892
0.63204
1.0672
0.76805
1.1492
1.543
1.3976
0.52283
-0.40276
-0.44364
-0.63006
-0.94221
-1.4793
-1.5428
-1.0532
-0.21597
0.95222
1.4052
0.47034
-0.60208
-1.9676
-1.6277
-0.87126
0.45751
1.0494
0.63432
0.49969
0.59583
0.7847
0.81677
0.85219
0.90831
0.96894
1.0087
1.0308
1.0267
1.0262
1.0237
1.0291
1.0486
1.0563
1.0688
1.0473
1.0014
0.99837
1.0694
1.1965
1.307
1.2975
1.0128
0.33402
-0.031845
-0.33542
-0.60212
-0.93801
-1.0257
-1.1356
-0.97581
-1.0088
-1.074
-1.1114
-1.2122
-1.213
-1.1595
-1.1306
-1.1514
-1.1096
-0.88834
-0.29935
0.2994
0.6613
0.8347
0.90457
1.0493
1.2052
1.3724
1.4373
1.2886
0.82538
0.013027
-0.78005
-1.1472
-1.0506
-0.80747
-0.78278
-0.92595
-1.0006
-1.0751
-1.0492
-1.0245
-1.123
-1.1704
-1.2483
-1.2571
-1.1286
-0.77323
-0.29983
0.24546
0.57424
0.78707
0.87599
0.94577
1.0057
1.0567
1.0553
1.063
1.0025
0.98679
0.99329
0.99644
1.0018
1.0253
1.0655
1.0814
1.1219
1.1099
1.0418
0.97714
0.87985
0.88779
0.84073
0.94296
1.0489
1.0301
0.95474
0.033439
-0.92144
-1.2103
-1.2945
-0.94463
-0.90533
-1.0488
-1.1544
-1.2094
-1.2788
-1.2363
-1.0827
-0.61758
-0.034152
0.53099
0.72416
0.73578
0.79602
0.84292
0.91187
1.0053
1.1367
1.2739
1.2921
1.2046
0.98309
0.81541
0.80918
1.1167
1.1813
0.9783
0.32341
0.062387
-0.61586
-0.74675
-1.0603
-1.1421
-1.1453
-1.1176
-1.1022
-1.1253
-1.2484
-1.2501
-0.99055
-0.29951
0.41671
0.8142
0.939
0.88192
0.89194
0.91784
0.97512
1.021
1.0523
1.0584
1.0404
1.0293
0.99004
0.96709
0.96969
0.97966
0.9943
1.0283
1.0585
1.0766
1.0717
1.0541
1.0373
1.0351
1.0631
0.95226
0.8371
0.80459
0.60429
-0.38904
-0.98951
-1.2459
-1.138
-0.88466
-0.93858
-1.048
-1.0966
-1.1438
-1.1547
-1.1023
-0.98109
-0.94267
-1.215
-1.3246
-1.2874
-0.67772
0.10822
0.42316
0.6864
0.83855
1.0168
1.2728
1.3921
1.0477
-0.096874
-0.91388
-1.4682
-1.3556
-1.1221
-1.13
-1.2012
-1.0519
-0.65598
-0.014413
0.46351
0.85937
0.98341
1.0379
1.0601
1.0589
1.0577
1.0339
1.0103
1.0025
1.0566
1.0635
1.0221
1.001
0.96593
0.92965
0.99509
1.1523
1.2411
1.1923
0.82605
0.42081
-0.35246
-0.89953
-1.1103
-1.1274
-0.96546
-1.0168
-1.118
-1.162
-1.1835
-1.211
-1.209
-1.0741
-0.69532
-0.063855
0.58748
0.84997
0.88769
0.87827
0.88853
0.91855
0.95848
0.97146
0.98715
0.98835
1.0068
1.0151
1.0368
1.0297
1.0226
1.0223
1.0088
1.0066
1.0078
1.0347
1.0356
1.0453
1.0456
1.0339
1.0118
0.99229
0.97265
0.96887
0.96603
0.97087
0.93586
1.0203
1.0928
1.0462
0.19468
-0.74757
-1.1739
-1.2837
-0.97308
-0.91714
-0.97731
-0.99566
-1.0192
-1.0501
-1.094
-1.1402
-1.1632
-1.2137
-1.2002
-0.92568
-0.35176
0.56566
1.4594
1.5971
0.888
0
-0.93716
-1.4055
-1.5067
-1.3981
-1.3896
-0.29271
0
1.1193
-0.25222
-1.6398
-1.7295
-0.91409
0.13605
0.80321
1.0676
1.0192
1.0163
0.96925
0.94508
0.92423
0.912
0.9089
0.93813
0.97039
1.0432
1.1405
1.2231
1.3269
1.2747
0.94568
-0.11939
-0.93429
-0.58888
-0.82932
-0.39152
-0.76777
-0.86446
-0.98504
-1.1099
-1.113
-1.0942
-1.132
-1.1549
-1.2131
-1.1605
-0.9244
-0.67512
-0.62676
-0.73771
-0.9338
-1.013
-1.1479
-1.296
-1.3974
-1.1073
-0.53496
0.15792
0.73077
1.035
1.0572
1.0782
1.1237
1.2196
1.3168
1.0501
0.40587
-0.49624
-0.90925
-0.78877
-0.91701
-0.808
-1.0061
-1.075
-1.129
-1.1891
-1.1811
-1.1722
-1.1903
-1.0915
-0.62537
0.027762
0.56406
0.85805
0.95422
1.0485
1.1422
1.2297
1.3108
1.3344
1.2548
1.0583
0.5976
-0.14943
-1.0926
-0.8585
0.12945
1.0132
1.5379
0.80563
0.052739
-0.55996
-1.0095
-1.1506
-1.2144
-1.1864
-1.0853
-0.99406
-0.95357
-0.98454
-1.0748
-1.2011
-1.3231
-1.2205
-0.74155
0.04598
0.95344
1.5102
1.4972
1.3546
1.0645
0.62067
-0.10386
-1.1915
-1.1831
-0.30695
0.42427
0.9099
1.1962
1.3479
1.2854
1.0617
0.5844
0.49328
0.78417
1.2035
1.5701
1.2991
0.68111
-0.067094
-0.94275
-1.2769
-1.0093
-0.82398
-0.77081
-1.1014
-1.3444
-1.3666
-1.3136
-1.0613
-0.65227
-0.011152
0.59877
0.90062
0.9543
0.9371
0.94473
0.93502
0.96817
1.0065
1.0208
1.019
1.048
1.0171
0.92953
0.87668
0.94584
1.0949
1.2649
1.3426
1.2836
0.75678
0.19301
-0.49628
-0.90308
-1.081
-1.1534
-1.1379
-1.1268
-1.1443
-1.1683
-1.2359
-1.1369
-0.72036
-0.038174
0.6041
0.90275
0.91137
0.95562
0.98276
1.0388
1.0223
0.99422
0.96492
0.95382
0.97004
0.98399
0.9965
0.9962
0.99598
0.99816
0.99351
0.99926
1.0141
1.0206
1.0238
1.0218
1.0175
1.0097
1.1157
1.352
1.3564
0.41446
-0.19934
-1.0323
-1.1328
-1.012
-1.0667
-1.0801
-1.0394
-1.0334
-1.0526
-1.1194
-1.1679
-1.2144
-1.2161
-0.91772
-0.39617
0.20359
0.80075
1.2441
1.5701
1.5067
1.0617
0.20065
-0.572
-0.93468
-0.96418
-0.93861
-1.1791
-0.92555
-0.99892
-0.87405
-1.0872
-1.3528
-1.3852
-1.2514
-0.85339
-0.20607
0.50544
0.89608
0.91886
0.93186
0.92958
0.95642
1.0212
1.0531
1.068
0.99907
0.95911
0.91188
0.9473
0.9961
1.0437
1.0946
1.1534
1.2011
1.1667
1.0468
0.95617
0.9748
1.1377
1.2653
1.1147
0.5793
0.077681
-0.48891
-0.79121
-1.1717
-1.5179
-1.7113
-1.7886
-1.7871
-1.6937
-1.545
-1.3272
-1.108
-0.89417
-0.6923
-0.44375
-0.17569
0.14377
0.43884
0.72065
0.98415
1.2292
1.4901
1.6957
1.7737
1.7037
1.439
1.1147
0.7555
0.28023
0.40415
0.14939
-0.1066
-0.85794
-1.668
-2.0276
-1.9442
-1.6309
-1.3214
-1.0964
-0.97172
-0.84271
-0.61721
-0.36016
-0.058023
0.19238
0.44964
0.64007
0.8064
0.95338
1.0574
1.2188
1.292
1.2809
1.1399
1.0289
1.0555
1.2421
1.3188
1.198
0.83092
0.41635
0.21428
-0.060236
-0.43313
-1.0066
-1.586
-1.8322
-1.8399
-1.7726
-1.6834
-1.5324
-1.361
-1.1541
-0.94037
-0.7687
-0.5497
-0.37461
-0.13814
0.13847
0.49025
0.78075
1.0446
1.1466
1.2408
1.2555
1.3001
1.3069
1.3053
1.3131
1.2265
0.99576
0.69566
0.51457
0.083043
-0.47368
-1.1947
-1.6476
-1.7982
-1.75
-1.6469
-1.4781
-1.2431
-1.0507
-0.8776
-0.73862
-0.58364
-0.34044
-0.072446
0.23039
0.47438
0.7171
0.90267
1.007
1.0718
1.096
1.1226
1.1787
1.2197
1.2458
1.2316
1.2278
1.1479
1.1017
1.0832
1.0986
1.1141
1.0128
0.44124
0.0077463
-0.71342
-1.1359
-1.4336
-1.5911
-1.585
-1.5028
-1.4387
-1.3796
-1.3232
-1.2809
-1.1886
-1.0554
-0.85871
-0.6794
-0.46226
-0.20372
0.058489
0.36113
0.59816
0.81406
0.95601
1.0436
1.0991
1.1388
1.125
1.0873
1.0498
1.0566
1.0966
1.1254
1.1416
1.146
1.1466
1.1134
1.0613
1.0269
1.0408
1.1335
1.2106
1.0653
0.36466
-0.26824
-0.97495
-1.2227
-1.2873
-1.2471
-1.1385
-1.0705
-1.0525
-1.0832
-1.1671
-1.2323
-1.3037
-1.1568
-0.66596
-0.064107
0.57617
1.0672
1.3929
1.4785
1.416
0.99742
0.46828
-0.19407
-0.72296
-1.3589
-0.59768
-0.66686
-0.54322
-0.86012
-1.1596
-1.2709
-1.2879
-1.2558
-1.182
-0.94896
-0.42529
0.2656
0.78276
0.99156
1.0583
1.0823
1.1079
1.1142
1.1276
1.1354
1.0782
0.95598
0.81279
0.78794
0.85094
0.93999
0.96416
0.96129
0.95015
0.94384
0.94417
0.95859
0.97182
0.98474
1.0124
1.0048
0.95357
0.91773
0.98061
1.133
1.3322
1.3472
1.0797
0.81926
0.35877
-0.15443
-0.72658
-1.1229
-1.1975
-1.1197
-1.0387
-1.0204
-1.0345
-1.0678
-1.0878
-1.0842
-1.0591
-1.0182
-1.0688
-1.2156
-1.3181
-1.1131
-0.46328
0.44767
1.3552
1.5774
1.2655
0.06293
-2.0194
0.36789
0.14113
0.10701
-0.65673
-1.1039
-1.265
-1.2821
-1.296
-1.2299
-1.0777
-0.64813
0.063969
0.71528
1.0435
1.1459
1.1913
1.1783
1.1876
1.1924
1.1558
1.0933
0.69296
0.22121
0.15388
0.4869
0.77046
0.89965
0.88049
0.8647
0.93584
1.0542
1.2054
1.3286
1.2805
0.99761
0.75864
0.048415
-0.41973
-0.96136
-1.1984
-1.2073
-1.1375
-1.0679
-1.0647
-1.0667
-1.0579
-1.0205
-1.0117
-1.1007
-1.1898
-1.2662
-1.0796
-0.43166
0.15203
0.59665
0.78365
1.0073
1.202
1.4092
1.4555
1.2211
0.37201
0.84907
0.28627
0.25774
-0.51436
-1.0927
-1.2887
-1.3538
-1.2992
-1.2479
-1.0973
-0.70381
-0.058901
0.6168
0.98933
1.1331
1.1462
1.2444
1.1912
0.98674
0.70029
0.52577
0.51878
0.61213
0.56305
0.56608
0.60798
0.72836
0.85503
0.94663
1.0426
1.1281
1.1764
1.2206
1.2395
1.2672
1.2481
1.2042
1.2238
1.3199
1.4275
1.3899
1.0514
0.59987
0.47491
0.11371
-0.22652
-0.95856
-1.5288
-1.7142
-1.632
-1.5342
-1.4799
-1.4412
-1.4014
-1.4102
-1.337
-1.2493
-1.0755
-0.87567
-0.75732
-0.54926
-0.18873
0.26283
0.63517
0.85462
0.84316
0.67606
0.23181
0.35007
0.54032
0.67703
0.23116
-0.78581
-1.5939
-1.8478
-1.7257
-1.4256
-1.0619
-0.70724
-0.33242
0.11119
0.49668
0.8375
1.1098
1.2361
1.3209
1.2556
1.0769
0.89046
0.81671
0.75431
0.66479
0.44104
0.16823
-0.13681
-0.67237
-0.48247
-0.75044
-0.90085
-1.6467
-2.2686
-2.3457
-1.956
-1.4512
-1.0476
-0.6677
-0.29392
0.10949
0.4577
0.76542
0.99221
1.1777
1.2706
1.3368
1.3164
1.2175
1.064
0.921
0.7998
0.717
0.67474
0.61739
0.6154
0.64776
0.75821
0.89495
1.0171
1.0884
1.0961
1.1259
1.1903
1.1834
1.0772
0.80173
0.28474
-0.22065
-0.95705
-1.5156
-1.8796
-1.9597
-1.7722
-1.5414
-1.3788
-1.2409
-1.1527
-0.99316
-0.87115
-0.82146
-0.74935
-0.67489
-0.47169
-0.16447
0.1447
0.38331
0.58561
0.72605
0.88901
1.0195
1.07
1.1415
1.2654
1.4566
1.5624
1.51
1.125
0.89204
0.61707
0.39249
-0.079361
-0.87128
-1.5702
-2.0178
-2.0599
-1.9016
-1.6552
-1.4392
-1.1641
-0.91918
-0.65932
-0.4807
-0.46685
-0.46925
-0.52084
-0.3885
-0.11704
0.22385
0.52214
0.68836
0.8016
0.91303
1.0534
1.1241
1.1641
1.1594
1.1368
1.1093
1.0836
1.0743
1.052
1.0215
1.0164
1.057
1.1018
1.1176
1.098
1.2339
1.2245
0.85246
0.036759
-0.65618
-1.014
-0.95953
-1.0357
-1.11
-1.1567
-1.0739
-1.0148
-1.0338
-1.0876
-1.0365
-1.012
-1.0709
-1.2009
-1.3844
-1.0072
-0.34476
0.41058
0.88405
0.95065
0.99272
1.0853
1.1981
1.2082
1.0314
0.87286
1.1604
0.8821
0.44943
-0.44218
-1.1095
-1.3657
-1.3063
-1.1624
-1.0951
-1.1651
-1.0077
-0.51206
0.20963
0.71197
0.90494
0.95855
0.96462
0.98361
1.0105
1.0386
1.0913
1.1492
1.3035
1.3023
0.84432
-0.15246
-0.61504
-0.83454
-0.75243
-0.86461
-1.0697
-1.1741
-1.1285
-1.1337
-1.1386
-1.1783
-1.2369
-1.0901
-0.57613
0.13873
0.7121
0.9165
0.96014
0.98855
1.0241
1.0679
1.1094
1.1404
1.1372
1.1238
1.0526
1.0443
0.9549
0.90943
0.85069
0.77916
0.80684
0.82471
0.88225
0.92444
0.91395
0.98652
1.0574
1.1148
1.1393
1.1629
1.2082
0.91507
0.25754
-0.66215
-0.8602
-0.99815
-0.9349
-1.0526
-1.1542
-1.1542
-1.1326
-1.1375
-1.1382
-1.1039
-1.0744
-0.9714
-0.89909
-0.71875
-0.98216
-0.81624
-0.21215
0.33308
0.6869
0.64281
0.69773
0.86424
1.0387
1.2133
1.2538
1.194
0.88777
1.2032
0.76841
0.41111
-0.40673
-1.0454
-1.2981
-1.2588
-1.1579
-1.1248
-1.1784
-1.1767
-0.89577
-0.22263
0.47384
0.95679
1.1149
1.1152
1.1124
1.1347
1.1796
1.1597
0.9525
0.82376
0.7162
0.85419
0.80093
0.74726
0.85634
1.1584
1.5907
1.6432
1.1085
0.13838
0.13009
-0.23646
-0.59336
-1.1416
-1.3649
-1.3101
-1.174
-1.1325
-1.1574
-1.1829
-1.1852
-0.97448
-0.57893
0.14235
0.89629
1.2748
1.0726
0.94016
0.7515
0.57478
0.64015
0.75193
0.88238
0.89578
0.89345
0.91191
0.97084
0.9904
0.98936
1.0037
1.015
1.0176
0.98954
1.0012
1.0127
1.0312
1.0515
1.126
1.2876
1.2909
0.79998
0.37187
-0.34792
-0.78447
-1.1707
-1.2806
-1.2009
-1.1026
-1.0608
-1.1244
-1.1278
-1.0498
-0.8958
-0.71034
-0.80008
-1.0381
-1.3073
-1.5979
-1.1466
-0.61448
0.025388
0.29027
0.61553
0.88559
1.1431
1.2601
1.2572
1.102
1.0361
1.0918
0.75405
0.29818
-0.50592
-1.0598
-1.2631
-1.2396
-1.1419
-1.1116
-1.1801
-1.2203
-0.99094
-0.45388
0.30528
0.90067
1.1372
1.1857
1.2209
1.2972
1.3474
1.1484
0.64257
0
0
0.055681
0.16536
0.44372
0.75583
0.86544
0.89592
0.86912
0.92414
0.99547
1.0874
1.2013
1.2661
1.3433
0.94166
0.88405
-0.010965
-0.35961
-0.77768
-1.0472
-1.1201
-1.1324
-1.1425
-1.1611
-1.193
-1.2073
-1.1447
-0.95432
-0.73337
-0.12216
1.0055
1.4355
0.63646
0.18795
0.56529
1.1278
1.14
0.82612
0.4808
0.4855
0.7347
0.99136
1.2171
1.2407
1.0239
1.1549
1.1171
0.90623
0.23561
-0.69193
-1.242
-1.323
-1.2126
-1.1376
-1.1359
-1.1218
-1.1102
-0.93469
-0.66116
0.12443
0.70778
1.5955
1.5277
1.0037
0.42064
0.27965
0.56607
0.89666
0.97009
0.92427
0.91521
0.90347
0.95051
0.97657
1.0014
0.99245
0.97753
1.0078
1.0917
1.2624
1.4177
1.2485
0.66739
-0.20811
-0.92099
-1.2886
-1.2564
-1.159
-1.1259
-1.1164
-1.1392
-1.0951
-1.0946
-1.0716
-1.0004
-0.89691
-0.98757
-0.98619
-1.2902
-1.3768
-1.1338
-0.44223
0.21388
0.63524
0.74995
0.76257
0.77391
0.81798
0.91884
1.086
1.1795
1.1741
1.1261
1.2506
1.0205
0.60519
-0.22698
-0.88787
-1.184
-1.2449
-1.2106
-1.1706
-1.1631
-1.1549
-1.1022
-0.86162
-0.39752
0.3883
1.1968
1.8815
1.2936
0.5771
-0.039948
-1.5263
-1.6306
-0.96552
-0.067506
0.49007
0.6863
0.83599
0.90703
0.95989
0.96802
0.96967
0.96317
0.95738
0.95576
0.9969
1.0703
1.1396
1.1201
0.99917
0.82536
0.85661
1.0798
1.4772
1.3342
0.68803
-0.095872
-0.81473
-1.1453
-1.2001
-1.1558
-1.0511
-1.0201
-1.0392
-1.0762
-1.0764
-0.98093
-0.91249
-0.98508
-1.1691
-1.4216
-1.327
-0.77065
0.15156
0.97694
1.541
1.2457
0.90056
0.39775
1.2666
1.1512
0.99333
0.22226
-0.57234
-1.0987
-1.3485
-1.3708
-1.2687
-1.1542
-0.98302
-0.68927
-0.1119
0.45903
0.79325
0.93
0.95057
0.96939
0.95929
0.97156
1.0178
1.0609
1.1301
1.1754
1.2603
1.3066
1.0378
0.46091
-0.28067
-1.4687
-1.4753
-0.85718
-0.093218
0.55621
1.0483
1.3496
1.2246
1.3425
0.93648
0.39265
-0.16745
-0.79515
-1.1146
-1.2264
-1.209
-1.1357
-1.099
-1.1127
-1.1428
-1.1525
-1.0519
-0.89809
-0.37478
0.26466
1.0793
1.924
1.8804
0.69004
-0.027955
0
0.59093
0.84897
0.84066
0.85911
0.91226
1.0309
1.0658
1.0173
0.97529
1.0104
1.1189
1.1536
1.2581
1.321
0.81572
0.12351
-0.8039
-1.3006
-1.3166
-1.2344
-1.1914
-1.1641
-1.1277
-1.0818
-1.0644
-1.0415
-0.97608
-0.57483
-0.55117
-0.57865
-0.80503
-1.5553
-1.5719
-1.0618
-0.15935
0.45757
0.68786
0.73053
0.8391
0.91097
0.94019
0.97368
0.98976
1.0104
1.0359
1.0318
0.97457
0.87929
0.85654
0.95875
1.1944
1.4221
1.3286
0.76874
-0.098492
-0.85872
-1.227
-1.1996
-1.1217
-1.0658
-1.0573
-1.0497
-1.0753
-1.0911
-1.0917
-1.0725
-1.0412
-1.1116
-1.0336
-0.70896
-0.01981
0.97485
1.6746
1.5916
0.84875
-0.21151
-1.3603
-1.4302
-0.73716
0.15467
0.96445
1.7211
1.3211
0.77139
-0.14107
-0.75678
-1.0343
-1.1483
-1.1565
-1.1528
-1.1838
-1.2212
-1.2095
-0.97554
-0.425
0.31786
0.90924
1.1594
1.1488
1.1666
1.1643
1.3048
1.3322
1.0018
0.15496
-0.68182
-0.28069
0.6042
0.72348
0.66731
0.7656
0.89836
0.9772
1.0054
0.99616
0.98768
0.97136
0.97362
0.97826
0.97908
0.98263
1.019
1.0745
1.1051
1.0141
0.82682
0.82477
1.1641
1.4726
1.1385
0.48654
-0.34649
-0.814
-1.0715
-1.1466
-1.1313
-1.0969
-1.0704
-1.0681
-1.0617
-1.092
-1.0854
-1.0123
-0.98613
-1.0603
-1.1816
-1.2543
-0.8293
-0.16229
0.77329
1.5604
1.4783
0.72775
-0.11532
-0.75482
-1.0794
-1.3139
-1.4506
-1.3605
-1.0851
-0.45416
0.33925
0.99912
1.4354
1.4414
1.2399
0.93904
0.36877
-0.23697
-0.75038
-1.0422
-1.3563
-1.3727
-1.0667
-0.34301
0.3783
0.86601
1.1107
1.1858
1.2253
1.2968
1.2235
0.84424
-0.056408
-0.71543
-1.1818
-1.1889
-1.1038
-1.1281
-1.1277
-1.0991
-1.1354
-1.2309
-1.2799
-1.2545
-0.97769
-0.41361
0.28861
0.79041
0.97069
1.0143
1.0246
1.041
1.0316
1.0362
1.0318
1.0369
1.0249
1.0208
1.011
1.0138
1.0216
1.0315
1.0402
1.062
1.0542
0.99565
0.9486
0.97024
1.0981
1.1673
1.0907
1.1179
1.1151
0.86735
0.1547
-0.34789
-0.88308
-1.035
-1.1138
-1.1199
-1.0904
-1.0786
-1.0988
-1.1192
-1.1546
-1.1704
-1.1574
-0.97341
-0.5549
0.12018
0.57127
0.77646
0.82485
0.84704
0.94243
1.0897
1.241
1.385
1.3197
0.90983
0.18245
-0.51109
-0.98803
-1.1431
-1.099
-1.1216
-1.0714
-1.0903
-1.0671
-1.0241
-1.0205
-1.1186
-1.2349
-1.2501
-0.99208
-0.4159
0.30959
0.8013
0.96818
0.98765
0.99432
0.99495
1.0155
1.0193
1.0213
1.0282
1.0613
1.1164
1.1393
1.1195
1.0265
1.026
1.001
0.98321
0.85141
0.94567
1.3619
1.2313
0.69125
-0.074659
-0.8731
-1.0673
-0.93099
-0.75815
-0.7852
-0.91424
-1.0908
-1.1086
-1.0834
-1.0967
-1.2193
-1.3176
-1.1793
-0.68687
0.064085
0.91037
1.4593
1.5565
1.4398
0.95005
0.3421
-0.64175
-1.5706
-1.3444
-0.78995
-0.39968
-0.33798
-0.62062
-1.0469
-1.3653
-1.6398
-1.5583
-0.65138
0.14709
0.17024
-0.39462
-0.99239
-1.1519
-1.0852
-0.96659
-0.87458
-0.87692
-1.0249
-1.2224
-1.3135
-1.3406
-1.0804
-0.55462
0.13414
0.74361
1.0765
1.114
1.0884
1.0818
1.0841
1.0816
1.1116
1.1191
1.1745
1.0556
0.93573
0.63802
0.67292
0.78308
0.90723
0.994
1.0613
1.1703
1.3325
1.368
1.4317
0.29077
-0.48004
-0.32696
-0.35999
-0.48377
-0.95476
-1.1874
-1.2
-1.2193
-1.2348
-1.2669
-1.2596
-1.0502
-0.59527
0.11824
0.75597
1.0941
1.1003
1.1124
1.1721
1.2319
1.3212
0.99099
0.66841
0.41883
0.64159
0.86478
0.92561
0.87565
0.87973
0.91229
0.91801
0.90788
0.90353
0.93269
0.99803
1.1003
1.1102
1.0404
1.056
1.1713
1.435
1.0402
0.95777
0.46011
0.028655
-0.52045
-1.1119
-1.2574
-1.1688
-1.1213
-1.1289
-1.1632
-1.1969
-1.1535
-0.95004
-0.48658
0.39199
1.7647
1.3552
0.18242
-1.2423
-1.1415
-0.20093
0.47307
0.72101
0.78864
0.84153
0.87713
0.89134
0.9216
0.958
1.0027
1.0492
1.0736
1.0706
1.0253
0.95305
0.92754
1.2615
1.3198
1.0555
0.20641
-0.61903
-1.0974
-1.1776
-1.1411
-1.1481
-1.1627
-1.1571
-1.1246
-1.0533
-1.0244
-0.8384
-0.72949
0.27952
1.1781
1.7462
1.521
0.52522
0.0091251
-0.44267
-0.84944
-1.1079
-1.1763
-1.235
-1.1919
-1.1596
-1.1105
-1.0377
-0.94099
-0.91383
-0.95764
-1.0802
-0.94129
-0.61392
0.20615
0.72055
0.96202
0.92105
0.9013
0.84309
0.90477
1.0143
1.1593
1.1371
1.0229
0.95101
1.1392
0.78268
0.14377
-0.53071
-0.958
-1.1294
-1.137
-1.1134
-1.0991
-1.1161
-1.1714
-1.2525
-1.2138
-0.86207
-0.064543
1.0655
1.9316
1.5125
0.75709
0.32997
0.48239
0.71048
0.8166
0.98114
1.1489
1.3438
1.3393
0.76233
0.22028
0.81143
1.4532
1.5966
0.71259
-0.55966
-1.588
-1.7236
-1.1595
-0.36428
0.35031
0.86716
0.70477
0.71655
0.68633
0.83427
0.9785
1.0627
1.0245
1.0162
1.1224
1.1846
1.2152
1.1067
0.86454
0.8405
0.79197
0.53979
1.131
1.1884
1.1314
0.4231
-0.4222
-1.003
-1.2812
-1.2767
-1.1804
-1.1178
-1.1099
-1.1507
-1.1839
-1.0976
-0.52537
0.13947
0.7867
0.98933
0.98251
0.97729
0.97516
1.0076
1.0186
1.0475
1.0748
1.1189
1.175
1.1411
0.98156
0.84231
0.75658
0.8187
0.85267
0.87333
0.90129
0.9301
1.1674
1.4126
1.4024
0.60374
-0.33293
-1.3223
-1.1412
-0.72695
-0.69779
-0.90336
-1.09
-1.1281
-1.1181
-1.1772
-1.2241
-1.2811
-1.123
-0.64888
0.036191
0.71378
1.0154
1.0106
1.0103
0.99788
1.0621
1.2471
1.3579
1.31
0.93578
0.43526
0.37848
0.55896
0.73816
0.77374
0.83264
0.97696
1.1178
1.1703
1.1092
0.97976
0.74728
0.99645
1.285
1.4939
0.96266
0.048799
-0.74598
-1.1909
-1.19
-1.1171
-1.0871
-1.0787
-1.1245
-1.145
-1.1758
-1.1733
-1.0537
-0.82958
-0.18609
0.74264
1.2586
0.80354
0.19072
-0.33007
-0.82789
-1.2252
-1.4294
-1.3983
-1.2235
-0.92825
-0.37129
0.23367
0.61787
0.80324
0.86712
0.9364
0.9529
0.93546
0.93321
0.95295
1.0306
1.099
1.0118
0.88263
0.83451
0.92413
1.134
1.4225
1.4081
0.92205
0.073775
-0.74456
-1.1964
-1.1595
-1.0816
-1.0577
-1.088
-1.103
-1.0976
-1.0767
-1.0935
-1.0662
-0.64468
-0.66605
-0.74135
-1.2686
-1.6557
-1.5164
-1.077
-0.36498
0.16403
-0.071333
-0.71441
-0.37273
-0.54788
-0.82051
-0.79181
-0.69563
-0.67995
-0.88451
-1.0756
-1.1649
-1.1083
-0.88121
-0.84092
-0.88059
-1.0918
-1.2664
-1.3344
-1.3661
-1.2029
-0.76932
-0.04383
0.69451
0.92889
0.87704
0.87494
1.0011
1.1972
1.4063
1.318
0.81547
0.11243
-0.61205
-1.1222
-1.3991
-1.5071
-1.4116
-0.9695
-0.29088
0.49739
1.2279
1.4964
1.2666
0.43947
-1.0299
-1.8055
-1.4985
-0.42091
0.3807
0.49055
0.77133
1.0678
1.1305
1.1025
1.0608
1.075
1.1233
1.1317
1.0229
0.88223
0.81626
0.83725
1.228
1.18
0.39232
-0.35266
-1.0545
-1.1568
-1.0445
-0.99434
-1.0257
-1.0473
-1.0983
-1.1559
-1.2005
-1.1484
-1.0366
-1.0056
-0.99209
-0.82883
-0.25344
0.38924
0.7515
0.92662
1.0109
1.0504
1.0778
1.1203
1.1447
1.1023
0.94096
0.95989
1.2531
1.2009
0.7952
-0.26985
-1.0643
-1.4073
-1.4178
-1.2952
-1.1248
-0.72204
-0.1981
0.39255
0.81037
0.94091
0.97078
0.95931
0.97453
1.0571
1.1367
1.2026
1.1669
1.0597
0.89041
0.76099
0.70961
0.73385
0.87816
0.99692
1.0983
1.1501
1.1594
1.1546
1.0254
0.79586
0.6782
0.73135
0.83373
0.97914
1.3897
1.4643
1.1197
0.24139
-0.67164
-1.1482
-1.1303
-1.0743
-1.0577
-1.0872
-1.1256
-1.1802
-1.2009
-1.173
-1.0509
-0.67398
-0.33749
-0.32695
-0.7687
-1.1384
-1.3032
-1.3827
-1.2973
-0.97383
-0.36527
0.25117
0.69193
0.85821
0.92372
0.98151
1.0222
1.0395
1.0107
1.0494
1.1761
1.3753
1.3475
1.1479
0.3259
0.13569
-0.28804
-0.59583
-0.94083
-1.117
-1.1122
-1.0602
-1.0841
-1.1291
-1.1724
-1.1741
-1.1599
-1.112
-0.93524
-0.46628
0.15337
0.77383
1.2099
1.3892
1.4293
1.2642
0.6862
-0.1868
-1.2969
-1.7811
-1.5015
-0.56284
0.27545
0.62957
-0.37608
-1.1065
-0.76262
0
0.52056
0.80287
0.8831
0.97974
1.0328
1.0531
1.0398
1.0554
1.0336
1.0338
1.0418
1.0609
1.0465
1.0258
1.0376
0.98881
0.90824
0.83425
0.85264
0.85432
0.89494
0.9723
1.0299
1.0171
1.0178
1.3479
1.2369
0.71059
-0.17982
-0.92225
-1.1619
-1.0533
-0.97123
-0.99523
-1.0494
-1.0751
-1.0487
-1.0444
-1.0824
-1.0981
-1.2318
-1.2281
-1.1193
-0.64291
0.05314
0.71691
1.2819
1.5278
1.4116
0.82812
0.87388
0.81938
1.7674
1.422
0.25813
-0.21135
-0.42822
-0.64447
-0.98785
-1.1906
-0.96744
-0.75763
-0.82307
-0.91829
-1.1761
-1.2291
-1.2235
-1.1774
-1.0924
-1.0037
-0.99882
-0.84185
-0.54977
0.10684
0.74687
1.3356
1.5768
1.3222
0.68177
-0.31692
-1.1574
-1.7504
-1.2967
-0.62319
0.20471
1.3376
2.2595
1.4148
0.34995
-0.084091
0.55408
2.0801
1.293
0.37073
-0.26445
-0.82836
-1.1744
-1.2646
-1.2361
-1.1513
-1.1216
-1.1737
-1.0916
-0.70265
0.021745
0.67763
1.0463
1.1559
1.1829
1.1236
1.0755
0.98541
0.93459
0.84642
0.79921
0.83297
0.90522
0.94541
0.99548
1.0042
1.0162
1.0037
0.99584
1.0112
0.99789
1.015
1.0119
1.0251
0.98763
0.9887
0.97609
0.98689
1.0337
1.0629
1.0331
0.96955
0.92252
0.89205
0.85809
1.0116
1.3924
1.3425
0.75548
-0.16857
-0.91703
-1.1689
-1.101
-1.0666
-1.0684
-1.076
-1.0825
-1.053
-1.0348
-0.95596
-0.88864
-0.93009
-1.0125
-1.1517
-1.2696
-1.3203
-1.2441
-0.93803
-0.34008
0.21567
0.50595
0.66542
0.74029
0.84173
0.96612
1.1016
1.2328
1.3669
1.4275
1.2282
0.67302
-0.12335
-0.80298
-1.0926
-1.1138
-1.0914
-1.1049
-1.105
-1.1162
-1.1286
-1.1563
-1.1627
-1.1633
-1.1578
-1.105
-0.87882
-0.42683
0.29744
0.82415
1.1786
1.3523
1.4868
1.1439
0.50709
-0.45545
-1.4819
-1.8221
-1.3222
-0.57411
0.36521
1.5494
0.80582
0.34334
0.34774
0.58554
0.8368
0.94484
1.0304
1.1352
1.3022
1.2406
0.85314
0.17501
-0.39102
-1.1316
-1.5277
-1.2328
-0.59773
0.26533
1.0438
1.575
1.6043
1.291
0.77438
0.15471
-0.47882
-0.80549
-0.89126
-0.9733
-1.0267
-1.1126
-1.1614
-1.1739
-1.1902
-1.1796
-1.1741
-0.95558
-0.51419
0.16246
0.68811
0.89502
0.92524
0.94959
0.95002
0.9586
0.98433
0.98291
1.0025
0.96549
0.94986
0.96325
0.97249
0.99304
0.94879
1.3977
1.3521
0.91475
0.086132
-0.82805
-1.2371
-1.1872
-1.095
-1.0621
-1.0774
-1.1109
-1.129
-1.1397
-1.1268
-1.0971
-1.0255
-0.91759
-0.66392
-0.442
-0.38639
-0.457
-0.78529
-1.2492
-1.6782
-1.2389
-0.36526
0.84592
1.9014
1.4738
0.74014
0.09458
0.35544
0.69506
0.80108
0.86368
0.87743
0.92994
0.98963
1.0634
1.1326
1.1406
1.0812
0.96353
0.8353
0.76135
0.72298
0.72564
0.78013
0.93531
1.1016
1.1993
1.1943
1.2514
1.2304
0.8026
0.15778
-0.63917
-1.0477
-1.0805
-1.0851
-1.0962
-1.0984
-1.0735
-1.0473
-1.005
-0.96242
-1.0406
-1.1598
-1.3469
-1.0877
-0.3855
0.47906
1.0294
1.13
1.2256
1.4587
1.5666
0.73701
-0.10486
-1.3156
-0.14382
0.85057
1.0147
1.3119
1.5879
1.1064
0.24236
-0.90484
-1.2886
-0.42334
-0.41683
-0.55594
-0.92364
-1.1685
-1.2351
-1.2441
-1.2365
-1.1784
-1.1287
-1.069
-1.0431
-1.0714
-1.106
-1.0137
-0.44774
0.26232
1.2802
1.5871
1.3323
0.48532
-0.37091
-1.3515
-1.5931
-1.1054
-0.31299
0.45128
0.78722
0.91605
0.94984
0.97924
0.96754
0.98703
1.0023
1.0181
1.0224
1.0135
0.99609
0.98357
1.0065
1.0426
1.1152
1.184
1.2883
1.2627
0.93561
0.32278
0.14069
0.36005
0.67947
1.0003
1.2023
1.2844
1.2228
1.2635
0.97027
0.39469
-0.30659
-0.95351
-1.123
-1.128
-1.1027
-1.0994
-1.0994
-1.1115
-1.0893
-1.0342
-0.95732
-0.8761
-0.8998
-0.91079
-1.0495
-1.2573
-1.4189
-1.0488
-0.21069
0.53557
0.93558
1.0119
1.2071
1.5345
1.6191
0.74236
0.14959
-1.7787
-0.70623
0.50332
0.26414
1.2725
1.4895
0.53132
-0.2898
-0.77194
-0.98848
-0.61953
-0.76422
-0.89564
-1.133
-1.2752
-1.2391
-1.1454
-1.0914
-1.0231
-0.99995
-1.0498
-1.0491
-0.79198
-0.17019
0.42802
0.81491
0.95086
0.99593
0.9973
0.99562
0.99641
1.0027
1.0167
1.0219
1.0241
1.0235
1.0211
1.0248
1.0346
1.0678
1.0542
1.0279
0.99342
0.99001
0.99732
1.072
1.1974
1.3019
1.2265
0.82151
0.13473
-0.20774
-0.64278
-1.1089
-1.5959
-1.6579
-1.0911
-0.088569
0.91443
1.6873
1.241
0.60924
-0.11931
-0.78042
-1.1764
-1.25
-1.2095
-1.1003
-1.0023
-0.89092
-0.9086
-0.96317
-1.0933
-1.2429
-1.287
-1.2757
-1.0457
-0.58896
0.090245
0.74444
1.0425
1.0118
0.92233
0.90214
0.99313
1.0977
1.1582
1.1034
0.97861
0.85945
0.82284
0.81487
0.76851
1.4758
1.5313
1.2724
0.26869
-0.76945
-1.4002
-1.3154
-1.1834
-1.1083
-0.97443
-0.84627
-0.83734
-0.96882
-1.1324
-1.2627
-1.2224
-1.2731
-0.85737
-0.24275
0.43502
0.77739
0.80641
0.80234
0.84378
0.95976
1.11
1.2341
1.3293
1.2919
1.1005
0.55567
-0.27482
-0.97479
-1.5634
-1.5936
-1.1126
-0.1955
1.101
1.5916
0.74125
-0.11744
-0.54695
-0.90518
-1.0029
-1.0878
-1.1097
-1.1403
-1.1791
-1.2108
-1.2516
-1.0991
-0.57307
0.29521
1.5496
1.9114
1.3166
0.29302
-0.40081
-0.14179
0.33968
0.72189
0.88324
0.90325
0.93575
0.9504
0.97622
1.0068
1.0066
1.0027
0.99506
1.0159
1.0516
1.1071
1.2039
1.2797
1.2625
0.92138
0.22519
-0.64433
-1.308
-1.3818
-1.2235
-1.0406
-0.89533
-0.9287
-0.98213
-0.98946
-0.75299
-0.54465
-0.59468
-0.97066
-1.3942
-1.4984
-1.0414
0.02916
0.99614
1.955
1.578
0.65894
-0.083035
-0.65914
-0.95402
-0.99111
-0.97513
-0.98388
-1.0065
-1.0866
-1.1726
-1.2297
-1.2865
-1.1992
-0.74612
0.01624
0.7894
1.1314
1.0725
1.0241
1.0272
1.0467
1.0228
0.98329
0.95985
0.97093
0.9908
0.98654
1.0478
1.3892
1.3786
1.0555
0.20304
-0.79304
-1.1869
-1.0995
-0.9917
-0.96248
-1.1023
-1.3726
-1.4381
-1.2668
-0.2898
0.11274
-0.17306
-0.83388
-1.3067
-1.4863
-1.3949
-1.0482
-0.81068
-0.6095
-0.73741
-0.98334
-1.227
-1.3762
-1.3281
-0.89934
-0.21241
0.33505
0.67132
0.91177
1.0396
1.0926
1.0758
1.0525
1.0543
1.0731
1.0694
1.0495
1.0368
1.0417
1.0408
1.0502
1.065
1.0618
1.0121
0.94394
0.86828
0.88072
0.94072
1.0794
1.2047
1.5026
1.3791
0.63896
-0.085808
-0.9675
-1.216
-1.1495
-1.1218
-1.0673
-0.98799
-1.0002
-1.0438
-1.0834
-1.0801
-1.1211
-1.1736
-1.267
-1.0354
-0.468
0.2299
0.70793
0.99816
1.052
1.0925
1.0272
0.96826
0.95328
0.98285
1.0671
1.1526
1.2223
1.3093
1.144
0.62829
-0.17972
-1.0342
-1.523
-1.5864
-1.3459
-0.80556
-0.20376
-0.31944
-0.85946
-1.322
-1.2576
-1.3605
-1.3239
-0.81477
-0.02063
2.0063
1.479
0.48817
0.13191
1.1767
0.76283
0.6509
-0.13951
-0.63786
-1.0424
-1.2013
-1.1834
-1.1295
-1.1329
-1.1864
-1.2095
-1.1364
-0.84947
-0.24153
0.43246
0.91199
1.0281
1.0414
1.0215
1
0.9951
1.0231
1.045
1.0301
1.028
1.0177
1.006
1.0216
1.0531
1.0563
1.0467
1.0662
1.0925
1.0767
1.039
1.0246
1.1453
1.2835
0.95935
0.30968
-0.49031
-1.0073
-0.97799
-0.29493
0.46419
1.1936
1.8355
1.5266
0.72471
-0.08617
-0.7781
-0.92691
-0.95056
-1.0863
-1.1287
-1.0572
-0.94839
-0.91313
-0.95422
-1.0322
-1.076
-1.0475
-1.0145
-1.0538
-1.1711
-1.3361
-1.3004
-1.0576
-0.033835
1.1013
1.5469
0.70296
0.21709
0.74193
1.4603
1.6869
1.3638
0.37746
-0.87608
-1.8691
-0.66855
0.3378
0.43995
0.62146
0.82962
1.0591
1.4148
1.4902
1.1107
0.21198
-0.38028
-0.79114
-0.91083
-1.0707
-1.2573
-1.3302
-1.3029
-1.1889
-0.85841
-0.27961
0.58938
1.3332
1.4567
1.2434
0.907
0.65992
0.55944
0.62247
0.68704
0.78171
0.92805
1.1145
1.2595
1.3653
1.3314
0.9993
0.38484
-0.52282
-1.2491
-1.5632
-1.2067
-0.51033
0.44455
1.6507
1.6838
0.97227
-0.0968
-1.187
-1.8112
-1.5326
-1.1228
-0.51459
-0.268
-0.51093
-0.63042
-1.0732
-1.4925
-1.0788
-0.52914
0.25606
1.4424
1.3078
0.61724
-0.27302
-0.87916
-1.0826
-1.1494
-1.1774
-1.2313
-1.2441
-1.1907
-1.0814
-0.84258
-0.4724
-0.28043
-0.89374
-0.84323
-0.16606
0.42247
0.78403
0.95216
0.99539
1.0184
0.99865
0.99393
0.99796
1.0269
1.0552
1.0354
1.0217
1.0044
1.0075
0.9706
0.94241
0.93076
0.95384
1.0255
1.0895
1.1104
0.99786
1.0998
1.2921
1.3172
1.0896
0.15237
-0.58779
-0.92009
-0.96577
-1.0169
-1.0658
-1.1393
-1.1837
-1.2154
-1.2369
-1.0982
-0.79883
-0.41617
-0.46122
-0.87113
-1.2788
-1.408
-1.0271
-0.3565
0.42184
0.94601
1.1738
1.1968
1.2374
1.2593
1.2549
1.0488
0.74587
0.50771
-0.43802
-1.8101
-2.145
-0.57506
0.47265
0.48277
-0.41562
-0.61371
-0.38703
-0.58127
-0.68557
-0.74006
-0.76585
-0.85439
-0.94608
-1.0167
-1.1285
-1.2536
-1.4312
-1.3373
-0.87957
-0.13068
0.77287
1.2621
1.1385
1.3545
0.74416
0.19635
-0.11517
-0.61615
-0.79115
-0.97519
-1.0748
-1.1453
-1.2204
-1.2036
-1.0684
-0.88799
-0.85108
-0.95919
-1.119
-1.2242
-1.2667
-1.2473
-1.0034
-0.4607
0.20714
0.74447
0.92135
0.96002
0.98765
0.99043
0.99097
0.99566
0.99934
1.0107
1.0101
1.0191
1.0325
1.0386
1.0584
1.0392
0.9358
0.83666
1.0001
1.2495
1.5184
1.2373
0.98146
0.62009
0.75134
0.57587
-0.19208
-0.77001
-1.0487
-1.1728
-1.2485
-1.2722
-1.2551
-1.2297
-1.1575
-0.85596
-0.089409
1.0813
1.5163
0.75069
-0.072109
-0.81688
-1.3423
-1.6413
-1.3887
-0.73943
0.064275
0.64795
0.89291
0.95164
0.98604
0.99615
1.0215
1.0435
1.0488
1.0416
1.0339
1.0367
1.0502
1.0514
1.0593
1.055
1.0642
1.0723
1.0835
1.0779
1.0815
1.0611
1.0957
1.1277
1.1693
1.0538
0.54858
-0.1549
-0.62018
-0.73644
-0.94951
-0.93393
-0.95034
-0.96211
-0.98611
-0.9896
-0.98118
-0.98402
-1.0211
-0.99895
-1.021
-1.0244
-1.0641
-1.0722
-1.1624
-1.2356
-1.2048
-0.91351
-0.17977
0.35302
0.51607
0.54109
0.81448
1.2948
1.63
1.4046
0.60357
-0.34071
-1.0107
-1.0699
-0.91327
-0.86792
-0.88112
-0.93467
-1.0642
-1.1903
-1.2447
-1.2171
-1.125
-1.0437
-0.99428
-0.98921
-0.96079
-0.60972
-0.34327
-0.090006
0.63143
1.1694
1.9716
1.7225
0.54329
0.12531
-0.10708
-0.28514
0.21304
0.83962
1.3854
1.6701
1.3586
0.28166
-0.48661
-1.231
-1.2778
-1.2391
-1.4004
-1.3086
-0.85593
-0.29367
0.29021
-0.071552
-0.20463
-0.56818
-0.82185
-0.93956
-1.0244
-1.0692
-1.1519
-1.1913
-1.1557
-1.0787
-0.99257
-0.93486
-0.98424
-1.0797
-1.2036
-1.2548
-1.2043
-0.95836
-0.49426
0.2044
0.74163
1.0223
1.0731
1.0871
1.1489
1.1328
1.2075
1.278
1.169
0.78664
-0.1146
-0.9733
-1.0514
-1.1657
-0.99291
-1.2378
-1.5897
-1.1252
-0.30599
-0.027482
-0.25304
-0.63291
-0.76217
-0.70078
-0.88124
-1.1403
-1.0718
-1.0015
-0.91098
-0.96846
-1.121
-1.0679
-0.95854
-0.96345
-1.0245
-1.0497
-1.0142
-1.0054
-1.047
-1.0688
-1.1097
-1.1405
-1.1859
-1.1865
-1.1203
-1.0546
-1.0841
-1.0788
-1.1888
-1.2813
-0.86035
-0.32908
-0.2321
-0.69248
-1.1624
-1.3685
-1.3443
-1.2999
-1.123
-0.79995
-0.15687
0.73099
1.4437
1.4975
1.2008
0.46612
-0.43524
-1.3519
-1.9168
-1.5308
-0.75061
0.12921
0.59563
0.43907
0.47251
0.45376
0.38994
0.61308
0.90998
1.2007
1.5107
1.4437
1.0821
0.44564
-0.3997
-0.96572
-1.1709
-1.2405
-1.2237
-1.2125
-1.229
-1.097
-0.65967
0.21973
1.2003
1.2183
0.67167
1.0808
