0.86723
0.73138
0.58724
0.51531
0.46742
0.43961
0.44404
0.44444
0.45293
0.39666
0.32004
0.044603
-0.58847
-1.6654
-2.663
-3.1414
-2.9813
-2.56
-2.2358
-2.1194
-1.9414
-1.7713
-1.5804
-1.426
-1.2673
-1.1412
-0.92851
-0.6538
-0.34159
-0.016476
0.29682
0.54464
0.7681
0.95474
1.0921
1.213
1.3177
1.4017
1.4485
1.4705
1.4551
1.423
1.3742
1.317
1.2514
1.1856
0.98603
0.66486
0.23854
-0.16334
-0.38983
-0.41112
-0.42405
-0.56305
-0.79478
-1.0269
-1.0825
-1.0159
-0.92809
-0.8486
-0.73941
-0.54548
-0.33431
-0.11011
0.14411
0.34782
0.47119
0.43756
0.22107
-0.085093
-0.40024
-0.55394
-0.55436
-0.44809
-0.32884
-0.26071
-0.25662
-0.26109
-0.1542
0.038578
0.31314
0.56664
0.7174
0.73082
0.61519
0.45634
0.31019
0.14658
-0.021571
-0.18564
-0.3413
-0.47124
-0.60135
-0.73598
-0.94443
-1.2182
-1.5444
-1.7929
-1.9548
-2.0778
-2.3315
-2.6682
-2.805
-2.6979
-2.4205
-2.038
-1.5677
-1.1012
-0.62965
-0.20564
0.18826
0.56513
0.91179
1.2238
1.444
1.5591
1.5996
1.6225
1.6147
1.6333
1.6167
1.6176
1.5877
1.5666
1.5366
1.5065
1.4367
1.3667
1.2657
1.1779
1.0368
0.80682
0.48347
0.48374
0.066606
-0.51092
-1.2935
-2.0948
-2.6878
-2.8584
-2.7128
-2.487
-2.3143
-2.1638
-2.0444
-1.9114
-1.8007
-1.6988
-1.6191
-1.5259
-1.3968
-1.1332
-0.76182
-0.36315
-0.026913
0.19745
0.37264
0.52552
0.65159
0.78225
0.82758
0.78294
0.69775
0.58997
0.51813
0.42369
0.23899
-0.0045111
-0.33847
-0.51469
-0.65491
-0.65969
-0.78199
-0.85917
-0.9364
-0.84625
-0.6338
-0.43024
-0.29448
-0.38976
-0.52138
-0.67576
-0.91192
-1.0665
-1.1214
-0.90377
-0.44522
0.068169
0.50461
0.83219
1.0735
1.1922
1.1698
1.0654
0.92
0.80637
0.70179
0.59259
0.47421
0.25997
0.013686
-0.12777
-0.10955
0.03196
0.20551
0.27865
0.26501
0.091405
-0.091426
-0.22405
-0.21038
-0.054893
0.082357
0.1556
0.16021
0.1465
0.11906
0.05954
-0.0091618
-0.13287
-0.38493
-0.77
-1.3523
-1.889
-2.3891
-2.6463
-2.6926
-2.5278
-2.1795
-1.7438
-1.1887
-0.59214
0.101
0.79889
1.4373
1.8553
2.03
2.0257
1.9661
1.902
1.8286
1.7323
1.5119
1.319
1.0617
0.76758
0.51481
0.20226
0.013791
-0.022986
0.24826
0.70803
1.0897
1.2092
1.0529
0.76787
0.40463
-0.13794
-0.81387
-1.4116
-1.7151
-1.7795
-1.6001
-1.361
-1.0391
-0.74942
-0.62986
-0.67121
-0.83668
-0.97455
-0.94232
-0.81357
-0.58371
-0.32171
-0.096506
0.091904
0.17001
0.28485
0.42724
0.67066
0.91863
1.1528
1.3225
1.4372
1.4875
1.3772
1.198
1.028
1.0004
1.2296
1.5552
1.8164
1.9491
1.9304
1.7467
1.3843
0.88453
0.2337
-0.5177
-1.2001
-1.7495
-2.0055
-2.1013
-2.1283
-2.2194
-2.2235
-2.1727
-2.0625
-1.998
-1.9335
-1.8097
-1.526
-1.1465
-0.89505
-0.77613
-0.70746
-0.48825
-0.13686
0.33749
0.76598
1.1578
1.4354
1.6263
1.7625
1.8303
1.8798
1.861
1.7376
1.4824
1.1001
0.69075
0.21806
-0.1862
-0.48577
-0.59907
-0.52174
-0.42178
-0.41257
-0.51666
-0.74752
-0.94199
-1.0594
-0.90962
-0.56547
-0.058787
0.39327
0.77267
1.1021
1.3997
1.6383
1.8316
1.9301
1.9969
2.0006
1.9817
1.9359
1.845
1.7363
1.5827
1.4202
1.2982
1.2438
1.1939
1.0812
0.83404
0.49302
0.10304
-0.23285
-0.48785
-0.75603
-1.1715
-1.9218
-3.0063
-3.7862
-4.2216
-3.8359
-3.1876
-2.522
-2.0175
-1.5891
-1.2101
-0.91601
-0.6222
-0.31538
0.053275
0.39935
0.70957
0.9574
1.1385
1.2751
1.3231
1.3401
1.3481
1.343
1.3245
1.2752
1.1819
1.0534
0.87659
0.66476
0.32998
-0.20667
-0.77345
-1.3132
-1.7338
-1.974
-2.078
-2.0198
-1.8303
-1.5753
-1.3382
-1.1494
-0.99148
-0.82935
-0.64561
-0.3444
0.03921
0.45716
0.83976
1.1392
1.2819
1.3505
1.3106
1.2924
1.2872
1.269
1.2465
1.2197
1.2016
1.136
1.0317
0.89723
0.71126
0.55569
0.42617
0.39146
0.41268
0.5026
0.58381
0.56624
0.35151
-0.077106
-0.77907
-1.4672
-2.133
-2.4091
-2.5268
-2.3971
-2.2376
-2.0699
-1.83
-1.463
-1.0752
-0.64547
-0.27582
0.084805
0.35591
0.54194
0.66422
0.68909
0.69702
0.72182
0.77189
0.87245
0.98129
1.1152
1.2573
1.3698
1.4065
1.418
1.3582
1.3488
1.2055
0.87829
0.23821
-0.50527
-1.21
-1.626
-1.7622
-1.7233
-1.776
-1.8286
-1.8978
-1.751
-1.4884
-1.1061
-0.683
-0.28539
0.082654
0.38816
0.68904
0.93996
1.1575
1.3006
1.3859
1.4136
1.3796
1.3538
1.2994
1.2615
1.2482
1.2512
1.2379
1.2369
1.2195
1.1615
1.0709
0.93983
0.79677
0.658
0.56817
0.46632
0.35653
0.14978
-0.16583
-0.67489
-1.171
-1.5896
-2.0437
-2.4206
-2.7244
-2.8225
-2.6836
-2.601
-2.4424
-2.1558
-1.7416
-1.3161
-0.9792
-0.71879
-0.49873
-0.2352
0.075677
0.39
0.69185
0.93756
1.1273
1.2017
1.1729
1.0214
0.75551
0.45845
0.15005
-0.27222
-0.68588
-1.1146
-1.2946
-1.2542
-1.0056
-0.73393
-0.49409
-0.22332
-0.039145
0.12515
0.27744
0.44508
0.60073
0.70933
0.76323
0.80147
0.85908
0.87386
0.84205
0.81805
0.80572
0.82823
0.88938
0.93496
0.938
0.85233
0.6358
0.25025
-0.32311
-0.96849
-1.6166
-2.064
-2.2577
-2.2634
-2.1466
-2.0033
-1.8029
-1.538
-1.1935
-0.73528
-0.26264
0.14071
0.45977
0.65678
0.81552
0.93987
1.0451
1.1463
1.2171
1.2614
1.2792
1.278
1.2882
1.2758
1.271
1.221
1.1787
1.1401
1.1092
1.0783
1.0474
1.039
0.99704
0.94767
0.87976
0.80451
0.74055
0.68414
0.63154
0.61615
0.6045
0.62621
0.62938
0.59185
0.46198
0.2548
-0.23244
-0.96215
-1.849
-2.6865
-3.0924
-3.1852
-2.9623
-2.7067
-2.4846
-2.2774
-2.0926
-1.8751
-1.5704
-1.2662
-0.91151
-0.55373
-0.22204
0.036369
0.20713
0.32314
0.40268
0.47847
0.51429
0.49577
0.41581
0.23844
-0.010829
-0.21641
-0.44687
-0.52572
-0.6728
-0.68663
-0.64656
-0.47734
-0.23668
-0.035832
0.16111
0.31481
0.46111
0.56431
0.6495
0.7203
0.80879
0.90427
1.0245
1.1125
1.1827
1.2101
1.1772
1.1054
0.95234
0.76056
0.45951
-0.014128
-0.69524
-1.5516
-2.1706
-2.4118
-2.2797
-2.0319
-1.8512
-1.6672
-1.5292
-1.3878
-1.2572
-1.1897
-1.1224
-1.0726
-0.93563
-0.71515
-0.3695
-0.027866
0.25757
0.47996
0.61862
0.73623
0.81897
0.89465
0.96675
1.063
1.1695
1.179
1.1366
1.0426
0.97629
0.93077
0.80608
0.5783
0.17543
-0.40561
-1.2949
-2.1693
-2.8503
-2.9854
-2.7401
-2.4232
-2.0693
-1.7294
-1.3491
-0.96249
-0.61734
-0.31357
-0.054496
0.18039
0.35033
0.49625
0.64876
0.8384
1.021
1.1728
1.2534
1.3033
1.3566
1.3895
1.3547
1.2728
1.1438
1.0115
0.87945
0.73408
0.50141
0.15133
-0.32936
-1.0412
-1.7454
-2.291
-2.541
-2.4724
-2.3369
-2.1949
-2.0464
-1.8179
-1.5329
-1.2716
-1.044
-0.90671
-0.80288
-0.75245
-0.64552
-0.42565
-0.11632
0.22918
0.50456
0.67013
0.75594
0.81846
0.89415
1.0095
1.128
1.2298
1.3018
1.2944
1.2112
1.0654
0.956
0.94887
0.99444
1.0334
0.99005
0.85144
0.5027
-0.055825
-0.92882
-1.8304
-2.5933
-2.9262
-2.7576
-2.2259
-1.554
-0.96789
-0.46082
-0.039198
0.33628
0.61674
0.80886
0.91928
0.9905
1.0584
1.11
1.1582
1.1902
1.1766
1.1305
1.0845
1.0288
0.96995
0.93706
0.92366
0.98154
0.95518
0.78321
0.53053
0.10024
-0.34259
-0.8884
-1.3659
-1.6881
-1.8454
-1.8478
-1.7439
-1.6303
-1.4235
-1.1493
-0.78839
-0.39885
-0.057874
0.2314
0.4851
0.69042
0.87953
1.0172
1.1418
1.1574
1.1473
1.1213
1.1112
1.1268
1.1488
1.1739
1.1831
1.2018
1.2142
1.2233
1.2229
1.2097
1.1837
1.1386
1.135
1.1155
1.0578
0.97144
0.80555
0.4106
-0.18455
-0.88109
-1.5231
-1.8882
-2.1132
-2.1125
-2.0039
-1.8414
-1.6536
-1.4627
-1.2719
-1.0654
-0.82104
-0.59263
-0.38652
-0.17737
0.022165
0.22159
0.3671
0.47774
0.5472
0.61346
0.6702
0.73008
0.71725
0.65705
0.52425
0.26837
-0.022096
-0.41341
-0.8077
-1.1923
-1.4065
-1.3589
-1.1537
-0.87612
-0.62386
-0.36542
-0.11653
0.072423
0.23297
0.35568
0.48778
0.63241
0.7361
0.80516
0.79558
0.79543
0.79215
0.84858
0.91128
0.97082
1.0241
1.0679
1.1148
1.1115
1.0548
0.99816
0.96035
0.91942
0.82831
0.45174
-0.1286
-1.0256
-1.9787
-2.6965
-3.0097
-2.8714
-2.4574
-1.9901
-1.5982
-1.2471
-0.95873
-0.70488
-0.48867
-0.26311
-0.018792
0.26619
0.52295
0.75461
0.90484
0.98931
1.0393
1.0455
1.0736
1.1393
1.2018
1.208
1.1329
1.0045
0.83549
0.49439
-0.025032
-0.70712
-1.4173
-2.0055
-2.2776
-2.2338
-1.874
-1.3671
-0.87909
-0.5068
-0.26591
-0.12514
0.021899
0.17206
0.33162
0.48179
0.6132
0.70707
0.76653
0.826
0.86983
0.94495
1.0044
1.0483
1.0202
0.98266
0.94515
0.95772
0.94212
0.84827
0.5885
0.16905
-0.35378
-0.98
-1.5437
-2.0354
-2.2955
-2.3302
-2.227
-2.0142
-1.7262
-1.3504
-0.9745
-0.62048
-0.33221
-0.1003
0.11599
0.28843
0.46406
0.63345
0.80289
0.92219
1.0321
1.0636
1.0983
1.1298
1.199
1.2369
1.2371
1.2059
1.0804
0.87012
0.49954
0.031423
-0.49971
-1.1127
-1.5877
-1.8835
-1.8902
-1.7458
-1.529
-1.3248
-1.089
-0.83422
-0.58565
-0.37161
-0.18585
0.0063012
0.20168
0.42866
0.6053
0.76941
0.89574
0.98427
1.0476
1.0826
1.1081
1.1652
1.2034
1.2353
1.2198
1.2359
1.2235
1.2049
1.1736
1.1043
0.88934
0.48436
-0.050666
-0.68418
-1.3117
-1.7368
-2.086
-2.1183
-2.0174
-1.8498
-1.6567
-1.416
-1.156
-0.91807
-0.67685
-0.44183
-0.21622
-0.031807
0.11454
0.2387
0.34703
0.45224
0.5384
0.59913
0.6599
0.68245
0.72735
0.75632
0.76616
0.75365
0.75392
0.78614
0.84716
0.90503
0.93735
0.9505
0.95725
0.9544
0.95796
0.92948
0.88174
0.80509
0.53266
0.070621
-0.52023
-1.0858
-1.6294
-1.9612
-2.2322
-2.3135
-2.2726
-2.1866
-2.0167
-1.7662
-1.5154
-1.258
-1.0262
-0.79742
-0.55876
-0.33281
-0.10021
0.14553
0.37531
0.615
0.83871
0.99459
1.021
0.93712
0.74939
0.52578
0.40588
0.20141
-0.026001
-0.54952
-1.0573
-1.4678
-1.6118
-1.5311
-1.3331
-1.0043
-0.58071
-0.13056
0.29391
0.65344
0.93162
1.1185
1.2172
1.2178
1.1464
1.0224
0.84262
0.67247
0.54153
0.50897
0.53552
0.60154
0.66105
0.71076
0.76381
0.80044
0.84042
0.89033
0.94359
0.99361
1.0635
1.1236
1.1705
1.2009
1.2379
1.2486
1.2095
1.0444
0.68337
0.049788
-0.95979
-2.12
-2.8859
-3.177
-2.9624
-2.5678
-2.1327
-1.7572
-1.4112
-1.1817
-0.99201
-0.77535
-0.52501
-0.26768
-0.10713
-0.033499
0.030167
0.12409
0.27183
0.41638
0.52751
0.57489
0.56178
0.515
0.42437
0.27972
0
-0.44202
-1.0669
-1.6284
-1.9708
-1.9687
-1.6483
-1.1684
-0.66084
-0.21364
0.14591
0.41423
0.64212
0.82611
0.96611
1.0008
0.96053
0.83503
0.67187
0.53579
0.3893
0.29045
0.24961
0.29083
0.39716
0.52075
0.60337
0.66895
0.7758
0.89998
1.0071
1.0353
0.888
0.52695
-0.041357
-0.78976
-1.6461
-2.224
-2.5849
-2.5693
-2.3669
-2.1018
-1.833
-1.4806
-1.1346
-0.809
-0.55939
-0.38245
-0.17744
0.02089
0.2613
0.50204
0.67334
0.78203
0.84197
0.94393
1.0635
1.1693
1.1211
0.95007
0.67709
0.27383
-0.31618
-1.009
-1.7168
-2.1828
-2.2935
-2.1012
-1.7076
-1.2498
-0.7278
-0.23688
0.21582
0.59481
0.86805
1.0637
1.146
1.225
1.1654
1.0134
0.82197
0.6908
0.66279
0.67753
0.63877
0.6178
0.62897
0.70095
0.79092
0.8488
0.92468
0.99349
1.0337
1.0775
1.1071
1.1475
1.1555
1.1563
1.204
1.2879
1.3755
1.3259
1.0485
0.45587
-0.40552
-1.4602
-2.5346
-3.1097
-3.2355
-2.9181
-2.4765
-2.078
-1.7081
-1.374
-1.1051
-0.94534
-0.73418
-0.53733
-0.26704
-0.029286
0.10257
0.2383
0.3999
0.57642
0.74953
0.842
0.86102
0.83588
0.74437
0.67116
0.49821
0.18835
-0.31045
-0.95053
-1.5767
-1.9483
-1.9757
-1.6952
-1.2399
-0.73183
-0.28626
0.089289
0.42071
0.70791
0.97688
1.1716
1.3069
1.2967
1.1518
0.9393
0.77895
0.65585
0.55131
0.37907
0.21409
0.0037587
-0.36862
-0.92974
-1.6838
-2.3937
-3.0028
-3.2353
-3.0903
-2.6388
-1.9976
-1.3895
-0.79944
-0.22749
0.31113
0.7708
1.1741
1.464
1.6667
1.744
1.7529
1.6703
1.5188
1.3175
1.1312
0.96374
0.83813
0.75064
0.65536
0.60597
0.60256
0.6606
0.75331
0.82307
0.88139
0.95519
1.0291
1.1301
1.1077
0.83428
0.23191
-0.48734
-1.2695
-2.0605
-2.6162
-3.0059
-3.0041
-2.7887
-2.468
-2.1197
-1.7008
-1.3008
-0.89248
-0.6045
-0.40587
-0.2226
-0.03908
0.21117
0.46959
0.6892
0.81897
0.90187
0.95348
1.0169
1.1041
1.1834
1.2865
1.4015
1.5364
1.5808
1.5582
1.3381
0.98747
0.39525
-0.37177
-1.306
-2.1345
-2.6313
-2.7559
-2.4442
-2.009
-1.5733
-1.2205
-0.88312
-0.5931
-0.31466
-0.095654
0.035893
0.13967
0.20365
0.33563
0.51175
0.7161
0.88067
0.96532
1.026
1.1029
1.2239
1.305
1.3821
1.407
1.42
1.4208
1.4136
1.4104
1.379
1.3354
1.3039
1.3249
1.3418
1.2698
1.0642
0.87047
0.78185
0.64448
0.12573
-0.83594
-2.1844
-3.2338
-3.9226
-3.9736
-3.6421
-3.1433
-2.6276
-2.14
-1.717
-1.2854
-0.99211
-0.81291
-0.64168
-0.51117
-0.18003
0.15556
0.41778
0.6106
0.70522
0.87788
1.0795
1.2484
1.3189
1.2332
0.99529
0.60488
0.078221
-0.54782
-1.2363
-1.744
-2.0584
-2.0511
-1.7879
-1.3467
-0.83487
-0.32666
0.10342
0.47183
0.78261
1.0647
1.3429
1.5798
1.7672
1.8427
1.7979
1.6741
1.4379
1.2182
1.0024
0.70327
0.27893
-0.28322
-1.0167
-1.8675
-2.8733
-3.663
-3.9942
-3.7954
-3.35
-2.712
-1.9941
-1.217
-0.50624
0.10045
0.582
0.97178
1.299
1.5845
1.799
1.9591
2.0605
2.0781
1.9906
1.8233
1.5844
1.2907
1.0598
0.82039
0.66495
0.5473
0.47589
0.47184
0.49728
0.5944
0.70423
0.78883
0.91567
1.0088
1.0936
1.0517
0.94215
0.86214
0.67216
0.19452
-0.93481
-2.471
-3.9868
-4.805
-4.7513
-4.1596
-3.3345
-2.6234
-2.0094
-1.4587
-0.9628
-0.55153
-0.18247
0.10187
0.30993
0.38645
0.42477
0.47585
0.60345
0.79486
0.89282
0.94404
0.97402
1.0678
1.1999
1.2896
1.2856
1.0772
0.76227
0.17037
-0.51547
-1.3763
-2.0967
-2.5745
-2.6815
-2.4261
-2.0001
-1.4928
-0.99396
-0.49919
-0.012802
0.42678
0.83234
1.1654
1.3962
1.4988
1.499
1.4138
1.2516
1.0211
0.86737
0.76918
0.76499
0.72233
0.71385
0.73529
0.84224
0.92783
0.82956
0.57732
0.047044
-0.58168
-1.4286
-2.4083
-3.1229
-3.3926
-3.2302
-2.8538
-2.4004
-1.8614
-1.2666
-0.73177
-0.27389
0.077033
0.3595
0.56066
0.67195
0.7276
0.749
0.74045
0.74901
0.82177
0.94161
1.1042
1.2112
1.3097
1.4166
1.5578
1.6477
1.699
1.746
1.7802
1.7972
1.7543
1.7543
1.7157
1.6343
1.4759
1.3175
1.2148
0.91958
0.19673
-0.88523
-2.121
-3.1812
-3.7624
-3.8091
-3.3898
-2.774
-2.1027
-1.5512
-0.99558
-0.55114
-0.20932
0.0042714
0.046979
0.029892
0.021349
0.038423
0.2305
0.36705
0.58037
0.75948
0.99401
1.2242
1.4372
1.501
1.4709
1.3342
1.074
0.61787
-0.055386
-0.87749
-1.7248
-2.2993
-2.5927
-2.5326
-2.2044
-1.7785
-1.2974
-0.81231
-0.33591
0.11903
0.56952
0.98581
1.2872
1.4865
1.5669
1.5156
1.3666
1.1032
0.88661
0.73371
0.6784
0.61041
0.55092
0.56348
0.68193
0.81725
0.94826
1.0199
1.1593
1.252
1.3193
1.2513
1.1368
1.0393
0.77291
0.23223
-0.94972
-2.4559
-3.9062
-4.6514
-4.6499
-4.1301
-3.4252
-2.6954
-1.9957
-1.3342
-0.74892
-0.23133
0.14716
0.45393
0.64705
0.69303
0.69278
0.63377
0.64613
0.70462
0.74209
0.78792
0.81695
0.89622
1.034
1.1759
1.2675
1.2879
1.1662
0.88162
0.3926
-0.26302
-1.0517
-1.8439
-2.356
-2.5718
-2.3957
-2.0282
-1.5986
-1.1402
-0.71128
-0.32015
0.004156
0.28664
0.48583
0.70975
0.81731
0.82939
0.8083
0.80379
0.94424
1.1674
1.3241
1.3772
1.4427
1.4958
1.5859
1.6471
1.7124
1.7858
1.855
1.9077
1.8409
1.5972
1.0163
0.30843
-0.34939
-0.9285
-1.4537
-2.0029
-2.5516
-2.8005
-2.8155
-2.6338
-2.2845
-1.78
-1.3333
-0.94428
-0.63329
-0.38794
-0.28979
-0.1387
-0.16309
-0.048901
0.093678
0.33787
0.53706
0.75636
0.91446
1.0927
1.3235
1.5703
1.825
2.0469
2.0904
1.9677
1.6187
1.092
0.30316
-0.6181
-1.5868
-2.3082
-2.6336
-2.6725
-2.3809
-1.9729
-1.4567
-0.9089
-0.40194
0.044188
0.39345
0.67008
0.83411
0.95787
0.95731
0.90471
0.83617
0.70373
0.66336
0.65498
0.72643
0.82573
0.89301
1.008
1.107
1.2098
1.2647
1.3196
1.3705
1.4014
1.4323
1.479
1.5058
1.4653
1.3536
1.2341
1.1148
1.039
0.85281
0.54452
0.027603
-0.58719
-1.2288
-2.0074
-2.6394
-3.1331
-3.2136
-2.9368
-2.6368
-2.2704
-1.9477
-1.6135
-1.3033
-1.0678
-0.98114
-0.93364
-0.91744
-0.75689
-0.49128
-0.19483
0.050623
0.24128
0.34613
0.4353
0.44279
0.4231
0.27542
0.02326
-0.41453
-0.90209
-1.2807
-1.4152
-1.279
-1.0117
-0.7178
-0.38566
-0.053958
0.29658
0.6505
0.98089
1.2532
1.4444
1.5856
1.6919
1.7637
1.8277
1.8533
1.8444
1.7553
1.5974
1.3672
1.0305
0.69035
0.44214
0.20569
0.14465
0.16738
0.28892
0.4179
0.49735
0.54635
0.51565
0.35617
-0.083305
-0.93467
-2.0269
-2.9779
-3.4858
-3.4571
-3.1267
-2.6384
-2.1432
-1.6111
-1.121
-0.67291
-0.32308
-0.048806
0.19885
0.37868
0.51332
0.61408
0.62116
0.53101
0.47087
0.50417
0.69044
0.89139
1.0138
1.1174
1.2246
1.3875
1.5204
1.5826
1.5704
1.4803
1.383
1.1375
0.79612
0.33304
-0.21079
-0.82043
-1.4958
-2.0078
-2.3606
-2.407
-2.2617
-1.9584
-1.5414
-1.1213
-0.75686
-0.4663
-0.23117
0
0.15758
0.29298
0.35135
0.32552
0.36551
0.46025
0.62423
0.74786
0.82395
0.89265
1.0122
1.1462
1.251
1.3483
1.3983
1.4192
1.4074
1.392
1.3984
1.3866
1.3423
1.2438
1.0118
0.57059
0.072181
-0.35707
-0.78218
-1.2176
-1.7604
-2.2162
-2.4774
-2.4686
-2.3306
-2.0421
-1.736
-1.4302
-1.175
-0.94157
-0.78356
-0.71157
-0.72543
-0.73928
-0.65674
-0.47085
-0.27806
-0.1247
0.021364
0.17436
0.34496
0.53669
0.72818
0.99399
1.1992
1.2836
1.134
0.81456
0.29378
-0.29361
-0.8803
-1.4663
-1.8963
-2.1881
-2.2291
-2.0199
-1.6453
-1.1725
-0.64397
-0.15826
0.2812
0.61125
0.82508
0.979
1.0065
0.99893
0.87226
0.67221
0.49688
0.41267
0.45788
0.55194
0.60401
0.63857
0.71843
0.84352
0.94409
1.0132
1.0544
1.0956
1.1332
1.1674
1.2049
1.2008
1.1828
1.1476
1.1123
1.0771
1.0315
1.0068
0.95436
0.8018
0.37651
-0.16227
-0.7143
-1.1381
-1.6443
-2.2016
-2.6448
-2.8224
-2.704
-2.4723
-2.1927
-1.903
-1.6549
-1.4516
-1.2279
-1.0628
-0.9629
-0.88708
-0.84557
-0.78357
-0.7319
-0.68711
-0.61161
-0.46789
-0.26285
-0.064828
0.07844
0.17385
0.22147
0.27246
0.28595
0.18714
0.0068021
-0.36375
-0.65242
-0.81176
-0.70276
-0.43776
-0.13907
0.10511
0.3084
0.48781
0.68738
0.84616
1.0082
1.1092
1.1797
1.1826
1.1585
1.1344
1.0698
0.93779
0.59684
0.064041
-0.57951
-1.1922
-1.5318
-1.7163
-1.7761
-1.8561
-1.9999
-2.1672
-2.2402
-2.2159
-2.0069
-1.607
-1.1201
-0.59336
-0.073724
0.39528
0.82376
1.1682
1.4522
1.6524
1.7956
1.8618
1.9013
1.904
1.9
1.8593
1.8186
1.7713
1.7373
1.6967
1.6529
1.589
1.5086
1.4016
1.2513
1.0879
0.99446
0.99747
1.0105
0.94037
0.70423
0.17932
-0.55109
-1.2744
-1.712
-1.957
-2.1321
-2.3934
-2.6678
-2.8128
-2.7524
-2.6026
-2.3537
-2.0519
-1.7105
-1.3231
-0.89945
-0.48267
-0.095848
0.21147
0.44926
0.61098
0.70658
0.83844
1.0131
1.1845
1.3128
1.3059
1.2166
0.95922
0.53388
0.069191
-0.43811
-0.81017
-1.1491
-1.3892
-1.6621
-1.8394
-1.9246
-1.8551
-1.6213
-1.2527
-0.82183
-0.35825
0.09201
0.50268
0.84421
1.1134
1.3233
1.4741
1.5855
1.6607
1.6965
1.6831
1.6566
1.6039
1.5315
1.4034
1.2261
1.0096
0.87835
0.77337
0.71101
0.62901
0.60927
0.6354
0.55344
0.2947
-0.22591
-1.041
-2.0065
-2.8147
-3.2038
-3.0464
-2.6404
-2.3359
-2.0837
-1.8448
-1.4881
-1.1282
-0.80115
-0.52316
-0.26483
-0.049038
0.18633
0.4282
0.71253
0.97721
1.1994
1.3562
1.3757
1.3103
1.1403
0.94747
0.78081
0.69911
0.75788
0.82972
0.87868
0.80679
0.5814
0.30376
0
-0.29394
-0.67606
-1.2149
-1.7668
-2.3122
-2.6159
-2.7302
-2.6323
-2.3416
-1.9497
-1.5578
-1.1169
-0.66299
-0.24822
0.13391
0.46379
0.75123
0.94723
1.0452
1.0812
1.0943
1.1074
1.0846
0.98011
0.86907
0.65674
0.5032
0.33657
0.33006
0.37583
0.48371
0.59161
0.70279
0.83033
0.93501
0.92528
0.77494
0.42184
0.035974
-0.25838
-0.42522
-0.56593
-0.78191
-1.0863
-1.3351
-1.5283
-1.6038
-1.5941
-1.4797
-1.2671
-0.98236
-0.64844
-0.30461
0.019655
0.23916
0.41614
0.51451
0.55391
0.54743
0.41965
0.35413
0.31811
0.39688
0.50849
0.59716
0.65632
0.74505
0.84366
0.93246
1.0147
1.1069
1.2122
1.3044
1.3868
1.4002
1.361
1.2396
1.0919
0.89802
0.59222
0.24352
-0.12508
-0.5893
-1.1196
-1.6205
-1.9733
-2.0594
-1.9874
-1.8131
-1.5926
-1.3192
-1.0259
-0.72922
-0.43566
-0.16506
0.036323
0.066058
0.0033037
-0.0727
-0.056192
0.059513
0.20835
0.33742
0.45994
0.60238
0.73829
0.86764
1.0203
1.1697
1.3423
1.4621
1.5255
1.5492
1.5364
1.4505
1.2484
0.8901
0.299
-0.33233
-1.0605
-1.6427
-2.0657
-2.2926
-2.33
-2.2375
-2.0417
-1.7259
-1.3532
-0.93352
-0.53695
-0.18349
0.026699
0.1903
0.177
-0.033408
-0.31749
-0.57503
-0.57524
-0.47507
-0.34807
-0.26115
-0.11722
0.11057
0.3821
0.64377
0.83185
0.94289
0.98018
0.97048
0.96749
1.0048
1.0624
1.1166
1.1372
1.1343
1.1045
1.0477
0.99415
0.92039
0.89378
0.88403
0.9249
0.89827
0.73986
0.40558
-0.043956
-0.53446
-0.88664
-1.273
-1.7138
-2.2703
-2.6849
-2.8556
-2.7483
-2.5255
-2.238
-1.9264
-1.5364
-1.0984
-0.68043
-0.37781
-0.29285
-0.34068
-0.4056
-0.38533
-0.25928
-0.11605
0
0.13324
0.26661
0.42404
0.58162
0.62298
0.45548
0.16104
-0.24339
-0.5899
-0.91274
-1.1089
-1.1609
-1.0378
-0.75296
-0.44031
-0.14799
0.075755
0.25839
0.43086
0.59662
0.7936
0.98389
1.1191
1.1542
1.1548
1.1935
1.1872
1.1878
1.1192
0.93256
0.72494
0.49628
0.28126
0.059062
-0.26418
-0.68516
-1.2458
-1.7165
-1.9543
-2.0182
-1.9216
-1.8669
-1.7946
-1.6454
-1.4086
-1.1016
-0.70684
-0.22758
0.23822
0.64495
0.94693
1.1685
1.3413
1.472
1.5783
1.6214
1.6364
1.6057
1.5291
1.4278
1.2664
1.0765
0.92527
0.83748
0.83797
0.85262
0.98056
1.1405
1.2582
1.3263
1.2774
1.1859
0.95211
0.57943
-0.11382
-0.97164
-2.0157
-2.6441
-2.906
-2.7508
-2.4811
-2.2469
-2.0124
-1.7096
-1.3349
-0.90957
-0.4479
-0.04661
0.31571
0.58874
0.79027
0.93454
1.0107
1.0869
1.156
1.0882
0.87618
0.57006
0.34297
0.29623
0.34341
0.44129
0.53568
0.65916
0.86252
1.0807
1.1975
1.1873
1.0282
0.78895
0.49841
0.10193
-0.33513
-0.87847
-1.3094
-1.6424
-1.9174
-2.0758
-2.1174
-2.0748
-1.9297
-1.7331
-1.4189
-1.0089
-0.55804
-0.11389
0.25733
0.55914
0.75828
0.86928
0.9362
0.92575
0.83779
0.63891
0.4176
0.29214
0.31824
0.41102
0.49281
0.5673
0.63446
0.71656
0.8062
0.90712
1.0379
1.1652
1.2591
1.3345
1.3876
1.4333
1.5015
1.4913
1.4212
1.2949
1.1273
0.772
0.25501
-0.31897
-0.736
-1.1536
-1.5454
-2.0318
-2.3984
-2.547
-2.5751
-2.4862
-2.2991
-2.0551
-1.7919
-1.5056
-1.181
-0.8485
-0.62543
-0.5424
-0.57693
-0.62289
-0.5663
-0.46779
-0.35393
-0.17518
0.095271
0.39278
0.58765
0.63387
0.53876
0.39765
0.22192
0.019143
-0.2337
-0.50222
-0.76343
-0.99427
-1.3522
-1.7029
-1.9733
-2.0131
-1.8642
-1.5725
-1.1917
-0.72169
-0.28964
0.09661
0.41763
0.71199
1.0106
1.2554
1.4384
1.5829
1.6538
1.6433
1.5316
1.3459
1.0626
0.7712
0.53785
0.468
0.46831
0.49204
0.46892
0.39102
0.29736
0.058728
-0.36043
-0.74485
-0.9807
-0.79291
-0.29851
0.24368
0.67252
0.89726
0.96084
0.93387
0.8004
0.70622
0.6514
0.73872
0.90916
1.0521
1.0488
0.90295
0.63801
0.17844
-0.55151
-1.8104
-2.9993
-3.7883
-3.715
-3.0049
-2.3337
-2.0203
-2.0455
-2.1385
-2.1797
-2.0133
-1.6987
-1.2278
-0.74835
-0.47651
-0.38064
-0.38487
-0.21261
0.13647
0.55826
0.96849
1.2827
1.4726
1.566
1.6032
1.6162
1.5768
1.4002
1.0255
0.45246
-0.4123
-1.4479
-2.2945
-2.6278
-2.3579
-1.7795
-1.1803
-0.66148
-0.11775
0.36971
0.78861
1.1348
1.3796
1.5676
1.7151
1.822
1.9495
1.9913
1.9597
1.7851
1.5858
1.3617
1.2356
1.1749
1.2001
1.3769
1.5621
1.7188
1.7197
1.5605
1.3846
1.2455
1.1762
1.1645
1.1157
0.92676
0.55221
0.11957
-0.37538
-0.974
-1.631
-2.0903
-2.3187
-2.2702
-2.2506
-2.3303
-2.3604
-2.2621
-1.9688
-1.5675
-1.0953
-0.63505
-0.19517
0.10386
0.26185
0.19543
0.05408
0
0.045801
0.18328
0.36256
0.55867
0.75911
0.98476
1.2106
1.4366
1.6378
1.8391
2.0029
2.0832
2.0171
1.8421
1.6878
1.5042
1.1527
0.4906
-0.51177
-1.817
-2.8505
-3.5949
-3.7811
-3.5093
-3.1532
-2.7464
-2.3267
-1.915
-1.4357
-0.96873
-0.53088
-0.19388
0.092758
0.33742
0.56958
0.77236
0.87816
0.84466
0.70975
0.46487
0.22828
0.03383
0.0084601
0.076164
0.23279
0.28367
0.27105
0.22877
0.19069
0.2077
0.30528
0.44533
0.61515
0.75111
0.8829
0.9723
1.0278
1.045
1.0665
1.0583
1.0501
1.0206
0.99103
0.9317
0.86809
0.80445
0.73651
0.65577
0.6048
0.60067
0.65193
0.71174
0.79714
0.87831
0.83583
0.48624
-0.18344
-1.0539
-1.8735
-2.5354
-3.0226
-3.211
-3.1218
-2.8874
-2.8451
-2.9695
-3.0511
-2.9704
-2.7699
-2.5437
-2.2576
-1.8602
-1.2959
-0.65016
0.0042779
0.52624
0.89428
1.0955
1.2069
1.2455
1.2243
1.203
1.1474
1.1261
1.0149
0.8779
0.65526
0.33408
-0.029983
-0.42836
-0.79251
-1.1696
-1.5895
-1.9494
-2.0266
-1.8253
-1.4783
-1.037
-0.63421
-0.31282
-0.16713
-0.11142
0.0042854
0.19284
0.49283
0.73709
0.97707
1.1828
1.2342
1.2041
0.98557
0.81414
0.69414
0.57414
0.49271
0.42843
0.34701
0.33842
0.38124
0.62965
0.92514
1.2034
1.2205
0.80503
0.055662
-0.93333
-1.9692
-2.7395
-3.0688
-2.9016
-2.4392
-1.9383
-1.4674
-0.96676
-0.48332
0.02566
0.47464
0.86792
1.1328
1.2737
1.2992
1.2605
1.1877
1.1277
1.0677
1.0419
1.093
1.2123
1.3401
1.4721
1.5614
1.6123
1.6162
1.6117
1.6113
1.5854
1.5808
1.5549
1.5545
1.5073
1.4857
1.4258
1.3573
1.3187
1.2886
1.2585
1.2539
1.1729
0.98988
0.59037
0.025476
-0.63673
-1.3283
-2.1424
-2.8246
-3.1927
-3.179
-2.9831
-2.961
-3.0066
-2.9803
-2.7212
-2.3353
-1.9666
-1.5939
-1.2848
-1.1196
-1.0474
-1.0302
-0.94961
-0.75519
-0.44705
-0.13912
0.13907
0.35808
0.53902
0.7072
0.83737
0.96323
1.0301
1.0423
0.96627
0.7811
0.49533
0.2098
-0.033554
-0.23897
-0.5825
-1.2106
-1.9846
-2.6367
-3.0329
-3.0733
-2.8797
-2.5233
-2.0336
-1.4859
-0.93031
-0.43366
-0.0083357
0.37493
0.68703
0.95721
1.1689
1.3346
1.4088
1.4164
1.2745
1.0581
0.78796
0.58445
0.50543
0.55071
0.64974
0.73625
0.76066
0.71893
0.68963
0.68513
0.75075
0.82454
0.92709
1.0254
1.1318
1.2093
1.2703
1.323
1.3756
1.4199
1.3781
1.2953
1.2085
1.13
1.1334
1.0468
0.82141
0.36757
-0.19591
-0.8362
-1.4431
-1.8699
-2.1008
-2.1401
-2.3787
-2.7672
-3.1797
-3.3156
-3.0782
-2.606
-2.0818
-1.5745
-1.0881
-0.62249
-0.20197
0.16147
0.4397
0.64902
0.82985
0.97822
1.1183
1.2341
1.2895
1.3809
1.4682
1.6115
1.7305
1.7493
1.612
1.2311
0.67903
-0.17163
-1.1806
-2.2319
-2.971
-3.2911
-3.2251
-2.9485
-2.5651
-2.0751
-1.5264
-0.98249
-0.53046
-0.12658
0.2332
0.57663
0.85243
1.0332
1.1033
1.1221
1.0898
1.0063
0.90735
0.76533
0.7608
0.8464
0.95143
0.95458
0.85608
0.73821
0.64004
0.64732
0.70523
0.77473
0.86355
0.96389
1.0874
1.1912
1.2678
1.2628
1.1727
1.0403
0.92347
0.90725
1.0145
1.2025
1.3786
1.512
1.5953
1.6362
1.535
1.2269
0.53632
-0.42868
-1.7209
-2.8618
-3.47
-3.4899
-3.2505
-3.24
-3.3322
-3.2761
-2.9086
-2.4394
-1.9937
-1.5829
-1.2032
-0.79382
-0.44942
-0.18866
0
0.17325
0.34995
0.52633
0.63852
0.61167
0.54737
0.43449
0.47151
0.6281
0.81054
0.91054
0.91715
0.812
0.64006
0.32716
0.070571
-0.19296
-0.44858
-0.81112
-1.3617
-1.9408
-2.4966
-2.8411
-2.9158
-2.8356
-2.6269
-2.2495
-1.7736
-1.1776
-0.65603
-0.27461
-0.0036579
0.22291
0.46
0.65286
0.82712
0.89547
0.91278
0.82833
0.71138
0.60915
0.5832
0.60434
0.69051
0.79818
0.88038
0.9552
1.0191
1.09
1.1321
1.1956
1.2446
1.2648
1.2743
1.2516
1.2432
1.2384
1.2478
1.2252
1.1884
1.0841
0.94455
0.76623
0.60953
0.52749
0.62245
0.81261
1.0024
1.1565
1.1553
0.98526
0.58353
-0.16505
-1.1261
-2.313
-3.0388
-3.4099
-3.2283
-2.9911
-2.887
-2.8109
-2.5401
-2.1204
-1.6251
-1.2176
-0.84554
-0.52619
-0.23516
0.0069093
0.18291
0.31718
0.42362
0.48167
0.5396
0.58711
0.62767
0.65443
0.62295
0.4616
0.24935
0.034122
0.02727
0.16345
0.34017
0.44856
0.45828
0.47137
0.437
0.29103
0.050709
-0.26341
-0.6781
-1.1897
-1.8685
-2.408
-2.6407
-2.4601
-2.1055
-1.745
-1.4721
-1.1832
-0.88813
-0.58369
-0.32653
-0.10984
0.10973
0.36205
0.62381
0.85851
1.0464
1.1941
1.2986
1.3732
1.4344
1.4626
1.4743
1.4596
1.4318
1.3942
1.3535
1.2964
1.2526
1.1729
1.0803
1.0009
0.94124
0.8752
0.83204
0.78573
0.71356
0.6059
0.50818
0.40418
0.37792
0.27428
0.080587
-0.24795
-0.71414
-1.1858
-1.5313
-1.6644
-1.5378
-1.3474
-1.3108
-1.5267
-1.7772
-1.9156
-1.92
-1.7653
-1.5125
-1.2189
-0.94498
-0.7096
-0.53482
-0.33511
-0.11054
0.07572
0.25845
0.42191
0.56303
0.67558
0.72512
0.71184
0.68293
0.65721
0.68468
0.75583
0.81747
0.83846
0.79714
0.72169
0.65881
0.62711
0.54894
0.30673
-0.086665
-0.63697
-1.2541
-1.833
-2.1518
-2.0912
-1.7414
-1.2971
-0.84443
-0.42333
-0.042904
0.19288
0.32421
0.37583
0.39988
0.45438
0.45698
0.48697
0.55642
0.68042
0.74956
0.70335
0.55123
0.36007
0.22369
0.19327
0.25041
0.35867
0.45167
0.47831
0.44179
0.42635
0.52193
0.68025
0.81133
0.85242
0.69922
0.37913
-0.21175
-0.98326
-1.6313
-1.9152
-1.8153
-1.4782
-1.2781
-1.2325
-1.2491
-1.2538
-1.1788
-1.0213
-0.78734
-0.47727
-0.17366
0.11468
0.26441
0.29939
0.24339
0.19629
0.24294
0.38601
0.5931
0.82899
1.012
1.1888
1.2837
1.3553
1.3657
1.347
1.34
1.3272
1.3115
1.238
1.1387
1.0193
0.92603
0.8762
0.86678
0.88903
0.91698
0.94202
0.94119
0.92889
0.88224
0.80419
0.732
0.6828
0.6822
0.71298
0.74655
0.75444
0.73672
0.73609
0.75817
0.68943
0.52442
0.20959
-0.28865
-0.98395
-1.582
-1.9787
-2.0362
-1.9641
-1.9399
-1.9186
-1.827
-1.7188
-1.5995
-1.4608
-1.2634
-1.0049
-0.73835
-0.48345
-0.24292
-0.050218
0.094779
0.2089
0.30335
0.37819
0.43346
0.45809
0.46327
0.44072
0.39883
0.36253
0.35671
0.35367
0.3451
0.26483
0.14334
0.01928
-0.071555
-0.16225
-0.29402
-0.42833
-0.49659
-0.49072
-0.42186
-0.34489
-0.29266
-0.31703
-0.48065
-0.90053
-1.4479
-1.9128
-2.1455
-2.0867
-1.8323
-1.5321
-1.2188
-0.94667
-0.65595
-0.39003
-0.1651
0.0054091
0.1054
0.18364
0.24018
0.30742
0.39343
0.46855
0.51934
0.57812
0.66369
0.78405
0.90424
0.976
0.97799
0.93179
0.89635
0.87969
0.91114
0.96124
1.0166
1.0586
1.0818
1.0598
1.0138
0.90412
0.72813
0.38772
-0.19373
-0.99982
-1.7174
-2.148
-2.1201
-1.7616
-1.3164
-0.94833
-0.65732
-0.42738
-0.24519
-0.10012
0.018431
0.11052
0.13674
0.19185
0.24163
0.35171
0.48264
0.62652
0.77284
0.93731
1.0126
1.0591
0.99308
0.95068
0.92661
0.90779
0.89421
0.87804
0.83065
0.79893
0.78025
0.76679
0.76374
0.73993
0.73431
0.76241
0.84231
0.9299
0.9682
0.91072
0.77833
0.61508
0.48817
0.39496
0.30702
0.28107
0.28607
0.24727
0.095251
-0.15438
-0.48859
-0.72992
-1.0198
-1.2606
-1.5576
-1.7465
-1.82
-1.7293
-1.6209
-1.5049
-1.4197
-1.2809
-1.0656
-0.80198
-0.52077
-0.24494
-0.015301
0.19372
0.32356
0.42271
0.47086
0.50624
0.51617
0.521
0.52329
0.50273
0.49234
0.47435
0.45384
0.43842
0.43569
0.42029
0.39985
0.38702
0.36662
0.33107
0.29051
0.2525
0.23977
0.23209
0.2093
0.16888
0.10078
0.037776
-0.070484
-0.23149
-0.498
-0.77434
-0.99767
-1.1128
-1.1927
-1.3679
-1.5957
-1.7806
-1.8425
-1.7691
-1.6707
-1.5424
-1.4266
-1.366
-1.3055
-1.2025
-1.0196
-0.74692
-0.48943
-0.3295
-0.23455
-0.15465
-0.049868
0.087237
0.24667
0.39851
0.52535
0.6521
0.75139
0.80585
0.8354
0.84008
0.87955
0.92396
0.89634
0.78434
0.57566
0.37207
0.18349
0.074365
0.0024781
-0.071841
-0.16592
-0.35898
-0.64843
-0.97977
-1.1971
-1.2388
-1.1593
-1.0132
-0.89183
-0.73104
-0.53331
-0.2962
-0.041949
0.20475
0.42172
0.54981
0.631
0.68504
0.70456
0.68221
0.61801
0.55385
0.4971
0.44285
0.42798
0.48197
0.61214
0.78404
0.94602
1.0883
1.1863
1.2351
1.2372
1.1977
1.1115
1.0156
0.91237
0.78712
0.6374
0.41667
0.19359
0.0048999
-0.10533
-0.13959
-0.085695
0.039167
0.20803
0.34502
0.37676
0.28129
0.11005
-0.18094
-0.49871
-0.84081
-1.1119
-1.3829
-1.6025
-1.7732
-1.8022
-1.8288
-1.8163
-1.733
-1.518
-1.1883
-0.8417
-0.57081
-0.37316
-0.20484
-0.048765
0.078013
0.156
0.16329
0.15596
0.173
0.2485
0.36783
0.51392
0.65754
0.78652
0.8619
0.91049
0.92986
0.90055
0.86152
0.81762
0.80294
0.81259
0.85143
0.90729
0.9291
0.90712
0.78546
0.57384
0.21882
-0.27472
-0.76818
-1.1376
-1.3052
-1.2784
-1.0936
-0.8651
-0.61233
-0.42034
-0.29155
-0.17492
-0.046157
0.063158
0.17732
0.28175
0.35218
0.39102
0.36429
0.26713
0.10685
-0.041281
-0.099557
-0.03885
0.10441
0.26951
0.4346
0.58027
0.69437
0.78175
0.8133
0.7963
0.7793
0.76472
0.77443
0.80599
0.84483
0.85939
0.8157
0.70888
0.55837
0.42
0.32289
0.25492
0.1748
0.089831
0.031563
0.014568
0.048561
0.097124
0.12626
0.1287
0.099561
0.06071
0.016999
-0.0097144
-0.05586
-0.10201
-0.26475
-0.59268
-1.2486
-1.89
-2.2594
-2.2133
-1.8927
-1.645
-1.616
-1.74
-1.8325
-1.7816
-1.6115
-1.3734
-1.2009
-1.0795
-0.97743
-0.88511
-0.74171
-0.56423
-0.33079
-0.080272
0.15813
0.3771
0.54503
0.70812
0.83961
0.94679
1.0296
1.0955
1.137
1.1883
1.2152
1.2177
1.1765
1.0621
0.91607
0.77242
0.58731
0.34366
0.06094
-0.17065
-0.30722
-0.3414
-0.31218
-0.30734
-0.40741
-0.67342
-0.90778
-1.0763
-1.1106
-1.1084
-1.0792
-1.0184
-0.86952
-0.69133
-0.52286
-0.31767
-0.12953
0.024444
0.10024
0.090475
-0.0048914
-0.17123
-0.33273
-0.42822
-0.34998
-0.14932
0.1371
0.43098
0.67842
0.87452
1.0119
1.115
1.2059
1.2748
1.3143
1.3145
1.2878
1.2488
1.2049
1.1462
1.0875
1.0166
0.94801
0.87206
0.79607
0.72498
0.65385
0.58515
0.5361
0.47718
0.4207
0.37158
0.32244
0.27573
0.2364
0.20197
0.16014
0.12321
0.096126
0.061634
0.041921
0.019732
0
-0.012339
-0.032089
-0.037034
-0.054331
-0.059285
-0.079066
-0.098858
-0.11372
-0.11127
-0.091514
-0.059376
-0.012373
-0.0074259
-0.096562
-0.32939
-0.61684
-0.81276
-0.86998
-0.92476
-1.0589
-1.1833
-1.1836
-1.0896
-1.075
-1.1821
-1.3762
-1.4859
-1.5311
-1.4445
-1.2584
-1.0174
-0.7689
-0.58244
-0.39837
-0.22913
-0.069755
0.059808
0.15455
0.21195
0.25441
0.27445
0.28202
0.26463
0.1873
0.087431
-0.039981
-0.20247
-0.35005
-0.46771
-0.56794
-0.62318
-0.67094
-0.67366
-0.59621
-0.45357
-0.28827
-0.12538
0.037625
0.21328
0.32127
0.349
0.27125
0.067835
-0.25132
-0.75925
-1.3078
-1.7862
-2.1492
-2.3488
-2.4352
-2.3806
-2.1445
-1.8352
-1.508
-1.226
-1.0169
-0.82293
-0.59847
-0.30313
0.020216
0.29323
0.50068
0.65769
0.75408
0.8227
0.85591
0.87394
0.87932
0.85936
0.82923
0.79148
0.73593
0.6702
0.59425
0.53604
0.5159
0.48304
0.46795
0.43505
0.41485
0.40227
0.39223
0.33378
0.22685
0.020398
-0.25508
-0.57158
-0.87556
-1.1312
-1.3182
-1.4797
-1.6259
-1.7033
-1.7141
-1.6866
-1.8409
-2.1003
-2.3368
-2.3352
-2.0976
-1.8419
-1.6398
-1.4787
-1.2918
-1.1048
-0.93042
-0.74822
-0.56074
-0.33709
-0.21366
-0.21889
-0.37871
-0.56184
-0.60589
-0.52359
-0.36382
-0.19618
-0.028405
0.098167
0.24293
0.43434
0.69574
0.94183
1.1027
1.1627
1.1554
1.1222
1.0863
1.0375
0.96522
0.92408
0.93484
1.0287
1.1279
1.1518
1.1184
1.0668
1.0725
1.0469
0.92484
0.56816
1.0195
