0.28009
0.34821
0.43073
0.52212
0.59412
0.6239
0.61399
0.63248
0.6853
0.75834
0.85459
0.94833
1.0424
1.0993
1.1303
1.1295
1.1316
1.1394
1.1501
1.1578
1.1596
1.1497
1.1134
1.0445
0.98135
0.94735
0.94266
0.94971
0.99807
0.98144
0.93809
0.77907
0.57818
0.42141
0.32078
0.28833
0.23797
0.23814
0.25318
0.11623
-0.41447
-2.4343
-3.5872
-4.102
-3.2073
-1.6638
-0.57662
0.15239
0.15241
0.81286
1.1804
1.2162
1.0039
0.62435
0.16128
-0.038816
-0.020894
0.14322
0.35192
0.69455
1.2036
1.721
1.9312
1.8644
1.7798
1.713
1.6463
1.4314
1.0925
0.66254
0.0059093
-0.91196
-1.8218
-2.3819
-2.2789
-1.3802
-0.17302
1.0044
1.6667
1.7518
1.1573
0.16879
-1.3248
-2.0824
-2.2379
-1.4651
-0.22209
0.56424
1.132
1.5139
1.6538
1.6531
1.6068
1.5065
1.3471
1.1771
1.0049
0.8307
0.66854
0.53517
0.44717
0.40419
0.38089
0.37432
0.37606
0.37778
0.41522
0.44694
0.47573
0.49615
0.4974
0.48507
0.43227
0.3259
0.1611
-0.04015
-0.14675
-0.15426
-0.0026511
0.27482
0.4978
0.58542
0.41079
-0.0052154
-1.2007
-2.7792
-3.5054
-3.1179
-1.5997
-0.1303
0.7587
1.2026
1.3476
1.2144
0.9917
0.60044
0.08975
-0.22856
-0.24756
0.15295
0.59489
1.0974
1.6355
2.0092
2.1453
1.8214
1.3336
0.86362
0.46858
0.054798
-0.38466
-0.76435
-1.0141
-1.3022
-1.8696
-2.3024
-2.2647
-1.6263
-0.72385
-0.11296
0.14478
0.15808
0.04568
-0.095639
-0.088544
0.047538
0.27537
0.49516
0.67782
0.77444
0.86833
0.87493
0.85046
0.78849
0.68048
0.5576
0.39577
0.25226
0.065659
-0.15724
-0.38571
-0.56976
-0.63589
-0.65631
-0.62049
-0.54168
-0.51488
-0.52478
-0.6764
-0.99482
-1.5821
-2.1551
-2.212
-1.6357
-0.71572
0.17874
0.70787
0.72634
0.37136
-0.41349
-1.2079
-1.241
-0.82554
0.048666
0.72763
1.1229
1.368
1.4356
1.3236
1.1355
0.94118
0.80817
0.74923
0.73265
0.75213
0.74839
0.71289
0.59883
0.46336
0.3532
0.34295
0.41375
0.52322
0.64158
0.72394
0.74442
0.7113
0.67168
0.64276
0.61594
0.57824
0.54044
0.49599
0.43175
0.32789
0.19066
-0.052736
-0.63458
-1.9003
-2.8921
-3.3187
-2.3993
-0.89478
0.42642
1.2588
1.5412
1.3221
0.72608
-0.12565
-1.0504
-1.584
-1.625
-1.1535
-0.46611
0.24574
0.86967
1.3952
1.5129
1.3601
0.97871
0.49043
0.057971
-0.2427
-0.18535
0.046565
0.38669
0.64855
0.8459
1.2204
1.5183
1.7157
1.58
1.2819
1.0372
0.86726
0.81487
0.80366
0.84217
0.85735
0.89392
0.89354
0.8851
0.88194
0.90584
0.97363
1.0613
1.1417
1.1953
1.1852
1.1189
0.95591
0.73154
0.536
0.42428
0.38624
0.37965
0.34674
0.31052
0.26211
0.2102
0.19642
0.22138
0.30671
0.35965
0.30678
0.19231
-0.20552
-0.97708
-2.7934
-4.244
-4.7981
-3.5199
-1.312
0.56068
1.562
1.8848
1.7578
1.3655
0.84061
0.16552
-0.69384
-1.1246
-1.3779
-1.2575
-1.1625
-0.74216
-0.16949
0.56999
1.0229
1.143
1.1191
0.94675
0.59778
0.16925
-0.33924
-0.4963
-0.72887
-1.0441
-1.4287
-1.5405
-0.90854
0.058363
0.93497
1.2492
1.1643
0.85853
0.55556
0.31768
0.23494
0.35258
0.60168
0.85433
1.0655
1.1278
1.0966
1.055
1.0063
0.90922
0.73951
0.55954
0.3659
0.22078
0.10341
0.024109
-0.0034411
-0.024064
0.013737
0.068606
0.17131
0.34563
0.56732
0.8157
0.99179
1.021
0.9073
0.74304
0.61314
0.5445
0.5436
0.55279
0.58212
0.59454
0.62367
0.60247
0.57131
0.46355
0.27629
-0.27246
-1.4062
-3.7109
-4.8936
-5.1121
-3.2262
-1.0121
0.55431
1.1721
1.3758
1.2559
1.0127
0.70214
0.26284
-0.34014
-0.74058
-0.87495
-0.63822
-0.46985
-0.196
0.30798
0.93536
1.433
1.4181
1.1801
0.87592
0.63937
0.31451
0.11105
0.034859
0.028488
-0.022132
-0.14212
-0.36913
-0.8636
-1.4138
-1.8246
-2.0021
-1.969
-2.0019
-2.3045
-2.5503
-2.4327
-1.8679
-0.94428
-0.19062
0.47158
0.78347
1.067
1.0914
0.93816
0.76641
0.44844
0.15876
-0.03423
-0.027996
0.10884
0.36682
0.65572
0.94134
1.1554
1.2699
1.3006
1.2382
1.1385
1.0265
0.93633
0.87716
0.84281
0.85183
0.88251
0.92244
0.95304
0.98051
1.0141
1.0322
1.0564
1.0652
1.0646
1.0579
1.0634
1.0596
1.0712
1.1166
1.1773
1.2623
1.3165
1.2877
1.2007
1.019
0.84672
0.72365
0.68926
0.73716
0.87616
1.0785
1.2803
1.4542
1.3672
0.75502
-0.36483
-1.8782
-2.9865
-2.891
-1.9965
-0.65423
0.25937
0.63367
0.8193
0.80858
0.62645
0.37734
0.10587
-0.1496
-0.35403
-0.56903
-0.71592
-0.75167
-0.6801
-0.54828
-0.44884
-0.46184
-0.58054
-0.74409
-0.83267
-0.68552
-0.4094
-0.028141
0.24681
0.40528
0.39274
0.29977
0.11893
0.024803
-0.090617
-0.1067
-0.062695
0.078757
0.20833
0.33154
0.41352
0.49755
0.42636
-0.045127
-1.412
-2.6525
-3.453
-3.0632
-1.976
-0.6613
0.3539
0.9212
1.0022
0.71746
0.30266
-0.3699
-0.87829
-1.3124
-1.3199
-1.013
-0.3654
0.33679
1.088
1.4552
1.5209
1.4446
1.3009
1.1291
0.96092
0.89022
0.89436
0.90806
0.88122
0.86882
0.79029
0.68635
0.52196
0.33283
0.063093
-0.29822
-0.81306
-1.4431
-2.1805
-2.6606
-3.0003
-3.036
-2.9642
-2.7333
-2.2741
-1.6516
-0.90765
-0.21229
0.30647
0.60939
0.60141
0.36281
0.08047
-0.060241
-0.022271
0.15785
0.42172
0.65817
0.86072
1.0097
1.0767
1.029
0.84721
0.32529
-0.62348
-1.4342
-2.1184
-2.1251
-1.6465
-0.83019
0.074222
0.62824
0.77605
0.43571
-0.18725
-0.92705
-1.105
-0.95233
-0.35863
0.24553
0.63646
0.98815
1.2095
1.2614
1.2591
1.2092
1.1375
1.0399
0.96833
0.91633
0.89693
0.88407
0.86689
0.83886
0.80868
0.78067
0.76137
0.74425
0.7119
0.68173
0.65372
0.63223
0.61729
0.62417
0.6136
0.62707
0.66024
0.71752
0.79459
0.89806
1.0083
1.0791
1.0689
0.9401
0.73856
0.54333
0.41827
0.40317
0.51152
0.65755
0.77291
0.78901
0.55077
-0.15054
-1.6684
-2.5945
-2.7609
-1.8548
-0.77146
-0.17579
0.026726
0.26304
0.43507
0.49353
0.46269
0.35125
0.22169
0.13897
0.13686
0.19088
0.29671
0.414
0.5698
0.65603
0.70407
0.66185
0.50424
0.081484
-0.66841
-1.683
-2.3318
-2.332
-1.4448
-0.34395
0.81406
1.4496
1.5426
1.0982
0.2909
-0.73383
-1.4809
-1.6665
-1.3003
-0.51844
0.17533
0.69528
1.1749
1.3547
1.3635
1.2701
1.1578
1.0011
0.88124
0.81009
0.7902
0.81708
0.84874
0.87817
0.9124
0.95381
1.0048
1.0229
1.0008
0.94319
0.84501
0.76318
0.67632
0.60589
0.54479
0.50982
0.48673
0.47317
0.46678
0.48449
0.51434
0.55882
0.63014
0.70901
0.77845
0.83355
0.83025
0.75845
0.66187
0.60421
0.60786
0.67071
0.71158
0.71795
0.73428
0.61894
0.31134
-0.69634
-2.2809
-3.1802
-3.0135
-1.8345
-0.67076
0.050538
0.53934
0.93376
1.0908
1.0166
0.76596
0.44006
0.19998
0.064227
0.10297
0.1651
0.21713
0.16059
0.015572
-0.27307
-0.65146
-1.1462
-1.5723
-2.0708
-2.2849
-2.2946
-1.6952
-0.64187
0.31227
0.86696
0.7384
0.20489
-0.36786
-0.86252
-0.89879
-0.56002
0.021472
0.70438
1.0879
1.2434
1.1616
0.93071
0.76953
0.74082
0.70385
0.64497
0.57229
0.51303
0.44539
0.33652
0.25476
0.16731
0.16476
0.16495
0.20917
0.26725
0.36406
0.46934
0.59968
0.69706
0.7669
0.75649
0.69888
0.57731
0.46942
0.36692
0.3032
0.25886
0.23117
0.21459
0.19519
0.17018
0.15352
0.13963
0.15086
0.18166
0.22646
0.27967
0.32172
0.34419
0.33868
0.32475
0.3248
0.33605
0.3613
0.38934
0.40617
0.41739
0.40059
0.33615
0.2549
0.16525
0.11202
0.086807
0.16799
0.37511
0.6577
0.92616
1.1078
1.1886
1.2301
1.1123
0.33806
-1.7288
-3.2663
-4.423
-3.7461
-2.3838
-1.3933
-0.79938
-0.61244
-0.97102
-1.9632
-2.4317
-2.6607
-2.015
-0.94861
0
0.7257
1.1293
1.1533
1.006
0.81187
0.56288
0.39423
0.29749
0.30823
0.38219
0.40931
0.45008
0.43867
0.40811
0.36117
0.33073
0.32491
0.30274
0.23974
0.062587
-0.19841
-0.46421
-0.61548
-0.5416
-0.31102
-0.024309
0.24277
0.44177
0.59449
0.69036
0.76984
0.83031
0.87721
0.89991
0.85853
0.77997
0.64318
0.52803
0.46093
0.47602
0.58345
0.65095
0.78397
0.72479
0.60289
0.24594
-0.43612
-2.0279
-2.8851
-3.4429
-2.5421
-1.337
-0.51875
-0.18029
-0.053974
-0.26674
-0.78316
-1.2335
-1.371
-1.1137
-0.54802
-0.045566
0.37129
0.59725
0.62857
0.60705
0.61815
0.6217
0.6576
0.67593
0.72638
0.68755
0.62422
0.4455
0.12522
-0.46783
-1.4074
-2.474
-3.2752
-3.4588
-2.8793
-1.8947
-0.83307
-0.15131
0.021563
-0.4087
-1.2589
-2.1619
-2.3465
-2.142
-1.2561
-0.35567
0.25143
0.81812
1.0664
1.1199
1.101
1.0218
0.94299
0.92235
0.97331
1.0563
1.1458
1.2166
1.2574
1.2707
1.2703
1.2517
1.2288
1.2082
1.1877
1.1651
1.1382
1.1023
1.0465
0.98872
0.93785
0.89833
0.87679
0.86202
0.84733
0.83272
0.80713
0.77944
0.75849
0.72661
0.70805
0.70934
0.74355
0.77115
0.79215
0.75193
0.65944
0.46682
-0.037049
-1.2063
-2.7325
-3.4347
-3.0868
-1.6172
-0.11281
0.91711
1.2915
1.0548
0.058455
-1.4175
-1.8671
-1.8147
-0.91253
0.10378
0.81931
1.4353
1.8114
1.7769
1.55
1.2043
0.77417
0.34175
0.015145
-0.054106
0.032476
0.1083
0.26003
0.64823
1.1388
1.528
1.5485
1.3256
1.1178
0.97064
0.88427
0.85664
0.90754
0.99131
1.0796
1.1485
1.1715
1.1222
1.0027
0.88732
0.82891
0.82761
0.88583
0.97287
1.0623
1.0813
0.92978
0.48539
-0.20859
-1.0109
-1.853
-2.6126
-3.3138
-3.5881
-3.2416
-2.3883
-1.3693
-0.6799
-0.21568
-0.089978
-0.078827
-0.31794
-0.67955
-1.0646
-1.4528
-1.817
-2.0232
-1.937
-1.6072
-1.1925
-0.81102
-0.39681
0.079898
0.48443
0.62212
0.4945
0.291
0.10091
-0.034429
-0.1539
-0.21609
-0.29215
-0.32918
-0.3985
-0.42179
-0.41971
-0.33917
-0.15005
0.092375
0.29109
0.37901
0.40455
0.43471
0.53193
0.65923
0.80736
0.90688
0.98323
1.0457
1.0756
1.0894
1.073
1.008
0.8852
0.71393
0.56353
0.47557
0.46611
0.50738
0.56702
0.56667
0.51795
0.34965
-0.045973
-1.0106
-2.3339
-2.9715
-2.8474
-1.6798
-0.42067
0.66918
1.1635
1.1919
0.73979
-0.10231
-1.3852
-2.0435
-2.2312
-1.561
-0.55126
0.29106
0.9576
1.4445
1.4964
1.3485
1.0441
0.70025
0.34403
0.15392
0.19823
0.42702
0.664
0.96014
1.3307
1.7156
1.9801
1.9573
1.6815
1.3648
0.97654
0.64424
0.40262
0.33868
0.36657
0.43797
0.50048
0.53675
0.56861
0.50719
0.40481
0.24648
0.036712
-0.19413
-0.60114
-1.216
-2.0533
-2.6226
-2.6394
-1.9338
-0.81824
0.27609
1.018
1.3335
1.1212
0.48233
-0.46713
-1.2941
-1.5257
-1.1566
-0.44076
0.32569
0.82786
1.198
1.3106
1.2105
1.1616
1.1149
1.1278
1.1003
1.0857
1.0754
1.0567
1.0422
1.047
1.0775
1.1145
1.1452
1.1226
1.0486
0.98101
0.93264
0.94432
0.95394
0.93567
0.88081
0.8582
0.83775
0.80864
0.70803
0.56814
0.37356
0.16533
-0.052294
-0.20517
-0.26894
-0.26285
-0.2809
-0.62663
-1.5619
-2.5892
-2.9727
-2.4248
-1.2705
-0.1202
0.62907
0.94569
0.81113
0.28297
-0.61226
-1.9313
-2.646
-2.854
-2.2201
-1.2892
-0.45666
0.20371
0.61034
0.57274
0.28823
-0.12714
-0.64652
-1.0523
-1.3856
-1.5058
-1.5657
-1.4194
-0.92898
-0.27584
0.29542
0.61358
0.75517
0.88551
1.0188
1.1049
1.1626
1.2205
1.3004
1.3395
1.3424
1.3138
1.2778
1.2634
1.2416
1.2124
1.1609
1.1165
1.0769
1.0542
1.0389
1.0284
1.0227
1.0195
1.0187
1.0053
0.98695
0.96096
0.93235
0.91612
0.90983
0.91352
0.9247
0.93083
0.94448
0.9455
0.93134
0.92215
0.92554
0.93901
0.96006
0.96588
0.95644
0.95202
0.95263
0.98115
0.98423
0.91347
0.70514
-0.02292
-1.9464
-3.0428
-3.551
-2.328
-0.67073
0.45913
0.98726
1.3165
1.4084
1.3242
1.1176
0.79349
0.08164
-0.70663
-1.4692
-1.6679
-1.2852
-0.81327
-0.44351
-0.36696
-0.34649
-0.36423
-0.3845
-0.45821
-0.55732
-0.63347
-0.67396
-0.6712
-0.64302
-0.57166
-0.41145
-0.31737
-0.19289
-0.1776
-0.18262
-0.38286
-0.87952
-2.0524
-3.536
-4.0793
-3.6958
-2.2826
-0.77668
0.28074
0.85716
0.99345
0.80872
0.57103
0.40419
0.22479
0.12879
0.12372
0.23225
0.45182
0.71678
0.99937
1.2491
1.408
1.4761
1.4711
1.4358
1.3954
1.3854
1.4082
1.4412
1.4615
1.4365
1.2751
1.0202
0.45465
-0.45728
-1.4783
-2.3052
-2.5434
-1.9246
-0.83482
0.59975
1.6378
2.0284
1.6897
0.87431
-0.11155
-0.8243
-1.1266
-1.2489
-0.98031
-0.68857
-0.21099
0.29756
0.53944
0.57026
0.47631
0.29307
0.10964
-0.028062
-0.056154
0.035754
0.17631
0.34259
0.46812
0.55796
0.57875
0.55344
0.49991
0.43349
0.3901
0.38004
0.4008
0.4627
0.5401
0.62273
0.69514
0.74959
0.78862
0.82253
0.84098
0.86977
0.90632
0.97131
1.0467
1.1066
1.1122
1.0635
0.9811
0.88306
0.80825
0.69192
0.50032
0.27487
-0.23086
-1.7073
-3.2156
-3.8966
-2.9757
-1.0908
0.41822
1.0912
1.3668
1.2839
0.83954
-0.10658
-0.75651
-1.1257
-0.84758
-0.1326
0.6708
1.2532
1.5209
1.4324
1.2503
1.0994
1.0109
0.87826
0.72223
0.56624
0.34538
0.033751
-0.26215
-0.46965
-0.51878
-0.49268
-0.36289
-0.19174
0.02849
0.16051
0.21995
0.20691
0.074968
-0.17569
-0.69463
-1.3446
-1.8467
-2.1316
-2.2126
-2.175
-2.1837
-1.9353
-1.6924
-1.2163
-0.75381
-0.27155
0.18684
0.50376
0.69744
0.79119
0.84139
0.87872
0.91341
0.93783
0.9647
1.0067
1.0486
1.0878
1.1016
1.1027
1.0987
1.1275
1.1787
1.2448
1.2956
1.2512
1.1144
0.89565
0.69498
0.58196
0.57357
0.66929
0.81417
0.96841
1.1048
1.1718
1.0984
0.88053
0.31091
-0.46915
-1.5096
-2.8794
-3.8938
-3.9393
-3.0651
-1.5547
-0.46735
0.060097
0.14392
0.050261
-0.2197
-0.64095
-1.0745
-1.4753
-1.5712
-1.381
-0.96326
-0.52394
-0.16407
0.081835
0.3452
0.55142
0.72411
0.82878
0.84055
0.74859
0.56518
0.28416
-0.038857
-0.34425
-0.53209
-0.55339
-0.4592
-0.3091
-0.24528
-0.27606
-0.43204
-0.75465
-1.4385
-2.1589
-2.2551
-1.7455
-0.51349
0.50997
1.1949
1.4696
1.3677
0.93129
0.34945
-0.16455
-0.33261
-0.32964
-0.32455
-0.28947
-0.12194
0.18781
0.5728
0.70537
0.73772
0.68958
0.61423
0.49921
0.39939
0.36502
0.37059
0.43675
0.53815
0.6392
0.72329
0.77809
0.84517
0.86245
0.83223
0.68667
0.50245
0.23238
-0.19512
-0.88416
-1.7725
-2.3519
-2.4089
-1.802
-0.92881
0.085671
0.80313
1.1816
1.1443
0.89955
0.64288
0.41897
0.20944
0.22365
0.49405
0.85802
1.0981
1.3383
1.6317
1.8522
1.8938
1.6117
1.3232
1.1426
1.0823
1.0731
1.1335
1.2228
1.3309
1.3839
1.3899
1.2766
1.0765
0.78489
0.36208
-0.24043
-1.1587
-2.2471
-2.8146
-2.7328
-1.8991
-0.9213
-0.033657
0.48289
0.61728
0.39845
0.082876
-0.14916
-0.27137
-0.25286
-0.10961
0.10347
0.32432
0.52269
0.67447
0.77705
0.85405
0.88985
0.96561
0.99547
1.0389
1.0336
1.0351
1.0635
1.0403
1.0147
0.95044
0.87657
0.74502
0.50696
-0.14737
-1.306
-2.2854
-2.7391
-2.2025
-1.0797
0.22383
1.2962
1.8306
1.7948
1.1437
0.036027
-1.1983
-1.7207
-1.6884
-0.98513
-0.26434
0.32919
0.76436
0.92305
0.8022
0.53837
0.31766
0.085341
-0.12593
-0.25778
-0.27132
-0.20098
-0.10209
-0.035846
0.020547
0.10047
0.22739
0.38355
0.55098
0.7115
0.84148
0.95638
1.056
1.1403
1.2249
1.2833
1.2995
1.2305
1.1186
0.94736
0.7834
0.61608
0.50445
0.42734
0.3957
0.38819
0.40492
0.49193
0.56829
0.60954
0.58303
0.52928
0.46994
0.27456
-0.29921
-1.8506
-3.6211
-4.4013
-3.7513
-1.8582
-0.23433
0.73295
0.99711
0.91791
0.49285
-0.10615
-0.7427
-1.2997
-1.402
-1.0833
-0.57512
-0.13281
0.18141
0.37055
0.48089
0.54235
0.54972
0.55434
0.52129
0.48561
0.43662
0.42252
0.44848
0.51696
0.63568
0.71675
0.77892
0.75089
0.69391
0.65293
0.64361
0.671
0.70868
0.62615
0.53096
0.4336
0.32117
0.30486
0.14431
-0.4344
-2.1228
-3.071
-3.6418
-2.8487
-1.5169
-0.52113
0.29265
0.83278
0.90325
0.62552
0.014971
-0.8659
-1.4218
-1.7345
-1.6631
-1.2967
-0.73368
-0.031811
0.66129
1.0221
1.1915
1.1665
1.062
0.83764
0.60494
0.44292
0.46085
0.61682
0.90263
1.1941
1.3896
1.478
1.6248
1.7991
1.9141
1.8488
1.6046
1.3499
1.1266
0.90899
0.68081
0.45596
0.27346
0.16052
0.15562
0.18043
0.27354
0.3299
0.41103
0.40802
0.33715
0.15586
-0.10374
-0.47731
-0.9666
-1.6587
-2.6199
-3.4173
-3.5758
-2.7631
-1.3798
0.080146
1.0251
1.4082
1.3956
1.0018
0.51149
0.03097
-0.30943
-0.41959
-0.37071
-0.18963
0.0044069
0.18497
0.34111
0.4421
0.52762
0.55155
0.57109
0.54234
0.50705
0.48935
0.50898
0.55276
0.61409
0.69955
0.80257
0.89904
0.95169
0.89693
0.78517
0.64051
0.46292
0.29624
0.037314
-0.57745
-1.7812
-2.3532
-2.7036
-1.9549
-1.0956
-0.3698
0.185
0.56414
0.6174
0.31111
-0.59614
-1.6284
-2.2001
-2.1287
-1.4373
-0.57628
0.11314
0.67943
0.95341
0.96322
0.91518
0.84032
0.74971
0.6634
0.64177
0.68279
0.74857
0.85717
0.95481
1.028
1.0586
1.0509
1.0568
1.0718
1.0914
1.1111
1.09
1.012
0.85865
0.66151
0.4455
0.24484
0.093969
0.025253
0.091982
0.22113
0.37381
0.49005
0.53029
0.50574
0.34399
0.053558
-0.51095
-1.5358
-2.9606
-3.3985
-3.0526
-1.5436
-0.047233
0.87569
1.1765
0.91995
0.24777
-0.35102
-0.90948
-1.0963
-1.1999
-1.0124
-0.53401
-0.053291
0.33997
0.48934
0.53209
0.55794
0.56432
0.57074
0.56981
0.58126
0.62254
0.66159
0.69837
0.70286
0.69234
0.6717
0.65349
0.66048
0.66753
0.67717
0.67923
0.66338
0.63202
0.59275
0.57133
0.59387
0.69461
0.84819
1.0106
1.0927
1.0567
0.93584
0.82749
0.77166
0.81957
0.99903
1.2012
1.2186
1.0252
0.36094
-0.65892
-2.2537
-3.7165
-3.924
-3.1478
-1.5777
-0.34434
0.30088
0.71551
0.97017
1.0239
0.94534
0.73885
0.51115
0.2877
0.1743
0.071652
0.051745
0.080734
0.16773
0.28713
0.38976
0.4667
0.51188
0.51328
0.5029
0.48654
0.46711
0.41198
0.28227
0.029785
-0.27168
-0.57155
-0.72878
-0.61014
-0.33734
0.0030181
0.28728
0.43325
0.50992
0.5321
0.51776
0.43927
0.25052
-0.030594
-0.35843
-0.71164
-0.92744
-1.0053
-0.93862
-0.90559
-0.98957
-1.1631
-1.4262
-1.6216
-1.7675
-1.8733
-1.9202
-1.9236
-1.9423
-1.865
-1.506
-0.92756
-0.17309
0.39239
0.40764
-0.31173
-1.5668
-2.1389
-1.98
-0.87675
0.17209
0.73363
1.1159
1.2859
1.3025
1.1265
0.81991
0.51729
0.22782
0.054575
-0.0060522
0.072481
0.20192
0.33681
0.51009
0.61369
0.64508
0.61371
0.52599
0.49795
0.48776
0.50118
0.44687
0.37525
0.33032
0.42553
0.62767
0.83724
1.0079
1.0624
0.99873
0.83247
0.59309
0.39789
0.2776
0.25126
0.25323
0.31686
0.46389
0.62939
0.79096
0.86013
0.8847
0.90084
0.91685
0.94091
1.0028
1.0941
1.1875
1.2129
1.1631
1.0362
0.92884
0.86464
0.84053
0.85084
0.94772
1.0518
1.1291
0.92007
0.2746
-0.87277
-2.3499
-3.3867
-3.371
-2.5931
-1.2938
-0.27116
0.4826
0.98002
1.1204
1.0295
0.76439
0.31638
-0.31305
-1.0779
-1.5423
-1.7973
-1.8519
-1.6954
-1.4075
-0.94756
-0.60919
-0.58113
-0.65027
-0.72401
-0.74674
-0.75496
-0.72227
-0.60081
-0.42464
-0.194
0.0071738
0.19101
0.36714
0.54756
0.73463
0.92364
1.079
1.2057
1.3037
1.3803
1.3908
1.3541
1.3034
1.2623
1.2331
1.1852
1.1234
1.0992
1.0845
1.0793
1.0249
0.94712
0.82025
0.69584
0.51999
0.33254
0.19902
0.098329
0.058525
-0.13109
-0.721
-1.9641
-3.1512
-3.5215
-2.7328
-1.1617
0.32797
1.3192
1.8164
1.7747
1.325
0.71315
0.0023467
-0.83807
-1.2
-1.3391
-1.1611
-0.87705
-0.50105
-0.01412
0.38613
0.50645
0.48312
0.42676
0.33732
0.22892
0.11334
-0.0070868
-0.092173
-0.13714
-0.16086
-0.29821
-0.57774
-0.73434
-0.67305
-0.35089
-0.092504
-0.0071186
-0.075962
-0.2161
-0.43711
-0.82937
-1.3859
-1.5647
-1.589
-1.2563
-0.95677
-0.49041
0.073817
0.60733
0.89331
0.92443
0.9079
0.939
0.98201
1.0202
1.0823
1.142
1.204
1.2755
1.3303
1.3756
1.4113
1.4255
1.4421
1.4395
1.4465
1.432
1.4199
1.4435
1.4813
1.5048
1.4568
1.3399
1.2135
1.1156
1.0463
0.98185
0.91976
0.89572
0.84794
0.69095
0.32281
-0.35592
-1.1836
-2.1198
-3.29
-4.0755
-3.8633
-2.8674
-1.29
-0.25791
0.27438
0.44925
0.46091
0.27882
-0.01181
-0.24322
-0.32812
-0.24306
-0.054261
0.084906
0.18391
0.25458
0.35586
0.46416
0.58891
0.70421
0.81005
0.88291
0.9134
0.91801
0.92499
0.94376
0.99314
1.0567
1.1155
1.165
1.1909
1.1793
1.1206
1.043
0.98436
0.90213
0.81753
0.72113
0.64356
0.55653
0.39396
-0.061361
-1.3246
-2.7756
-3.3561
-2.7005
-1.0387
0.31726
0.93109
1.0408
0.77346
0.033242
-0.86736
-1.5673
-1.7758
-1.4058
-0.77988
-0.25306
0.078864
0.18182
0.16047
0.13428
0.10803
0.093741
0.096266
0.10844
0.12789
0.1329
0.12824
0.14055
0.16502
0.23818
0.32618
0.45104
0.56166
0.65553
0.72523
0.76574
0.78919
0.8029
0.81668
0.82064
0.83207
0.82867
0.81782
0.792
0.75112
0.7176
0.71152
0.75061
0.77982
0.75621
0.68959
0.55687
0.38556
0.096595
-0.62157
-2.1087
-3.7865
-4.5152
-3.636
-1.7228
0.061942
1.1536
1.5113
1.2471
-0.13019
-1.2892
-2.0113
-1.654
-0.70406
0.15271
0.78635
1.2773
1.3411
1.1156
0.77198
0.48821
0.25131
0.088417
-0.034905
-0.12377
-0.19953
-0.21616
-0.17599
-0.10853
-0.024468
0.070827
0.18834
0.27896
0.35074
0.36788
0.34657
0.31415
0.29263
0.29593
0.32415
0.37467
0.44203
0.5096
0.5718
0.63138
0.67714
0.7118
0.71287
0.71952
0.70365
0.68489
0.66887
0.63865
0.60833
0.58074
0.55873
0.54232
0.52586
0.5008
0.48136
0.45616
0.44231
0.45411
0.48021
0.53493
0.59258
0.63595
0.65929
0.68836
0.72318
0.78957
0.86174
0.96267
1.0924
1.1905
1.2167
1.122
0.97835
0.84322
0.81739
0.9124
1.0995
1.134
0.66189
-0.48915
-2.1576
-3.7103
-4.1377
-3.481
-2.1752
-0.93922
-0.36461
-0.091824
0.01434
-0.0028663
-0.10312
-0.27481
-0.60359
-1.1863
-2.2364
-2.9966
-3.4502
-3.1765
-2.6355
-2.0956
-1.5651
-1.047
-0.58955
-0.17553
0.1018
0.26832
0.33005
0.36063
0.39673
0.46645
0.54999
0.59965
0.5792
0.461
0.26782
0.066852
-0.013906
0.10829
0.37147
0.62824
0.79571
0.79986
0.7434
0.64864
0.57065
0.5121
0.50568
0.56748
0.65626
0.72566
0.75679
0.70927
0.643
0.50958
0.33364
0.15305
0.024115
0.013369
0.066701
0.13578
0.10891
-0.32602
-1.4176
-3.1032
-3.8202
-3.6643
-2.2826
-0.76609
0.38867
1.0826
1.1813
0.72262
-0.20929
-1.5826
-2.6587
-3.2011
-2.8964
-1.9653
-0.77144
0.2692
1.0817
1.3696
1.3787
1.252
1.1585
0.98799
0.84075
0.70421
0.62297
0.63126
0.69135
0.7388
0.77863
0.81579
0.84542
0.86514
0.88475
0.90182
0.94056
0.96221
0.94766
0.8828
0.82785
0.7875
0.76639
0.75727
0.70321
0.70138
0.6548
0.59203
0.48505
0.24307
-0.32404
-1.3766
-2.4887
-2.9936
-2.543
-1.4939
-0.20895
0.82456
1.4257
1.5749
1.2346
0.57386
-0.38694
-1.1129
-1.536
-1.3976
-0.94377
-0.28405
0.3459
0.83053
0.91979
0.68501
0.43357
0.24061
0.092518
0.043966
0.024132
0.14669
0.30592
0.47327
0.59428
0.65184
0.66367
0.64517
0.60298
0.53939
0.48679
0.4774
0.51315
0.59382
0.67
0.74384
0.80469
0.85902
0.91111
0.96948
1.0023
1.0372
1.0551
1.0751
1.0803
1.0919
1.0952
1.1005
1.1081
1.1198
1.1464
1.1792
1.2184
1.2703
1.3011
1.2774
1.191
1.048
0.88429
0.76676
0.69332
0.68067
0.71832
0.77485
0.86284
0.80637
0.52579
-0.071238
-0.86136
-1.7065
-2.5942
-3.1534
-2.8946
-1.9111
-0.46019
0.60976
1.1025
1.0865
0.64479
-0.03796
-0.81472
-1.2549
-1.2941
-0.90807
-0.41319
0.029697
0.24846
0.33591
0.4172
0.54985
0.64871
0.65169
0.55414
0.42421
0.4248
0.4426
0.46906
0.40727
0.2266
-0.025937
-0.3377
-0.55504
-0.71879
-0.81782
-0.96074
-1.1936
-1.5606
-1.9003
-2.1995
-2.2602
-2.1628
-2.1157
-1.9205
-1.6186
-1.0786
-0.54352
0.024443
0.4852
0.8672
1.074
1.0601
0.95422
0.82782
0.73472
0.71333
0.71213
0.76057
0.80685
0.8623
0.91561
0.94633
0.96347
0.94194
0.93171
0.90545
0.90192
0.89377
0.88557
0.87502
0.85295
0.83538
0.82923
0.81613
0.80987
0.80816
0.80641
0.79539
0.80046
0.79858
0.81512
0.86397
0.94517
1.0657
1.17
1.2535
1.2444
1.1404
0.97392
0.83048
0.75177
0.73549
0.79316
0.92938
1.0077
0.90107
0.39262
-0.41092
-1.4767
-2.4099
-2.6689
-2.1674
-1.1324
-0.078201
0.57916
0.92085
0.72504
-0.073355
-0.89547
-1.5467
-1.728
-1.5892
-1.3708
-1.1187
-0.93533
-0.8615
-0.8128
-0.71204
-0.64096
-0.58587
-0.5535
-0.55504
-0.54306
-0.49959
-0.40679
-0.2626
-0.089659
0.098493
0.29509
0.48892
0.68001
0.8283
0.94729
1.0193
1.069
1.1009
1.1039
1.065
0.97762
0.92354
0.86301
0.81804
0.75123
0.68897
0.66852
0.69849
0.72405
0.69933
0.60481
0.41231
0.12861
-0.2287
-0.65731
-1.1158
-1.6455
-2.2811
-2.8814
-3.0103
-2.4819
-1.3663
-0.19947
0.70451
1.2744
1.5344
1.5625
1.3697
1.0772
0.80429
0.60066
0.51843
0.51864
0.5623
0.63429
0.70206
0.75475
0.79234
0.81044
0.80464
0.78362
0.76261
0.75912
0.77539
0.80711
0.84996
0.8908
0.90979
0.87376
0.78242
0.68196
0.60114
0.5623
0.51443
0.45748
0.43387
0.48191
0.47852
0.26573
-0.22123
-0.98447
-1.8583
-2.6754
-3.1846
-2.9853
-2.2093
-1.0906
-0.15462
0.40971
0.46439
-0.072208
-0.83423
-1.477
-1.663
-1.4397
-1.0444
-0.65591
-0.24564
0.040687
0.28343
0.45804
0.58313
0.67029
0.75081
0.79279
0.78598
0.72982
0.62867
0.47209
0.35419
0.3055
0.27652
0.25237
0.26603
0.33321
0.48774
0.66142
0.803
0.88625
0.93122
0.95829
0.99599
1.0418
1.1091
1.1953
1.29
1.3615
1.3505
1.2723
1.1449
1.0463
0.94968
0.88222
0.8443
0.88831
0.93806
0.92183
0.659
0.13889
-0.5712
-1.3415
-2.0855
-2.8534
-3.5775
-3.5845
-2.8288
-1.4806
-0.10541
0.67966
1.1421
1.1446
0.91707
0.38025
-0.35501
-0.92821
-1.2021
-1.1199
-0.87177
-0.60239
-0.37299
-0.20423
-0.029208
0.087714
0.17559
0.24895
0.24326
0.17009
0.032273
-0.10272
-0.26421
-0.42573
-0.63128
-0.86317
-1.0802
-1.1298
-0.97679
-0.6362
-0.27542
-0.093691
-0.14919
-0.34779
-0.53137
-0.6095
-0.55922
-0.43922
-0.23527
0.1015
0.46325
0.78039
0.94343
0.97619
0.94839
0.84318
0.6897
0.55395
0.48715
0.50589
0.5727
0.57974
0.56132
0.4473
0.092586
-0.65471
-1.3699
-1.6637
-1.5201
-0.9929
-0.63146
-0.14295
0.3371
0.52731
0.36496
-0.059731
-0.64954
-1.4919
-1.6054
-1.233
-0.14962
0.98806
1.8954
2.445
2.7087
2.4555
2.0127
1.6222
1.3046
1.0409
0.89796
0.85391
0.88988
0.96155
1.107
1.2439
1.3343
1.3407
1.2965
1.2324
1.1637
1.0905
1.0027
0.94277
0.93548
0.96552
0.99796
1.0303
1.0158
0.99887
0.96494
0.8675
0.72158
0.40288
0.19013
0.0073011
-0.03645
-0.08493
-0.21568
-0.42356
-0.56088
-0.56028
-0.45841
-0.37606
-0.47935
-1.0255
-2.1508
-3.1669
-3.7594
-3.4267
-2.4939
-1.4727
-0.56217
0.19221
0.69211
1.0072
0.97878
0.46196
-0.74631
-1.7851
-2.4471
-2.3696
-1.8454
-1.1413
-0.4914
0.043626
0.25967
0.26489
0.30423
0.38271
0.49321
0.62858
0.77182
0.91319
1.0355
1.1288
1.1978
1.2424
1.2725
1.2878
1.2933
1.2839
1.267
1.2476
1.2231
1.1985
1.1713
1.1541
1.1445
1.1324
1.1304
1.1182
1.1111
1.0962
1.089
1.0948
1.1136
1.1612
1.2144
1.2573
1.2742
1.2278
1.1784
1.0544
0.89502
0.72666
0.55998
0.46755
0.37996
-0.086479
-1.5529
-3.0057
-3.6109
-2.7709
-0.89324
0.62638
1.57
2.0353
1.9961
1.0796
-0.55642
-1.3469
-1.5345
-0.66114
0.47167
1.283
1.889
2.1244
1.9134
1.6249
1.3778
1.1952
1.0318
0.87357
0.6976
0.50674
0.32393
0.18369
0.10057
0.020134
-0.08061
-0.23915
-0.3662
-0.44145
-0.49943
-0.56608
-0.62696
-0.604
-0.4827
-0.28328
-0.046248
0.16185
0.30917
0.38706
0.34937
0.011543
-0.72967
-1.8128
-2.73
-3.1045
-2.7249
-1.7888
-0.36996
0.99392
1.9594
2.2737
1.9565
1.3441
0.66237
0.14757
0.050987
0.17811
0.34423
0.48149
0.93564
1.4466
1.9524
2.012
1.8513
1.6996
1.6565
1.6273
1.6037
1.5967
1.5731
1.4976
1.3843
1.2309
1.1135
1.0129
0.94253
0.89132
0.8832
0.89645
0.92818
0.95968
0.92224
0.78491
0.50931
0.11513
-0.25819
-0.55106
-0.62175
-0.4725
-0.18527
0.13849
0.40128
0.58077
0.68034
0.51359
-0.26475
-1.8218
-2.9777
-3.4369
-2.5795
-1.2668
-0.15319
0.57872
0.95724
0.91494
0.56326
0.065621
-0.41667
-0.84033
-1.1867
-1.3221
-1.2294
-0.93472
-0.62281
-0.42896
-0.31898
-0.28741
-0.22784
-0.23889
-0.27791
-0.31439
-0.30655
-0.25013
-0.12242
0.04377
0.25275
0.48817
0.70641
0.88941
1.0101
1.0895
1.1277
1.1433
1.1498
1.1518
1.1629
1.1874
1.2142
1.2476
1.2787
1.2942
1.2653
1.1878
1.0421
0.83724
0.61982
0.47797
0.40033
0.42617
0.47171
0.52155
0.5538
0.56852
0.41942
0.030554
-0.65852
-1.4881
-2.2686
-2.8349
-3.1288
-3.0945
-2.6803
-1.8194
-0.77914
0.21262
0.87631
1.1711
1.0105
0.36427
-0.45533
-1.1622
-1.3857
-1.2037
-0.52499
0.20181
0.82704
1.114
1.1449
1.0976
1.0808
1.0619
1.0299
0.9718
0.87003
0.73105
0.53072
0.32789
0.15097
0.083221
0.03946
-0.021945
-0.16037
-0.29691
-0.42055
-0.4982
-0.61136
-0.7182
-0.7877
-0.77544
-0.68551
-0.54426
-0.3804
-0.30964
-0.48185
-1.2064
-2.4028
-2.9934
-2.8879
-1.7956
-0.49514
0.61311
1.3681
1.7997
1.8093
1.5218
1.1948
0.95092
0.82024
0.78955
0.85932
0.99797
1.1554
1.3086
1.4141
1.4461
1.3836
1.2332
1.0268
0.84997
0.73751
0.69672
0.69998
0.73118
0.78109
0.8638
0.87422
0.80273
0.56937
0.20877
-0.28415
-0.77579
-1.2802
-1.7597
-2.2872
-2.6009
-2.5016
-2.0427
-1.2895
-0.59197
-0.021326
0.32722
0.37724
0.042731
-0.6318
-1.2024
-1.4763
-1.2295
-0.73511
-0.27366
0.088066
0.32138
0.44284
0.46192
0.43097
0.32143
0.15713
-0.049987
-0.24513
-0.39971
-0.48759
-0.52308
-0.47295
-0.38008
-0.21843
-0.0071186
0.19208
0.32465
0.34335
0.28156
0.21749
0.20076
0.16989
0.17443
0.1248
0.018817
-0.19265
-0.52796
-1.2093
-2.2468
-2.8959
-2.9268
-1.9344
-0.6097
0.58552
1.4545
1.9732
2.1087
1.8096
1.3525
0.80959
0.35584
0.041246
0.17839
0.53869
0.87934
0.89803
1.1435
1.4151
1.8436
1.9456
1.7795
1.5713
1.4245
1.2559
1.0435
0.78972
0.53045
0.33214
0.25184
0.26887
0.3298
0.36849
0.2582
-0.11788
-0.6032
-1.0992
-1.3891
-1.5413
-1.613
-1.5983
-1.4957
-1.2866
-0.9695
-0.67742
-0.31238
-0.021199
0.258
0.45146
0.53876
0.53747
0.48382
0.32596
0.0062537
-0.70293
-1.9068
-2.6579
-2.8976
-2.0894
-0.97452
0.12924
0.92312
1.4419
1.4714
1.0249
0.30237
-0.57514
-1.2086
-1.2767
-0.88367
-0.18684
0.59753
1.2008
1.5861
1.5733
1.3336
1.0889
0.93825
0.83569
0.80269
0.80339
0.83368
0.87965
0.92552
0.93793
0.919
0.84927
0.83644
0.81977
0.84802
0.8626
0.8519
0.85292
0.84232
0.8473
0.86005
0.88056
0.87593
0.84429
0.80696
0.76971
0.74412
0.72245
0.69314
0.65427
0.56353
0.43447
0.2844
0.18248
0.12097
0.12862
0.1401
0.11704
0.059471
-0.0057545
-0.10357
-0.25125
-0.5044
-0.88224
-1.3311
-1.7782
-2.2599
-2.7994
-3.2719
-3.3475
-2.9067
-1.9435
-0.92975
-0.044197
0.52863
0.77305
0.65216
0.098155
-0.5141
-0.90927
-0.86732
-0.49367
-0.03666
0.36874
0.67417
0.85821
0.92645
0.95803
0.96062
0.96516
0.9581
0.9491
0.93622
0.90973
0.891
0.85278
0.84959
0.8269
0.81785
0.76582
0.67851
0.60867
0.55634
0.59608
0.67712
0.75242
0.75906
0.62006
0.2601
-0.27417
-1.0248
-1.6939
-2.1666
-2.2759
-2.0781
-1.7807
-1.4687
-1.2276
-0.89435
-0.45666
0.081856
0.59765
0.90054
0.95973
0.83451
0.61259
0.40219
0.26376
0.21772
0.25433
0.3355
0.42295
0.47415
0.51738
0.52415
0.52281
0.51332
0.49973
0.47793
0.40086
0.26829
0.11895
-0.010268
-0.14601
-0.29036
-0.52173
-1.142
-1.9687
-2.4519
-2.1671
-1.163
-0.033275
0.78933
1.3202
1.6625
1.8113
1.7343
1.504
1.1973
0.92347
0.74362
0.67084
0.67814
0.74891
0.83471
0.92075
0.97303
0.98929
0.99066
0.99844
1.0383
1.1039
1.1546
1.1605
1.0847
0.93988
0.76452
0.59947
0.5074
0.47129
0.51518
0.62418
0.73561
0.71477
0.58946
0.32883
-0.0087206
-0.57621
-1.6104
-3.047
-3.8648
-3.6672
-2.6177
-1.3222
-0.56721
-0.057214
0.11673
-0.10802
-0.77003
-1.3956
-1.6973
-1.5725
-1.255
-0.96571
-0.68931
-0.39478
-0.088771
0.22428
0.5088
0.72026
0.87853
0.99465
1.073
1.1336
1.1808
1.2168
1.2284
1.1752
1.0662
0.90353
0.72742
0.60702
0.54683
0.55357
0.58932
0.63175
0.67862
0.68083
0.64508
0.53565
0.40392
0.23875
0.078081
-0.046839
-0.14049
-0.26752
-0.48141
-0.71966
-1.0736
-1.7812
-2.4906
-3.0592
-2.8978
-2.0029
-0.87767
0.15768
0.86573
1.2602
1.4347
1.4561
1.3889
1.2486
1.0488
0.83368
0.60113
0.4307
0.32669
0.31987
0.39243
0.52217
0.64735
0.73936
0.77188
0.74062
0.6523
0.50703
0.39045
0.29594
0.19936
0.098525
-0.048138
-0.17713
-0.29286
-0.36258
-0.36673
-0.38616
-0.54294
-1.2793
-2.6552
-3.3265
-3.327
-2.1814
-0.84562
0.27595
1.0946
1.6261
1.7317
1.5402
1.1753
0.7457
0.27738
-0.015165
-0.067139
0.15589
0.38964
0.55837
0.87201
1.2981
1.7045
1.8644
1.6025
1.304
1.1244
1.0465
0.9903
0.92977
0.86278
0.79796
0.70936
0.57101
0.43048
0.24448
0.012984
-0.45019
-1.1344
-2.1242
-2.8894
-3.1155
-2.553
-1.5609
-0.47495
0.4057
1.0765
1.4439
1.5053
1.3474
1.1328
0.83748
0.55497
0.31791
0.18301
0.13079
0.17885
0.24006
0.32318
0.39985
0.46569
0.4988
0.51007
0.48631
0.4406
0.37729
0.35779
0.37562
0.43743
0.52353
0.60756
0.69172
0.74955
0.74349
0.65353
0.49936
0.33832
0.22351
0.16831
0.18618
0.27505
0.40845
0.51986
0.47803
0.14463
-0.51442
-1.3595
-2.168
-2.7256
-3.0719
-2.9312
-2.2534
-1.1421
0.040344
0.8995
1.32
1.3391
0.78926
-0.10352
-0.95721
-1.4854
-1.4821
-1.156
-0.63494
-0.16735
0.15164
0.25822
0.30831
0.3857
0.45186
0.50677
0.55267
0.61231
0.68799
0.76607
0.85113
0.92491
1.008
1.0683
1.1104
1.0884
1.0159
0.8951
0.7764
0.6759
0.60974
0.58262
0.61077
0.63666
0.66491
0.66317
0.59898
0.47914
0.25483
-0.020868
-0.35506
-0.61087
-0.81133
-1.075
-1.6721
-2.6735
-3.3525
-3.2854
-2.3137
-1.048
0.0070239
0.6913
1.0344
1.1832
1.149
1.0231
0.83567
0.61495
0.39147
0.25493
0.17483
0.1206
0.10651
0.1374
0.22051
0.34412
0.48696
0.63955
0.80194
0.9527
1.087
1.1882
1.2728
1.3504
1.4257
1.4772
1.4761
1.3934
1.2169
1.0113
0.85109
0.73387
0.69111
0.69165
0.75971
0.84476
0.86954
0.61395
0.0096755
-0.91255
-1.9402
-2.7874
-3.3204
-3.3613
-3.0817
-2.3983
-1.5876
-0.75411
0.026773
0.50408
0.59935
0.117
-0.55601
-0.94171
-0.86887
-0.41507
-0.0024424
0.38848
0.75275
0.97298
0.98301
0.82181
0.68742
0.57988
0.51879
0.45766
0.40386
0.35493
0.32312
0.31822
0.36472
0.44548
0.55558
0.64606
0.68512
0.69968
0.65796
0.59178
0.50851
0.42526
0.35427
0.31507
0.31007
0.35387
0.41958
0.48035
0.49473
0.35807
0.10468
-0.21168
-0.55928
-0.79707
-0.91311
-0.91491
-0.99672
-1.2747
-2.1963
-3.2204
-3.8657
-3.5122
-2.2397
-0.88977
0.12527
0.82796
1.2937
1.4557
1.2527
0.86545
0.47658
0.28708
0.28438
0.42491
0.62236
0.78362
0.90643
0.97904
1.023
1.0384
1.0561
1.095
1.1479
1.2031
1.244
1.2542
1.2244
1.1313
0.98686
0.78893
0.63593
0.49499
0.41739
0.40752
0.4721
0.54346
0.52186
0.19457
-0.44412
-1.289
-2.1062
-2.707
-3.0139
-2.9662
-2.6846
-2.1081
-1.4623
-0.70617
-0.013694
0.51055
0.71474
0.70471
0.4427
-0.079356
-0.79027
-1.3116
-1.4455
-1.0872
-0.58349
-0.076501
0.37079
0.74067
0.93032
0.97173
0.99517
1.0297
1.0731
1.1165
1.1708
1.2206
1.2437
1.2556
1.2144
1.1533
1.0747
0.99625
0.91799
0.8421
0.7774
0.77443
0.81324
0.86297
0.87971
0.82192
0.7095
0.57103
0.40003
0.24025
0.096019
-0.032707
-0.20044
-0.45934
-0.83966
-1.6911
-2.5044
-3.0017
-2.8348
-2.0092
-1.1718
-0.46104
0.021631
0.35669
0.55739
0.67365
0.68188
0.64268
0.56041
0.47609
0.41555
0.39382
0.40437
0.44717
0.49638
0.56918
0.62045
0.64378
0.63278
0.60465
0.61297
0.677
0.78382
0.93339
1.1043
1.2664
1.39
1.4259
1.3613
1.2263
1.0786
0.9608
0.88154
0.85141
0.88317
0.95544
1.0362
0.95706
0.62012
-0.098001
-0.97338
-1.8696
-2.5079
-2.818
-2.7876
-2.3508
-1.6378
-0.73365
0.089295
0.66957
0.98821
1.09
1.0154
0.80283
0.53087
0.29086
0.12099
0.036078
0
0.01485
0.055148
0.12088
0.20143
0.97941
