-0.33767
-0.94425
-1.3446
-1.1377
-0.91532
-0.86344
-0.97895
-1.3449
-1.3672
-1.0398
-0.17283
0.56953
1.029
1.0301
0.95833
0.924
1.0283
1.1237
1.2119
1.2118
1.186
1.1653
1.0706
0.36993
0.35951
-0.39208
-0.98229
-1.1774
-1.1864
-1.1837
-1.1986
-1.3747
-1.0143
-0.50432
0.1773
0.77092
0.71753
0.9765
1.0692
1.2368
1.1809
1.191
0.95498
0.93127
0.88372
1.4455
1.0348
0.67116
-0.17116
-1.0058
-1.4507
-1.2769
-0.94592
-0.73356
-0.87612
-0.99171
-1.1095
-1.1281
-1.1599
-1.1221
-1.0395
-0.83548
-0.924
-0.95333
-1.2912
-0.86904
-0.88911
-0.80199
-0.9501
-1.1711
-1.1625
-0.94993
-0.8468
-1.0186
-1.5421
-1.4145
-0.7856
-0.46423
-0.50297
-0.92797
-1.001
-1.0973
-1.1973
-1.2747
-1.3961
-0.924
-0.58437
0.21233
0.6647
0.84084
0.81563
0.85227
1.0371
1.2724
1.3069
1.1788
0.86792
0.82743
1.131
1.4554
0.79956
-0.050898
-0.99547
-1.4285
-1.3601
-1.3713
-1.0348
-0.62214
0.32264
0.78429
0.70097
0.84762
1.0763
1.1249
1.3392
1.0463
0.90251
0.73496
1.0568
1.414
1.3015
0.53692
-0.3406
-0.9975
-1.0662
-1.1165
-1.0475
-1.1481
-1.2121
-1.2457
-1.1934
-0.55355
0.20154
0.88324
1.1614
1.1804
1.0397
0.86145
0.83374
1.0267
1.2221
1.399
1.3189
1.0189
0.56508
-0.1809
-0.89724
-1.3043
-1.0739
-0.84791
-0.91173
-1.0854
-1.4242
-1.5449
-0.9407
-0.44567
0.32591
0.84331
0.92525
0.93484
0.97272
1.045
1.2206
1.165
1.1764
0.84196
1.0121
1.179
1.3294
0.87146
0.073844
-1.2978
-1.9915
-1.1466
-0.31017
0.96316
1.3884
1.5462
1.1551
0.52246
0.54133
-0.88396
0.58866
0.36618
0.7335
0.76582
0.85805
0.81472
0.87874
0.9966
1.0747
1.0663
1.0133
0.97573
1.1917
1.2214
1.0779
0.84013
0.67397
0.85039
1.1914
1.4957
1.3199
1.2023
0.91877
0.39885
0.78
0.33996
-0.13807
0.5005
0.546
1.0363
1.0421
0.90246
0.96871
0.90962
1.0269
1.1323
1.4353
1.3441
1.1631
0.44489
-0.28264
1.1807
1.43
0.97634
-0.053625
-1.2791
-1.9124
-1.3213
-0.85348
-0.56899
-0.0273
0.76672
1.0169
0.82304
0.76471
0.80741
0.98987
1.0905
1.1619
1.2012
1.0327
0.9009
0.99495
1.1506
1.4857
1.1758
0.40873
-0.23469
-0.82197
-1.0934
-1.2053
-1.2666
-1.2836
-1.2512
-0.98849
-0.50775
0.24426
0.73591
0.87759
0.9437
1.1022
1.1961
1.2106
1.0695
0.89642
0.72258
0.96791
1.3264
1.5269
1.0939
0.39331
-0.41708
-0.91538
-1.0567
-1.1013
-1.154
-1.2262
-1.3037
-1.2326
-0.8411
-0.1488
0.46475
0.84295
0.98729
1.0839
1.0872
1.0313
0.95881
0.96419
1.0445
1.176
1.3014
1.3454
1.1211
0.63465
-0.16741
-0.95095
-1.1506
-1.0075
-0.96021
-1.2975
-1.2679
-0.89613
-0.27579
0.42467
0.95777
1.1358
1.155
1.078
1.0771
0.97876
0.93461
1.0078
1.1755
1.4158
1.2257
0.65768
-0.13187
-0.74941
-1.1068
-1.0832
-1.097
-1.0534
-1.1085
-1.1478
-1.1728
-1.1555
-1.182
-0.9271
-0.36993
0.38947
0.80547
1.0684
1.1779
1.2672
1.3581
1.2614
0.98328
0.68068
0.5148
0.092876
-0.28796
-0.82691
-0.99735
-1.0465
-1.1303
-1.1788
-1.1843
-1.2325
-1.1705
-1.1182
-0.60968
0
0.42689
0.63813
0.97505
1.1902
1.3098
1.26
1.1365
1.1072
1.1226
0.99737
0.61841
0.042049
-0.56828
-1.0805
-1.2679
-1.2313
-1.1021
-1.1224
-0.98242
-0.66011
0.21416
1.1303
1.8679
1.6015
0.92616
0.069947
-0.88978
-1.5585
-1.3633
-1.2353
-0.96096
-0.364
0.21578
0.66733
0.87216
1.0223
1.1482
1.3451
1.4038
1.1805
0.53865
-0.44858
-0.54933
0.2685
1.374
1.8056
1.1673
0.15377
-0.75856
-1.2271
-1.1892
-1.1085
-1.0648
-1.0649
-1.0858
-1.1269
-1.1386
-1.1529
-1.078
-1.155
-0.74301
-0.82841
0.231
0.20951
0.13347
0.6552
0.93022
1.0128
1.5598
1.4343
0.88679
-0.49461
-1.1464
-0.54108
0.89278
0.86549
0.21208
-0.60378
-1.0816
-1.1692
-1.0931
-1.0599
-1.0359
-1.1039
-1.1206
-1.1043
-1.1069
-1.1201
-1.238
-1.1482
-0.69568
-0.14033
0.29417
0.9118
0.82234
1.1131
0.89581
1.0304
1.1078
1.0625
1.0824
1.2104
1.2815
0.93926
0.21298
-1.0093
-1.8521
-1.1139
-0.48496
-0.43417
-0.65106
-0.88774
-0.9581
-0.91941
-0.99629
-1.0576
-1.0433
-1.0632
-1.0622
-1.0607
-1.1286
-1.1974
-1.2285
-1.1868
-0.94098
-0.637
-0.71574
-1.2225
-1.5205
-0.66733
-0.0455
-0.028875
-0.90936
-0.9017
-1.3378
-1.2295
-1.43
-1.1358
-0.79649
-0.19585
0.54766
0.76672
0.94318
0.99655
1.0178
0.99156
0.98899
0.92587
0.90174
0.92439
0.97263
1.1452
1.3516
1.3835
1.3064
0.78283
0.30138
0.084591
1.07
0.36703
-0.11368
-0.60515
-0.97263
-1.0674
-1.0926
-1.0849
-1.0956
-1.0812
-1.2129
-1.2566
-1.1844
-0.95871
-0.22283
0.46492
0.99833
1.2141
1.1455
1.2396
1.3741
1.2304
0.76848
-0.15056
-0.9944
-1.6482
-1.4583
-0.79365
-0.21208
0.70293
0.68797
0.95268
0.62807
0.83247
0.78804
0.91093
1.071
1.0922
0.94687
0.98113
1.077
1.2957
1.4866
1.1033
0.52098
-0.35874
-1.0393
-1.0642
-1.0278
-0.9298
-1.024
-1.111
-1.1975
-1.358
-1.3086
-0.77446
-0.21994
0.37726
0.90817
0.9555
1.1908
1.1996
0.98374
0.71338
0.74029
1.1586
1.5344
1.4166
0.7267
-0.17259
-0.79567
-0.99476
-1.0218
-1.0292
-1.1293
-1.2486
-1.3245
-1.2382
-0.927
-0.19039
0.43203
0.92343
1.1091
1.1138
1.1586
1.0706
1.0686
0.9555
1.0066
1.0373
1.2064
1.3024
1.3612
1.0516
0.29441
-0.30999
-0.30198
0.71867
1.0483
1.6129
1.4787
1.0362
0.27155
0.10104
0.60866
1.3728
1.8205
1.4562
0.67102
-0.1155
-0.83467
-1.041
-1.1757
-1.0822
-1.0595
-1.0053
-0.9473
-0.9104
-1.0344
-1.151
-1.1664
-1.2438
-1.2262
-1.0768
-0.72916
-0.3861
0.429
1.0437
1.1948
1.2155
1.0345
1.0213
1.092
1.0355
1.0454
0.92235
0.819
0.78422
0.81464
0.79993
0.87219
1.0221
1.0814
1.1201
1.1935
1.3714
1.318
0.93905
0.143
-0.93116
-1.8966
-0.92776
-0.25025
0.35629
0.58465
0.81672
0.95241
0.98751
1.0578
1.0619
1.0876
1.1147
1.0878
0.91921
0.71692
0.71595
0.93186
1.1402
1.2846
1.3895
1.2551
0.82604
0.13249
-0.56056
-0.93051
-0.94625
-0.9286
-0.93065
-0.99576
-1.0461
-1.0862
-1.1087
-1.1049
-1.1075
-1.1017
-1.0901
-1.0636
-1.044
-1.1206
-1.123
-0.65415
-0.070965
0.66583
1.0298
1.0952
1.0014
0.95263
1.0134
1.1782
1.3276
1.3881
1.2686
0.97096
0.62593
0.039129
-0.48253
-0.27522
0.27984
0.66277
0.80115
0.90719
0.93822
0.96543
0.98114
0.99975
1.0405
1.055
1.1074
1.095
1.0295
1.0085
1.2026
1.2959
1.114
0.61041
0.47512
1.1411
1.5084
0.98098
0.16094
-0.50994
-0.93987
-1.1107
-1.167
-1.1528
-1.1321
-1.1367
-1.1703
-1.1928
-1.1061
-0.78169
-0.21341
0.47416
0.7939
0.89488
0.95268
0.96002
0.98205
0.96416
0.98209
0.99
0.99641
0.99595
0.9834
0.96012
0.9952
1.093
1.2557
1.2627
1.1601
0.92729
0.7223
1.0607
1.0575
0.42977
-0.32839
-1.0146
-1.2025
-1.1967
-1.0573
-0.96296
-0.94405
-1.019
-1.0321
-1.1373
-1.2434
-1.3379
-1.187
-0.48773
0.21159
1.1529
1.7397
1.321
0.77963
-0.023056
-0.58595
-1.0234
-1.1454
-1.1646
-1.1244
-1.1397
-1.0732
-1.0693
-1.0593
-1.1509
-1.3666
-0.89673
-0.17607
0.21045
0.78169
1.1308
1.3453
1.256
1.0947
0.825
0.97804
1.2356
0.9736
0.21927
-0.4391
-1.0205
-1.1484
-1.1415
-1.0703
-0.9959
-1.02
-0.98577
-1.1132
-1.173
-1.2463
-1.2903
-1.0656
-0.51179
0.14649
0.69738
0.87201
0.87287
0.90766
0.9073
1.0641
1.1739
1.1886
1.2
1.0499
0.9216
0.75838
0.85402
1.197
1.435
1.2434
0.43996
-0.3132
-0.9657
-1.1578
-1.2166
-1.0997
-1.1997
-1.2999
-1.1398
-0.62653
-0.0089242
0.5779
0.88825
0.99642
0.98587
0.98636
0.9619
1.0165
1.1186
1.1979
1.2223
1.1867
1.0651
0.95479
0.88709
0.84033
0.62796
0.68926
0.84717
0.79506
0.84506
0.91814
0.93642
0.95698
1.0449
1.0334
1.1116
1.0955
1.0776
1.0228
1.1322
1.2129
1.2288
1.0125
0.82942
0.90326
1.3292
1.3581
0.84898
0.15284
-0.53904
-0.82507
-1.0129
-1.0276
-1.1034
-1.1457
-1.1612
-1.1427
-1.0981
-1.0959
-1.0961
-1.1823
-0.97358
-0.72916
0.0693
0.68153
0.72401
0.87714
0.91119
0.98874
0.91914
0.95294
0.95224
1.0231
0.98006
1.0229
1.0596
1.0911
1.1559
1.2982
1.2876
1.0426
0.48697
-0.029369
-1.0162
-1.5272
-1.404
-0.96438
-0.546
-0.538
-0.80578
-1.0607
-1.1308
-1.0815
-1.0403
-1.0683
-1.2055
-1.3769
-1.1466
-0.7722
0.025557
0.71299
1.2012
1.2644
1.3324
1.2143
0.89135
0.2457
-0.45588
-0.85965
-1.0346
-1.1118
-1.0998
-1.1172
-1.0721
-1.0548
-1.0579
-1.0334
-1.0813
-1.2662
-1.2135
-0.95133
-0.19335
0.56704
1.1248
1.0912
1.0698
0.95217
1.0599
1.3731
1.4856
1.1359
0.018652
-1.4669
-1.4784
0.24349
0.56968
0
-0.57112
-0.91346
-1.0649
-1.1002
-1.0979
-1.073
-1.0934
-1.092
-1.1602
-1.2286
-1.2125
-1.0463
-0.86792
-0.52226
-0.2204
0.27054
-0.30198
-0.48909
-0.66449
-0.792
-1.0164
-1.1638
-1.1706
-1.1414
-1.0058
-0.95333
-1.0409
-1.2919
-1.386
-0.93981
-0.24782
0.41781
0.83853
0.9332
0.96663
0.98706
0.99094
0.9801
0.98855
0.98625
1.0139
0.99505
0.98618
0.99025
0.98368
0.9859
0.99506
1.0273
1.1126
1.2302
1.3213
1.2984
0.99761
0.51776
-0.27027
-0.38462
-0.18301
-0.37658
-0.65156
-0.90404
-1.0869
-1.2094
-1.2998
-1.3134
-1.2644
-1.0184
-0.71946
-0.49301
-0.54824
-0.81621
-1.0211
-1.1826
-1.3064
-1.2061
-0.78256
-0.21316
0.45803
0.7152
0.85944
0.87799
0.9345
0.97262
1.024
1.0882
1.1604
1.2233
1.2544
1.0852
0.89656
0.80061
0.86864
0.7794
0.637
0.58491
0.91319
1.0985
1.1824
1.1518
0.98263
0.90657
0.91732
0.99621
1.0135
1.0478
1.0885
1.1405
1.1247
1.0311
0.88772
0.75243
0.68902
0.70224
0.86693
1.1234
1.3854
1.3304
1.0091
0.59048
0.62367
0.93314
1.3681
1.575
1.3324
0.6661
-0.091346
-0.67447
-1.039
-1.1509
-1.1954
-1.2104
-1.2392
-1.2492
-1.1022
-0.62062
0.021074
0.62068
0.83645
0.88646
0.9025
0.94159
0.9813
0.97872
1.0018
0.99708
0.99647
1.0196
1.0477
1.0818
1.0888
1.0965
1.1409
1.2244
1.1744
0.96438
0.12512
-1.0956
-1.7302
-0.67864
0.71685
1.716
1.1332
0.15466
-0.32514
-0.63661
-0.88183
-1.0654
-1.1522
-1.1574
-1.1543
-1.1934
-1.2644
-1.123
-0.62952
0.17409
1.0027
1.4305
1.4646
1.3373
0.98
0.27227
-0.51992
-1.1318
-1.422
-1.1783
-1.1339
-1.0265
-1.0433
-1.2605
-0.82435
-0.32118
0.30263
0.58073
0.71428
0.75706
0.87728
1.0144
1.0599
1.0975
1.0725
1.0077
1.0268
1.1246
1.3064
1.3647
0.96899
0.26831
-0.55255
-1.2087
-1.2627
-1.0424
-0.92324
-0.93747
-1.1567
-1.2343
-1.4069
-1.0431
-0.42415
0.25626
0.86573
1.0081
0.98374
1.01
1.0215
1.0715
1.0536
1.0975
1.1605
1.1371
1.0866
1.0799
0.82435
0.33495
-0.33694
-0.75154
-0.95783
-0.97619
-0.89804
-0.9617
-1.047
-1.1321
-1.1245
-1.113
-1.1028
-1.0953
-1.2362
-1.3362
-1.1803
-0.61083
0.41332
1.4826
1.606
0.65864
-0.18821
-0.75002
-1.0316
-0.9796
-0.97143
-0.96766
-1.0163
-1.1341
-1.1431
-1.1264
-1.0411
-0.97581
-0.97315
-1.0583
-1.2714
-1.3932
-1.1719
-0.63486
0.14215
0.82641
0.89628
0.84492
0.91708
1.0679
1.1151
1.1683
1.1988
1.2228
1.1917
0.99302
0.42441
-0.231
-0.65181
-0.9828
-1.0571
-1.0751
-1.052
-1.0691
-1.1868
-1.2312
-1.2722
-1.0892
-0.56683
0.22005
0.82291
1.1222
1.0024
0.96155
0.98769
1.2324
1.4321
1.1193
0.54209
-0.2466
-0.8791
-1.169
-1.0825
-1.0296
-1.0064
-1.145
-1.2806
-1.3521
-0.99565
-0.31956
0.3633
0.88978
1.1378
1.188
1.2073
1.1591
1.113
1.1461
1.1753
0.95309
0.40156
-0.42374
-1.0227
-1.4472
-1.5735
-1.3297
-0.88161
-0.13347
0.42666
0.68423
0.74862
0.73902
0.73161
0.77414
0.90064
0.99874
1.1112
1.101
1.0272
0.91795
0.86521
0.92561
1.0528
1.2525
1.4142
1.3562
0.91795
0.15697
-0.56158
-0.99651
-1.0034
-1.0262
-1.0712
-1.1188
-1.2424
-1.3318
-1.239
-0.74465
-0.025288
0.62092
0.88685
0.88361
0.8968
0.92701
0.99711
1.0532
1.0936
1.0744
1.0581
1.092
1.1628
1.3005
1.1593
0.62797
-0.14169
-0.74989
-0.99821
-1.0192
-1.1216
-1.2247
-1.287
-1.2852
-1.0969
-0.53935
0.19985
1.1284
1.8098
1.6104
0.96499
0.20475
-0.51367
-1.076
-1.1944
-1.2244
-1.3179
-1.2774
-0.93371
-0.29626
0.55395
1.5275
1.5805
0.91346
0.077748
-0.83883
-1.2225
-1.351
-1.3126
-1.1824
-1.1243
-0.56189
-0.1369
0.34062
0.87412
1.0628
1.0624
1.1381
1.013
1.0339
0.9828
0.98022
1.0213
1.1212
0.97769
0.99756
0.98069
0.96992
1.0939
1.1179
1.3779
1.3082
0.77581
-0.12105
-0.92079
-1.4888
-1.3932
-1.0882
-1.2063
-0.74686
-0.48962
0.7727
1.2159
1.6141
1.2376
0.4878
-0.27614
-0.44307
-0.80826
-1.1042
-1.3168
-1.3095
-1.2531
-1.106
-0.66018
-0.44319
-0.429
-0.65784
-0.81957
-0.91218
-0.94273
-0.97542
-1.0224
-1.073
-1.1106
-1.1518
-1.1408
-1.1665
-1.0609
-1.0455
-1.0624
-1.0823
-0.93971
-0.52128
0.25648
0.73726
0.98057
0.90716
0.84459
0.95217
0.94934
0.9741
1.0118
1.0113
1.0456
0.99208
0.95962
1.0098
1.0122
1.0537
1.0058
0.98709
1.0271
1.0375
1.0379
1.0824
1.2012
1.3573
1.0894
0.44451
-0.38713
-1.1391
-1.4986
-1.42
-1.285
-0.86067
-0.6702
0.48496
1.1293
1.716
0.81162
0.069035
-0.94476
-1.3489
-1.3285
-0.95493
-0.66226
-0.77811
-1.4232
-1.7936
-0.79418
0.0546
1.464
1.8835
0.70957
0.12469
-0.74395
-1.0864
-1.231
-1.2968
-1.3207
-1.2365
-0.89968
-0.34157
0.47667
1.3685
1.5499
0.95076
0.1092
-0.6006
-1.1057
-1.0911
-1.1056
-1.2012
-1.386
-1.2171
-0.59493
0.28107
0.93172
1.0999
1.0468
1.0762
1.1838
1.243
1.24
1.085
0.884
0.65962
0.73987
1.2349
1.164
0.65013
0.067737
-0.82082
-1.7652
-1.7754
-1.1249
0
1.3562
1.1026
0.117
-0.64462
-1.0137
-1.0027
-0.99244
-1.0494
-1.1149
-1.2135
-1.2504
-1.2568
-1.0135
-0.59263
0.077554
0.51661
0.77275
0.88207
0.93863
0.9774
1.0056
1.0521
1.0702
1.075
1.0662
1.0595
1.051
1.0675
1.0453
1.0284
1.02
0.99529
1.0697
1.098
1.1999
1.1661
1.1623
1.1836
1.1501
1.1539
0.71161
0.051828
-0.53146
-0.8643
-0.93885
-1.0074
-0.98592
-0.9743
-0.98406
-1.0435
-1.0828
-1.1916
-1.1784
-1.194
-1.1572
-1.0774
-0.81603
-0.3139
-0.58652
-0.94124
-1.1204
-0.96035
-0.75532
-0.72503
-0.73186
-0.92653
-1.0363
-1.081
-1.1613
-1.1569
-1.1143
-0.9987
-0.97459
-0.9191
-1.212
-1.2512
-1.1899
-0.58738
0.34817
0.94185
1.0829
0.91
0.89764
1.0934
1.1882
1.3076
1.3409
1.1122
0.60218
0.077597
-0.59927
-1.0139
-1.1789
-1.248
-1.1229
-0.89132
-0.73559
-0.79625
-1.0189
-1.1729
-1.3538
-1.3585
-1.161
-0.78105
-0.15188
0.36889
0.81113
1.0391
1.2231
1.2262
1.1257
1.2618
1.1024
0.6592
-0.10905
-0.84843
-1.2322
-1.1487
-1.0792
-1.0567
-1.0578
-1.1125
-1.2187
-1.2261
-1.2501
-0.69238
-0.064064
0.45328
0.99312
1.1662
1.2115
1.0406
0.91413
0.893
0.90396
1.0022
1.0816
1.1128
1.1897
1.4529
1.0887
0.69807
0.084253
-0.51776
-0.79216
-1.0552
-1.1478
-1.2228
-1.2001
-1.2702
-1.1893
-0.96636
-0.21572
0.35391
0.80914
0.90868
0.92932
1.0053
1.0223
1.0288
1.0184
0.97828
0.99037
1.0043
1.0155
1.05
1.0211
1.0379
1.0315
1.0562
1.0087
1.0341
0.99867
0.99525
1.0754
1.2098
1.3407
1.2465
0.74941
0.044571
-0.65423
-1.2153
-1.4017
-1.5015
-1.2595
-0.8183
-0.63737
-0.83513
-0.73297
-0.1809
0.54585
1.2029
1.6474
1.3482
0.65764
-0.2449
-0.92741
-1.2112
-1.153
-1.1235
-1.1002
-1.1296
-1.1725
-1.2147
-1.0385
-0.52521
0.16834
0.75417
0.95682
0.96385
0.99435
1.015
1.0535
1.1844
1.4523
1.2779
0.73912
-0.21481
-1.3131
-1.7198
-1.2754
-0.58843
-0.064408
0.57019
0.98756
1.1845
1.2089
1.2239
1.236
1.2591
1.1109
0.59033
-0.46855
-1.0822
-0.61208
0.17665
0.64014
1.0309
1.1464
1.1576
1.1326
1.0327
0.93921
0.87405
0.86477
0.85348
0.85411
0.87684
0.92247
0.9218
0.93718
0.969
1.0131
1.0567
1.107
1.2059
1.2886
1.2765
1.1176
0.66561
0.061078
-0.37786
-0.66051
-0.94027
-1.1764
-1.3437
-1.3938
-1.2779
-1.0348
-0.67483
-0.36243
-0.25025
0.17459
0.68084
1.0453
1.2462
1.4485
1.2244
0.53919
-0.29061
-0.99887
-1.2442
-1.1787
-1.1526
-1.1988
-1.1674
-1.2052
-0.80568
-0.37695
0.38098
0.77664
0.88361
0.93124
1.1292
1.5211
1.4064
0.858
-0.064304
-1.039
-1.4523
-1.494
-1.23
-0.76292
0.096353
0.78139
1.2932
1.3566
1.3394
1.2857
1.0786
0.7598
0.25667
-0.46713
-1.3728
-1.8246
-0.95422
-0.044162
0.52226
1.0458
1.0516
0.98098
1.0374
0.9405
0.85585
0.87141
0.9377
0.90037
0.98536
0.97831
0.90281
0.97166
0.94352
0.97911
0.97288
1.0092
1.1585
1.3604
1.3848
0.88821
0.12275
-0.63674
-1.0842
-1.1412
-1.1403
-1.0048
-0.90336
-0.83694
-0.98383
-1.0976
-1.2338
-1.1381
-1.0581
-0.94156
-0.92212
-1.049
-1.1822
-1.1109
-0.98479
-0.61659
-0.61029
-0.70848
-0.94624
-1.078
-1.07
-1.1142
-1.0786
-1.0835
-1.1422
-1.1571
-1.0877
-1.1722
-1.1588
-1.0011
-0.22407
0.56371
1.3397
0.86809
-0.042613
-0.61401
-1.2269
-1.3039
-1.2624
-1.2777
-1.1858
-0.97563
-0.41869
0.52985
1.5466
1.8779
0.93748
0.03357
-0.71467
-1.1756
-1.0151
-0.95217
-0.92046
-1.0157
-1.0844
-0.924
-0.84516
-0.95196
-1.1046
-1.1636
-1.1516
-0.95241
-1.1917
-1.2913
-1.1408
-0.363
0.35816
0.5779
0.76703
0.82805
0.86961
0.91307
1.0281
1.1247
1.2443
1.4176
1.2756
0.777
0.011893
-0.82629
-1.0858
-1.1561
-1.1015
-0.9735
-0.85688
-0.88664
-1.0884
-1.382
-1.4402
-1.2513
-0.86929
-0.4368
0.36181
0.73758
0.154
0.89745
1.0104
1.0377
0.27935
-0.39264
-1.033
-1.2479
-1.1866
-1.1209
-1.1014
-1.1564
-1.1556
-1.2138
-0.83417
-0.13547
0.4576
0.87525
1.0149
1.2035
1.4827
1.4184
0.6714
0.022
-0.76314
-1.1495
-1.5147
-1.4588
-1.001
-0.080294
0.80026
1.2831
1.2652
1.1827
1.1863
1.2077
1.1771
0.96447
0.3575
-0.728
-1.2679
-0.2145
0.24682
0.6716
0.80798
0.91702
0.92716
0.96263
0.98145
0.95894
0.98707
1.0043
0.99628
0.98885
0.98481
0.98031
0.97272
0.97707
0.9779
0.99288
1.0429
1.1219
1.2535
1.3808
1.2157
0.75305
0.031947
-0.58493
-0.99289
-1.4029
-1.6565
-1.1493
-0.40702
0.56875
1.2559
1.3678
1.3583
1.0783
0.50772
-0.19067
-0.80557
-1.171
-1.1986
-1.1473
-1.0866
-1.0633
-1.0765
-1.1172
-1.1754
-1.1698
-1.1767
-0.83805
-0.25888
0.8008
1.638
0.81563
0.49461
1.0854
0.87679
0.35479
-0.28641
-0.93544
-1.3297
-1.2435
-1.0437
-0.78959
-0.73208
-0.86086
-1.0449
-1.1062
-1.1174
-1.1293
-1.1564
-1.2388
-1.2375
-1.0738
-0.47924
0.14933
0.72525
0.9412
1.0006
1.0498
1.0203
1.0154
0.96991
0.93904
0.92833
0.94133
0.96428
0.99053
1.0425
1.1028
1.1576
1.1434
1.0274
0.92769
1.0593
1.4439
1.0092
0.19127
-0.94089
-1.9484
-1.3278
-0.48996
0.77
1.667
0.89302
-0.023599
-0.5005
-0.83399
-1.001
-1.0932
-1.1494
-1.1509
-1.1451
-1.1409
-1.1834
-1.1843
-0.99872
-0.81809
-0.37371
0.3465
0.94265
1.1823
1.1843
1.1401
0.91307
0.98153
1.2225
1.2657
0.38675
-0.54011
-1.362
-1.2986
-1.1191
-0.72072
-0.6307
-0.57253
-0.76581
-0.90979
-1.0019
-1.0355
-1.0686
-1.0911
-1.1322
-1.1645
-1.1915
-1.2195
-1.1245
-0.82841
-0.21732
0.3286
0.73066
0.98988
1.0175
1.0273
1.0471
1.0832
1.0817
1.0269
0.90927
0.98057
0.98023
1.0795
1.1532
1.2362
1.1029
0.92197
0.72188
0.7572
1.3807
1.1097
0.29212
-0.88361
-1.8139
-1.43
-0.39073
0.82158
1.7675
1.1348
0.22563
-0.43946
-0.80486
-0.96075
-1.077
-1.1386
-1.1658
-1.149
-1.1612
-1.1776
-1.2265
-1.0292
-0.6343
-0.025777
0.67044
1.2381
1.2411
1.1122
0.89791
1.0048
1.2512
1.1736
0.38473
-0.69635
-1.6179
-1.5884
-1.1308
-0.49636
-0.31281
-0.45956
-0.82225
-1.0275
-1.0649
-1.0258
-1.0583
-1.0914
-1.1933
-1.2729
-1.2905
-1.054
-0.67951
0
0.5915
0.88846
0.9088
0.93711
0.95695
0.95642
0.99976
1.0343
1.057
1.0765
1.0189
0.97789
0.91944
1.003
1.0359
1.0591
1.084
1.0998
1.1277
0.98934
1.0522
1.0685
0.78393
0.189
-0.70683
-1.6118
-1.7319
-1.2766
-0.43296
0.67198
1.629
1.4239
0.6095
-0.12427
-0.60331
-0.95409
-1.1175
-1.1815
-1.18
-1.188
-1.1707
-1.1806
-1.1564
-1.0197
-0.54189
0.10052
0.72446
1.0704
1.1664
1.4099
1.5015
1.2673
0.58392
0.429
0.39
0.14891
-0.38255
-1.354
-1.9246
-1.2305
-0.51691
-0.2145
-0.49685
-0.85957
-1.0558
-1.0646
-1.046
-1.0677
-1.1125
-1.17
-1.2272
-1.2037
-1.1656
-0.72072
-0.021
0.60248
0.89358
0.91066
0.92197
0.95465
0.97087
0.99588
1.0184
1.0084
0.9859
0.97591
0.96642
1.0159
1.0108
1.0506
1.0817
1.104
1.1222
1.2134
1.2942
1.0282
0.51255
-0.081635
-0.67318
-1.4187
-1.8404
-1.3977
-0.58955
0.66085
1.4721
0.80568
-0.10122
-0.38485
-0.74148
-0.86314
-0.99544
-1.0288
-1.0832
-1.1242
-1.0815
-1.0728
-1.0692
-1.0502
-1.0621
-1.0686
-1.0543
-1.0316
-1.0664
-1.0677
-1.1136
-1.1291
-1.182
-0.93844
-0.25557
-0.23279
-0.55055
-0.96871
-1.1706
-1.2484
-1.0252
-0.77764
-0.71143
-0.84178
-1.0089
-1.0799
-1.0493
-1.0573
-1.0749
-1.1525
-1.2386
-1.2928
-1.0941
-0.58465
0.092604
0.63279
0.87975
0.93683
0.97872
1.0057
1.0082
0.99353
0.98606
0.98595
0.98399
0.99388
1.0247
1.0794
1.1218
1.1034
1.0515
0.96299
0.92871
1.0481
1.266
1.4211
1.1149
0.41421
-0.82705
-1.5072
-0.64494
0.61114
1.5753
1.3508
0.4489
-0.30395
-0.72486
-0.924
-1.0049
-1.1228
-1.1874
-1.2012
-1.2301
-1.252
-1.0425
-0.56492
0.17697
0.70517
0.96737
1.0297
1.0449
1.0599
1.0097
1.0946
1.224
1.2178
1.0122
0.80748
0.80517
0.99424
1.171
1.3215
0.98344
0.42148
-0.36689
-0.87528
-1.0617
-1.0343
-1.0161
-1.0626
-1.1084
-1.2169
-1.2059
-1.2751
-1.1309
-0.63981
-0.042747
0.54933
0.88406
0.92801
0.95186
0.94452
0.95637
0.96165
0.96243
0.96291
0.97518
1.0083
1.0568
1.1114
1.0924
1.034
0.99469
1.0599
1.2787
1.386
1.1017
0.24218
-0.82717
-0.61255
0.33996
1.1796
1.8108
1.408
0.63362
-0.16321
-0.74548
-0.97732
-1.0381
-1.1031
-1.1444
-1.148
-1.1629
-1.1787
-1.2029
-1.1568
-0.67587
0
0.78673
1.2159
1.3975
1.3819
1.0343
0.64284
0.33762
1.0306
1.5062
1.7468
1.3585
0.50312
0.31066
-0.38133
1.254
0.47238
-0.07955
-0.61172
-0.96303
-1.0375
-1.0298
-1.0417
-1.0487
-1.1352
-1.1573
-1.196
-1.2726
-1.0975
-0.91581
-0.33061
0.39292
0.61425
0.86293
0.93672
1.0559
0.94058
0.89172
0.98594
1.0226
1.0153
0.98424
1.1704
1.402
1.2854
1.189
0.63478
-0.67737
-0.2126
0.21233
-0.04923
-0.63917
-0.98619
-1.4733
-1.5223
-1.2408
-0.73687
-0.34148
-0.48217
-0.71269
-0.91642
-1.0037
-1.0221
-1.0829
-1.112
-1.1104
-1.1244
-1.1034
-1.1166
-1.0651
-1.1458
-1.156
-1.0577
-0.56709
0.25694
0.74631
1.1653
0.95816
0.836
1.2474
1.6933
1.0684
0.858
0.32247
0.91291
1.3672
1.0344
0.29801
-0.40264
-0.85425
-1.0531
-1.1267
-1.1316
-1.2253
-1.1881
-1.286
-0.95964
-0.49461
0.29619
0.76789
0.91419
1.0024
0.94871
1.0215
1.0411
1.0582
1.0421
1.032
0.97633
0.96237
1.0649
1.1524
1.2503
1.1717
1.028
0.9371
1.0432
1.1472
1.0043
0.43664
-0.4627
-1.3776
-1.429
-0.70316
0.42235
1.0115
0.47629
-0.27442
-0.81008
-1.0535
-1.0766
-1.0845
-1.0887
-1.1115
-1.1481
-1.1602
-1.2054
-1.1733
-0.91036
-0.31611
0.35691
0.77819
0.924
0.94705
0.97796
0.99791
1.0518
1.1029
1.1201
1.1106
1.0209
0.95296
0.8933
1.0192
1.2027
1.2981
1.1851
0.83831
0.5916
0.73856
1.2815
1.4779
1.1588
0.39033
-0.43946
-0.94521
-1.1092
-1.0894
-1.1437
-1.1841
-1.2341
-1.2468
-1.1525
-0.76945
-0.071785
0.43194
0.70299
0.80661
0.95279
0.96236
0.97085
0.93961
0.93619
0.95298
1.0115
1.0789
1.0939
1.0842
1.0485
1.031
1.0264
1.1418
1.3154
1.2684
1.0514
0.38977
0.17613
0.56899
1.2193
1.5918
1.2012
0.36535
-0.46378
-0.97989
-1.0676
-1.0532
-1.0689
-1.0949
-1.1461
-1.2106
-1.2593
-1.2111
-0.8085
-0.23438
0.4004
0.858
1.1435
1.2524
1.274
1.0839
0.79671
0.66733
0.92887
1.2244
1.275
1.1138
0.93507
0.90788
1.1838
1.3325
0.94138
0.27745
-0.48324
-0.93987
-1.098
-1.1101
-1.1206
-1.1411
-1.1972
-1.3062
-1.1203
-0.60227
0.093844
0.63894
0.90528
0.93476
0.9634
0.97872
0.99213
0.9897
0.99597
1.024
1.0092
1.0051
1.0187
1.0253
1.0553
1.0958
1.0952
1.0491
1.0388
1.092
1.1233
1.2887
1.1297
0.60538
-0.17928
-1.3297
-1.8358
-1.3924
-0.35191
0.67673
0.49564
-0.25659
-0.76389
-1.0735
-1.0636
-1.052
-1.0742
-1.0912
-1.138
-1.2006
-1.1916
-1.1867
-1.1288
-0.75563
-0.18649
0.47527
1.1234
1.407
1.6193
1.286
0.5199
-0.21208
0.70617
1.3331
1.0834
0.09755
-0.60766
-1.0257
-0.93489
-0.85828
-0.83432
-0.89504
-1.0196
-1.072
-1.0668
-1.0474
-1.0576
-1.0771
-1.1428
-1.1617
-1.166
-1.0532
-1.0491
-1.0376
-1.0147
-0.62018
-0.067106
0.9466
1.165
0.92249
0.66557
0.88635
0.836
0.94539
0.99547
1.0913
1.1305
1.1879
1.0827
1.0654
0.98625
1.0905
1.3784
0.91581
0
-1.3817
-1.365
-0.30853
1.0748
1.1751
0.52317
-0.30913
-0.78044
-0.98102
-1.0601
-1.0263
-1.0508
-1.0929
-1.1249
-1.1344
-1.1353
-1.1352
-1.207
-1.0413
-1.0169
-0.70231
0.056394
0.43821
0.7215
0.92846
1.0532
1.2593
1.4351
1.3098
1.0994
0.52916
0.26842
1.0626
1.54
0.95422
0.1187
-1.1007
-1.6868
-1.4777
-0.84217
-0.31518
-0.28113
-0.5942
-0.92918
-1.0081
-1.0347
-1.0987
-1.1223
-1.1505
-1.155
-1.1667
-1.1941
-1.1073
-0.68109
-0.22372
0.65106
0.89745
1.0566
1.1155
1.047
1.158
1.074
1.0174
0.87949
0.88119
0.92144
0.89278
0.94979
1.0215
1.0789
1.0836
1.0445
1.0807
1.2167
1.277
1.0608
0.74651
-0.084354
-1.0042
-1.872
-1.5345
-0.48196
0.67375
0.92986
0.12779
-0.58527
-0.94946
-1.0336
-1.0519
-1.0472
-1.0766
-1.0782
-1.1493
-1.1734
-1.1468
-1.1464
-1.1118
-1.0792
-0.6006
0.27478
0.99128
1.4165
0.39255
0.53324
0.6006
0.924
1.2012
1.4497
1.4393
1.2138
0.38013
-0.43946
-0.72718
-0.76712
-0.66432
-0.80213
-0.99882
-1.0531
-1.099
-1.0948
-1.182
-1.1933
-1.2736
-1.1233
-0.65275
0.09019
0.63341
0.92353
1.0048
1.0079
1.0477
1.0485
1.0659
1.0251
0.97766
0.96994
0.97804
0.97586
0.98176
0.99437
1.0301
1.039
1.0434
1.0829
1.111
1.1413
1.1782
1.1835
1.0092
0.5955
0.41158
0.61997
1.0842
1.4451
1.5805
1.1923
0.49758
-0.29612
-0.91717
-1.1031
-1.1405
-1.2129
-1.2444
-1.2977
-1.1492
-0.78812
-0.058738
0.5315
0.8091
0.95691
0.97165
1.1001
1.151
1.1261
1.0415
0.90766
0.83579
0.89261
1.0503
1.1569
1.1986
1.1144
1.0489
1.0901
1.2482
1.1536
0.66733
0.018594
-0.69611
-1.0677
-1.0959
-1.0929
-1.1464
-1.3031
-1.3347
-0.99299
-0.28127
0.4223
0.86947
1.0511
1.0324
1.0197
0.95027
0.94868
0.95883
1.0127
1.0224
0.98922
0.9621
0.94918
0.94505
0.94117
0.97879
1.0113
1.0423
1.0402
1.0814
1.1501
1.1955
1.214
1.1686
1.0121
0.54152
0.23041
0.43448
0.92899
1.5408
1.5261
1.0373
0.24928
-0.48402
-0.95105
-1.067
-1.0776
-1.0927
-1.1201
-1.1388
-1.1713
-1.2196
-1.2156
-0.96591
-0.5101
0.20639
0.99731
1.3958
1.1308
0.99528
0.68285
0.66291
0.83777
1.1351
1.4584
1.4982
1.3384
0.70659
0.2002
-0.24024
-0.19374
-0.51367
-0.7357
-0.86916
-0.96065
-1.0032
-1.0509
-1.0683
-1.1242
-1.1676
-1.1887
-1.1914
-1.1388
-1.0682
-0.75804
-0.25635
0.25793
0.88413
1.0171
1.0307
1.063
0.93141
0.89945
0.845
0.85959
0.88408
0.90593
0.99976
1.01
0.99887
1.072
1.2082
1.2934
1.3092
1.1091
0.85827
-0.02765
-0.44344
-0.039997
0.68328
1.5099
1.655
1.1861
0.32233
-0.4363
-0.97621
-1.1175
-1.1373
-1.1548
-1.1492
-1.1801
-1.2042
-1.2568
-1.2341
-0.9867
-0.55032
0.116
0.78422
1.1888
1.6415
1.5822
1.0701
0.096461
-0.26902
0.45451
1.716
1.8788
1.2932
0.22603
-0.48324
-0.84506
-0.65328
-0.75654
-0.84933
-0.89226
-0.92521
-0.8844
-0.93286
-0.98793
-1.0552
-1.1062
-1.1528
-1.1746
-1.2054
-1.2318
-1.1098
-0.68057
0.01871
0.572
0.82841
0.9262
0.9341
0.97127
0.97937
0.98485
0.97598
0.96659
0.96928
0.96952
0.9936
1.028
1.0629
1.0741
1.1242
1.2116
1.223
1.1023
0.79401
0.63354
0.78339
1.1837
1.0308
1.0421
1.2512
1.2609
0.7559
-0.031445
-0.61253
-0.92072
-0.99238
-1.0449
-1.0772
-1.115
-1.14
-1.1738
-1.181
-1.2012
-1.1287
-0.72181
-0.15847
0.5787
0.96958
1.0721
1.1097
1.0792
1.0894
1.0406
0.94153
0.78592
0.93512
1.1531
1.3937
1.4678
1.2254
0.56236
0
-0.34494
-0.62563
-0.81057
-0.95792
-1.0342
-1.063
-1.0828
-1.1079
-1.1741
-1.2058
-1.2719
-1.1312
-0.73788
-0.058882
0.62131
0.95907
1.0113
1.0293
1.0138
0.95671
0.93297
0.97202
0.99597
1.0143
1.0138
0.96417
0.91961
0.91072
0.94802
0.99402
1.0309
1.0428
1.105
1.2023
1.2415
1.2234
1.0409
0.91209
0.45291
0.16641
0.34443
0.84459
1.409
1.6415
1.2012
0.46353
-0.31966
-0.87036
-1.0834
-1.1005
-1.1268
-1.1379
-1.1339
-1.1311
-1.1545
-1.1753
-1.1522
-0.83269
-0.22244
0.6435
0.97067
1.0583
1.2457
1.2975
0.91296
0.41857
0.60669
1.258
1.7129
1.4231
0.61443
-0.39835
-0.76644
-0.65408
-0.68297
-0.81365
-0.84352
-0.88344
-0.96304
-1.0214
-1.0642
-1.1503
-1.1719
-1.182
-1.1624
-1.1773
-1.1311
-0.82999
-0.38213
0.37412
0.64169
0.82743
0.90853
1.0565
1.1918
1.3125
1.2509
1.1203
0.74905
0.53652
0.64084
1.0882
1.1061
0.99079
0.80446
0.92063
1.1678
1.5352
1.253
0.56483
-0.15463
-0.70737
-0.9728
-1.0616
-1.0924
-1.1195
-1.1444
-1.1767
-1.2124
-1.2194
-1.0605
-0.56467
0.12398
0.6783
0.92325
0.97211
0.99035
1.001
0.99658
0.99264
0.98815
0.98933
0.99497
0.97762
0.97822
1.0038
1.0389
1.0801
1.1548
1.1958
1.1612
1.0613
0.95059
0.897
0.53249
0.48171
0.76182
1.2644
1.6718
1.4454
0.76616
0.032641
-0.52346
-0.88878
-1.0051
-1.0347
-1.0437
-1.0349
-1.0583
-1.0748
-1.0966
-1.1131
-1.1278
-1.1373
-1.12
-1.1389
-1.0867
-0.9555
-0.50653
0.10094
0.78339
0.71321
0.68135
0.74829
1.0124
1.3611
1.3873
1.056
0.47168
0.61286
1.092
1.6721
1.4427
0.63077
-0.095713
-0.70717
-0.96567
-1.0125
-1.0833
-1.144
-1.1977
-1.2398
-1.2979
-1.0846
-0.59775
0.10617
0.63781
0.90402
0.94041
0.98557
0.98057
1.0144
0.99424
1.019
1.0058
1.0112
0.98229
0.96812
0.98747
0.97383
1.0096
1.0124
1.0391
1.0987
1.2243
1.339
1.2997
0.8562
0.5892
-0.294
0.046319
0.54181
1.215
1.6485
1.4992
0.84722
0.13072
-0.46292
-0.88101
-1.0429
-1.0562
-1.084
-1.0883
-1.0887
-1.0989
-1.1174
-1.0985
-1.1074
-1.0491
-0.93142
-0.95685
-1.0418
-1.091
-1.2683
-1.1381
-0.96541
-0.54319
0.14091
0.89371
1.3337
1.0218
0.60177
0.60053
1.2615
1.5679
0.90627
0.070693
-0.67004
-1.0289
-1.0866
-1.056
-1.0769
-1.0873
-1.1289
-1.1427
-1.1724
-1.1772
-1.1311
-1.0577
-0.73844
-0.24514
0.3315
0.66733
0.93742
1.0328
0.99369
0.94628
0.94235
1.0174
1.1566
1.195
1.1299
0.97737
0.86864
0.92616
1.104
1.1625
0.78706
0.69956
0.81863
1.2044
1.4695
1.4193
0.93905
0.29387
-0.28527
-0.75224
-0.9646
-1.0226
-1.0765
-1.1221
-1.1392
-1.1438
-1.1428
-1.1047
-1.0574
-1.0582
-1.1031
-0.99508
-0.46826
0.35825
1.0077
1.1408
0.95184
0.77606
0.81057
0.94229
1.1392
1.2913
1.3219
1.1763
0.80171
0.62341
0.56262
0.66857
0.81941
1.0862
1.3823
1.4883
1.1622
0.48775
-0.27849
-0.82161
-1.0302
-1.0652
-1.1079
-1.1379
-1.1523
-1.1741
-1.1978
-1.1894
-0.96972
-0.44765
0.20204
0.71283
0.87754
0.92534
0.95368
0.98511
0.9933
0.99112
1.0121
0.99769
0.99777
0.99623
1.0034
1.0018
1.0166
1.0159
1.0104
0.98289
0.96991
0.94665
0.93871
0.97928
1.0452
1.1309
1.2012
1.2575
1.1859
0.9963
0.79279
0.45423
0.35267
0.78956
1.1462
1.4542
1.5098
1.0762
0.51026
-0.11509
-0.66796
-0.95222
-1.0292
-1.059
-1.0745
-1.0988
-1.1171
-1.1126
-1.0742
-1.041
-1.0749
-1.1413
-1.1726
-1.0108
-0.96763
-0.91658
-0.90757
-0.29463
0.34028
0.7906
0.92984
0.94124
0.97742
1.0521
1.1646
1.2841
1.3036
1.1822
1.0273
0.76094
0.47416
0.3034
0.47056
0.36054
-0.39247
-0.51092
-0.80621
-1.1717
-0.99896
-0.91464
-0.79557
-0.94555
-1.2499
-1.4506
-1.3378
-0.93024
-0.30596
0.57418
0.87457
1.0225
0.96771
0.87055
0.98047
0.96687
0.97252
0.989
0.95691
0.95196
0.9459
0.98845
0.98136
0.99645
1.0731
1.0664
1.106
1.134
1.2826
1.2655
0.89161
-0.041902
-0.96096
-1.5882
-1.5533
-1.1787
-0.50211
-0.45096
-0.7536
-1.6114
-1.0151
-0.32814
0.42
1.321
1.6987
1.3114
0.55681
-0.26357
-0.80372
-1.0445
-1.0822
-1.083
-1.0652
-1.0544
-1.0568
-1.0821
-1.1218
-1.1024
-1.0818
-1.0212
-0.8955
-0.84592
-0.91298
-1.0852
-1.2687
-1.3255
-1.287
-0.945
-0.87655
-0.50471
-0.19532
0.4166
0.5148
0.93724
1.3483
1.4701
1.4862
1.1042
0.43137
0.297
0.12461
-0.87043
-1.634
-1.8594
-0.88704
0.1173
1.319
0.66382
-0.050302
-0.73497
-0.98301
-0.98839
-1.0459
-1.062
-1.0759
-1.093
-1.1357
-1.1449
-1.1523
-1.184
-1.1901
-0.9622
-0.15857
0.29503
0.84196
0.9513
0.99913
0.95395
0.95609
1.0117
0.95584
1.0178
1.0464
1.0761
1.0892
1.0556
0.98529
1.0025
1.0328
1.1148
1.3471
1.3049
0.8008
0.15945
-0.53178
-0.85446
-1.0546
-1.2091
-1.3419
-0.9091
-0.27169
0.51494
1.1329
1.435
1.5176
1.2769
0.83621
0.11464
-0.62483
-1.0332
-1.0878
-1.105
-1.1042
-1.1088
-1.1158
-1.0849
-1.1062
-1.1785
-1.2109
-1.0873
-0.78339
-0.060362
0.50612
1.3807
1.4854
1.274
0.92646
0.45206
0.87184
0.83805
1.0048
0.8085
1.0556
1.2371
1.6129
1.0187
0.2842
-0.36678
-0.65095
-0.77598
-0.95236
-1.0007
-1.0518
-1.0968
-1.1146
-1.1687
-1.1659
-1.1792
-1.1882
-1.1788
-0.93184
-0.29747
0.3212
0.8484
0.94938
0.96102
0.92242
0.91589
0.95453
1.1113
1.3288
1.3522
1.2026
0.88802
0.53784
0.6033
1.143
1.7497
1.373
0.76789
-0.44023
-0.82033
0.06851
1.1672
1.7192
1.5327
0.51697
-0.17702
-0.76147
-0.97511
-1.1279
-1.1579
-1.1817
-1.2202
-1.2012
-1.2174
-1.0279
-0.75075
-0.2002
0.43286
0.29659
0.58927
0.65691
0.83857
0.96348
0.97291
1.0959
1.1682
1.2322
1.2176
1.1317
0.924
0.66182
0.59126
0.47609
0.78088
1.0401
1.3595
1.4693
1.2773
0.81699
0.32556
-0.39526
-0.72755
-0.92225
-1.0252
-1.0958
-1.1236
-1.1394
-1.12
-1.1448
-1.1955
-1.2357
-0.91262
-0.31163
0.40328
0.858
1.1036
1.1187
1.0481
0.91984
0.84257
0.91768
1.0706
1.2472
1.3165
1.2306
0.9466
0.52173
0.51063
0.86766
1.066
1.0883
0.92287
1.0094
1.1122
1.4677
1.3495
0.84237
0.11122
-0.57633
-0.92464
-1.0043
-1.0453
-1.0901
-1.1383
-1.181
-1.2211
-1.287
-1.0734
-0.546
0.11923
0.70114
0.9867
1.0675
1.0794
1.0358
0.95333
0.90413
0.89606
0.9578
0.97845
0.99217
0.96783
1.0069
1.0908
1.2177
1.1829
1.0495
0.84449
0.73194
0.70952
0.80798
1.0139
1.2086
1.315
1.2524
1.1899
1.0469
0.588
-0.049719
-0.67756
-0.99096
-1.0735
-1.1008
-1.1087
-1.1193
-1.132
-1.1618
-1.2423
-1.2299
-0.9923
-0.3517
0.31404
0.72684
0.56226
0.6006
0.79993
0.91702
0.94
1.0221
1.1849
1.2813
1.3029
1.0204
0.59847
0.6293
0.82594
1.3026
1.1999
1.0088
0.71997
0.80389
0.93699
1.1323
1.2336
1.3042
1.3188
1.0776
0.52725
-0.12607
-0.8219
-1.0411
-1.2152
-1.2561
-1.3453
-1.1711
-0.92256
-0.21504
0.36285
0.60669
0.80439
0.79471
0.85047
0.94033
1.0682
1.139
1.2089
1.2374
1.1651
0.97598
0.78786
0.65653
0.63894
0.71764
0.8826
1.1261
1.3579
1.3837
1.3125
0.76458
0.19374
-0.42963
-0.75823
-0.89642
-1.0092
-1.0644
-1.1013
-1.0724
-1.0904
-1.1062
-1.1378
-1.2257
-1.2522
-1.0422
-0.62326
-0.01641
0.83186
1.1233
1.2544
1.1416
0.97962
0.89049
0.74185
-1.3276
