-0.67128
-0.3189
0.22011
0.57919
0.90037
1.2615
1.3893
1.3305
1.1408
0.87651
0.43235
0.06123
-0.23214
-0.41671
-0.53592
-0.69067
-0.77979
-0.88681
-0.95438
-0.96461
-0.97929
-1.034
-1.1065
-1.2105
-1.2924
-1.3746
-0.88495
-0.58633
0.076196
0.39947
0.66074
1.1433
1.4334
1.4309
1.4419
1.1225
0.79773
0.28141
-0.13181
-0.43693
-0.64261
-0.78953
-0.92313
-1.0205
-1.1181
-1.1334
-1.1762
-1.2238
-1.2761
-1.3562
-1.4596
-1.5124
-1.13
-0.74194
-0.14394
0.23246
0.23275
0.69916
1.0221
1.3037
1.2679
1.1805
0.93809
0.58234
0.14577
-0.25423
-0.51379
-0.66071
-0.81744
-0.89412
-1.0325
-1.0812
-1.0967
-1.1075
-1.1516
-1.2292
-1.3069
-1.3992
-1.4868
-1.2014
-0.75229
-0.18229
0.10565
0.60577
1.0107
1.4985
1.7413
1.6369
1.455
1.0017
0.52317
0.029095
-0.32524
-0.55396
-0.71991
-0.85212
-0.97971
-1.0783
-1.094
-1.1391
-1.1745
-1.2491
-1.3238
-1.3987
-1.5081
-1.3473
-0.78747
-0.3941
0.21202
0.6712
0.95832
1.3992
1.5242
1.4017
1.2046
0.8137
0.31285
-0.10437
-0.42779
-0.65715
-0.83209
-0.96741
-1.063
-1.1238
-1.1897
-1.2957
-1.4118
-1.5432
-1.6196
-1.7162
-1.5317
-0.96993
-0.4124
0.17112
0.6749
0.8921
1.2508
1.3779
1.3031
1.3798
1.0874
0.74901
0.28866
-0.070946
-0.25861
-0.42622
-0.55342
-0.64013
-0.73203
-0.7223
-0.7889
-0.81483
-0.89684
-0.95854
-1.1376
-1.2404
-1.476
-1.0782
-0.70558
-0.030694
0.33269
0.88081
1.5269
2.0197
2.2208
2.0166
1.6223
1.1043
0.5293
0.066836
-0.24689
-0.47857
-0.70531
-0.80864
-0.9069
-0.96399
-1.0727
-1.197
-1.3007
-1.3942
-1.4619
-1.478
-1.0546
-0.61543
0.098299
0.53308
1.0148
1.3104
1.5647
1.643
1.6643
1.4989
1.0584
0.45671
0.11941
-0.16099
-0.28052
-0.47807
-0.56138
-0.62914
-0.65533
-0.71794
-0.77019
-0.82245
-0.9216
-1.0833
-1.219
-1.3444
-1.3917
-0.78724
-0.58927
0.10432
0.69389
1.3046
1.9417
2.3859
2.3394
2.0109
1.5411
0.89352
0.34494
-0.036592
-0.3137
-0.5334
-0.72702
-0.88933
-0.97844
-1.0676
-1.1724
-1.2721
-1.4451
-1.5815
-1.6499
-1.6501
-1.4199
-0.92226
-0.27777
0.19394
0.75491
1.0749
1.4526
1.5891
1.5474
1.3272
0.84997
0.28336
-0.12595
-0.47763
-0.68241
-0.84524
-0.98186
-1.1133
-1.1817
-1.2501
-1.2397
-1.2976
-1.4344
-1.5449
-1.7342
-1.8027
-1.7924
-1.1985
-0.90425
-0.24711
0.32075
0.89399
1.5094
1.8935
1.8884
1.5572
1.0627
0.46828
-0.036834
-0.35259
-0.63155
-0.85267
-1.0528
-1.1739
-1.3056
-1.3426
-1.3638
-1.406
-1.4957
-1.6274
-1.8751
-1.8753
-1.8754
-1.3119
-1.0116
-0.274
0.11593
0.64296
1.1964
1.5602
1.6183
1.4445
1.0544
0.47454
0.031638
-0.3375
-0.64869
-0.8017
-1.0128
-1.0972
-1.2134
-1.224
-1.203
-1.1979
-1.2719
-1.2984
-1.3882
-1.4939
-1.5838
-1.4202
-0.97155
-0.39077
-0.063373
0.47534
0.92964
1.3946
1.5532
1.4054
1.0357
0.50732
-0.02114
-0.40699
-0.70834
-0.93045
-1.1315
-1.3166
-1.4437
-1.5285
-1.5128
-1.5076
-1.5396
-1.6508
-1.741
-1.8259
-1.8366
-1.6675
-1.0694
-0.61949
-0.10061
0.46605
0.83158
1.3296
1.5417
1.5207
1.24
0.7473
0.22793
-0.21206
-0.5037
-0.74239
-0.9122
-1.0821
-1.2785
-1.2681
-1.2895
-1.1729
-1.2261
-1.3272
-1.4707
-1.5931
-1.6677
-1.6254
-1.036
-0.75983
-0.15943
0.28702
0.59007
1.1537
1.4624
1.4307
1.1543
0.70227
0.19688
-0.2661
-0.59616
-0.86245
-1.033
-1.177
-1.2943
-1.3691
-1.396
-1.4336
-1.5724
-1.8073
-2.0262
-2.0426
-1.5309
-1.035
-0.30415
-0.010674
0.38434
0.70475
0.9612
1.0308
1.0364
0.84954
0.48631
-0.058796
-0.54531
-0.77534
-0.94663
-0.96287
-1.1289
-1.2522
-1.3006
-1.3491
-1.3012
-1.2746
-1.2963
-1.4091
-1.5594
-1.6777
-1.7209
-1.185
-0.82058
-0.053643
0.42387
0.88548
1.4976
1.7985
1.8365
1.5307
1.1228
0.6018
0.08599
-0.32253
-0.55916
-0.7959
-0.97357
-1.1405
-1.2592
-1.2971
-1.2705
-1.2546
-1.2818
-1.3359
-1.4601
-1.5197
-1.5146
-1.2615
-0.7711
-0.28046
0.064734
0.57733
1.1009
1.5384
1.6251
1.6524
1.2693
0.95621
0.41066
-0.032427
-0.39461
-0.57852
-0.78413
-0.88164
-1.0333
-1.0984
-1.1149
-1.1043
-1.1153
-1.2455
-1.3595
-1.4952
-1.5009
-1.3169
-0.80765
-0.37951
0.054225
0.60744
1.009
1.5192
1.6985
1.6771
1.3734
0.92845
0.41815
0.016294
-0.30421
-0.51073
-0.72276
-0.85333
-0.97851
-1.0711
-1.1039
-1.0769
-1.1097
-1.1752
-1.2461
-1.3769
-1.388
-1.2739
-0.73507
-0.50101
0.14161
0.63734
1.0461
1.6619
2.0055
2.0167
1.7008
1.2921
0.77975
0.34357
-0.043634
-0.34912
-0.51283
-0.6493
-0.7749
-0.8514
-0.97158
-1.1027
-1.2502
-1.4306
-1.4908
-1.4855
-0.98863
-0.61181
0.1038
0.3606
0.80871
1.1476
1.3882
1.5031
1.4704
1.23
0.83649
0.32259
-0.043745
-0.39374
-0.59612
-0.77665
-0.92439
-1.0448
-1.198
-1.1817
-1.1654
-1.1654
-1.171
-1.286
-1.4229
-1.4941
-1.5434
-1.1275
-0.90861
-0.23537
0.37771
1.0292
1.7409
2.1242
2.0093
1.7465
1.3359
0.80486
0.32852
-0.010951
-0.30663
-0.55852
-0.77208
-0.91446
-0.99661
-1.0952
-1.2047
-1.3361
-1.4347
-1.5278
-1.5114
-1.4237
-1.0021
-0.56402
-0.093089
0.38878
0.61328
1.1882
1.5879
1.5988
1.6097
1.2155
0.73912
0.25732
-0.076645
-0.33942
-0.47079
-0.6569
-0.81014
-0.9798
-0.97976
-0.97972
-0.95231
-0.96322
-1.1273
-1.275
-1.3954
-1.4555
-1.3022
-0.88086
-0.51973
-0.12582
0.65643
1.4112
1.9308
2.0783
1.8376
1.4984
0.98975
0.44837
0.0054675
-0.32803
-0.54121
-0.75436
-0.85269
-0.96741
-1.0493
-1.0875
-1.071
-1.0709
-1.1583
-1.2674
-1.393
-1.4475
-1.4146
-1.0158
-0.7973
-0.28941
0.3276
0.90084
1.5231
1.8778
1.7958
1.49
1.086
0.57843
0.1255
-0.21278
-0.48009
-0.68734
-0.8891
-1.0199
-1.1344
-1.3088
-1.216
-1.1559
-1.134
-1.2266
-1.4227
-1.5534
-1.5151
-1.2425
-0.93179
-0.56121
-0.19069
0.53387
1.3019
1.7866
1.8735
1.612
1.2579
0.75142
0.27768
-0.14699
-0.44639
-0.70219
-0.91986
-1.0504
-1.1592
-1.2189
-1.208
-1.1916
-1.1643
-1.273
-1.3708
-1.5013
-1.4794
-1.4521
-1.055
-0.89728
-0.38064
0.23381
0.89711
1.5277
1.8973
1.7015
1.4351
0.98383
0.52178
0.048915
-0.2826
-0.57605
-0.80426
-0.99985
-1.1139
-1.2062
-1.2605
-1.2442
-1.217
-1.2441
-1.3364
-1.4287
-1.5264
-1.4938
-1.3254
-0.99401
-0.67352
-0.34218
0.45624
1.1243
1.6565
1.6945
1.4447
1.1025
0.57568
0.10319
-0.31499
-0.60826
-0.86351
-1.0427
-1.1894
-1.2817
-1.298
-1.298
-1.2926
-1.4175
-1.537
-1.6674
-1.6729
-1.3905
-0.96683
-0.63552
-0.34221
0.22815
0.60841
1.0756
1.293
1.2387
0.99967
0.65198
0.21734
-0.10324
-0.36951
-0.63036
-0.80973
-0.98912
-1.0381
-1.1305
-1.185
-1.1796
-1.2449
-1.3483
-1.4626
-1.5388
-1.5063
-1.2073
-0.84841
-0.38616
-0.13054
0.51678
1.0717
1.4907
1.6432
1.4964
1.2734
0.8708
0.43
0.048991
-0.23954
-0.50634
-0.70785
-0.89852
-1.0348
-1.1765
-1.2311
-1.2094
-1.1659
-1.1606
-1.2043
-1.308
-1.3954
-1.3192
-1.3248
-1.036
-0.84525
-0.38722
0.65454
1.3583
2.0077
2.0735
1.8172
1.4845
0.96615
0.45857
0.060058
-0.25665
-0.50243
-0.69913
-0.80301
-0.85229
-0.90157
-0.9618
-1.1642
-1.4048
-1.651
-1.5856
-1.2304
-0.92429
-0.28444
-0.071118
0.44865
0.9029
1.111
1.1385
1.0949
0.95814
0.67353
0.26288
-0.14241
-0.45468
-0.71225
-0.937
-1.0522
-1.1346
-1.2444
-1.3048
-1.2776
-1.2339
-1.1134
-1.1081
-1.1795
-1.2784
-1.4323
-1.427
-1.3448
-1.065
-0.64237
0.11531
1.1093
1.8894
2.2412
2.0711
1.7527
1.4177
0.98923
0.51116
0.13193
-0.25839
-0.48384
-0.76984
-0.9239
-0.99
-0.9846
-0.9462
-1.0783
-1.128
-1.2766
-1.3153
-1.2879
-0.94124
-0.73765
-0.26976
-0.011012
0.64974
1.1894
1.564
1.5917
1.4871
1.3165
1.0081
0.59498
0.16528
-0.12121
-0.41876
-0.65573
-0.82108
-0.98645
-1.1243
-1.196
-1.1905
-1.1409
-1.1244
-1.1355
-1.2182
-1.3064
-1.3506
-1.2844
-1.1246
-1.0364
-0.59539
0.13231
1.0364
1.7696
2.0067
1.8027
1.5435
1.2293
0.78276
0.27561
-0.13229
-0.49607
-0.72203
-0.91491
-1.0471
-1.1297
-1.1462
-1.1406
-1.2232
-1.4105
-1.6087
-1.6526
-1.4487
-1.0851
-0.76553
-0.31389
0.46804
1.0296
1.4424
1.4092
1.31
1.1887
0.98498
0.60521
0.17054
-0.19802
-0.47847
-0.69835
-0.8192
-0.94551
-1.0498
-1.0661
-1.0055
-1.0822
-1.2358
-1.3893
-1.5098
-1.279
-0.93299
-0.52127
-0.038401
0.69107
1.2173
1.2883
1.1839
1.1233
1.0792
1.0078
0.6516
0.13686
-0.16418
-0.43224
-0.69467
-0.85306
-1.0332
-1.1477
-1.2075
-1.2399
-1.234
-1.1299
-1.0259
-1.0256
-1.1289
-1.2539
-1.4824
-1.471
-1.2526
-1.0943
-0.39185
0.45155
1.414
1.9191
2.0162
1.7058
1.4825
1.1453
0.73251
0.27119
-0.14096
-0.4444
-0.74758
-0.87181
-0.99052
-1.0171
-0.98426
-0.91355
-0.92936
-0.99375
-1.1553
-1.2303
-1.0949
-0.91107
-0.44185
-0.13465
0.50064
1.0707
1.4521
1.575
1.4291
1.3532
1.1915
0.90124
0.50937
0.13397
-0.16604
-0.39615
-0.65811
-0.7861
-0.94067
-1.0149
-1.1105
-1.0992
-1.0559
-0.97006
-0.93755
-1.0435
-1.1067
-1.1699
-1.1161
-1.0517
-0.93961
-0.46157
0.2439
1.2506
1.7688
2.0112
1.7561
1.5542
1.3208
0.83948
0.45905
0
-0.2266
-0.50032
-0.63159
-0.85736
-0.97246
-1.0874
-1.1445
-1.065
-1.0381
-1.0636
-1.1467
-1.2454
-1.3125
-1.2856
-1.1646
-1.1273
-0.6102
-0.11466
0.75001
1.3741
1.6488
1.6425
1.4492
1.2406
0.86109
0.40433
0.031081
-0.28472
-0.55869
-0.76509
-0.94537
-1.1048
-1.1814
-1.263
-1.2158
-1.1789
-1.1781
-1.2698
-1.3717
-1.3861
-1.38
-1.3585
-1.1834
-0.97781
-0.33764
0.54701
1.1852
1.3682
1.3213
1.1368
0.98321
0.67708
0.25436
-0.081339
-0.40133
-0.64473
-0.8472
-0.96828
-1.0892
-1.1796
-1.204
-1.1526
-1.1013
-1.0097
-1.0746
-1.1041
-1.1688
-1.2385
-1.1471
-1.0407
-0.83402
-0.020083
0.76766
1.6045
1.899
1.9378
1.7714
1.6452
1.4392
1.0088
0.5789
0.15959
-0.26415
-0.44328
-0.63213
-0.66653
-0.73569
-0.87928
-1.1369
-1.3346
-1.5222
-1.318
-1.2875
-0.579
0.024728
0.72656
1.1509
1.0465
0.76962
0.59165
0.64057
0.65988
0.56597
0.31479
-0.044241
-0.39793
-0.67266
-0.88327
-1.025
-1.0881
-1.1463
-1.1799
-1.2624
-1.4035
-1.4956
-1.2603
-1.1913
-0.60021
-0.014631
0.73606
1.2472
1.1833
0.82251
0.54482
0.52996
0.52483
0.42743
0.2039
-0.12616
-0.41711
-0.6399
-0.78981
-0.84756
-0.86169
-0.88065
-0.88993
-0.91371
-0.88431
-0.88876
-0.87872
-0.9073
-0.9214
-0.70402
0.13014
0.94918
1.7868
1.7813
1.4004
1.0439
0.95217
0.88452
0.69198
0.41312
0.07203
-0.23042
-0.45108
-0.60444
-0.73852
-0.79582
-0.85787
-0.88156
-0.89088
-0.90498
-0.85685
-0.89489
-0.99511
-1.1766
-1.2623
-1.2955
-1.1805
-0.14334
0.58278
1.7097
1.9385
1.6183
1.2075
0.94955
0.74422
0.47697
0.16691
-0.16688
-0.47671
-0.76737
-1.0151
-1.1531
-1.191
-1.1956
-1.143
-1.1238
-1.1618
-1.1521
-1.1853
-1.2138
-1.3136
-1.4039
-1.5227
-1.5987
-1.6795
-1.0942
-0.12369
1.0132
1.7029
1.66
1.3983
1.1843
1.0035
0.73717
0.34718
0.038047
-0.37095
-0.65155
-0.90362
-1.032
-1.0606
-1.0226
-0.99409
-1.0084
-1.1274
-1.332
-1.5176
-1.5986
-1.5892
-1.4037
-0.48063
0.35218
1.3327
1.4185
1.2949
1.0951
0.90948
0.7191
0.55725
0.29057
-0.02382
-0.243
-0.57186
-0.76259
-0.88665
-0.99168
-1.0014
-1.0588
-1.183
-1.3263
-1.5413
-1.6753
-1.6088
-0.84035
0.0095513
1.1082
1.376
1.209
0.81734
0.62629
0.57383
0.54527
0.48799
0.30148
0.01436
-0.39259
-0.67524
-0.89097
-1.0206
-1.1167
-1.2033
-1.2372
-1.2087
-1.2091
-1.2862
-1.469
-1.6711
-1.8109
-1.994
-1.4755
-0.5096
0.81272
1.6163
1.5254
1.1071
0.90038
0.77061
0.70822
0.44338
0.17355
-0.21701
-0.61264
-0.89271
-1.0764
-1.2747
-1.3911
-1.4978
-1.5032
-1.4746
-1.5138
-1.6256
-1.7616
-1.8445
-1.8451
-1.3564
-0.26653
0.84833
1.4984
1.3388
0.95593
0.64073
0.56325
0.55858
0.46159
0.2333
-0.09724
-0.45718
-0.79302
-1.0366
-1.2122
-1.3197
-1.4371
-1.5155
-1.5501
-1.5603
-1.5608
-1.4979
-1.4251
-1.4305
-1.3674
-1.4655
-1.5393
-1.6912
-1.7846
-1.8732
-0.91485
0.21043
1.4881
1.983
1.8464
1.5971
1.4309
1.2401
0.88253
0.47571
0.039243
-0.32874
-0.64293
-0.85907
-1.041
-1.1738
-1.292
-1.3561
-1.3613
-1.2879
-1.2242
-1.195
-1.2345
-1.3086
-1.3531
-1.4124
-1.5455
-1.531
-0.94041
0.1625
1.3495
1.857
1.7243
1.5028
1.4142
1.2961
1.04
0.59151
0.16268
-0.24651
-0.5177
-0.78894
-0.99117
-1.0997
-1.1836
-1.2083
-1.2182
-1.2183
-1.1887
-1.1986
-1.2528
-1.2873
-1.2972
-1.3563
-1.4352
-1.514
-0.78904
0.21204
1.4053
1.9229
1.7157
1.4986
1.4294
1.3455
1.1039
0.66519
0.22662
-0.18226
-0.49743
-0.75341
-0.94036
-1.0534
-1.1615
-1.2153
-1.2348
-1.2148
-1.1653
-1.1405
-1.1844
-1.2136
-1.2525
-1.2571
-1.3107
-1.4035
-0.85363
0.28445
1.4267
2.029
1.9449
1.7581
1.6742
1.5855
1.3305
0.89477
0.44475
0.034197
-0.30275
-0.58081
-0.76104
-0.89721
-1.0137
-1.096
-1.1198
-1.0949
-1.0311
-1.0159
-1.0348
-1.0828
-1.0967
-1.1203
-1.1681
-1.2933
-0.89073
0.28543
1.3537
2.0921
2.0086
1.7467
1.6201
1.5274
1.2904
0.88049
0.41348
0.014413
-0.33125
-0.58524
-0.80048
-0.93875
-1.0672
-1.1524
-1.1706
-1.1601
-1.1209
-1.1248
-1.1809
-1.2084
-1.2834
-1.2633
-1.3903
-0.68739
0.33154
1.4716
2.0611
1.8939
1.6089
1.4707
1.4316
1.289
0.96344
0.53992
0.098493
-0.25301
-0.56633
-0.78081
-0.95279
-1.0777
-1.1931
-1.2896
-1.2789
-1.1892
-1.109
-1.0521
-1.125
-1.1468
-1.1455
-1.1765
-1.2719
-1.2014
-0.19769
0.82197
1.7796
1.8874
1.6334
1.4761
1.4286
1.3174
0.99709
0.57295
0.1317
-0.25854
-0.53454
-0.75554
-0.84494
-0.92507
-0.93739
-0.98118
-1.0653
-1.212
-1.3897
-1.5088
-1.5023
-1.0582
0.066887
1.0687
1.7121
1.5588
1.1486
0.89905
0.81377
0.81265
0.7189
0.49328
0.18032
-0.19764
-0.50437
-0.7314
-0.91405
-1.0045
-1.0597
-1.1148
-1.1176
-1.142
-1.1317
-1.0825
-1.0723
-1.0966
-1.1338
-1.2097
-0.39978
0.47646
1.603
1.9602
1.6496
1.2888
1.1335
1.0595
0.93895
0.65757
0.30924
-0.063449
-0.39281
-0.64528
-0.80856
-0.96716
-1.0665
-1.1949
-1.2141
-1.2499
-1.1521
-1.142
-1.0696
-1.0514
-0.98344
-1.0317
-1.0716
-1.0948
-1.0849
-1.1945
-1.1969
-0.42302
0.56593
1.6584
1.9954
1.7475
1.5289
1.3923
1.2195
0.89708
0.51072
0.1538
-0.21825
-0.47622
-0.69315
-0.80885
-0.87199
-0.95099
-0.94562
-0.94027
-0.94693
-0.89771
-0.90441
-0.97474
-1.0131
-1.0791
-1.1489
-1.2185
-1.1576
-0.31563
0.6028
1.4872
1.6266
1.3458
1.2421
1.2287
1.1137
0.83903
0.50274
0.11287
-0.17491
-0.45415
-0.63963
-0.76655
-0.9086
-0.97306
-1.0219
-1.0591
-1.0347
-0.98726
-0.97833
-1.0652
-1.0754
-1.1161
-1.0689
-1.1171
-1.1462
-0.63895
0.33808
1.29
1.7394
1.5556
1.3156
1.348
1.2748
1.0472
0.72996
0.3157
0.045049
-0.22874
-0.40077
-0.55746
-0.66521
-0.7914
-0.85765
-0.89396
-0.9116
-0.84
-0.86138
-0.8753
-0.89291
-0.91418
-0.93172
-0.98248
-1.0922
-0.83673
0.19148
1.03
1.6354
1.5237
1.2728
1.2606
1.2264
1.1009
0.81122
0.40524
0.087539
-0.23687
-0.48424
-0.6766
-0.78868
-0.92235
-0.97236
-1.0912
-1.0902
-1.0857
-1.0306
-1.0514
-1.0614
-1.0894
-1.0922
-1.0949
-1.1733
-1.2191
-0.57856
0.23341
1.1913
1.5096
1.3437
1.178
1.2094
1.1585
0.93621
0.5535
0.20698
-0.11769
-0.29225
-0.50222
-0.62649
-0.69015
-0.7004
-0.79593
-0.79547
-0.92988
-1.0571
-1.1487
-1.2614
-1.0766
-0.35042
0.49529
1.3366
1.5586
1.2576
0.99216
0.87524
0.8325
0.80745
0.68374
0.45446
0.1479
-0.1584
-0.42223
-0.66123
-0.81216
-0.9208
-0.99425
-1.029
-1.0813
-1.0915
-1.0876
-1.1293
-1.1255
-1.1672
-1.1914
-1.0194
-0.10506
0.67573
1.4981
1.5712
1.3085
1.0948
1.0106
0.95446
0.82843
0.59761
0.28302
-0.041922
-0.34579
-0.55877
-0.7193
-0.85884
-0.939
-1.0296
-1.026
-1.0782
-1.0502
-1.0431
-1.0256
-1.0011
-1.0428
-1.1648
-1.245
-1.3077
-1.3181
-1.0704
0.027893
0.89954
1.691
1.6805
1.4783
1.3667
1.3388
1.2587
0.99719
0.64157
0.27198
-0.05928
-0.31385
-0.51963
-0.66266
-0.79524
-0.87553
-0.88259
-0.86522
-0.87577
-0.94914
-1.0435
-1.1274
-1.1973
-1.1032
-0.39455
0.42953
1.3062
1.5614
1.359
1.1077
0.99951
0.95424
0.881
0.71332
0.45465
0.083952
-0.22741
-0.47942
-0.66152
-0.79469
-0.92092
-0.98767
-1.0545
-1.1213
-1.1846
-1.2585
-1.3605
-1.1995
-0.58938
0.31582
1.1583
1.45
1.2397
0.9028
0.65708
0.51316
0.45002
0.41146
0.30957
0.10556
-0.19711
-0.52814
-0.80653
-1.0076
-1.1348
-1.2268
-1.3083
-1.3686
-1.3973
-1.3942
-1.3558
-1.3139
-1.2719
-1.3112
-1.4318
-1.4465
-1.4752
-0.67948
0.23365
1.1828
1.5693
1.3856
1.2124
1.1064
1.05
0.94394
0.72773
0.40128
0.053285
-0.27007
-0.5119
-0.71833
-0.87155
-1.0213
-1.1142
-1.1538
-1.1898
-1.1938
-1.2156
-1.184
-1.1559
-1.1313
-1.1067
-1.1357
-1.1325
-1.1329
-1.1798
-1.3018
-0.9409
0.12168
1.0991
1.7978
1.7089
1.5195
1.5272
1.5385
1.4063
1.073
0.66056
0.2442
-0.057479
-0.35936
-0.60034
-0.78393
-0.93168
-1.0219
-1.0583
-1.0694
-1.0626
-1.0521
-1.038
-1.0275
-1.0711
-1.1328
-1.2053
-1.3212
-1.365
-0.72242
0.18427
1.2288
1.5727
1.4176
1.3457
1.4112
1.4912
1.307
1.0032
0.5796
0.1703
-0.13411
-0.43868
-0.62736
-0.80526
-0.94697
-1.0488
-1.1398
-1.1764
-1.2021
-1.1952
-1.1991
-1.203
-1.2614
-1.2617
-1.2802
-1.3168
-1.459
-1.2082
-0.17107
0.72447
1.5293
1.4968
1.3441
1.3735
1.4321
1.3376
1.079
0.65625
0.24431
-0.13494
-0.40852
-0.59464
-0.79175
-0.91958
-1.0328
-1.106
-1.1572
-1.1793
-1.1575
-1.1138
-1.1176
-1.1287
-1.1288
-1.1033
-1.1472
-1.3191
-1.1803
-0.23023
0.66152
1.6375
1.7618
1.6084
1.5829
1.6232
1.5575
1.3089
0.88116
0.44242
0.05119
-0.25596
-0.4973
-0.68379
-0.84469
-0.97633
-1.0677
-1.1336
-1.1372
-1.1262
-1.1116
-1.1079
-1.1481
-1.1663
-1.1772
-1.1954
-1.305
-1.3233
-0.50442
0.38012
1.4217
1.7322
1.5384
1.4908
1.5418
1.5051
1.2931
0.90583
0.44922
0.051125
-0.27385
-0.52574
-0.7301
-0.89426
-0.99634
-1.0473
-1.0362
-1.0616
-1.1198
-1.2582
-1.4075
-1.5349
-1.5274
-1.0715
0.010932
0.92909
1.6065
1.5443
1.2927
1.1432
1.0884
1.0591
0.92059
0.68394
0.33099
-0.065457
-0.38175
-0.64338
-0.84312
-0.96647
-1.0789
-1.1549
-1.2345
-1.2669
-1.2956
-1.2663
-1.2188
-1.2439
-1.2545
-1.2505
-1.0328
-0.11955
0.71713
1.6149
1.8462
1.6937
1.5557
1.4757
1.4139
1.2508
0.99746
0.58169
0.17699
-0.18416
-0.43318
-0.62793
-0.80814
-0.98463
-1.1286
-1.1895
-1.1927
-1.1852
-1.1632
-1.1665
-1.1121
-1.1405
-1.2625
-1.3592
-1.4199
-1.4482
-0.86934
0.21188
1.2098
1.8985
1.8046
1.6068
1.5381
1.509
1.3723
1.139
0.73047
0.31142
-0.093038
-0.44715
-0.69733
-0.92589
-1.0757
-1.1753
-1.2428
-1.3067
-1.3205
-1.4093
-1.4659
-1.5509
-1.4898
-1.0831
-0.056989
0.91864
1.5768
1.5763
1.3588
1.1628
1.0664
1.0234
0.88453
0.72443
0.43664
0.092268
-0.31219
-0.60999
-0.84377
-1.0065
-1.155
-1.268
-1.3879
-1.3981
-1.4118
-1.4149
-1.4144
-1.3963
-1.4064
-1.4378
-1.515
-1.4757
-1.0199
0.0035281
0.97697
1.7418
1.8082
1.6561
1.5499
1.5389
1.4152
1.3127
0.9851
0.56978
0.16877
-0.20739
-0.47439
-0.72717
-0.90958
-1.0462
-1.1933
-1.214
-1.2979
-1.2694
-1.2691
-1.1741
-1.1492
-1.1594
-1.2571
-1.3513
-1.3859
-1.4835
-1.581
-0.89871
0.059432
1.2547
1.8554
1.8165
1.7496
1.7492
1.6894
1.511
1.0989
0.62431
0.17783
-0.10458
-0.37988
-0.58537
-0.83952
-1.0169
-1.1072
-1.1243
-1.1589
-1.1691
-1.2349
-1.3215
-1.4186
-1.4634
-1.3728
-0.57678
0.34043
1.3024
1.6945
1.5275
1.3501
1.2388
1.2004
1.1273
0.98141
0.72811
0.39518
-0.041589
-0.34651
-0.58548
-0.79319
-0.9281
-1.056
-1.1181
-1.2045
-1.225
-1.2663
-1.3421
-1.3661
-1.148
-0.49785
0.46665
1.296
1.6759
1.5892
1.3437
1.1293
1.0428
0.98396
0.92857
0.82832
0.56593
0.23116
-0.15868
-0.51737
-0.79317
-0.97924
-1.117
-1.2306
-1.3441
-1.4094
-1.447
-1.4572
-1.4432
-1.4154
-1.3635
-1.3048
-1.2771
-1.2975
-1.3696
-1.4004
-1.4071
-0.99752
-0.085981
0.80466
1.6091
1.7498
1.6499
1.6256
1.6254
1.5392
1.302
0.9274
0.49798
0.082412
-0.24377
-0.52523
-0.74483
-0.9472
-1.0706
-1.1562
-1.2109
-1.2554
-1.2723
-1.2619
-1.2342
-1.2066
-1.2099
-1.2646
-1.2575
-1.2608
-1.3599
-1.6337
-1.1849
-0.19174
0.9791
1.7731
1.8104
1.6938
1.7586
1.837
1.693
1.4192
0.94711
0.46835
0.1333
-0.20505
-0.42712
-0.66277
-0.84712
-0.93235
-1.0073
-1.0618
-1.0923
-1.1126
-1.1192
-1.1702
-1.2621
-1.3641
-1.4355
-1.4386
-1.4418
-0.72586
0.085178
1.0458
1.427
1.3927
1.372
1.3887
1.385
1.218
0.91501
0.47611
0.051001
-0.30254
-0.56076
-0.78149
-0.96135
-1.1207
-1.2291
-1.3341
-1.3677
-1.4183
-1.4111
-1.387
-1.3596
-1.349
-1.3148
-1.2941
-1.2735
-1.395
-1.679
-1.3841
-0.52778
0.54116
1.4269
1.5482
1.5173
1.5608
1.5907
1.4788
1.2117
0.7997
0.35756
-0.0067443
-0.32025
-0.61334
-0.86581
-0.9733
-1.0437
-1.0736
-1.1708
-1.2679
-1.2272
-1.2402
-1.1961
-1.2225
-1.2187
-1.2485
-1.2312
-1.3045
-1.4817
-1.27
-0.37517
0.59602
1.5263
1.6528
1.5552
1.6047
1.6609
1.5266
1.3423
0.91784
0.56715
0.18675
-0.13667
-0.39983
-0.55951
-0.70241
-0.79194
-0.81819
-0.89761
-0.96034
-1.0662
-1.2184
-1.3008
-1.2869
-1.1172
-0.30817
0.51999
1.2844
1.5915
1.4221
1.2495
1.1365
1.093
0.99346
0.8511
0.56711
0.22409
-0.18445
-0.51684
-0.76005
-0.92736
-1.055
-1.1892
-1.2542
-1.3552
-1.3938
-1.3865
-1.3825
-1.3326
-1.2893
-1.2689
-1.3238
-1.3818
-1.5508
-1.6609
-1.0957
-0.20533
0.81433
1.4421
1.4868
1.3949
1.3486
1.3445
1.2529
1.1191
0.78128
0.37906
-0.012951
-0.32682
-0.57887
-0.79828
-0.93021
-1.0587
-1.1484
-1.1412
-1.1695
-1.1269
-1.0908
-1.0676
-1.0541
-1.0855
-1.1394
-1.2285
-1.3239
-1.4864
-1.1013
-0.24954
0.78012
1.6263
1.7338
1.7104
1.7156
1.7049
1.6561
1.4672
1.1514
0.71197
0.27952
-0.073008
-0.31722
-0.54842
-0.69378
-0.83262
-0.94597
-0.96747
-0.99842
-1.0072
-1.0697
-1.1699
-1.251
-1.3352
-1.3501
-1.3995
-0.73856
0.047111
1.0044
1.4742
1.4356
1.3657
1.2834
1.3045
1.2036
0.98097
0.69934
0.33384
0.031179
-0.27731
-0.53247
-0.70015
-0.84896
-0.94785
-1.0218
-1.0832
-1.1445
-1.1965
-1.2545
-1.3559
-1.4695
-1.4036
-0.91145
0.030877
0.83005
1.3414
1.3252
1.2196
1.1111
1.0458
0.98061
0.90627
0.75834
0.48786
0.13799
-0.23597
-0.51452
-0.73764
-0.88096
-0.99354
-1.1121
-1.1817
-1.2237
-1.2443
-1.2496
-1.2063
-1.1508
-1.0649
-1.0247
-1.0485
-1.1238
-1.2081
-1.2469
-1.4554
-0.74851
-0.042402
1.0595
1.6125
1.663
1.6168
1.5797
1.5728
1.4633
1.2122
0.84089
0.44282
0.07527
-0.20463
-0.44514
-0.62829
-0.76318
-0.89794
-0.97854
-1.0561
-1.0675
-1.07
-1.0605
-1.078
-1.1613
-1.2475
-1.2828
-1.3748
-1.4937
-1.0809
-0.31638
0.60264
1.3032
1.3533
1.2752
1.2449
1.2473
1.223
1.0678
0.80277
0.42797
0.065359
-0.24648
-0.47199
-0.64095
-0.79198
-0.92511
-1.0226
-1.0903
-1.1462
-1.2021
-1.2756
-1.4113
-1.4788
-1.2802
-0.59703
0.24523
0.9304
1.1929
1.101
0.95311
0.84957
0.79033
0.74587
0.6926
0.57749
0.34757
0.035336
-0.29439
-0.55329
-0.74733
-0.90009
-1.0175
-1.1113
-1.1786
-1.2048
-1.2339
-1.2453
-1.245
-1.2124
-1.1564
-1.1033
-1.0884
-1.0911
-1.1202
-1.2226
-1.2605
-1.4683
-0.70032
0.099608
1.0721
1.4965
1.423
1.335
1.3699
1.4018
1.3548
1.1556
0.84539
0.47089
0.13745
-0.14328
-0.38299
-0.55833
-0.7044
-0.79783
-0.87371
-0.92035
-0.98452
-1.0516
-1.1508
-1.2733
-1.3696
-1.3461
-1.1241
-0.37076
0.42327
1.15
1.3572
1.2695
1.1731
1.1118
1.0883
1.0357
0.89565
0.64471
0.30629
-0.03792
-0.30626
-0.52208
-0.69121
-0.83699
-0.96527
-1.0498
-1.0964
-1.1255
-1.1517
-1.1692
-1.1604
-1.1167
-1.0729
-1.0175
-1.0116
-1.032
-1.0174
-1.032
-1.1398
-1.4138
-0.7521
-0.014575
0.99403
1.4663
1.4021
1.37
1.4342
1.4808
1.3992
1.1835
0.83368
0.48097
0.1749
-0.096195
-0.28859
-0.46349
-0.58883
-0.68795
-0.74334
-0.79581
-0.83663
-0.86287
-0.89202
-0.91244
-0.96491
-1.0232
-1.1486
-1.1544
-1.2098
-0.6326
0.029152
0.8425
1.3527
1.4226
1.376
1.3964
1.4197
1.3672
1.1836
0.9008
0.51891
0.18366
-0.10203
-0.32941
-0.50431
-0.65298
-0.76083
-0.83369
-0.8774
-0.89487
-0.90068
-0.91524
-0.95894
-1.0289
-1.0959
-1.1716
-1.1774
-0.91508
-0.22439
0.59738
1.3258
1.4977
1.4044
1.3402
1.3023
1.3022
1.2177
1.0341
0.734
0.38154
0.058246
-0.20385
-0.38146
-0.53574
-0.64924
-0.74526
-0.80632
-0.85282
-0.87311
-0.89339
-0.89912
-0.90194
-0.8902
-0.89883
-0.93072
-0.99459
-1.0177
-1.0118
-0.50001
0.14824
0.9329
1.4355
1.4934
1.438
1.4029
1.4056
1.3444
1.1816
0.91141
0.53398
0.1886
-0.17406
-0.37706
-0.58578
-0.68714
-0.77686
-0.87524
-0.88954
-0.91542
-0.9326
-0.96714
-0.95534
-0.92328
-0.88833
-0.89101
-0.89946
-0.89056
-0.96549
-1.0895
-1.2915
-0.56901
0.26277
1.2153
1.5584
1.4483
1.4219
1.4677
1.496
1.4149
1.1984
0.85243
0.47502
0.14965
-0.10645
-0.31636
-0.50026
-0.63517
-0.72401
-0.7697
-0.7924
-0.8122
-0.85493
-0.95499
-1.055
-1.2036
-1.2117
-0.96211
-0.25188
0.59512
1.267
1.5152
1.4231
1.3425
1.2963
1.2872
1.241
1.1121
0.86079
0.49573
0.12245
-0.19641
-0.44385
-0.61996
-0.76749
-0.89783
-0.97976
-1.0417
-1.0725
-1.0975
-1.1139
-1.1106
-1.0845
-1.0359
-1.0184
-1.0264
-1.0739
-1.1439
-1.2252
-1.3205
-0.83759
-0.17194
0.75502
1.3347
1.3987
1.3389
1.3157
1.2756
1.244
1.0637
0.84155
0.47381
0.10088
-0.20164
-0.44504
-0.62663
-0.79403
-0.90536
-0.98863
-1.0523
-1.0991
-1.1236
-1.1201
-1.0972
-1.0716
-1.057
-1.0397
-1.0308
-0.98302
-0.96858
-1.0762
-1.3916
-0.88656
-0.22705
0.78591
1.3552
1.3572
1.3039
1.3666
1.4072
1.3568
1.1603
0.85114
0.49277
0.18159
-0.10999
-0.36276
-0.5191
-0.65057
-0.72152
-0.78417
-0.81935
-0.82436
-0.83211
-0.90276
-1.0198
-1.1367
-1.1798
-1.2092
-0.70655
-0.013632
0.73302
1.2365
1.2712
1.2025
1.1257
1.0952
1.0647
0.97728
0.79497
0.48812
0.1301
-0.19505
-0.42779
-0.59265
-0.73571
-0.85428
-0.95113
-1.0209
-1.0636
-1.0819
-1.0868
-1.0836
-1.0534
-1.0206
-0.97708
-0.95242
-0.97888
-0.9865
-1.0291
-1.085
-1.259
-0.84525
-0.23872
0.68904
1.3051
1.3796
1.3416
1.3277
1.3566
1.3213
1.1631
0.89804
0.54771
0.20832
-0.069418
-0.29092
-0.47492
-0.62947
-0.75193
-0.84765
-0.90602
-0.94305
-0.96675
-0.98246
-0.98485
-0.97927
-0.95242
-0.95218
-0.94664
-0.9092
-0.90634
-1.0098
-1.2992
-0.90048
-0.25761
0.64524
1.2186
1.2476
1.189
1.3109
1.3903
1.43
1.2919
1.0689
0.74261
0.4641
0.21214
0.013258
-0.1856
-0.32612
-0.44012
-0.48518
-0.50638
-0.50638
-0.51699
-0.56208
-0.66285
-0.75568
-0.84323
-0.84594
-0.6471
-0.021218
0.66579
1.3344
1.5495
1.4966
1.4464
1.4201
1.3911
1.3409
1.1845
0.91643
0.57921
0.2312
-0.047847
-0.25525
-0.41755
-0.53206
-0.64132
-0.72669
-0.8068
-0.85768
-0.89794
-0.90359
-0.90125
-0.88026
-0.87527
-0.84626
-0.82525
-0.8256
-0.80459
-0.77019
-0.84814
-1.0493
-1.2775
-0.57878
0.21716
1.1668
1.4734
1.3991
1.4214
1.476
1.5038
1.3971
1.1501
0.80589
0.45041
0.16733
-0.081023
-0.29459
-0.4706
-0.60357
-0.67986
-0.71833
-0.74058
-0.7656
-0.83143
-0.92728
-0.98792
-1.065
-1.055
-1.0778
-0.60901
0.076537
0.80711
1.2679
1.2883
1.1853
1.126
1.0996
1.1062
1.022
0.83552
0.51343
0.13264
-0.1964
-0.45416
-0.62654
-0.77434
-0.88636
-0.98195
-1.0499
-1.1041
-1.1334
-1.1459
-1.1417
-1.1347
-1.0996
-1.0645
-1.0293
-0.99966
-0.9925
-0.98816
-0.96686
-1.0984
-1.355
-1.3483
-0.59409
0.31596
1.1545
1.2589
1.1692
1.2539
1.359
1.427
1.2739
1.0022
0.66916
0.30043
0.011573
-0.2608
-0.45857
-0.61627
-0.76283
-0.84572
-0.92597
-0.94504
-0.95539
-0.94524
-0.94683
-0.99556
-1.0976
-1.2265
-1.3382
-1.3257
-1.3756
-0.69347
0.026834
0.91697
1.4123
1.3909
1.3004
1.2667
1.2811
1.2472
1.0922
0.78205
0.38265
-0.0030427
-0.29571
-0.56812
-0.70694
-0.84017
-0.93398
-1.0128
-1.1197
-1.159
-1.1953
-1.176
-1.1691
-1.1309
-1.1051
-1.1387
-1.1316
-1.1936
-1.2276
-1.3027
-1.6373
-1.0579
-0.33646
0.74432
1.428
1.4407
1.4277
1.4853
1.5689
1.582
1.3917
1.0873
0.63238
0.23401
-0.10423
-0.39172
-0.58561
-0.77052
-0.8971
-1.0144
-1.0463
-1.1247
-1.1571
-1.1896
-1.2855
-1.3652
-1.4987
-1.549
-1.5189
-0.99022
-0.097897
0.7545
1.3632
1.3901
1.3558
1.2667
1.2628
1.2485
1.1792
0.98201
0.62854
0.16961
-0.20816
-0.54246
-0.7563
-0.93269
-1.0294
-1.1721
-1.2416
-1.3114
-1.325
-1.3387
-1.3559
-1.3377
-1.3229
-1.2723
-1.2358
-1.2278
-1.2486
-1.3271
-1.4349
-1.4672
-1.2345
-0.35661
0.64918
1.5754
1.8024
1.777
1.7957
1.8771
1.8701
1.7668
1.47
1.064
0.60027
0.21672
-0.10485
-0.35275
-0.57915
-0.7726
-0.9102
-1.0219
-1.0696
-1.125
-1.154
-1.1755
-1.1588
-1.1037
-1.1022
-1.1005
-1.1298
-1.1205
-1.2427
-1.4779
-1.7413
-0.80614
0.33557
1.6107
2.0525
1.9584
1.9306
2.0091
2.0563
2.0284
1.7707
1.3414
0.7872
0.33854
-0.02394
-0.36373
-0.62061
-0.8503
-1.0366
-1.147
-1.2094
-1.2437
-1.2579
-1.2721
-1.3106
-1.4387
-1.6078
-1.6429
-1.7149
-1.7134
-1.2941
-0.38962
0.72287
1.6617
1.8823
1.819
1.7884
1.8198
1.8139
1.7499
1.4698
0.98529
0.49118
-0.0041676
-0.3797
-0.63498
-0.89083
-1.0761
-1.2282
-1.3806
-1.4492
-1.5222
-1.608
-1.6559
-1.666
-1.6211
-1.5465
-1.5014
-1.5366
-1.6904
-1.6833
-1.672
-1.1424
-0.1955
0.77408
1.6386
1.8697
1.8667
1.902
1.9501
1.9811
1.8242
1.4746
1.005
0.47064
0.029964
-0.29548
-0.57407
-0.80143
-0.99036
-1.1365
-1.2656
-1.4419
-1.5581
-1.5112
-1.5416
-1.5204
-1.5464
-1.624
-1.5253
-1.5512
-1.4868
-1.4568
-1.431
-1.7404
-2.256
-1.405
-0.38667
1.2243
1.8899
1.8638
1.7819
1.9317
2.0557
2.0895
1.8959
1.4579
0.91731
0.43706
0.047116
-0.26117
-0.51784
-0.8042
-0.99194
-1.1367
-1.213
-1.2422
-1.2543
-1.2877
-1.3252
-1.3542
-1.4001
-1.4884
-1.6064
-1.6477
-1.8119
-2.0607
-2.1607
-1.2488
-0.10151
1.1284
1.5243
1.4385
1.3824
1.3559
1.4219
1.349
1.142
0.74236
0.27652
-0.092077
-0.48498
-0.72249
-0.95113
-1.1792
-1.3236
-1.4343
-1.5198
-1.6175
-1.6859
-1.7624
-1.7809
-1.7291
-1.6568
-1.6135
-1.5744
-1.5518
-1.4882
-1.6704
-2.0075
-1.9271
-0.92143
0.42342
1.5286
1.7375
1.5161
1.526
1.6733
1.7878
1.8214
1.5853
1.1932
0.75009
0.38047
0.0039987
-0.22358
-0.41057
-0.6487
-0.74699
-0.90446
-0.93863
-0.9806
-1.0461
-1.0995
-1.1095
-1.1155
-1.1293
-1.1666
-1.235
-1.3187
-1.4606
-1.8352
-1.1218
-0.25574
1.0289
1.7415
1.7578
1.6546
1.6018
1.6143
1.5924
1.4711
1.171
0.78055
0.31927
-0.041735
-0.34844
-0.57087
-0.77742
-0.97192
-1.1168
-1.2312
-1.2815
-1.3577
-1.4038
-1.4199
-1.3914
-1.3257
-1.29
-1.2581
-1.2706
-1.213
-1.1483
-1.1499
-1.3642
-1.8414
-1.1292
-0.24805
1.0851
1.7229
1.6291
1.5755
1.6559
1.801
1.8482
1.7227
1.4181
1.0393
0.6404
0.32857
0.042783
-0.16016
-0.36596
-0.51784
-0.694
-0.77765
-0.80809
-0.83138
-0.84756
-0.8672
-0.8973
-0.9028
-0.93624
-0.99747
-1.0376
-1.1576
-1.2667
-1.5072
-0.65381
0.16578
1.2517
1.7007
1.6121
1.4998
1.4597
1.4472
1.4279
1.2586
0.97399
0.59167
0.23427
-0.13561
-0.41299
-0.53407
-0.68517
-0.75159
-0.91878
-1.025
-1.1041
-1.1662
-1.1947
-1.2231
-1.2381
-1.2198
-1.2048
-1.1766
-1.175
-1.1437
-1.1024
-1.2002
-1.4661
-1.7149
-0.8498
0.055925
1.127
1.375
1.2324
1.2113
1.3145
1.3946
1.3996
1.2481
0.96674
0.63727
0.32803
0.074619
-0.13287
-0.32698
-0.50774
-0.6526
-0.75199
-0.78993
-0.81492
-0.85274
-0.88407
-0.90572
-0.90809
-0.92329
-0.95769
-0.98884
-1.0423
-1.1437
-1.2991
-1.2055
-0.48756
0.44896
1.3013
1.4815
1.3819
1.3015
1.2911
1.3282
1.2861
1.1364
0.84465
0.49318
0.16745
-0.091566
-0.29978
-0.45729
-0.61147
-0.73083
-0.85637
-0.94403
-1.0222
-1.0845
-1.1217
-1.1306
-1.1113
-1.0606
-1.0413
-1.0346
-1.0123
-0.98371
-0.98336
-1.2022
-1.5836
-0.95111
-0.2033
0.92241
1.4067
1.3188
1.2248
1.2714
1.3773
1.452
1.383
1.1581
0.87076
0.48993
0.16849
0.0031199
-0.16534
-0.34625
-0.44605
-0.64253
-0.69554
-0.73608
-0.76415
-0.81095
-0.79538
-0.83285
-0.82978
-0.86416
-0.87359
-0.89553
-0.95181
-1.0456
-1.3079
-0.9772
-0.36534
0.61839
1.2776
1.356
1.2501
1.2098
1.1726
1.201
1.1325
0.98267
0.67306
0.33821
0.046989
-0.17549
-0.35738
-0.51745
-0.67452
-0.79406
-0.88231
-0.95809
-1.0402
-1.1036
-1.1356
-1.1991
-1.1556
-1.1719
-1.1347
-1.1353
-1.1454
-1.105
-1.0519
-1.141
-1.4358
-1.5886
-0.7663
0.16159
1.1541
1.3103
1.1683
1.1087
1.2271
1.2725
1.3084
1.1692
0.91499
0.603
0.2682
0.041539
-0.19826
-0.33283
-0.50284
-0.65389
-0.73142
-0.82512
-0.85473
-0.88439
-0.91411
-0.91811
-1.0124
-1.094
-1.0723
-1.0701
-1.0419
-1.2048
-1.3615
-1.5185
-0.81842
-0.058514
0.84926
1.153
1.0302
0.92352
0.85909
0.86975
0.91644
0.79614
0.57393
0.26263
0.0032863
-0.2862
-0.44127
-0.62633
-0.76889
-0.90844
-1.0086
-1.0958
-1.1069
-1.1877
-1.2255
-1.2867
-1.2881
-1.2428
-1.1842
-1.1554
-1.13
-1.0944
-1.0152
-1.0398
-1.2492
-1.6002
-1.0568
-0.27966
0.86355
1.415
1.3253
1.2084
1.2403
1.3197
1.4096
1.3874
1.1915
0.91684
0.56302
0.26647
0.0034202
-0.15066
-0.32568
-0.4702
-0.62882
-0.72243
-0.76461
-0.81032
-0.83198
-0.8848
-0.89275
-0.90418
-0.94339
-0.97226
-1.0255
-1.0581
-1.1603
-1.3256
-1.3796
-0.60841
0.30806
1.2301
1.4772
1.3875
1.2907
1.2604
1.2725
1.2951
1.2082
0.99031
0.68338
0.36512
0.095817
-0.085266
-0.24897
-0.39879
-0.5133
-0.61735
-0.74307
-0.80825
-0.90938
-0.93187
-0.98669
-0.98775
-0.97802
-0.96826
-0.89722
-0.92702
-0.87383
-0.8422
-0.83945
-1.0613
-1.4721
-1.0816
-0.22162
1.0401
1.7546
1.6908
1.4955
1.4896
1.5751
1.6644
1.6624
1.4733
1.1519
0.78578
0.47411
0.18761
0.014728
-0.16215
-0.36147
-0.50577
-0.63553
-0.68046
-0.73656
-0.78904
-0.85643
-0.92393
-0.95068
-0.96632
-1.0043
-1.046
-1.0804
-1.2378
-1.4216
-1.6018
-0.72865
0.2281
1.3172
1.6739
1.5851
1.4475
1.3922
1.4006
1.4203
1.3536
1.1061
0.76424
0.39177
0.079156
-0.17726
-0.3887
-0.56639
-0.75184
-0.89212
-1.025
-1.1277
-1.2419
-1.3107
-1.3303
-1.3916
-1.3505
-1.3284
-1.2796
-1.2346
-1.2351
-1.2129
-1.103
-1.2785
-1.5912
-1.8964
-0.92568
0.13719
1.3456
1.6206
1.4152
1.3126
1.3626
1.4699
1.5314
1.4172
1.1577
0.80257
0.46636
0.21411
0.019121
-0.17977
-0.33283
-0.48212
-0.63527
-0.70426
-0.74264
-0.76571
-0.81557
-0.85012
-0.88467
-0.8924
-0.88863
-0.90784
-0.93853
-0.96922
-1.0918
-1.3064
-1.5209
-0.72024
0.21454
1.3217
1.743
1.7161
1.5896
1.5282
1.5205
1.5127
1.4742
1.2597
0.95325
0.61245
0.26026
0.01148
-0.20279
-0.40168
-0.56225
-0.70364
-0.8335
-0.9289
-1.0204
-1.089
-1.146
-1.1725
-1.1378
-1.107
-1.0724
-1.0759
-1.0641
-1.0143
-0.9949
-1.2499
-1.7143
-1.3976
-0.51395
0.81062
1.6815
1.7228
1.5397
1.5315
1.5955
1.6936
1.7082
1.5481
1.2403
0.9137
0.58361
0.32199
0.10223
-0.037848
-0.17781
-0.27226
-0.39308
-0.47601
-0.51733
-0.57747
-0.61115
-0.71266
-0.74623
-0.77222
-0.78689
-0.82413
-0.83499
-0.86839
-0.78527
-0.88625
-1.2086
-1.6843
-1.0423
-0.16488
1.0973
1.6282
1.5226
1.3909
1.3751
1.4304
1.4781
1.4325
1.2005
0.85699
0.51389
0.19725
-0.022317
-0.19701
-0.35293
-0.50866
-0.65306
-0.76021
-0.85611
-0.95189
-1.029
-1.1024
-1.172
-1.1971
-1.189
-1.2104
-1.265
-1.3711
-1.4291
-1.3914
-1.3096
-0.49632
0.18738
0.98405
1.1743
1.1112
1.0812
1.1647
1.2738
1.3169
1.221
0.94624
0.60974
0.25542
-0.0036466
-0.21137
-0.38605
-0.5496
-0.71658
-0.8579
-0.97362
-1.0601
-1.1429
-1.2075
-1.2684
-1.3074
-1.3102
-1.3022
-1.2616
-1.2464
-1.2348
-1.1872
-1.1251
-1.2866
-1.6389
-1.8035
-0.96775
0.10786
-0.68273
